9
8
7
19
18
20
2
15
10
9
26
23
4
11
16
17
18
14
2
24
20
7
19
21
15
23
10
9
18
4
6
11
20
2
8
16
14
12
24
23
15
21
25
11
19
18
7
10
4
12
2
20
17
15
9
5
3
16
11
23
26
18
2
8
20
19
4
14
10
6
7
11
18
24
21
25
16
23
2
4
12
15
11
20
10
9
2
22
23
18
17
19
14
16
11
24
4
7
2
15
20
16
10
8
21
26
4
9
18
23
11
6
3
12
19
20
2
10
14
7
16
18
23
15
24
13
9
4
25
20
21
17
11
2
14
8
10
18
23
6
16
15
5
26
24
4
7
20
10
19
16
18
2
9
3
12
11
14
23
20
8
4
7
21
18
16
17
10
2
9
24
19
15
14
20
23
4
18
2
11
12
6
26
8
16
10
15
4
23
24
21
11
20
25
7
22
3
9
18
2
16
10
19
15
20
6
11
17
14
4
2
23
16
24
7
10
12
21
18
2
20
15
8
23
11
9
26
4
20
5
16
19
10
14
24
17
3
2
18
6
23
15
21
10
14
7
12
20
16
4
2
15
25
19
11
10
9
18
8
23
7
24
14
2
16
6
15
10
20
18
9
23
2
3
21
26
12
4
19
14
8
16
11
2
18
20
10
23
7
5
2
15
18
21
22
9
4
23
24
13
12
16
20
11
14
2
19
18
6
23
4
17
21
10
16
3
7
9
15
23
1
2
24
11
20
14
18
8
4
19
10
15
25
23
26
16
5
2
20
18
7
9
23
12
21
11
4
15
20
6
24
3
18
16
19
9
2
10
14
7
26
17
18
20
16
