1 1
2 2
3 2
4 2
5 3
6 3
7 3
8 3
9 3
10 4
11 4
12 4
13 4
14 4
15 4
16 4
17 5
18 5
19 5
20 5
21 5
22 5
23 5
24 5
25 5
26 6
27 6
28 6
29 6
30 6
31 6
32 6
33 6
34 6
35 6
36 6
37 7
38 7
39 7
40 7
41 7
42 7
43 7
44 7
45 7
46 7
47 7
48 7
49 7
50 8
51 8
52 8
53 8
54 8
55 8
56 8
57 8
58 8
59 8
60 8
61 8
62 8
63 8
64 8
65 9
66 9
67 9
68 9
69 9
70 9
71 9
72 9
73 9
74 9
75 9
76 9
77 9
78 9
79 9
80 9
81 9
82 10
83 10
84 10
85 10
86 10
87 10
88 10
89 10
90 10
91 10
92 10
93 10
94 10
95 10
96 10
97 10
98 10
99 10
100 10
101 11
