2187
0 0
0 1
1 1
0 3
0 4
1 4
3 3
3 4
4 4
0 9
0 10
1 10
0 12
0 13
1 13
3 12
3 13
4 13
9 9
9 10
10 10
9 12
9 13
10 13
12 12
12 13
13 13
0 27
0 28
1 28
0 30
0 31
1 31
3 30
3 31
4 31
0 36
0 37
1 37
0 39
0 40
1 40
3 39
3 40
4 40
9 36
9 37
10 37
9 39
9 40
10 40
12 39
12 40
13 40
27 27
27 28
28 28
27 30
27 31
28 31
30 30
30 31
31 31
27 36
27 37
28 37
27 39
27 40
28 40
30 39
30 40
31 40
36 36
36 37
37 37
36 39
36 40
37 40
39 39
39 40
40 40
0 81
0 82
1 82
0 84
0 85
1 85
3 84
3 85
4 85
0 90
0 91
1 91
0 93
0 94
1 94
3 93
3 94
4 94
9 90
9 91
10 91
9 93
9 94
10 94
12 93
12 94
13 94
0 108
0 109
1 109
0 111
0 112
1 112
3 111
3 112
4 112
0 117
0 118
1 118
0 120
0 121
1 121
3 120
3 121
4 121
9 117
9 118
10 118
9 120
9 121
10 121
12 120
12 121
13 121
27 108
27 109
28 109
27 111
27 112
28 112
30 111
30 112
31 112
27 117
27 118
28 118
27 120
27 121
28 121
30 120
30 121
31 121
36 117
36 118
37 118
36 120
36 121
37 121
39 120
39 121
40 121
81 81
81 82
82 82
81 84
81 85
82 85
84 84
84 85
85 85
81 90
81 91
82 91
81 93
81 94
82 94
84 93
84 94
85 94
90 90
90 91
91 91
90 93
90 94
91 94
93 93
93 94
94 94
81 108
81 109
82 109
81 111
81 112
82 112
84 111
84 112
85 112
81 117
81 118
82 118
81 120
81 121
82 121
84 120
84 121
85 121
90 117
90 118
91 118
90 120
90 121
91 121
93 120
93 121
94 121
108 108
108 109
109 109
108 111
108 112
109 112
111 111
111 112
112 112
108 117
108 118
109 118
108 120
108 121
109 121
111 120
111 121
112 121
117 117
117 118
118 118
117 120
117 121
118 121
120 120
120 121
121 121
0 243
0 244
1 244
0 246
0 247
1 247
3 246
3 247
4 247
0 252
0 253
1 253
0 255
0 256
1 256
3 255
3 256
4 256
9 252
9 253
10 253
9 255
9 256
10 256
12 255
12 256
13 256
0 270
0 271
1 271
0 273
0 274
1 274
3 273
3 274
4 274
0 279
0 280
1 280
0 282
0 283
1 283
3 282
3 283
4 283
9 279
9 280
10 280
9 282
9 283
10 283
12 282
12 283
13 283
27 270
27 271
28 271
27 273
27 274
28 274
30 273
30 274
31 274
27 279
27 280
28 280
27 282
27 283
28 283
30 282
30 283
31 283
36 279
36 280
37 280
36 282
36 283
37 283
39 282
39 283
40 283
0 324
0 325
1 325
0 327
0 328
1 328
3 327
3 328
4 328
0 333
0 334
1 334
0 336
0 337
1 337
3 336
3 337
4 337
9 333
9 334
10 334
9 336
9 337
10 337
12 336
12 337
13 337
0 351
0 352
1 352
0 354
0 355
1 355
3 354
3 355
4 355
0 360
0 361
1 361
0 363
0 364
1 364
3 363
3 364
4 364
9 360
9 361
10 361
9 363
9 364
10 364
12 363
12 364
13 364
27 351
27 352
28 352
27 354
27 355
28 355
30 354
30 355
31 355
27 360
27 361
28 361
27 363
27 364
28 364
30 363
30 364
31 364
36 360
36 361
37 361
36 363
36 364
37 364
39 363
39 364
40 364
81 324
81 325
82 325
81 327
81 328
82 328
84 327
84 328
85 328
81 333
81 334
82 334
81 336
81 337
82 337
84 336
84 337
85 337
90 333
90 334
91 334
90 336
90 337
91 337
93 336
93 337
94 337
81 351
81 352
82 352
81 354
81 355
82 355
84 354
84 355
85 355
81 360
81 361
82 361
81 363
81 364
82 364
84 363
84 364
85 364
90 360
90 361
91 361
90 363
90 364
91 364
93 363
93 364
94 364
108 351
108 352
109 352
108 354
108 355
109 355
111 354
111 355
112 355
108 360
108 361
109 361
108 363
108 364
109 364
111 363
111 364
112 364
117 360
117 361
118 361
117 363
117 364
118 364
120 363
120 364
121 364
243 243
243 244
244 244
243 246
243 247
244 247
246 246
246 247
247 247
243 252
243 253
244 253
243 255
243 256
244 256
246 255
246 256
247 256
252 252
252 253
253 253
252 255
252 256
253 256
255 255
255 256
256 256
243 270
243 271
244 271
243 273
243 274
244 274
246 273
246 274
247 274
243 279
243 280
244 280
243 282
243 283
244 283
246 282
246 283
247 283
252 279
252 280
253 280
252 282
252 283
253 283
255 282
255 283
256 283
270 270
270 271
271 271
270 273
270 274
271 274
273 273
273 274
274 274
270 279
270 280
271 280
270 282
270 283
271 283
273 282
273 283
274 283
279 279
279 280
280 280
279 282
279 283
280 283
282 282
282 283
283 283
243 324
243 325
244 325
243 327
243 328
244 328
246 327
246 328
247 328
243 333
243 334
244 334
243 336
243 337
244 337
246 336
246 337
247 337
252 333
252 334
253 334
252 336
252 337
253 337
255 336
255 337
256 337
243 351
243 352
244 352
243 354
243 355
244 355
246 354
246 355
247 355
243 360
243 361
244 361
243 363
243 364
244 364
246 363
246 364
247 364
252 360
252 361
253 361
252 363
252 364
253 364
255 363
255 364
256 364
270 351
270 352
271 352
270 354
270 355
271 355
273 354
273 355
274 355
270 360
270 361
271 361
270 363
270 364
271 364
273 363
273 364
274 364
279 360
279 361
280 361
279 363
279 364
280 364
282 363
282 364
283 364
324 324
324 325
325 325
324 327
324 328
325 328
327 327
327 328
328 328
324 333
324 334
325 334
324 336
324 337
325 337
327 336
327 337
328 337
333 333
333 334
334 334
333 336
333 337
334 337
336 336
336 337
337 337
324 351
324 352
325 352
324 354
324 355
325 355
327 354
327 355
328 355
324 360
324 361
325 361
324 363
324 364
325 364
327 363
327 364
328 364
333 360
333 361
334 361
333 363
333 364
334 364
336 363
336 364
337 364
351 351
351 352
352 352
351 354
351 355
352 355
354 354
354 355
355 355
351 360
351 361
352 361
351 363
351 364
352 364
354 363
354 364
355 364
360 360
360 361
361 361
360 363
360 364
361 364
363 363
363 364
364 364
0 729
0 730
1 730
0 732
0 733
1 733
3 732
3 733
4 733
0 738
0 739
1 739
0 741
0 742
1 742
3 741
3 742
4 742
9 738
9 739
10 739
9 741
9 742
10 742
12 741
12 742
13 742
0 756
0 757
1 757
0 759
0 760
1 760
3 759
3 760
4 760
0 765
0 766
1 766
0 768
0 769
1 769
3 768
3 769
4 769
9 765
9 766
10 766
9 768
9 769
10 769
12 768
12 769
13 769
27 756
27 757
28 757
27 759
27 760
28 760
30 759
30 760
31 760
27 765
27 766
28 766
27 768
27 769
28 769
30 768
30 769
31 769
36 765
36 766
37 766
36 768
36 769
37 769
39 768
39 769
40 769
0 810
0 811
1 811
0 813
0 814
1 814
3 813
3 814
4 814
0 819
0 820
1 820
0 822
0 823
1 823
3 822
3 823
4 823
9 819
9 820
10 820
9 822
9 823
10 823
12 822
12 823
13 823
0 837
0 838
1 838
0 840
0 841
1 841
3 840
3 841
4 841
0 846
0 847
1 847
0 849
0 850
1 850
3 849
3 850
4 850
9 846
9 847
10 847
9 849
9 850
10 850
12 849
12 850
13 850
27 837
27 838
28 838
27 840
27 841
28 841
30 840
30 841
31 841
27 846
27 847
28 847
27 849
27 850
28 850
30 849
30 850
31 850
36 846
36 847
37 847
36 849
36 850
37 850
39 849
39 850
40 850
81 810
81 811
82 811
81 813
81 814
82 814
84 813
84 814
85 814
81 819
81 820
82 820
81 822
81 823
82 823
84 822
84 823
85 823
90 819
90 820
91 820
90 822
90 823
91 823
93 822
93 823
94 823
81 837
81 838
82 838
81 840
81 841
82 841
84 840
84 841
85 841
81 846
81 847
82 847
81 849
81 850
82 850
84 849
84 850
85 850
90 846
90 847
91 847
90 849
90 850
91 850
93 849
93 850
94 850
108 837
108 838
109 838
108 840
108 841
109 841
111 840
111 841
112 841
108 846
108 847
109 847
108 849
108 850
109 850
111 849
111 850
112 850
117 846
117 847
118 847
117 849
117 850
118 850
120 849
120 850
121 850
0 972
0 973
1 973
0 975
0 976
1 976
3 975
3 976
4 976
0 981
0 982
1 982
0 984
0 985
1 985
3 984
3 985
4 985
9 981
9 982
10 982
9 984
9 985
10 985
12 984
12 985
13 985
0 999
0 1000
1 1000
0 1002
0 1003
1 1003
3 1002
3 1003
4 1003
0 1008
0 1009
1 1009
0 1011
0 1012
1 1012
3 1011
3 1012
4 1012
9 1008
9 1009
10 1009
9 1011
9 1012
10 1012
12 1011
12 1012
13 1012
27 999
27 1000
28 1000
27 1002
27 1003
28 1003
30 1002
30 1003
31 1003
27 1008
27 1009
28 1009
27 1011
27 1012
28 1012
30 1011
30 1012
31 1012
36 1008
36 1009
37 1009
36 1011
36 1012
37 1012
39 1011
39 1012
40 1012
0 1053
0 1054
1 1054
0 1056
0 1057
1 1057
3 1056
3 1057
4 1057
0 1062
0 1063
1 1063
0 1065
0 1066
1 1066
3 1065
3 1066
4 1066
9 1062
9 1063
10 1063
9 1065
9 1066
10 1066
12 1065
12 1066
13 1066
0 1080
0 1081
1 1081
0 1083
0 1084
1 1084
3 1083
3 1084
4 1084
0 1089
0 1090
1 1090
0 1092
0 1093
1 1093
3 1092
3 1093
4 1093
9 1089
9 1090
10 1090
9 1092
9 1093
10 1093
12 1092
12 1093
13 1093
27 1080
27 1081
28 1081
27 1083
27 1084
28 1084
30 1083
30 1084
31 1084
27 1089
27 1090
28 1090
27 1092
27 1093
28 1093
30 1092
30 1093
31 1093
36 1089
36 1090
37 1090
36 1092
36 1093
37 1093
39 1092
39 1093
40 1093
81 1053
81 1054
82 1054
81 1056
81 1057
82 1057
84 1056
84 1057
85 1057
81 1062
81 1063
82 1063
81 1065
81 1066
82 1066
84 1065
84 1066
85 1066
90 1062
90 1063
91 1063
90 1065
90 1066
91 1066
93 1065
93 1066
94 1066
81 1080
81 1081
82 1081
81 1083
81 1084
82 1084
84 1083
84 1084
85 1084
81 1089
81 1090
82 1090
81 1092
81 1093
82 1093
84 1092
84 1093
85 1093
90 1089
90 1090
91 1090
90 1092
90 1093
91 1093
93 1092
93 1093
94 1093
108 1080
108 1081
109 1081
108 1083
108 1084
109 1084
111 1083
111 1084
112 1084
108 1089
108 1090
109 1090
108 1092
108 1093
109 1093
111 1092
111 1093
112 1093
117 1089
117 1090
118 1090
117 1092
117 1093
118 1093
120 1092
120 1093
121 1093
243 972
243 973
244 973
243 975
243 976
244 976
246 975
246 976
247 976
243 981
243 982
244 982
243 984
243 985
244 985
246 984
246 985
247 985
252 981
252 982
253 982
252 984
252 985
253 985
255 984
255 985
256 985
243 999
243 1000
244 1000
243 1002
243 1003
244 1003
246 1002
246 1003
247 1003
243 1008
243 1009
244 1009
243 1011
243 1012
244 1012
246 1011
246 1012
247 1012
252 1008
252 1009
253 1009
252 1011
252 1012
253 1012
255 1011
255 1012
256 1012
270 999
270 1000
271 1000
270 1002
270 1003
271 1003
273 1002
273 1003
274 1003
270 1008
270 1009
271 1009
270 1011
270 1012
271 1012
273 1011
273 1012
274 1012
279 1008
279 1009
280 1009
279 1011
279 1012
280 1012
282 1011
282 1012
283 1012
243 1053
243 1054
244 1054
243 1056
243 1057
244 1057
246 1056
246 1057
247 1057
243 1062
243 1063
244 1063
243 1065
243 1066
244 1066
246 1065
246 1066
247 1066
252 1062
252 1063
253 1063
252 1065
252 1066
253 1066
255 1065
255 1066
256 1066
243 1080
243 1081
244 1081
243 1083
243 1084
244 1084
246 1083
246 1084
247 1084
243 1089
243 1090
244 1090
243 1092
243 1093
244 1093
246 1092
246 1093
247 1093
252 1089
252 1090
253 1090
252 1092
252 1093
253 1093
255 1092
255 1093
256 1093
270 1080
270 1081
271 1081
270 1083
270 1084
271 1084
273 1083
273 1084
274 1084
270 1089
270 1090
271 1090
270 1092
270 1093
271 1093
273 1092
273 1093
274 1093
279 1089
279 1090
280 1090
279 1092
279 1093
280 1093
282 1092
282 1093
283 1093
324 1053
324 1054
325 1054
324 1056
324 1057
325 1057
327 1056
327 1057
328 1057
324 1062
324 1063
325 1063
324 1065
324 1066
325 1066
327 1065
327 1066
328 1066
333 1062
333 1063
334 1063
333 1065
333 1066
334 1066
336 1065
336 1066
337 1066
324 1080
324 1081
325 1081
324 1083
324 1084
325 1084
327 1083
327 1084
328 1084
324 1089
324 1090
325 1090
324 1092
324 1093
325 1093
327 1092
327 1093
328 1093
333 1089
333 1090
334 1090
333 1092
333 1093
334 1093
336 1092
336 1093
337 1093
351 1080
351 1081
352 1081
351 1083
351 1084
352 1084
354 1083
354 1084
355 1084
351 1089
351 1090
352 1090
351 1092
351 1093
352 1093
354 1092
354 1093
355 1093
360 1089
360 1090
361 1090
360 1092
360 1093
361 1093
363 1092
363 1093
364 1093
729 729
729 730
730 730
729 732
729 733
730 733
732 732
732 733
733 733
729 738
729 739
730 739
729 741
729 742
730 742
732 741
732 742
733 742
738 738
738 739
739 739
738 741
738 742
739 742
741 741
741 742
742 742
729 756
729 757
730 757
729 759
729 760
730 760
732 759
732 760
733 760
729 765
729 766
730 766
729 768
729 769
730 769
732 768
732 769
733 769
738 765
738 766
739 766
738 768
738 769
739 769
741 768
741 769
742 769
756 756
756 757
757 757
756 759
756 760
757 760
759 759
759 760
760 760
756 765
756 766
757 766
756 768
756 769
757 769
759 768
759 769
760 769
765 765
765 766
766 766
765 768
765 769
766 769
768 768
768 769
769 769
729 810
729 811
730 811
729 813
729 814
730 814
732 813
732 814
733 814
729 819
729 820
730 820
729 822
729 823
730 823
732 822
732 823
733 823
738 819
738 820
739 820
738 822
738 823
739 823
741 822
741 823
742 823
729 837
729 838
730 838
729 840
729 841
730 841
732 840
732 841
733 841
729 846
729 847
730 847
729 849
729 850
730 850
732 849
732 850
733 850
738 846
738 847
739 847
738 849
738 850
739 850
741 849
741 850
742 850
756 837
756 838
757 838
756 840
756 841
757 841
759 840
759 841
760 841
756 846
756 847
757 847
756 849
756 850
757 850
759 849
759 850
760 850
765 846
765 847
766 847
765 849
765 850
766 850
768 849
768 850
769 850
810 810
810 811
811 811
810 813
810 814
811 814
813 813
813 814
814 814
810 819
810 820
811 820
810 822
810 823
811 823
813 822
813 823
814 823
819 819
819 820
820 820
819 822
819 823
820 823
822 822
822 823
823 823
810 837
810 838
811 838
810 840
810 841
811 841
813 840
813 841
814 841
810 846
810 847
811 847
810 849
810 850
811 850
813 849
813 850
814 850
819 846
819 847
820 847
819 849
819 850
820 850
822 849
822 850
823 850
837 837
837 838
838 838
837 840
837 841
838 841
840 840
840 841
841 841
837 846
837 847
838 847
837 849
837 850
838 850
840 849
840 850
841 850
846 846
846 847
847 847
846 849
846 850
847 850
849 849
849 850
850 850
729 972
729 973
730 973
729 975
729 976
730 976
732 975
732 976
733 976
729 981
729 982
730 982
729 984
729 985
730 985
732 984
732 985
733 985
738 981
738 982
739 982
738 984
738 985
739 985
741 984
741 985
742 985
729 999
729 1000
730 1000
729 1002
729 1003
730 1003
732 1002
732 1003
733 1003
729 1008
729 1009
730 1009
729 1011
729 1012
730 1012
732 1011
732 1012
733 1012
738 1008
738 1009
739 1009
738 1011
738 1012
739 1012
741 1011
741 1012
742 1012
756 999
756 1000
757 1000
756 1002
756 1003
757 1003
759 1002
759 1003
760 1003
756 1008
756 1009
757 1009
756 1011
756 1012
757 1012
759 1011
759 1012
760 1012
765 1008
765 1009
766 1009
765 1011
765 1012
766 1012
768 1011
768 1012
769 1012
729 1053
729 1054
730 1054
729 1056
729 1057
730 1057
732 1056
732 1057
733 1057
729 1062
729 1063
730 1063
729 1065
729 1066
730 1066
732 1065
732 1066
733 1066
738 1062
738 1063
739 1063
738 1065
738 1066
739 1066
741 1065
741 1066
742 1066
729 1080
729 1081
730 1081
729 1083
729 1084
730 1084
732 1083
732 1084
733 1084
729 1089
729 1090
730 1090
729 1092
729 1093
730 1093
732 1092
732 1093
733 1093
738 1089
738 1090
739 1090
738 1092
738 1093
739 1093
741 1092
741 1093
742 1093
756 1080
756 1081
757 1081
756 1083
756 1084
757 1084
759 1083
759 1084
760 1084
756 1089
756 1090
757 1090
756 1092
756 1093
757 1093
759 1092
759 1093
760 1093
765 1089
765 1090
766 1090
765 1092
765 1093
766 1093
768 1092
768 1093
769 1093
810 1053
810 1054
811 1054
810 1056
810 1057
811 1057
813 1056
813 1057
814 1057
810 1062
810 1063
811 1063
810 1065
810 1066
811 1066
813 1065
813 1066
814 1066
819 1062
819 1063
820 1063
819 1065
819 1066
820 1066
822 1065
822 1066
823 1066
810 1080
810 1081
811 1081
810 1083
810 1084
811 1084
813 1083
813 1084
814 1084
810 1089
810 1090
811 1090
810 1092
810 1093
811 1093
813 1092
813 1093
814 1093
819 1089
819 1090
820 1090
819 1092
819 1093
820 1093
822 1092
822 1093
823 1093
837 1080
837 1081
838 1081
837 1083
837 1084
838 1084
840 1083
840 1084
841 1084
837 1089
837 1090
838 1090
837 1092
837 1093
838 1093
840 1092
840 1093
841 1093
846 1089
846 1090
847 1090
846 1092
846 1093
847 1093
849 1092
849 1093
850 1093
972 972
972 973
973 973
972 975
972 976
973 976
975 975
975 976
976 976
972 981
972 982
973 982
972 984
972 985
973 985
975 984
975 985
976 985
981 981
981 982
982 982
981 984
981 985
982 985
984 984
984 985
985 985
972 999
972 1000
973 1000
972 1002
972 1003
973 1003
975 1002
975 1003
976 1003
972 1008
972 1009
973 1009
972 1011
972 1012
973 1012
975 1011
975 1012
976 1012
981 1008
981 1009
982 1009
981 1011
981 1012
982 1012
984 1011
984 1012
985 1012
999 999
999 1000
1000 1000
999 1002
999 1003
1000 1003
1002 1002
1002 1003
1003 1003
999 1008
999 1009
1000 1009
999 1011
999 1012
1000 1012
1002 1011
1002 1012
1003 1012
1008 1008
1008 1009
1009 1009
1008 1011
1008 1012
1009 1012
1011 1011
1011 1012
1012 1012
972 1053
972 1054
973 1054
972 1056
972 1057
973 1057
975 1056
975 1057
976 1057
972 1062
972 1063
973 1063
972 1065
972 1066
973 1066
975 1065
975 1066
976 1066
981 1062
981 1063
982 1063
981 1065
981 1066
982 1066
984 1065
984 1066
985 1066
972 1080
972 1081
973 1081
972 1083
972 1084
973 1084
975 1083
975 1084
976 1084
972 1089
972 1090
973 1090
972 1092
972 1093
973 1093
975 1092
975 1093
976 1093
981 1089
981 1090
982 1090
981 1092
981 1093
982 1093
984 1092
984 1093
985 1093
999 1080
999 1081
1000 1081
999 1083
999 1084
1000 1084
1002 1083
1002 1084
1003 1084
999 1089
999 1090
1000 1090
999 1092
999 1093
1000 1093
1002 1092
1002 1093
1003 1093
1008 1089
1008 1090
1009 1090
1008 1092
1008 1093
1009 1093
1011 1092
1011 1093
1012 1093
1053 1053
1053 1054
1054 1054
1053 1056
1053 1057
1054 1057
1056 1056
1056 1057
1057 1057
1053 1062
1053 1063
1054 1063
1053 1065
1053 1066
1054 1066
1056 1065
1056 1066
1057 1066
1062 1062
1062 1063
1063 1063
1062 1065
1062 1066
1063 1066
1065 1065
1065 1066
1066 1066
1053 1080
1053 1081
1054 1081
1053 1083
1053 1084
1054 1084
1056 1083
1056 1084
1057 1084
1053 1089
1053 1090
1054 1090
1053 1092
1053 1093
1054 1093
1056 1092
1056 1093
1057 1093
1062 1089
1062 1090
1063 1090
1062 1092
1062 1093
1063 1093
1065 1092
1065 1093
1066 1093
1080 1080
1080 1081
1081 1081
1080 1083
1080 1084
1081 1084
1083 1083
1083 1084
1084 1084
1080 1089
1080 1090
1081 1090
1080 1092
1080 1093
1081 1093
1083 1092
1083 1093
1084 1093
1089 1089
1089 1090
1090 1090
1089 1092
1089 1093
1090 1093
1092 1092
1092 1093
1093 1093
