1000
-17 -89 61 149
-66 -13 22 250
95 -37 121 221
-49 72 156 65
51 -21 333 211
11 84 272 43
5 -79 318 78
-61 43 179 209
1 19 284 45
-12 60 327 261
94 -50 144 162
23 48 182 82
-57 -96 196 66
-52 10 16 210
25 -44 37 44
23 13 152 3
-86 -70 164 219
-59 42 41 285
-23 -24 103 322
-1 18 309 27
43 -88 245 229
-87 -65 279 302
48 -99 72 291
6 -29 92 103
-43 -86 31 84
59 -62 44 21
6 23 325 158
35 85 134 143
91 -2 61 109
-98 60 264 313
-84 62 199 23
16 67 39 276
49 7 308 186
-52 63 119 297
-12 52 20 82
-76 -38 47 265
18 -15 7 286
80 17 213 5
61 -87 142 49
26 -9 27 45
45 -66 170 302
63 79 103 315
62 -25 103 255
91 -4 162 154
10 -5 223 192
-24 -62 79 85
-62 18 132 41
5 -66 143 192
73 -85 203 99
-81 -17 79 168
-80 -85 32 339
-68 48 304 138
35 -95 17 328
90 83 110 5
-83 74 240 47
50 -12 67 147
-69 -82 73 211
44 86 222 151
61 0 331 256
93 -61 310 232
-17 30 35 64
14 -33 205 295
5 -33 316 261
53 -43 11 283
-63 -90 42 243
-57 -47 42 245
-87 53 99 71
-15 37 19 238
13 6 292 104
5 -60 193 137
-27 83 278 175
63 38 165 126
-11 60 187 144
84 66 207 283
-1 -8 176 284
41 -48 123 309
-60 -74 284 17
-33 -70 78 175
26 43 221 91
-67 1 26 259
2 -30 296 34
90 45 61 142
-53 -17 81 15
6 83 281 125
9 -76 265 97
15 -100 156 249
-90 66 135 330
-54 56 29 204
58 33 62 135
55 -89 93 233
-40 56 206 141
89 49 229 134
-21 -66 318 34
-98 11 131 25
-57 85 3 288
-30 -67 184 33
41 33 105 85
-92 8 310 199
-55 -57 155 235
27 -65 118 173
-64 -46 292 138
-24 -8 256 328
11 2 245 208
-7 -21 151 240
51 -76 119 163
-82 94 208 266
70 -14 97 63
12 91 124 339
-48 -53 253 13
90 53 159 162
15 5 78 174
4 -24 240 212
73 -47 13 320
-83 -68 95 286
17 -68 106 310
79 90 210 151
-90 -63 207 216
35 -85 44 148
-48 -100 159 175
82 97 282 178
-37 -67 172 168
23 10 36 228
91 79 114 65
-45 65 285 104
-95 -35 70 280
-9 55 260 98
-20 -30 263 218
-71 -65 280 157
73 -66 119 168
-39 56 95 310
80 -12 94 131
84 35 306 329
81 64 171 150
36 -22 321 166
63 71 158 284
91 -99 34 160
-85 9 201 248
11 32 311 186
12 -12 267 139
-37 -91 199 27
-98 -49 22 216
-43 12 261 82
-61 43 61 121
39 31 279 230
5 -75 14 127
-89 93 55 305
-3 -37 45 146
-48 -32 187 216
82 -39 135 33
-82 -98 308 338
29 60 76 183
75 66 276 55
-84 -88 129 126
-74 5 5 86
-82 -51 242 109
-59 -98 120 308
23 96 318 130
93 -31 24 72
23 3 32 167
-8 -57 41 52
49 -44 235 208
-15 -32 7 235
-27 -51 9 103
-4 95 105 206
68 -49 334 306
5 -70 214 150
2 -61 104 38
-15 16 41 240
70 0 231 143
76 -1 191 250
34 -99 130 149
-27 -38 25 107
-21 32 60 37
54 83 203 174
-36 -70 296 70
-26 77 224 165
-51 82 166 233
60 -71 5 215
94 -14 177 131
-47 -4 6 312
27 -51 259 175
20 48 139 157
-39 -1 289 19
9 33 63 265
-33 29 269 271
-91 -53 328 141
-35 77 315 140
76 71 299 129
-93 69 97 205
-60 -88 305 15
-85 1 326 33
-90 15 104 169
-4 -97 78 199
-64 22 273 309
-99 21 157 84
1 13 313 196
-33 32 269 226
-32 9 148 178
95 69 87 111
40 -98 202 141
-26 19 96 117
96 53 327 7
24 93 325 221
-79 54 282 288
-71 -99 179 110
-56 -100 192 143
47 2 72 235
93 72 219 7
-28 -63 330 21
40 88 122 216
54 10 291 127
-89 11 52 23
-24 60 276 244
-19 80 283 150
-76 37 231 179
62 61 173 176
-35 39 62 258
-36 81 5 186
-21 41 140 206
-76 -27 79 94
86 76 246 118
71 63 133 51
-96 -22 151 314
-69 68 263 106
-72 43 37 220
-75 8 167 78
62 -62 183 24
79 7 206 147
-23 -25 98 8
80 -81 256 221
82 -15 43 331
-21 -67 71 280
-89 1 4 312
26 86 323 75
28 -30 319 12
-31 41 33 189
24 -14 92 191
15 30 233 72
-10 -81 102 333
25 76 293 245
-45 -47 60 13
53 -71 175 221
89 -61 80 130
-15 -3 280 193
-8 77 47 310
38 -42 159 161
-79 -49 272 16
-24 -79 238 289
13 29 194 311
44 20 278 218
-35 88 324 146
-61 77 133 49
-4 73 194 156
16 -32 107 110
-65 72 166 291
25 -11 154 153
94 -11 322 90
32 -85 191 154
-39 -99 237 18
-85 34 124 250
-37 11 40 327
-75 11 162 8
-93 35 225 109
36 6 333 37
-72 23 18 167
9 -37 273 269
8 -30 239 110
-82 54 289 269
-66 79 259 132
21 -84 304 74
-58 -63 288 170
-60 37 230 202
-1 -100 219 199
-82 -76 81 173
-35 -80 328 138
-40 35 236 191
37 -53 257 170
59 -91 133 20
-56 81 110 18
-71 -77 47 337
94 40 181 240
4 12 227 153
87 -40 47 301
-4 30 50 80
84 87 205 310
-44 -97 213 128
30 -25 311 62
-40 -64 251 322
57 -91 251 11
-74 -20 71 14
1 -19 299 162
-73 -99 340 299
60 47 21 329
40 -19 137 233
28 18 284 125
48 -38 109 264
3 -24 158 30
82 49 283 257
-9 99 14 4
-77 -39 223 197
42 3 268 208
-35 -100 135 228
-95 5 115 150
72 -53 111 62
55 90 181 214
57 -99 186 197
83 -89 25 321
-93 26 152 17
-70 -2 309 294
-18 10 173 106
-52 97 162 278
2 37 294 304
-47 78 196 4
95 0 244 265
90 39 62 316
-61 80 292 17
-94 64 26 124
-40 -27 316 107
-7 -9 134 310
-45 -69 95 78
-8 62 251 132
65 -59 290 157
-5 73 45 217
-78 -48 166 68
-96 90 309 294
58 -47 6 319
-64 -96 337 267
46 -68 316 285
-95 69 8 116
-63 -74 26 160
-89 -49 329 221
-10 9 217 269
-99 -29 181 330
-40 -13 91 246
-78 85 337 287
33 85 139 95
-51 24 68 307
-35 92 12 322
3 59 177 88
56 16 276 236
-39 63 229 156
-4 -45 236 236
-23 -60 71 108
31 -15 308 308
-8 -91 26 65
-65 -35 278 226
-99 1 36 323
28 66 186 167
-40 3 63 303
93 -56 48 279
-7 39 64 115
78 -52 227 15
-76 4 233 163
-4 -74 284 96
54 98 302 13
17 -34 288 53
0 -97 253 13
75 79 144 293
30 -88 64 223
-73 23 328 183
-59 -99 61 264
-79 71 37 25
-21 36 163 297
79 -60 322 43
-35 -74 184 11
-25 23 134 141
30 -96 233 37
-72 55 85 250
-35 0 312 330
14 16 115 172
-12 -13 186 193
-89 -38 52 102
-83 -68 204 314
-2 18 12 265
-49 49 276 277
-97 75 160 18
32 -69 242 180
87 -81 161 151
-63 -5 86 121
44 -1 270 64
18 2 132 145
-94 38 288 179
81 -5 206 50
17 11 293 142
-4 -26 159 305
65 9 54 58
-72 57 194 314
42 -43 224 55
78 -36 305 232
75 -8 55 206
-65 37 40 116
-79 -29 134 222
-83 85 4 35
13 -83 284 219
53 78 105 238
-34 -88 96 3
1 -74 21 6
-100 29 208 33
-5 -96 314 170
97 64 278 94
-58 -36 253 160
47 27 144 329
-60 -90 187 4
-77 48 74 81
79 -90 212 129
67 -85 251 140
9 44 121 154
33 -97 157 186
0 81 275 323
2 25 150 219
40 2 222 84
-34 37 139 256
-75 80 325 237
32 -9 129 217
31 -57 157 219
-47 67 124 160
-71 52 68 316
-16 -38 257 265
74 -42 168 135
67 -69 259 203
-70 -44 47 121
-59 25 225 199
42 55 168 16
82 -64 49 277
-8 80 7 230
-27 -26 329 322
-66 -45 15 78
8 -62 271 290
42 51 41 91
-8 24 79 240
59 94 117 10
-5 -96 24 100
-67 78 36 81
80 -6 333 62
-73 -75 207 85
-25 58 13 59
-41 63 219 130
-51 -26 81 229
21 -32 227 104
71 -77 227 72
-1 28 114 83
37 37 270 42
-88 -98 76 156
39 -93 128 8
-15 14 131 74
-69 -57 20 85
90 10 89 171
-36 24 47 81
9 -15 309 177
52 91 14 191
92 58 120 78
48 -16 18 99
16 65 237 289
32 -31 26 321
-9 -24 62 60
-76 23 74 114
13 79 26 301
-73 -93 39 271
-78 41 311 334
-14 4 114 220
-21 40 32 59
-78 -93 258 134
18 -27 187 311
-97 -25 9 296
-71 84 290 215
59 -93 229 171
-22 -75 253 276
-42 -14 294 128
-45 32 56 116
40 -95 144 15
70 -6 190 224
84 81 66 119
-10 -62 54 107
-36 7 159 243
84 -30 263 263
75 90 326 202
26 48 247 35
22 33 232 191
-22 65 34 48
80 -64 133 94
-3 42 205 158
68 -89 264 318
-27 85 306 187
3 -85 322 336
88 -13 66 261
-57 -48 11 39
-63 -77 319 169
-19 34 219 161
-31 67 14 169
-22 44 212 237
-29 -48 236 169
58 38 87 41
-53 -54 129 178
-34 -8 311 319
-99 92 106 315
38 -48 308 263
5 -37 169 277
54 -59 25 125
29 13 191 125
-76 -32 155 53
90 74 181 158
-1 -25 209 39
4 -2 325 14
34 46 41 277
-82 -22 292 262
39 8 40 165
61 41 327 311
-3 70 5 32
6 -20 334 56
72 94 60 212
12 -10 6 206
72 -18 290 82
-99 -53 64 110
-100 -75 49 313
-62 38 77 51
93 -96 296 21
-16 49 101 310
44 -44 96 281
62 90 131 332
-70 -57 112 70
-59 -92 228 156
-100 -92 285 115
72 26 48 257
-40 -65 23 218
-8 -60 83 252
23 54 236 28
-49 -56 179 99
-26 -28 192 128
-26 38 30 239
-46 -75 206 120
-49 92 12 158
-58 21 295 162
8 41 228 139
-80 -45 106 120
-95 -2 181 280
-47 33 332 127
83 17 99 26
48 -2 88 312
29 -23 215 156
-50 78 130 54
-25 99 201 287
-10 81 180 170
-14 -67 226 53
-100 79 263 64
95 -29 255 98
-30 71 33 178
-32 -54 277 118
47 -14 286 128
87 0 135 292
82 92 270 162
-88 28 195 256
8 86 136 17
4 96 192 130
11 -92 15 79
-6 -38 228 90
-9 -55 173 158
43 -65 188 22
85 56 182 187
11 -24 31 313
-53 -87 323 314
-30 88 47 111
78 -5 102 293
-5 -13 49 97
70 -55 41 197
63 -4 87 340
-51 84 201 279
5 67 34 236
-8 67 226 31
88 -16 41 312
-21 3 189 59
-6 1 338 85
-71 -3 170 218
40 78 242 63
-73 82 113 7
-15 -97 287 201
24 44 245 239
-49 47 39 295
33 32 72 214
91 92 324 138
22 90 146 206
78 53 199 7
-48 79 335 58
84 -3 223 317
-12 -36 179 60
19 -43 135 157
-17 -79 18 226
-84 44 214 322
-28 3 213 299
41 9 331 106
45 83 261 111
-68 -25 116 218
-23 93 94 248
71 -22 222 212
11 66 75 338
33 -74 25 229
-15 -45 33 15
15 18 75 296
-25 20 209 214
-85 25 249 131
-48 -32 310 274
5 -60 233 73
39 -25 309 317
-44 4 36 274
-23 -93 42 48
-93 46 8 202
52 -44 211 27
-82 38 239 156
-96 65 294 77
-50 -59 41 51
-30 -59 306 72
-50 -5 14 100
-12 -62 325 332
50 20 175 120
-13 61 250 20
-51 -65 161 285
-66 64 172 262
-66 91 5 290
71 74 233 93
-2 75 311 257
91 -54 238 141
25 69 60 139
77 -16 338 94
-66 20 98 179
74 33 35 38
-25 44 227 153
-74 85 12 11
-75 69 334 49
41 -26 176 24
51 94 209 77
48 -20 159 200
99 55 79 280
82 60 178 271
-75 -29 160 309
-71 27 219 208
25 -42 104 192
26 41 252 223
-16 77 317 164
-79 -94 102 122
-93 44 189 29
84 63 334 4
-8 -10 14 117
-38 52 12 321
99 32 274 299
35 -52 272 219
-65 -92 48 297
-91 60 220 173
41 -65 64 176
47 55 327 333
10 43 35 296
-18 87 206 100
-87 -5 144 102
-99 -5 24 60
-89 -93 132 124
72 57 39 18
82 -60 312 313
89 73 168 151
79 -85 182 66
28 -61 272 139
-83 78 305 103
-62 -63 172 84
-55 -58 298 86
77 -14 87 177
57 -100 257 334
-90 61 324 258
-27 54 199 123
-30 -31 45 29
-13 54 13 59
-2 -96 291 79
-55 33 139 177
48 -82 316 245
13 -80 36 196
-86 -63 190 20
-100 -17 234 305
-10 3 131 276
40 53 163 314
9 -71 302 172
10 1 85 255
28 -81 234 107
-52 -35 272 318
82 88 304 184
-28 65 184 264
-99 -75 317 120
57 24 90 114
94 76 44 63
-22 -84 255 49
48 48 221 86
15 -34 20 192
1 -8 278 121
-53 82 141 104
-63 -4 66 293
-8 40 290 292
0 -14 254 145
-27 -32 328 8
-24 -21 180 147
48 98 326 204
-54 8 304 210
11 -75 168 24
-16 -59 169 223
-90 -30 22 50
88 -5 222 189
96 -92 241 234
-12 -53 278 277
45 21 62 302
-92 -96 25 106
68 -23 50 84
-57 79 107 28
-1 -89 251 149
43 -14 141 229
28 -51 53 78
-1 50 293 269
-56 -54 59 78
-18 -59 222 322
-42 -6 324 29
5 5 92 249
15 -19 158 28
-20 -23 55 15
92 -27 115 182
94 -21 302 291
-10 -44 217 187
-90 -72 145 150
51 -92 278 297
5 -65 298 212
36 -22 291 335
74 10 12 107
-24 37 97 77
-65 29 262 161
0 -31 112 133
33 -98 30 185
57 7 159 30
-30 36 326 117
95 31 18 173
-71 97 209 305
77 27 244 94
58 -20 240 118
67 3 298 85
60 99 5 183
74 -52 219 90
-94 35 92 179
27 -20 246 141
-98 -14 45 282
-4 -39 110 275
73 -77 274 119
-39 -92 331 310
34 36 109 110
44 -4 159 148
6 -79 42 254
-54 68 17 301
-88 -95 300 5
49 -80 147 99
7 -1 328 30
-3 54 298 298
-38 53 327 10
20 -9 304 42
-62 -15 8 23
12 39 93 21
20 -65 192 14
-69 -70 106 181
-47 -46 266 178
-27 -51 43 259
-63 -96 251 173
21 -22 187 139
47 -11 264 111
-41 -8 257 193
-19 57 281 298
-9 7 228 302
-47 93 20 204
88 -6 156 313
8 -8 167 38
-41 83 219 213
94 46 239 260
-65 12 273 276
32 31 148 113
73 -15 71 83
-94 -25 275 245
44 75 141 251
-21 -21 269 4
-28 -33 28 275
-69 71 30 90
83 83 40 263
-93 -26 160 131
36 -12 271 11
76 -68 236 14
-75 -10 185 209
65 -100 150 79
4 -21 135 156
12 -92 294 226
64 -99 83 140
-78 -9 118 295
-67 39 103 247
22 -61 24 181
6 -70 197 183
13 48 213 215
-49 -85 328 232
-4 0 313 328
90 -6 330 23
-55 -28 144 82
-51 89 89 108
49 -19 25 298
-22 22 248 126
53 -34 212 279
32 -89 158 136
4 49 57 90
-27 42 214 53
-96 -38 338 186
12 -56 136 181
-24 90 16 123
-71 32 247 54
42 -44 12 130
1 41 29 242
24 -98 270 183
71 -86 47 71
57 40 34 67
38 31 44 6
-43 5 69 15
18 -90 246 133
-80 29 116 296
3 -43 117 220
-82 -18 150 45
-73 51 168 161
-57 63 86 177
8 61 340 97
-28 -26 318 95
-13 -87 312 115
-93 41 300 93
79 81 158 247
-68 -12 87 239
81 41 173 99
35 57 313 221
-62 -59 192 333
92 -10 12 178
0 -82 46 102
57 -40 54 180
-66 -45 134 143
-20 2 269 302
-37 -51 144 284
97 52 42 187
22 93 53 200
54 96 190 262
-66 -14 110 202
-52 -42 239 150
-33 20 90 151
22 -42 149 202
-97 -28 101 102
-53 -46 329 129
-50 -92 209 35
65 5 305 278
47 -90 44 130
-15 -69 173 76
-58 9 227 77
29 -8 219 246
-2 17 224 209
94 91 5 259
-75 -21 338 95
-55 -26 158 148
22 39 6 98
-88 -41 210 25
34 -6 286 188
84 9 201 257
-93 -83 222 80
-51 -10 238 128
-61 -25 133 135
-67 15 76 263
-16 -6 254 214
-66 11 266 87
-95 17 44 110
1 -12 213 211
-4 45 50 107
37 -81 220 67
5 57 155 133
-75 -92 216 70
-97 14 306 212
-95 -39 118 100
25 -70 130 138
-28 21 302 119
-15 10 40 153
88 13 291 129
-90 -66 333 177
-46 -61 28 196
38 -89 42 20
0 -86 256 56
82 -66 21 248
28 -4 13 136
63 -7 39 128
61 89 125 311
96 -45 296 54
-93 -79 324 72
79 -42 58 269
91 -11 291 180
-15 -61 242 316
-13 76 292 229
-27 -67 282 220
-32 -99 61 133
2 -25 301 43
-28 -20 298 169
52 -29 298 42
89 -29 137 27
-80 -82 28 189
56 5 34 254
-33 62 173 161
-94 -89 19 248
-8 -17 153 224
85 -92 13 283
-81 95 215 322
-62 13 328 249
33 -35 43 216
95 -55 25 90
-100 -4 142 301
-97 49 180 130
-66 73 283 273
-54 -77 249 291
91 55 170 140
28 -83 248 226
45 -39 308 100
-29 73 39 263
85 -57 50 145
-90 -87 39 91
-60 -38 312 339
-28 -19 155 45
-85 13 38 77
-56 94 125 171
-27 -52 229 117
-92 -76 127 48
-46 -28 243 160
-95 -16 263 114
-45 64 75 133
-82 -42 105 17
-51 7 76 240
-14 -88 228 177
-35 -75 77 243
-17 -94 307 224
26 -46 255 228
2 -61 113 288
-10 68 275 281
0 99 291 325
-49 -41 34 66
-89 -14 325 157
83 -33 152 16
55 57 67 160
39 -8 59 200
90 -83 294 229
71 -45 90 72
-7 -2 287 191
-60 -24 220 332
47 86 89 333
95 2 94 19
31 35 80 201
-98 -16 139 58
54 6 187 187
-68 -21 79 218
40 78 259 148
4 -9 329 27
-67 65 208 97
-24 -36 121 175
9 -80 331 152
-12 34 80 214
-48 23 296 181
26 -28 153 113
75 -65 8 36
93 85 201 320
83 89 143 30
-31 58 243 145
5 99 195 103
4 -96 302 11
63 -92 317 256
-21 34 258 84
-59 -18 81 255
81 -39 99 169
-18 -15 65 50
93 0 173 98
42 -77 18 241
86 47 102 90
-10 -86 304 278
-55 -62 302 81
38 -48 284 45
-6 9 175 115
-15 -51 304 187
52 -5 314 267
-12 -98 201 156
56 -85 328 311
53 42 226 336
16 3 234 38
-29 -77 270 304
99 10 287 168
77 -66 276 330
-51 -24 298 134
-94 15 48 260
97 95 118 295
-35 62 249 192
71 -58 192 34
66 -5 146 93
6 9 226 218
37 77 144 111
92 68 100 146
-3 -16 20 144
66 -11 151 178
-7 -1 52 313
50 -48 99 107
-94 -36 21 247
-10 -88 180 234
10 35 114 268
