60 59
427 298 19
227 -347 99
-219 339 22
-55 67 22
-267 208 77
295 49 66
493 -49 9
269 -491 27
71 363 13
-318 -326 39
11 -191 60
-73 -339 74
-483 169 77
-403 -203 43
-156 -43 37
116 360 53
23 -304 17
180 99 65
209 -270 93
-292 -65 93
-418 -177 32
120 -258 82
295 -230 36
-346 -387 94
-352 352 56
-183 474 29
-335 -199 16
-99 -271 64
-136 -64 40
6 -483 62
-365 -377 12
-35 -224 54
387 305 11
-119 466 13
240 251 51
437 -345 74
-394 135 81
-88 302 30
243 447 57
252 -383 40
-363 13 71
184 65 89
214 482 78
-81 131 56
14 81 61
242 -210 18
-327 -121 93
470 -361 63
-92 228 6
-336 -446 31
428 -124 28
123 -187 99
-318 300 36
-15 -428 95
-256 274 67
-176 102 25
399 -448 83
-315 271 15
1000 1000 100
-1000 -1000 100
