57 29
-500 -213 2
-514 192 1
-862 278 2
-614 99 3
-799 239 3
-880 -28 2
-912 40 3
-971 237 3
-838 207 3
-983 132 3
-934 -273 1
-852 20 3
-551 291 2
-926 134 3
-528 117 3
-709 38 3
-574 145 3
-926 -202 3
-931 -187 3
-679 -43 1
-992 242 2
-842 167 1
-644 131 2
-648 189 3
-685 168 1
-767 147 3
-607 2 2
-834 -160 3
-796 -151 3
599 145 1
871 93 3
714 43 2
780 -176 3
722 51 2
903 71 2
747 182 2
773 -151 2
583 198 3
829 131 1
766 -58 3
634 -215 2
989 -99 1
796 41 1
636 -69 1
735 -48 3
591 166 1
817 -83 2
987 -132 3
724 -8 2
924 106 3
990 25 3
782 -269 3
519 55 3
777 -52 3
681 -65 3
941 272 2
838 260 1
