55 28
-832 793 88
-679 726 54
-295 342 84
-460 872 25
-11 -839 35
-55 -311 70
-834 -158 36
-267 852 44
804 -457 66
916 273 10
-936 -455 76
276 69 22
-454 11 31
-620 -271 38
364 -281 23
-275 334 46
-345 921 33
778 339 55
25 -632 58
-205 -954 51
360 -106 79
-798 51 54
-111 820 52
568 827 80
-198 -533 14
-405 226 100
-226 -412 46
-966 444 8
712 635 74
-89 -6 30
374 587 86
484 83 94
-518 410 39
-297 88 48
295 -596 5
-44 50 36
733 -837 39
-393 -814 87
953 472 67
-214 516 1
-715 -874 56
524 118 33
547 875 84
-590 -165 89
935 617 1
-663 319 2
701 668 27
-67 548 9
581 182 63
499 65 40
534 -237 94
455 -280 46
844 896 91
838 856 30
712 607 25
