51 8
597 -774 29
-784 -940 72
727 321 1
-236 -207 55
182 232 84
712 -686 39
531 -15 17
-988 -232 59
-588 131 59
623 233 61
285 -144 29
-581 643 95
-47 563 52
308 -720 38
824 -127 25
385 522 93
879 -627 70
740 -212 69
673 -771 88
560 660 35
124 182 3
-341 -767 83
923 -281 9
330 -836 11
-535 -281 63
-202 -885 35
-321 533 5
-648 -543 87
792 332 96
667 316 89
-819 -380 38
983 -92 85
-441 -910 86
31 -758 93
941 239 40
282 986 42
415 -821 58
745 35 4
-733 937 32
140 -504 37
-733 952 89
712 385 56
-525 389 71
621 24 18
-628 561 13
162 -875 30
333 -891 18
523 -692 97
-89 -757 40
-311 -964 66
-280 437 13
