53 12
474 429 75
-620 -256 55
921 -328 50
860 -339 68
822 578 12
991 241 42
75 119 40
-946 -369 90
377 637 79
-870 -624 9
751 -674 13
719 -234 100
-978 -138 7
452 372 79
-944 578 94
-475 -600 43
-196 159 53
-486 180 25
-219 234 30
-615 791 97
-56 -443 56
76 509 60
615 928 65
170 292 46
-121 210 86
-838 887 2
-104 27 67
738 170 62
-890 768 88
682 380 74
569 -901 35
-922 -458 4
-44 778 52
-742 -194 34
868 -694 98
-682 410 63
-167 -365 56
-280 683 67
-826 -691 56
-685 297 41
-136 -566 42
241 -126 45
849 -299 88
576 946 70
134 -896 36
-99 552 73
866 191 86
-487 222 64
418 913 91
-845 151 90
431 -332 94
908 -719 27
162 276 70
