57 51
-259 456 54
-376 -12 92
827 834 20
-826 744 73
633 -727 94
95 -351 64
666 -57 74
693 135 78
403 866 11
898 -100 71
-48 962 21
-208 -801 66
151 -732 94
-282 761 20
658 -648 60
470 -910 19
113 -480 61
54 708 17
-690 120 100
12 -241 18
632 425 49
-34 -605 41
263 -783 40
-896 488 87
-769 -920 82
-96 -227 52
-366 13 16
767 -61 67
-582 680 8
230 651 31
-506 -716 44
186 -726 31
912 963 53
735 -633 11
-356 -66 20
53 575 96
-485 236 75
991 -395 90
-924 971 8
669 244 83
-197 -321 57
-770 427 55
-798 842 83
-64 71 97
840 325 92
-260 167 96
444 -264 90
-494 128 62
961 103 74
-27 -346 56
-531 -501 92
563 -927 40
-518 485 16
193 -633 35
280 -729 82
-460 549 23
-725 -932 1
