50 39
484 813 6
-493 -318 83
69 305 56
-453 239 83
-614 500 63
-610 -191 99
-784 -891 57
609 -360 16
276 -57 36
493 5 4
778 -302 47
521 -487 74
339 485 6
308 -209 28
-176 -395 33
505 908 83
406 697 60
606 -928 67
357 665 23
-420 -927 75
-301 -819 92
-767 385 86
-270 291 40
-601 -254 71
286 -786 87
295 -247 30
873 -255 58
-48 831 4
132 541 27
-236 -959 16
951 925 59
-370 -307 27
565 938 11
897 718 81
-545 -478 73
249 -153 24
-726 958 71
-705 -493 53
299 -489 13
-260 -878 9
206 40 27
261 288 14
251 -428 29
39 140 51
772 -638 59
-262 959 73
644 792 36
202 475 77
826 -776 82
-110 620 81
