60 59
-155 -543 74
-764 -796 6
418 106 73
322 -448 31
352 -254 22
883 -343 49
-994 75 15
95 -933 51
991 792 100
947 -915 67
-447 62 49
-861 -93 17
1000 808 57
-578 135 80
-705 -935 78
968 -83 10
-408 -994 45
-66 -966 12
843 -856 12
297 -966 5
-540 451 46
-260 -576 72
891 -834 63
-16 -116 43
-635 368 45
592 892 77
-245 504 25
130 287 10
-761 -868 58
-367 -428 22
-445 742 78
-433 -788 1
967 773 42
176 66 49
-689 196 52
30 961 96
-912 -312 58
150 -151 67
-505 -725 41
52 -374 67
160 431 19
515 319 99
664 679 2
-607 61 65
-187 -990 66
-325 79 53
945 -647 80
913 404 76
-892 532 87
-164 -976 1
-92 234 7
894 -897 57
721 -350 96
951 -66 40
-104 812 6
37 -445 46
332 -130 78
593 511 59
-942 -893 47
661 -762 74
