54 52
544 117 63
-883 358 84
356 505 33
281 -722 1
-310 253 75
-724 707 3
-557 737 40
597 -229 9
-61 -809 90
304 617 36
-107 -735 5
-960 2 24
395 337 91
-627 331 83
636 -582 23
-531 925 43
-234 62 79
-744 -917 79
980 -953 85
650 -919 16
306 -65 81
-194 28 77
304 164 59
505 -508 61
-838 -543 7
-557 180 96
-89 -262 78
-222 371 4
363 -769 7
-615 80 52
804 -830 82
323 824 17
514 -515 3
576 583 97
855 -175 46
728 -943 74
-571 991 19
378 -776 52
698 854 5
252 183 72
304 -346 58
556 623 38
927 -859 92
-578 502 33
586 -137 77
-367 -819 66
520 -923 96
-203 -523 24
-981 321 73
-907 -678 50
-824 -226 91
-152 -489 57
-928 -387 88
173 -986 35
