59 25
-183 609 97
-172 875 99
574 352 68
922 58 93
349 -90 97
-154 701 86
711 -374 26
970 -338 54
-286 -988 73
4 83 51
-595 831 77
666 701 15
-302 -380 8
-357 -665 25
-4 457 100
692 978 22
696 -487 14
1 -178 20
108 -189 21
830 -172 48
762 -30 32
-918 211 29
703 275 25
483 -476 44
-468 588 74
151 -3 29
518 -524 1
-672 -489 75
946 -91 25
-666 -387 96
-578 990 84
-235 -897 63
552 430 23
-478 166 38
-331 868 10
-150 -12 63
-885 247 92
706 23 86
738 -870 96
680 -94 35
422 407 89
25 -15 13
278 -470 55
715 410 7
-389 106 39
765 167 21
119 -931 41
-391 -908 54
54 -236 23
-867 938 37
-419 880 76
-223 -789 33
472 -852 37
-635 -568 62
704 39 64
748 -606 100
541 232 72
-274 -866 41
595 -869 35
