56 43
-711 366 99
-640 -442 99
-806 -242 81
491 -704 74
-409 811 78
614 522 71
515 -906 30
468 414 52
-791 -467 14
99 -976 76
810 1000 10
735 -149 77
712 -225 23
-340 148 21
-676 -293 77
-824 -1000 47
-650 -250 82
-757 225 45
-32 -343 100
364 731 37
146 -838 52
813 194 34
-608 538 52
351 -430 65
604 596 78
-744 -326 87
620 -681 21
885 716 87
571 -103 73
113 -86 7
223 -427 18
-672 -378 71
-253 389 1
-938 354 98
-29 -356 78
-297 726 61
-192 -529 68
757 412 73
-585 81 62
-415 390 100
-171 -729 98
499 547 27
694 7 12
-71 78 50
-601 -382 21
753 360 72
-288 347 96
837 784 1
-970 528 40
-642 -660 81
-487 987 75
-175 -32 54
527 593 67
-25 980 100
-750 301 98
324 -558 39
