60 10
-746 476 33
-802 -924 88
108 703 23
-725 916 49
186 692 16
-743 -599 67
-832 620 58
-962 -53 40
-31 537 62
256 903 96
820 932 26
383 481 60
437 -353 84
349 243 7
903 662 60
-646 410 79
-819 8 69
39 -890 83
803 -890 55
-688 -578 98
221 -202 67
344 683 61
445 -324 64
-870 654 72
-847 -944 20
458 237 10
898 971 9
-207 -711 52
766 105 25
-350 468 16
-124 -929 59
-739 354 78
385 -697 32
337 -828 77
-359 -240 2
20 809 54
126 -362 76
589 35 98
223 -439 94
791 -985 94
898 -61 29
977 -442 80
-135 938 10
-24 -549 51
-792 251 87
71 468 67
-13 -1 34
725 -700 65
-974 -364 2
-941 388 57
-543 -906 63
53 -486 78
392 -673 41
-798 -78 53
-209 959 43
680 134 14
67 77 13
-657 -989 26
126 78 12
-620 74 29
