56 4
-836 238 47
-792 -444 78
-174 964 22
3 -1000 65
-879 -350 26
-957 345 81
938 -865 79
-574 760 32
58 697 33
830 372 46
357 -582 47
-19 -536 97
235 -22 43
532 -712 74
936 569 98
223 464 40
222 818 96
268 -271 80
660 -574 13
392 683 64
823 126 60
801 273 84
216 -66 64
154 -183 43
-907 -709 73
521 869 43
938 -756 53
469 975 26
-141 -712 20
826 -764 82
-726 -98 96
-648 324 15
-969 828 45
651 -984 53
484 608 92
175 -926 74
977 4 62
387 -349 68
282 -183 7
523 -966 73
-594 -405 22
-443 252 37
-541 602 88
-106 372 74
665 394 80
-16 60 20
-328 439 5
-391 -69 79
195 -267 20
884 435 100
898 -298 39
140 -968 33
309 401 39
123 -1000 85
-238 768 16
-796 -830 72
