52 33
-427 -703 15
131 -868 98
539 373 96
-222 -930 96
-856 451 61
168 -406 28
-393 -941 13
-739 -862 27
-709 -606 51
701 694 95
-973 -189 53
746 393 92
562 -177 71
-627 -613 49
565 -509 37
846 -931 5
754 556 36
-350 -709 23
-173 -876 66
239 788 1
221 -544 97
-131 -235 19
51 70 10
-913 508 16
941 -379 82
-886 -821 56
782 -946 88
-326 723 74
-296 -193 8
949 -935 40
-496 -79 91
873 -369 66
707 400 71
-514 543 83
799 349 85
942 358 77
-626 -500 85
818 366 72
-295 317 90
-328 593 54
231 -479 11
-940 685 85
557 669 76
-186 71 97
-270 824 92
893 40 48
-933 143 91
-646 -868 34
38 794 39
-764 -200 70
810 -155 8
921 658 22
