60 46
194 -48 29
-980 288 49
-586 90 74
-353 -89 74
-259 600 86
858 320 8
320 93 86
-969 -80 57
6 144 42
356 212 53
-158 457 1
598 -8 93
409 -202 85
-41 675 53
-379 167 5
269 18 68
-109 834 93
82 686 40
614 606 73
338 -478 14
569 -787 1
157 -810 50
-408 834 17
-150 706 65
432 -944 56
-22 47 53
331 -884 10
-88 -215 86
-393 -295 50
601 -630 100
-785 -258 20
-681 -529 72
809 -279 80
503 -877 79
-867 537 6
-702 -114 1
400 814 26
313 541 78
-734 987 95
-739 86 43
-346 -594 10
48 326 74
-1000 351 29
-720 837 50
-50 -917 56
-292 161 97
734 852 48
247 -36 14
56 134 6
-961 286 36
524 -917 98
762 -625 28
313 351 15
-923 -157 62
-971 -671 78
-25 -899 54
649 475 18
-934 -128 60
763 462 63
820 299 2
