58 17
-812 -233 92
759 -719 3
11 622 59
-951 -265 45
237 -135 97
-877 -518 67
901 -438 46
201 -977 47
-255 662 14
-135 809 90
-975 667 83
-805 -562 80
-294 312 76
241 745 5
-558 -113 58
-300 -979 35
-936 -562 51
-958 -90 36
187 102 17
624 163 72
402 -187 49
939 765 86
-881 791 33
44 157 55
-472 406 50
230 830 43
-706 -473 70
-979 -977 8
-308 19 20
-89 -406 51
-358 369 25
-824 -667 25
-426 393 70
-966 -229 98
-529 -361 51
-602 -380 89
739 40 64
839 745 68
194 492 1
-19 -326 57
-954 -671 19
-598 -694 21
-574 -841 100
790 58 64
-280 -879 51
-610 545 77
704 208 56
115 158 6
418 -811 58
210 -194 23
-938 -157 56
-875 845 11
247 31 4
627 803 67
218 -777 10
-114 201 99
937 -619 60
69 -237 22
