60 60
104 525 92
-126 929 83
284 -785 91
-878 843 2
-617 -676 53
-33 -333 100
-422 459 92
-458 438 29
796 621 51
-482 -466 79
-352 -301 65
138 -726 51
-681 150 42
742 -517 12
-18 -354 57
-215 -63 95
243 301 69
139 -311 46
395 266 70
-393 -729 90
-885 -562 47
447 597 34
659 110 5
822 129 33
-827 395 26
947 3 3
-207 -968 42
-650 -637 48
423 -341 9
637 251 9
-459 -758 51
55 854 19
-815 416 72
-28 137 96
114 697 76
725 395 25
-385 -788 81
-902 -494 5
754 75 29
804 -437 67
726 -649 55
-80 654 70
689 -302 89
-954 963 67
-569 -996 25
-426 75 24
210 502 20
-517 718 64
-690 -714 17
-226 -545 27
99 587 62
-146 -732 27
-763 792 23
-25 260 90
600 -624 37
869 591 49
30 -680 30
-251 753 81
-144 -992 93
-187 583 65
