59 9
234 -18 21
-494 730 5
931 -736 45
-9 -693 2
422 -742 47
747 -728 23
-986 -118 71
786 421 88
-742 -530 26
938 -197 11
622 314 2
-204 582 11
-77 -185 99
272 -769 58
491 949 58
227 633 38
-257 -803 73
-723 -375 37
-815 -353 23
290 377 4
622 -251 78
-73 -963 73
-440 -188 13
678 572 12
-29 -53 82
-523 -22 31
-355 104 64
83 -736 96
-777 -462 100
502 440 39
-689 -822 95
-310 152 5
-303 705 51
259 -964 76
30 759 46
-500 969 23
-506 681 83
592 -230 68
-255 -491 41
967 -855 51
-473 -251 78
156 -681 30
-609 369 17
59 355 91
740 -591 64
-523 469 33
292 -605 60
-792 827 23
114 800 89
574 623 56
363 470 44
774 43 7
-483 -836 31
-94 279 23
-732 -838 19
-479 776 94
-49 332 96
101 -70 87
-672 -755 46
