54 11
717 801 96
-960 854 52
961 -377 62
786 -486 39
47 81 58
551 243 56
995 94 73
499 -534 50
-699 -100 33
260 260 73
124 -851 10
33 -874 46
398 592 19
-443 -407 99
-602 365 54
69 830 80
-731 -899 26
-948 134 75
-9 -422 80
548 -946 33
772 -686 75
693 487 78
565 -461 13
3 499 91
680 835 87
955 502 29
251 373 91
-883 37 64
-809 -124 43
-983 -325 61
431 -454 32
767 -114 20
824 537 9
198 949 62
752 507 75
-409 649 70
-69 445 13
255 -730 54
111 -958 84
-123 535 80
-694 654 58
-72 241 29
-677 -952 9
-32 -219 29
455 161 64
747 -527 24
-307 615 61
430 -118 53
-348 -419 63
-365 437 96
-363 -999 58
356 -355 89
139 -941 91
-819 -476 55
