51 29
393 150 74
5 -741 89
244 369 42
179 48 3
-330 -96 7
-106 855 26
-613 491 83
922 772 95
-909 609 55
535 681 45
-907 916 82
435 516 8
-28 -148 17
-780 561 22
-639 387 84
-888 504 8
-366 549 14
763 -980 52
39 388 73
-940 -963 69
-295 847 40
804 407 6
335 -178 42
235 623 20
-746 286 47
657 57 26
-754 -535 32
912 -610 75
685 915 55
851 -918 71
-325 -558 16
-572 -369 73
122 982 23
-534 -838 64
5 -801 27
745 -842 91
-885 -287 18
897 464 66
54 825 10
541 960 7
332 -891 3
-166 735 5
470 76 85
244 -601 7
-314 729 40
-834 196 28
-606 826 66
-917 -177 17
691 -667 37
631 99 67
-728 -21 73
