56 16
138 -83 27
-252 -951 94
670 102 4
287 -996 20
-766 785 95
-500 -575 3
247 -150 51
-724 416 60
-29 466 47
949 902 32
-325 273 17
-381 -666 11
-483 212 3
524 -443 43
-780 -803 92
635 -525 47
566 -815 44
934 -295 81
-40 -784 51
158 -853 40
34 858 78
-805 -866 49
-551 280 27
398 -395 30
-300 581 44
715 -297 29
-657 948 63
358 268 21
801 -77 76
427 -283 78
385 561 61
360 562 1
311 -241 73
943 -672 50
-257 397 5
-556 -628 94
371 344 87
-610 -985 63
-526 151 69
-703 984 2
765 451 28
-360 -510 3
516 213 27
272 -665 28
-918 -750 75
-201 637 89
19 -159 29
92 -70 57
314 897 95
-633 767 52
436 883 26
-974 -819 64
-517 -487 15
-14 63 61
414 -942 16
-41 -927 13
