55 53
-159 -606 64
-167 119 92
194 28 70
-515 -848 100
892 499 85
-197 -436 79
-327 123 4
792 -163 18
918 -267 85
-803 -893 61
278 217 73
955 -170 65
-498 -542 70
-623 -423 63
-213 339 31
355 777 83
-277 -243 84
612 568 70
-520 54 56
-800 -883 32
302 -544 64
316 145 50
921 -855 98
809 919 18
-838 -695 46
306 481 52
420 166 15
-822 8 53
-666 -830 93
989 -93 94
-613 595 40
238 -942 99
587 834 56
-553 -820 24
-219 541 8
-399 113 88
-166 -325 53
-401 -447 3
-241 -188 77
-898 308 5
-127 -516 31
489 -770 21
-500 314 36
-326 795 50
948 -264 13
-970 -295 81
99 567 35
-859 -192 26
-459 917 60
-916 298 8
552 -343 72
493 -542 12
291 278 36
489 -509 88
-176 672 21
