52 29
564 -254 71
962 -286 97
375 128 15
498 355 27
757 567 38
-982 981 28
-910 -244 26
819 -987 74
-994 679 39
-90 53 21
475 133 44
-190 577 48
527 358 98
-793 927 89
966 54 96
-776 -987 1
-916 -996 52
880 600 96
-654 -886 35
-122 469 83
468 783 97
191 -656 32
-46 463 17
-491 -754 5
-603 689 59
382 -58 49
-342 -154 94
-790 -818 62
-20 926 19
-78 -424 80
-925 -298 44
47 566 34
201 -968 21
938 218 46
628 86 86
-178 -975 94
420 -382 73
-970 -330 75
-242 609 1
248 641 51
219 -638 51
246 -674 62
162 201 15
-574 908 13
-255 948 78
480 843 22
-482 -200 18
-572 21 2
-534 357 14
-969 289 72
439 587 24
448 524 87
