55 4
-410 362 75
187 932 20
245 -492 83
-984 -832 17
680 -470 9
354 750 36
939 892 11
-74 -455 5
-736 -824 54
-174 -690 78
-623 -342 13
172 997 15
512 -725 35
-714 161 40
-631 -861 81
592 73 56
-705 -807 61
473 83 61
170 61 30
834 127 100
27 -946 69
491 -761 77
138 -855 99
-296 -684 38
-437 362 27
440 -576 84
-207 -623 14
881 661 22
864 748 37
-855 130 90
-486 825 43
-401 664 89
-407 -668 91
-282 -757 46
-123 -7 35
602 709 93
-247 -340 99
-839 633 18
-247 979 47
175 -571 60
975 367 32
-138 303 95
-454 -435 29
427 563 17
757 -412 24
145 743 75
-385 460 32
-830 285 67
697 -348 85
-565 235 24
-49 121 71
-597 238 3
-593 763 85
-980 -356 1
332 -603 84
