54 6
938 -961 57
271 876 14
964 -374 10
885 609 20
-754 -173 50
883 -961 99
-576 -489 17
255 -637 33
-802 -873 45
271 829 43
834 -995 71
-391 -624 75
765 996 88
-574 182 31
-597 195 96
-533 670 72
-797 713 51
-186 716 50
-876 -34 98
-354 103 57
543 -827 52
371 946 25
-442 -315 41
111 247 74
-428 351 58
-159 528 50
584 -317 83
131 812 50
-316 875 9
978 229 27
-703 627 23
-454 876 98
715 -54 83
186 853 82
-615 736 84
393 -567 21
126 355 18
-369 -417 73
951 847 81
973 643 11
579 330 30
-632 117 49
311 785 16
-885 -501 85
881 631 34
-520 590 53
581 796 50
862 -791 77
638 -739 41
-252 68 26
367 -954 15
-126 -876 12
-297 485 93
197 853 26
