58 44
-725 513 28
688 -206 29
86 -533 36
-697 268 47
-969 -517 2
708 287 63
-952 -417 75
553 -945 61
54 -172 80
434 939 30
-685 749 65
-336 -433 32
-170 600 65
695 244 93
943 251 18
167 -189 26
-156 922 84
-856 841 72
684 -749 74
-842 -547 23
-97 -45 31
-435 588 22
-955 -656 59
863 564 32
899 295 15
213 -356 58
189 -972 73
87 928 100
-590 -946 47
-481 683 11
-253 745 73
-148 -460 31
-385 338 10
717 -722 50
655 492 93
-595 -795 45
-398 256 100
-814 -255 67
895 -370 48
334 836 34
221 -688 74
914 357 84
-6 885 49
-59 814 82
-591 679 77
-504 -909 43
910 868 59
261 -511 40
-991 -864 74
734 -962 70
272 -428 1
-889 -730 1
-40 -612 33
806 -289 12
400 930 57
-704 185 12
-961 -229 91
-673 -822 49
