54 16
910 571 64
-116 -658 89
-49 843 75
-333 -13 42
-601 -28 8
-62 159 17
-299 -222 49
-114 -320 68
194 215 21
168 687 20
661 183 77
-273 -900 81
-359 845 20
80 -452 78
240 229 95
-911 577 94
813 -831 39
-779 2 99
640 767 96
275 367 50
-731 -531 29
183 -903 47
291 -167 73
-835 596 78
991 -61 2
-507 -354 33
492 -950 43
144 -268 24
451 -21 42
-72 -111 83
-524 -882 34
-80 322 3
419 276 43
975 369 99
287 -408 4
218 -569 7
-973 724 2
-607 768 37
-902 -423 14
-884 964 87
859 -480 10
-411 486 85
-264 -280 4
697 -927 9
-298 851 55
-904 -605 16
44 -489 39
-755 702 90
326 -347 46
-349 195 8
865 -335 60
838 -918 89
-387 732 8
-891 165 55
