58 31
-179 279 53
-957 872 46
784 -128 66
302 -545 21
132 -599 18
339 712 7
-569 -372 23
-403 -869 99
-814 381 69
-309 610 9
-958 -709 87
-834 -459 19
308 -280 23
-901 76 58
705 -512 23
357 -181 27
390 -16 67
996 -450 55
-599 -921 94
-34 231 93
-615 -671 8
174 -640 71
270 -246 87
-7 404 64
-22 -547 34
622 -394 24
-252 -781 17
-895 -981 51
333 25 70
-97 -666 58
61 -458 99
-540 -573 11
207 764 89
-738 508 73
143 543 4
-923 -908 52
-764 712 44
-907 632 46
680 282 54
969 422 18
-566 529 31
741 487 67
508 495 41
-633 -129 15
-69 -885 72
492 -655 46
-885 303 44
-866 -103 49
-814 -502 3
22 858 28
-191 885 80
310 931 3
553 323 13
524 770 8
406 -374 26
-575 768 62
772 10 7
-830 674 43
