57 43
993 588 90
-197 -332 47
-71 852 23
290 458 23
383 -67 56
-942 365 12
43 21 59
-761 125 77
-926 348 75
-694 521 11
706 277 76
-780 -105 20
-500 478 64
682 632 16
-924 -877 63
434 -91 14
-770 -249 52
-186 271 51
-547 222 10
89 441 32
-781 -702 34
341 727 94
287 -831 96
183 351 83
727 171 64
763 548 70
229 -915 97
651 814 98
-729 -831 2
970 -65 55
247 -704 28
450 -826 89
-964 546 16
483 -606 90
-319 -225 7
384 -170 58
-381 361 31
712 944 65
-514 -118 83
70 636 28
749 252 93
-236 -200 47
681 -54 23
565 16 35
850 617 60
367 954 59
7 -632 16
833 690 20
-795 -161 58
-265 -243 73
-424 -13 88
-287 131 91
-323 702 40
751 846 97
-503 618 46
-804 -235 43
-385 -259 5
