59 40
-721 795 29
759 -890 92
-910 -301 72
-473 1000 44
619 542 37
-155 -15 90
-206 455 82
-661 -291 43
70 684 6
-354 640 83
-118 278 25
-726 69 12
847 -33 80
963 603 39
-745 -27 36
-672 693 17
447 -977 71
604 -317 97
-507 888 80
-928 960 6
-610 -469 38
-251 -919 47
579 -912 99
-208 -626 100
892 299 66
-353 1000 12
214 187 24
-743 -666 84
644 467 87
339 232 46
836 149 14
251 -334 67
619 -153 7
496 271 90
143 -389 90
883 295 50
-277 -246 56
329 214 38
109 656 8
-300 -817 66
18 -852 68
-422 281 80
994 333 4
68 -47 43
223 368 54
-155 233 80
-687 -18 80
516 -992 55
365 -835 26
519 965 88
-850 954 50
-846 129 90
-387 -458 31
282 -669 71
-749 -446 57
-618 23 22
8 -630 6
853 554 85
442 672 93
