53 6
405 -186 53
425 -571 68
476 -395 78
372 327 42
846 -680 73
-350 -453 71
-637 -474 78
972 442 68
853 759 49
119 -548 89
865 413 33
-177 -72 61
289 791 2
132 -252 99
970 -814 84
137 921 41
459 960 54
-338 752 13
695 413 46
228 481 90
-186 835 15
104 -542 41
832 868 16
54 -982 88
-946 -17 74
519 467 91
-863 634 44
776 10 69
-251 226 26
18 779 80
-878 839 40
-351 -931 48
-694 1 80
-690 720 1
980 894 18
-756 136 32
-808 -630 27
-30 338 83
-908 223 8
-548 -520 40
-273 427 56
225 -163 63
57 318 95
-546 961 78
61 221 68
99 774 82
-762 -549 30
-882 732 30
-857 -640 59
-711 -345 27
405 682 82
-782 -754 26
-471 -863 94
