54 35
179 -853 88
746 -259 2
685 -739 55
60 151 51
-953 -281 86
-259 -781 49
381 -631 22
834 -89 10
-471 623 48
24 -111 9
-28 701 41
814 -700 63
991 584 43
-274 496 5
134 765 54
-619 719 13
-711 184 23
137 785 9
401 -812 57
504 -53 9
229 217 98
-873 -446 40
-568 -444 60
341 726 14
-697 -736 8
-935 228 76
674 -801 22
914 119 28
948 175 34
550 859 6
461 606 7
-270 -231 51
-548 -892 22
-537 -464 65
-514 -586 72
643 -247 27
-5 -184 15
-112 929 70
213 938 26
-452 865 28
-730 850 27
-144 994 23
283 -366 54
-109 772 81
-857 670 51
754 721 26
623 -198 32
-862 -314 23
-284 134 48
-787 60 58
-568 -880 90
807 485 29
-754 980 34
-245 -864 39
