53 34
-893 -392 31
-376 689 72
-932 -378 11
-528 -774 1
-107 390 81
-685 -173 77
-149 36 30
-759 165 80
-455 61 33
-57 516 30
714 -429 4
-102 91 36
396 801 67
-205 138 54
776 -778 77
254 475 80
-624 357 73
952 568 1
-914 309 60
715 168 53
-397 -67 51
-778 457 2
-977 -106 38
635 648 65
596 -836 38
-720 -293 2
720 783 20
-341 541 67
141 -406 71
352 -757 64
662 -617 52
1000 275 46
-571 332 27
-641 -748 33
53 43 93
-422 -785 91
753 996 8
-576 383 64
38 -181 94
-118 -274 26
-510 -956 56
-841 -647 93
305 860 25
84 -598 11
357 410 23
663 840 79
488 -573 85
-648 4 64
411 -46 39
615 246 84
815 170 35
144 405 79
-827 622 24
