57 31
-913 -982 19
563 -667 77
-989 479 63
-216 323 48
-540 616 39
-877 -79 96
367 -629 14
289 771 55
373 966 94
-328 -236 28
54 -883 70
-894 467 22
750 -423 5
827 255 85
-408 -42 63
-19 -583 86
191 -666 37
560 289 56
-637 54 44
-425 -54 28
-624 291 85
567 556 4
-477 3 35
573 677 35
-526 362 5
-374 -388 86
-962 -752 35
385 -243 100
334 -376 51
-368 769 24
898 -489 87
-20 -567 66
226 398 61
-487 -277 35
-939 -969 10
360 -822 95
-907 -27 4
960 -549 55
390 168 31
441 -286 31
-631 195 54
-66 114 24
-238 -713 76
-968 -925 50
711 -733 45
-324 690 61
975 -958 98
151 495 36
801 -502 28
40 292 38
-366 105 5
-913 733 36
171 934 63
610 475 100
-902 766 67
-310 545 64
-460 -849 37
