59 2
-46 -284 100
246 228 75
170 -919 44
405 223 60
622 -507 18
-30 717 66
-2 -960 45
-686 961 37
636 786 88
-665 47 76
-790 551 5
-662 995 60
79 499 34
697 -699 28
272 260 82
-750 124 64
-819 33 16
-341 398 56
508 -443 14
422 -602 31
-61 69 48
-400 -731 72
593 -948 99
687 -9 9
-25 548 88
-723 772 2
405 693 71
-158 565 76
-694 3 7
-58 680 6
-380 955 3
-180 251 86
785 -883 45
753 -809 56
185 -983 62
-351 431 100
678 767 94
-171 824 3
-814 198 5
-144 752 92
413 -409 57
144 -69 15
996 255 46
-560 111 77
281 -123 64
252 -694 20
546 -72 27
-403 -677 73
974 -32 60
-355 455 68
332 747 87
602 -307 40
-419 430 91
-398 -348 52
-879 -365 65
-761 -363 60
-203 356 97
-875 139 19
955 -819 90
