59 2
475 -949 99
-776 413 52
620 -751 11
-359 -321 90
638 -194 22
951 879 40
-714 785 5
428 -349 16
-803 -114 86
-353 -975 37
-472 -468 25
-985 -783 58
-47 768 27
632 802 67
770 -868 43
67 -102 33
-476 583 66
-675 611 8
0 -899 95
-105 432 16
817 451 70
586 -937 37
192 -727 44
-210 306 66
781 -400 43
560 929 73
641 -303 3
-511 348 75
-423 954 41
-757 -588 91
-366 29 43
-140 -326 13
627 -859 88
-174 -948 10
363 69 81
338 994 86
995 -433 48
-956 146 80
-951 -674 80
736 868 83
428 -968 56
-902 325 10
840 -309 76
340 -993 57
869 -442 29
328 -486 25
951 141 64
-96 180 51
301 -789 87
-145 -529 53
147 398 67
-958 950 85
-688 591 100
496 892 60
80 709 32
299 -201 93
-683 -212 70
155 -603 93
-385 803 72
