2 34
2 130
2 189
2 239
2 309
2 415
3 442
3 493
4 539
3 591
4 661
4 679
4 708
4 788
4 813
4 839
4 896
4 985
5 1044
4 1117
4 1170
4 1255
4 1349
4 1360
4 1379
4 1469
4 1534
4 1634
4 1652
4 1669
4 1688
4 1752
4 1777
4 1875
4 1928
4 1936
4 1969
4 2009
4 2018
4 2073
5 2150
5 2161
5 2193
5 2222
5 2258
5 2264
5 2363
5 2369
5 2450
5 2539
5 2544
5 2571
5 2635
5 2672
5 2764
5 2837
5 2924
5 2942
5 3032
5 3092
5 3158
5 3254
5 3334
5 3337
5 3388
5 3437
5 3485
5 3512
5 3574
5 3636
5 3681
5 3701
5 3712
5 3800
5 3826
5 3870
5 3927
5 3965
5 4021
5 4083
5 4140
5 4190
5 4203
5 4288
5 4367
5 4384
5 4455
5 4546
5 4633
5 4701
5 4783
5 4806
5 4820
5 4834
5 4844
5 4851
5 4925
5 4944
5 4963
5 5002
