5 10
61717749303507807 83849626163233111 84388501405824055 8514730661576685 8408052512772637 42085112989954358
33333333333333333 70477132070314067 43546706335438313 61370380435458585 99101823689638606 77669930608921552
33333333333333333 21459633523757247 8151410984806542 14183403125185219 68299186110683565 35549692732468863
98146856836553017 53630682913685434 12400422817799555 29967281381593348 67521547136428867 48353536740933612
97356055491517734 55777507072845580 59235925940735000 6228770338558507 41778108608223669 60544364859700647
5960356361755846 59147828067221624 65687376011190687 33333333333333333 31563848832259443 98724011871535047
2 3 1333175914347793
3 4 80371774347266293
2 1 20920094361040152
2 3 793636751630698
0 5 68209364995103050
2 0 98643963346205063
3 2 7931291059115265
0 1 79380494404548821
2 5 6440038070576840
2 3 88122600737306767
