0 1 2 3 4 0 5 6 7 8 0 9 10 11 12 0 13 14 15 16 0
0 1 2 3 4 0 5 6 7 8 0 9 10 11 12 0 13 14 15 16 0
0 1 16 3 17 0 5 18 7 19 0 20 10 11 12 0 21 14 15 16 0
0 1 21 3 22 0 5 23 7 24 0 25 10 11 12 0 26 14 15 16 0
0 1 26 3 27 0 5 28 7 29 0 30 10 11 12 0 31 14 15 16 0
0 31 32 33 34 0 35 36 37 38 0 39 40 41 42 0 43 44 45 46 0
0 31 32 33 34 0 35 36 37 38 0 39 40 41 42 0 43 44 45 46 0
0 46 47 48 49 0 50 51 52 53 0 54 55 56 57 0 58 59 60 61 0
0 46 47 48 61 0 62 51 52 63 0 54 55 56 64 0 65 59 60 66 0
0 66 67 68 69 0 70 51 52 71 0 72 73 74 75 0 76 59 60 77 0
0 77 67 68 69 0 78 51 52 79 0 80 73 74 75 0 81 59 60 82 0
0 82 83 84 85 0 86 87 88 89 0 90 91 92 93 0 94 95 96 97 0
0 82 83 84 85 0 86 87 88 89 0 90 91 92 93 0 94 95 96 97 0
