3
2
3 3 3 3 3
3 1 4 2 5
7
1000000000 1000000000 1000000000 1000000000 1000000000
1000000000 1000000000 1000000000 1000000000 1000000000
1000000000 1000000000 1000000000 1000000000 1000000000
1000000000 1000000000 1000000000 1000000000 1000000000
1000000000 1000000000 1000000000 1000000000 1000000000
1000000000 1000000000 1000000000 1000000000 1000000000
1000000000 1000000000 1000000000 1000000000 1000000000
10
145852338 455046273 447701888 302317605 187706517
469056787 117990013 461926296 216907828 419205454
89931495 63942616 324197994 555154220 469433755
285221794 487750820 398191999 232324766 44467392
356205020 422423283 451558541 314957395 11846473
212753197 384933474 328150388 111956686 11132031
414426705 377305504 500797865 354689082 115544977
176361367 59266253 439600074 328676554 233005233
310994713 74852265 430187235 889232556 487055975
22464564 297489263 186185204 29275688 641606972
