12 12
-50 -40 -30 -20 -10 0 10 20 30 40 50 5
-50 -49 -48 -47 -46 -45 -44 -43 -42 -41 -40 -39
-50 -45 -40 -35 -30 -25 -20 -15 -10 -5 0 5
-30 -30 -30 -30 -20 -10 0 10 20 30 40 50
-20 -25 -15 -30 -10 -35 -5 -40 0 -45 5 -50
-10 0 -20 10 -30 20 -40 30 -50 40 50 -10
0 0 0 0 0 0 0 0 0 0 0 0
10 9 8 7 6 5 4 3 2 1 0 -1
20 25 30 35 40 45 50 15 10 5 0 -5
30 20 10 0 -10 -20 -30 -40 -50 40 50 30
40 41 42 43 44 45 46 47 48 49 50 39
-50 -40 -30 -20 -10 0 10 20 30 40 50 50
5 -5 15 -15 25 -25 35 -35 45 -45 50 -50
