365
2 99 18 90 11 25 50 26 57 74 73 32 4 50 81 82 19 92 47 97 43 6 92 45 14 24
9558 16014 17351 6794 12312 14759 12830 16501 18639 11737 11351 2972 9694 8880 18091 17981 10353 16284 3451 13265 991 7556 13751 148 12134 16814
9821 9867 3208 2297 19550 18408 7195 19606 1695 7387 14909 5243 4345 9167 10661 16814 6827 742 25 9780 4419 6662 10422 7877 11847 18702
4108 11619 8242 13323 16069 13679 17320 10692 12131 11579 11546 14628 13790 671 18083 16372 17303 12324 15245 16861 7203 15641 3785 8647 1408 13284
3161 71 18686 3691 17714 7246 16951 19543 14044 6527 10285 1407 5962 7512 17024 10581 14012 9397 19086 12227 4656 498 7722 6102 17095 17212
1992 1428 14202 18340 5232 141 980 18947 5117 14883 18155 11337 6346 14752 13637 13117 17976 19214 16308 6498 17078 3906 12876 2583 6077 18636
13689 11127 4382 3939 14512 8325 8219 11000 3737 9069 8998 14695 2125 17811 18852 1049 15700 12714 7152 17445 5254 10069 14537 9372 4006 11952
6856 18469 11581 1427 532 13140 4968 17041 8565 9626 7305 1176 17844 2534 8248 18122 11046 14404 12572 9396 12975 3957 4918 12265 6136 12611
1379 10886 6568 7014 173 15930 18365 11268 632 17406 15620 3345 17069 13706 18680 4505 16138 1264 5051 3672 15334 4170 8108 8266 447 18411
2852 6190 11231 6479 3225 7085 19734 5997 5980 18789 17806 1281 10094 17427 18041 9079 4267 15068 303 18188 13444 1498 9528 14302 3427 5675
14050 8507 6751 12594 2061 9869 1915 16447 18140 13221 7867 17061 19192 10864 2822 10113 15103 17962 11996 6544 4597 15292 14583 846 4082 7229
13585 5916 12593 379 2504 11734 13181 13180 2114 16223 8833 13422 11801 13584 13525 12767 18582 1231 10622 4911 15347 19501 11920 825 8870 19784
15730 18438 3070 9390 11792 10684 7811 18213 3291 997 12849 6526 14445 15034 16811 14781 8268 19851 16713 7791 16797 11744 17497 13002 15432 18284
2719 7047 1905 19877 8539 8340 11435 9870 14368 17772 9624 17070 16804 433 11591 723 10835 16096 2417 4079 4196 8341 14965 8844 13731 15446
12092 8548 13886 15482 15026 1077 2139 10545 5972 8981 19331 612 19802 7045 6878 4374 7929 4767 7408 4930 12481 12359 10124 14905 5189 14553
5654 1241 14672 15592 1688 13543 9606 16660 6658 11644 1306 17176 8643 5228 14888 15421 6806 7129 18066 11683 19340 9540 1068 1075 2700 4995
19618 737 7931 5705 16772 11759 12117 10231 11459 786 14749 10174 13887 10044 1081 9405 17717 2493 1793 12045 7892 8997 12005 1889 11063 11007
2944 14002 8263 18788 19114 5960 9216 12002 2079 11003 5954 13576 16798 17016 15751 1951 11885 18278 15894 11462 1605 19657 9400 19201 9243 5000
5812 10943 10132 17873 4324 13408 15455 17105 8463 19240 8445 11451 15489 19755 1806 5918 17369 15332 15097 7956 6565 2365 1621 15954 3427 19944
19117 19767 6221 2090 9884 5836 19440 14965 8326 10997 9470 12629 3376 16782 12950 17327 18966 287 7183 4698 12261 7756 3787 5369 13161 15650
18606 5910 2449 10335 3819 18941 18193 5086 12425 15731 12113 3136 685 7653 16090 2750 6064 2095 3037 7919 190 12811 16 16957 12430 4389
10371 12855 2849 11025 3918 16841 17788 7384 16223 12325 12179 4438 17335 16132 10875 2598 11675 1789 14582 18226 10616 18127 5239 18215 19500 14445
16569 17774 148 7678 11605 8382 19434 7027 18034 7429 548 14836 14983 1986 5180 10199 19793 7748 12662 957 1159 15282 8997 10418 8009 13370
18525 9781 4830 3121 16718 6056 8990 9543 7372 12361 14107 17907 10360 13069 628 7506 16851 7784 18980 6357 1497 440 15001 14014 13011 13482
15223 19379 14032 14767 16375 1320 15793 10564 12199 9152 8333 10932 13639 4114 12462 8228 12516 12178 5546 7935 14750 3171 4957 412 5411 7615
3908 7761 13788 3417 3659 3794 19734 13387 8878 8376 16413 16379 17457 10786 18647 18243 12713 16529 9616 11292 5578 14057 16886 9616 13930 13195
6721 8751 13086 7724 4564 18128 6697 2421 178 6537 13673 1614 9386 47 1771 4424 5092 3127 1140 4 19489 18461 16641 6760 19616 393
14832 16685 9434 9817 543 17167 9638 9072 7780 18895 19639 6240 13255 11859 18698 18739 1459 3367 10709 16885 16745 3355 10733 7294 18666 9225
4072 6094 11164 12815 10855 19035 18991 19937 19681 12694 19777 11566 17143 192 7526 10885 5679 13994 13041 8930 13508 17986 1599 3084 12863 3823
18144 1244 9727 2354 1483 15771 14969 17359 479 15819 10972 6198 14123 9237 15294 15518 3049 17465 17232 4568 5283 17380 11564 7986 15286 1947
9526 18482 1540 18709 17845 9392 12204 19702 8780 12667 13760 8365 16892 17366 18224 10053 861 19773 4862 9624 8830 9708 17534 16728 12808 1223
10398 10728 18190 11258 15418 19544 1872 18391 14806 4119 6863 17281 8788 7212 1255 12964 5847 12416 12253 12872 8559 15393 10746 17562 14413 4994
5553 13700 4815 5939 7147 5743 6686 10344 601 17738 19323 8191 3922 14867 13683 5940 18778 2991 4247 13099 9666 3084 9671 7240 18449 9833
1504 14337 14810 19764 9573 17307 10387 19549 12645 17455 19075 13502 6543 2220 2903 10745 6354 19232 15348 19888 14113 2203 16929 17589 4434 13379
4874 15684 18880 9852 9277 12095 4186 11695 1531 13419 16407 13121 779 816 15377 304 15293 5781 17339 4022 17344 9713 4967 13107 14451 3030
16027 8425 3486 13437 2802 103 5393 18050 729 16905 19448 6943 17699 8852 10233 17487 12068 1091 16828 9208 16580 2543 10489 9283 3264 15373
14243 11058 2727 7753 7253 12108 6406 6311 6471 10904 1391 18071 9577 3437 2930 19169 8689 12335 4736 13730 1187 5889 8920 12609 9645 6975
19920 7058 5335 14165 14660 17347 10885 14048 5837 4685 13924 8404 17996 17137 12095 4549 487 3213 15632 7268 4919 3582 4804 11756 17350 3789
8080 14749 17134 16771 12315 17063 6340 16998 12489 913 8331 19166 11722 15688 19913 11414 9298 6009 6576 16285 19792 7126 12418 17874 12340 2017
1391 7708 12725 13570 273 5258 2932 12022 2876 6301 6784 4009 9888 16561 13050 9211 11214 8387 18769 6983 18426 11641 15340 19981 2899 10548
10437 4839 13089 7659 4807 19531 17199 17214 18011 8529 5961 11066 18917 873 11414 3641 11222 7283 2199 5561 14463 859 15000 2654 3351 6762
5933 15618 3557 2054 5912 12157 687 5434 15756 1734 8976 7188 11197 19960 19834 845 3999 8148 853 737 5446 15736 18205 9081 15639 936
1393 17655 1584 1856 2940 7472 11165 4644 17960 4841 19211 2929 7718 4752 1387 17963 15044 6020 3267 14265 18755 17528 12260 10161 9721 1138
3241 16192 15180 9434 10019 6138 12814 7599 13865 5209 1552 17511 18390 15287 15396 12907 10990 7929 18785 11837 2310 5583 5489 16640 18953 8147
6375 7961 6740 5751 4228 647 8334 10175 9921 830 19969 13559 2958 13897 8981 17180 4963 8994 8102 4044 419 7203 6507 8821 11355 6934
13089 18458 14501 4928 10455 6358 12210 10094 13200 701 6440 664 12594 9909 12697 13202 3060 7447 19843 2604 10634 13384 16879 5969 5095 13089
2675 11289 15714 5955 3544 2523 14238 3977 9842 13245 4268 7286 12145 16182 8073 18154 12067 13820 10420 14037 14569 3257 7600 1645 16837 13013
15092 1695 3669 16097 4098 18032 19905 15395 3733 6335 4416 4853 12224 905 13969 11127 9847 10167 15904 9387 2205 18410 1991 17422 17145 5018
9457 18870 5226 10853 11859 10673 5313 4315 9757 16637 5203 3091 4426 11814 10858 16459 8578 3597 16343 14533 15865 18026 4755 3280 18665 17291
16275 11838 218 18332 19206 11810 15351 594 8291 1061 14367 12890 11513 9020 1837 8819 13584 2605 6572 9872 4444 1705 4867 6596 1031 9299
7622 11481 3608 13262 1998 8261 8056 14100 3702 3724 5206 19812 17990 4485 381 82 17094 13759 2138 1708 10019 16567 13356 11018 14181 15134
980 19554 18849 3858 16573 3836 12982 194 18131 10182 3000 3089 14992 14292 6849 14750 993 13253 7171 10169 9465 3723 2983 6294 18913 3257
15209 4838 7984 2282 12306 7901 17107 4075 9169 10964 2424 15 19758 4489 7551 13457 8138 5222 12399 12929 9169 16419 8109 2326 10690 13945
18655 18557 9795 15495 2971 13032 12169 19799 16543 6480 4403 11110 3018 6902 5775 8545 19720 1689 14662 9900 12622 5996 14135 14796 8637 9825
6696 6706 13524 5813 10999 2633 14128 10506 10321 13818 11753 18256 3406 4159 19378 7195 19945 901 6860 10801 13129 19418 2202 19126 8624 3241
12968 8845 17631 16870 12022 833 12325 19795 19170 19567 18726 3662 12362 12131 10988 17008 2 6549 7510 4137 7528 9476 8504 6861 5151 47
13016 15108 15008 2011 19840 1233 5409 13109 13279 1620 5153 1106 13503 12302 1189 16676 16615 11374 3285 3328 3357 1044 1084 5009 6230 8141
1903 3193 19749 983 3844 13298 16495 18199 5643 14067 4179 14219 9563 15061 2251 8513 11398 12015 14137 5573 18951 14854 5902 8003 18380 4568
9338 2225 9540 14958 9057 17438 12869 1355 3523 15921 19221 4696 14091 11277 3126 18022 10958 4467 17413 2762 16883 14509 5058 8252 18786 13250
972 4195 3977 7715 18909 1043 10349 13243 9660 3691 19327 8373 4483 1641 4144 13724 10712 14729 12419 19233 16708 13241 384 12314 181 8679
12630 5677 18570 3290 12111 2158 18656 19559 2703 19734 2686 8050 8419 4690 19889 14807 16898 17410 3326 19038 6835 1791 19535 13977 16250 16889
18747 74 6668 16587 5249 16779 7192 12032 684 7464 9519 4536 113 9810 1763 5727 14675 7139 18887 84 10711 10699 8212 2197 8004 16857
1754 4359 2180 1792 7420 2965 18533 2335 14286 606 10190 18455 16078 16442 13378 5315 5937 18034 12609 11712 18174 11925 18475 11164 6673 9599
2016 19119 2728 9417 13580 8223 1507 8834 11965 5044 3564 15164 15708 17851 13001 15427 13071 10931 9980 10895 4131 6881 19330 11662 11165 13085
16125 11193 2222 6887 10776 6217 8370 19712 1179 18284 4904 19040 16148 2923 13735 18809 5982 11452 15412 13361 6901 14323 5076 4301 9798 13697
3333 6215 17425 3178 17198 5055 4288 13330 11059 5156 2478 14247 13952 10843 12351 5761 2425 16184 5995 19444 6657 5335 13205 13610 12769 19297
535 8531 4172 4441 868 13964 15899 4255 5481 5235 8762 12886 7885 15640 1781 13427 12798 17400 15435 6295 4307 2871 1780 8377 7616 9932
14185 13429 517 17715 6782 4616 19338 2568 19745 10021 15621 14110 11117 17093 3117 6655 9663 17712 6687 15603 1893 11585 2405 4879 1629 19076
1168 7040 7159 4391 16047 14424 15382 15539 18911 18603 15701 8240 1678 19797 12923 5760 12207 9036 5689 5765 5891 339 13395 10910 18335 18119
18096 12424 6680 217 10142 8071 17755 1729 6024 17874 7636 1389 1018 7697 553 13225 5379 9024 11348 6632 2669 13728 4455 547 4017 1471
15128 3457 2604 2100 13582 18357 10852 11687 14553 19324 14984 16280 9509 15410 13004 19366 4766 1433 9744 17397 14318 2972 4855 994 17386 10189
19797 15397 850 5234 12270 15037 18842 3297 12727 1743 614 19245 7227 10825 1543 13994 3897 11523 7127 9079 15905 274 13842 4438 10570 11780
19473 8706 19495 3585 6248 3090 8111 14954 15254 10554 18097 5131 5264 1546 9621 6941 5691 13691 10740 167 17397 11374 2872 6598 17933 7866
3965 12935 16742 15019 14387 5253 16352 18818 8217 6684 3302 3925 2496 13636 4336 11472 6297 18283 5879 13499 15891 9323 15111 7932 1303 9726
12298 7469 4975 7185 6183 1175 19983 10183 5845 10082 15723 313 13544 4752 17329 19996 13210 6817 3529 18589 5117 5792 6713 19753 14216 12567
7758 10125 11370 7119 888 10774 3568 15404 14835 9431 11672 13650 16398 1350 1947 14367 3734 6586 16504 9863 17329 10359 14383 13277 603 2430
9790 5961 9571 14934 1138 15416 12793 253 12613 10684 5632 17761 8848 11294 2774 9575 18627 5334 6429 2360 17484 10426 397 12508 18911 6860
14617 4096 16684 2453 17630 15032 8281 2533 11787 9111 9774 16292 16302 3465 4382 14988 850 3746 122 13343 8043 14340 12486 12076 16064 8302
17909 16862 2436 3901 6753 1970 12342 5606 10121 19682 8251 18283 6777 17182 2807 17451 10014 4532 6995 16843 13645 9371 18798 11038 262 5428
6680 17111 15157 11808 18159 1843 11523 10285 5340 18238 5674 14445 10343 3962 11066 15851 16506 14292 8611 5242 12028 12356 4073 11947 17217 13361
461 8130 5233 17837 12006 10855 942 17823 15964 8500 1789 5399 7703 18144 3335 16846 19006 4064 11664 10016 6016 4777 3766 14631 12534 4606
15597 3396 19864 7091 14994 8894 15909 12506 16513 16997 2908 19149 18823 363 5701 3203 2751 15150 19778 17557 18210 11730 1834 9564 10992 5762
6238 12507 9349 783 16466 7466 9022 11253 5816 249 14140 13993 389 19969 19679 4375 9092 11571 10653 1656 5547 8836 12876 7122 5347 17339
16055 9473 12370 13660 9556 13567 5675 13084 15825 18605 19056 15162 19174 2918 5764 7768 12052 5414 13550 6860 14579 19010 12106 9171 3314 13205
11378 5065 18134 13667 4239 214 5033 2761 3600 11588 4757 9346 6121 1589 11959 9302 15866 10307 2440 18547 3826 2749 18441 3683 11696 12148
9897 12177 913 5291 3269 5451 6838 633 19561 19906 1402 1783 3516 8078 14484 686 14926 13268 16902 9979 5194 4415 19085 13993 18190 14983
17130 15165 6630 2961 106 10884 6408 19254 19612 16932 11221 16430 1989 13656 11110 4940 7883 13374 6180 8503 920 11462 10189 6529 7528 12809
2079 19117 14412 3868 11207 14586 9143 1494 11687 6925 13169 9959 14209 8327 2231 4209 1610 11562 15385 14917 12884 14217 12420 922 7777 11055
3228 9841 521 13066 18613 1635 8794 14430 16494 7157 2508 10407 3537 13158 14780 4030 6128 4995 16518 5277 19273 19172 3964 2610 10107 16227
22 16678 14600 1995 11301 4846 10897 6557 11369 13987 14679 9174 17788 8135 3379 4772 11220 16999 554 17815 18586 13340 18228 19422 817 9367
13748 8846 9704 3495 16493 13755 2595 13541 1318 6652 19860 10724 14527 482 4881 8848 6906 19694 2001 4250 7006 783 2854 5588 17002 1273
16196 17455 3951 5948 12135 12902 7920 3946 10107 6441 19478 5827 4416 10270 700 1741 19432 3490 3541 7809 9554 15875 13527 9056 12006 8685
18309 8790 5579 7510 18105 1008 8818 7609 12574 12637 12478 12546 3417 10977 9339 9187 9907 3479 19747 8782 19907 8914 5629 17428 4989 10838
6744 192 10426 16895 14344 3357 18719 6608 864 8727 3406 13402 13212 17684 10562 10868 16354 3691 1055 10393 14286 1665 13691 18356 10951 15865
12065 11683 9261 8465 15596 11406 15583 12010 5476 4024 5690 12130 10940 6318 7987 16117 15505 17770 1485 747 5585 14128 15112 8754 14343 1826
19381 11082 11062 7827 10602 7248 17195 15737 9499 4388 18715 16987 15721 8965 8859 9462 2701 14062 1069 12884 7558 6805 4342 17761 17903 16159
12767 19304 10035 14719 9901 14349 11424 3132 5980 8416 12026 15223 3089 8950 10564 152 12049 1623 18256 1694 7519 7439 16089 18678 4726 4841
1940 215 5822 19193 16876 3890 6820 7771 783 5646 10033 12449 3696 5889 2514 8933 6250 16894 12274 18392 17176 13277 17755 2385 9392 16948
14769 10383 15325 10777 15759 6921 17559 17870 3086 6767 7863 43 19297 12660 2446 7011 9829 5818 2444 9120 1718 1050 13907 756 17859 16632
11588 17725 11086 16835 9590 1842 12956 12907 10024 10717 8779 18516 3813 3867 13398 8197 13561 10928 19950 3714 15545 8269 8213 9952 16687 2929
1615 8956 1141 6082 9108 10592 1779 4373 5257 17770 14452 2243 17625 17219 15873 5351 10973 3187 10637 9007 13303 8458 15671 2408 18686 7305
3547 15154 9871 5680 12378 10559 4775 6003 13320 10686 17025 6474 13378 12197 2048 1674 12357 19418 2011 18349 19952 17095 17457 9948 17059 9317
19947 13425 8621 14484 15052 3011 7032 15819 5761 14317 5998 10969 1899 18737 13369 19400 16658 2554 11214 7829 3796 17684 8616 17543 11933 1539
9109 4595 2450 4694 1872 4591 13948 2180 6070 19554 8767 11322 11332 3478 11047 1386 8595 10048 11682 10802 18599 12163 9786 5464 2001 16217
13008 9905 633 5483 3491 11907 2524 16831 14235 15045 13679 3399 19273 12301 12823 18587 13840 12073 582 13089 2070 14052 10760 19223 1236 2228
11991 619 18146 4785 16559 8479 12610 9838 11579 6764 13335 13233 660 11656 19528 11833 6888 5342 19431 15213 19918 2210 16123 1016 643 973
7908 573 6925 165 4911 18836 7973 10782 8662 1382 5018 18048 954 14770 17721 15249 17313 11194 10201 14850 9551 7727 19489 19533 17988 18391
9296 13370 13500 19488 3782 18173 460 1040 2043 17961 11404 8973 7098 10242 10197 12905 3234 9650 13057 13322 3319 12633 17999 14704 6303 9645
18332 19995 15227 16322 16747 19884 10042 3114 19970 10232 3652 14882 2513 7949 466 19483 8445 18701 9569 18483 18346 14894 13048 2064 5543 5945
12526 3747 7671 5097 11966 18729 18728 6381 16037 6070 16109 5333 11355 10610 15431 6965 9161 17054 11572 12493 11729 7539 7775 11526 10995 8443
519 8737 6053 4824 7682 19200 16275 12736 1861 12412 12223 1055 15253 10048 11313 3154 6141 11268 13352 5403 19460 18204 18016 5659 2580 6674
15938 17987 2386 2020 16786 4164 15837 15503 14199 9064 19383 3129 4409 8763 4615 18117 8111 12542 13099 9440 11124 10453 1960 13722 17262 7413
18241 2347 14279 2571 4495 17164 7803 3998 15391 14554 15559 6141 18744 8237 3028 11334 3063 15757 4556 11022 6600 4258 10214 11619 12446 12342
8016 16390 18317 17 1126 8311 15938 1048 135 394 1145 11340 9182 16378 3799 5949 7565 9667 11910 3655 15681 17621 8894 9544 9754 15483
9317 1816 14359 2551 14777 12444 1934 11889 14551 5756 17691 18811 12525 12421 10403 17849 19030 18491 19118 4008 2574 8787 15517 18959 11692 14013
14284 10903 5630 6035 16823 19172 6336 12931 6313 17274 8627 11225 18271 12920 2013 6346 19702 4384 19505 8878 13386 14806 8720 5067 2653 6425
4782 8720 6645 17260 1067 13235 10367 9470 10609 1764 18013 6531 14879 9275 10823 15937 9645 14299 11073 18503 10052 4109 18533 5064 11932 18233
17481 17420 491 11251 16103 15293 16122 7763 17388 17703 16448 1361 17678 4547 4544 7593 19038 8500 18665 12366 16243 6686 12104 17869 4062 15546
727 4345 3193 16438 18510 19166 15143 10808 1040 19499 8855 19530 19368 3688 6643 2576 8981 11332 15811 16013 13454 6134 2133 2440 16319 45
6653 1600 19805 11029 12458 8635 3822 14648 10592 7179 14581 12048 9947 17363 11212 15371 19883 11467 14982 7304 2674 15215 520 17645 9357 16767
15599 14661 6522 6230 14847 18439 19298 3914 13055 14656 2340 10481 10459 27 19605 545 9551 5537 6361 17363 18892 2542 5541 12504 3241 13853
14616 16259 6723 6659 8050 18566 112 17345 10133 14174 3029 9431 9360 13120 9527 15372 2115 10927 9681 19559 3705 87 15471 14954 3180 16112
2901 1229 14326 8552 10807 14853 7984 15553 12024 18700 9459 3496 1550 4078 9818 6274 16965 17441 4953 3845 11105 18849 6662 12954 15093 706
14361 9613 8046 9682 160 13482 13705 2956 3086 14425 18910 10862 17279 8044 2501 13766 7386 6716 14015 963 8438 12742 19902 2748 18510 13267
3118 5125 9020 1562 592 9657 12972 17008 5546 6909 451 15488 13139 9792 17726 15999 12015 6656 16730 12313 11095 6723 15578 16678 3899 14215
19105 1890 9064 1478 15060 9921 6829 5590 13205 7680 8493 145 1458 9291 1770 10139 17727 4779 8599 7015 10524 10321 13348 19330 5504 2033
14885 7524 18062 6446 15410 11096 7895 16477 14781 2058 2436 8408 19284 5422 14409 18503 14092 6650 5444 4926 5694 8762 10731 12166 2940 10842
5380 9995 19472 10433 2503 13728 4744 12422 16453 9125 15741 15798 8910 17704 9657 15608 13678 12159 15109 10785 16690 8283 9556 9226 17308 11951
14615 15132 19876 15817 9914 7832 11707 10397 16680 4919 7909 4850 18486 16794 9642 7220 2972 11189 9413 17238 7673 7029 9310 14081 10511 2647
1587 373 16973 2982 296 14407 13208 19419 11816 3562 17249 8206 12816 13583 13690 10192 15466 4006 14871 17565 7728 18780 15598 4875 19500 4992
4207 4673 1440 9555 13594 4013 10812 6273 13126 4450 13214 5050 10683 16134 3174 9771 15351 5070 9713 18515 7774 17214 12274 3115 100 15102
10426 18721 10730 12635 6805 348 11795 5539 12226 1375 17729 14804 14220 1333 1370 1939 3620 18138 19505 19346 18987 1934 13204 19094 1105 2003
7876 8237 9776 6947 2147 15125 6853 5007 12464 7784 3029 11869 17741 5272 6740 2122 19329 8920 16337 8152 18153 8365 1619 17912 15887 901
19850 6927 7417 13984 3851 3909 9255 16097 17180 11377 17849 8335 19189 3698 4537 9281 2746 5618 14648 9680 3368 19779 9492 18436 3614 9628
11246 16835 10237 14271 4387 15256 2779 11142 14563 8008 17519 7627 11114 18176 17455 8018 4656 19370 15640 18347 12665 7851 10534 18789 8260 9283
3447 9893 18778 3368 16065 7246 11931 12227 1030 2154 8963 14694 16840 18207 8421 15738 3977 11397 7123 15015 3253 8070 9634 1753 4425 4077
12826 6198 8822 14606 2710 1574 1137 17754 11911 6676 16081 12732 13463 15574 8751 2039 8071 1549 3161 10293 13083 4423 9851 6380 5974 10334
12528 4696 564 10422 5225 19575 9041 7244 17346 17393 12750 5913 3801 1189 6279 8356 14991 11926 981 9935 18595 2174 2510 13746 1838 12804
433 15153 18083 16713 17534 2094 8810 13345 11627 13953 2359 11574 17002 4208 10054 16674 19643 19377 1742 11396 9457 5289 17640 13174 9280 18696
6465 9947 14161 1885 16586 14702 7087 12829 12694 11101 3453 18497 8837 11136 15732 4943 10486 12989 15318 641 1060 15535 19099 17664 6411 15648
14178 8175 1473 4765 15718 19998 12833 17535 14927 3625 17526 4612 18617 16521 8190 4585 6257 17379 7312 9428 15487 10197 11035 17570 295 17478
11089 175 8643 11696 13041 3243 1742 16423 10395 13985 880 2364 5959 3097 1772 17291 8575 8438 4190 1338 6886 4345 417 15804 8341 9078
6431 12467 9904 7386 2258 2405 6659 12804 13735 15455 18738 19991 13185 15318 18564 11373 15991 7357 2586 6332 2016 16730 5382 5574 13821 1792
5706 14428 5620 15813 15919 12441 3128 17819 64 3985 13968 804 8016 14216 9831 8810 13076 9140 11091 7402 7698 5460 14717 11184 19533 13973
15785 1280 16793 552 14665 16450 13091 2316 14588 16097 17062 7316 6325 5184 5811 14213 8778 5450 14378 15635 8238 17246 3683 15648 10499 17731
9573 11624 19156 17580 11327 13029 13819 19125 14347 4614 13709 5837 841 7732 12301 11754 10584 7910 5002 1898 19065 1819 16292 17192 10138 9565
2062 12453 18844 19648 2993 8673 1171 11678 7668 2733 1605 7815 5774 11534 13653 1626 5510 9125 3478 15791 6124 7875 983 10068 4445 8544
17319 19086 19646 8927 15351 12185 18271 7969 10302 14938 14088 18582 5813 10923 16679 1556 8483 5002 10737 9851 2508 16792 14610 1215 12285 6645
13596 8939 295 544 16559 11925 17438 15132 15745 17086 8473 2767 12306 14254 7875 3117 17029 12806 1548 16448 4013 3326 14393 10721 14956 7347
3307 6168 15498 5388 18932 866 17058 15650 483 19982 4332 13122 659 10419 16640 11892 9681 15528 2782 16183 2025 11640 2507 9703 4106 1342
16467 10021 11327 2642 18512 13850 16529 5992 12572 17120 15557 320 19283 10793 1352 4590 15699 14242 16405 1515 8611 172 15097 6899 11222 13928
13291 8666 7724 12791 13053 15484 15136 17071 5217 14495 7743 4554 1454 8694 9048 18026 16117 10769 8944 800 14743 15329 1984 4659 1393 4490
5467 17597 16581 12781 16537 18011 17394 18131 12511 16775 549 18960 18783 19560 2618 5239 16451 19206 9975 2970 5726 11834 16051 14079 11786 10185
19140 18281 8597 18796 5947 16539 9455 14693 17126 7237 9962 13284 338 4817 5294 11257 17485 8041 521 16768 12891 1682 17295 15649 3912 4643
17160 10093 10488 2568 9390 12299 1281 15110 16964 7969 8273 3682 13034 10573 11508 185 1664 16220 5454 2658 15622 2089 6423 7102 2186 15678
5609 17016 17985 13264 15603 5883 11882 9209 17447 3192 19017 15895 1530 18956 15279 6202 10539 1391 10159 15135 12839 14836 878 11637 4362 1779
5100 2360 1542 11765 11304 12562 11069 15056 3826 6145 3491 16036 16078 3417 9239 8195 9243 7819 3328 18272 744 288 9461 9988 13922 3343
10804 3611 15352 8488 13580 9727 6501 1505 17347 14274 19493 12609 9720 15878 6440 12039 9776 3632 6508 11435 14937 16648 10351 10074 2074 17716
9768 10366 16531 6922 3082 4445 17443 8391 15628 3534 15218 11642 9434 19714 2724 9821 3791 5894 9019 12110 9617 4100 1173 10949 6622 14724
2676 6570 13695 11276 14277 10453 14354 13321 9836 6717 12412 14359 1972 1753 14384 1380 17963 17773 18263 10059 18440 6154 18917 16395 9087 7106
17054 2062 6451 6249 6868 15724 15858 1831 12889 18854 11129 966 14726 15149 4273 19497 18284 15368 15673 19293 15674 1835 10543 2859 16113 12070
16691 12952 15112 4603 1381 3546 14149 18902 9742 13142 11700 14977 15300 17557 628 16613 5776 311 16722 3696 17525 15507 1504 17393 18527 14800
2438 14937 8799 16214 2988 16815 12864 6111 19021 3282 15644 9479 6653 14118 6905 9979 2365 11474 7022 12793 11644 16233 6358 6759 16290 10158
2127 7987 6012 3802 4976 17375 16060 1712 2852 15981 1227 13559 9124 7925 5284 8385 534 2904 12118 4571 10784 15489 11325 7695 6146 13633
14094 11209 4432 10464 126 17543 12853 11938 14863 11552 13087 804 18752 7153 8381 16862 14122 9367 8229 3111 16840 10514 2136 12760 13111 3336
18370 610 14619 6146 19864 16684 14729 17671 2674 4944 14074 14588 12817 17401 6693 16838 1698 18472 16085 14960 11974 44 5154 1992 19048 937
10326 10320 9946 8339 8260 11439 8826 7464 111 5402 18083 9764 791 9944 7319 17996 3158 2027 19129 12969 9486 1740 13842 8446 10542 6901
7672 12537 18814 1041 8430 18343 13964 10935 2434 19767 8347 12017 15096 2242 7655 7536 19604 2028 13687 7895 7092 17907 7123 6268 9745 6436
16350 6207 15675 4177 19282 5004 1658 16653 6103 19518 10872 6637 2467 15616 1815 4562 5999 5063 1206 19192 12839 4788 3571 3013 17032 3426
19918 19463 15926 14445 1940 8046 574 18238 4651 12545 16285 19250 6606 2861 2374 19934 12962 18175 19141 1060 800 8740 16239 368 6134 13998
16507 10102 7363 1340 12574 8133 39 9642 17750 15854 3049 5485 7731 5335 626 4407 5380 11569 12024 10119 16674 1868 1729 7637 7599 14844
8390 13361 6191 19783 10253 15414 4062 11810 19765 5109 13172 12577 17583 3639 1184 18341 14434 14792 17173 10341 13870 3609 18566 19149 11312 15213
5133 3280 2320 5890 4140 9244 12214 2353 94 2965 185 9040 700 4196 8381 1610 12092 7439 17063 6097 9526 10781 7081 3329 3055 8304
5484 17849 13955 5572 5580 4046 5609 5389 5268 14815 16264 7536 17068 3133 16523 9788 4361 11734 5690 2024 13704 11828 19954 1324 8741 10569
8996 17442 1035 8409 4626 15009 635 9769 3459 13265 14464 18375 3245 18566 11578 285 1156 14542 14432 6298 2413 10731 940 18680 2143 8151
14864 17544 17808 13531 19150 16217 17 10539 9541 4022 16134 6815 8889 19490 6015 8590 13520 10249 16328 17164 17392 11056 10636 5828 7242 10065
7920 13697 7379 16216 17425 1934 3263 5674 11412 13462 12430 13933 16619 10363 18445 4854 13640 7070 15114 4672 12749 17544 17463 4435 10313 5307
12113 16483 17576 19521 14534 1292 14385 17167 16920 17598 14102 18646 11686 10082 15014 18844 17635 11683 14475 5669 393 18255 19040 14328 2401 17513
9822 18630 3825 11535 3720 512 13479 6866 17545 10367 4363 14441 4997 2978 2938 10675 19470 15871 6457 12905 7767 11665 2219 7850 12449 11041
6418 19815 17955 14781 12735 15397 7244 8422 7895 9204 15261 18979 8006 13566 218 11608 3127 6039 18381 8498 3267 15059 6008 3525 834 17249
18572 5539 11170 9859 766 6875 9597 18226 17755 16891 18348 13150 12419 2737 19874 10236 12467 9335 3409 11481 13802 7124 18081 10562 801 12864
7094 10123 15731 10603 13350 16909 5884 11154 13615 13323 11593 19740 15608 9687 19617 16141 9186 16100 2235 10135 1212 18798 9620 8556 816 9788
4975 2439 19750 18066 17712 17761 10571 13272 7620 382 18106 16310 15602 15184 1637 11416 5370 15196 10618 6658 10907 14544 16066 4333 2515 2574
5792 5725 4642 17791 1744 5615 12126 9258 16775 1541 15937 1149 15831 13229 598 5279 12850 16784 11349 17276 5555 4981 9598 8694 18472 19578
5045 13358 17336 1515 12781 11663 3094 18924 16072 63 6685 5199 2165 9702 13733 14599 14137 12953 8222 11908 11092 19659 261 1578 9404 5137
1254 17299 10570 16443 13790 19879 13382 3454 18552 12053 9707 16466 2508 12094 11729 19576 488 12273 2973 9992 900 13694 12677 11540 7151 986
10723 16164 17262 17482 6974 14127 5114 8502 11843 17147 590 2070 11143 16675 7308 7529 18445 980 8112 19073 7698 11036 8664 13701 16593 2120
11119 7546 17974 1401 17860 6887 6195 14095 9522 9386 15955 10661 19569 842 19923 2945 19863 4768 15128 5812 10732 5700 7027 18413 4302 3789
10770 8141 14054 18867 3649 130 18338 7031 17635 11737 14509 1465 4013 8763 4562 1421 15265 6446 10104 1789 9133 6592 18387 3964 3817 16763
14604 19120 11960 4877 10545 6424 744 19296 19625 8592 11703 6718 11862 12868 5199 2307 9339 11733 10511 16445 2508 7124 19678 7460 18826 3925
2718 1357 19300 13272 1024 7001 2906 4452 15500 6036 7726 16574 5894 445 16574 6948 14044 8283 10374 16963 16661 3274 4652 19635 14709 11899
19328 16849 17744 3950 15284 15309 9414 3372 6479 7729 5829 8435 12602 13632 17123 9969 519 3549 4727 10408 19434 19705 2332 19937 2901 2314
4572 15526 2595 13116 5681 15206 6472 16159 14139 10729 18268 1386 1998 1573 5898 2975 15948 13205 556 15834 7102 4589 13552 2455 14125 19459
3657 14919 19813 1660 9187 2805 6317 1369 17730 9738 1760 6306 14662 2306 15067 4697 8971 17956 2525 19795 9002 453 367 6804 16014 10710
1226 12667 7267 7043 19391 13122 18507 10255 18215 16685 6222 4134 18188 13264 102 4521 16255 13877 281 19953 16433 16030 9184 15057 18922 10453
10503 3580 12681 3940 6534 19765 19994 17764 13367 9489 4796 8995 2759 8776 5134 4550 989 9936 14299 10076 18344 12457 17462 5401 8598 1844
8908 2917 3005 3016 14809 7164 9366 449 7872 4074 11458 1928 18155 8166 334 15650 4325 4397 5034 1321 4516 18188 12948 11246 1542 11906
9127 6213 17680 4289 13371 15925 16459 13899 16500 4295 17337 17984 7423 1006 5735 15015 9320 4023 14568 15946 5552 7860 3371 546 18393 19282
15812 14773 17797 8014 3045 12482 8926 9104 19682 14578 8732 13767 4656 16555 17301 15644 3232 12937 13120 5351 19992 1945 11258 1723 3485 1830
13753 13240 11586 14052 10935 10672 2275 1971 10997 9762 12185 9070 16758 2306 1717 18212 3119 19355 6358 150 1492 8938 19533 17936 5547 14555
19875 15029 478 178 5163 19176 7683 12587 5935 13829 5731 8604 9049 2598 3635 7601 6385 5755 13605 15669 10988 14121 1320 19288 1239 5349
4230 8391 7332 10184 8704 19623 5336 10892 14500 17894 18777 9766 12755 729 17028 16586 17661 16657 5651 1184 4733 6913 4719 15558 13982 10779
1544 11429 3293 15624 1478 9442 7631 19663 2109 19403 2891 15054 15841 7668 11257 5769 1893 4378 18821 2062 14606 9434 5154 11922 15924 12321
180 814 14789 7262 6177 2731 10889 4786 6415 5377 12201 2690 13698 2608 3825 3663 10280 11076 16508 7683 14295 9978 12492 11779 18196 1340
12306 5564 14244 12487 19729 7247 976 5073 18813 505 4386 10522 145 8208 19145 2349 11488 11918 4953 14140 564 4991 15962 19764 773 15551
6370 1438 16862 12926 17394 16724 14036 17680 3432 7024 13940 7529 8357 12606 9011 13626 9933 6595 7888 19769 9303 2642 6995 3040 18071 10441
17521 9733 1899 9871 1342 18690 16559 7037 125 9879 9483 8160 12524 7955 6474 12615 10270 149 19151 13217 8165 11574 6677 8231 18797 4285
10829 1130 7911 11801 8646 10884 1028 7996 17171 12956 17386 3085 16332 7177 17205 4603 2294 3450 14796 5605 13350 6056 5968 7417 8642 15852
12833 11857 9996 15796 6941 16018 10510 5218 14138 14291 14095 11336 12844 14814 8583 2845 19555 7911 13354 15147 17484 18053 7853 7406 888 11353
14615 646 4381 4162 17947 12603 16660 2809 9591 12403 18351 11464 5167 17421 18003 2959 8150 11271 1521 9225 6589 11747 10148 12009 924 1576
13130 11332 5401 15870 15592 3278 10485 15248 9831 17894 10774 10982 14941 3582 16515 6132 16993 907 15480 4151 780 2007 9595 1442 680 8290
9672 18703 9675 11955 1570 15265 5801 7149 8487 18979 16115 7076 15655 10420 12619 87 6389 514 1495 17327 19479 17471 8416 17613 11523 6042
408 18163 10936 2071 2699 2123 11731 10052 12181 6143 4198 17919 13284 12494 4247 19151 15146 4304 9693 4222 15560 2102 18339 15918 10122 3056
17435 690 12366 7333 2523 89 9521 6846 2296 7963 18475 10526 3011 7572 5022 19910 14130 12635 19030 14280 514 12703 5774 11716 7139 8565
2420 15997 2475 13754 4623 3798 7365 14794 7185 4896 12726 8382 7072 15140 4088 10017 7613 4956 14787 4014 8872 19513 19315 15813 15627 17373
17364 14587 1244 14788 3861 12983 17906 5541 899 7787 18075 2859 7389 9527 9419 15344 6153 8723 8349 7657 10767 6313 4625 2856 10504 5057
12189 16022 13288 14332 18514 673 13197 13650 3506 19240 18532 3244 15983 13284 6503 417 1678 2793 12452 8460 2230 10066 11217 2667 10472 8470
9706 750 10147 17855 3750 4920 475 12382 6926 14116 12392 18617 4980 19474 2930 2471 11767 7731 7768 18348 11834 1984 19683 15921 9042 17787
17979 7447 6994 18397 14766 5445 182 8718 4151 2721 15708 4146 1883 4943 10968 3550 146 7004 1340 6603 17598 18203 13883 8668 19029 10003
6655 12552 4643 7458 5511 13915 10217 9265 15374 15424 12085 10395 11263 1979 10685 13193 11410 17629 11664 1411 19384 19774 18221 5867 11302 8945
7213 17729 3947 7656 14022 2214 12320 10901 8107 9131 11803 13709 13131 15733 666 17199 11352 9401 15466 11673 11864 16065 15397 1462 12701 13683
13498 6876 15760 14933 2044 1377 5797 17206 16612 19541 18340 18079 12196 18762 13257 18968 12858 7824 14827 17231 16267 4385 2656 10553 9081 10510
3507 16004 1408 12231 17158 5536 7851 18689 2218 5312 12009 19542 12822 15489 18676 18502 16534 11192 11893 5011 863 9732 8369 18311 8094 3178
5432 16078 438 5799 17459 9529 17289 19515 7246 15311 17594 8108 6400 1771 15062 15837 6214 9374 11780 10093 19792 8256 4174 18715 9139 8052
8492 10225 1565 14355 15533 9832 9975 6268 17458 1603 12521 13242 1446 12677 8658 17443 1258 7906 17688 2478 2407 8386 18432 11537 16071 1431
5393 7554 6975 17620 3917 1034 19706 7352 7531 19009 17744 16949 9728 903 6480 13521 6007 14239 8735 4798 12668 11893 12647 15173 4589 6939
7369 534 17137 13264 12296 19466 6079 9924 19748 4577 1305 19356 10415 7419 13985 2279 1228 13168 1456 18778 2085 11778 3995 12619 10853 2742
19886 13296 19119 16068 11239 12572 5366 7810 2662 19688 14644 13569 2924 14922 8428 8566 15304 17919 13632 7156 2649 6775 15265 13754 9201 18361
4387 2626 18044 18766 15421 8237 19900 9375 258 11444 18658 7638 14622 3897 9942 199 18291 16056 13460 11441 4014 3687 11103 124 18509 10683
5197 13578 9913 4855 7451 1883 10446 8366 3033 3290 10557 14589 1162 11287 8042 4063 9696 10308 344 19615 1842 18122 3846 1775 2565 12549
7619 2502 16544 8501 18220 3262 17692 14501 10925 12732 7893 4 15279 18287 6266 6663 11178 1810 10260 2893 16122 14680 7493 18555 13361 10695
16096 8234 3651 16866 12076 4704 16167 11741 15672 10491 3735 8592 10646 3401 7365 16076 14307 14903 15227 11180 8061 11841 2191 16478 12126 3627
1171 10524 8011 19732 10618 3286 544 19766 12895 10016 10581 10567 15018 7673 14622 2158 18519 1606 19519 5460 3237 13126 18980 9602 517 2075
7136 10436 10514 14838 3523 7616 9090 17168 4555 16964 13289 11120 12122 5426 16974 13537 17463 19151 15820 9181 18577 12691 9181 17062 15310 12675
14267 7361 10679 17126 7415 11836 12834 3475 17506 3063 18058 16590 19426 19666 18391 10089 16434 7701 15938 767 1879 7009 11633 12234 6852 6799
7890 391 17401 15242 13438 13108 3957 16597 13281 14724 12412 15008 6877 4152 4457 7625 5657 12732 12969 4820 14117 942 17715 17962 5795 15084
14024 7399 2681 12258 64 6866 9912 5208 5743 4966 14998 15106 15120 13370 9574 2090 18241 8191 975 4181 2053 15069 12714 5680 9677 9920
2250 2983 18538 16125 7237 16967 15024 7496 8051 11927 3276 12729 17691 12059 14481 36 6634 3063 7259 3912 9074 14145 3933 7543 8866 10507
18563 19554 1352 17950 14504 12407 16555 11184 1654 12436 144 19512 7804 19257 17050 9138 5274 9428 7592 3669 14178 17942 12018 12200 3720 17296
2732 14219 18211 480 3081 3839 4586 10445 11365 10069 266 11041 10192 12800 8897 1031 14324 18793 8927 15887 6714 13667 10199 6002 17628 17307
12282 14677 16396 8287 538 16757 952 8220 17118 3496 1155 12647 1512 1665 511 15716 4512 3958 3957 15587 4650 16019 1372 7342 6254 19212
2815 2620 14266 5254 16759 13805 1066 16805 2993 11105 3375 15168 6656 18184 11385 12200 8326 6446 3832 6191 10147 13159 19798 11648 10857 6941
7060 6226 12425 3596 6036 5898 3271 140 14357 10589 1800 10502 2252 13249 19080 12696 7929 2928 9280 331 7924 10949 4302 10159 5320 12144
17282 12857 876 1247 5246 6404 4577 1527 13522 4877 2498 4448 17796 19040 9237 5044 14267 4703 8691 8613 15797 9466 5297 13765 12526 17834
5987 2177 18996 12493 9241 5515 18145 18463 7333 19564 6524 6215 4208 10039 0 12739 6760 19388 1674 16704 18085 53 11068 6060 16433 17657
11272 1665 13083 5834 16267 8693 3008 7860 171 13877 5031 15627 9559 16967 396 12049 9697 8137 1651 8477 13898 7367 6587 16330 15380 835
9299 1563 4399 4754 90 8999 17893 8534 3161 16811 4579 19952 15088 14288 16146 7249 17797 5222 12496 332 2517 991 9301 14994 4367 19014
9537 1846 13979 11701 6783 12851 8172 14752 5768 563 7547 17966 16240 5697 9876 1673 1473 3326 3815 8844 8569 19828 15959 9607 8500 12690
13335 7304 14614 12333 848 3441 9314 17975 8922 19251 12516 17264 17371 1039 12242 13324 3170 7439 19626 18840 3617 3652 15081 9640 11855 12122
13808 15052 8985 18694 4486 3479 13930 19244 12577 14671 16297 13299 18648 6870 13235 19502 16629 8044 17443 16306 14712 6247 17444 14163 10759 11540
10357 2773 11714 19982 8448 6227 9896 7152 16607 6940 14346 17248 12166 13644 3108 2652 18853 14661 16097 11937 19797 8868 8743 7801 6407 8654
13204 18873 3783 12012 18406 18640 4790 17447 254 11396 7787 17264 14514 15824 5814 6319 5278 17517 7825 3732 12441 5204 1468 2455 12957 13151
17213 2274 11133 14214 11708 13588 18170 16585 17094 17637 4664 8137 16070 17798 19172 11865 1112 18625 7379 3284 2041 1682 2147 2770 13214 18215
9918 1254 3349 18173 3731 607 17663 6567 9630 11558 4184 11270 904 6873 11141 4910 13070 7935 9686 12642 8202 16379 11159 8805 18677 11525
19159 15308 3108 11547 18419 1605 5866 1295 620 4861 18735 15109 17388 11730 14499 558 17053 5419 18122 185 5011 751 16183 1520 7515 16571
15767 1716 16640 2077 17360 10931 651 14341 6980 9463 18595 1486 9396 2669 7441 11133 1417 14140 4685 1645 11182 2206 3486 12581 16564 10927
7294 16400 5686 2411 5914 5379 10940 6202 11364 16900 9957 662 8781 5367 14791 10531 10596 6506 15103 7801 11744 8812 9558 1180 8677 15009
5304 2682 6644 13516 19589 9232 1173 425 19200 15858 5085 9904 8480 3704 7294 11236 594 7012 1480 2683 9337 9560 3564 1950 16891 15273
5816 18822 19365 5459 19986 16198 6706 11336 6998 2939 14099 6615 8595 5303 11945 3240 12843 17791 5988 10581 5072 4045 4252 2334 14692 8431
10850 8641 15520 468 14956 4794 19015 18269 14817 16844 18377 9752 757 1684 1559 5730 16273 13332 1235 3422 6243 9713 13458 15478 11942 11566
8313 5861 10261 8934 14834 15766 7967 15733 5377 12810 4075 15604 13987 11178 3639 6595 14555 9055 11264 10719 9596 3089 15156 16733 12314 1221
8954 11455 12684 1646 18532 938 17779 5425 2965 11855 9969 7054 3274 16496 12098 258 8845 19757 1965 8132 13768 15940 1249 11873 9268 7425
546 9800 2083 1813 19425 14664 11141 11021 18351 10966 16696 6712 17231 18656 9042 15813 12382 9228 6214 7242 7652 17213 16403 19313 12533 6804
15416 15645 19089 11619 4012 4024 19045 8449 5143 15821 17661 668 16126 18301 13945 1899 3408 15880 132 8442 11430 9641 9539 16757 17790 18072
13516 19160 4809 419 14476 19145 15008 11131 14611 5339 4173 14177 5822 13937 16548 4082 8250 8252 15280 16974 1703 14694 14137 15037 9 17987
15732 1603 16821 9360 9802 1402 7326 172 14835 7339 13966 14980 4251 16698 6074 16463 7547 7618 13930 3264 12288 16059 19349 18456 1180 15541
16151 8118 8738 13796 18503 19979 7450 19640 1579 19330 7396 18572 5312 9854 1685 6707 13894 3679 18151 8158 17520 1795 3617 7388 17821 11378
1371 7271 12231 7992 5064 204 4085 10477 7116 10495 14225 16451 11092 11437 19909 12989 10107 899 856 11858 10116 2273 8203 19369 5988 1413
12610 8918 15746 11623 6919 9861 17280 19513 16586 17776 12502 12988 18694 14208 13216 8566 11417 5024 18556 5999 984 1472 6065 343 9760 13555
15497 3166 3613 10255 14294 19398 1754 6974 7655 7754 7164 9171 16931 11670 18971 15471 2099 13361 10578 18808 9116 7252 337 16918 13030 13864
6604 14548 18939 1784 2603 19464 199 8114 16023 13942 16125 7411 4815 3278 19359 8343 11068 15888 13427 3865 2816 8804 9561 3863 15001 13261
9243 16559 19291 2580 11037 12024 14000 3633 18876 10949 4981 6458 1758 8305 6112 6625 8425 1107 7834 2189 10747 15949 13410 11501 11090 16867
3955 16754 9293 4401 2243 7903 9216 11164 11637 7613 9799 15171 10153 13799 17308 14620 4516 3656 8104 822 7026 4930 17601 5631 776 15196
16392 19019 12871 576 11871 18843 10880 18605 19188 17009 13378 3685 13111 17338 11820 6017 903 15841 14871 11901 17161 13709 16643 19448 18325 14349
10816 1576 19650 6724 8083 16235 12571 13306 1949 14098 14646 17038 17656 6417 19471 5201 8540 14036 15874 6056 11170 11862 569 4490 4222 8981
17023 4950 6280 13378 14523 9576 2311 11526 7472 16005 11992 5574 16110 3302 11774 15836 10717 2736 9102 8349 19737 8633 12681 11680 10583 14212
13929 11882 18004 12245 13261 18507 11479 6717 7316 15064 4099 14177 1627 18977 17589 17295 7268 16061 3823 7516 6618 14611 1034 4269 8862 19404
6881 2180 4446 3364 2398 9751 6453 6224 5902 13232 12888 19911 1705 15429 7524 3885 5680 2450 14167 116 15558 13167 2248 8224 7934 7282
10215 4101 14941 17862 17411 16196 14649 7379 9164 14585 6689 5858 4195 1829 16422 13179 12601 14409 14859 6989 8203 11644 6221 911 4297 13409
9673 319 10875 18385 9506 8528 4628 11348 10190 14158 6705 9690 19545 3191 16193 12029 15600 12301 19739 15022 16759 19425 19551 17580 8955 6644
8216 14630 9051 6384 14222 5098 3399 18293 9967 2089 13754 19613 10086 19660 17078 18048 3178 5561 4253 11446 9591 1359 11849 15564 16783 876
15028 13691 14413 17474 1654 7488 5882 19673 17807 17822 14398 1298 14621 14854 14419 4059 13234 5077 13125 2269 4766 4697 11350 298 13438 11516
1228 5380 19733 15690 1289 4572 14983 5101 12929 449 4007 17084 4997 1015 1622 16122 500 13640 9869 7670 19915 933 6718 13209 9592 18060
12646 17146 8265 6078 3966 2309 9263 9603 848 19906 17980 17233 17132 1987 12865 11427 17643 15894 5767 15051 19343 197 6964 5759 5729 9
18883 18959 10535 1683 7198 16236 1841 8775 11181 15943 12960 4224 11262 12989 12583 3306 7090 15953 9260 11298 6304 4479 2453 4796 9044 4586
8602 5220 19974 12326 2412 7377 8957 9475 7610 12493 12095 4437 17205 11684 10722 5998 3354 17775 19723 16829 12080 5726 18147 10690 18110 2007
6563 12587 11167 13382 10481 16139 17344 16638 14397 9351 19432 132 4731 9796 17314 1737 4463 10366 4582 18236 8017 2168 12669 8485 4233 17555
9332 7456 10578 5697 17363 11806 17755 334 9919 19092 5538 2718 8143 12459 11978 10877 12824 217 6549 6657 16470 10423 14058 8495 4360 3142
2962 12402 13760 9219 19131 3391 5742 17879 2464 1542 11656 12786 12667 8005 4603 4725 14728 5350 19128 4912 19217 6087 19116 16996 18619 694
10888 16441 6125 12328 3572 12749 17110 15397 11651 8040 14821 8042 18827 15090 2475 14593 314 10366 16436 2299 9440 12938 10492 12864 11722 5356
9173 8475 4644 16812 19801 8436 12496 6897 6891 11827 12737 17766 11226 14642 14093 4263 14714 16241 19825 15500 2135 7345 8268 5752 2712 753
15248 18761 10257 7072 5315 11369 15896 16853 2204 230 7864 7205 11111 14462 11327 9458 13165 7682 6993 7451 14171 9120 13051 1950 15786 4354
12791 1828 11271 6053 9621 14703 1772 18816 12632 14460 15421 15142 11552 10555 18349 11084 2901 6677 19569 10574 6922 7937 9618 5475 10795 7113
5627 11350 2824 2963 9220 7876 18129 16527 424 14194 12910 19126 1987 8714 13562 7317 386 19444 8402 10820 19067 3413 14792 7625 17560 19669
15283 2505 15590 16269 15555 6199 11944 15766 8831 6605 2225 16595 2676 13625 901 626 12162 16587 8594 16156 19488 4446 15795 1907 18627 16269
17929 5845 15496 12679 7295 9465 13411 269 1528 7385 4704 16234 16520 12181 10438 2679 2647 5327 14977 14655 12892 19692 16355 14632 15247 9153
6040 3724 8155 13108 15173 4640 1763 14646 17148 13051 3220 13345 10561 8595 8237 11214 8536 13231 11097 10639 11185 8997 12011 1129 13419 8458
5703 19748 6650 15675 6585 15807 3396 13761 7625 5071 1391 6384 1084 235 7767 7442 6557 10492 5946 5017 16974 2999 13887 4004 6924 3689
19541 17136 11112 9004 17900 12786 10313 6027 19365 5424 13860 5505 14686 7810 9805 16240 15655 10375 16608 2967 9347 707 18515 10021 11099 2647
12114 10831 14292 12704 1828 15016 118 8763 13846 4531 13842 13854 4654 1681 17586 7383 10214 161 12844 9587 13888 2836 4276 18973 2247 11055
13604 4942 12849 6808 16413 406 713 6405 8043 5085 2014 14827 19658 7860 13571 7589 4029 14059 18165 2894 5790 5643 12503 8873 15445 3242
2337 1388 1995 2746 2522 9425 3822 6313 17504 1674 4910 18105 14999 5165 12728 13655 10223 11504 12099 2407 4282 10569 283 6036 9726 19123
17327 6826 15813 5098 13098 3954 5297 10478 12968 6065 10445 10158 14940 11840 11019 18034 3009 1938 1275 12352 16814 2000 13290 17917 18895 11120
12707 1131 18083 2601 18565 10094 15371 3028 17895 7361 5743 17154 8970 13468 13386 5907 9147 16314 14147 16062 17111 6005 2773 19522 12676 8804
12206 2646 4093 14957 5808 3570 6068 8485 16488 10786 18358 4868 9754 592 12629 16540 5764 5229 16713 1313 3763 2975 7918 11681 4566 12215
19265 4196 15929 5456 1478 1504 11985 6973 16189 10634 8484 9254 6688 19884 11759 1683 12527 17333 7071 10432 2844 3524 13477 6541 2278 11469
4307 18781 4634 18615 19536 893 14912 15566 19486 17873 13862 12079 14519 3472 7740 2373 11362 3415 2827 18236 4793 2347 15606 1129 15062 6232
10740 16795 5589 3461 1230 12799 13799 2604 18110 1156 17380 16113 19872 17232 13162 18889 5509 1309 18486 6946 19460 4226 19422 18453 8258 13038
1407 17385 12385 6134 7393 8819 631 59 12792 14845 18838 6912 17804 3724 18203 3524 4353 18561 10586 10375 13433 12982 8374 3541 4884 5096
18576 1690 3319 1592 13573 18773 616 7225 7039 18203 8130 4634 11419 9747 8911 9683 16896 10374 1998 11802 5383 9215 247 17228 19095 2358
18937 552 7401 13049 17511 10296 792 9870 13224 4027 7558 8920 13288 9798 9070 11725 10989 4157 18271 1889 16044 3757 19010 9687 11799 2915
10647 480 1532 17802 7036 1891 13993 2829 7661 7999 16833 8466 3234 12700 9181 7379 2749 4326 16596 3700 13062 1864 14803 16186 3487 1770
17501 1583 3788 19890 15025 5910 10458 2277 9273 12790 13002 2427 2553 14278 196 13271 16668 3852 9937 17158 4062 14949 1233 10244 7250 18579
4767 701 1434 13109 6747 604 954 14571 7969 795 5490 12173 2179 10600 13446 15853 13091 6756 1904 746 18583 4301 9117 18054 1739 15763
4155 602 12501 7578 2858 691 2392 17342 4368 19202 14970 19352 6313 16044 428 2919 14463 10412 15109 18369 8272 19374 17653 19106 10845 7770
12276 11872 10028 4091 18810 6180 5435 18877 17969 11361 9777 14476 6922 8294 14360 19330 10734 5115 16859 11809 12541 4839 12696 14834 14564 11400
8594 6665 18972 12257 5585 4859 6070 3536 13424 12409 3831 729 452 2846 7741 8085 10721 15860 7322 2865 13615 10425 13814 18062 5752 134
1400 11537 15778 10567 17674 5817 16057 1103 1043 4765 4930 10880 14379 3584 7052 12038 4841 2879 18456 643 15824 15391 5508 3749 2263 1940
11715 5014 11814 4781 9440 15298 5616 9518 19598 3219 15482 180 10269 16751 14055 4537 10415 16842 11807 12789 9078 10272 17693 13055 10378 16695
11340 2004 10344 17838 9154 16823 10982 12090 5641 16611 11350 12556 10999 13367 14107 4779 17486 66 15605 5896 12416 14200 5347 3284 11175 3780
7526 2039 16367 17451 13 14362 14729 8945 12859 10625 8560 12575 6177 17816 7429 13415 11125 19485 15329 4444 19374 13392 18089 9354 13934 6538
19425 7785 2093 14514 11908 2579 12124 12340 14034 17474 5240 4714 15015 10231 362 12726 3883 2778 2388 7242 14119 13853 14758 3167 8730 14695
13134 16776 11817 9759 14550 14679 1010 4089 7551 14108 19325 3767 10278 15451 5184 5695 15803 10176 1085 10079 11210 12352 1949 6213 364 14087
10937 2763 18627 18981 4148 10552 1101 8387 8769 17589 15634 3547 5730 19840 16347 49 8057 7388 10326 871 15670 3818 1482 19124 12040 14030
16903 5853 15346 14202 3890 18594 4601 10063 16466 17793 18939 14594 18291 16539 3135 2931 7629 12446 7429 13830 16736 1272 15085 13572 11962 7308
5458 11596 768 3821 1906 4100 10778 19323 16255 16234 170 18629 19307 810 15805 3277 4833 18399 13203 19833 18284 3947 6160 4752 8973 4204
17227 13885 17110 11856 516 7284 10696 13249 11854 1040 4489 3505 9984 18974 12501 9475 243 17956 19070 6682 19017 12569 7165 3571 8541 7298
3492 14506 5015 16531 19406 2305 2405 10167 4588 7278 7615 13307 11021 5023 1676 2335 7574 19583 7557 6854 14442 14483 13984 10842 8242 16598
9950 19404 11644 13667 18986 17222 4204 16815 14756 7236 16778 1758 2109 14917 14663 5290 15644 4564 3500 16573 15349 17902 2570 10156 7908 181
11821 1411 4741 19322 18813 15603 5145 6193 7624 550 1529 10325 18137 11592 11440 7395 6178 16664 9354 8334 9170 9701 15214 2967 10615 6382
4074 9669 9419 3211 17430 5668 1156 13253 575 9276 6486 5450 8975 15427 13541 6007 14498 2348 16947 12370 3120 5116 2672 17118 721 8374
2175 18322 3415 4636 18231 841 5250 5763 10055 17667 10535 8455 13698 11305 10328 11402 1283 10674 18495 12677 301 9486 8159 10400 10122 6836
11274 5616 779 4826 1704 10215 12531 8769 1825 7746 16132 15181 7384 12196 18916 1345 811 8351 18690 18243 4090 4791 12 15775 10372 12448
2519 7838 18388 19064 6803 980 1740 1622 911 6479 14065 5344 15770 8232 8720 11389 3662 11118 13033 3903 10568 5072 3344 18089 17156 5645
13478 2143 3538 3572 12117 16506 5975 9621 4632 4679 5089 2601 13663 16089 12545 11442 18752 7199 7952 10915 11749 3915 19565 2759 4355 10384
1957 6228 6158 12319 5340 19336 9730 16111 7938 3926 15251 434 14357 11484 19878 2934 3446 10853 19821 5652 13853 10700 9898 9247 4692 18188
9910 17316 8010 15831 16313 17420 5584 6026 3622 6215 10446 14324 8541 4499 616 16241 14107 3622 17886 7472 16043 15043 4075 124 1388 5863
5648 18648 18036 7763 18489 935 5167 6342 2499 8587 6273 10188 12425 1918 17108 5590 9299 2022 15770 11978 1918 7423 14551 9534 15528 5461
10939 19833 18221 18185 9636 11624 1604 768 6886 8148 4669 12954 12730 14569 6172 10516 7926 2414 14623 13011 3859 6035 3283 2387 3202 8914
18226 9664 8996 14500 1421 17924 883 19546 2232 4636 1256 205 19059 1804 5503 7572 8533 15655 6029 16824 15170 17616 1377 1757 8757 2214
8670 16415 18777 6691 405 18023 4826 2736 8604 11439 483 6593 3400 12830 3648 5054 12667 19134 19381 9911 12265 17859 14747 12698 3711 7100
8804 5368 11626 10591 8542 4486 17065 13374 12580 16018 13072 4239 11965 14121 11348 13245 2497 2382 8925 16714 2296 7427 5832 17259 4741 2124
11178 8764 10136 11326 4947 2796 14563 1700 16941 11911 15362 9472 12928 8353 1953 14105 5741 14769 4197 10011 12288 7105 2138 1697 8275 2341
17692 1437 10011 3832 16589 15360 17432 639 5077 15524 2425 14602 17702 10181 10592 4270 16226 2764 13935 7576 19021 11825 19234 12152 1252 9499
9337 3907 17058 17567 8237 15248 3189 2176 12501 11818 16725 19664 12667 11296 15934 11001 19316 19564 14294 10192 14871 16337 16465 3776 8732 4895
9192 18006 11617 5941 5925 15417 8642 16344 19053 8439 10021 11532 10208 14192 745 5670 16071 7351 12549 7135 19743 19041 12364 16298 5109 11352
11670 11143 15426 11816 16567 5748 12497 5950 12245 10256 19583 18405 14208 1236 11920 6216 5985 19686 11951 13150 3245 11595 16132 7700 3831 13670
4495 7380 3556 17009 19818 3944 12201 2112 16042 14925 5849 4340 965 6977 68 1298 12343 2969 17266 1001 19196 3301 9942 13568 16662 1736
14328 11990 13786 7475 10822 18484 10271 422 12750 14091 3764 11810 14216 7020 17426 13894 11672 7224 7183 1658 13511 7433 5798 13066 11548 12110
14329 11826 15198 12869 13818 9147 18464 16524 7258 1595 16722 1636 7997 10450 3992 7325 10346 10124 7039 16622 17820 4330 11531 6854 9173 19655
9247 17779 14196 2060 17580 18871 19012 11160 4822 3572 14491 17210 102 173 13975 19468 14366 14893 10034 1963 10333 6313 7099 10962 647 5852
14179 5633 4799 4228 8953 2424 12627 10639 14260 15123 15300 19966 3317 8760 4080 5015 8391 1474 5238 3602 18769 3962 11713 18357 11991 18823
16457 5881 19900 11018 7456 2530 4456 2128 6340 9853 14189 18364 6683 8012 12709 13281 7912 8577 10337 5968 9423 18812 10549 15239 1104 3861
15077 9255 7151 7385 4590 4842 492 9915 5939 1747 13498 16500 11506 4922 14620 12104 3364 17109 12626 3245 19580 5919 775 8572 17488 5725
15539 15581 4724 15820 1115 8275 16227 9732 17922 9459 2531 3477 19725 4489 6270 19722 15431 15578 10450 7206 7609 17041 7992 16017 3619 761
9347 11521 16625 9495 7772 19040 517 8566 14608 13738 10594 13930 17140 12312 4271 4966 2856 13035 19740 11155 10051 13243 3794 5994 414 4965
15070 4698 11280 12210 3203 14664 7087 12198 18884 2327 12318 2784 1346 13651 9701 1317 7541 15542 13529 12851 18280 16874 7597 10666 13328 4644
3454 17808 14221 8704 17078 14444 16478 11755 16424 6234 10108 16471 17962 11864 13178 15155 6664 2433 4251 17707 8357 714 2708 1758 342 3096
78 1253 1288 8979 10357 12522 1595 7331 14363 13430 19961 5703 19339 4760 17310 4992 7180 225 17243 2208 16731 14026 15474 19824 13083 5164
3319 11590 16890 18946 4776 9467 16069 3353 5097 7137 14265 15199 2405 17351 4532 6438 4397 6934 8063 12922 12501 8196 4941 6734 4038 10726
8292 10852 14497 5665 4227 11252 19711 11498 3946 14209 4607 3007 245 2327 7158 7027 9983 13038 1441 11557 15922 17199 4067 2685 4246 6302
11894 16453 18865 4379 3811 14665 14259 12012 13563 10229 16685 13139 11592 14378 15520 11885 10880 13489 6368 10315 11605 18973 13988 17209 16915 19278
10095 15571 533 33 15195 436 3102 14815 5080 4721 13428 5767 14309 542 4149 11203 17943 6374 2034 3247 9498 9620 5064 2834 16979 13419
11951 2430 13810 3832 11168 15090 15202 10701 2675 8833 4990 9127 8832 15361 10593 15448 11957 19055 3599 13366 16500 19654 11161 7300 2265 18155
687 6915 804 14048 17641 9008 12399 2375 9992 3085 4352 15386 8755 11284 7510 3115 12102 18345 13693 19001 17427 9492 14818 5631 15296 19065
14952 1836 6298 13271 3784 17138 8140 16829 18225 14560 9760 14916 10934 10239 13819 17895 11655 8645 4032 1501 17495 10327 9738 3817 13941 6547
