365
62 15 55 43 93 30 44 62 62 23 37 36 85 59 41 100 72 64 26 76 51 62 69 7 34 89
14447 2089 19670 17954 10917 19628 7734 7315 13643 3266 7645 11079 10787 8758 8533 9413 1114 13598 4382 293 6536 7605 4432 18635 11799 17264
15909 3169 1022 3982 4929 3450 3572 19959 11255 11863 9512 13264 8633 4925 2292 18150 6447 14320 5749 18837 13905 16026 18238 13622 10581 8554
92 8532 15330 6888 6168 8720 18055 17681 5257 495 3245 6531 5366 19809 2547 6652 2303 13344 2724 19502 4802 5422 1905 13386 15581 11778
8682 3143 12807 16230 5441 16832 6561 19040 1451 1192 18434 5761 13606 1228 4184 555 15279 1979 7125 12253 19258 2061 5054 1668 11635 12346
18773 19397 9825 18891 4950 9851 9060 2823 11551 4328 12193 9962 12914 11502 10314 13359 6149 6489 8440 7529 18071 2403 9426 10128 8536 15427
5568 7499 12325 17470 10434 8948 9113 15388 1239 7281 13124 19958 15742 5549 4735 2040 19509 9205 19596 7443 16233 3100 12845 9133 5382 1296
14395 16587 7276 14583 4267 477 2723 7674 5791 11155 822 18830 13992 5813 7318 11609 16156 7625 14437 3638 1557 1025 5284 19753 3807 10386
8719 3090 11427 8884 14334 16026 7746 10042 11433 15623 16121 5016 2465 9036 7368 209 19600 10139 118 19666 2085 19932 6797 5879 10898 12049
9841 10707 2159 19606 15964 6316 19455 19968 3667 4236 18023 12846 1405 12952 19860 11468 5906 1151 2241 7208 6408 19880 11668 5480 12892 13233
7281 8032 16590 7991 3179 7873 4388 16760 936 1144 12050 11289 1549 14730 19962 19376 11889 7195 13342 17872 984 2708 13661 5811 7744 11186
10088 7402 15179 1369 899 18965 2139 2206 18891 1489 12806 19923 1569 12252 3021 4908 9651 10232 15686 5825 8976 8983 19774 9932 15761 7701
14118 2169 346 6623 2669 11403 2334 4943 166 10307 1141 13052 11426 5004 15021 3514 11111 12227 6430 18318 3390 18456 7717 14625 3077 5671
9567 19242 3783 3755 1267 14234 6078 11415 17133 541 7262 5892 8798 14922 1475 1139 7824 12250 6545 8151 4611 14180 13004 10353 16552 2045
12861 11908 9112 6717 15227 10328 5821 3884 8980 10936 6585 13817 9730 14792 13229 3413 19296 1373 18805 6152 5102 2606 3216 2378 9079 12058
6517 2825 3695 17609 13909 6355 9676 15277 4392 1835 7171 13969 11868 5143 5682 4776 16349 1571 824 8222 8715 18667 6007 2512 6341 6743
17126 15657 15744 15352 481 3773 4367 12862 15729 8601 418 7908 9214 17795 721 2978 19919 19585 19770 19739 14753 17628 5912 12747 17809 12492
9029 383 13610 13292 2179 18770 17950 13730 19703 15729 13046 2023 13335 12571 3919 9063 7974 15498 6134 17193 10382 3408 7967 8562 10266 14214
18849 1647 13372 5084 4706 1231 10221 14541 5803 8815 14303 3255 11211 2914 695 8980 10787 134 14113 9034 15646 18812 11551 2390 16570 11714
1702 9171 15548 17540 19459 14058 13946 18669 1167 1799 17773 13583 520 8421 4347 9274 13331 11424 8008 11563 2752 15802 4983 3746 4406 17183
9644 5999 17000 18295 3575 11717 13848 13451 6028 2165 6493 10302 5468 13342 7449 8909 17353 12549 3640 15218 4690 12123 17602 7923 18664 17521
7740 13492 3041 1000 3175 18829 7367 15551 12853 16886 11266 742 9310 10097 11271 6656 9156 5992 10875 4560 2372 13563 2968 16035 13917 6315
1364 9168 14729 18496 16498 2274 6249 11574 10625 7752 3585 8210 3542 18715 18980 5425 18636 13389 6935 5563 523 7966 14214 10086 16606 1312
12668 6602 10809 7881 17425 13580 2136 3433 6923 8716 16117 9101 11839 7040 8175 12883 18343 13677 10190 17571 13673 17031 13910 3843 2216 3670
7254 7903 4370 4185 16799 16517 12818 18717 1512 10343 15542 4221 14788 16444 13775 1964 4494 12953 1749 3560 19662 3568 13637 19846 10361 4978
18617 6225 18523 12361 19025 8840 9673 8481 12580 831 7212 7440 12713 13560 927 16014 2451 14952 14145 14027 733 5540 17217 5238 17134 6422
11507 9769 13835 2532 18417 10027 14106 551 1164 5963 12588 14415 5301 2575 9183 7463 8811 2913 1498 4837 16488 14578 5434 18116 17822 673
16879 6033 16656 7901 13426 19125 9917 10872 16927 6802 5328 18871 14895 5050 14989 13770 1025 2277 6103 17303 302 15174 3164 16868 13667 1025
16670 18314 16576 15150 1484 7445 19915 10881 16122 13615 9267 10954 10047 12674 2505 9801 16712 6056 3310 1522 4319 8093 4595 8777 13557 9683
5163 6533 11889 1840 1838 12780 19665 19466 717 846 16828 10865 10025 10408 6107 12535 13839 16781 928 13618 9656 425 13487 18863 12637 9065
14020 16005 11660 830 155 18452 19533 4785 14964 7262 10834 236 7811 17646 19483 4294 15589 17008 10197 6020 14140 14213 17401 4443 11226 5881
2231 7232 6794 855 5898 10707 14597 28 8805 14740 2748 7276 5144 7136 6414 19255 12117 18680 241 5209 11184 7028 16630 3379 1172 3496
3044 15321 530 3366 7546 8765 2330 4192 8654 14377 437 155 4115 11292 2567 6190 4378 17149 6305 12738 11433 3036 15352 6387 221 11864
1125 10959 7197 1915 4722 8157 8657 1773 13483 2073 12922 12423 14814 9481 13593 8062 13100 8370 3385 16422 6293 14201 4343 4609 2735 8896
574 19481 8693 8879 9999 1086 8523 17839 15097 19847 6885 12873 1849 6243 9214 4182 11996 12413 481 3408 5723 8912 5434 4544 15393 16237
547 11988 14313 4925 197 131 17285 19094 1531 4958 17675 14283 2183 11360 16679 6024 7063 17751 7860 734 4614 14133 5157 13752 4090 7420
6210 12730 6154 12440 18218 12758 15246 6764 19889 5953 1581 2507 11472 15040 19417 5539 19005 10094 9456 4697 8789 14489 12241 5081 7621 8903
8204 8640 7500 15067 11089 13371 16536 5480 18685 7467 7650 8185 10523 1253 5399 18040 13553 14219 18995 2630 3531 346 8601 2982 10737 18684
9425 8354 11272 10913 12885 4458 5387 1951 14086 17102 16646 14687 18545 15110 19909 17216 3094 6664 2696 9746 10420 14284 9596 6865 6928 9350
6457 5408 15817 10689 5991 4490 7069 3481 17461 3194 3159 3000 5704 2296 5592 18724 1480 17444 11901 17638 16850 13889 14733 17993 14874 12595
16269 6816 8335 5147 12200 14533 818 9911 16858 19870 14384 54 3609 18053 11475 8123 8922 10671 7548 3151 943 16240 8163 13448 16497 14972
17129 14119 14686 15639 9995 15218 18499 3875 7012 13927 16057 3319 5074 6040 6160 14278 16024 6937 11255 7929 12484 17153 3472 11352 4071 6853
14633 3200 15681 9782 12919 1399 16320 3193 15119 2676 15547 250 3070 11857 18870 1197 3679 1890 17277 17411 11407 19822 19696 2139 6212 5764
3950 16497 6076 8980 15483 7038 272 16878 1006 1526 5299 12519 14712 19341 14269 6121 17076 8446 4636 12055 8486 19083 15718 11889 9635 17792
750 819 15687 3216 14873 2345 2127 4069 3689 16924 17343 2651 19249 9389 11836 7754 16058 17619 18948 14495 12095 13776 1336 2422 1526 3869
6281 19388 15426 13013 1426 10488 18582 19851 11091 9070 15042 17296 11722 15342 11967 6588 1065 10253 15094 19981 8290 19161 14947 18471 1384 3706
15329 9967 16733 12074 13094 6692 16312 2567 2364 5794 2939 2119 686 2465 8843 13996 2345 11828 2945 14630 13278 3039 18992 15996 19028 12105
9458 15664 19734 10612 8085 2402 5852 11730 6549 17629 4147 13234 12516 1228 3856 11953 1892 4244 15298 4274 9410 9557 4215 9537 8364 12193
5829 8612 14691 1248 4428 15438 17419 852 6534 9377 5818 17725 2449 18829 17432 5833 14213 3506 15034 19550 6008 10820 6606 6917 6022 7099
3083 5060 15709 3162 16993 11030 4885 19625 3465 17115 12034 11588 4987 9586 3082 880 351 6945 4663 1061 12751 11733 14634 6454 3078 3215
11758 9360 11445 2566 14475 18094 10676 478 19164 1501 6640 18992 2508 9144 14833 2507 13936 2224 5718 6243 1363 8912 886 6535 7749 13451
14517 11498 18644 4499 6536 7527 14388 13165 8508 8223 4945 13562 6461 2742 6124 279 457 860 19477 6478 3732 10641 13773 13489 3887 2322
8103 9427 15533 15191 9889 5486 1900 18370 12752 7944 16818 17739 1325 18501 14319 10951 16645 18314 5722 2517 5983 19762 13222 2948 9560 14989
9944 7402 3180 4043 7173 16542 17581 836 5678 10617 1622 6398 7299 15473 13550 4186 15555 4651 12111 14417 5739 14440 2465 5628 12374 5847
10321 13173 17294 18935 9028 16546 2593 17984 1466 619 1898 6212 3727 2106 17345 2967 4414 2751 3942 8563 16999 13428 2030 3590 2507 11949
12460 1021 6709 8293 6453 11549 19029 12439 16742 6555 9569 5548 17696 19766 8221 15129 5191 10763 6103 6697 2571 17350 119 17022 11836 19676
5869 17140 14871 13474 2123 16879 16275 3399 12580 17774 18377 8653 12489 9989 14724 2920 1425 17438 18295 15360 17423 14759 19154 76 9729 7232
9894 17817 16649 4890 9368 3219 18807 16895 15160 8190 5584 13701 13561 4905 8444 4865 2293 11457 16073 15155 1651 9713 4512 6628 4889 16364
19218 8007 18879 12627 14255 12162 13618 5439 12768 322 11989 1651 3828 169 18629 2533 11956 15706 18486 16221 16669 7296 729 18592 13248 12700
10485 12204 3064 16354 14764 326 7999 7834 6145 10022 15387 17381 15127 14955 19741 8894 7194 3180 5362 6733 660 17619 6276 3765 16822 19284
1424 8430 1446 19255 13697 9902 879 1605 6376 7361 10736 15308 3941 19272 17384 2381 4875 13885 599 13280 14899 270 2942 5041 14491 6863
8062 16615 17977 7409 19885 9182 9440 11648 11606 159 7602 2175 10074 11983 12994 17855 18358 12676 12785 16068 4425 3842 8495 18046 15907 13997
11200 17485 1613 4137 13933 15005 2790 19270 18943 3256 8490 15589 7307 19710 2050 7914 7480 7963 6091 13334 12895 11627 12915 9065 18846 14962
17780 4618 11813 3000 2417 6314 11674 290 1764 4214 9226 2881 6445 3677 10047 10049 1267 2974 2522 10480 15742 15539 5468 5701 8045 13912
18827 13279 4930 8575 11335 17320 5587 12803 1102 9968 19675 10883 12900 12497 5804 12374 10967 3706 7038 11666 856 10710 18321 17945 8943 15157
18251 19715 7749 5045 15310 13198 6614 16565 15176 6687 12960 12952 12893 4054 24 3286 16824 1410 13599 2782 1422 18031 19277 2061 18713 16406
6357 11645 12594 2489 11302 12867 11692 8602 7629 2316 4551 5496 19327 18120 14368 9328 17017 1719 15182 396 1294 5052 12503 6436 682 12120
7540 10473 831 19622 13974 16155 15699 7586 5146 14062 6208 11227 12345 18023 10511 19895 16951 11771 15980 7412 10938 423 15210 1268 7750 4977
12731 18957 13102 1976 18726 4708 1339 8339 8016 17004 3603 2541 9141 14124 433 1397 14849 14752 13838 9277 14170 18400 14952 16213 18904 10670
10077 17859 9056 16032 8333 19989 7938 12422 13431 7410 19254 226 2488 18049 11968 10145 9349 17000 17230 7465 12988 785 17451 11755 15532 4093
8488 16770 1322 4666 3427 10499 16484 17443 8839 3132 4260 2755 11194 8373 19181 8821 18669 12017 15372 15416 9049 1320 16061 7285 3066 2062
4672 13753 10436 9620 4402 5180 16165 19346 18456 6478 18566 11071 1804 679 12926 8167 5879 6778 10992 9403 4050 1085 14457 8342 17943 19217
12211 15731 13566 11419 2542 13089 2154 7910 13160 8014 2249 15112 2820 11671 4070 9364 12348 8334 2312 3511 19965 17774 7836 589 9320 7932
971 17478 3771 7727 9790 19254 11558 2327 4903 16451 9636 7114 13998 1407 4063 18018 2258 5149 7924 7655 14906 297 4017 18116 13148 4653
16696 14344 6221 14770 13571 8611 16692 13500 15691 3141 11827 11977 10613 8181 19524 15677 6432 3854 17701 12653 1715 17298 16569 7483 6195 17729
2936 8138 17218 18189 7078 19067 5529 19628 19029 4007 12693 11267 6746 4973 3572 2692 9184 10309 631 7626 10955 6810 14251 8169 13393 13144
14482 8708 13693 8899 2881 2064 1613 2582 12046 1574 2496 11136 4631 5202 16641 4088 683 17494 14665 19402 2861 4500 2130 2543 5169 19229
10715 6485 15368 13394 13221 8779 10570 9903 10819 1958 1861 3210 14652 7178 19996 2013 15859 10951 1899 3143 2997 4373 1768 4380 12503 8427
10182 7549 17302 9731 19494 1002 10729 6899 9843 7057 9474 3313 10509 6675 19944 14827 5549 13507 2303 7379 7792 14286 11434 18708 8176 16483
15347 17230 13416 6768 4773 15148 10043 170 6140 12417 7350 11278 16135 10939 10398 8517 5617 11560 15321 6587 12115 7637 14013 2369 13869 2491
7306 1886 3893 19249 6880 3078 19639 12786 13947 15634 8582 8862 3374 15953 109 486 19439 11136 12192 2759 12645 7698 464 9182 5249 12597
16281 14198 2195 16161 12465 10068 12326 2173 4482 6588 9515 16423 9621 12927 17997 11021 18344 17182 17301 6349 4480 7815 13753 13337 5035 9109
14234 12821 166 16775 15473 6136 9537 6347 7763 3021 10276 8635 12781 2408 15658 1796 17274 6201 6482 13576 18521 19970 15281 11276 13104 2277
5541 5248 17544 9045 7508 9537 11140 6706 13081 1907 1150 14384 19902 16417 10480 5872 3413 4955 11114 18180 16924 1763 723 1572 12689 8404
14483 4148 3598 12558 17084 13152 14259 10068 18300 15687 1518 14016 1410 3552 19351 10770 2317 7584 19441 10273 11411 12291 4532 7781 18586 8199
12274 6480 14616 2437 11627 18441 5790 3013 13690 13962 9029 17757 9215 15313 3108 18802 2988 1225 7505 14628 4468 16131 17661 6485 11566 16240
15957 12592 8413 8058 5499 1090 19559 11407 14724 3978 1645 16327 4498 10363 16470 7433 8366 3930 4060 8704 17954 16225 3296 15592 12789 17904
6975 3898 5043 14121 19956 9659 13333 18507 5067 14463 11311 9799 19550 13995 9428 2424 7104 14834 3356 6892 9095 11808 13798 12357 14189 4552
19788 2239 11231 264 13943 12510 12364 19546 19952 16412 6482 19384 11334 12326 11089 11259 1168 16414 18448 13515 9401 18598 12071 12550 2859 10901
16524 7946 1844 18195 8935 12241 13440 12298 8789 9876 7741 16109 9437 15369 8333 8182 4605 6257 15875 13465 9962 4376 12366 6121 6220 11281
4934 1468 16639 16277 15677 13168 2969 7479 7684 1075 10939 12473 12022 3805 15094 10957 18895 2855 15079 8816 4291 11468 12255 6598 2036 10614
12662 2821 18487 2801 12942 16540 5695 1006 5249 17924 2000 17990 9694 17742 15475 18999 8028 19356 15505 15906 3298 15707 5334 12428 6380 1764
14831 12863 6486 7363 34 12580 14527 6416 6288 4165 10249 13384 684 3048 9958 11458 14093 19285 12308 7876 2884 14352 6385 7781 4901 11521
14028 5380 18076 6328 3095 5004 1395 10137 9134 19953 12615 13452 5048 6621 8148 16859 2453 5624 11107 9830 5715 7595 10496 1405 10049 13283
1812 5142 907 15498 15587 13143 5076 19241 5723 18890 11357 6196 7073 5850 3072 10671 8424 15075 6597 7892 18678 12237 4603 9322 14223 18532
11190 1176 4514 19997 2317 1808 1506 15535 6708 8594 6943 9651 3800 16264 11103 17407 15491 16765 19890 11901 19061 6757 12718 4644 1594 10534
5997 7108 7735 10393 4694 15756 7572 9894 13186 3168 10816 8517 12239 15002 6361 1542 13284 19356 15954 2807 4479 8616 17581 3155 15231 6232
19584 17532 10077 16971 13653 2801 8916 2577 538 448 4510 16293 7650 9844 2001 11004 19396 10698 117 12654 10446 7206 3476 1278 14647 5615
16161 19536 8625 11148 15817 8733 5868 9643 10801 6458 7653 7599 17948 7094 3714 4464 17729 10431 9176 1029 4950 9979 10947 8574 5876 9707
15184 12486 11615 1793 6632 2883 17775 2417 11458 10134 13347 1726 14574 11578 9579 17741 1454 5878 7284 15848 3266 15752 3981 13298 19625 13603
19951 17760 17854 11299 16181 8335 367 15814 3685 8674 3092 18852 7844 5720 7919 3057 490 7064 4991 17451 3745 17033 10300 9719 3530 6340
11872 14752 6625 9808 564 19108 398 6319 5236 17525 14987 18279 6798 6114 12823 6365 5769 18851 3524 5038 9183 14807 19030 9871 8446 11266
18609 16451 6609 3535 12070 9237 14906 15199 6922 19140 7612 6590 13765 18964 7518 9424 13872 2662 6225 15806 5719 9020 16775 12418 7916 10735
15864 19907 7504 16551 10447 4928 5462 12179 15819 4359 5633 10235 3355 19845 8201 19351 4329 12713 14735 11549 8151 19588 15792 11871 613 17856
8104 2196 5479 17542 2284 9828 14874 12752 10234 18094 1499 5878 5017 11866 18389 6167 19935 2408 5453 19941 4369 1420 9703 16073 3373 4900
10553 7314 3047 4958 6502 11832 12387 10388 998 3186 13572 13979 12823 14958 10415 10199 355 9713 15990 19830 260 13358 7902 17925 15706 7345
4059 9666 5849 8201 10448 16510 13803 16365 6466 10687 72 10357 14411 6846 13560 15715 4058 17956 5063 12981 9667 2756 9115 17988 15925 18959
17643 17606 332 12370 7171 18995 4385 16752 8123 2374 2744 15698 5982 17835 16832 2318 792 9486 2107 499 13290 252 517 2188 15196 5653
4435 4483 19783 16641 19450 10698 1969 7512 13402 6446 12764 4801 10866 16992 12078 15355 838 4058 15415 2936 3768 4285 15707 13373 17418 14580
17898 11471 18439 11682 3692 8652 11586 752 11437 8464 3536 5945 7789 13914 17487 11892 11192 3333 3726 3733 14385 18636 9528 5528 6958 9053
12701 13162 6484 7510 8754 7871 14627 6192 19460 6664 8705 9395 14096 17031 10834 18303 8746 5475 19360 9237 16847 5707 10185 16568 9699 18427
14580 6057 16243 300 11651 14958 8234 4462 7326 1099 10131 12398 11088 9890 6672 18821 15749 9009 8837 14244 1018 19285 11946 237 398 14831
4269 5134 4568 17943 2837 3997 929 14672 6410 1778 6079 6304 12316 6708 8432 6011 16692 5426 19528 12137 18888 4761 14797 1704 19909 13605
5815 8308 11995 10674 18214 16367 10225 15305 5039 10946 17483 2380 2955 9975 6856 371 13085 15697 7428 16142 647 7954 2875 4094 4875 1553
6466 8561 3961 18001 11303 16455 6129 15990 19657 12953 16603 19366 15979 15890 5377 8900 6903 85 10083 18884 3788 3192 11317 7974 14980 40
2353 620 19107 12403 9569 4457 16190 4014 19225 11538 1514 18278 14813 12672 11895 8323 15033 2196 19654 7053 10263 17367 18928 12148 11760 16340
1349 5624 15402 5830 19496 16750 11590 9326 18339 11737 8892 18919 2569 6912 16702 7874 15337 7651 2378 14982 3259 19994 12348 17764 11985 1775
3343 9318 4160 16920 5118 19903 9727 10513 11383 5450 9129 3219 2322 10227 14297 905 19184 8737 11195 9293 8631 12943 14525 392 13828 17401
3781 13842 8607 1253 9262 933 3968 18323 5694 2695 12433 5002 4743 8034 7079 12409 748 13181 19244 18174 16330 19815 10969 5647 7818 15234
16079 9496 13792 15067 15155 1177 17754 8167 9866 1473 4614 14587 13196 8227 2690 16868 11774 1515 17005 16620 6504 18750 7542 13926 13929 17080
6292 4949 7107 13572 10026 10513 7430 3990 1070 12097 19774 9339 13653 3004 15087 5833 7081 3265 10444 19480 5978 8338 7379 11929 11490 2953
8739 13238 6171 4054 19335 16313 4369 8863 15937 7431 1742 8373 17692 15785 10275 14176 12512 928 1975 166 6924 3176 12221 2308 17149 12992
9192 6665 10419 3016 12801 168 7537 15260 14709 418 13053 16138 5391 11334 6004 3561 12662 3030 15031 566 2624 18261 11672 13493 19415 3918
13739 3058 19796 13228 2735 18823 2981 3494 9786 6238 7522 6505 5363 3891 10633 4870 4152 9664 18503 5568 14575 10205 2512 18627 10613 12025
8 8986 15610 2721 581 18798 19018 14992 12171 2222 19735 16732 13500 12117 17900 18622 7496 1045 4705 5074 19237 13059 12079 10485 2584 1948
7336 17920 18861 13671 18179 3725 1857 13628 12268 13041 11198 2553 13492 3618 1288 18388 7591 2306 7069 4504 6280 18103 4530 12276 790 16389
5843 6432 17398 13858 17130 4807 12114 16147 9503 10652 19698 9880 5951 18399 12913 6890 9949 11483 3481 6395 6871 2028 18242 5567 19857 14424
4311 7685 19934 6185 11400 11135 3721 17876 17667 5993 18309 18096 11603 8343 10625 17297 12791 7539 1950 18707 16294 9625 9311 15427 6228 2948
13549 7877 6956 17708 2207 3492 16869 14814 18288 19525 7452 3165 2836 15844 2593 9555 9660 9590 3434 17898 2988 7381 15530 10508 17218 15910
2779 6661 2159 10720 10546 2828 9676 18594 9141 10189 16934 4648 6696 5738 11902 15166 606 9316 15481 5749 5309 10280 3715 10185 17459 6312
19552 7131 12014 8096 1225 3326 5304 12296 19595 6665 6249 10681 9660 3626 6747 9927 16852 17601 1783 7032 4685 15668 6366 10159 2635 10872
12491 19632 18428 1034 5925 13560 216 10900 18732 6563 6064 4237 10364 16581 11962 10345 11894 2442 8939 6703 8857 11460 781 14379 8537 11843
3834 13036 6965 14181 19756 13291 450 6297 7185 6983 6323 9236 9721 730 18590 19313 8170 5012 11527 1608 5001 3062 8120 9476 19436 18181
13262 4039 17688 8075 36 18899 19407 11838 3460 19083 13058 437 927 1448 6862 7077 7413 19372 162 870 6076 14912 10678 16978 13600 3049
18604 17668 6116 8625 10948 5218 18830 15295 5971 12185 6399 15053 14626 13622 13977 3683 8272 19187 16628 9321 6296 17697 10093 12058 10880 18736
16574 1552 17126 14935 12145 19988 4691 9559 10722 6204 17616 17948 6841 7916 378 18588 2892 18229 19743 14007 9790 19420 11732 5158 1180 10235
12557 12830 18845 18834 201 6795 11707 518 19155 11538 17017 17079 17265 998 4749 15100 2418 19414 16647 9939 19189 14861 15751 19933 661 19160
13990 11778 7910 7304 8851 19793 15038 3541 12835 12911 19473 9358 11518 9970 10038 5232 7990 449 8901 11012 10532 12220 16803 18726 14493 10543
12996 10579 14363 9402 18182 15219 4707 8455 2253 4446 4232 13985 4708 1727 1096 3556 16523 12504 2507 5345 19748 15056 12448 7931 4568 15597
1517 13307 12616 907 18781 17778 15927 17154 16132 1822 9929 16492 7157 10451 7985 7342 15961 8529 1832 19067 11684 16492 15604 7189 1632 7465
15179 63 18336 2229 3082 7717 294 9969 1506 14802 11783 4780 5305 13687 7752 12691 4383 8674 11624 13623 16132 16320 1359 17586 9417 10091
5501 16754 13687 8831 2265 14504 17065 13710 6592 888 10085 3743 4927 10064 8989 17939 12816 15574 16566 10543 3173 116 5704 5994 16924 15441
2532 17637 15404 9304 13817 18613 17127 2334 5251 5099 3819 78 7738 10751 13484 18580 7955 12247 11075 12430 3962 1673 11220 11407 2052 8244
6399 10726 148 2265 11006 8088 3884 10447 17139 6375 3025 15645 9849 6236 8823 11270 19724 991 9617 13966 5306 19102 18233 14215 1474 2589
7775 12658 12758 12317 1697 11474 15696 13786 12160 19401 12881 10000 7875 5217 2813 10522 8789 75 17951 5972 7299 14334 811 16272 18874 7490
1305 8648 10649 14836 9356 8749 8522 4627 3228 4720 5207 16852 15601 4709 19415 9403 3794 14615 8508 13652 6916 13065 16986 15309 6879 10359
223 13508 7401 7384 17326 16277 15722 13919 17225 5681 7575 15463 5750 711 13003 17472 719 17415 3204 7496 7856 10716 15717 17739 13312 14818
171 14058 7902 13774 13433 10307 19772 19126 17213 8262 14802 3205 17681 6266 955 11820 13927 17896 13817 13360 4559 8242 1211 12754 15902 2766
16937 1837 10172 15530 16521 7035 15152 11034 12006 1767 9630 5263 6350 3499 5960 11049 783 4174 6809 12949 4559 12090 1733 11886 9498 16609
561 14020 16619 17563 9693 17676 17794 8939 18891 16667 2433 9460 18481 8768 4558 19715 7520 19249 14629 17746 1200 9813 8602 15198 5372 14650
15467 14844 8049 4569 8489 12007 8148 841 4049 2371 18338 19334 5903 11211 6 3401 17609 18550 4943 6600 15310 17748 15323 13349 180 12632
7749 13898 13681 16203 16253 8508 19589 10574 2942 11048 7401 3683 2391 16676 2202 17427 8043 2416 5813 16473 8077 7941 9746 15388 3874 2824
10373 16235 8866 11666 14318 13666 14769 13373 5151 19185 8096 16068 7514 7664 16573 16606 15395 13152 1991 1754 1585 2505 13657 13036 17381 12024
9514 11437 3704 3731 14397 2246 16825 14720 12861 2279 1437 18642 6644 7248 1961 19187 3223 2471 887 2959 3554 11261 9784 14514 11998 13059
6418 2691 6809 4790 16727 7152 9711 4828 19065 18859 11244 14358 11949 16980 490 11767 16258 9518 4596 4186 15867 20 17169 7209 6483 7582
16363 19505 19762 16645 440 16285 3758 238 8200 11150 4438 17477 17849 18913 18852 6636 685 12925 12345 4345 16554 14720 14922 10419 5498 15456
10694 262 7419 13298 17452 17366 13762 7665 13200 12375 8694 6023 7173 633 7292 18541 5710 14687 9190 10517 3279 1306 13591 3681 8237 10394
19080 11146 11820 17267 19592 17297 4063 2425 15543 3583 6398 4900 2848 15923 6423 18186 10138 11161 4009 13858 7828 16731 13344 6388 13846 541
15726 15223 5498 5646 17794 15533 13371 13808 15287 6740 15143 15189 13077 9792 6922 11139 990 9784 675 2794 12627 4485 19777 258 1465 3096
873 8976 7791 3178 13714 2599 1770 16432 16916 3623 6264 8625 13728 7031 13311 5124 1349 17947 14572 16273 12877 8506 402 16613 12357 5948
19969 6640 11434 14843 9938 14785 13408 16153 18489 280 14760 3613 3050 6361 17626 17663 10146 19122 5392 9751 12856 11681 15292 4716 14545 3257
11287 1974 14476 19084 19803 6038 2155 7587 14047 11235 7510 537 10783 11223 16363 1487 15190 10616 10722 6652 17423 1738 3121 3102 17461 900
1150 18119 16240 6514 8596 17461 1751 6312 9921 5448 8281 13355 6812 8446 12586 3166 4252 19063 12888 8556 2805 318 3452 13033 14166 3701
14550 6290 9453 17904 9750 5891 8559 2295 2728 10882 7547 1696 5604 7090 5007 8377 12627 7857 18432 6183 2757 75 5551 5778 7839 2762
1629 7340 17039 16193 19398 13616 12774 18990 2475 11892 19278 6512 5608 1494 3302 14760 10298 2096 14255 12933 3562 12212 426 10843 14883 14884
10900 15799 5703 1665 1385 11471 5314 15141 10647 14884 16543 13657 14674 3046 14874 135 355 4628 13143 118 18296 17346 7271 19988 18089 3607
340 2878 19639 18509 3805 1032 447 17104 14605 5163 12246 5745 17369 7201 12570 14469 5789 2449 8857 17594 19789 11353 3015 12416 17188 17524
4010 15549 17035 15938 12256 11394 2250 14538 18646 2635 3189 4943 19517 10728 8661 5596 9432 14572 13907 16911 13150 11786 10959 1935 10545 17716
7227 7335 9284 16224 17000 1620 18058 9032 17916 18548 4430 18836 1066 19726 2118 12719 1927 6430 17224 2817 7061 11304 14561 3814 837 14041
14063 8763 1637 7948 6464 3118 6797 195 6229 7298 12873 10476 8993 19924 4692 14064 5019 10705 14668 6328 2523 17044 9578 15030 14841 11211
3569 9560 11896 5607 17595 15353 6324 11580 9287 1334 15191 1985 3986 15674 7982 10419 13944 16123 3405 14436 12303 2862 15457 3423 7071 19787
5697 4725 47 14042 16693 7455 13265 972 18168 10514 11401 19754 12878 9972 13481 1776 1365 11982 7826 3132 5327 9898 753 19174 13774 3377
11373 8892 5095 14642 197 1116 15922 450 17591 11329 5559 17753 6999 5765 9015 13882 2023 14802 19912 14425 15131 346 15745 13819 11546 3487
1449 2483 5026 14543 3606 8288 1094 12525 1088 14874 11088 19341 8315 2177 2491 7019 5874 8734 8369 14770 12452 18385 17325 14221 11980 7917
5242 16014 2918 1540 19346 14025 16303 13405 8716 7217 9733 872 19626 2986 14029 13477 19267 15632 15151 241 18217 12204 1413 12587 17428 4408
15952 15561 4917 16288 14678 11852 11730 6639 4430 17375 6309 18284 1565 5868 11451 18666 8482 4455 2724 8944 18562 12632 12234 2474 15177 892
9470 19517 1118 5511 6753 12784 3458 4626 5387 9594 2140 11260 567 16480 18611 19320 10997 10928 17776 15489 12957 3324 10671 3308 18009 8865
1479 8725 17757 3320 2681 16065 18169 11818 15343 13168 11149 11064 17562 12521 17792 10036 19288 6074 14129 3366 1137 13341 1347 13067 12991 19717
5868 3795 3845 9546 9822 1643 11413 10829 12580 8900 532 19384 4218 2347 18771 13098 5439 17003 9242 15083 1316 17906 9539 17757 4438 6598
9908 15246 1238 162 4810 19699 16464 17213 7977 4149 19693 5522 3058 12214 5597 6647 4740 9775 19063 19089 1054 17205 7557 16660 3553 15956
11107 9537 12470 3646 14099 10216 18275 8718 14440 7928 13866 6946 16459 1663 12702 19504 15493 16957 8906 9420 13331 18829 11988 19511 10489 19221
7132 8894 5383 10309 16200 16941 13865 6143 5302 19839 190 10946 14005 12679 15571 7021 5992 1511 12760 9256 6156 317 13662 14527 3662 5165
3133 9736 9098 12642 18040 2559 1991 11522 14897 14014 17234 14537 15548 10447 1156 10755 13178 6105 5465 18264 14240 16390 10173 6715 14124 10864
4813 7400 18531 4421 14512 12876 7867 1783 11941 12562 5223 10568 9415 5563 13953 3512 6331 13415 4262 4344 2491 11289 16509 6533 5825 8750
16189 7232 19746 3269 5982 12446 8168 18233 15776 2213 19587 16829 2514 16069 9063 10255 14085 15793 8704 219 12358 7202 11994 15922 6415 4920
11227 11827 15259 10488 10508 15582 3655 18204 9041 5999 8094 9024 13874 17145 6111 6925 17295 14140 11117 14280 6377 19981 12538 2340 18072 11944
5773 12611 9707 14042 938 2812 18947 4668 18769 11580 10271 7555 9295 18075 7663 1951 19423 14456 8958 8638 16799 14436 8940 11512 14723 19391
1463 152 2615 12104 157 8238 2880 17221 9533 19716 13950 19507 9457 1617 6957 2812 15112 8989 11359 17979 14646 11103 7114 14571 10354 5079
10927 5752 6160 10558 2331 15916 6067 17121 13466 17484 67 16236 7867 494 10953 247 9490 15667 16372 1836 4772 310 9760 16345 10665 1031
17261 9932 13715 2019 14542 3308 18350 1676 2030 13370 16571 10196 10169 4890 9508 11875 16641 16879 9488 16960 2113 2223 14058 17958 15989 7266
942 3521 14971 19100 15759 10759 5457 14009 513 16780 1146 19562 1228 1516 6318 9388 15804 8273 4636 11876 19132 16095 4525 15885 12044 10314
2940 16026 16732 1716 13881 509 12220 9255 4930 8763 13354 19815 15275 13542 10726 18905 11740 7028 2000 11535 14379 2505 5510 12192 9220 18528
16041 455 18601 14751 15279 5185 4984 14491 4046 9368 2240 1095 5750 1611 13729 19675 2621 5316 2097 10199 12912 1424 17741 3977 4669 10673
2758 4488 8317 1971 19929 4463 19932 15401 14457 1813 4790 11518 843 13725 8026 1399 15251 15965 9950 7624 623 17562 5269 2456 9037 9123
12088 714 12771 4887 1888 2797 17704 19713 8228 3329 6331 14005 3372 2400 17832 4076 16297 14569 12083 8152 11156 9603 16019 2841 574 8475
10991 645 3855 16797 11532 6514 13177 9824 17678 842 5276 1154 13925 569 9114 3703 4792 8937 2700 7334 10574 7095 7889 15030 19995 2938
1664 4350 12494 454 15428 14823 5534 9310 838 15932 7715 4820 8784 1968 10100 13802 8823 5952 8801 14050 16863 18594 9158 10180 17015 14396
1985 2873 11171 3845 11202 18343 12331 5633 13878 15428 13167 10999 8132 16678 13374 1424 9176 16078 19858 19378 3312 4883 10532 9393 11237 4886
9075 8494 17249 2354 10665 19576 11047 5571 9082 12212 16845 9428 5736 14715 15347 14112 3038 11026 3545 16761 2935 16398 2389 66 10362 8234
4892 13649 6937 14115 17467 17796 10592 11948 141 4608 1273 4984 5324 6261 17413 1673 14997 3819 19431 262 16998 9227 13051 252 16868 16054
1081 7394 11632 9985 18469 3405 1660 13199 3326 17343 17572 14453 3205 4907 12815 13512 12855 16158 13669 950 18684 2302 9013 16240 8184 12790
17865 12225 1486 3344 13851 15686 13019 10712 17095 5499 8757 8346 15640 15249 5779 12763 14062 13828 17395 11219 7916 13836 8625 6183 10196 13153
2444 19095 13158 3180 14702 3176 5685 2152 9443 11388 17652 6875 451 12342 10689 7624 867 1675 7447 7987 958 6373 16915 11150 19107 9762
13456 15588 7470 1178 18003 19116 423 8301 7448 17555 16341 14238 1628 14426 2028 14545 19697 11688 13022 15158 6405 13694 12557 10737 14086 5198
19060 1464 3595 8884 11398 17229 8127 10329 5632 666 6386 4738 13917 10711 5683 8443 5182 3611 1771 6609 16760 3590 2516 4752 16781 2107
3719 7911 10756 203 3217 4273 3874 14345 12628 16052 6398 6469 9173 3313 1875 13880 2084 14499 17470 9239 18868 12103 9198 540 16626 7122
8447 13803 14470 15361 9926 4099 11427 18342 19891 8248 13382 12662 12260 4503 8222 597 7224 19882 17000 19873 13249 1572 19231 16932 16098 10347
16825 8108 6502 19030 2000 1938 10107 11284 18769 18380 18778 2360 11557 15845 2351 18368 1507 12750 7364 19046 4753 15815 8977 7616 6733 14556
1206 5149 9022 19931 3873 5337 15612 2015 13948 8411 6126 15903 10428 4426 10585 744 10648 14577 9726 13825 13993 1582 18651 1497 6050 5370
6307 8079 8191 9730 14426 4838 17965 5231 10429 2615 4116 19335 10533 14901 17988 2300 1365 15872 3461 12392 17732 1012 15188 8066 16504 4939
19602 16477 7556 8329 13998 8707 17408 5464 5995 11398 17185 8763 6766 7389 3340 11028 6419 11839 4931 6054 10448 13623 7495 2164 4957 14404
3260 5948 4454 15189 7921 17472 18329 11735 11098 16220 19360 7650 13587 5692 11786 15604 5693 13642 17204 15719 3363 14994 2949 10196 357 17990
14815 4126 13134 16899 18533 14394 5585 14222 3991 16127 16161 2783 12865 3486 4664 982 5486 2414 8582 15467 10732 12634 2458 3727 11308 14457
1564 18011 13717 17307 1114 5828 17120 18775 171 3697 1943 7096 11625 15260 2331 3842 12023 460 17486 7418 8283 3547 635 10300 19633 16668
7942 19346 12174 7412 19420 11518 2776 12580 9104 1646 17117 19980 11243 19504 4559 14395 9853 3066 5233 19332 7259 13139 12059 661 5894 7515
12597 11107 12816 5024 2787 14408 7116 12628 17713 9550 17920 7443 12376 15217 8387 6018 13428 16893 9470 14580 17234 8999 1416 12487 13512 19694
4333 11050 13632 9642 15329 3017 14906 14771 13573 3761 16917 9896 10270 16584 1981 3322 3908 6880 1097 5573 8327 17616 5242 18490 19475 1831
18779 19051 5949 6842 1879 249 19400 15434 690 6976 10059 11710 6232 6333 15927 8691 12661 1057 8743 7303 8512 3443 10809 396 16779 18815
11027 17519 12300 6449 3390 17921 17626 13418 17281 15700 19115 2910 2309 14895 2624 5127 18431 768 5933 8220 1491 5164 6026 11774 9608 18884
11774 11520 13507 4759 13299 8776 9298 14203 7157 16222 13495 16115 15863 7611 3218 185 18850 3531 17288 4776 12272 12354 5455 19553 17666 5860
13176 17985 3009 899 3670 3736 17064 5560 17514 18925 9953 14374 2045 3893 17027 9318 17639 7472 7275 5762 10252 19468 6606 16931 7992 15423
9517 11664 15012 7199 3156 18035 12968 12417 6689 14505 938 9611 7679 7637 12436 7770 19317 8687 19778 373 1610 13870 8239 9583 18219 1974
9194 2487 10586 14985 9369 14122 9142 7226 3503 15620 8289 11099 3802 18062 10002 3005 14337 16568 4453 17460 4888 3519 16243 19811 715 10068
5120 12266 16337 11958 19417 11902 18212 5137 7596 11874 14938 7592 4110 14869 2860 19164 14323 11345 10797 4227 12377 14667 794 9946 7573 5224
15635 18170 13662 12309 19124 6086 13937 7632 15404 12986 15707 7697 2597 19889 19929 2498 5476 4916 19771 14449 19836 11720 16026 1181 7834 3981
18291 16715 6470 8424 10097 12352 8320 580 6154 2614 955 1402 18289 12475 7745 8546 17670 12490 17696 89 659 2652 15491 3288 506 823
12151 868 18179 15724 13489 19086 12215 7717 11336 9438 14761 10755 9498 15915 10860 2211 7724 7219 19070 169 9643 10625 8868 5937 19845 1466
14822 7799 19115 3604 10042 2255 18101 3566 4412 8017 6356 1313 19855 15368 10556 2153 16608 4665 10189 17329 16071 8981 16937 2465 19337 12285
16896 1983 16400 2225 11299 18458 15287 13524 12409 17359 17007 12609 10906 3223 1657 14796 16899 17101 11158 7569 14179 13944 12035 9120 16359 18076
14582 1939 8598 4115 13030 6588 1475 7225 16723 16462 17814 9197 1431 14576 19226 11864 14133 11490 19033 9227 1105 18822 18588 9497 11748 11801
11051 16378 10412 6786 9160 18115 2415 18635 743 223 17591 12111 11425 10736 928 913 11441 16540 9030 6419 3525 11769 5276 457 1641 5584
17726 16435 1042 3002 10483 14242 6444 3901 8790 2707 2456 15869 15362 9863 18883 7376 7439 4463 6199 13652 12278 2960 10376 1646 7482 11422
16379 11995 13117 16112 13868 9426 6633 17120 8597 17799 1402 1480 13092 14964 4470 11969 6568 4359 16794 14431 13756 9459 3490 17703 1260 5680
1870 9821 6183 4286 3776 13712 7365 11615 12524 12928 16220 13942 3367 11023 12916 2280 14969 19040 13873 13555 88 2118 11879 4108 1252 13306
12680 18349 18871 5499 19111 499 17617 4546 15183 5531 5143 14143 15383 6499 17251 13217 7863 8825 18418 2681 3655 1276 10528 18324 15161 18300
16799 4693 1484 519 14721 7541 4921 12650 17599 14252 16634 8949 4868 12855 14581 11532 18086 3142 14722 15092 19301 10812 3030 9114 18283 8089
19540 885 330 16210 19100 14225 4201 5558 5626 1099 1562 10419 9142 6449 4416 14450 2352 19725 9045 6817 4073 8514 2090 2799 8916 19910
1124 6062 1293 14427 8855 19455 12498 14311 6208 1993 19579 14349 7697 1013 18616 13303 8394 14096 2992 7041 10021 11991 5811 13112 1172 15809
10042 548 14439 1695 4853 10574 18463 14093 18009 4952 19905 1594 17455 4506 6314 13620 14662 13829 12856 16259 8013 17446 7117 19220 11052 19075
3047 13050 19614 19673 16531 12475 9768 13916 17907 1266 307 1132 975 13114 4933 7240 17484 10947 13080 16937 7006 5985 5836 10341 9449 15163
2309 10241 1108 19875 9450 14608 19301 14747 14712 1687 6961 1754 764 4926 13859 12982 2882 13627 7452 7756 10551 12951 5798 5743 19076 13937
11225 3172 14997 12915 18204 15437 17951 16031 3713 110 13660 10255 902 12658 5526 16860 13119 8570 10263 4021 17847 3189 16698 13201 6832 8492
5506 11614 9095 11126 2673 1119 8456 18642 14372 19843 16897 15511 9497 5342 4916 17694 11891 2509 10150 8610 11664 14438 7624 5434 1642 7061
14 11841 13345 18883 19874 6703 15773 19678 3341 9115 14328 17782 6870 18254 13173 10913 12529 17867 13859 19037 19851 4246 15620 15992 374 14873
19177 2268 4992 11952 9120 5384 17147 17788 12420 17565 18268 1915 6939 6428 3616 3854 11039 7394 3663 1017 19821 19353 2289 12296 9641 7636
4024 2580 3476 8732 7925 7271 3647 17456 17435 7125 10563 6340 8464 649 9349 3778 19315 11085 15915 17123 17126 17743 5324 3434 19551 17003
2965 9905 13757 4852 795 9714 4079 11728 5902 5746 19266 1900 17010 6929 4230 10400 9955 17448 5972 8036 7052 7467 19515 15725 16344 11807
11281 12638 18598 11200 14000 3994 19578 13614 3542 2170 18244 9576 5740 6733 18435 11044 11440 13193 14138 13056 17013 18221 9046 11210 15719 12724
11257 10237 17868 12641 12564 14279 1213 11250 15721 1953 8723 8017 10916 11670 1885 4603 9041 18426 17071 16416 18331 16071 19103 13169 9626 1579
2602 19713 15022 15932 4652 10405 8021 5458 15058 7181 11758 8799 8417 1652 16997 8454 8645 8850 8041 19883 8545 4482 19728 6788 12627 2593
12133 8704 7671 9769 7620 17089 10976 12682 14453 7142 9029 3772 13742 5288 6487 17522 16492 13530 257 17527 13404 3055 8007 19749 9745 10315
1831 15528 8205 4470 9958 15687 7457 13104 19617 7909 16348 19298 16812 147 4638 11908 7199 19938 6436 18747 14960 16215 8486 15305 7657 9051
19219 4209 3944 8050 15055 1686 9275 2705 6990 18118 3924 12577 387 10263 12449 2157 5428 4168 19494 17590 11708 560 3701 1710 10516 8699
14778 17 14971 8562 5888 4546 13576 6482 11637 16580 10773 10036 16478 7199 18005 7199 17261 9447 6307 7097 13056 18350 1874 16346 13262 2037
2845 10437 19329 3090 10919 5703 11293 11 2618 2632 16823 12258 19176 15721 15684 2241 14710 19943 6402 6818 18914 11744 9072 18906 16259 8472
13312 8639 8316 5079 1962 13447 7436 11174 10191 18880 15827 1109 13023 15929 9473 10852 706 16647 18273 15062 8 6513 8609 13559 12406 18836
6839 16466 3085 7886 9143 9811 10170 5944 9990 15268 6110 17939 10732 17093 1598 13316 21 10920 13318 13054 7035 12963 13300 12350 5239 4791
9449 15907 8696 4248 10783 16742 1471 19388 15605 7212 432 12550 6101 15348 14266 4855 7126 19505 4931 7137 19671 12014 10370 80 13584 13726
526 17938 12776 3272 18280 895 10719 4304 15778 13409 5408 6664 4134 15800 9748 9786 8332 10169 17617 15846 4543 2086 13019 14859 2835 3055
14811 8995 2104 7712 9669 16210 127 13394 9171 6203 7042 8747 19658 13785 8339 9750 7802 3000 5921 11204 9213 13824 11584 2163 8866 9360
880 10264 16026 6141 7580 908 598 5930 10480 14468 141 5841 2987 3186 7260 11096 14341 11519 14226 5364 19688 15998 19770 4216 11605 2751
8880 1024 5414 11738 1270 6812 3757 9741 484 9409 10791 6483 10890 9745 10146 13789 10656 4343 17208 15484 11889 15755 11603 7905 17191 14892
2608 6170 13306 2453 11328 4783 13742 10442 6476 18295 13449 18507 8365 7551 5870 5744 18207 6969 1463 15952 2664 7359 15878 12409 5257 14434
15740 7973 7320 10030 7536 18952 17257 18351 19921 10669 1629 8470 14159 9040 1148 16679 13767 6297 1154 11899 4075 12928 1750 923 14168 9343
8922 12287 14679 10787 13967 3933 7383 6863 4771 4093 13894 6733 6115 17172 9067 14308 17974 15798 15671 19781 4338 12343 5274 11122 4100 14660
2223 14172 17193 19548 11841 15312 2469 9266 89 1633 18788 17942 4479 380 1769 4922 36 14343 13345 15563 1000 4866 7495 15317 9320 15979
17143 15417 17600 1252 1151 2619 13115 8120 8596 19326 8151 13179 6639 10079 9829 14069 11991 11930 12603 6542 3444 19421 17775 2134 6946 7576
15862 8086 8455 8587 17788 9080 1800 4873 5000 18113 4537 6882 10442 4682 17754 2003 2703 18473 2656 5326 5570 1472 9458 4452 2589 754
7889 722 10025 18001 8664 3421 15016 11617 8015 321 803 3055 5331 14102 11375 19476 8472 7386 15837 1636 529 9258 8528 10572 15255 17364
15732 18066 8593 11647 12676 11777 7887 10283 16683 16321 15741 19689 12870 18146 823 11877 18168 12045 4118 2483 2729 6374 13433 5949 12411 4251
8676 14107 1286 12413 18117 5075 13226 15324 14392 1635 8761 4599 6386 5655 16882 7634 10667 9740 15017 3555 14715 2213 16030 2528 8083 194
18978 17002 8627 357 9046 11839 4820 3615 5925 5872 16222 19287 19121 4514 14788 6603 16162 1205 16284 12289 14797 17323 17354 18558 11329 3005
16299 5470 9429 1368 965 7754 9656 11245 18179 12410 16381 8259 14668 11649 4336 16154 17089 10792 17746 15779 9880 14049 9488 7542 4247 18457
3104 8358 11987 17993 17630 10521 6494 14953 18874 19153 16851 6623 2894 1754 6877 16084 18133 1113 3954 8537 3049 16310 7294 909 16944 13836
14022 11355 8311 10540 1475 10659 15902 16447 14790 6575 2167 15463 3203 18144 17078 10118 4892 5733 19110 12082 8676 14177 15994 2845 2179 19692
12419 4528 358 11264 9755 10861 5496 6223 15449 7394 5170 18075 15252 4690 6015 3501 13199 11336 8941 13005 19475 14635 2067 11954 10561 14166
11408 15364 11270 1805 18050 1655 10539 18488 2343 9074 769 2794 16783 2544 5745 4712 16156 19578 7628 5494 8570 12334 12434 522 1279 13669
11617 15379 11232 371 8935 15824 10070 13076 9170 12056 13061 2662 8925 6346 11670 9720 17165 3278 8560 4052 13924 8961 12438 1906 590 1970
15072 6096 9160 2668 14945 17026 16283 19614 15948 19665 18969 9491 1755 1887 8614 10662 4796 17768 18485 429 13600 19034 8405 16953 10971 10680
8822 8387 867 14691 635 5665 15037 17273 18952 1921 2940 494 2081 12956 13223 14305 2548 7526 8042 5624 12390 1489 7228 10398 13822 13762
14069 6714 8219 3614 10363 8976 1482 1263 18334 10222 13154 3859 15176 15816 16148 5990 1694 19857 12507 13120 17715 4871 19861 15030 7377 3977
19414 13619 18117 17580 1419 16019 8499 4964 17191 7097 2254 4238 4607 2560 10222 5952 2022 10273 7148 4208 103 11962 13935 887 9269 16631
386 19574 6164 16629 17576 14383 19565 10613 18685 5669 17097 1742 17592 3725 19866 13129 17222 14534 5390 5750 19923 4078 2435 9138 497 2550
12022 6967 12632 6052 101 4151 10393 16765 1160 3208 6281 1673 2578 449 4495 10828 8488 9895 16573 8228 19580 3507 9960 13633 5534 4388
2560 14062 13390 2018 6327 727 2926 11917 18277 15936 15552 9240 12396 19380 8868 895 8887 11232 7433 14760 5854 3180 8421 15039 18976 10434
7874 10769 8425 6920 14172 17128 7061 14605 2874 7023 13035 18797 15981 2115 16620 11480 15034 15677 11030 11355 1179 13452 4488 839 3042 18462
9054 13637 1372 4303 15011 2623 17889 4099 10655 19314 3205 19162 9074 12874 3559 17669 4327 4867 1676 19680 1552 2126 5861 11037 5143 17838
19170 4650 12881 7046 11931 13263 8748 5328 11146 4264 19898 1504 18079 19065 10877 3643 8167 9239 17310 7112 14902 16853 17489 19376 10828 16868
10949 4653 13172 7061 344 7156 9070 322 2701 8183 8108 18920 216 19933 14842 15359 9276 14647 14406 16742 19687 11813 12834 15744 6559 7290
5655 15357 9230 16588 19796 5101 9884 9104 7387 6752 19107 18430 17603 12746 19703 3630 16955 8011 8929 3114 17523 15164 12455 17845 3186 2772
11975 9237 15421 15756 12337 12938 9286 9352 4555 11663 11735 16404 16570 12478 5049 10511 17161 16447 4482 276 18048 61 15 11230 4991 14668
11640 18220 11313 3614 3918 5120 12515 287 13262 19177 6081 14546 11061 10645 11448 14636 14853 17808 2915 11130 19479 18471 19164 2580 12923 15837
16481 19896 8144 6830 5849 6518 14440 3013 17310 11956 11833 4157 16230 4502 3761 6085 11272 9021 4682 8544 1856 16210 12454 1720 10437 11957
2731 15337 11740 6531 12122 1764 14124 14229 8952 6848 8261 2029 6757 3065 17514 19639 16323 13677 9662 3132 18083 12442 7736 15525 18311 10882
2012 13672 14339 16991 5477 11426 8795 9857 8382 14889 13709 10430 18746 2563 9233 15223 6697 11237 18599 18956 2678 12318 9536 7878 11935 682
5586 8539 1888 801 14029 13780 10808 17641 3469 4570 11756 5237 9892 4411 16008 15654 17783 540 10940 519 17973 6733 18519 1502 17168 14119
17998 516 6192 1968 3464 17987 72 15725 4168 12968 3040 8039 17490 12233 3435 10219 12440 4099 18948 6998 3859 11175 93 15604 12927 2703
1924 13592 17279 8341 13961 1040 18295 18696 98 19991 72 4851 14848 19152 3725 10108 13125 7130 16972 667 8264 15678 3864 9660 2225 5816
9860 17930 398 10235 9915 9741 19960 19629 4650 6845 11078 13056 116 5806 7935 17522 15314 18169 18097 17915 5526 2432 8583 3955 618 18146
16890 7116 13029 3900 7090 14220 4197 9911 6583 15244 19855 11610 14314 16497 3545 15277 14657 9975 4930 13791 8288 883 2191 11077 13253 7211
10293 13450 3721 18818 9782 17333 5642 9427 13255 12318 12890 7328 9701 6283 18405 14400 2931 5956 7767 17713 3192 12287 17116 16797 12272 12532
455 17592 10025 11385 11793 898 9617 9560 1924 16788 8629 11008 14468 3783 459 1508 19815 1934 19153 19853 5221 17726 11176 10127 5339 6633
13160 9058 7240 2342 14530 6253 6116 8978 7575 8732 3487 3566 6534 17327 12381 1857 7344 14154 2357 17042 2897 15603 14431 19831 18235 6806
4513 9148 17581 3147 8480 18286 8927 18687 11454 15319 11482 11388 17248 10574 10955 7184 11910 1886 15960 5679 14256 2073 11378 18713 15161 12877
12363 47 16754 18557 6729 8406 1968 7771 3125 19582 1297 12787 16032 16390 2165 14019 10023 13256 507 19211 7876 14511 13295 14769 6734 6888
13573 11943 1175 15192 14774 86 7178 3039 18806 10257 408 18300 3444 4953 11496 2751 8394 7811 4478 13622 8685 8475 8614 8732 11198 14033
10632 9279 18202 3483 4750 6521 18093 6089 7457 6719 18210 13251 17194 9140 18455 12805 1215 5925 12546 131 2356 15517 15437 2978 3235 15324
7116 17057 11930 2465 15357 18428 13922 6149 16652 8394 7608 4268 19878 2860 15238 19308 3738 11431 15465 7184 5103 10506 6395 7907 18622 10490
15789 918 3265 7556 5981 11036 3366 1472 16472 18730 9030 1599 13377 2254 10115 5922 11889 1772 2052 11058 15201 7210 19311 4859 14708 11532
19564 9817 7735 18406 9654 8866 9796 16725 4260 1794 7282 12023 5710 7195 8325 12268 16292 1726 16902 10936 6742 9581 1672 9571 7488 12299
739 16510 16403 17431 12576 14807 13162 18388 14577 3737 2612 5896 15137 11909 7687 7020 18344 10597 11343 10253 16737 8444 14122 11603 8866 587
100 6680 8453 10059 500 19528 6172 12145 11139 18738 114 17486 9194 575 5681 16438 17282 16524 6693 15680 525 14399 11382 2560 15981 14662
19349 3310 18098 4079 9913 5249 16771 8223 14894 10791 6173 10927 13579 15242 9859 8147 8804 16871 6406 1831 19485 2984 6078 3659 18884 14553
13587 19588 4826 17960 1932 19912 5753 19796 6124 4920 9100 17391 19266 15807 11643 11188 15058 878 3117 5024 7763 1623 11672 13076 1870 11488
19781 12685 4321 3006 13998 18093 3909 5864 1188 13694 6695 1821 1917 13812 3680 14344 7036 8516 3371 13561 5648 11564 8140 14492 12749 3210
12001 8024 6807 712 2352 9548 13430 14064 19612 19109 4046 3619 18484 17757 4682 3590 9172 1801 9958 11182 3061 1575 1250 9702 14255 8357
7695 19830 508 4826 7147 5459 10028 802 1116 19604 1619 13142 3631 19979 3153 3977 7551 14906 2911 12194 8329 3911 2468 7695 2391 16876
3051 14696 14373 12508 6764 9534 10605 9177 13001 12029 11835 16609 16053 5840 7583 3176 18034 10674 5985 10004 17360 4653 5577 14245 18984 9444
15589 10837 8585 4779 13616 12354 6075 10933 6600 8585 15355 6108 7397 8883 6521 9025 12352 10702 14873 18962 11643 10208 3495 8648 7393 8320
1268 9345 16826 9255 7311 1768 10045 10696 10062 7312 2486 2492 3203 1978 17181 3499 19832 8125 5452 17017 16368 17419 698 17930 17548 3030
17004 7518 11731 3690 3653 18926 692 1485 8602 15200 17697 9182 10687 7381 15256 13207 19644 7830 19465 19798 482 10995 7414 6899 12349 13742
1547 12332 17861 10220 15920 16666 13223 15469 2901 13847 3501 5337 3452 8291 7631 7037 8009 17416 11863 661 7273 667 8448 6475 5229 4459
9421 11281 16634 11139 8185 10121 16542 1349 5958 3292 18623 9200 11879 1624 15038 6501 17954 4003 7024 9334 12769 5614 4636 12962 2826 1427
18454 18884 9576 12922 7446 9978 199 9062 18831 10940 8826 10883 7766 7456 2516 17218 2583 9924 1508 12317 18698 2020 6886 8148 52 6417
12270 15036 13010 4159 5579 14501 4163 5840 16071 13279 9465 9830 11638 18674 3957 6792 2498 13967 9720 9670 14147 13558 11861 840 11826 1941
7446 19855 15010 10438 15017 264 9464 11239 878 10305 633 8535 19806 8857 8798 12022 18233 6968 12360 6904 18661 13300 278 2750 18113 8597
17397 11185 19549 4 11741 275 6884 15989 275 3384 1082 11278 14967 1716 11104 13818 15274 6683 7744 18323 10453 11515 502 18153 2516 11402
3128 8398 10242 2748 15367 11546 13782 11999 4807 19433 2594 9352 12834 7499 17679 7998 15802 9230 3755 12910 10298 5008 10649 18304 2222 14019
6985 3938 8660 9934 7439 8621 6447 3995 12651 19590 18340 18868 4191 13360 9956 13804 15647 5251 5064 13957 988 1563 9059 114 1087 9110
9152 17658 13556 7092 4743 17438 2281 1689 16403 14231 5287 18518 8682 7298 10156 6507 13033 15695 18944 14432 18665 4507 14220 15136 11126 2080
17160 8335 1974 3349 18906 8330 3125 19576 16777 12889 2478 377 4016 12337 3162 342 2512 12298 19370 8128 16268 19429 19480 4610 14249 13500
5592 3798 2895 16785 4081 2750 11695 18491 14932 221 7384 2630 14053 17458 2950 17146 5893 14281 582 18991 19588 7333 14112 3997 10262 19568
3078 4549 10297 11983 15667 14248 18749 5225 11079 19424 5629 3435 3563 12191 13447 12871 11284 3254 18332 2533 14233 18903 16107 1066 1381 13788
3773 2897 4047 19152 2546 10999 11976 2309 11163 16734 10527 9580 4331 15029 16673 1112 7038 7373 927 10369 5179 6602 19449 17518 18608 2523
10916 17293 13716 7987 2114 15154 10747 15804 4097 15744 15265 53 19585 6895 17858 2446 9649 15876 7466 344 5794 4189 11485 12205 693 18356
13841 332 15924 13060 12068 11489 7273 1036 13466 8862 5607 11000 2500 8527 18017 15270 2172 3096 3792 12906 6963 4571 3616 18146 7150 11916
7228 11933 2909 2216 18134 15481 12551 13706 13920 7733 10401 11461 272 15042 11772 13776 12890 13301 10378 16316 4029 1125 13729 16524 18174 8528
9652 2313 19514 12577 15218 8711 13485 9065 18737 1579 13607 9381 9685 7455 8 12582 15810 1628 10082 15420 7720 11056 1512 14766 10840 10698
14029 15839 15230 1418 19666 13380 7419 17269 9445 7354 12099 13054 12259 2942 6213 12264 13648 5291 294 5982 5138 4986 4997 14645 6310 5347
14545 15617 9896 876 16494 2718 2199 10785 1647 511 12491 12981 8293 7548 4986 17686 4335 2089 16134 3515 12772 166 6660 15702 10637 16595
16489 2654 15763 13459 14989 9436 8720 9926 18870 12238 6894 1946 18644 6149 6692 13493 11957 922 8523 17737 858 6419 12018 14274 10729 9151
18312 16505 16568 18521 592 3047 4167 1461 16454 3740 1589 4146 9653 5462 16840 7813 2307 12130 16427 12210 13412 6853 1410 15332 14567 2923
4113 8511 18843 5019 12944 16725 14602 17728 17037 3726 6941 700 4822 8151 6729 9401 12758 11731 19827 8040 5194 18762 19878 18544 7510 6701
552 13821 9069 3600 10598 5643 17737 3621 11567 7637 652 16345 19500 11484 14824 16052 2900 13326 17737 599 8278 3400 116 13767 10934 11041
11542 9818 13125 1058 15941 5552 8888 7869 4766 3745 17487 9700 1194 9697 5736 16826 18987 3286 18693 12632 4981 1609 3397 9570 4223 12858
7954 12103 626 18260 13571 594 10981 3726 18711 10535 14165 3161 14978 15299 8679 1451 15507 13066 1687 18787 6390 6675 14638 10922 6912 14451
6448 9536 12727 2805 4152 10105 15911 12455 10590 7196 7681 14991 14380 10107 1242 2467 13232 15478 3827 1684 7226 5075 18016 11351 16554 14405
14427 13539 13722 16447 17181 6678 9858 14326 15390 492 13546 15685 14268 837 14638 3968 760 11270 13508 17786 18929 2634 7851 11744 9265 3972
7760 12994 14291 3087 15811 11269 3647 13712 10727 17514 1398 19830 8160 9921 3753 8710 16360 12984 16216 7574 10802 668 17260 17793 13763 19155
14989 11696 16574 9920 6231 14223 14687 8844 16332 10887 3238 17890 14166 15124 14353 5486 4815 18215 5097 8895 8449 1838 5518 14703 6954 15052
7854 1356 19076 8992 10287 4500 12761 12069 17482 14414 17179 7262 17509 4056 3367 6367 1043 11970 3349 5324 6520 11041 5224 9554 18246 46
16738 19898 5906 11968 3866 6215 9701 14251 11313 16311 8401 17300 18524 15121 2526 1030 8389 10602 14306 16425 15851 14876 17617 14078 13992 15821
19386 4029 3145 14715 9234 10355 8222 10749 10741 12466 3599 7563 12879 3553 9881 10591 13256 14788 13463 6966 16153 11486 11982 12996 12676 3251
8799 5458 17410 16411 153 10832 7018 8807 1114 8197 16112 8190 18656 3963 11088 11512 6896 18511 7000 12674 2874 696 10832 3703 9393 9813
2570 10058 6991 10113 456 17324 4722 6084 13311 7603 16017 1792 1987 1141 8530 15402 17967 6503 13998 3666 17809 13020 8693 7061 3272 2715
8172 3161 1936 11165 10544 269 10894 646 8866 2168 7923 9182 9281 2797 2600 526 16313 17145 10657 12211 11615 1464 18605 349 13029 11527
4615 5657 10560 17251 7444 7041 12502 7075 15212 13145 16353 1821 18705 1936 7434 17435 6609 9079 10618 10876 19595 19161 17229 1225 8219 2091
19887 14039 18426 8837 5384 478 19516 5672 19715 1411 14880 8989 17033 4235 39 3161 2237 12024 11307 19603 2410 6286 19934 19389 151 9620
14046 35 18372 359 12841 11986 18843 7371 9036 654 3615 7577 12389 14429 13293 8574 6937 17158 8512 2669 3174 13974 15288 4556 18834 7178
19014 13147 1116 7373 527 6945 9440 2248 10838 12777 3599 13456 5004 9573 7334 15820 13000 5781 13642 19616 10465 17699 15490 9786 802 13360
19183 9146 12471 7287 9891 3725 3066 18795 14775 1638 457 10749 13566 19507 17816 2249 18049 19927 5674 15717 16701 9494 11645 6204 6435 19830
11090 5026 3952 3015 12138 9719 17719 2213 7642 14005 9630 4501 1404 4478 6119 19309 192 5995 1965 10450 15688 4917 16776 19037 16003 19643
7711 17474 13298 14103 183 10578 7193 18233 9198 6451 7472 5286 9525 13006 2174 5844 5252 3824 7862 15067 11749 11470 6270 14001 13674 2293
14063 13419 2545 17844 11815 16413 18362 13041 1410 9997 3740 4492 7645 7219 14210 2806 18977 718 4077 12636 6853 4974 5968 11725 3016 12881
12649 6934 14461 19885 6433 12580 15103 15979 19197 16373 12049 8234 6323 4509 5369 9400 16350 7277 6719 10059 1018 18791 15137 13367 16012 45
451 14199 15515 13646 4554 2138 15160 19576 444 4943 5948 15156 12392 8030 224 10669 13289 422 1432 13483 11659 19400 18575 5454 847 12149
