365
7 32 72 58 9 83 87 15 16 76 10 94 82 34 30 20 15 98 9 69 42 92 2 34 69 57
6982 16886 4645 19319 18501 8175 5927 11792 16834 10426 8388 3839 15089 8535 9750 13222 12063 18428 12782 14382 10516 13839 5135 14508 8607 15115
2374 11297 2313 5797 19892 809 16490 12920 17659 17292 9496 3219 18069 10387 4757 14826 10987 5169 16900 3626 6440 17179 8887 9480 19912 7212
11964 18492 18273 18368 8676 16265 11731 5429 13069 397 13604 3004 19886 5989 12244 8956 11546 11218 11026 13990 324 17716 13173 2156 13158 12593
18678 12981 14767 16097 18482 8502 5671 7444 14801 14684 3197 15008 5409 6974 6389 3707 6537 510 10261 6144 10302 9601 5810 13142 12461 14103
3104 4170 13171 18031 11913 1843 13035 22 19818 4606 12905 11371 19116 12192 1543 6974 7616 7730 9696 17288 15167 14476 16308 11963 3829 13024
16116 18529 12398 11042 5059 19005 12419 15746 19902 18570 18811 1530 10800 5335 6145 4057 7390 4154 5761 3377 13844 9388 14250 14565 17012 1130
7081 6790 19914 2827 4651 10377 3443 18262 11724 10494 18063 7783 5019 18625 8224 14741 2369 14167 19942 13193 9560 15520 1843 6172 13836 10509
11606 19031 17681 10701 10175 15929 4863 8577 5924 3814 3926 12359 10170 418 11713 1818 5941 1646 1825 878 12326 12825 6616 2474 19835 4273
6323 13490 10220 14557 7238 19642 230 15323 4842 19918 10399 16655 18141 18779 3766 1083 733 1286 8295 16207 1366 9144 5035 19058 17947 14763
17459 10418 14435 7008 10816 1388 18380 8323 13908 12875 9869 13119 17340 7762 682 8844 19392 10359 15916 19324 6930 64 11872 6765 18446 12527
18431 15103 8953 3475 5469 4615 2856 15591 17753 11500 7392 4154 11172 2561 14328 9336 9305 11376 14004 2606 19544 8226 665 16094 10797 6128
1532 4763 3650 10716 4564 13714 15671 9563 4576 5674 1933 9317 9596 8249 7389 18471 9487 17036 14635 17853 9676 5007 2880 8279 229 16918
18415 6834 8429 4987 5135 12208 2442 5123 6719 17061 13068 1896 12735 2113 1422 18631 11300 9808 5069 11867 15414 10381 12485 8850 16882 12615
11665 192 14884 13468 2026 18567 10879 15929 1989 17527 11993 4143 10389 7558 19842 16926 9700 17499 14830 6425 18934 4284 14519 1801 4938 14032
16928 11244 6297 3890 19846 5736 6656 12651 11225 16745 17699 2600 9476 15175 8596 5644 19363 18322 16787 5386 563 10385 13074 4146 5367 3278
19361 7235 2386 7227 19194 17040 18360 1176 1906 11854 65 13379 1622 4917 17198 12272 19343 480 9975 613 15366 9432 9445 15039 5547 12415
18407 6374 3219 18580 3495 11868 1722 12329 9967 16958 17543 12818 11380 1014 15121 18396 17411 15429 13262 13783 15515 17583 18775 5634 4397 768
2762 1323 15395 1914 15519 5295 19355 8215 11521 15109 15393 7457 6789 2929 15472 4442 11948 9369 5284 19807 16758 14677 3357 17685 9798 11538
13334 14587 5217 9934 19507 4625 8835 9312 5656 9959 16443 19104 10099 4510 19915 12712 11304 14738 19918 13231 9975 12498 5705 1172 14916 17219
3373 19326 6788 18489 6272 13023 2109 14360 16668 8613 10411 4968 16816 898 14494 3164 16220 18708 10340 18978 15798 10122 875 4663 5198 15493
19427 14313 16219 6400 6904 19109 11924 19737 13627 638 1665 7183 17084 17625 2896 17543 6460 16135 5142 13399 18926 14804 6159 10502 4536 17007
8903 10039 17217 7465 1725 11345 5010 7382 13123 2633 3316 10232 12173 13095 10686 9933 2882 3916 18155 12923 19445 18713 19840 12938 19590 18010
11623 9386 12333 12726 15933 7636 13389 4214 19057 18226 13358 3917 19362 6155 1185 7415 7656 4073 14146 13213 15064 4996 13551 11927 15940 13864
637 15542 6543 6126 4936 16141 384 1564 4794 3576 7035 13790 9566 14821 3700 11355 12948 3083 8641 14537 10642 19008 573 5334 5074 4409
6567 13298 6672 5292 2483 19524 1411 7982 17114 17843 19376 15265 6113 16330 4971 8895 7043 4110 13711 8961 17602 16282 14237 14744 10905 6743
10282 3718 18410 17834 14567 12966 6052 16866 3757 17862 7625 3204 5271 8617 14085 11519 11975 18967 9522 18328 15472 7418 2225 15409 14772 7645
19848 19697 350 15247 14164 17863 8926 831 286 17654 10037 1337 8252 8889 17299 17113 514 5731 19096 11663 16237 4741 5511 12359 1801 99
9150 2243 14374 18382 8959 19088 14203 8750 3049 6092 18543 437 2760 4807 765 1451 7067 11237 15000 13513 3456 18016 3365 12899 9034 6335
6898 17720 17026 10533 18649 7371 2104 18903 15793 17187 6378 19033 18642 10439 16702 16959 19278 2826 17024 15660 13044 15319 19032 2629 5133 4664
14359 5133 7653 4993 9004 11465 12756 7027 8202 13968 12648 2642 794 18682 11396 19640 5299 8931 5741 5314 19442 467 6249 13636 12503 10101
19635 12317 13208 3557 9788 33 12687 12965 11617 16502 2662 10513 1462 2319 15618 11837 14068 4551 15802 13852 9746 6259 16253 8367 13352 13109
4470 16362 9163 16746 10013 3977 3415 13799 8541 5864 306 511 16758 8198 19778 5008 15189 13119 461 12071 9730 6860 2398 15805 10302 12126
8994 1962 18768 13739 5537 945 19017 5994 7691 14777 10521 11568 1435 11709 14912 7899 6980 637 19097 6742 827 17587 19808 3172 5810 10314
17615 10011 2581 603 4928 1955 9616 16642 1334 1842 2410 18069 18047 19188 8845 11836 17451 10323 292 8796 3163 782 14674 17362 3758 455
2751 14291 18013 1327 10610 13603 9659 15301 14686 10887 10103 4000 18791 4760 9508 15403 2471 15666 17023 17134 18980 10538 11265 12333 18299 14679
9544 17982 4450 15169 1257 8151 2851 15945 7160 6796 12574 1696 3979 10823 4658 18511 8634 5808 5408 13990 10616 16606 7479 16857 3027 658
19562 16738 7104 3948 19350 1700 19093 18192 15362 8844 7700 19244 6958 17397 9843 19452 16740 13353 17413 4277 13986 19588 1388 8878 5665 916
10852 19263 17835 6344 12790 6503 7588 4769 5036 19307 12842 8121 15714 17951 16383 15913 9116 5447 5884 6154 11883 11686 19621 10955 8425 9106
6916 7794 11258 2188 1214 15541 10254 2954 7997 12547 411 19897 3484 15694 7532 17045 2833 11754 15091 12797 15937 7862 8527 18867 8903 2479
14843 6216 1037 13905 14724 15526 7430 8331 18233 12855 12142 16232 19145 19139 4713 6901 6755 10120 4069 8816 4733 19870 2541 15439 6170 17594
13871 856 2005 10334 1138 19049 8499 7539 17313 1793 19533 6304 4379 3242 16371 6406 8177 3626 7030 10187 11396 683 17845 3804 16809 18421
12053 11290 16208 692 5136 17359 6311 7822 19090 6084 18527 19730 14543 11710 4927 1064 17939 14664 9757 16926 1012 7824 11487 8354 6922 12186
12999 3294 5897 15509 10255 13413 11634 11593 10998 6773 16854 6396 943 7182 1189 9475 8529 4198 9772 8713 13503 9734 17833 3763 18297 13767
10750 13979 9945 16398 4385 10648 4682 19680 16751 10262 14303 17915 3031 17074 10640 5608 13662 12961 509 18339 9099 11935 18262 8581 7503 10940
7442 14768 14785 13010 12399 12545 17288 5230 14349 6040 10284 16926 15022 3451 11512 15319 7091 13163 13432 18039 10262 4162 8148 8318 2162 2066
414 3587 12020 2616 1824 7400 16463 6805 18042 7380 11514 359 19337 15417 3326 16964 10373 10561 3706 1976 2157 17285 6007 13066 3931 3913
11117 8217 2820 1145 12173 197 11709 17081 11341 16158 3206 6445 3675 18871 19222 18030 17068 1611 19699 17895 19531 16180 13332 6953 2610 2123
4653 1292 9190 15140 13495 1669 13419 12802 4117 391 15924 8223 14148 19410 6993 6933 12227 4004 11600 3070 18929 2086 10723 17486 5466 392
12860 1443 2220 9650 13372 13868 15628 3857 10510 19611 8792 8752 17339 2661 18434 14214 17876 4922 19231 11791 10021 2866 12618 14717 17948 14484
13708 7088 18179 4823 19127 8010 5261 6163 18682 2074 6729 1057 17646 17117 11170 16814 3635 8112 15018 7994 12550 4938 1411 4784 13440 18683
14793 17390 7808 1553 6568 8099 12515 10809 15026 18020 13555 19799 10098 12049 19132 19771 14485 17691 7814 6068 7447 5179 19564 16594 8198 3644
9320 14536 5198 11047 18717 2505 4808 3949 13253 1017 19820 8682 499 327 3518 3079 16631 6670 13186 7323 15893 936 19468 502 17630 10246
3738 11865 10030 9198 1473 11780 14905 19710 17157 4668 17365 13583 10381 13465 18219 18553 2089 17738 13228 18827 9083 8103 15721 3958 10086 18569
12034 8769 11627 16963 15616 16154 4768 16581 2342 14195 9583 16524 13003 17469 9375 10215 5697 19007 15449 17208 1679 18853 2641 3545 7641 13610
5107 16791 6017 4465 19919 14645 11130 9670 9287 9365 15783 915 8802 2248 17226 390 18073 2292 6567 9288 6010 11188 5291 6273 13885 7449
10596 4386 1962 18938 8322 4561 16825 1585 880 14549 17771 5256 15827 3204 149 8264 2961 14879 17955 14931 8695 10745 7903 16332 1418 6516
1123 469 6753 12941 13336 15532 2950 10715 11640 4399 10261 15515 9515 5952 1535 11175 11567 4370 2922 1389 6548 18117 15605 19192 10453 15161
19351 19274 8977 9756 10805 18725 17495 6901 16698 16956 411 4024 13407 9058 9428 19215 14564 7136 8860 8024 15045 2056 15958 10423 9073 13021
19075 13960 3546 7755 5072 3151 18235 4439 218 4468 18996 15961 15695 4216 9704 6025 11086 13079 9023 14595 19978 9682 18609 15610 18553 8974
6715 17674 11581 10656 15062 1937 5536 16539 17343 4143 6713 2997 11716 13734 13015 13755 9086 13980 5903 14669 1268 9423 6014 452 7410 9763
9472 5563 8776 10598 6747 3467 10847 4622 19822 5460 14026 8884 13524 19879 14770 13695 9709 11308 7218 16740 1322 12188 16849 6592 1097 1621
17165 19807 1060 18964 7819 3572 1795 15549 6097 16950 10775 3340 13536 6125 12792 9740 6790 6610 12390 12572 1016 2290 18330 135 4189 12390
18608 8804 1326 12418 6095 10409 1897 382 15434 6914 12295 16537 9105 1774 6460 9391 5083 15333 9499 5643 10160 18210 10128 17526 14385 1825
8106 15613 13073 18649 18940 19350 10733 10586 11600 11435 18214 8393 1516 183 10010 3582 12787 12612 17324 12975 5086 17716 6548 17183 5125 11745
16711 5565 14326 4492 10741 14174 16359 8730 9585 14926 10885 14340 8125 19584 125 16744 3654 8961 14929 6043 6869 2677 18822 2531 10117 7781
4067 2315 7526 10080 11373 9766 7243 3107 10046 16538 7662 1659 7740 6868 1885 11182 6647 3658 5119 15812 18628 917 12502 5641 14685 8050
7879 10326 2203 10487 16901 10485 18855 11063 1455 6073 12469 572 11808 3308 2695 17338 15167 7417 9829 19731 688 12825 3378 5607 3788 19036
9348 18668 11413 10470 8772 10149 10676 14542 17384 1734 12609 15001 15445 8393 90 5055 10465 4378 5948 19089 9757 218 8292 15269 15113 10023
16399 1882 7250 12703 6349 2357 10945 6717 19817 2052 3665 14981 9503 14628 6679 11533 10517 15932 1233 16610 3655 59 7962 18121 13676 9654
15534 3259 9613 17407 6078 10891 8317 13403 2700 412 16611 1086 6160 1749 13304 14429 8112 1078 11837 14713 14600 7178 13804 1452 5843 17436
10152 6464 19844 6859 18159 14764 12303 14787 2211 1095 16713 2052 5636 8373 19386 4940 15611 10208 3240 17372 3694 17837 6600 822 11180 18323
16125 15319 11328 6188 1843 18780 3537 4070 11248 18253 13076 191 13547 3443 8215 10573 13814 14408 1316 11693 16838 9352 11577 19154 11629 19229
7903 13808 7993 18521 5846 2484 19060 12801 7154 17412 16512 12283 8423 15210 1949 10164 3162 5978 15926 7066 14082 1961 17279 3635 6460 1617
3807 12313 16583 12348 10539 17562 19599 3647 8482 9907 2457 4356 15479 7175 2556 16003 1414 10059 19907 4129 7701 6390 14845 5261 15582 4324
18388 3505 6203 18730 7300 19197 11074 13855 19227 17339 4688 14779 599 18933 5013 10783 10944 10530 223 18741 8434 17667 4380 5474 6525 17231
4781 3362 10603 898 19405 2994 723 14861 1485 17004 1710 18054 7964 17889 6668 17651 14236 10576 5994 3289 16134 7763 8105 10191 7553 14250
7587 1007 4390 17287 19492 14502 454 3991 8963 5024 3141 8362 18218 19939 19201 18120 18242 7538 6678 19390 7958 18087 16149 3895 11582 17749
13307 1910 1333 3282 18514 15549 7466 778 13050 11636 7649 16846 5915 3585 5985 10199 12906 15510 14531 13674 14112 770 17627 4674 801 206
8654 3338 15287 11779 2613 18988 17314 18906 16117 6618 12917 1966 16761 8485 5053 2541 2548 6440 13466 10278 7636 13492 1527 19333 8300 16240
13332 17026 11830 3937 2715 17517 19731 18829 14017 2360 7309 3004 5062 6801 7485 13161 12881 3583 4320 2080 5586 18845 19357 7047 14481 12517
72 15197 3578 3427 13132 14238 13938 9162 7952 2398 6721 18628 9919 11293 9161 12563 2048 5880 12012 13012 13999 10438 14918 11048 10074 7525
15971 17525 5166 3374 2452 1337 1320 6199 1851 7134 14131 7983 16941 1383 14863 2042 3630 4552 17329 672 15887 16467 11424 9085 12730 11854
16891 15489 11632 12244 17115 3780 14726 6192 14069 18746 19413 5783 8515 19639 6295 16578 12865 12031 387 4436 6574 4727 3136 7439 4338 15785
9558 17890 949 7475 638 15116 16533 15104 10220 6863 8333 17046 3665 4411 11103 13431 2873 6372 11848 18232 7339 10900 6815 5280 5413 186
6802 2059 1916 6606 15718 3994 15294 4987 15469 12943 15943 13632 4181 11180 49 10172 15936 4742 7870 14762 18534 15548 10103 18991 13652 4255
4073 17620 9044 11856 10887 9939 2515 6179 19054 18364 13076 5501 19025 10940 3124 6813 13621 10732 18065 19623 13806 2147 8651 9111 535 9698
11011 3219 7315 17571 10756 16420 2876 7832 12441 18178 13943 15052 2763 11843 3612 9815 6960 19453 737 15912 16565 13838 10314 13126 13627 17954
19551 12088 2299 2505 8378 16701 8820 11851 4332 17905 17055 4478 16687 17593 10212 5221 18195 6848 4054 2600 4975 16107 8721 5726 15944 722
19546 15795 12531 16833 13372 18617 19421 7231 9711 1200 3476 17935 2427 486 7500 16394 11633 13762 12614 17723 17568 10323 4296 10984 11437 6362
11483 12900 13069 14993 14040 4234 5021 16281 10215 15170 14546 13783 13624 2353 3523 19149 11651 534 19134 4735 8804 9855 5600 12103 8106 9729
5410 467 960 13415 6360 2714 13976 6570 3146 2936 7928 12927 4244 19196 17500 993 6729 14964 15042 10901 18276 12827 2817 4095 8422 7683
11911 7170 7857 8813 6279 18217 13448 2559 6615 2629 2230 5540 12530 7914 14765 16985 14518 5308 2946 6380 9193 5539 1161 19156 883 12389
7559 19992 19238 1326 1709 4316 15484 1752 8295 9170 10089 8684 15819 8278 4289 4710 5562 13541 12165 5578 2209 14795 11312 13511 9052 7064
4268 6091 18552 18603 2783 815 18020 16538 8162 7445 12888 9046 2674 1335 5770 18812 3523 18925 4364 6528 1238 15508 8240 7221 6882 3486
6641 11091 13146 6948 75 11999 18876 15269 8763 5847 6645 13217 18205 2798 14209 7030 8678 8266 14390 12544 13640 6048 13256 18279 7138 12097
19772 3894 4130 9459 8434 9458 17849 1776 1 12970 18382 10279 1793 5249 14108 3605 14256 14859 13428 6951 3190 16818 13243 15398 16481 1237
1439 11786 13509 3082 13488 3593 16852 18835 18663 14859 16821 13856 10277 13050 12472 15314 4439 3793 12339 15466 1108 1121 9965 19043 17115 505
2550 5571 2679 18905 7183 17754 2149 14119 14740 17054 8462 471 1296 5883 19694 906 12649 5689 8549 15606 13056 5420 18809 19949 12245 5415
2357 332 3860 7243 4866 18186 53 19010 8606 11457 17091 6328 1157 6549 9244 11473 5762 1387 5976 1464 7488 14630 15600 1378 13756 17768
861 5226 12400 13388 9076 10383 8230 10259 3157 9814 14258 1574 19383 14667 12555 14825 16832 16417 17713 6667 14334 13874 13828 4112 12148 4388
17565 13184 4784 1432 3220 19270 18362 3958 15278 11991 11863 10504 17957 13235 13676 10524 16546 18640 4025 7282 11367 8646 9123 11919 5342 2107
7439 9383 9825 7467 10582 5534 12319 1475 7631 19992 19383 19255 18584 6439 12180 2392 17951 18959 12289 829 16012 2028 17101 8071 17249 19169
9545 7976 16715 5052 3965 17587 7021 17083 7181 2356 14161 8147 18890 13801 1330 10191 1434 15627 14601 10738 10959 17196 18572 4091 7719 7566
15908 17696 4464 9758 8132 7573 17794 9913 10744 18150 17900 19792 16758 109 11595 3728 4931 10453 6022 12350 4154 18119 19519 9421 17610 11130
3753 18644 15645 18439 11081 6170 18735 1173 13156 15101 17316 16914 12554 2671 9536 13283 11698 1956 3425 19396 7625 9440 8960 18475 11462 13848
11303 16601 11162 3624 11047 8017 4376 12021 481 10967 6074 14825 12777 853 11142 3503 10480 12398 19680 1324 5986 4526 1959 17978 2209 4166
16337 17433 11403 3580 2670 10311 11059 13840 12098 8400 321 18640 16633 17551 10733 3741 11266 13834 12389 2831 16317 3945 6241 19329 675 8749
19126 13931 8719 10031 12705 12990 6742 18691 7144 18341 16184 1264 17689 15166 3434 8263 5814 10870 11328 13219 9275 3185 18169 13206 1612 16908
1034 18224 15628 2596 4035 12866 15596 11522 6836 317 17663 4408 3557 12083 2073 2085 6246 2804 14239 17170 2881 4299 4497 1592 2172 458
6621 18051 16025 1374 1466 2199 4758 10984 10824 3579 11120 10945 8677 93 14486 4957 707 5074 17393 9393 10630 12680 6629 9311 6091 9818
14943 15279 742 15381 19727 17836 19496 8423 5792 19413 12346 17347 3725 8481 17078 15437 927 18282 8019 15624 6206 6454 18660 2954 15298 5895
8162 10221 4403 14516 8942 11244 19706 12830 2169 3179 19881 12680 15103 9243 2858 6732 2882 9234 5088 8543 19450 17725 10832 16649 10635 945
10366 17700 12388 18540 8218 18150 11967 4904 1269 7753 9502 11610 13261 12545 17544 1574 19592 12117 12643 3275 13301 1529 8773 1076 16524 12310
1219 10508 2572 12087 16046 2012 14201 6040 744 14537 12955 1016 15858 15081 1707 16971 16074 11614 15212 1852 7307 7999 5625 4244 9284 13627
15489 19405 13060 12786 15160 5873 11197 10182 1738 17026 14175 7181 14278 2417 2171 493 6599 10321 8569 2519 13879 3996 10618 5071 6466 14632
14854 10425 1081 10623 8463 1184 17902 5680 10970 4945 2069 14767 11694 11623 301 12321 3645 7546 5911 3018 15337 19061 16939 9632 12651 19269
13287 16988 15491 4944 12402 3718 19250 12432 9111 13961 19190 10515 14878 6810 1911 18962 14815 16561 18880 14110 4325 7173 18361 14912 17826 13804
3787 2636 5728 833 14654 17985 16677 19677 4705 6146 16917 9786 8545 14138 5250 7418 12264 4798 8941 18965 14746 14055 3639 14725 15647 7352
17449 9494 4397 3496 5850 8236 5353 17665 1688 15342 3998 17177 2602 5008 2665 15934 1776 13220 1079 5335 13957 5852 18294 13971 3277 7647
17023 6815 19159 5668 623 3365 5813 11309 411 3281 11270 4631 17099 18925 12247 8903 4235 1185 2641 2831 17948 8952 12568 9788 520 18666
19502 4609 6738 5672 14618 9353 13753 19410 13000 8789 11596 18283 1969 15167 11715 468 2643 11492 18757 16437 15007 3510 1292 8499 18053 995
17296 18807 6723 9750 4354 14475 17505 1381 9261 19371 4212 6955 1178 17868 10507 3441 19461 11820 296 1475 15256 4883 488 16730 14217 13940
3751 14196 18280 18291 15703 5212 8506 9520 2178 9532 8850 12257 15992 10786 16723 3077 6145 12263 19830 14351 19325 5617 9850 15858 19705 4898
19859 47 11201 19055 6628 14586 5641 17392 4752 6647 11998 4311 1326 3561 7891 5500 19012 10063 1675 11567 11220 11819 4479 17267 4873 3696
17194 7759 14475 18208 13495 18152 10323 373 3021 19929 9272 9496 6461 2400 7810 9910 3868 12102 11974 18631 12513 14445 4631 370 17927 12316
8481 5323 10004 16035 1863 5315 3011 11421 7037 9018 5421 9161 5951 10364 19728 7846 4287 7096 16725 16585 13471 18562 16304 15027 9358 11546
18271 17619 8793 11538 4249 6744 6962 27 16568 13752 19658 17855 303 7576 12466 14889 1560 14883 7033 160 4610 5297 3141 1319 4738 3648
12127 8880 5739 15105 7858 7588 15962 1363 2091 7118 16154 14151 7397 7422 12648 5348 12197 3608 687 18493 583 329 13039 1046 11851 13655
2749 9824 19237 5985 11787 4246 19014 4232 11485 5306 979 13565 4942 18232 10677 19285 16846 2085 14005 9927 17048 5184 10325 13118 3454 10466
15793 14113 18232 5919 16313 14719 8794 17121 19732 15383 18507 4614 19928 17722 9550 9362 9922 2827 3946 6119 14904 9943 135 15613 17938 2835
13447 18931 14941 10374 6946 3111 12158 4118 18272 11792 15296 3135 4799 15053 19711 17823 1115 18664 18631 49 2545 14898 15423 12295 14638 6121
7772 1460 16054 19767 17171 13080 5694 16610 5459 17344 15135 5292 7006 9597 6397 16399 8941 7405 1650 16008 3481 14263 9051 13855 3666 13407
2132 1905 18846 8079 13456 2584 18410 16392 15442 13865 9300 5901 11599 10060 3934 4715 11370 11254 4323 1473 1247 8963 9228 10124 6691 12944
10227 3972 9997 15857 6616 16408 3486 17762 2478 13233 15420 14108 18968 6051 4215 7860 6730 13669 13866 4967 4681 517 8150 12287 10125 9627
11764 14092 18108 1241 16081 4805 8851 1519 6556 14439 16750 12400 12280 8018 14849 11254 13887 1173 10029 19358 7962 3082 2688 6586 11817 10103
14874 2191 13489 18628 697 2253 16183 14280 7435 18490 9970 12279 2561 9112 19656 16552 6639 3910 19418 2849 9809 9118 749 10322 2451 14945
12924 6540 5055 11892 19150 19399 6966 5596 4651 17970 6170 114 12087 17363 18470 6730 16205 19042 1181 15695 19818 1595 12421 16871 3779 9975
18730 13391 18729 14113 3184 14372 14302 14564 19717 16126 8476 2051 17641 6330 16210 19241 6957 19353 3425 12222 1438 7702 8438 9714 2818 10614
6802 15898 6945 15991 17672 7065 7247 718 5456 17394 6719 7491 10443 3957 19856 9188 8565 3739 14861 14849 6161 5932 18191 2319 12116 612
6934 13057 14680 11076 7741 3777 14006 1557 16606 8021 13930 9402 11925 12670 41 6548 5222 10275 18243 2501 16507 16453 19926 15016 14563 12513
18914 1717 17795 4459 12520 11517 280 3030 7592 8273 4939 15221 11341 4978 11417 5424 17342 15255 12382 6987 5035 7488 783 15035 12108 1774
16070 19265 3132 18730 3570 8818 4597 4381 2979 19301 5894 17081 17410 10327 12772 13343 345 17286 7757 17155 8988 4869 13321 8411 8761 10705
11578 2908 5421 6615 17176 1560 16146 2495 11750 9821 13505 1338 11806 6752 4433 9011 11648 1402 8536 14629 11092 12110 8163 8655 2090 14582
6143 8362 15747 17356 19205 16125 18007 10598 303 16727 6228 4411 15849 6118 17952 14052 6595 2102 6040 11090 14572 18287 16695 15132 7627 6294
12600 2210 2604 4831 7626 18594 18864 15012 16430 12954 1714 5831 8675 17647 2218 502 3466 3618 14265 19360 15913 8767 15567 3954 4918 16065
18590 16081 17616 2680 4344 8845 6654 13440 17022 6986 14340 8413 7529 4359 17340 16512 9302 6595 5593 18553 16275 16184 16836 6196 3786 14779
11129 4208 18687 1897 5469 1792 12616 15075 15749 1351 2434 6334 4052 3611 14483 990 13700 7269 1969 16809 11712 18989 6294 19905 13515 8732
2419 4794 14383 9779 4430 15859 15436 2524 13300 6734 6063 1204 16504 149 18506 2797 19130 13122 13163 15956 15933 7960 9009 9786 17694 1658
16503 1291 6008 2591 6187 1803 16782 910 8190 6126 16535 2765 9890 18247 13439 1714 16966 1172 1621 2547 1488 13093 2867 19986 19845 12871
15916 8827 17085 4927 5421 8625 8105 7545 5115 14685 10545 12582 7411 1353 16793 17749 7353 15364 10825 11636 15738 4025 15005 6019 15107 10769
12417 2493 2648 16034 14327 12145 16126 13882 6002 2469 19451 12876 2988 19603 18409 12485 14859 17424 15327 6804 12824 1256 19564 14968 453 11440
15168 377 15837 6612 14673 12381 7544 6368 7043 18125 4576 11686 4851 4502 19278 5146 8360 15899 6030 11555 9628 15621 14971 15181 8343 15233
12193 4546 1668 6254 17788 19692 16511 19616 12945 8819 545 6771 17034 12139 6619 10664 19789 19316 254 19398 11605 19959 18329 2829 5636 12784
2085 7096 7284 18372 13579 12316 2486 6058 5375 31 1260 19801 10138 13216 19428 10311 6064 3546 14238 17276 3216 3001 4789 976 13571 10757
17426 13325 10136 2072 9749 10149 17879 12807 4328 11622 8649 5676 16909 8444 4998 2127 16771 7772 844 7390 431 9909 5852 7321 10040 15494
2500 9599 14909 7325 3583 19226 15687 15898 18480 3073 15471 4919 5940 15482 1646 11223 13827 6201 17088 7423 10499 6007 11586 19747 14894 3891
11335 9909 4619 4948 8622 17467 3067 2968 19590 10242 14561 5205 3711 5499 9348 8923 6197 13382 5911 6051 7006 14328 14362 8443 17411 19986
11360 11293 4763 10383 11289 118 16835 7752 9897 6532 12423 13958 18545 5597 4129 12367 777 13230 16343 12623 8454 18251 5235 5965 3301 12747
12065 11731 8498 6326 19201 15422 12028 19091 11115 5332 11365 16010 1996 3015 18402 12950 16020 12189 157 7733 19540 1183 19020 6622 5786 6925
5009 2157 15204 2332 8760 17683 11753 9935 1115 13419 14122 17583 2491 317 9644 5847 16420 7964 7763 6249 8897 19117 10801 16777 2779 10917
4629 6370 17175 3680 5818 14056 1681 16762 11254 4437 1347 12217 13510 2025 6145 12857 7037 15599 2393 2813 6760 19761 15174 12598 8813 12232
6621 11491 4559 15186 8583 3806 2590 2392 15813 5155 11474 13056 15211 5965 12204 2666 11837 9088 8079 14448 4525 12695 3410 7252 19474 16566
19310 6705 18379 18980 242 7984 11781 18699 17842 6353 14677 15929 12527 18148 12092 9619 13004 1142 7623 15639 14782 17901 3227 4385 11182 11790
19939 17302 8806 5015 8813 19976 9316 12040 18744 13016 15737 6478 4952 13843 16551 8430 5432 1914 10226 1847 11832 16857 14034 15421 19005 12567
5460 2646 8905 1895 9127 7526 56 3415 2724 14355 15125 1107 9413 16600 16955 10788 11513 5268 5687 17093 17567 637 1018 14353 14784 15291
7641 4967 1153 10846 17296 13763 19575 6120 12286 6232 17540 4457 16109 15056 7613 15259 11795 2428 15594 18089 19284 11628 8601 17761 19129 12198
17667 5246 14332 8484 3896 7422 8421 1814 4800 3688 13544 14548 16218 7128 12322 13161 9806 5114 3674 13968 2761 7957 1770 4710 17062 6122
2864 15436 518 2626 14400 14770 4863 8596 10783 355 366 1735 305 3086 18256 5897 18865 11531 7062 3467 4933 17884 3451 12008 5677 19582
6479 623 14476 7998 6644 13433 5965 5774 12968 5409 8744 14239 12763 18289 1750 5932 3212 5813 13943 19992 15145 4454 5173 7508 11991 10809
1123 3163 18029 4930 17901 5767 14651 18605 4285 11107 19120 12861 2504 14216 18496 501 16198 2546 3521 3516 2790 17720 2645 12784 10641 13411
5901 9077 14173 18002 11874 6176 11691 15451 11683 15377 15560 17442 4107 4374 1284 5049 3154 10729 10759 2214 18401 1712 1345 19069 14066 82
12207 10133 5841 15750 5126 15019 16735 3190 14281 6247 18628 13573 18914 1223 9927 1971 2575 5405 7112 408 10979 10638 8436 12525 2382 10681
12674 5031 9195 9751 2224 13707 16657 8001 15730 2513 17027 12586 15914 11406 14766 1967 11607 15613 13505 14140 696 368 18679 15099 10517 4855
17041 5732 16308 13863 1302 17476 13948 3996 16489 18489 2487 173 14688 1158 9496 3783 19812 17888 14486 13291 11568 18497 6467 15990 5853 7038
18636 1252 13992 10424 205 12636 13778 16563 5376 9071 13211 11228 8576 2945 844 14164 17760 11380 9399 5604 698 7584 694 7975 3801 10301
17098 5777 8008 3033 1386 17301 9638 19324 8108 18540 10305 15066 15281 8076 12988 13570 7017 1327 6905 2097 14771 15459 2662 12994 18769 1677
15416 16291 842 5687 15794 5601 15210 9870 16255 5317 10905 7095 9576 14095 1532 2622 17970 13794 4473 12138 13530 16239 4012 6519 10949 3886
10972 4544 15428 5856 10100 10609 12063 10046 11670 5935 15097 12715 3322 3369 13282 6983 18936 13113 12556 7842 1214 11964 1843 11962 5927 18003
6803 1149 5714 18323 16907 5202 3336 9060 1709 18024 404 7588 4259 19530 2103 2438 13936 5716 16698 8199 16723 5046 7795 9596 5454 594
5920 2572 18713 17761 11355 17443 15965 17359 7941 11976 4370 3028 14777 15166 2974 1689 9779 6192 2302 3194 8224 11050 18982 11990 4605 17660
17716 15626 15572 733 8754 12042 6511 7228 8231 1903 11157 18955 15325 17491 6700 8545 6188 14012 4488 6040 2883 14490 14959 16706 6771 19821
15283 16927 2921 13578 12351 13539 3694 5599 2093 13707 13294 16862 17003 466 9633 10650 1577 18636 12066 18961 14506 2488 17327 17303 1390 18934
3712 8802 10456 14965 2143 16574 9017 348 19723 8681 9055 4486 14439 13929 9448 19045 15207 3066 10154 14776 16001 11550 7300 12172 2566 11490
3713 7664 393 11418 45 2140 18656 1302 18380 13880 14792 5537 715 4755 13529 1494 8621 12388 9883 6139 2565 9148 2811 6351 14419 13932
11250 5260 12160 5758 19005 13316 12321 5546 19434 1442 7328 7377 4039 73 19754 16832 9101 19010 6461 5272 16434 15879 15205 3958 1797 9640
12378 10104 19662 12378 299 4873 10184 14595 8809 12278 19254 19665 9751 11450 7008 18937 13544 2905 458 12987 8609 11089 14384 1420 17266 4691
13255 15353 16709 17217 14353 846 16070 4385 13059 2484 1435 13754 222 18980 18304 19495 12807 10868 16889 1965 7369 17336 12066 8127 11800 12048
1288 15750 5723 2646 10566 12626 12275 16357 13999 609 8870 10993 10951 15525 4971 14914 4743 11539 9316 7023 10486 11064 13789 15144 519 14949
19125 2678 4006 12427 9825 4276 6154 2732 3062 1183 18119 221 4116 14098 12639 470 11900 16498 7164 5601 8402 19871 7989 2726 14921 3800
16483 8037 3829 17692 3623 1708 3892 2783 2071 14978 9953 9469 415 16864 6326 17926 16070 3587 8028 19438 12476 15529 9527 8369 14785 8848
6747 8438 19184 18210 882 8346 960 12930 3263 9840 13664 11924 17827 12257 6719 13768 13804 10950 3071 15556 4006 15360 6729 8033 8485 2366
18096 7226 5344 7368 18678 1701 11752 18334 4592 3588 13436 15107 16258 5938 19418 15299 672 6850 16410 10451 565 2961 9469 5431 8043 5500
6194 8001 2286 17234 11390 14274 4957 2060 3608 11722 6503 9098 5084 15888 12070 12038 2790 13476 12497 15630 15155 15621 7957 284 11730 16161
8993 1875 14534 6931 8668 14170 1738 16044 6501 7868 9818 16478 7591 11712 1343 8103 11219 1443 15764 6435 1205 17574 3033 10893 17740 13002
11584 2703 6004 19100 8891 11952 12189 1990 19423 9409 1700 16129 17136 4763 16976 2824 14403 14178 1010 8241 11393 18947 16325 17996 2312 17915
17540 15754 1423 16604 332 16872 6442 5246 565 12007 1766 4468 18462 5739 3373 1168 13245 6756 837 12482 16690 8633 2262 7550 2585 16921
16868 12998 7575 14119 17017 3255 6381 16033 4486 14289 13632 3978 5876 16210 14330 12812 2766 8191 18391 17969 8644 19044 19477 2120 18642 12770
5638 11232 3020 8153 16081 10899 18991 9771 15089 3698 12844 16928 14044 187 19373 18932 13653 4902 3430 14836 4427 7541 18540 13969 1257 3835
3436 16433 4694 16236 9898 18905 14284 9868 17507 18998 16744 9309 9211 14874 9313 3831 12448 10578 2592 8194 7512 14146 10697 18328 5083 7654
14985 19714 9932 3669 7452 15665 7443 6216 15970 5363 9772 9217 4934 9757 14247 10028 19267 9208 10742 10920 12868 17299 1939 390 6905 14462
9989 18225 11994 12955 4987 10498 11335 19993 17776 12159 15408 10723 14445 114 5471 11752 1105 508 7809 205 1128 14555 5407 16823 13953 12371
14005 19512 989 10748 11106 1118 17237 16418 19240 3696 16273 438 13427 7564 3153 17218 17418 19675 18774 15664 1867 7211 1584 5549 13921 18220
3799 16269 8270 11889 5993 2346 3185 3464 15726 15588 9663 8091 2667 15720 6164 10067 2100 9022 4713 8748 6067 19643 17506 17419 19792 1997
17925 10720 14572 13871 1503 3685 2622 12703 4059 2268 8486 9648 18062 13618 14148 14571 7166 18003 11423 7986 18061 6369 16664 9211 14498 14228
9056 828 5348 10794 3225 6117 10720 4217 989 13436 216 3495 14565 14062 1092 16123 1526 17368 7290 19007 3427 11780 4 4970 17058 13723
15165 1925 16147 12999 9052 16231 4711 16164 11626 11400 15463 18531 8391 1662 3196 15274 15276 14482 19037 8841 18278 12092 3227 19447 5440 11018
5197 19871 15544 11003 611 12249 16196 15110 5402 18596 14227 10338 18603 13936 4896 8590 7287 17635 40 14200 17500 16253 19905 2231 15958 8590
12116 17177 15995 3100 2359 17219 15504 3861 12831 3764 515 12250 19279 8046 656 17085 13079 3992 4347 1720 7369 6279 2872 5358 12919 19228
18482 4932 10293 19018 221 5931 9767 14598 19289 12393 3546 3911 15124 6861 2248 6578 535 2568 10510 10180 1971 9909 9311 19443 17848 9828
14669 6412 3902 5757 6006 13407 17237 14305 17218 4270 9002 1252 3931 12412 9963 3549 3768 15780 3905 10323 162 17065 9812 5493 3182 7278
9318 18671 18982 13842 12677 16618 18054 5139 11851 11233 3541 8129 487 13920 1653 19358 1973 17391 4130 11808 6146 14033 5209 3291 742 3187
6312 12299 2899 826 9118 14912 17940 5456 11746 1242 17809 10539 1975 12427 10142 12845 4220 19797 5184 3358 7184 17017 18629 813 6988 3552
9707 4447 16647 707 2946 3230 8688 7203 4085 14644 984 3973 16562 9720 2118 1888 10119 13555 4371 7944 8699 1110 19040 16644 10728 2383
19447 2261 16633 2800 9651 12958 4133 13349 12708 7556 7337 4089 17442 18522 13194 18131 474 10456 999 6102 6334 14231 8722 7312 18542 1653
15126 9274 4387 17067 18564 8296 14828 14163 14621 8350 12861 10530 8523 13558 14690 2505 8168 1016 1920 4131 14461 4756 8382 8677 18504 13355
5276 15857 10305 6444 7962 17142 2516 13179 11115 1870 11885 3619 7910 4687 19941 4890 3394 9428 279 4509 6817 17841 18528 4760 13197 11488
3916 5558 2289 14951 13122 2758 2931 14153 10627 11059 852 4718 1645 3991 19688 6838 2849 8269 15597 18370 19662 4478 18973 19990 10035 11927
6573 3813 2960 8660 16036 19807 15425 17871 2120 17616 5338 6846 12702 18905 13326 13312 13946 16336 4279 2545 3664 8379 1899 9879 8783 12251
6615 10203 6634 7609 1694 17207 4981 18791 6687 18145 14755 7834 4813 5241 14978 19406 14218 2145 14209 17562 8560 15293 16398 4070 11736 15566
291 13109 17611 14698 2454 6283 5371 8893 15954 13328 16486 1259 86 9760 19948 2531 19104 9261 19357 14320 4884 9231 2085 15358 762 15464
6913 18065 19356 3691 8292 13173 9236 5892 3352 11152 9778 15611 8215 11021 15332 6052 5528 1063 4675 11853 6369 8632 11184 7051 15339 7274
16375 9377 19427 4154 17952 4132 19452 2777 8230 17525 17181 8476 19622 14253 4670 18694 16531 2778 15139 16284 1073 7152 4186 4799 12432 10047
11448 9845 16750 123 12598 8928 11485 6867 16620 1604 6511 2993 3124 2403 8217 13411 1243 11097 11115 11296 8417 1332 17460 15917 18469 7092
2158 2968 19351 19106 13578 18115 2686 7986 4927 17653 6711 8375 2658 14958 8814 5329 7385 16389 5382 2875 18637 13460 15866 12573 14106 7314
10343 4654 3282 3564 15978 3789 14639 18196 4378 14934 58 2470 5283 3443 13392 3485 3325 8469 7995 10735 12659 15740 13687 3686 9295 11073
19115 5903 2909 10932 13343 19506 14737 16170 6508 15472 1161 18167 10390 11596 6563 9864 5572 14609 17808 9329 6646 17911 4448 5474 7033 15505
4837 16813 8033 11429 3374 18805 4448 1196 5694 17008 11420 8848 17599 17119 2862 8668 941 17707 3409 6669 6734 19128 17022 12849 1449 9964
4904 8829 14496 12724 16616 14940 19158 6250 9186 15659 12213 7782 11487 16004 13834 15948 9457 18630 1045 19196 16253 7130 1983 11207 5522 7581
10028 18611 10609 10967 18135 4310 11332 4916 7608 8307 259 11890 18669 14282 8322 1952 6695 19190 4979 19946 4087 11151 8147 5291 18833 4417
19870 10400 15526 2053 6948 18289 3663 6806 2507 13791 791 10416 17381 391 17495 12733 5198 13487 16583 10612 9939 9337 11448 15896 4662 14903
4583 17680 7089 13869 9527 9664 4894 3655 12430 876 1510 18408 14499 3471 3842 16200 12730 4859 15473 5171 9150 342 12153 10560 12016 4194
2400 2737 9650 4219 17928 10311 3361 1800 7879 6443 12078 14495 7745 3478 12907 12552 1313 8801 2206 9835 15460 9987 2539 16125 128 15122
9502 18265 18487 3152 8694 14408 641 10906 16476 5793 17852 7724 4097 1997 9885 13743 5900 11418 11140 16841 2989 3843 18207 9695 19010 6811
14581 16843 9796 18219 18220 11781 16724 9128 9884 1410 18694 18823 1647 4669 3987 17562 9021 592 16540 16459 4163 6200 929 14792 9207 17299
18809 14774 17851 15524 8406 597 7429 19651 2878 6808 8999 16025 9453 7178 967 4329 6164 10344 489 589 15789 16985 17062 4374 7252 17560
17543 18951 17584 10903 18832 19736 6471 14158 2712 13029 2786 13137 16221 14941 8951 15284 858 2715 11215 4406 798 4999 9152 1353 17754 16201
9419 16113 13774 6894 16176 7501 13884 15908 6092 18274 774 18477 14306 13313 11463 16076 16921 5130 1037 16597 13417 3743 7483 901 9104 19051
9347 10885 3789 5029 12742 16960 18952 15609 4851 17587 15903 18405 18746 2704 10259 2904 16881 18655 5734 18235 16431 4484 13489 17143 12929 2888
13969 17258 12022 2028 16535 17617 14592 13495 442 5828 10963 14444 9364 17391 18571 3478 17232 14314 14208 5279 6740 7447 571 18877 8362 10388
16998 12081 16241 12651 7325 15249 8866 1320 16034 6364 9691 9822 9200 15662 17937 3890 9754 15176 19136 2482 9941 8438 1713 2093 11627 19475
15697 12014 12980 18544 1965 7372 3403 884 735 14010 2044 17865 4272 8913 17126 316 3698 12832 16221 4586 994 19356 19487 13887 13660 11861
9543 13787 19697 18398 675 19412 2318 10886 6937 18748 6179 15620 1926 7114 3980 10850 610 6473 7509 10102 5620 2804 14018 6125 11707 373
6088 6602 6178 13519 14526 3703 10773 9282 4188 6082 14708 2168 5794 4189 2537 12004 5991 4003 7610 382 3898 1535 7922 15508 16312 9303
7926 5729 9384 8467 3214 5221 16774 4955 17021 7028 11116 5363 2471 3643 8901 7377 15353 6572 5455 1177 12509 17783 3612 11103 9597 19362
17710 14129 17476 11778 13739 11043 9681 17978 12582 4293 13185 18784 16956 4649 7887 2114 2391 3490 15119 10019 2287 3261 2539 12524 8590 8435
16063 1356 5738 8371 4070 8290 8223 91 4595 4878 5636 16634 8926 4303 12657 4431 119 11585 15910 8284 15856 4320 7533 17822 7078 926
8330 3350 6252 14825 9378 18286 2790 6758 4210 12972 13961 254 19101 17039 3557 8634 18066 6651 7635 16562 12552 16919 17413 17984 13564 8935
16178 12056 10054 9480 15912 10122 16273 7932 1267 16549 18636 9430 17772 6062 8825 12292 13853 17828 3405 1883 13703 11689 6226 5101 1418 17068
6630 9669 2799 15658 9749 7795 17437 13262 11296 8648 19878 19995 11244 16697 12314 8877 11664 13961 3635 10560 93 9456 7131 15093 10901 527
14295 9119 7421 7808 11123 15423 5043 10352 3682 10365 8049 8427 16187 2219 18453 6267 906 18772 15754 11187 10589 9364 6215 6328 1927 8754
9473 1582 7727 9113 1060 8673 5887 12251 877 15177 182 12460 1344 19250 19943 5247 6784 15563 2406 14782 881 15413 6050 2327 16686 4206
11213 12312 54 19222 10284 17507 16813 14865 19751 9149 43 16671 12500 10388 13048 10901 5060 17316 4386 6066 15991 15882 17178 10998 14070 14364
4984 8394 16374 17494 17846 8487 14798 15337 1453 13990 15224 14938 11773 11464 1191 1808 12700 8458 17650 15385 3459 11660 66 6900 19326 1552
11777 9299 15064 8270 9464 7856 5617 3711 5524 4087 5085 7740 1791 9986 1747 9771 9972 201 963 17892 9805 3162 10642 17182 6223 6743
14698 2217 3620 18438 172 12087 2014 10427 536 5849 10518 6833 7267 7538 6477 8738 279 9860 8437 10137 19880 16874 6895 18886 17485 6192
13235 6445 11321 5076 15971 60 5786 10334 15154 19074 4352 2474 4104 8202 7331 13012 4896 7429 3148 16724 152 19134 10579 14780 2137 681
17501 4110 5058 14896 16490 19501 754 19400 9210 5172 17633 8780 10106 19863 10397 16257 947 16779 12399 4669 5778 4910 5079 796 11897 18697
13485 8645 3733 12700 415 17850 2062 15650 16447 10753 975 2682 10702 10199 7495 12527 16710 14116 9453 17568 15903 19986 13335 2545 11383 10566
19515 5137 1267 15670 13091 5272 8860 1084 965 11076 10605 752 18582 19436 579 13069 2688 5541 14301 9117 6070 14729 13571 19178 6116 6722
10354 2942 16871 3342 18312 8150 1957 6055 14909 29 1016 9428 5494 5353 18403 18122 9181 2206 7727 8815 16726 17149 1930 7796 8537 10570
11587 4307 14568 8143 8361 8114 18603 18722 6230 9132 8557 1940 4416 16354 12366 11134 7901 485 16340 17632 19884 2306 6694 13766 8999 19970
11731 17377 14416 13808 11891 14587 10406 6118 2290 15064 7351 16331 9774 2235 11376 16585 1397 4204 5529 14685 16521 17627 9852 17351 3815 7665
2421 10009 12329 13559 545 2888 9340 6058 5305 10678 1635 9627 19948 19092 5307 18902 13139 3125 12842 5242 14643 5866 10356 18870 4376 4202
19588 17149 13902 19201 4881 11681 5459 8149 3412 7650 13084 998 9514 9690 1990 12450 16344 19479 1062 12175 18505 12952 17709 498 11019 8590
18939 19590 3538 8781 7522 15483 12683 19107 234 10731 3787 671 17711 1471 14917 19685 16997 6334 15969 19426 4307 16447 484 15587 19130 18408
13135 5090 1531 5302 1264 17750 10313 14201 11707 10090 6216 5498 3525 14113 11465 12724 11218 1195 297 10552 11102 11787 2863 5377 5466 914
11850 10144 692 10587 3640 5012 11104 2507 12072 17654 11062 5436 19838 11951 11625 5103 10692 4631 16944 6682 15028 5313 4344 10088 704 15260
283 1243 10473 8170 17263 13367 13069 12312 1139 183 9180 11282 11704 18876 11572 17610 11640 17179 16085 2008 3270 6934 11199 18050 2085 4806
5931 5234 9190 17788 185 17444 3972 8401 19773 6032 19947 1287 4801 17265 11999 6212 19354 5614 17459 7016 18256 11513 8092 13614 1644 1474
12160 4902 9794 18296 13351 15587 2326 14245 2074 8213 7524 10887 12206 2084 5570 15218 13296 16807 956 2653 11683 8881 10508 211 7439 10644
900 15590 8984 8581 11723 8327 8731 9027 7659 18860 4871 12565 13578 735 5921 607 12354 16217 17319 1972 12523 12811 17598 15981 1080 216
19050 6520 6096 10165 306 6116 11069 262 16980 19492 5816 19073 10866 7879 1678 8188 4069 1050 1937 5264 18182 13032 19466 10037 5358 15402
13802 7384 12931 16583 15713 12741 4293 13411 18244 9980 13613 4131 2791 6593 19116 3538 3636 14624 9170 3547 10389 7803 4424 19239 13946 7811
14621 1481 9511 12403 4462 17002 13745 9781 15433 7617 13072 7199 14273 9956 18672 1520 5386 2948 1126 8899 8057 17099 11891 14527 8592 17777
19403 11570 1983 16470 241 16769 7698 4369 12221 13667 16965 1289 15255 4478 11812 2457 4537 18625 481 19823 9937 15265 3829 16823 8786 5044
15603 12450 5346 1227 5224 3517 10580 12373 16932 1810 16691 4420 11771 19 12379 18876 11661 1593 10191 19994 1880 16405 12210 15178 10814 11176
12058 1171 17720 18298 9628 7042 14353 17026 17481 4041 6403 3679 10724 6695 19111 5933 4070 14166 619 4290 8192 2508 906 16369 11456 9025
2511 29 13909 4829 14408 2694 15730 2139 18555 1051 13932 9610 5903 19828 6485 19957 4149 18865 15240 18254 18637 10775 3248 18230 8077 18891
8165 19496 14766 14776 17973 15324 2178 6383 4732 16732 1545 358 5038 17466 1041 6232 11629 6247 4549 13137 7608 4727 15459 8221 7267 9067
15195 17310 9688 10015 2118 6207 13148 60 2676 16120 17095 3439 19816 2583 18800 14119 13910 13827 6279 5985 19104 1832 13117 16773 4476 19238
12211 10906 5380 4793 8965 7119 11147 780 12971 8334 13543 16264 12846 17187 12207 6664 17896 3613 17264 14551 18041 13543 13338 3125 7183 3442
849 17475 176 3478 14345 15720 12260 4773 4104 19439 19950 14306 1113 1299 9301 328 8125 7717 6883 4657 17382 1040 9643 9805 7787 1066
10430 15229 11771 10064 14116 6077 4975 3452 5196 9809 9778 5045 12320 11479 11018 12215 19318 16967 17692 17801 16779 5023 4516 18694 12354 6833
1331 4821 18693 11870 11160 5731 16084 1908 1624 19291 1146 11876 12502 17883 2445 3899 137 11258 10319 7883 229 17796 1676 807 16943 8574
19612 4198 19080 10082 5233 7945 7728 10465 8881 11161 13712 11994 12177 10030 9828 10395 9311 8244 19299 18411 3590 10715 16864 2187 14852 9093
14939 19410 2351 13854 3982 17515 777 9150 9424 6296 3299 14416 8654 841 5608 3814 11773 13314 11703 3027 9328 14732 8910 19492 3946 5557
8608 13842 5412 7488 2994 7687 17605 3695 1972 15253 19016 19722 19875 2050 2406 13409 12680 5085 16010 4160 12774 1392 7442 9101 2060 8698
12336 5880 3749 16200 19266 14993 14180 16746 4760 18549 11933 17945 12151 7142 11855 718 13523 3529 5666 3097 904 1378 7229 1363 5438 3175
14292 5769 18957 18951 2778 19634 10913 14071 332 15265 13417 9832 18843 14934 6518 1269 15350 10625 17263 10430 10145 12760 7016 13695 13398 11838
3049 8038 7791 16107 5282 5748 17407 10008 13409 1022 19682 10044 12464 5334 11980 2129 11035 2034 11129 16022 1098 18841 1470 19619 3882 15042
5741 13595 9436 1174 4238 19097 8544 10821 13071 748 2730 9450 14538 13701 18364 13168 916 7894 4508 16895 2307 915 1484 3508 8426 19577
13760 81 1189 11085 5204 2125 9039 3179 8514 9743 18459 3097 5331 596 5294 10159 7267 8250 16207 14146 12492 18477 10480 7429 5653 13111
4389 16014 7448 16202 17359 2946 15166 15907 7606 8259 10469 18326 780 14064 15449 15387 10911 10010 13349 13324 17620 16620 5518 5298 16131 10381
1632 3120 6748 18576 729 4821 19297 11524 9937 11240 4423 3305 18729 2806 1865 14341 10903 123 10783 10005 9716 14449 13343 96 6966 12638
15594 12311 4674 14203 3168 5709 10548 15840 12552 16897 5064 12044 7261 8050 12092 19486 3728 12295 7479 10461 15547 1600 9480 9495 2937 4443
9678 16424 11473 3953 3339 7418 3202 5764 5049 17242 16213 2650 3779 17550 1357 10836 548 9469 5757 11233 4435 3845 3769 5461 12312 7134
16828 11959 15581 4137 967 6493 8899 6025 5624 18293 3629 3777 8439 6139 17234 4613 1707 11927 16059 12172 11064 6857 15072 11666 3143 2044
2665 17019 18392 285 1904 6051 11705 3442 7869 8902 8065 4897 14961 15992 477 11924 5310 2690 6594 6065 15204 7209 12230 18911 17764 3336
10429 4528 15652 6842 18933 18408 11639 15726 1938 18314 6889 15900 10119 15032 10560 7101 5147 19871 2561 7663 5560 12339 17877 10767 4355 8585
3943 17965 16782 15223 16002 1393 4527 7136 9350 7348 7166 7698 19407 8749 8528 14288 11263 5935 19677 1234 18901 19409 10676 6625 8811 3847
15457 7020 14663 15841 14978 9779 8811 6650 11874 1256 12959 19372 14182 8281 16241 16153 3874 14010 11217 8462 2130 19249 3906 19169 15759 10210
5898 5777 14156 18567 8359 1203 7216 5347 17140 8095 11383 17097 3099 6532 9909 12653 7897 12178 2351 16301 18020 4396 4227 12106 15427 6964
16123 11454 2129 13117 10082 16363 552 1781 1450 3775 659 17078 18789 15715 3952 15596 16083 486 5217 19808 4257 5578 15783 17920 3271 15957
9590 4234 12155 19140 8978 17528 14701 17282 18451 12598 11925 19397 12206 16119 14180 16901 14850 4774 16590 18910 3826 1532 18347 716 4327 2755
1851 6950 1371 2311 9344 4727 3881 12635 2120 4153 13360 14375 17380 17643 7379 13272 19069 3337 11279 14996 5503 10098 12905 3433 12277 15624
6450 6103 7925 11088 1970 6197 18669 18616 10745 9291 9095 12709 16466 12511 1842 9008 8603 5432 12681 4614 4917 13375 14281 16841 11422 2901
2033 11474 4304 4957 1835 19431 10244 11571 8901 2136 3223 12321 11358 14161 6270 8718 9818 2130 3787 16495 8993 12016 15348 11830 15092 13861
1473 14770 10644 15960 19518 9038 8642 15679 13847 10392 16867 10231 14755 11773 4645 19752 8047 18761 18489 8500 16896 17387 2137 14382 213 7153
18206 4316 5333 17520 3475 2526 15949 5624 2256 966 3422 10839 10669 7630 12286 17931 1791 18466 1060 3693 4509 5330 4440 15355 18634 1750
4642 17082 9608 13452 12904 15346 15482 11881 18692 16637 13573 18583 13564 4546 11156 5221 14836 8178 12240 1079 19619 19133 15361 18029 19757 18815
2534 1306 16406 4306 6286 5818 16841 3683 8331 2034 16666 14655 15121 10438 4107 4567 13431 8546 9452 18464 1478 13600 11735 1802 6976 16790
16839 9060 18820 12620 1000 9140 3027 3291 18454 8478 6012 10531 6694 17779 2669 19233 17072 8468 17936 18854 19669 15282 13339 8910 12684 4917
13589 7712 13051 14172 12757 15952 13331 15663 11584 10815 9201 11672 14271 19138 299 12102 19364 15433 345 7716 5530 18524 17176 115 7851 8729
13547 14074 918 2262 10415 16859 4784 663 18864 17233 9779 3358 9936 13688 2769 8405 13323 18358 17913 18635 5528 7002 13894 1907 635 12021
12543 2797 1042 5237 327 14875 7880 12772 18477 8403 19495 4163 535 15124 14136 870 14756 11217 7985 16041 10409 3883 5965 9083 10345 15275
8723 8620 16846 14130 11969 3734 1099 8017 13641 12534 1411 6219 7052 10055 4789 15046 17376 10008 6688 704 3344 17186 7296 15913 10137 5525
10975 18618 6220 1130 10335 16419 10865 15454 17009 8231 15413 14836 14355 5380 2273 9964 1818 4321 718 19233 19206 4840 5247 3590 19591 5015
13282 967 17096 11305 13858 19038 3869 5359 8509 9256 4471 10322 9483 2399 7699 1435 1271 15979 18315 19920 18006 8653 17525 10399 19036 4220
19067 17918 15674 9610 1609 19898 5829 10740 10409 1638 17377 19864 13921 17405 3982 1751 622 9432 8631 13599 16734 13457 12782 17671 5023 8283
13528 11189 7322 4056 30 11592 5031 4325 15837 10636 13453 13455 14326 19769 17020 2382 8228 15041 91 14874 3142 5419 14276 15564 13072 11527
799 16740 9543 16732 6899 16530 1204 7644 13422 454 1339 15398 8215 18060 19471 14648 18553 13223 10233 5757 6757 5002 4959 6058 10857 6791
33 19738 116 17730 12527 12800 8003 6449 7834 3112 14537 8217 9168 11940 7501 12995 3505 3703 1322 5086 7953 18020 13086 16750 10150 9636
9160 14784 2912 13250 18585 3695 9283 3967 12236 8208 11281 509 15325 2959 5477 5520 15604 17917 14521 19817 10974 12696 16046 3731 7998 268
10928 2573 834 8960 6764 4648 5516 19735 5993 15655 12502 14432 4907 6466 5059 5340 10369 16700 13671 18145 13381 3638 4077 11997 8556 6466
19106 4965 4597 13551 11856 17381 8993 13425 7735 9756 13576 5325 1309 8060 11274 6987 12612 6548 12388 10804 19771 5531 3199 18587 11197 13983
18806 17597 249 18495 11108 18635 12112 13230 9902 4301 1782 8863 8911 14545 9105 2751 17965 13545 2044 3812 10169 18301 1113 13032 12205 3941
16254 11912 1012 19176 11673 14615 1991 5008 16171 6767 6971 2496 13442 10272 13780 9789 19033 1288 13683 16961 2543 11349 13454 3343 4883 2531
10187 19493 17133 5875 6867 12642 19292 5508 2115 11525 9565 19051 7248 6127 15405 9725 2934 10308 9829 19038 11983 3193 19000 5191 9050 14365
2701 924 3002 19799 16740 7041 1744 19141 948 3135 13572 7060 19004 10447 6279 3103 12572 5976 12988 8057 9514 15452 9463 14063 4069 18618
5088 2689 10825 2405 19893 13210 14330 5689 6400 5250 11847 18681 5775 15870 2287 204 11805 1169 6219 11400 312 5095 12059 14449 5031 7699
8764 11983 18580 1152 4380 3466 7352 18386 7294 10364 17770 13560 12249 14998 926 18881 10501 6962 8742 2358 15128 17471 19362 14034 10335 2423
14671 17143 3749 14003 14501 13427 10367 4624 11408 15320 16631 8511 14443 11654 4114 2279 18123 4644 1520 16641 2812 14505 5103 10827 11741 3371
11321 6412 472 9275 19637 17783 16686 16012 18276 3846 9040 10295 13669 18231 18965 9856 18737 19377 1589 2708 13237 12401 19733 3229 10013 6929
3995 8639 3433 4120 7255 178 6702 12654 6548 18708 15597 7132 18409 1328 11815 19041 2151 17713 10465 8232 12879 4630 8951 18939 8874 19231
17532 318 8497 18596 12935 5771 3439 7228 2384 4889 13216 14875 16 4801 2983 10565 14210 14246 347 19632 4412 17140 17706 5460 3226 1407
13994 13453 15632 18396 19112 19278 13419 1411 16334 15541 1734 17103 16341 5654 8225 5919 13063 13531 4365 6634 15854 18692 12751 17904 10472 8418
9922 11105 12816 5367 5440 6314 5225 18122 19483 2628 15972 14685 6596 18357 13674 7857 15308 16463 1371 12613 6406 5542 9784 68 15528 16439
5387 3861 17121 3645 7743 7615 3158 16619 18584 10614 15041 1926 11545 14325 6152 8270 12400 14592 13376 9154 15585 12933 19248 3426 13419 5896
15214 5107 4471 7798 5699 7689 10626 3272 9305 13095 12638 19986 1188 12655 17613 14386 14199 12140 13182 5835 1637 18237 4391 9073 9271 13623
3769 2956 66 8656 6610 19554 12372 2877 19614 6008 3925 2369 5846 13868 1524 1538 3512 5643 5707 7459 11940 15299 7287 5567 14832 5978
17772 11088 18675 15378 16825 16022 4299 19611 11826 10320 4621 15060 5605 19339 11394 3213 7213 8253 16306 14972 449 13788 10529 7194 1416 12461
5832 11949 7071 18962 13841 18413 705 2925 10240 1338 168 14038 18603 8669 17465 12931 19072 18814 2806 12112 12991 16032 13725 11616 4963 19302
1791 5012 18326 15032 1721 18466 14674 6607 18953 65 19676 9912 6342 11879 352 9949 7424 739 5511 9731 3585 2059 16006 16930 18220 19886
2656 8247 10752 12095 15389 19685 12487 19659 7758 10604 321 9817 1363 18292 15982 6096 16517 10595 18706 8642 10965 7411 7260 6928 16340 4761
2544 18239 9095 16804 17486 1663 4575 2170 77 6111 14690 11460 12822 14955 8235 7040 2669 11220 6564 8275 4336 7847 13301 16237 10305 7739
2087 3803 5397 3724 10827 19658 2615 1266 3087 19116 5358 10627 5830 11139 10853 11653 10583 19863 4543 16988 18429 6135 556 3571 17641 16661
18154 13427 10584 18888 13521 1217 5843 17505 2743 19059 3990 10921 3409 18426 15256 9424 4541 9672 15918 9771 17069 16224 9348 16501 5665 5888
16901 4530 19175 14248 19095 10398 18536 19579 1604 19425 11945 1656 2650 928 9591 9443 19688 5784 9395 9014 12014 5706 8971 6798 135 6831
9416 5902 9888 8153 16412 11499 4450 8004 2878 19137 4984 3244 12832 10857 19153 9235 12659 9604 1136 7205 1415 7172 19699 4729 8008 11839
9227 9069 17242 11276 3155 14389 3539 9155 100 19971 15560 9833 18839 7997 10280 19358 1632 5363 11918 6311 8894 4194 2131 7228 15676 12866
13379 5247 4019 11555 12606 3969 1570 17154 13183 1368 1491 14664 11524 7943 6368 9011 13682 11305 4728 3026 14273 9474 13328 14693 3314 19142
130 6198 16004 17498 9920 8343 16082 12153 8038 15018 12808 226 8703 1488 13566 8198 19319 16977 13903 12289 4843 11046 11032 12333 9935 14908
9627 7144 2458 11527 1415 10895 682 12928 11187 14358 7287 3237 11713 651 6674 12711 2127 7746 10789 3189 14993 5132 15559 19008 13171 9449
12387 12001 5197 19478 18690 4966 9402 7168 321 505 17748 17987 15745 7867 2214 3503 5911 11054 10714 11648 16371 4930 15378 4791 18387 13737
13576 12444 12653 7047 18085 17889 14962 16275 4406 11098 9990 16706 17204 19363 12399 12988 14657 3080 1880 16703 7255 7151 11896 11842 10332 315
9571 2978 8508 10215 11922 3015 4517 19596 16937 5203 19790 5086 11803 7788 8338 11740 12974 1908 4550 568 12637 14544 508 1150 19078 10110
6206 7645 11551 10627 17900 13316 12539 12570 8646 10621 19492 12545 15702 473 16305 11681 4816 1984 12740 14162 5985 7509 13102 1655 18146 9735
4297 5345 2668 5508 5965 8328 18750 3236 13826 12489 7870 2530 14206 19074 12391 12106 13903 4413 8546 4685 15144 10920 15692 4859 7836 7820
132 4864 2820 16024 12860 19186 2161 267 17534 14243 627 18256 13713 13503 8331 18920 4627 7453 14771 5670 14271 4523 4388 13405 4763 14894
6340 13897 19694 4708 6105 16164 8561 3329 6272 18925 10839 11663 4205 5644 19228 2471 12574 1 9471 12553 14306 7273 7898 2372 7667 13354
13589 10850 19102 15832 1024 10898 12870 8252 3185 1681 4224 8669 3689 8547 18334 4272 7773 7017 2843 16764 19141 15999 19861 19239 17748 1350
7631 9375 11599 18842 17449 10088 19641 4305 17479 8552 2813 2829 4502 8417 8129 14928 5167 9742 13524 11194 13060 1096 17724 12580 884 8860
13910 10140 11673 11857 5258 10349 11679 9528 15292 14593 14789 11742 4146 3941 13901 15517 8471 2340 4231 13386 3730 11101 18861 8731 19830 3695
5601 4196 11470 8069 1672 14439 741 6375 8336 19772 6215 10520 16745 3112 3614 18927 14186 13102 8148 17254 15828 1941 2109 9785 15572 14313
18540 4205 9578 4998 18250 17309 3455 15340 11749 114 16861 11504 2857 2600 9746 1726 16487 5480 14487 5440 9378 7222 795 3700 5657 4119
