365
56 58 53 74 3 88 99 81 11 24 2 93 64 99 1 9 2 55 51 32 19 15 18 42 76 63
9955 7119 16673 7300 17155 14333 15240 19392 19650 15417 9278 3482 11984 11297 17153 10814 15157 5679 8432 12005 5504 11608 15825 5174 4635 6612
19369 848 10973 5098 19339 15429 15500 4597 8280 13240 13714 18812 7165 11689 132 10271 3703 4975 7276 8147 9662 12628 9971 6088 4437 18438
190 13457 17513 11363 4722 6675 3797 4214 9134 8638 3335 11472 15859 1338 18301 7384 10235 3212 5247 15469 14669 14880 2163 16349 19098 4633
9747 9590 811 15859 14440 19859 2145 3570 15918 12400 4091 7721 10683 18754 5205 14939 1964 11588 16948 12773 961 1598 8814 5306 5703 7517
17893 12994 19414 4374 1223 16717 14360 5969 8764 7881 4813 19159 12311 10166 18380 1990 5386 623 2058 464 13436 3080 15508 10493 2396 17196
11222 7864 1314 11551 1478 8195 7331 9425 1329 19967 702 11554 19042 14254 17004 13551 19827 11770 16029 9350 4533 7835 17933 12649 6129 5552
8488 8803 276 15744 4732 2464 6131 17471 13233 633 480 1342 13416 12903 12389 10601 12127 12634 14220 18825 980 19076 13390 4574 15940 8136
17514 3801 14214 1572 17050 8741 15607 19118 2767 7745 11246 17095 9060 13743 10874 8242 8581 14727 19257 1235 19301 16973 11883 15824 15182 8641
1781 14202 14589 1888 5775 8858 18274 14420 7540 8395 10748 4313 3099 11716 2663 19908 376 5271 15045 4017 1274 9621 14795 16988 8944 14591
6412 2184 19394 5620 14045 16254 9920 11005 1243 16653 18698 2894 17014 18418 5456 5101 12571 7869 16513 17161 2235 7315 2943 13269 3248 6382
19449 9158 16861 1509 2080 1646 4441 1887 16914 829 18557 8889 15444 5702 9819 13831 10223 4579 15264 128 4166 2567 15929 7523 7775 7023
10632 19437 1364 1972 3187 10667 2668 1263 3708 9376 15392 11131 4251 11959 16506 7759 12492 13260 14531 14222 563 1835 8136 8333 3137 3780
18622 291 4688 2978 1784 11646 5646 14179 13396 13381 15064 4970 568 6763 17091 8813 9345 1157 11541 19538 421 14501 3872 14937 14045 9631
19448 10225 12824 4396 6276 12870 10505 2230 7514 16781 12718 8910 1540 8511 11696 16260 16653 17703 3647 2610 11747 13776 16544 675 16056 14051
11530 2657 6245 12818 3712 7845 11334 11473 18884 13586 5345 13967 19707 4027 4004 15374 12589 8815 18832 12316 13205 10446 18561 5523 17799 16813
9308 14804 17808 9950 19788 733 5210 7064 483 169 11046 17492 3559 18073 10375 18528 19370 189 18955 9853 3406 14302 19866 7455 18248 2638
9836 5689 14332 15833 4310 3863 10892 9672 4499 1827 1379 5684 3162 4919 13383 6579 5145 2458 16804 6713 18944 5297 5509 17906 7831 1502
16257 14312 11788 1091 10500 5572 12759 6748 9207 7091 15410 1228 221 9360 9725 17661 19898 14160 18520 17201 14535 2127 18886 18206 11037 10700
17448 2927 3679 15550 5830 8221 1077 12519 11414 11660 9754 7603 18022 9124 10420 5514 254 1086 11012 14231 9146 6737 1504 18992 11855 1218
3628 10063 1109 13494 9580 17308 13186 2068 11090 459 19524 8822 16904 4971 15779 5537 9266 18813 1988 9546 12610 12208 12590 5930 11984 18218
15307 18942 12566 1363 9164 13968 7886 10324 4764 1985 19402 496 12469 18924 7088 16725 3376 15850 16695 10494 3538 3895 16677 18981 12122 10750
19650 1248 17367 11325 14911 5718 7151 2433 19427 15453 3452 12354 58 4998 13208 10750 16969 15025 13317 16050 19835 19319 13082 17926 9425 13537
13010 14829 13707 1740 8484 15317 5658 15037 14491 6337 10298 18875 16053 15195 16991 5091 11356 16446 4762 8005 15872 6825 12123 5601 6762 19962
13732 14958 10932 4567 10255 6859 13568 19440 11008 13935 18132 151 10207 7009 7223 4273 12393 17356 8868 1661 17221 6003 13994 6160 10766 17516
435 8121 3435 6957 14207 4049 7600 13400 5645 1945 8159 16836 4438 1613 14573 17861 7111 12537 11135 18541 11747 15966 19898 13208 15099 939
17860 17004 10083 13190 10951 18623 6883 5473 17863 7036 6534 7491 2484 6268 18822 3547 16666 6554 5356 2411 1713 17379 918 1448 15116 6333
18010 17051 13044 2883 3874 15823 19855 17817 5121 19262 11107 18845 14818 3699 16407 13538 6233 5929 10260 12372 17358 7931 16714 17967 3459 16294
14454 18545 19677 18187 9319 4352 17460 5704 7705 9393 18578 5876 3422 17598 8429 712 9267 5455 15342 13703 14766 9022 9215 14125 11148 13179
18894 12413 12016 18820 5281 15402 7258 18182 17541 4044 6889 9406 14859 19380 17951 1717 7320 4400 12354 15958 11167 2528 13218 14823 18744 2844
2942 5104 2677 4740 8864 6160 13456 12385 15928 3836 4960 9109 5987 5924 17281 718 16627 11813 13124 15925 15749 18339 931 1803 2098 14894
4723 10674 19775 15046 1090 34 8632 9915 11492 13841 14353 16076 17696 15552 16339 3504 12895 12453 10490 72 4055 12149 19907 2944 19511 8
4077 19234 10261 12199 15251 18463 12781 12274 15390 1214 3961 18439 2098 14489 16576 12774 7803 1857 10855 18980 14661 4328 3918 5642 11087 17879
2452 15141 18861 13227 3192 13181 18236 12412 14114 12589 4619 7876 13629 7308 2311 16649 8779 13401 13886 11397 3524 5592 44 13580 1112 13513
5283 16623 15343 2514 16915 9545 1410 7016 9178 15010 15653 7553 18757 7207 8970 2962 18466 1304 17033 3860 7248 10191 1083 9155 11964 15487
13264 5154 8515 12421 13399 16689 11345 18507 13144 11584 9324 1844 16537 16146 5713 4080 8867 5269 15005 19567 8826 14150 17608 11580 7436 9888
11967 2730 17641 3776 5423 14288 18306 2884 14663 2197 19961 4834 7842 4504 15026 2519 19880 7453 559 12901 14880 15120 16368 14670 19881 2909
13463 10892 5964 869 11281 14218 16643 17300 3033 7381 1525 13138 17881 9478 987 15399 8138 7937 9371 15868 11058 429 19864 8560 16262 12872
4169 12227 6646 2845 3090 2762 18179 15004 4820 10134 5052 5763 10929 12016 19768 16535 9595 17756 17482 9126 17434 12850 7990 12018 15998 17252
148 19906 2851 17368 8787 18010 3294 17654 19843 19571 4877 12810 15594 19147 1565 13874 4606 3316 6309 17137 2453 11316 18016 15725 4115 15289
15303 17302 7829 1054 12140 1696 2801 17187 2706 16305 8548 15187 11822 7169 7128 15286 15500 14800 13558 11584 16137 6184 12157 5801 11790 15534
5264 1420 5293 5069 16968 13208 4285 14050 5503 11979 6000 14489 560 18211 6108 2382 11559 195 8400 10541 4652 7663 4857 16640 19585 12948
13789 8780 17758 13581 10849 28 17221 2415 1181 6936 10629 16516 3517 19579 3115 18254 11527 17850 9503 18475 1173 11527 17380 5910 17056 11925
2622 3964 8336 10328 19765 9106 733 194 8040 19249 7032 12924 10956 16874 10100 1793 6217 2306 5215 14952 6398 11134 13765 17285 15504 4014
581 11600 6989 3091 9689 4451 3106 18861 14401 19262 8195 12577 15430 6017 2637 19317 13992 16383 5168 3574 821 15897 11046 17407 1845 9245
5891 17328 5984 12604 19163 17485 11514 5888 8997 137 17311 6106 7703 10066 4652 1237 8636 9388 5344 14827 4612 15415 14748 18062 6625 18167
337 6727 8812 2684 1835 8961 16330 12633 16811 7727 1175 7164 14066 6917 17371 5721 10665 3258 17219 15955 12585 17284 3461 10366 10812 8223
14905 12228 14812 7582 4800 8309 18232 1522 12703 9202 14812 19699 17748 5258 713 3992 14239 5384 5483 13571 65 5095 1600 4233 12172 14594
3923 1588 13012 13599 6310 8912 17549 9838 6663 18649 12228 11932 9461 18207 905 519 6842 192 16314 11062 9319 18700 6271 11451 16319 10053
5919 987 16051 2199 15254 16628 17094 16215 16791 414 3637 8293 205 9998 14088 19417 6851 17451 6695 12159 5375 13029 17850 11576 7930 2948
3916 12534 8249 4676 12933 9260 6645 2099 16219 8226 9998 3122 17770 14633 15938 7233 5727 332 1528 2040 19145 1527 6873 1939 16411 11665
12123 16735 12261 18078 1969 5190 10910 18222 5225 304 618 2271 17805 8084 10717 14935 697 18997 13174 17702 17488 5442 6148 10413 6631 13902
6427 4609 12245 5726 10408 12038 5832 13892 15765 7249 7177 185 16701 16029 4211 4314 7970 10147 2112 17381 14419 10053 1297 12492 15765 11989
2290 17674 7991 2955 16091 300 4822 10137 16239 1227 2270 13214 15172 8075 33 18250 11720 9884 19746 6995 16374 5443 14718 9159 19812 13651
19124 19952 5139 9416 18017 8749 12539 15866 10594 3328 12783 10090 11673 9923 3720 10304 8379 18492 5954 12123 9426 9691 18511 11839 17763 5299
9850 6817 6799 10875 18919 7511 258 14946 13300 11077 11809 8494 6157 19113 5448 3537 9132 2575 1916 10528 18447 3454 3484 15258 17215 6533
9840 19103 14357 8773 13638 13611 3938 17339 15014 7141 807 7458 12451 17659 4927 18275 7591 13660 8940 12221 14914 14105 8033 16190 19663 2606
13837 3468 18610 3386 8845 5089 18487 915 12693 10620 19997 2285 2500 4223 1089 15117 18819 1064 9953 14096 1298 8876 6421 599 1765 5887
19285 10432 8475 19756 8679 5231 8713 10829 8349 1618 4057 9666 7762 17978 18170 13758 4760 918 17524 12974 6930 8824 5516 16817 3068 5838
12477 18817 7205 2600 292 5524 15980 6432 5225 9129 15759 807 7160 1079 10936 16760 15705 16266 14950 2548 8003 19706 19932 16624 13200 11490
6213 6054 7648 19303 18900 2482 2269 12972 11962 14322 11293 16811 12760 15941 16479 13282 4282 4946 6918 16443 19172 2795 5149 1211 18352 11326
14213 13577 2141 1444 4208 5125 17813 19001 8517 18846 9018 14141 11701 14965 5998 17373 4001 409 16893 11844 5124 13174 3981 15734 7846 1853
3303 10598 9548 17435 9841 2655 17809 8366 10462 19143 999 19009 1688 19142 17274 9383 15677 1988 809 12711 5495 10780 18577 9179 12483 5832
19108 752 10017 19531 11000 5225 19378 12111 2789 4509 17031 2409 9360 12369 11627 13924 7512 644 6158 12231 15392 2145 19169 2347 16421 5729
19471 4187 17673 5767 16099 12114 7394 13653 7914 9424 4112 7049 10413 9587 19195 5902 13464 15556 14360 9923 5896 8329 10376 9326 16842 1042
10617 16761 3749 6754 8661 6566 13635 2115 8490 3607 11160 17664 448 10153 8961 7634 2580 4352 19076 8431 3340 2717 9937 7743 2448 10092
6932 1597 12160 17223 6397 6457 6955 10632 3677 4818 1537 17635 12294 9645 18590 12090 5678 12424 3109 14177 19010 11878 3785 2602 3095 3726
3465 7503 6603 4023 12614 4241 16610 16064 17232 8959 18955 17373 5183 7148 3124 1111 5200 6555 19395 6443 6967 19472 5021 1085 10926 9224
11102 7353 7340 10908 4212 16203 13325 19363 17273 14453 3000 10904 1043 5249 17249 14682 9947 5193 9018 3987 16753 1524 11390 13562 5722 13130
777 19251 3097 3742 16461 17039 9874 13790 2593 16009 19317 16055 11394 16855 91 8239 5943 12817 816 9663 11640 2346 12305 4685 12059 15374
10236 13303 2513 16628 14062 15981 16908 9192 16760 5210 10206 5189 4161 16675 9264 19663 3873 8947 14779 542 10562 13442 2462 166 11428 1936
2772 11141 8355 15707 4004 5939 14992 11020 1037 10270 10124 3002 2066 11461 7030 15265 6183 18926 14835 16571 16159 12729 18445 11787 16892 3081
3394 10500 7674 5906 9393 15771 6751 14036 19955 11408 1632 14196 2384 14415 484 5438 4794 6681 10307 6880 5087 8633 11140 1397 18890 11049
3071 12039 1095 18331 14385 9212 17210 16766 12636 7455 13360 6991 16347 15972 19253 221 14091 17967 10080 14982 4956 16663 3670 4229 8315 17042
18238 7146 10029 8452 796 4750 7345 768 19467 4610 3885 15982 3880 8933 10248 11042 17883 7118 17642 10351 16239 17632 12258 15543 12595 609
18553 5257 18316 4360 19336 1484 9852 14403 4556 9594 7291 1750 8758 10107 7070 18766 12237 17266 6737 14791 10706 13126 8216 9402 4910 10547
1880 9397 16364 9696 4150 9947 6030 753 5697 5583 3575 6286 6318 3498 5428 7674 11266 1630 7194 6495 2424 10302 14629 7594 8099 4705
2860 8393 17345 15016 17300 18587 11310 2809 17921 12438 12325 9468 2124 18706 7872 4696 17648 2134 11744 11583 16006 189 4688 17229 7996 1475
8442 8026 15046 5208 5217 321 6770 4849 18396 6685 650 11725 9095 2786 12870 6409 12495 15925 13820 12742 11563 18864 1891 14599 2815 10443
13017 5102 19774 14490 2130 1499 9862 2365 8954 13796 16367 11852 911 4252 3278 13938 13065 13823 5945 4743 447 6453 5239 1872 11139 3179
1560 18052 12807 17759 3827 12267 13647 18609 14656 17650 11047 9552 2880 13393 10012 8272 17386 10162 14512 7482 4553 603 17891 846 11465 12453
15168 3108 13167 7479 14514 9098 1037 6307 7956 14796 7368 1915 4927 11842 168 11260 14253 736 5648 2984 141 19535 2341 410 6732 18143
19487 11386 6036 18706 5092 9955 8003 16996 13710 5616 5740 6424 7219 12355 3958 3781 1784 19223 15931 1450 17865 11025 14990 3754 14210 6967
4108 10423 12 4209 10744 1491 3634 17211 16532 9277 14450 5942 11391 10336 2121 766 71 15582 4394 8896 16382 7864 15022 15204 2377 11011
12284 14173 6712 19163 1083 13559 3009 98 13971 19918 8679 3836 9883 1130 2079 6083 1566 11364 17683 1795 11380 12425 15898 19995 9988 18577
5325 2241 15886 1943 9300 16128 4703 12684 7007 12412 11593 2545 18932 4904 9537 4811 16310 16177 3448 14947 17383 13527 10685 7554 19471 7579
15373 12614 5398 12592 15663 4762 16142 17525 11765 10163 7812 13287 8369 2412 5468 14591 1371 11757 1772 9800 9944 17803 15254 9225 16860 10140
13527 862 4996 12962 16566 5123 2572 2661 17786 3559 747 10455 19233 6147 14188 1699 85 18292 3528 1497 1161 14030 3227 9904 2800 17877
12984 18882 13139 3724 8002 6356 2312 8531 19971 3551 8651 8161 19617 9045 17978 10349 14780 19220 4260 17844 16175 16007 10784 13817 3210 11572
11178 3079 294 9536 17125 10957 14856 10278 14812 3396 6967 17662 13191 19541 15883 19803 15260 17853 613 3247 3058 16224 6368 15574 13272 18252
1521 1679 1421 19417 12758 11705 4526 16454 13705 16507 7157 16046 14221 18226 13877 1747 4296 7496 10180 4433 8697 13877 12492 7798 8666 11511
4921 14071 13370 16425 2022 16069 2989 15779 15133 12297 10846 206 3039 2951 2991 6386 2620 13357 19883 5251 17989 7929 3719 14149 6297 13794
12258 17758 11330 1533 14177 8043 1696 18227 19897 2285 13992 12202 1887 5158 5022 16221 9660 18022 9755 5700 17703 10223 10932 18374 3415 4316
13198 397 9409 15232 13502 10453 2559 16188 18521 13619 1817 19421 3521 3328 9562 5009 9377 18663 3808 9515 13025 6003 13706 11534 2041 2794
11881 9972 1075 10298 16377 13074 15191 13652 17536 19555 3079 14736 1228 7232 9093 15028 13875 14515 1458 16570 14052 12856 19261 9289 15767 68
5310 9395 986 12685 945 13377 2610 11637 15793 15644 18791 14659 522 11876 16282 9242 9382 13970 8710 2044 7379 19444 14608 15784 1569 802
8756 6199 8359 15790 7084 18881 12721 19757 1082 11058 1839 5083 2865 2639 10394 11751 11744 4954 10491 441 7726 8697 19971 4491 2339 18871
11908 729 19997 11522 19234 2543 7978 17049 2016 4035 17771 6564 5389 12505 7424 17620 10764 9642 4965 7527 680 14645 10604 10039 19875 2760
953 17818 10 12653 5377 6952 5478 14581 6843 19587 14132 1115 1481 979 809 9639 18956 15127 5755 9250 5274 12827 17708 19235 11901 5513
18410 16838 10506 8173 13239 17140 18086 1205 10242 1604 9067 9514 5575 12845 5951 10166 9943 2677 18703 958 6359 9930 3766 10669 7966 12608
6016 7304 5614 4439 459 8652 749 4455 15600 654 16642 16945 7708 872 2446 7264 18074 18234 4371 1920 11955 15802 14505 7603 2293 11921
17404 2642 16661 17433 15319 6526 14580 3040 3438 15232 3419 9533 7266 16624 6793 5609 16001 17760 9634 17246 17696 12908 1491 13820 2270 9370
3285 8922 5589 6143 6148 2134 715 9052 11441 11276 3229 3107 13228 19856 482 5535 6589 8392 15997 7338 6438 5873 1317 6360 2415 2772
11527 8768 4036 2498 16315 3298 14320 2003 7460 9418 5587 19283 1144 423 2449 8078 8988 6734 9596 6789 14105 4539 12569 12503 3097 8114
2675 12065 1046 13834 9453 10683 19914 22 10963 15915 9727 2757 8595 16205 4349 2173 19908 4698 16947 16255 5377 13217 7494 5821 20000 14304
6652 988 17538 39 413 9847 6899 14858 6656 1890 8696 9234 3280 15329 14646 4346 5036 4218 19357 13468 12258 18982 4473 19709 19322 15482
3982 18004 18419 8867 3853 709 13623 12302 3171 8823 1490 13606 10160 2331 15963 2435 19269 14101 14066 5484 11587 8304 8749 1194 5613 4035
3905 17995 11530 11394 18529 145 19272 10269 10854 19638 10624 7305 10597 8274 12423 13238 14469 8949 13594 2666 3409 9679 8456 2998 13837 4557
19052 293 10888 16328 15823 9086 11123 7953 7417 4846 1694 4650 16108 5643 1444 10236 5926 14988 7696 5401 15890 14925 7845 4127 9264 457
14081 14221 12288 7673 1811 11084 9474 9626 10857 16746 19595 11563 19820 19086 6247 10644 5726 5429 2583 16183 10000 17758 9533 17288 11919 14568
18992 7258 4360 18197 203 199 13318 1211 6935 11770 10622 15467 11238 4359 19659 1169 9388 3133 9890 6402 14342 9712 1872 9506 16242 6206
18918 5859 12066 10680 5706 14000 12601 18216 6359 240 11573 7032 5598 8491 7481 19017 3956 10430 14279 19061 11457 12144 17617 5389 5122 18657
1895 17479 18187 2324 6781 1056 19636 2089 8406 15461 15563 16979 6298 10147 14313 12492 2292 1801 4423 5029 8753 13440 3673 19994 8941 15988
13972 11768 2365 7233 9385 7515 3972 9984 10532 18805 8394 10865 13693 13278 13920 985 1712 1094 141 11611 18912 14813 16522 11441 4045 11061
7391 18596 3179 11664 19902 10100 15903 4933 9170 3821 5241 9295 19313 18279 18838 16813 18772 19775 12875 17597 5042 16974 12454 12296 8447 14692
17709 13893 17193 362 18417 15628 9132 8478 14896 10451 4390 5315 17171 13349 4280 14709 18901 4992 13707 11713 18515 933 16624 16239 17694 1690
7830 10339 668 11066 14040 311 1499 1691 2423 6290 8461 11807 17505 10744 18448 5518 10544 12366 12907 206 9846 9899 15757 7861 11373 19175
2515 17335 14246 7962 14416 1887 17732 421 4945 12660 19964 1362 7823 18319 14789 687 12011 16750 9344 10154 19078 14825 1566 5977 11781 14237
14675 4422 10042 5496 9164 7202 9493 6390 8040 14463 13392 10816 3297 18654 12960 10830 17758 981 19274 8962 18833 1423 14093 17802 5185 8473
6728 12101 6562 4256 18600 12776 15245 12942 7646 15227 7035 302 14503 10130 2726 6222 12115 12144 6335 11556 14028 8935 11308 18418 10141 1189
7235 16815 10591 15890 17657 4930 18729 8756 13041 9809 14766 1049 14747 6314 6865 15047 7691 2857 2324 4164 8783 5396 10015 1564 10493 10670
8193 487 5613 4266 18263 2109 2555 8036 5939 6983 10112 12003 227 17467 4645 19473 15175 9971 17209 9967 11599 9922 4610 18465 14211 19761
16050 10783 13675 6891 14087 19221 15394 13397 16469 10787 15047 17689 17660 3746 10650 12649 14857 6414 13048 17257 12113 1676 12034 18662 11965 9168
1100 60 19119 15736 18475 9878 9450 18020 7489 8604 12647 13144 9314 3931 19183 16934 4479 11926 2801 12164 4046 11619 4125 16865 19264 15208
17990 11227 5606 350 12809 15301 19883 6588 160 18533 16129 15615 2372 6161 7494 17163 13512 11873 4802 11144 6454 16577 12422 6275 1691 13568
12497 17017 15442 15369 105 7566 8495 16102 8415 15333 10260 1558 1198 8194 189 11084 925 5195 8763 15529 15205 17116 10094 11208 7982 15552
3972 5828 3060 18809 15778 1891 882 13272 4078 14512 2121 11477 16517 15852 10468 15825 7164 10511 2621 2362 2468 7386 14429 10305 6864 1118
673 1267 17966 1198 3173 7509 7595 1229 5069 13427 8689 9628 15376 367 395 14196 19457 19956 6243 5061 1138 13224 11620 14340 11331 1521
15595 19088 10832 17685 1521 10352 17286 8206 18230 11487 3279 14482 6803 18055 9652 4532 2720 16489 16722 5722 14834 4857 9142 521 18729 8956
14577 17575 3230 19782 16248 11363 19302 11871 6857 7964 546 8877 12002 9334 4331 12395 19746 9201 4501 15031 3123 18298 9168 14611 12773 12045
2765 4812 13948 11551 10269 231 17701 12742 7082 13040 4182 17540 4097 1 6334 9894 9074 15116 7421 8339 11650 19143 4863 14320 2290 4655
8225 3773 5892 15643 7651 19629 10336 3878 1356 15842 4929 6787 7987 6199 17313 18098 15137 9826 1168 11024 2294 19303 8866 18669 18714 16703
3945 2112 2091 15662 6733 3140 6567 15776 3240 4932 19300 3338 8262 14365 13597 16777 9140 11360 387 10704 44 10125 9036 13206 968 2253
5913 2908 9333 14116 12303 1145 3165 9812 13832 16301 859 18291 5689 14715 13804 11749 6209 12284 9751 6121 17507 8519 2336 2564 5443 18217
11477 17203 5683 17136 11890 2553 10895 4365 17711 15885 13495 5949 16922 18046 14747 14567 14237 17866 12645 11459 6583 11792 17769 6786 10010 8444
3838 1377 19534 19874 5803 13831 2242 7051 1712 10665 4916 5709 17577 13060 18081 11105 141 7361 977 11782 10710 18568 12083 3442 12479 6932
6751 7690 18550 15699 14627 18631 4658 5491 14366 8055 18874 6981 3723 8151 13596 18815 9503 16315 10171 10705 12307 18373 8036 8785 7110 11893
7462 4748 1930 19175 9018 19267 634 19446 11059 16735 16807 10887 11345 18578 4715 16183 17614 8518 18431 19446 10880 17145 2242 13603 10969 9684
16553 11247 13764 13644 11394 3467 14724 14649 13509 8248 16787 15102 13952 16060 10355 1843 4454 6359 1963 14641 19226 11601 2713 6819 17699 348
18869 7046 11684 8757 3142 17033 14183 16183 8978 18051 7328 17957 6095 12861 5428 6808 16516 986 12237 930 168 15055 6033 10724 10287 13835
8755 7414 10606 7878 15455 15595 4936 9258 2543 10138 2097 14852 17928 4364 9304 14746 16307 4282 12803 9518 13657 17035 17425 13691 1285 9237
7814 12232 19378 9657 14992 11441 6545 19195 4829 14189 3246 5059 8597 13131 8953 16280 18261 16099 5026 12707 7959 5093 14873 3487 15636 4974
12006 3100 2710 9307 12779 11564 6800 16688 10742 11818 3400 5256 10885 11563 16596 16548 15774 18953 16202 90 2821 5807 5793 16121 14977 1513
13267 14046 5802 5726 6939 8805 19258 15686 8035 9668 595 12025 12753 9674 10083 6919 14862 13013 9373 4621 19812 14670 12416 5107 15542 16877
7417 8745 10431 9161 2154 4426 8711 19020 19041 8058 8175 13104 8816 11820 19376 9862 4041 10795 2452 15816 16042 3480 533 11002 4076 13813
18469 13069 14085 14388 15415 15673 19575 1031 18304 15019 11402 7947 3938 17247 8769 7609 13529 1382 3156 7374 19999 4226 13433 7341 5260 15606
17589 6805 959 12456 12479 10610 10232 8580 1737 11617 3013 8612 1975 13483 15406 672 1641 6129 18465 10929 16835 16660 15990 13291 16466 9621
9526 13769 3124 13864 9164 5722 467 6660 19080 17641 12408 8152 2771 4696 5815 3519 2540 15452 10483 18655 16190 2686 8716 17228 6510 15466
10361 5067 1999 10257 17337 18148 10721 13729 4282 4477 15117 8236 15148 9028 4413 4148 4970 5645 16123 9618 16944 3305 19495 16824 10166 2036
12402 16476 11528 5149 14044 15757 11318 8322 1765 17691 10014 18367 5969 3555 4535 19945 3557 7014 18972 9299 4597 18564 3720 14121 6385 6201
1607 19281 10119 18809 18206 5843 10999 5984 12827 12211 8192 16491 12093 1901 107 13479 6114 12490 8915 3589 19570 13610 3765 4054 16277 1885
18075 12989 5679 7403 6053 6784 6778 5766 2895 10766 3102 944 18959 4138 8926 16094 7012 4488 44 5820 10220 5740 19896 19693 19996 5099
19030 5114 10847 8923 11456 18058 17877 12581 15909 5697 2242 2699 14343 9945 10441 17348 9774 7577 18815 12580 15633 13454 15733 15556 1036 10434
7491 353 1685 5668 10453 19253 15354 16534 1116 14982 9523 15431 630 10518 6232 3186 16290 11354 16268 19339 1804 13565 1419 5905 9421 3307
8616 2041 2997 451 2428 12898 2935 18205 15469 17697 7074 16551 3203 13706 18706 9324 1828 1794 18556 604 19749 14466 11388 14084 2862 3547
3929 11480 18976 14097 15332 5489 2986 5617 12596 6546 2110 10722 17697 19422 11870 2218 18536 14086 17415 11282 1146 8348 5992 14365 14842 19887
17459 13491 3654 19927 16337 8599 11922 7160 19013 14648 8302 370 2211 1272 12995 7012 5449 5574 7100 6841 18120 12872 3187 5094 261 15351
17162 8140 14488 16100 11679 9763 5725 12704 2971 455 12836 18249 19798 8481 7072 13402 3421 9782 14530 1929 15945 11792 11495 18119 13457 14271
8885 3747 5769 4414 18471 16197 4165 3999 17382 19852 14627 15018 12368 2991 9938 310 793 16526 15617 11612 12259 16757 16855 15847 5729 10722
12143 19642 3632 10570 14050 7970 1690 7760 14565 16182 402 11291 8307 8749 16271 1161 15823 15380 12330 8050 11447 4325 516 7722 15447 7713
13978 19196 327 9835 9194 8128 8814 430 7663 2363 5341 19814 3039 8631 12581 9671 18836 13796 10218 11390 19467 6720 7277 12315 2242 19811
8646 14534 6546 4659 3767 18751 4780 19341 10117 10362 19879 3495 10787 8127 9354 2006 4794 14868 18404 2958 11740 17495 17280 7300 1599 13619
3698 17001 9527 581 4437 7824 4400 7881 11804 15682 19639 2540 6931 9961 16632 13932 2827 6075 8721 4835 8405 11711 5108 18114 7453 1643
12460 203 11464 5222 3249 15757 3752 18364 8266 18114 16595 5575 4949 48 11305 13963 12638 18316 2477 4060 11870 9558 7776 14182 10262 4469
8429 2710 7856 686 14738 12986 4750 1762 3692 15649 19863 14201 10567 15304 8146 4331 4406 73 11888 1532 15989 4249 7804 3615 6326 10507
10913 8686 19652 17363 13555 8994 19180 9661 8635 18601 9491 11880 2010 4953 9491 13048 4002 17062 1085 876 7206 10917 13295 5694 4717 5810
13769 3619 8643 18540 6175 15847 16351 1861 13337 2172 4533 9126 222 17925 6426 15926 2510 1729 7843 4589 15617 3068 19751 6636 10495 7239
9883 17375 18580 5089 10310 1809 6793 19734 2292 2119 11680 9562 18415 13306 14171 12299 3736 18837 14337 16302 1129 15403 1178 9147 12481 14519
9137 6507 6492 9060 404 16603 8737 8043 18872 9147 14848 15756 10598 17103 12736 12921 9973 19744 8558 6428 19970 3063 8741 1701 16943 5796
17210 11720 8322 13343 13159 6174 7925 8862 10987 5078 12902 11887 15391 19646 10193 2522 2447 14917 5833 14842 6373 2155 19520 9613 19955 8372
692 3158 14381 9054 14807 14338 4467 5189 17723 5635 9318 15621 5862 12419 17806 5140 8237 11108 5561 16471 12252 6956 15872 5255 6633 15425
7560 8909 18721 2109 4865 17135 15874 17132 18527 14215 5824 1671 17359 8078 19539 13078 17445 11747 6145 8848 7839 3345 7287 4644 1228 13044
14122 14850 11289 18929 3219 6524 3631 9228 9329 1089 2793 12574 9217 12824 3858 19668 16825 16825 10379 12381 5093 4431 5977 5681 17133 11349
16465 8630 5855 4023 3932 62 2064 473 15795 5016 11010 13952 1946 5612 12423 16618 14614 532 5227 16064 9998 9998 4693 12261 14740 22
661 11323 1405 5377 12206 531 12274 8584 14374 13423 3474 104 6582 18328 8369 17585 10379 12406 3780 4944 3370 16381 11710 1017 7187 10171
642 10781 15127 6555 12105 18467 18120 8158 12696 10436 17361 6644 19553 3680 10682 3246 18669 11687 13853 3294 1599 12784 9651 2947 5893 19605
6495 11884 18255 4584 211 12962 6587 9033 8257 18099 5435 2130 10099 7568 1507 9872 299 251 546 14040 19231 19912 1985 1386 3984 5533
5874 17608 7524 12682 18357 19014 13219 2203 3938 11331 5640 19250 15422 17697 8893 5586 4847 10441 17497 11438 792 7684 15551 1971 15797 18992
1954 11031 18474 13985 8686 13776 10286 15680 1774 12999 14739 551 5674 6921 9098 18912 19173 2595 7612 5256 19346 7546 15542 6094 15347 8436
18753 19172 10945 13612 10752 1084 5529 16780 16105 2979 11562 1763 12665 14618 16478 13933 13481 18807 9044 1057 1846 1969 12546 3987 11765 9268
16234 8196 8431 4685 15092 2728 8893 17691 14909 15315 561 12808 14365 14373 18619 14040 12389 15568 17895 9697 16978 17017 290 6031 16492 17108
14969 4417 13245 5570 11033 5808 1100 8228 17338 6154 9608 12514 3873 8083 8721 3265 18776 3437 19453 722 1550 3187 3785 609 14828 19806
16693 12715 7033 11810 14943 2321 5301 691 11676 11196 18494 9370 312 3259 2738 17142 7611 19641 11072 858 3086 1506 19927 13636 5586 13185
12262 4519 4478 3846 16897 6648 4480 19376 4247 18484 18978 1523 187 6416 2058 5267 12840 13656 19754 15895 17656 10832 13980 13063 19106 925
6373 1779 13242 12562 3530 16314 2027 7172 14515 17276 14620 4274 19612 17433 4313 4871 9269 12667 6476 5835 5884 8915 8058 7847 15960 11019
1331 9625 19066 17436 10335 15666 5300 2270 7314 1557 11294 8657 8645 12429 8911 9006 8606 10884 6260 7309 11470 16174 10108 15136 8812 12184
467 305 12578 4763 12695 15629 16318 9725 10460 1397 15417 1774 13344 12142 14769 16051 15964 2147 11040 8241 4560 7728 14367 7647 15176 3978
19609 17325 6348 14103 18527 11096 11867 4191 19332 17906 6208 12308 18956 10351 3424 1247 19441 13563 123 9049 522 8399 12046 11251 14014 7693
439 753 6477 7954 8607 12582 7161 19692 15470 4108 1115 4678 7369 11550 17467 9554 10476 5373 7492 5251 13603 17593 3280 4020 192 10538
474 15347 7321 4455 19228 10557 2882 8254 13591 19992 17711 15279 14317 5966 13295 16360 1611 1298 17818 19642 2037 9123 3476 2614 1157 9000
15047 17547 14214 17657 5261 17278 5008 14894 11331 7293 18370 18893 10498 3502 11502 8458 12732 15461 293 10567 5575 14745 1106 15584 17712 6127
4527 9520 11572 13384 16275 18022 15934 14656 18382 5376 8493 15941 8301 5539 6864 11836 14121 13411 3268 171 1609 13803 6054 4282 5388 1423
14311 17374 13612 2625 14644 14623 3640 11291 19581 407 902 5823 745 7731 19845 6716 7184 19516 7839 3159 16901 3610 17778 6224 1334 12787
14468 8040 14784 4574 6116 5825 4136 4142 18046 14634 13424 5728 13788 340 16828 17676 10536 16063 12393 4477 15015 115 4943 18586 10939 11138
18051 1592 6016 3149 15152 10113 3839 10489 19239 13528 8068 14873 15689 4637 3097 5677 5503 18905 7615 3300 19330 16880 4233 18162 10038 15540
9560 14867 4866 12723 2670 3284 8477 18204 10955 14346 549 10941 5683 2839 8761 7990 12649 9305 5265 1661 12875 19464 15289 15826 7910 11777
1341 12773 10383 19545 4611 1292 1281 8091 16609 15126 13887 6521 3991 8510 942 19516 126 16953 3726 12931 3950 5504 5752 5666 6648 14381
15403 5293 12603 3871 5531 11134 8796 8017 15697 4552 11701 2372 13758 11367 18127 16585 2588 5747 14118 16373 11963 11753 14385 3793 8212 6037
6671 11722 6652 17376 16410 7124 274 3977 612 1178 2565 5859 8954 12091 2960 5787 14405 257 12595 6967 14546 18183 16344 19189 4969 14598
4107 14751 15765 9298 2168 1309 17109 14593 18408 3113 8179 16420 732 5358 5721 9110 14174 3017 12779 277 17407 18777 9035 2788 16806 15461
9624 11922 9008 1657 13898 2872 15101 5457 17542 3466 3848 11513 12951 18064 14295 10048 5368 19881 11830 19271 17373 16195 1378 939 15424 17133
16935 18332 9242 6486 19737 6018 10048 8070 5418 15860 10274 8877 2865 1640 6513 17724 18255 3323 11071 16165 18409 18497 4938 7656 5427 11473
19449 18953 14368 1864 6400 11092 9732 1294 8925 5769 9223 8213 18397 17013 7558 16333 8847 430 27 6029 3640 19954 14947 12496 18907 7913
16542 16015 6732 17906 13167 8024 16093 5550 9544 2678 18555 16581 777 5947 2111 17783 7710 1615 15575 18609 11948 13030 4006 5532 774 16603
12796 18705 7688 2995 7106 13605 18005 16034 13747 7979 14386 15089 4455 13950 6145 699 10275 11451 6239 19073 7662 16941 12598 5734 18318 2630
6483 4710 18134 15127 10682 8358 10304 11595 7709 8859 1355 14449 14861 12584 4412 2560 17992 8421 10097 14382 6454 16151 9386 237 6141 8566
2800 12700 10443 6134 8151 3285 2910 10382 17545 16823 19407 14428 10467 9311 7724 16383 14406 6393 12736 7689 6369 9998 16853 5765 9602 3306
13823 5281 3123 18347 14033 700 1987 1334 13379 5135 1255 2470 794 19341 6154 8190 549 1872 7686 14926 2232 12513 3777 183 7323 13263
3862 9071 13973 4305 4753 9078 7844 11900 7282 16420 13439 16030 3290 10828 8893 15888 1776 3346 9467 7098 8453 9234 8627 11611 2200 15767
4657 3139 19972 10021 9379 17766 2937 758 7695 8043 4070 7595 1514 19061 3070 4250 10849 12331 1346 9695 2576 14299 9722 15992 11009 1615
8640 15092 7255 15942 9260 14028 2680 15813 11664 8581 19772 5267 16379 18482 12991 9392 13019 4012 7225 19796 1955 4488 15998 16532 18335 18240
9868 15737 13347 14149 19702 18247 2461 18063 6240 7453 16278 300 5407 4894 4335 9332 10006 10812 9822 15108 14452 2750 16286 16794 14123 1621
10974 12722 19338 9852 8144 6649 4703 12719 6372 18345 14825 955 9899 5800 1094 4198 17044 15958 7591 1765 10940 615 2341 18639 14811 17353
2875 12447 2977 6652 12236 11631 8108 9156 2432 4279 5607 19051 1449 9293 12672 16031 17609 994 11313 14832 18809 17876 9759 12579 2805 4761
10197 9064 1427 15192 536 14389 5231 16178 5336 18010 19406 14413 14766 4232 72 1308 18993 11850 7076 13820 9924 6625 4881 14596 13043 18215
9315 19057 17624 4061 14694 16686 17956 1708 6757 15300 15564 2005 5409 9731 9489 12155 5579 12956 19706 7759 13572 19579 18935 7784 11002 9976
9371 18859 7079 9356 7211 10604 6287 17681 6207 6317 9256 16363 14736 12688 16130 16810 16567 19029 4612 16606 5211 16708 575 9469 17496 15037
15638 6195 4507 19958 11201 11964 6588 16549 5419 11289 7060 18554 8869 9231 8474 6598 2239 9550 13118 15656 7620 12273 5436 4222 10448 12987
15179 7544 3865 16059 9382 18113 9590 4715 1210 9152 9923 6952 13423 8922 5573 286 11759 3065 16354 17395 11549 654 6516 4539 15669 9457
13289 4038 638 13007 12144 7370 19444 10325 16078 8984 18972 7899 1983 17318 822 10182 3075 3576 10192 13472 444 3592 12517 6599 1206 5423
1502 7133 16023 7714 15318 10218 15699 9943 8651 15175 17419 17533 10638 7859 1857 14192 11840 12732 19576 15950 16563 5271 14871 11589 15029 17808
10197 1757 4067 14681 19196 191 15233 6663 5887 8710 760 12844 18592 3537 15319 3638 13250 6117 2888 985 805 9394 3038 6774 13488 7444
17426 18257 18913 6044 10356 18732 19976 3641 8358 11668 18176 12500 16242 6664 12790 19302 17553 18873 15523 16699 18059 13188 13061 16357 11590 5991
11413 4140 4612 18352 1694 12819 9360 13340 4076 2818 2635 16534 4521 10250 1850 4779 2429 16056 3598 8478 3714 8694 6311 3641 893 9196
14507 12251 4807 15312 8897 18241 7342 4623 19019 824 8375 2704 12416 9036 6643 18548 8385 7276 6134 8197 4903 18379 3289 8557 5530 14579
19291 3240 13673 15115 15059 322 15364 1625 13012 13684 5554 7895 5954 7961 13964 149 18074 2438 16541 6359 9571 5654 18151 6166 16126 7281
13883 15770 16296 18460 18186 14587 6549 4643 17222 2861 4316 15419 9208 16718 11634 18883 14919 11971 11509 13610 17096 12319 4603 18078 1016 5888
553 11926 15142 8039 1672 7918 2016 1040 1270 5908 6884 17472 1777 10643 2611 1136 433 6667 14935 11820 8717 6662 2850 50 17885 14964
12461 5114 10286 12030 10913 5905 1359 5179 16330 13709 5581 17898 15254 19675 12606 16578 8507 4071 5987 17266 17495 19479 9940 4501 7841 14212
13 12850 17111 7790 3402 17131 1423 19333 2904 14538 12612 15815 9030 6980 26 9148 18401 19148 1915 403 16715 17325 6539 4286 18497 7335
13082 15422 14176 2810 9473 6658 7552 10270 10002 3613 3811 11359 16140 19246 13413 14648 7350 18089 1438 6100 13611 17149 1204 15906 10276 18481
4193 3402 8407 5562 16049 16910 17044 16935 7109 18970 13878 9016 12256 4882 9820 19307 9316 19303 15672 5418 2654 10181 7351 7981 5729 15719
4712 2786 11313 2785 18990 6803 6016 8244 2396 14907 11774 2425 1185 15141 16164 17452 333 5524 1504 3643 2330 10152 2928 8531 1502 10928
18606 4548 2847 11757 979 12498 9508 1328 8076 7632 11206 10637 2642 17519 17854 3499 10498 14850 19333 5491 5059 3010 1628 1571 6399 18592
16254 18574 7363 4016 8278 9585 1723 11365 17549 15086 2252 15259 18587 5828 16298 15953 5746 10215 912 150 4259 11337 3047 3612 2556 4592
2671 4689 19441 2289 15799 5707 17803 4720 11846 2570 1101 10695 5668 13994 322 12654 7377 205 5851 2079 2822 2370 8834 16287 19692 5195
5592 16284 18123 14439 1521 11493 9859 2653 7573 16870 12822 1609 5376 8835 12442 7283 13033 2037 7917 11876 12120 13119 14572 3349 8091 5786
12762 19884 7813 2580 16038 353 2796 7928 19521 19922 11388 5177 1214 12687 19032 2072 8531 7564 16482 11437 6617 3073 6203 18342 12463 1691
9823 14870 11655 6830 408 18417 19781 19877 5340 9397 14686 2921 19435 8130 19270 12844 19123 6471 5882 15867 2833 17160 3574 9789 16407 11222
18719 10450 5312 6946 5513 11280 14080 13667 10733 18860 10295 285 9733 9206 4762 13382 19809 19730 8269 13348 16919 1375 19792 15770 14138 9876
13296 1638 13240 12458 15607 19704 15313 3779 16501 7325 4663 8729 4642 807 19487 3534 17502 15885 10816 18622 9340 10690 17164 6372 11101 17509
15731 10519 6825 7999 2683 7071 19334 5430 8255 8796 7194 17480 2329 17361 15236 11774 4763 2669 16664 6088 3540 19796 395 18795 6639 14535
3923 11548 8494 18980 5802 15092 11310 4116 4646 15351 1931 15246 13979 8672 15438 7714 13372 9234 5664 2373 15648 1819 6367 1141 229 19914
3209 6062 16849 17175 6933 18157 14918 9699 8946 14230 13337 19508 12296 18758 7499 4653 9808 5067 5688 8642 7234 13719 5689 1661 13531 13780
14566 14149 2957 9071 8030 18585 7349 17619 12289 1187 17225 2645 16242 5717 9939 12821 18866 15700 17642 17333 2269 15713 416 6947 8390 5839
14626 679 9745 7001 18493 6735 53 19263 19304 10122 4845 2006 11038 14715 18658 16831 19135 4825 18927 3127 16081 8422 5233 16912 13467 3039
14211 4089 15678 14130 6202 12737 18257 8200 15475 18194 563 7348 3790 15155 7676 3842 12865 17059 7330 1496 1371 3457 162 5873 8321 7535
16114 15678 13175 9297 12973 15197 230 7777 2970 4796 17104 10598 9702 3279 19641 12262 7657 2109 19545 17005 12857 14282 16089 9927 8405 7575
9825 11818 6331 10125 17205 13876 13413 14444 18754 3340 6301 14334 18752 538 11385 7324 12611 16889 4650 10409 18137 6348 5402 12935 4363 1185
8372 13888 8433 7490 2252 17497 17564 12288 8638 5394 18444 12796 5448 3806 11154 18814 9805 15088 7022 16967 5701 5553 5612 3183 2929 10307
7428 9369 1693 11017 7603 15093 3586 1336 3923 1293 10189 12431 8836 6571 18726 4516 2161 19678 4390 3241 11895 2870 10733 9987 2489 3318
2262 17513 8837 2966 9732 11620 813 13618 18132 6633 3175 14929 2827 13315 5329 12264 18312 6449 16258 19606 1957 9292 9102 3716 4012 6275
186 18904 429 12796 8017 14993 137 7855 5828 15713 11561 19912 762 16514 15578 11624 6731 4840 14937 14358 13802 4369 18370 12566 1668 17833
11661 8312 9120 6959 5330 5720 5425 15424 7996 16998 6074 15268 5533 17097 8082 791 16109 11046 14840 1670 14018 3040 12720 9951 712 1966
2283 11761 14058 19220 13311 18257 8658 362 9986 18079 19440 11032 4268 1011 19342 9892 8552 2081 17941 19279 17945 13108 387 5764 16902 4336
10574 5743 15826 5915 12617 10406 5016 4170 6997 4212 1414 16840 4115 10260 6788 190 17246 9279 14804 18926 19945 15089 7971 14981 7266 1600
15633 10454 7813 7535 11492 16790 10593 4679 4218 11355 14074 16593 11282 1167 11767 11044 6939 15222 13761 10190 9930 10650 8003 1463 5285 3678
8911 8528 5316 1048 17099 7307 14451 17392 19770 5571 1102 846 965 12479 2849 16176 12404 8088 7574 13850 13643 742 5938 2764 350 12777
19538 10369 17876 9531 14717 7010 7245 19975 5565 19961 13733 18017 7885 19152 11549 7800 12234 7073 2048 8576 18366 16342 298 4235 14260 9444
14212 14045 5088 2692 14121 5870 6973 12067 13945 15234 5056 12517 6551 18157 11279 828 3662 8755 16035 18041 9618 14549 16913 1659 8440 14408
16299 10527 15174 19761 16160 6214 7347 2241 15341 11293 5448 8918 11749 15974 4551 11251 12510 9623 11741 1196 18065 9634 288 2708 18598 11928
14972 2005 13993 5263 16468 6179 16819 14774 13169 10999 9726 14222 1999 3826 15953 10098 12154 15659 3178 18049 15187 18498 9631 11498 13831 17508
3418 18886 10328 4542 13134 8167 17415 10436 19599 10296 2761 10002 14869 4825 19633 13847 16685 1640 7648 1664 1390 1387 18303 5517 9985 19017
14772 7174 18151 9680 7764 19361 18530 18785 4674 9343 13287 16939 17303 10845 5558 10419 18289 2157 15927 16091 5766 380 17467 8681 16438 19687
10996 3996 6765 18627 13184 2569 10812 17482 12344 17913 14643 19468 11034 5394 7615 12477 2554 16032 11958 6335 13127 19004 11554 14702 15981 10550
4676 14738 2244 5359 9019 4414 15838 10437 9198 4850 11031 4784 14945 8433 14285 28 4006 15163 8574 11086 4136 16261 1538 2688 16025 12665
11304 6519 7211 18712 6370 4963 18886 2124 5939 16566 2070 1525 14527 17826 3795 13426 11660 15330 1643 17247 11758 14978 16625 8422 17257 12057
415 8037 13158 18001 2726 16413 1906 6818 14615 2094 6103 17125 1373 10649 2800 9617 6094 1143 18547 10484 12704 13971 14102 15510 11654 8614
15641 11151 12140 16111 2648 4302 9820 7784 10934 13352 3909 2277 5460 18554 7776 15063 1064 2880 1564 12763 12723 17146 7437 10148 15129 2215
5542 13587 3888 1792 5216 5768 16748 19489 17701 3244 12204 16745 18508 602 4893 9215 10163 13849 3887 3839 15780 5586 1278 19692 7808 7824
14095 16834 10089 19754 19095 3755 15108 7243 4046 5412 16296 12701 12301 1423 18167 870 9360 1402 15350 8233 498 6909 2980 13750 15499 7515
3163 16015 1822 6260 6396 10459 2457 3347 2941 5707 11031 16034 9842 3335 12479 7830 19830 17529 56 7257 12950 9217 9923 1028 2137 3689
3865 18200 3686 11339 13092 18837 14037 5798 8017 3295 16531 15460 17033 12006 15376 15077 3070 1789 1499 19208 5165 2741 2495 1801 16191 18800
18076 11245 8661 7683 12957 14287 617 4356 5372 15936 13545 10073 4580 9091 6496 12729 19386 1803 9761 19002 12037 11791 1415 9587 16529 10694
14143 5620 625 3836 12292 5701 3030 4789 4579 10317 8831 8513 18998 4544 6469 18098 8721 2403 10846 7922 11066 3035 18541 2305 10674 18263
19613 13364 7649 6850 16027 19978 4994 7366 5241 11361 2391 3049 14752 13142 14241 671 19766 4788 3185 1241 17032 17302 15453 12540 9694 127
3928 738 18185 17352 5746 17007 11885 11071 8877 6339 6796 8125 7364 13552 4969 12382 1731 15632 8390 19722 6365 15037 15284 8972 7217 2642
10049 4993 17895 14441 12572 306 2256 1392 7735 3074 3655 10049 8811 15516 1116 16720 4827 5634 14436 19812 8453 9872 15233 13411 3713 15170
2484 13777 12859 15971 8707 10783 19410 10406 10457 14240 11511 15331 14715 16041 11325 18153 303 11699 14890 4002 8395 8612 727 1343 16865 2457
15139 5792 15965 8450 9015 2726 9447 12156 3436 12651 18300 1233 19990 16817 15474 4759 13523 2334 3843 4625 9618 1819 17902 10062 1765 14462
6064 1149 535 11780 7765 17727 16871 17474 11358 6676 19946 1522 4003 13493 16188 18834 4361 7556 18905 9312 3420 4824 2527 13487 15987 4166
6776 13182 14078 12452 15522 16338 18550 3992 394 5506 14613 16853 4801 16984 8381 15451 2564 15391 12493 5614 6780 14395 13672 6031 15098 1545
1285 6992 17857 18663 17965 7947 13254 638 9253 5480 7179 16725 4992 9469 2283 12464 10427 1741 2379 5481 17168 8813 11345 3616 18830 2148
18539 1849 2902 16299 19635 834 8302 12493 15024 18584 14431 2779 6814 14989 1898 15721 18431 17774 14870 18430 18997 7163 18154 4687 8797 14532
8643 11017 17011 16429 17719 394 8616 15089 8496 6920 16898 2377 13412 18308 18243 12365 14038 9795 16855 3463 12989 1257 15874 8532 13523 12116
6596 13902 19468 13478 4750 12316 14950 11727 17860 10978 14325 15744 10023 16258 7926 14448 11811 5291 13936 13092 6606 19021 15516 4043 16378 17616
8988 16133 1830 935 5586 14847 17784 16028 988 8813 17417 13612 7621 382 9737 10286 4984 1174 12906 10828 19514 14885 8562 4119 10660 10906
1330 11846 5616 3659 12296 9200 13852 15588 18915 12021 14043 10419 11111 16490 8687 4345 12028 13222 15658 11612 11693 1482 5223 3659 11428 5875
19995 3052 15201 1718 14583 4346 15311 15561 5742 5050 8318 13996 19099 12962 1178 12184 6995 11696 3878 2069 17863 9488 1504 11735 4338 11164
356 13156 18608 8131 10342 3064 1553 14057 17774 8872 16638 4091 17806 9263 1576 10076 2899 6463 18336 14714 3567 5449 5461 2875 9057 7727
14199 4551 14058 5882 10470 3097 6013 4641 3118 4760 12974 6620 4466 7041 6100 6944 4475 10233 19129 801 6158 11937 17675 15110 3013 5431
12086 7666 4637 2971 6256 18829 17330 12297 18919 11785 765 17925 13831 1375 2341 19448 4193 15283 6144 17973 15390 512 18045 7085 15813 13344
14629 17099 773 13311 14367 14032 7510 821 23 17235 17449 2234 4339 8707 670 9171 12235 2696 13123 12499 13567 11432 7733 13259 17609 10987
7138 11187 2150 5140 11103 3600 7238 2834 19364 17842 8674 18152 5189 14464 1628 11180 12553 6125 7806 19670 6111 7075 10949 19007 706 4892
12077 9522 3244 11076 16323 10820 9813 8574 15704 19557 12115 3654 15735 10900 4120 7920 8387 8163 7972 15189 17760 14098 10091 11186 8707 16209
5153 2492 4856 17520 1804 10693 6565 8963 7477 9491 13654 16182 2662 8028 14151 15583 13533 11228 16783 13371 19681 12716 14840 7005 4306 11267
1170 11694 17633 13176 16951 18412 5477 15456 9799 10472 16091 7176 10382 17870 2389 11385 2181 18820 6511 1267 6801 8656 7465 7777 2149 4501
17261 19545 18248 8361 11510 17544 7216 16825 880 8119 3996 19693 13027 5783 5913 19443 16462 3904 14864 14492 5050 17872 6684 14761 3549 4328
11665 5367 177 14526 6167 11149 18156 8273 2024 16863 11516 5999 13617 9837 18825 6662 4671 5762 5599 3398 12485 12094 8121 18152 8670 12159
808 17354 6968 12310 1770 13295 17521 619 17692 9391 4456 6278 7587 12929 634 10943 19339 19135 12843 1244 10532 18585 19906 19991 15228 7897
1500 12969 2018 11039 19184 10457 12335 3681 18778 16793 10697 5090 13071 12413 12408 10511 7272 15672 15225 2552 12971 8737 17730 2919 6619 8651
5530 2715 11400 11594 17675 12530 16393 7929 7365 2155 16371 15786 1558 2129 19341 19382 18839 14740 7643 18906 13499 17974 11513 12286 19393 18312
8689 2488 5479 3797 17848 19153 15945 7670 1253 11760 18896 13164 13935 4242 1465 13737 3232 4950 15170 1163 8986 9665 19667 5117 19933 5859
8374 11699 11950 15071 2449 11689 19542 6919 11018 10511 8946 14709 8444 624 11645 12100 11318 4321 1346 13171 6597 10483 6212 9022 5294 12465
1485 11307 16229 13647 10686 1548 8705 10480 17112 18848 8790 17156 13213 1256 10461 16634 1559 13816 294 13728 14234 6244 13754 7420 18405 614
1569 2507 11983 5003 11835 15478 19737 163 2051 15758 11722 11224 9320 3969 8104 14482 19014 12551 6206 13464 7264 33 6777 11158 2840 15202
1100 13448 8175 2161 14753 4713 1279 9280 3457 3273 8806 15560 10174 12748 7666 17191 12285 5674 10120 10234 3065 16900 17516 17099 652 10008
17411 17290 8812 7043 16910 8690 15809 18706 11020 12133 7195 15160 2131 7106 9483 14742 16449 9228 14740 100 9793 16456 19567 8926 18305 6157
6420 10424 10522 19803 8581 10314 7613 8860 16102 17637 13147 14665 9128 16350 4038 10278 8857 11216 10541 687 14660 8053 9073 6651 5244 18501
4890 5658 16954 12786 4421 8759 14954 2252 7190 2381 7595 8608 8283 3272 10802 3166 19891 16845 9881 13210 7433 4598 5070 590 13552 1872
18735 12659 6457 15429 15641 10405 18618 4027 5740 7562 8769 10701 4028 12372 14524 7745 8587 14472 1933 19555 16315 11262 15555 5946 5258 4999
13901 13562 4588 19258 19458 941 11524 10391 9637 12309 7197 5514 4990 11643 2496 16758 11102 12296 5307 6703 5951 2301 14731 9581 18263 14263
12166 17800 2366 3414 10635 17055 16416 13262 406 13310 2313 15251 16432 6322 8750 7308 9800 299 9622 8930 10451 16623 6457 7571 19644 2386
16973 18322 19339 4552 4173 1000 1471 17999 4776 18116 17479 4085 8835 13656 9686 5386 2737 11348 11210 6368 14618 4900 13147 17666 10164 4109
14 4154 16189 9295 81 4486 7402 14435 8551 15845 10388 3718 17376 12049 10900 2875 5331 11226 14525 9944 2287 1602 6937 19421 596 1066
14857 13176 16695 2810 1241 12324 11921 5421 19646 7006 8128 24 16407 16905 19463 7423 1879 3629 1594 12042 4103 15009 12912 176 9793 11604
18746 9292 4661 19465 5400 18356 7670 16571 19645 19739 19639 8954 9765 16714 902 14433 12891 3267 19753 11792 16445 2223 1039 3796 3863 18591
188 10398 9042 4492 17729 12343 17597 18346 14337 11816 4996 12843 17974 3367 5964 2275 698 6103 6539 16761 18928 857 3451 19116 18738 3863
4225 15527 3470 1815 8348 4399 6582 3759 2816 18521 14062 14832 16573 8818 16920 12537 14313 4229 11888 16875 8279 6942 12574 13848 12622 11343
337 7073 8452 6101 1003 19349 8151 6574 1598 7943 17558 5773 11858 12655 10671 10140 4152 9081 10473 2834 5522 15173 19013 18054 4114 6607
8710 12439 7367 198 18366 3745 950 19885 13453 2195 13111 10822 7715 9962 7557 12680 8056 7331 9528 16239 625 11600 649 7914 19033 7673
4204 19943 14752 17860 5425 2401 7765 7914 1880 17585 19624 17676 12798 8655 1750 4852 7951 9316 16823 17619 16804 5207 17368 19930 12687 16525
11656 16714 14997 8988 3350 8955 3839 9702 13342 9886 3981 4131 12638 8974 8223 19998 8166 6780 4639 15824 9089 9388 5262 9699 94 10320
9746 307 13768 7464 14942 10566 14153 7876 3543 797 4549 11776 6111 7076 14079 8571 1165 8247 16643 7836 4188 11064 12133 19459 19837 6560
17353 18850 2436 6741 13294 3259 4347 2664 13529 15085 8927 1636 1453 13803 6298 8072 4699 12284 17062 10226 5529 15200 14410 7295 5508 5291
7968 6733 5021 7730 8024 4592 16932 8616 6149 3217 531 11434 17457 12580 12131 18484 2792 11583 17331 19824 17294 6597 7016 1055 13859 6934
10455 9184 7076 17471 6393 10070 16547 8660 11667 17389 6711 46 17845 11505 6076 9024 7239 16832 2447 7661 389 17198 17253 5102 12658 298
74 16056 1428 7259 19546 16642 1583 18288 509 4293 5647 14264 3320 8269 5248 18179 15935 12927 2509 9444 6261 11669 11448 13813 1772 14543
4831 15018 19083 9054 5813 13705 4421 19293 10803 2948 2156 12170 4796 11849 10050 15645 16752 14876 12621 6177 1377 16522 14248 8195 1194 8358
16996 7861 1359 13570 6226 5250 963 8747 9866 6101 778 4192 928 12236 1572 7935 11537 5159 3345 15782 6681 16375 1004 14511 19692 16692
13374 12049 3634 17814 14276 9667 1806 5318 8736 13539 12256 12617 15883 8519 12328 5540 12245 11472 18130 12575 4127 16830 19356 15481 9069 1559
5012 11899 10464 6234 17579 4238 14248 10025 7729 18585 7656 13526 11274 1062 18313 387 19300 15095 11028 6249 19 12754 8572 1168 941 14974
9378 3996 7545 2960 3311 1259 4356 15284 10491 4158 5222 1617 1332 15552 5513 19704 7857 7460 1071 6281 133 10198 3312 2112 4522 19979
1099 15285 8956 11102 10725 19501 4429 12170 7498 6316 19404 13023 11660 3902 14836 9829 3165 13042 14509 1319 9654 5607 19165 13895 17057 19538
7408 10887 17598 5074 12337 12875 9433 13505 2734 6339 1973 9601 13984 985 2725 12202 6372 17307 18759 7097 9180 5093 16830 9943 445 17195
3487 14725 1568 7621 6516 19357 2197 14833 7186 8297 5361 18879 2216 14433 2424 11914 10556 8670 10096 2036 10944 4016 1107 12237 16133 17729
15428 19150 10999 7462 6983 7871 828 11987 19565 1355 10665 14455 976 8529 7463 17750 6145 13563 16256 5814 7291 12961 1642 11052 4594 5198
1871 13913 16092 9083 1345 5821 19759 689 13630 19001 13081 5408 2619 287 8145 8059 9692 3588 1204 18567 13646 5754 19551 13955 18536 18297
8366 4589 5684 2218 4675 17122 12820 11486 970 7789 3267 9812 16435 17680 14281 9851 16138 15414 4047 9416 6703 5188 8101 13649 15425 6880
7522 614 14720 8822 12974 4525 7125 15026 3386 10145 12612 5187 14153 9752 3591 5325 16039 5287 10338 1656 1266 8624 14741 5111 16549 15666
8411 16333 16393 19370 16599 9784 4309 17097 8582 17383 2827 16821 15993 5615 5548 2745 1147 16208 16045 646 528 6774 8484 14333 12010 5660
5783 6560 2817 18851 4593 9359 3793 17937 4230 3670 12981 15860 19784 1893 434 5985 14363 11555 17651 2078 18447 3609 7754 12882 12668 13324
9692 19765 14142 15519 9073 17389 14526 3549 10301 7543 5802 11524 2261 6476 13380 8557 11510 13856 8353 7054 11554 14404 1485 4493 5646 12256
2000 5341 5989 5333 15655 17615 13991 14490 5295 10375 532 10479 13482 7068 1531 14088 6025 17434 10354 19699 11410 17096 11582 2744 9580 17875
18412 6713 2569 1937 7175 5917 10833 1047 2524 4355 11529 14268 19771 838 3340 11157 8544 16692 10940 5406 9552 8507 6005 15453 19446 19847
17102 2359 14489 2791 4758 2188 18273 12764 17168 1875 16169 6932 11700 5852 8743 2834 5106 8255 14048 2910 13182 10172 14375 3465 2561 16991
19510 12916 515 4820 11483 11229 5931 6809 9744 4040 14554 10024 5192 19909 3495 13982 13239 8030 13334 2994 4150 2682 13673 794 17037 13868
449 11495 6976 7303 17664 573 15632 17456 17571 8652 5751 2281 15775 17316 14676 1781 6180 14707 17563 18896 468 5654 65 10425 19251 5374
2237 7919 4482 19769 15990 17902 13984 14305 4208 1753 3213 8231 4679 15319 5744 14528 17963 3943 83 2093 17860 19487 15837 16433 14001 9288
19093 18839 5792 15584 8816 17164 19624 10912 1893 2696 18038 15019 15515 14298 15673 6042 4248 17236 7422 9920 9463 18140 4741 10811 19737 14824
8860 11799 2561 12408 4503 5525 10738 2629 18565 8613 12871 18238 5417 15675 17691 7508 4055 8930 8722 14924 4093 3259 10027 17128 5115 17765
348 10912 17228 7815 1133 3364 18001 7785 13559 12517 424 8055 18515 15333 10015 4814 6926 9157 6276 19215 3580 16883 384 19243 18364 17577
5805 14864 16098 17172 3158 5782 11928 15048 10106 17927 6784 6293 3793 17171 4777 2080 8606 1273 19610 1752 18648 18116 242 4328 9931 8360
1844 7374 18212 14666 18693 19222 4643 19699 7539 13372 10422 14485 9735 8394 9571 16499 19131 17842 3377 4190 12993 8807 12114 14938 8923 17384
15823 12794 7260 12661 2321 5508 6719 17098 3050 5994 14445 3535 1565 1166 11342 10781 1862 5189 3867 19791 8713 17597 3521 12803 18169 4668
1203 17949 14499 7027 19609 15921 7833 11959 19897 19276 3041 10483 5864 390 6006 329 7783 2194 9033 13524 4273 13687 5595 17988 5952 17962
10058 6870 15652 1025 7401 16449 15017 18025 4863 1791 8730 10741 11552 12315 999 19600 6519 5545 12444 12485 13606 18023 15926 662 13186 19095
8342 7252 19251 5955 4228 11989 13040 4345 10279 16584 15121 943 19225 8768 17093 18095 8919 8988 1496 6701 19210 7826 6542 16948 5814 13972
6640 7421 13087 6716 11999 1593 5981 19295 11431 8936 3839 7378 11952 15004 14540 5680 16940 14860 17740 5746 19210 17280 19036 15606 18093 5148
2941 10040 15002 8585 2962 312 16820 1068 11676 17144 17788 13696 15663 10984 19330 4613 4038 17910 16130 6144 2906 4168 3092 17889 4181 6092
16104 3802 11982 8535 16224 7817 11222 16785 17204 10495 11428 3510 1024 4817 9990 12806 12826 7658 4650 5214 10641 17272 7597 9003 16980 12756
13949 8305 1414 4146 10916 12241 3489 3663 9818 13643 6939 10707 3946 10564 10883 167 3091 14138 1229 8611 19265 9739 15311 14003 18728 14980
16894 9752 11675 7737 16697 2325 9039 7210 11773 18986 10821 8731 18659 18306 10357 9534 7519 4148 12035 8039 13249 14244 16806 17966 15753 1568
13021 10982 18712 3345 12331 15430 14886 13061 16481 13016 1137 16076 7964 4388 7798 17703 17830 13760 17282 7211 11576 17145 6076 12900 4778 15259
5780 4354 19565 3324 15555 4417 5606 4313 14252 6415 13462 10891 14402 1137 14802 4709 4284 14122 12359 11053 16379 16126 19479 5620 18496 18735
3126 8667 5201 16203 6398 15379 2745 18082 3498 837 14640 16293 11367 2883 10956 15084 14863 5236 11976 1225 10827 19054 2663 6602 18064 9795
