365
61 82 84 74 78 81 65 61 89 76 50 22 1 85 6 7 23 23 42 45 49 48 25 9 98 54
5607 7502 13954 19294 7473 5837 4292 6198 17768 4624 11295 15531 2815 4791 1848 8058 1162 3824 6074 10436 1768 15717 15707 5275 16190 1622
7222 18924 10983 11612 17676 12229 9857 16564 13208 15026 15134 1871 7561 13327 4164 18523 4377 3514 6885 19060 2676 12075 12951 18622 18561 16863
4838 9231 10495 19992 7453 7508 6504 12295 17689 18953 11555 1586 9778 7831 3700 6859 19632 11917 5374 10979 8913 7355 16636 2726 11718 19506
1031 8950 7495 14859 8778 3481 7227 1678 18031 6949 359 4664 14539 14840 6036 5403 940 18908 181 14630 17048 4609 15112 10824 12613 10798
10462 5883 424 9266 5226 7655 6162 14446 19314 1001 7044 17059 15615 575 10452 13255 12818 8720 2114 14878 18505 6049 13251 737 14263 12728
3342 16131 214 16734 15631 17761 9642 6388 8703 10835 2046 14058 12808 422 953 13412 10146 11070 18804 2574 19986 2833 2215 17033 16307 3326
6786 4337 7471 12405 7745 8282 1612 16944 3743 18558 9772 8481 9252 11207 11759 14581 6201 19208 8019 2070 17549 16786 2460 19675 19346 4679
1731 6746 17730 983 10479 12872 15756 1614 11428 9492 12471 11763 19079 14545 9164 12337 14698 1700 9025 7754 19260 7992 2093 8411 6585 11215
6876 19131 3119 4126 11482 13271 13137 4486 7637 13263 8269 15553 7694 11128 18995 1881 5158 7446 15405 14534 17847 6122 11402 17780 15432 11309
17701 14184 8395 5457 4999 1772 1569 4895 4662 3214 11866 12212 3957 14074 3748 4140 7474 6318 1574 10665 12224 2556 9407 4646 15825 18580
12053 12816 10017 10018 18023 9761 19090 14247 12563 15964 4186 15547 17883 13346 19404 15534 7957 19452 2686 7604 1126 13625 2294 1301 19077 18706
18696 13250 2070 6530 10671 6175 10172 1232 5492 10579 3549 158 11317 5747 1522 15120 7341 3362 9136 12308 10072 11910 18074 10469 11777 15590
11088 4941 8065 17980 15435 10 16940 14082 11567 12542 12931 9268 8410 15290 4301 3344 2352 5593 18122 7560 16255 10271 9596 7820 16654 7067
16311 15310 3576 6500 19996 14052 16562 675 19954 14304 16462 10855 18552 2398 7164 12907 14219 19548 1468 8358 10062 12269 16318 12101 4056 5282
14121 13125 941 10696 13343 7479 18443 10702 10956 9227 3080 16461 12738 18425 12299 17948 16305 1688 1810 19330 18670 17090 14763 13362 18441 17783
14797 18971 11651 7012 2144 1643 16489 17812 6860 14994 1621 7746 17407 6534 311 15502 19353 7457 6632 17111 4744 6764 8185 19447 694 13140
19157 17001 12382 8023 4180 11893 17643 12923 3452 18502 19958 8364 19792 2765 3650 10711 8552 6693 12667 8235 8136 18908 685 12266 6016 17483
17499 11499 7221 2929 16569 19246 7023 5285 4652 17479 15079 13535 16986 14358 1968 15237 16547 12447 15820 13799 6385 17112 11739 8511 19981 13526
1733 221 9367 16039 12243 18605 11068 5812 19327 18667 1365 13947 830 8026 849 12727 14904 9136 11195 1328 16594 17093 16251 3013 2918 10729
14255 8568 17429 86 19616 13513 8956 9512 10782 3178 19717 18362 10552 3317 16167 1845 10448 1515 12943 3148 10122 12613 8704 15085 6723 16303
9969 15483 15200 4808 12608 3361 12297 3278 18843 895 14291 3421 7005 9946 19933 5825 5939 18556 12893 19973 18097 13159 5101 5627 993 11395
18101 1408 10010 1596 2044 8583 14497 5168 494 5846 123 7598 12289 13300 9696 4774 338 13408 10059 1679 6843 10289 19964 19402 7890 18589
245 17700 2737 3634 6254 6458 1454 12443 10500 12139 13152 6346 4533 18155 523 17920 8928 13197 12810 7166 7247 18646 1177 9457 17938 8448
13088 6768 6735 13435 7666 15633 18761 13677 11829 6736 18954 15921 13595 4753 19726 19187 782 7115 10438 10228 6308 12002 4641 17495 12708 18129
15388 4711 128 1553 3856 18611 11223 14132 2411 17621 14843 3184 12042 2515 16068 11893 11781 15181 4555 10203 6289 19856 2187 14559 14924 18788
4744 19837 6803 2343 429 14970 13349 13745 11684 17355 12564 4041 17532 4066 2350 7434 4835 11832 9001 683 8567 1500 8865 6034 18224 271
3559 12536 15169 9198 3663 4759 19943 6225 9502 7609 13141 985 2111 17811 17319 5418 3072 3641 7706 3562 17620 15392 6483 18575 4484 5871
16810 8132 5256 665 6372 18615 18393 19047 12209 8028 9220 5903 5769 17931 15095 3705 6613 5123 124 12929 13654 5386 2757 398 401 666
15632 11 4016 12385 17668 15096 8293 3473 5537 10529 6342 10898 3985 19068 15049 6075 19749 15971 163 5931 2807 3447 11778 3135 15655 11718
3715 10325 621 15721 1405 1468 16503 17618 17922 13775 2865 16854 11198 436 19448 12392 10964 3312 3210 4781 6432 9360 12698 14577 13300 289
13654 12646 13085 7248 18256 14205 16986 2683 19345 3553 13883 7085 10499 12315 9390 12720 18226 19041 19612 11357 14646 15683 11749 15542 14428 5079
7559 13590 8148 1653 16053 1912 5141 19059 9087 1937 18226 5758 3938 11890 6855 15253 5359 415 17411 6454 315 11188 19911 7294 3613 4482
19434 4222 271 11475 650 4253 14730 15364 14478 2277 10187 5788 114 7825 6384 17543 8731 11366 12313 10734 16164 5891 13742 11338 15386 16169
15028 19326 8196 3823 19030 15195 3241 23 14640 7163 14775 17239 11504 2783 5732 10385 16927 2867 9589 10489 17095 18032 17297 17919 7571 17780
1713 11818 10101 19938 4590 5739 497 17615 3878 13557 4308 5084 4931 15995 19813 861 6185 163 14947 8501 15537 7216 8332 8316 7097 12600
5730 15232 18135 13797 15863 7760 15715 5377 10226 11964 7444 19250 3413 6273 17911 17219 11459 6982 8645 19916 14213 18983 14404 7716 7630 11350
7532 4717 8481 12626 12004 1400 610 8338 1 2694 3202 4779 6255 17495 1405 4169 4649 18498 11212 5664 2715 16715 911 4907 17126 10150
19250 14779 14528 212 1843 4520 8597 2613 17992 19221 1768 6801 6980 9394 7049 6443 1611 17178 13928 1256 16454 5390 19479 16598 3914 10972
14624 16451 435 1345 4395 9677 11418 4519 13584 13141 7512 8352 17640 17546 18091 8515 8266 15920 2439 6867 8042 9099 11218 12620 4050 13684
12516 2773 7600 13062 18022 6049 16351 11262 10434 3718 2685 1925 9758 9384 5354 5332 16623 16767 4411 11443 19077 4898 4977 16334 19351 19597
1057 18619 19087 7635 3966 13472 19279 12885 18765 8884 6194 15453 12270 9828 16015 18948 4648 11445 19650 16199 17987 2443 2961 18511 5491 5646
19717 9453 9742 17559 9199 7695 10811 10967 5388 2428 4068 3939 7473 11860 9432 11834 2450 867 9993 16181 7365 16098 19346 17686 4809 19772
14174 12504 15595 12414 11534 6005 16800 195 17577 9014 19894 9936 17748 10009 14936 10179 17790 13839 18762 7406 18684 16615 93 9704 4821 2840
1996 17331 14954 8825 18123 11991 10236 9988 15175 18537 17257 17104 19364 11881 4687 4108 13714 10800 9677 8522 13024 7293 5752 12351 13143 4582
224 17560 18549 15064 9356 13585 42 10204 19012 4104 15409 14158 7940 17553 13100 1472 4461 13155 5306 6722 8708 16677 1708 6375 16385 9740
6558 17185 2350 10403 15523 674 14134 1856 7226 376 13278 963 3789 1190 2731 8218 17314 18279 17080 12581 17331 6855 4734 18492 7512 18746
15693 12299 4562 3698 13915 9095 5479 14275 12223 19270 1325 11104 3867 9359 18904 14473 1237 8657 3661 10538 18228 7218 14761 7323 18075 7870
6779 13615 2892 13237 13346 425 3136 5962 8613 15446 4485 2801 17485 4175 11192 996 857 6886 3636 19526 17574 3583 8069 5289 10720 17938
8136 2664 1610 11446 9430 4584 12451 7238 16277 18602 7386 17980 3423 2054 4530 8133 19963 10295 5814 12535 3678 18105 16782 18644 4332 5484
19411 1948 14726 15140 19974 7564 13375 19756 8051 788 10250 14800 10699 7693 1668 13141 19498 11976 12881 11444 3864 15415 15138 7605 6178 3932
14323 10426 16037 7091 2602 7434 2638 18963 16785 9131 7850 6291 12123 6581 5988 698 13005 17094 29 18036 11614 11096 17113 494 11856 8512
144 15275 7992 8951 12403 4463 18736 801 10380 1705 4868 8183 9639 6370 7106 14161 13721 9480 19506 9592 18467 1984 10388 15207 2258 3559
8102 16326 14265 18578 12325 3985 7502 19989 8130 10567 14040 16338 7146 13688 2939 7302 8971 858 10640 18150 4451 13429 9436 17068 19304 7123
2338 952 19539 11674 4773 19577 4822 15760 15899 186 14467 8031 10125 251 6115 16821 6875 7422 4219 18306 17551 18105 7400 9609 18028 1601
8384 9552 1573 669 11826 656 7321 15951 14512 165 14801 1772 417 17539 17948 4619 5044 19622 15409 14636 18205 16174 12610 8885 13674 11141
9426 1829 11296 14114 13534 6989 21 146 607 15758 17955 17694 14038 13285 8154 3740 515 4782 18331 4838 11012 12971 13337 1920 16543 17414
11539 2106 10441 6778 10311 10554 18523 18905 16007 10645 12474 12606 11003 4114 9131 1114 15882 4061 2667 2466 3636 17224 10781 144 6961 2172
8315 7084 14857 6455 3615 4461 3433 9777 7686 13785 3283 11184 1496 17732 11729 18809 12393 16178 2673 5437 18388 70 7823 8193 2626 8994
14509 7101 10567 10526 16741 15208 18189 9064 14087 15614 10608 5385 6626 12389 10278 4941 11168 4158 10458 3492 3975 3497 5278 7141 2836 11197
11996 11154 13971 3148 18433 236 18934 3022 3492 7913 882 7243 6184 15138 10506 3385 10864 11813 4458 453 17275 10795 1898 18923 16785 4974
14455 8787 4496 571 8736 3706 17786 17648 1010 2536 17033 5745 2937 6236 8214 12189 16971 8083 4599 5952 12505 12373 929 10454 950 15976
16369 17659 210 8412 6285 19889 9683 10482 7708 2978 681 12228 15817 12591 19860 11604 6080 7967 17297 16881 9794 8964 13336 826 4315 16453
8518 184 6339 8902 7302 18676 1765 15209 17403 16783 16915 13576 48 6179 998 12457 2115 9916 4521 17637 16766 8328 18354 16215 19090 11134
16606 987 598 12746 379 6095 12488 15872 10822 3290 4381 5079 6287 8936 23 8816 8247 6698 13800 5451 7542 15731 4313 18109 19812 14276
260 326 3897 18136 15102 6143 9672 10198 63 5222 16463 8470 8110 17786 10402 13503 1862 14231 17578 6933 14571 10575 9577 12284 5434 12888
14838 16135 14959 11328 16791 9703 1745 7784 6323 9005 19028 8397 5662 12489 19486 7114 10343 18630 11751 14986 18676 4489 2684 13096 1249 6779
11845 16864 19930 4946 72 18309 10845 479 14930 10187 19937 8179 16132 4416 10446 488 9192 18185 19118 19428 14976 4374 19196 9005 17552 15908
3105 12300 2009 16987 1936 8297 12631 18854 12239 17469 5899 13104 8905 11627 14405 5596 14223 18506 13424 14975 10135 12583 11858 13124 13383 2737
583 3118 1013 19446 11390 7074 334 12944 1622 2012 6984 3449 10281 14975 4246 14686 9591 14822 10070 6351 16484 3394 4260 15840 10028 13904
3714 14964 11348 16268 18112 1389 10737 1946 5648 18153 5625 7170 2751 2665 17803 15833 10615 5135 8501 8007 4008 8852 9920 7764 14819 5121
3052 14657 4103 4837 1651 2458 7390 6245 11689 11300 16143 8590 4451 18779 7957 12598 8013 1870 17810 6944 7468 1227 1392 10209 19547 19894
13975 12228 17155 1060 2720 8375 10594 13112 14341 3105 7664 17180 17183 3653 10069 17299 5448 9904 9966 9022 12435 4904 8979 1624 6134 2551
16839 16914 16254 19214 4084 9041 14735 15580 15293 11425 14235 9789 6447 7103 15086 9341 4616 6597 15498 6614 15653 1392 7664 1395 11285 12933
4332 6784 9447 16533 7071 18652 19205 9794 5318 383 2519 5175 12449 2996 4412 6727 1594 1470 17501 11965 19473 8985 647 16016 17931 13252
5555 267 1833 19102 19653 14597 18706 719 8117 9914 8331 14449 1626 17531 1929 12748 9691 392 8248 10666 3825 2298 11118 13175 3850 16155
17187 17233 6731 18091 16930 1332 9148 5438 5036 6380 8568 15717 19696 7284 2941 8218 703 5518 15757 16311 9601 5205 13364 14986 10286 6445
4573 4212 4546 3885 8784 2448 11103 6551 1746 142 2007 2267 1305 14426 10923 2932 18468 16029 6924 13439 9551 3939 17840 9894 10444 11214
11745 3812 15395 13161 1949 18793 18960 4616 18229 12492 7354 4576 7293 4951 8865 5499 1838 12381 1067 12453 16611 19280 10947 8295 9172 13439
916 15361 10051 299 5844 9223 16835 6951 2294 4176 9550 13921 6122 18758 2735 18731 7498 17150 16855 1140 8756 8934 10442 14640 2813 1362
7615 15481 16576 16636 9909 16917 4897 298 11864 5724 634 11927 7505 5552 19850 10107 12316 8676 1120 2650 9807 16317 11749 18799 3065 10769
5836 15542 4779 6716 6434 8477 13388 18829 13794 12494 14972 1493 16630 3695 19665 1641 17985 2690 8939 4539 4173 11074 13309 8817 3947 116
7603 3357 2922 10810 17518 11544 15711 2593 6016 4588 2361 9861 2375 7490 7943 18468 8502 7967 3208 13241 16819 18034 1905 5065 3825 7483
1486 7411 18240 12814 12225 16625 14861 8679 10620 2052 10191 6384 9889 3347 7468 14457 14921 13810 7579 11840 7653 8448 16514 16846 9581 8037
15994 3381 10461 13726 11680 5491 11104 11460 11150 5527 9408 19542 19621 8073 4184 243 7351 11645 20000 12661 8467 10944 18630 17025 10203 17528
4749 6570 2380 11834 19018 12817 3443 17141 10170 4046 17674 6404 17232 570 7640 6803 7504 1186 8203 3701 7761 4536 1156 9042 5432 8974
12664 10379 11342 9930 10272 7300 18064 2217 11273 18925 7077 10941 15971 12079 8932 14338 13311 10547 10992 797 8499 17298 14732 4525 5593 8141
18423 9678 16168 16461 10704 2296 12335 5339 4117 11417 12936 16120 9856 6731 4168 11691 4138 14577 10743 124 19526 1619 15757 16178 17366 18701
14224 15248 16609 13728 15607 10878 11415 7880 15992 6407 18727 13980 13904 8413 18018 179 3673 8880 6360 18312 7026 4034 5280 5175 15586 12068
15993 3682 321 12653 17938 1258 9594 13846 6276 12856 2251 11475 14346 2530 19157 2312 12221 12110 14817 7238 9920 5982 329 13817 12861 11049
13336 8315 1770 6720 8164 141 128 8946 17079 4283 9306 17270 9104 6977 15506 4906 15560 9394 3672 15985 13740 4046 19992 11858 65 8481
11307 488 1105 1729 153 4321 7111 8872 19940 2415 7943 9661 11416 867 6597 4723 18743 10105 3242 19598 17913 6981 14605 15571 2844 11672
697 6009 6060 176 12942 9814 1089 13038 6195 7407 16768 10033 3460 11675 5214 15035 8232 7724 4939 16788 12336 11700 14521 2342 11502 17212
10601 2834 197 16611 2306 197 858 18505 13664 17028 17002 19973 16271 19207 9710 4682 6957 13624 17840 9730 6596 7380 16336 3224 8517 6169
19975 13996 16681 10948 3457 8593 4851 5021 5122 3474 3259 9409 14017 8391 38 4352 187 6587 189 2611 6247 9570 7225 5058 12200 13975
5953 7437 12273 18470 5578 16872 10167 4541 13348 17111 9866 5761 15571 17450 12920 19079 1924 19808 16906 11753 5872 2603 10985 6344 342 3299
16955 10957 12668 9190 13239 9551 17791 3853 4253 7767 7787 7710 19845 13220 17839 4135 2165 9829 16762 12300 13362 12904 7756 9815 6129 12591
3178 13337 5877 18416 508 18135 9813 6280 15185 14252 2813 11131 19118 13894 6464 19121 18320 6373 12118 2604 8013 10327 2331 19181 15581 5375
17377 10151 19542 17364 19849 328 3212 8970 13107 11058 15181 16211 618 4399 14176 8774 18341 10431 7564 14669 4782 7615 12686 6211 7137 7389
4899 5112 14180 7506 6702 8567 12835 9481 10933 4367 18787 14119 8344 18298 19192 304 11059 4301 7333 19562 3728 9626 16311 4219 474 11205
783 4511 9537 12771 12349 3754 1861 8840 11494 8332 9031 8447 482 14801 18983 3079 4200 1424 13572 8029 9018 14722 9202 550 9836 15688
2246 7371 16104 9756 18018 19871 13209 9250 14603 9265 3649 13267 15997 9908 3718 12888 2174 6964 4254 13678 18027 9560 2255 7376 2921 17392
6111 5027 7538 1305 233 12582 2204 734 17218 12890 6222 5263 2939 13055 16690 7298 19334 3444 19196 10823 17387 5235 14723 7063 5476 19790
18350 16558 2199 11862 1752 155 3935 14048 594 10751 913 15684 18296 17589 5631 8074 5657 2456 12808 4790 13782 14942 284 2053 9127 14390
7641 13834 2593 17673 10830 13155 12490 15647 19121 16334 14298 17548 12433 18732 1624 10007 1591 6449 15216 2399 17328 13326 2823 15301 10262 8401
16562 13011 13866 2485 16151 12298 15465 16279 19952 6695 19734 12755 19573 8578 12753 1145 8828 1990 9494 11918 8155 11864 15550 11771 9900 3650
1310 15660 19152 10304 7340 1740 10530 5199 5049 9479 3829 16309 5599 7589 19219 6249 14213 6726 2458 3752 14936 513 5952 14220 3722 8492
4482 1545 8646 2352 3852 11326 16923 4092 4972 11273 2389 9965 11634 11795 7854 9319 11288 1634 3382 11492 2670 19617 5736 9582 15732 7289
3078 1147 13749 1992 16382 8666 9148 13030 11994 930 3899 3858 1967 5860 6234 19002 16203 11208 17080 13399 17426 18850 2347 19636 5817 11827
4003 5067 14269 9136 14799 14598 4791 647 10581 6231 1022 15824 15662 5389 6267 19514 4990 3087 4058 17522 19205 9117 8694 3495 11489 8104
4590 5608 12835 11400 4736 9099 2507 11739 3927 17429 17056 19728 11686 18104 6051 7927 15161 18329 7576 272 19590 1224 243 5256 3904 18536
17719 6429 5824 15007 4999 7455 10218 1969 2418 11553 11562 2784 4901 12933 6644 3438 17897 1153 5073 14141 1881 7081 7769 1700 3195 7670
15382 16488 11560 4240 428 10273 13242 7912 420 12826 4874 18789 448 11993 419 19284 8209 2508 18014 381 1992 4805 13660 12801 3836 17744
5554 18799 16394 18118 7625 4871 7403 13757 10994 2221 1113 8194 913 11711 12333 8132 122 19183 10404 19051 9874 15369 17231 15053 17442 19678
7222 8474 16984 10802 10297 6417 10500 9947 10121 5557 19761 4925 14904 5485 411 7572 18139 5643 11904 10115 2140 7949 7389 3049 1962 15136
3107 4117 12702 1472 12425 4130 12231 13417 16224 11852 9682 16869 11528 19944 10622 3297 17137 776 17990 17533 1222 15764 14939 3060 7929 17849
8818 17405 2573 2285 12981 13069 16236 8432 17678 18092 14628 9676 12788 17023 8884 14097 5103 18947 14631 16378 4394 15205 12905 14187 1895 7172
9230 9783 16481 19646 119 9046 4350 18854 13045 16546 9904 15874 16122 6358 259 8540 13475 6283 2464 17758 7150 7857 3580 13816 6410 16997
19116 4037 17311 13653 18176 18862 16286 7377 10275 1878 9125 16982 12860 17918 9302 5752 9754 1571 9790 6462 15666 125 255 12797 3799 5418
3954 15461 9316 4780 13561 15623 8498 7739 15085 13725 9704 12475 10194 15141 18719 15953 2086 7437 12098 15891 17478 17695 7796 16067 17760 18596
7244 6103 17471 1880 5314 7498 17286 3176 8078 9667 16097 11504 12732 12978 14632 7226 11352 11328 5858 6168 3806 12204 19817 7824 8605 9724
19838 18873 9429 14376 17642 469 5596 3294 12913 5939 8566 3521 16708 2554 9305 13900 11241 15803 3198 15587 12072 18125 6714 16099 3995 18479
19570 6150 16918 1848 6495 9741 10045 2719 8018 7402 4598 11968 15760 15300 3616 13751 11600 11584 2672 4086 1821 7941 19146 19228 16557 19969
4859 15648 11838 7474 5071 1741 7856 8192 8669 1767 14866 4029 3466 11741 14150 12181 11271 5132 8499 4293 7995 867 19275 14146 16849 11769
2016 14241 10001 16499 18499 15732 10217 17092 18030 6761 18591 3728 16831 18300 11366 14100 4410 9823 12513 19695 15607 12608 524 11243 10129 18269
1146 1340 3683 653 13112 18342 1942 12398 14364 14420 3642 18376 8071 6505 17559 4114 19027 4829 5655 6134 1344 7421 7121 19256 4989 15397
6243 12561 13145 10252 1516 19895 4616 3617 2499 18567 12280 11450 5224 5952 9984 15145 7497 16550 1058 4478 8270 9595 2102 1987 425 14849
9748 10744 15809 9052 7324 14486 15507 5490 15296 14567 11351 11803 13796 4669 4883 286 5707 1519 7197 2649 15584 7273 3828 15563 6295 1473
8121 1819 15236 4406 18471 12349 6252 492 15377 11317 14159 10113 15668 840 2464 1064 11662 14191 3957 19699 7274 19609 6329 13393 5878 16919
6719 15562 376 17552 7537 305 7749 5490 15092 5349 14198 11643 1183 400 4983 14498 16878 368 10661 18033 4049 18068 17872 1290 5231 3597
9171 5290 10810 14513 7007 15782 7034 3483 6486 7428 3571 14492 13493 4898 14016 13321 5427 1594 6161 15428 2774 5205 18467 19666 11592 14246
4914 18838 12701 4636 11584 19895 8472 5698 3406 13618 19677 15524 3662 7900 15053 5165 15597 7494 13751 1864 5527 19653 2707 17160 5438 18135
57 15001 19383 6764 9061 5867 2052 4731 18576 13683 14453 13826 6340 646 19731 12152 9182 4487 14631 15868 15556 7892 12275 12738 13588 5485
5588 10013 10339 14488 10838 10068 6731 8613 18100 12017 15725 14582 1137 7006 18697 9227 1123 11343 7349 10230 18371 6309 4265 8257 9194 11266
5810 13805 2778 17945 6635 16440 596 7794 4127 16317 14442 16840 19890 19342 11694 11712 2214 3398 5696 19112 17372 12307 10523 8784 4462 794
8774 9134 5886 6045 13525 1427 18016 17814 3026 11465 18223 18159 13853 9992 1439 1112 18537 16252 16338 14920 13798 2149 14787 19910 17880 18328
4698 13356 19121 9734 18580 3604 12203 18281 491 6098 2482 17938 18269 14327 3211 5246 7073 10757 7582 19744 1948 8192 7219 3283 6199 16468
10322 15283 5605 10276 9260 3440 8984 19023 2130 14645 11989 1572 11008 11516 6064 15127 3990 16262 2328 569 15783 9688 9483 18946 14438 8048
18889 4661 9085 17110 19280 347 15248 2684 15680 138 4401 12969 18436 17257 11140 13429 16923 5960 8612 16342 1340 6080 18936 5530 12151 5865
19848 8475 15930 3185 378 5108 19326 18325 2634 10611 13439 14369 8078 19824 14316 11946 8497 7133 8578 13472 18773 13080 17485 19966 13948 1027
10334 849 12982 13210 19600 2218 14836 3835 5070 15772 765 18136 8719 2174 3106 14841 9728 6001 18751 693 7298 17417 13444 10759 18549 6780
5229 4530 5544 6177 10451 14239 18219 609 7799 2560 4237 4557 12217 9056 6084 590 4055 19425 7475 2270 15556 3253 5734 71 5895 2876
10896 298 2338 17558 862 4548 11818 3009 8700 14809 7460 18701 14154 9841 17105 9860 4362 13139 15608 6581 8494 16125 33 13646 19047 6432
17497 10439 13508 18844 16701 18674 17810 15377 18291 10500 5215 11117 1940 873 6085 10242 5022 1609 8125 17233 3714 10427 13328 10693 10763 15830
4511 4354 13923 17017 17924 6022 1343 1269 3401 3590 19737 2262 13279 11956 9433 16030 11350 11991 4457 6895 18119 335 10133 13945 19140 19035
7259 5360 19350 7384 10893 17636 717 14901 6674 19490 12804 1516 10573 13058 10010 14588 18899 13746 12406 1361 16988 4136 3520 109 2459 5898
12418 14526 4286 16976 655 174 10722 14849 18669 490 18850 9073 7130 3616 8018 7564 14553 18138 13089 13874 11991 10673 11486 9454 8498 1175
16302 19539 19437 220 6048 10786 6419 7414 2691 8124 16991 9561 14843 8261 1501 1739 16722 1171 10991 4783 10729 8118 2578 4157 8361 4506
5020 5877 19332 9767 19664 12319 11464 11275 14839 9782 1000 17758 18929 12700 13605 11041 18145 18618 18970 3909 17203 9337 11314 12690 1884 16086
11935 6739 13559 6509 5240 700 510 9151 6982 4884 13205 3479 3646 15582 19555 1129 9024 13848 12370 14770 11933 8699 9729 236 15194 17733
3175 1524 11578 13145 11400 13035 17713 12942 3851 19892 10713 19309 4576 9094 3310 7285 19443 6509 18436 17207 9089 17374 16085 1714 18085 16449
4778 15733 10673 17243 12807 17823 16891 10698 8184 7571 1564 141 2964 13460 14943 19175 1913 8909 17841 18121 7515 8680 11758 19578 9567 14740
19154 4015 897 14883 1972 15085 1413 19471 13268 18171 13306 16364 3582 18448 10594 3639 13193 11600 7639 15362 14334 7462 13490 16031 2631 1741
4326 6629 1952 8587 2374 10241 3990 15155 11349 7805 9623 2123 2736 9275 2707 10146 12158 3163 8134 13428 11595 19987 12020 18440 14125 11119
2017 5730 1035 8809 14305 3438 16326 11272 14214 150 9221 18615 16950 19734 12850 9486 1253 1431 14341 15701 19175 218 5579 8432 16882 250
10386 19171 1275 14665 17577 2621 19616 19698 1648 6657 12521 4037 16084 18783 17422 6449 14939 9425 14469 19392 13851 14716 17896 14726 9473 15265
12287 19178 10809 2486 13732 4993 18133 6900 14020 18441 9415 134 12659 16668 15395 3016 19796 15868 11047 13210 1807 4470 13532 5283 716 857
17840 11931 5614 13489 9405 3537 12557 1210 371 3446 15420 14065 8645 11490 11542 9795 19480 19024 12674 15888 2009 9920 14949 14595 8357 19966
18358 13468 1678 1493 6098 2994 6531 4906 7206 11471 15186 14890 6444 11092 10568 11102 2790 1647 7617 19456 8970 4885 11210 5695 6371 8489
14387 12734 7451 10931 11631 14458 13174 9617 16996 16155 14605 2383 18439 4575 12188 16382 19452 17187 15470 2478 10682 2626 15829 2267 18946 1006
18787 3702 692 13817 11502 10162 273 14234 4165 14048 13567 11347 17040 8769 17233 1344 12234 9930 2048 11378 18418 19962 17319 18883 4922 9340
4268 7470 18591 19458 11856 8239 7573 3937 9257 18370 8081 2532 13967 6060 13141 18421 13874 19673 19120 11544 2890 8928 10708 16057 1861 15600
14942 2015 19475 14432 11105 9576 11112 16832 11673 12326 10167 10019 12320 15671 12743 10934 810 2957 12499 17342 4755 14850 6986 8937 19965 10651
12533 4789 14177 19204 5485 7076 3290 14165 18941 5836 3919 9986 17738 8894 12919 6100 8241 14672 17213 18230 357 1190 10548 12398 10243 13712
11371 164 6734 11451 19533 5957 15518 8198 15183 3980 17027 16684 13167 14572 71 10331 501 13744 4912 9349 3985 74 11180 10196 13409 15634
7294 9276 11366 71 9983 5100 19313 14734 10380 7757 2663 19877 11017 8972 2573 3737 9526 8975 13752 7400 444 4274 13146 17807 11031 176
15687 19720 5911 17768 5767 16124 9818 15364 9193 5985 12420 3262 11121 19651 5121 19527 18483 14016 18047 2513 5887 3854 19142 10429 3330 9129
7030 18943 12529 3783 4522 10176 16191 12998 15854 14387 5182 9244 4683 12686 4754 6147 16548 15317 14555 61 12819 16702 888 14644 16002 15582
14868 12991 8114 14368 3267 18053 11071 16475 15970 9091 14185 17390 12389 4279 11233 17139 6860 19607 16411 1581 7356 7105 902 3169 14561 18860
17940 17023 16018 4445 12086 5755 14706 4408 8272 16895 1508 5226 2192 2820 18811 5607 9516 11668 8833 19020 10811 16043 16998 15199 2300 9803
9045 12709 6177 16213 7329 257 12218 9257 3751 1159 10574 7133 1429 12153 17383 15023 18665 9859 15988 10846 6664 17654 15880 14498 3780 15075
10631 19357 13272 19301 8349 971 738 16213 12303 2726 5365 5878 18749 3602 7912 3601 17124 13363 6368 11362 15501 3598 11859 16377 12379 2596
12388 19652 19688 4926 19642 11506 19512 17096 590 11958 15366 287 11720 14982 7933 18513 9769 6394 14325 7701 3256 547 4632 1074 9156 718
11429 18764 12833 14300 16585 10907 201 1148 7383 5512 4505 14277 13774 14324 7455 4919 10265 10354 15870 5475 7230 5588 9084 15980 6239 13932
19091 4607 171 4858 15430 6209 8969 7915 7419 2614 15173 13542 16419 19813 4338 11191 19485 836 12520 14270 14130 5907 8405 2763 12770 11629
10757 4079 8245 16292 5989 7380 5025 16870 18683 2477 7273 16917 12906 6451 10732 19658 16273 8724 18457 18630 1034 2959 7546 16716 9309 14299
16164 6719 7699 6810 204 1290 4939 16777 3000 1528 13933 3330 857 7528 1517 16686 1929 5339 14825 4234 18678 1926 12155 7774 11807 12231
17110 14009 15176 2575 4918 3019 12185 668 18254 14380 12485 8869 10088 10697 17169 17631 15646 12460 17941 18384 13056 13657 13329 11275 149 2903
9622 4539 14073 14906 15557 13068 6368 11748 11417 18815 10468 19034 2614 12820 5675 703 7118 4395 6157 7488 14405 15550 19920 16781 3045 9325
16748 16170 6998 14517 12422 6993 5376 5281 3810 14399 18958 12056 11812 1013 9468 9640 1061 2524 15749 7937 18613 1809 3109 19944 4946 7202
11233 4011 9521 8639 4940 10273 7892 715 13713 9596 12497 16119 8809 3176 4709 3498 15116 19216 3306 19555 9316 2584 4060 4773 18237 9944
12807 5983 14481 12106 625 1793 3455 261 3793 17983 8779 13397 17002 10292 15364 17541 10949 12195 3992 18894 19724 2174 363 14065 14594 16665
18293 14598 13104 6567 8412 16861 18210 11119 14072 12173 9014 10870 11400 12348 292 6760 2747 2771 6397 14206 19860 4641 9254 15613 5908 9488
15672 6025 12815 498 6047 10129 14266 17158 8859 2658 3851 7482 10806 12967 1105 2323 12788 4053 2468 7647 2886 16268 1544 3725 11851 1369
10111 5983 2734 14372 5158 5992 3470 762 2040 686 1571 19036 7104 14560 10288 5502 3889 8116 1843 6178 18315 7969 13071 13209 10972 13950
5167 6941 3417 7260 7839 14092 14579 18231 8835 7508 12871 2344 11275 19680 14292 5679 19776 5562 13339 1734 18094 13361 10809 3274 7424 4102
10859 245 6298 5593 19516 372 2909 14871 8640 634 1494 13694 14959 6693 4113 16955 18672 16316 7271 9825 14122 15510 8905 16647 13142 7848
9349 1237 5783 5428 17869 1450 8125 1196 8291 12817 6584 11070 13207 17230 15666 5339 18908 14427 16443 9390 4960 16852 18380 17337 15933 18669
604 7211 602 13289 5612 3927 6942 1681 4665 15440 16785 12874 13810 5277 18034 14366 7422 2022 15277 9557 4215 8450 9225 1921 8053 2305
16674 19410 15338 18598 1744 3826 3441 11768 14569 1683 7472 4332 1248 11200 5374 8157 18805 4857 13394 13781 6448 13392 2784 19635 10296 5001
4679 4030 17950 3346 16267 7349 11577 14474 12202 12084 1773 2755 10164 6449 16539 17648 6929 8996 19041 10887 6136 13462 18308 6594 9576 18062
17197 4903 10868 10577 809 6670 3650 2240 8824 1997 10942 1683 3703 18911 18713 19604 18086 2481 7267 8397 5726 10782 14261 1171 18238 10428
13020 10754 8731 10884 18451 19873 12520 2382 19777 5296 19857 15131 12722 7676 10982 2003 9943 13922 12836 18282 9325 11898 1686 8175 18410 18744
6839 14321 14457 9885 12037 14870 3042 5436 6199 12053 15968 14161 1609 16163 5332 7778 11833 7272 682 4797 14590 15961 14628 8572 12991 1920
15299 18484 8654 15888 10845 2754 6319 10842 19390 17253 5242 1647 7112 5864 10846 2443 3163 1549 7096 13395 6040 11332 12000 9121 4915 6426
12296 15918 18072 1618 13739 11390 10565 14044 3677 1640 14198 15474 13188 13879 17584 15111 13905 2031 8469 14203 11960 15766 17724 13525 1637 13073
18814 8856 5338 18922 19299 11504 12601 5313 13079 6580 12985 10046 17165 8469 2140 15378 14067 2598 14443 14446 5777 4983 17538 19735 2606 12384
2687 8489 14840 10825 243 5988 1612 44 8563 11045 15988 10453 11872 3448 2093 891 6053 19168 16991 11677 15582 8612 19586 13977 6586 19365
4037 18588 6180 4091 11634 15748 11292 2737 3613 11055 5283 11020 208 4701 5130 6283 2223 18928 9373 18786 18511 11707 10441 9493 5102 14532
3450 15920 9490 270 3191 3797 1353 6482 12145 12569 16613 6189 6717 8712 419 8125 7450 13495 8131 3769 18899 15580 684 1047 12237 16312
14065 8747 7561 1325 3906 7691 12883 10189 986 9554 3758 19317 13904 6004 4068 4009 13289 3578 19475 1366 17239 13197 14085 2585 3223 6005
10966 10751 10176 2770 17065 2663 18033 196 9506 17957 13588 11093 4163 6098 6154 7221 589 11185 14720 13801 1144 12232 4276 12139 9711 12124
18896 13437 5334 12461 1091 11745 15120 18993 17358 271 11742 2978 1946 982 8254 1130 1532 3164 7575 5291 9804 2111 3940 5537 19847 5978
4509 5331 12160 1021 12539 10494 14567 12160 15261 5270 16711 12603 14206 15443 10898 3554 10330 2474 4574 9984 2999 16232 2681 1186 7965 8027
7582 16934 211 3949 810 5893 1789 14168 8604 6806 17753 12675 209 7581 14825 15875 12680 9586 3396 1535 3386 18289 5210 12476 14996 120
3888 19658 19403 19209 3311 11700 9843 10939 15134 14353 12452 72 315 9327 5194 6955 5395 18789 859 17958 3111 10039 19409 7926 2972 7801
16391 9649 541 2799 5421 3729 2085 14552 3705 3830 17412 3846 12711 1394 11462 19121 3771 14720 15697 15081 16022 4249 5787 1972 19153 14221
12174 18415 16888 10848 11888 3439 17774 10129 7615 3330 7618 17885 4555 9794 14537 9914 1083 8870 13449 3889 15671 8933 12675 6182 16170 5157
19462 1730 13430 7482 8209 11678 17365 10904 15647 7331 13213 17492 4695 6083 5218 6529 2782 11938 1973 9479 18534 1698 11188 10075 877 15510
14199 12619 19953 13133 1445 13837 14184 998 16939 19792 14559 19740 7325 8211 8035 19689 10440 4993 9191 13182 17629 10485 11999 9743 15536 12898
15196 9799 4206 6791 17258 617 17410 6688 1382 8959 8536 13802 12516 12280 14435 17613 9804 7760 6599 9319 10038 15430 18810 2307 16264 6953
9648 8833 15705 19710 6596 18305 11395 6790 3860 2789 10576 16287 6505 701 14898 1965 13570 17934 16300 2143 4692 19586 11191 10055 9297 13961
9312 12714 9512 10774 14714 12466 4345 19150 1572 1101 17573 7667 11969 10480 12064 18413 14764 7133 18833 9851 17293 10762 11032 9799 12150 14999
9522 5113 1474 6593 11648 8853 8871 11885 456 18470 3196 2337 16782 10219 8429 13811 13100 10709 7802 11732 12153 2552 15059 13881 18937 6050
19836 5196 4330 11756 11163 4089 18414 9919 2246 13466 18273 13170 18003 12572 11596 10417 4119 7136 19026 14867 10572 18042 10285 13948 19165 9743
3669 12183 1356 670 15716 13134 13196 11438 2212 12399 15586 16999 117 11020 9704 10525 6001 19429 17579 7079 7216 11133 9030 3365 9002 19060
10313 17021 4 447 19938 326 14108 11544 3521 10635 16182 6036 4039 6092 11281 6629 8061 19086 3387 7630 17269 2489 17183 8429 1143 3480
19789 15417 14524 14684 5802 11241 7071 7799 14020 13996 5796 19702 16550 3058 19495 12958 4224 14999 14266 16363 4746 13728 2577 2497 2969 1657
14589 8215 16474 768 17858 18447 7323 15854 14369 19198 17111 14093 2746 6360 10371 11489 10151 13521 7599 6441 12391 18985 13381 9900 19914 13143
1037 18382 18937 18889 9163 17733 2432 18247 10348 15889 2607 19452 384 7125 18200 11853 7081 10825 9253 8252 6491 9461 17063 12253 16489 4743
9165 18935 2326 16180 18313 5503 6717 5572 19373 2169 2687 12291 4753 8892 638 19820 2987 3579 13032 19195 3986 950 1546 19652 7543 9105
16162 3996 12596 14733 6757 8592 11246 8001 9161 18842 19195 622 15004 3108 9304 10483 7004 14373 12748 14644 16290 2351 15237 13868 2291 4570
5283 3836 11588 16190 11157 10806 19845 17021 6545 3231 1462 796 6735 19640 5822 12654 5420 8628 8407 8568 12563 2099 5350 2668 2764 3326
10621 2040 15809 8727 893 16014 2896 18886 1431 6185 19953 16231 11842 19442 17216 10213 9888 2671 4638 10648 885 9897 6434 1498 18235 12709
12393 13205 4861 9996 19828 4196 15107 17632 2762 13291 12434 375 15323 17200 16726 19857 12832 3459 2958 13747 14656 15882 12348 3955 14955 499
17378 6911 4369 14900 2977 9877 17165 10856 17761 8222 11444 17040 2617 6984 914 19079 17763 11227 13779 13800 5751 4090 14603 998 17970 6681
3035 635 8173 8670 19182 12865 9944 17686 1524 9123 12388 11828 8916 3676 1618 4131 13533 13355 18925 18833 4898 2219 14334 14633 1962 14155
14547 14069 5551 12802 4555 5977 5056 15410 7803 18121 16179 2224 5908 3460 538 6283 16174 12323 11238 3301 1030 15175 9148 19133 11649 2981
3990 19561 19244 10223 14607 18978 13394 11509 12629 11095 562 5377 17875 1338 3705 7330 9401 15056 19103 8399 3689 5222 6601 19493 66 9048
696 10712 14523 17140 3328 2156 18214 19186 8748 14568 11125 5329 4239 4461 12296 13657 5313 395 6895 18379 2055 19782 9548 8145 1781 15124
17645 4129 15348 18770 12462 15082 15261 8318 15966 4781 16466 15916 2328 15780 933 17117 5505 11870 9180 13703 7966 13810 15603 5243 12621 11604
2650 1732 12819 16699 19191 2843 10144 18811 10344 12130 9477 16123 12016 7676 17372 5319 8354 6268 15313 5396 627 5885 1059 11885 1610 922
327 11034 17826 2848 14782 19557 10374 15342 12420 3575 17652 16281 7914 5370 834 4858 13098 19822 6530 18787 11293 19170 15511 6051 16051 1007
5035 10070 2406 8904 757 544 16508 528 19221 3108 152 9628 12239 2371 5536 18926 4243 16275 4977 488 6337 9436 14871 17397 15415 936
16161 18177 9883 13097 9322 228 12009 16216 8044 2974 11366 10218 7637 11457 5653 16570 17940 8768 7397 13605 17294 7290 2065 5185 9633 2630
12135 12234 2210 10438 6930 11367 19515 1686 3636 13490 11345 537 12915 16737 6727 8042 16864 1649 12000 19011 4506 6386 12528 5010 1826 587
6959 11623 0 18344 15652 13965 12926 9152 11806 15251 12178 17429 185 1604 6075 2506 19572 18812 10290 11217 17573 167 8793 11355 323 4750
14245 2575 3352 7730 19022 16316 9131 13781 4479 17694 15152 3598 1608 19547 14157 3094 99 13600 5988 10783 8746 7626 18746 3466 15803 8255
17827 18992 7101 15973 13429 18354 17582 7191 3139 8898 11164 12004 1259 13801 14835 9476 4948 3233 6884 9226 6488 18415 18423 1573 5013 18289
11691 11520 8889 10052 12116 6830 10129 9584 6481 15840 4126 8335 18627 11740 13000 10647 1924 11320 7408 3969 4566 13000 13457 11154 2434 5094
12732 2230 19039 353 6324 13897 18376 14803 15426 4178 17160 19593 7581 16641 7905 585 3007 15452 1933 14283 10323 1116 16123 8821 17671 17257
13932 17776 3543 6667 7873 8488 14952 16664 18590 6034 11215 8839 4536 5853 13325 11944 19147 14983 18638 12678 198 17280 9595 17233 7769 18991
11058 40 13931 1626 5775 13335 19869 7361 8364 18693 10258 10322 1639 17826 4088 8614 4618 4642 6310 8575 14653 9768 10412 16438 3200 10507
10736 17916 6317 1579 10372 16948 10873 8354 1596 3221 8561 3707 505 17685 5182 9317 676 15617 6835 17291 19561 18399 16753 8080 17129 901
18665 6319 4832 13883 3492 5435 19026 16924 17394 8352 12616 15546 7307 11995 17675 11771 19269 18083 11566 10463 1869 1167 10897 17792 8944 14614
8842 16847 2594 17347 1858 11850 9399 2676 6407 6152 15548 19357 1184 10993 16922 11121 18620 2531 11075 10383 2225 15049 9471 12459 2552 9712
11487 12131 11092 5891 463 17317 1561 8161 4292 16363 6634 15663 5179 14418 13959 8322 17833 18028 1745 7751 18327 2205 8799 11943 15668 15589
13280 7415 19425 18859 12401 10225 1771 104 3228 11533 13626 6668 15617 13783 355 645 19936 10159 2275 1680 13664 17860 18726 6108 12375 9610
14876 4708 6631 2079 10820 4526 17377 9419 17876 1312 7641 17568 808 4103 18704 9037 16768 13043 3538 2467 6468 12756 14830 17645 4917 5350
17324 177 11160 1904 8062 3543 11098 11495 7152 4707 18045 17240 14824 19619 4710 4898 11439 15248 18227 16006 9185 19352 11396 14129 14600 19059
11319 15554 11965 18452 15591 12917 573 229 1175 5621 17237 1841 9082 11280 8252 19676 15678 15254 6299 12398 7579 4016 1277 7121 14914 1312
16115 2710 18233 8088 2156 8957 12639 19250 5181 14979 14906 4435 8283 8794 16898 11479 10178 1944 17740 19094 7640 13088 14017 9101 11290 12562
1786 5397 9676 17502 5215 10737 15790 8573 3486 8423 7153 11684 1636 17446 18236 10145 4582 2363 5124 6417 5104 8011 7808 7190 13576 7250
17482 1435 5503 8930 17473 15185 18216 4 2765 3125 3705 5610 12065 13587 3886 1526 13794 11236 6263 3587 19970 2608 11106 19490 14427 3383
890 6705 15911 7638 15976 19819 6450 16141 8376 9638 17450 208 3640 7535 4195 8461 2069 4452 16734 15461 15937 7945 19633 10721 5604 13667
5868 15207 5032 9489 10913 17968 9737 15799 1028 14950 17708 6376 8013 15199 8298 19204 1090 11602 11668 14051 8354 18576 22 1993 10773 2800
14744 3073 19593 12923 4971 710 13345 12991 1372 17488 17620 19197 19704 9432 10899 15626 4191 6890 14144 8674 15051 1796 11610 6464 2898 13348
5126 8074 4392 2621 17540 1990 8857 5261 6892 6047 14885 19133 428 4200 3117 14221 17593 2661 18096 15366 8418 16575 4531 15170 14967 8202
10891 8509 11002 15952 1332 14400 13177 15145 10179 8716 16280 13746 4094 889 16904 6089 9636 12978 763 17458 6794 2265 19064 5919 10115 8881
18299 18960 5790 1197 15385 10127 6030 16677 19116 3747 13964 515 10507 5141 4835 5474 15734 18166 13171 7484 847 4391 16766 19214 7817 14384
883 12765 1911 18182 4212 11614 13110 7785 4634 14748 17871 5302 7596 2721 12187 17875 2719 15141 9744 10563 18142 19452 9928 19751 15136 3412
8320 4490 767 641 12337 13835 3990 1506 8027 4684 19038 2474 9623 10682 3292 2540 7032 10621 7037 18676 15384 3558 15324 813 4663 15224
6803 5641 4218 19706 17347 14532 1913 14286 7740 3090 1125 8909 7488 8786 5992 7861 18861 15150 10435 5807 1140 2539 10803 13481 9937 7239
2186 10990 11009 5378 5659 1753 18919 14515 12592 12988 13757 11717 607 10117 13088 13754 7214 17951 7482 18770 6407 487 3971 15180 3313 19817
17600 2880 15071 11508 7409 1164 11513 2232 18591 16790 8096 8537 3556 19406 17833 15535 11407 10964 1515 2155 7301 12090 9063 7117 16785 19478
16098 11004 8943 935 11637 1290 2019 5271 8394 72 1023 11843 9209 7063 8934 9153 2852 13161 13229 2477 14817 5638 11623 6781 13561 1032
1436 19165 1725 8076 2574 2702 2006 11610 10560 6357 3107 17857 18145 19803 12245 9317 8003 152 15204 6367 3675 5384 288 17666 5723 15973
13387 17295 7470 6447 10720 10927 10345 19540 5020 16102 18941 16927 5152 12782 9902 2652 4894 5684 594 11269 15402 14226 9155 8052 15223 4780
8654 2005 8407 8927 5276 11575 2126 10514 9109 14233 2961 12825 9427 10374 12895 15140 15448 17724 13402 2532 11210 3866 14136 17308 12782 3905
522 14773 5054 2740 7520 9364 11721 6196 1899 7114 8578 5310 4125 6360 9062 4683 13136 6918 12746 4256 16363 4729 14285 2031 2309 5534
17211 17295 12047 16219 19893 12073 13478 864 10161 16606 1674 3810 3040 13148 16834 7378 150 4696 6876 17530 16103 14495 14923 19186 11614 1020
9432 19001 5484 3154 1311 8650 18143 5964 7758 7868 8675 16214 14134 6241 11939 12795 7768 16428 14200 18934 3704 19861 10202 10817 15938 19771
19966 8620 13008 6693 9020 5453 18817 14718 14430 18892 109 9087 13294 7782 16731 15031 14384 16859 16666 13440 9990 16334 15765 18900 1466 13919
19585 9187 8213 14854 9704 6514 1517 15105 13373 15141 1816 16046 10863 14966 5431 1211 1685 13579 2839 3369 19895 19582 4058 8686 4325 19240
5462 7240 15219 12566 15037 9979 14371 3515 4278 13054 14074 18125 10070 16374 4963 2631 19797 18360 12685 17574 177 7869 12276 10845 5860 15889
8760 12121 16357 9466 3507 16093 18488 10625 2733 14131 8623 13474 6948 12715 17439 16319 14571 7008 5053 18636 15387 18219 12056 17464 1908 15067
13149 7825 18494 11354 14635 2014 17137 5258 12907 12474 19079 13978 12946 9107 12038 15481 19282 17456 13348 9718 8600 10568 18400 9357 15715 6423
7687 9833 12228 19837 8317 385 7694 16445 18710 17776 10076 13943 16395 17375 5691 17877 3502 15040 4364 8877 11349 10389 4159 10427 1274 12624
17249 13349 14788 7202 19537 13792 14056 11304 5810 8150 15524 17636 343 14531 801 8735 16995 1473 6363 15396 13448 9362 797 17816 9869 9324
12246 298 5566 14610 6693 11302 2803 17309 18544 3441 15766 3481 828 10763 10086 11309 1333 10743 467 1930 18878 5202 3474 19422 19501 13150
18720 9670 10382 15917 9136 4932 4545 17475 17163 1567 14622 17785 14729 15592 10903 3216 19927 7200 209 17670 1580 2814 7758 9401 17575 4635
17200 6765 14719 3900 19640 15872 10816 13606 6849 2377 19298 7901 9559 1414 19727 5474 7108 2708 5493 18544 11439 1412 15939 11865 18670 16223
6609 12115 7204 9780 14162 7912 12663 11041 7251 15365 7547 17412 17987 1494 6323 6608 2285 10253 15679 14495 10235 8314 14758 17495 16998 13154
15383 8740 16000 9003 1496 14889 5896 11166 3842 1428 7732 6533 9205 13088 1592 9723 4538 14138 19010 8159 9865 19836 18486 16837 13860 15192
15278 18080 18000 8626 619 8887 9229 8276 9834 12303 8320 5934 7149 10867 3481 6390 369 1951 16572 1872 1269 14405 19701 15936 12243 4183
4009 14053 2000 14127 5022 14893 4803 14438 13751 5506 17483 14305 4693 8796 5548 19175 4145 12752 6236 3243 8571 5479 5832 19581 9978 14631
19532 18784 11299 6335 7138 18877 4337 4910 19377 6841 4459 13331 15824 16530 11772 14052 12664 6338 7815 9516 8454 10652 5296 7483 2525 2152
7740 19289 18498 13468 322 5097 9983 6530 17404 7109 2297 8340 4276 6772 1412 7697 9012 12341 110 3004 9706 9835 5489 17603 19751 16169
4842 5468 6728 11480 15257 19165 14262 6596 14831 17366 12211 12450 11164 15964 8676 15814 13092 14206 13307 17960 11532 12193 16496 19237 10003 19408
12526 15572 17293 17803 13788 14270 12160 4585 3400 16201 9488 11823 4803 17899 4143 6330 18100 3887 5134 1596 2764 3035 3267 9030 8930 243
3923 19101 8423 4353 16857 3956 565 18045 11434 2661 5870 8072 13903 18888 13752 10519 19164 19276 16797 4588 11100 15122 19353 17047 1000 682
17933 14746 10825 12325 17279 10903 16377 9707 11436 9380 15010 18351 9477 13656 2535 12631 11033 3989 1115 19204 18982 14064 4417 7365 18734 6080
7864 10875 13787 19475 1300 7239 1813 6833 4535 6193 72 12092 16030 15552 887 8681 3916 11578 10118 3838 4489 4125 19243 8569 15893 5820
12540 11715 10729 3002 6443 9749 7508 10639 3193 14594 272 8993 6453 18377 17120 3785 6782 18801 10582 2725 17923 12681 10879 8875 12735 3585
10525 4910 17840 19449 988 16434 2895 7144 5428 13154 8792 6820 10539 5063 12674 221 8891 9147 4305 8399 10012 14644 10444 17048 7370 583
5182 12037 1870 11928 5637 6797 5609 3399 9364 12910 11889 7721 4265 9279 13402 8941 18203 7000 16899 12578 9452 19576 16072 14928 14721 677
16564 297 2234 2135 737 16240 11799 10980 3336 900 12028 12678 14850 4546 10876 11841 6662 9008 2858 18913 19569 4524 17691 5227 2130 7382
12271 2052 16283 17197 11106 8426 11414 15681 10384 7718 609 16622 11816 19337 5301 4190 2437 18698 17177 14019 6473 10190 254 18807 13192 8758
14923 12222 954 8125 11491 9647 2730 11827 17371 13499 15217 17688 19570 3798 17947 4371 4575 3097 904 17913 776 18665 4102 2914 12020 18377
10032 12125 4529 19132 8989 4811 10934 14402 19421 16108 10874 6093 11063 11361 18903 7349 10249 26 6895 11639 17475 13109 1831 18730 11382 80
3132 18374 3277 15562 19540 10648 1680 8688 1893 10026 12233 1633 11187 4005 939 19520 8854 15166 10562 15080 14927 4042 411 7744 1153 18125
2313 9853 5536 8791 3869 18501 9438 6682 1099 12956 1111 4697 3316 17271 18380 290 13121 19462 17357 2939 11235 3417 7000 8051 15340 7006
1461 5360 5420 9473 1953 11127 17212 3767 15116 18194 6860 18970 17988 421 10731 14464 16129 4406 10000 3071 9113 12104 11616 437 7945 1289
8942 18390 10118 12690 10849 9841 6253 6416 13814 14131 10436 13217 12782 1093 14763 19394 17455 2882 2746 6902 11016 19867 17512 7701 1836 17581
2784 14401 4537 14644 16803 13013 4915 14446 10116 15228 15682 9530 1329 3805 6541 385 12337 14278 9587 5619 13085 223 11476 19492 1825 1690
7875 19836 3627 7742 17027 19639 12911 15864 296 16427 215 933 8638 6043 1794 14331 12365 19379 19840 12969 2748 12934 1416 15553 4540 13913
19802 17889 4658 6196 16032 3940 14565 60 315 6162 9644 3146 5307 11564 13172 3880 13125 11429 17008 18909 591 17299 17977 4828 7020 11981
5028 6380 2312 12300 18923 14008 10084 10553 1760 6056 72 15695 7509 18037 3817 11535 13920 8749 16701 3412 12910 2096 4964 14883 1680 12871
4109 19270 2204 3413 8668 10087 2378 4771 8250 15955 17035 18980 18068 16649 3999 19216 8119 130 7508 286 8434 1394 2379 18884 14922 5621
14752 11996 18350 12039 18152 19113 9255 10666 18802 9314 13786 11458 2770 2593 4434 17742 861 14081 13698 5611 336 3570 15655 7234 286 7519
19928 991 9259 12503 13453 5955 11668 13176 14885 10791 9455 18419 13827 2791 10747 14413 15664 899 10843 2865 19957 13269 14717 19810 5306 11430
18953 13104 12053 18394 3818 8457 9158 9919 14041 10760 5798 16083 15844 11856 14935 6211 19173 11464 9930 4477 13735 2478 7322 3225 16740 11041
9673 269 8601 11201 2893 7411 11662 4322 18145 18233 1392 10609 7102 1078 84 14051 8348 2760 13761 6796 7809 10063 9808 17246 18362 12075
12045 19958 19131 7860 14912 3083 14467 8491 16040 10204 18 3848 18391 246 16955 9833 7960 14283 15891 4435 4458 7078 5918 8294 7324 14029
8278 18461 12454 1541 486 14984 15714 12523 15052 14187 5840 16895 10366 18798 13456 7224 3263 10145 6926 11685 8194 12243 17266 12661 13305 18743
15215 9557 16250 6044 1789 10091 12440 10100 532 1386 6765 18690 9588 5358 9081 19364 14982 12946 7235 2879 436 14075 6183 7095 3959 13815
4352 19341 10076 16045 4915 19776 4060 3592 5959 8635 15891 1677 8129 8362 2867 8720 5333 12045 18479 16863 8096 7680 18101 5885 3797 4702
17314 9769 19216 5253 11001 12409 12629 16020 5142 15758 3071 7215 19182 4602 7243 18937 4917 18708 14812 4456 4349 11142 5924 3139 11536 15229
15750 1216 9834 19148 3013 13946 19513 7446 14018 14048 16204 6458 15240 1831 19444 19056 10709 19969 5428 10770 17717 8445 4429 987 11993 12019
1370 6193 7056 2408 9897 9986 10865 4805 8468 1793 10070 17981 19768 13883 5373 15363 10177 1522 2270 14117 5209 14536 6827 15216 16807 16614
14110 12264 13567 3783 5137 19301 18858 19339 18484 19015 11152 15679 4127 4978 7474 8459 3652 9690 16180 12425 15229 691 8428 15020 19286 12063
13799 11468 11120 15583 8256 19154 10726 7125 15714 4449 5292 17290 3719 7041 6973 11823 4568 299 8032 5339 3674 52 18995 6115 3271 2813
17481 18319 4377 12310 4388 19711 13545 14424 18731 8366 19909 10002 10449 13037 6680 16161 3523 4733 11109 10991 4593 14258 2211 5048 17242 15565
1679 17729 3374 7837 9973 318 12663 18067 5071 9554 1129 4685 4218 8051 1026 2313 14083 14973 3878 1118 8964 6970 11664 817 16835 1256
6399 3525 16549 9015 2302 16986 1120 7099 13735 3672 4115 11486 14034 15678 16549 4742 17491 5858 7729 2794 5519 16314 13466 19389 950 9621
5624 15252 10435 18275 16769 19716 7638 15348 13046 8733 10664 19206 19946 3568 13556 18895 5670 1522 16802 17213 16991 16842 13612 13413 3373 13948
19758 5265 16881 19121 2394 2848 11623 984 19648 7841 7271 13943 8280 17241 12396 123 8415 11633 18635 9792 4645 10409 866 10311 10899 43
14563 19195 6900 16527 18687 11810 11571 6420 17428 1153 16527 16028 6204 16649 6991 9341 2388 1574 8119 2266 1268 5414 18364 3375 371 19789
3306 11720 4992 15857 10132 12458 16762 9949 17029 8419 15225 1981 9617 3885 17112 9402 16835 16338 18290 9044 12959 1243 8341 15648 1066 151
6652 10607 1703 16437 18032 14599 18293 17212 14283 17015 19310 12469 6236 17618 2579 16706 19250 10958 2560 9141 8975 9453 16881 2894 14710 10263
15584 18932 13508 9967 14142 7266 4139 19709 7745 447 3484 429 16915 11737 9449 19456 16823 12871 15720 5947 11876 5332 1435 11678 10722 13925
8321 17168 6927 5250 523 2934 11147 19514 15225 3874 5490 7124 18167 10206 15187 16688 16487 2462 1013 15583 11459 11560 4641 11635 11000 5042
2166 15953 14926 12061 7856 8729 16015 872 13363 15677 2274 17565 11926 12085 4442 159 12006 18330 12266 5285 19308 19529 357 19198 7826 8427
8427 5099 16568 12569 8298 16313 9284 17465 452 10980 4639 6073 9195 10110 11891 11124 13561 14016 19785 18464 12719 15397 15755 6676 7474 9231
16497 6605 18196 9670 5820 2602 19277 17959 12049 2911 2836 5802 11859 4957 13771 16698 4202 10644 4081 2126 1909 336 1715 17890 17692 3650
16532 16385 18461 11559 3669 11605 10549 6079 12904 7495 1534 1656 18131 7213 18601 5343 2273 17316 13526 5715 16192 11394 2507 14215 3723 11053
16407 3423 4134 7705 7967 10091 10865 6785 11480 16418 4185 18651 15 13477 9952 5181 12102 11017 10332 3949 17251 11631 3965 14471 17196 667
1171 8001 2716 698 5807 13507 16742 8204 8408 4591 4227 12440 19577 9443 17312 6180 12588 11104 1806 13683 4255 5285 13851 12320 15313 15731
6863 1097 19940 5003 8906 8515 15582 6325 8726 12146 13029 17676 4453 8703 5553 18652 11033 9330 17796 14482 2879 11908 8107 5163 4959 3154
10106 13233 15314 14421 16983 16251 17624 10540 10388 11155 13857 9039 10724 15225 17447 633 6102 9948 4238 12864 8844 18965 8822 17607 6755 17204
16931 19044 2785 12637 11925 16946 19321 16514 1860 1354 9498 9030 11577 11158 7605 12356 1425 13492 3287 11591 4435 158 11993 2462 17086 17467
6224 5220 10477 18716 13530 19245 16455 19970 13668 14558 7478 7471 2701 16889 15253 13468 3597 18505 572 6449 6660 9492 7218 9345 18885 16195
11731 12803 1095 261 11635 19260 4124 5118 32 9117 14733 15652 17464 2721 17720 10765 12356 1267 1230 4711 13978 18735 9930 12106 6216 9561
16488 1463 5441 14610 13139 11801 18563 13666 14792 14898 7063 11062 9335 15292 3210 903 4951 7430 18081 4580 9300 9751 8049 19304 15639 19063
4567 17058 15419 17137 10251 7165 10566 2816 14133 4667 9949 894 14975 17905 16990 11775 15171 4319 1194 27 4667 17922 10465 6926 447 3389
5991 18349 16983 18486 2660 13643 4379 534 11150 15345 413 6344 6702 3549 6389 3276 11167 14880 15095 3200 4914 13698 9797 4000 5880 3552
16886 2480 14563 16160 2569 12933 7775 5459 1340 9083 9183 8744 17680 887 3576 373 188 5714 9245 2606 10544 17812 12661 4965 15558 15365
9122 17198 219 12356 2053 6841 10004 7058 5156 2265 13072 6133 18098 2928 595 1982 19462 4014 2736 15213 13797 15713 6329 15728 5680 11535
7143 11535 3330 10969 14534 2878 14798 16911 5041 17023 10065 5868 18907 10493 109 1256 7731 3872 14187 221 4411 3371 2324 9117 13151 13615
8199 6910 17042 5512 18524 3148 16429 19363 18691 3107 15355 503 6962 15748 9631 10343 11444 9283 8969 14129 84 13693 8265 2665 19634 9122
1425 13004 1790 1284 7101 3739 9933 5448 10698 15841 810 12707 7796 13557 7657 18899 3241 6534 7559 4938 8374 12315 19228 1307 15512 11072
809 19428 13175 8824 286 17963 8082 1387 15727 16871 7772 14796 11417 15810 9077 8793 4783 9064 8091 14408 6813 14969 15128 8646 10670 14791
7273 8386 6163 7849 14097 18375 14788 7283 2412 6502 242 10822 3471 7313 3537 6430 14969 14434 2787 2623 4684 10795 11142 14592 14917 12022
17502 9778 18014 6459 1426 11422 6273 13422 19398 661 7979 740 5993 823 14106 9348 6592 10204 16141 17073 18944 1876 1637 18100 3260 11171
13004 7249 18749 10748 5322 1414 5688 11944 14582 1688 8068 6269 18693 16303 7808 18841 2941 16352 17715 15356 15875 15764 3093 11459 16400 4521
6659 9372 19340 5518 14948 1508 14605 15423 13816 7535 11688 11289 15772 11529 16131 5211 19290 15577 15820 6340 19033 12616 18381 10618 12454 14375
6981 19954 8713 5794 4702 9537 9277 13362 16229 3300 16637 19927 2032 16275 15940 1912 13460 9192 18947 18571 15210 3783 9728 1485 15467 9661
4707 11769 10490 1539 2432 10038 7518 12237 17072 13462 13939 87 11472 13182 5941 8483 6176 10539 608 1119 1375 13854 12935 15482 16614 13598
900 9879 5090 10708 3471 8857 17068 8443 15658 12151 15419 4015 10294 11742 13823 2087 5504 4034 9965 3202 6486 12445 12261 2149 10344 11562
18538 18882 2192 16837 12213 15650 9157 17158 12086 6852 3220 15226 14199 16649 6607 9318 18631 14330 6881 10956 17442 3756 19883 2308 11318 4165
9937 768 5020 17006 18345 12443 18938 14343 6202 13470 15374 1064 4 3967 3441 7929 7009 10770 13505 6040 11821 992 316 14613 11002 12435
18793 2423 16952 11093 12899 4472 13695 1569 9177 12512 16849 14289 5824 3200 4938 15759 13930 11625 13244 8975 6112 12027 1174 15996 2821 17192
1519 9181 7435 19845 11522 1460 9910 18425 15029 3028 1996 14728 15147 3136 19227 5047 17205 10724 4338 4128 1528 699 4323 4525 974 4869
11811 2059 14791 19991 15449 3751 18462 9857 3963 5372 4833 4255 11776 8734 12122 18616 7434 4325 19968 12519 6662 12848 11696 17095 3077 15254
8332 579 7876 2702 10890 2055 15141 3813 4953 10447 4051 17706 9717 1504 12591 5148 17405 9642 9874 6856 10420 11396 14035 15325 3648 15487
11 807 19362 6047 12869 10940 12446 10040 7280 17781 2434 1081 4992 15302 18720 13101 2282 7045 4502 13753 14931 8398 14398 7096 7679 3861
