365
49 71 54 66 8 51 83 24 48 61 58 48 30 14 52 62 45 40 52 97 90 43 34 49 57 57
9140 15607 18644 14898 17806 5758 17759 18501 6917 19958 19632 14550 12054 17285 18516 9265 16040 16479 16899 10640 19743 15794 631 15580 15300 13208
7931 966 17150 12288 8172 7423 440 2143 10475 218 9145 16916 16040 9282 7659 15539 14778 19243 10273 6503 8701 9114 19195 11505 17626 10821
2073 15008 4862 12747 11820 8747 34 5518 2444 8718 1746 7453 14647 2118 15302 15898 691 5068 10833 6306 5976 8590 16707 7294 13135 14834
15441 14957 15331 1709 1608 8253 4558 17641 17859 10406 10370 15177 16449 13549 7481 4459 15993 18834 640 2783 7308 14786 17187 2771 2071 15317
6602 5440 14812 9972 16104 1411 2252 12006 1653 6839 10014 5709 9613 10192 11327 9419 13247 509 18438 8595 12252 17453 4087 14676 10107 6003
8830 3081 12263 3099 6790 19081 11175 12782 10421 3434 18463 3060 2041 6096 16 15945 17759 8613 8435 14000 7299 1295 3910 7899 3364 13049
13281 15082 14676 8743 17769 5694 16699 14851 8127 10797 923 15510 13414 5824 11212 19662 5504 17455 10026 9093 7193 19455 14535 10742 7246 3536
17270 6677 624 9314 8986 19948 7642 3030 14901 5022 16746 9914 19505 6588 3371 18689 10624 13374 16959 8104 17558 3403 10009 14047 11441 2524
10423 13711 19552 16838 1883 18561 4687 2807 8916 10800 15187 7538 1155 14164 16764 17981 3081 2463 10300 487 11409 8280 11867 7868 8581 5449
17242 13705 17939 13801 13163 19659 7080 4493 17400 17872 8352 6180 16494 2323 15371 11523 8343 1442 11064 1248 13920 10540 3087 13018 14478 18169
4074 422 7620 1567 7396 7733 76 8617 8621 16297 1486 788 7488 5101 10658 11217 3063 7849 11854 16627 6721 7704 5116 7772 2391 13680
8823 13051 12587 15381 10176 5185 6884 1716 19881 10808 18253 3089 4372 14234 8375 11789 13044 5888 10512 11663 1931 10599 4588 19036 9294 8948
2706 17305 8148 12725 4053 4221 9119 11441 13692 15022 5596 13058 1131 8201 19216 4031 17356 11567 10685 17586 18117 14966 1425 3314 8259 18467
19334 4781 17245 2678 15958 6874 10458 3198 16604 1926 11294 13805 11074 9321 13599 350 8724 19709 10036 17285 11154 10199 15665 19125 11494 16808
13358 829 9299 7447 16511 2116 12227 13910 2819 2761 7484 3862 691 7789 15178 13470 13790 3578 12500 245 18920 1193 17799 4997 2184 14664
3140 13413 10093 1103 10967 3046 5054 4075 7679 16545 7079 18258 15917 3266 9621 18287 14365 11603 10710 13675 7634 8184 13103 1641 2148 14805
4205 7397 7521 449 17728 7784 2901 13744 10126 4282 832 6665 11949 16527 17587 7723 53 19347 4296 16317 10137 9113 9532 6515 17233 17684
9689 14168 16671 9869 11811 16861 4025 14963 16024 11281 1849 3050 11620 11274 19074 14516 14880 3069 4158 1067 8307 7362 8607 18857 2306 9277
18233 6216 3362 18930 8401 5420 1085 13184 18331 15226 4136 9783 3409 3238 7478 9303 4064 12036 903 1087 8302 17943 8005 14996 15180 13610
11013 12878 10919 1473 15283 16168 16748 4537 4354 5982 13719 5282 16183 14585 4649 9182 8849 6655 13070 5829 7510 17965 13476 11894 4296 8685
7810 129 2475 9471 14679 11724 1714 17536 7347 5870 19677 1092 5564 8574 16674 8917 1395 3474 11615 5570 2842 8506 11350 13634 13897 8354
12833 14066 6956 8248 9262 5746 11958 818 4647 2577 18783 19283 8928 521 6749 11621 15134 1537 8342 1150 14566 9650 13904 8834 14041 11944
12996 16382 7819 3037 5846 8003 7128 2791 5788 10101 15478 10785 7060 3771 2131 14866 3144 10435 12428 4871 19171 9015 15084 19259 2613 17871
360 5964 3324 14884 9644 1314 2095 18460 3069 18152 8296 9165 9601 10246 10364 2133 5021 5932 19823 1950 8889 7116 2859 19955 2721 16251
15911 18184 13828 8457 20000 1648 12601 1867 19816 12115 6405 3081 15366 867 18820 4006 19182 1216 9342 10648 3212 14792 10955 7658 17893 4553
11251 11357 16713 7820 16590 11326 12334 19259 11627 1336 19884 748 3316 11282 13576 16344 14520 7634 7985 10666 14544 5737 3544 14243 13583 17700
2205 17113 13852 18207 16391 16000 6343 5645 15718 7950 17095 10186 13317 14462 19024 5494 3354 16719 12861 15555 15308 9940 3021 18154 14346 13788
2367 11389 17317 17404 18162 14749 18854 8370 19348 13474 3655 7505 17557 11859 11240 16645 10320 7527 19342 7209 9102 19370 8937 18583 14402 1710
18666 18191 4343 16025 10740 8780 17625 11691 16840 7808 2729 19152 3328 12826 13476 18091 14026 5336 1463 6253 11320 147 15900 17819 17576 13037
428 9820 17450 16805 12857 4336 16027 1360 6004 4497 9988 3888 10988 9130 13403 9390 12703 6113 5210 16091 4790 17762 19980 7391 838 9368
3657 16374 103 8616 8887 2978 10802 11724 15430 8909 12446 2959 95 19327 18153 8060 3264 1704 11282 393 8065 13461 11069 15271 8414 1834
18869 5177 12927 15202 4416 7248 7581 5754 4250 17300 6710 1569 16653 15770 3276 8863 15898 1964 19030 10313 18434 14954 6130 14219 9331 11913
14445 6366 17464 10659 4692 9000 5605 6089 11440 9417 6814 5345 19574 1600 2380 19101 12782 4942 17092 8283 5321 497 5420 9432 15469 12769
16303 8208 8836 19594 4651 16759 8873 12061 11031 535 6305 13600 11346 6010 19905 1340 17254 12432 8385 5367 9924 2943 17720 6266 16620 19199
5623 13 5910 7269 6288 1896 15362 12528 163 5087 13331 1411 470 19245 5266 17533 9001 12215 13700 9757 9726 703 6900 11931 3761 7842
13509 16640 14414 12865 1900 15100 9742 16184 17956 15887 3540 7887 4343 9232 316 18541 13423 7272 11785 16171 19386 13808 15291 4224 17617 4931
13767 1629 11059 10753 5808 9626 2510 18047 3944 11871 10962 8395 367 7255 7168 1685 16333 13021 5402 6309 14003 2638 5309 450 13433 4499
4776 10988 19833 17769 11385 9834 172 2824 14219 3892 6970 14453 537 1739 16859 4603 3447 6870 16722 5296 16743 16093 17070 2167 15535 10154
16040 14961 13527 11696 18835 18140 5589 14579 18364 17803 11614 15227 18968 8908 6570 12384 10617 939 6971 11155 16796 14017 14392 15636 13621 3774
2851 6371 14322 13790 16989 2666 9050 14424 603 8270 1152 11725 5605 3829 7088 10108 19666 15848 16058 18266 8239 1963 3197 7106 6251 18643
14846 11937 14404 17027 5208 1328 16957 1107 16257 3357 13173 11526 18434 11328 6250 16139 7420 1254 16858 2076 8277 7408 17052 15857 3839 12729
12577 12501 7258 9522 2113 10020 3585 11113 16473 16765 4707 9153 8407 1345 11137 8086 9302 14015 6387 2667 14931 7849 13889 13833 5583 2271
11093 3530 13207 6781 11232 17221 7452 7962 1014 18233 7226 7576 11463 5292 10231 12121 9306 10730 247 9118 17293 536 6839 19291 2528 18551
4860 5823 4758 15193 5169 10320 108 856 2104 3646 10592 2385 18515 18962 4911 14395 4094 1604 19469 72 17942 19167 17915 11878 19990 1871
12905 13765 11643 6909 19572 15404 9098 16503 4507 3953 3204 9058 1435 3276 6983 13362 10058 7817 18565 618 2915 12959 12800 10906 3865 11337
7229 15860 13902 10270 6308 17555 11517 16963 3877 14550 7165 6257 5135 17304 15585 18578 11170 14718 15095 17857 15970 15657 10737 19686 3801 17969
3913 8683 4747 2988 10524 10802 19876 913 17282 2877 17270 8490 16355 11106 11305 1594 19005 3017 6839 18013 13345 13683 3538 7651 12300 12292
13939 2658 5724 14138 15471 17303 10324 5722 13433 10275 4852 16233 4267 7542 5948 17550 15674 3492 10815 10094 16865 11830 12237 1093 18713 14171
1285 412 17807 13603 18299 15779 11033 16456 1090 4927 5147 9406 348 17526 10625 4089 17559 1609 8432 16996 11582 7174 10235 14395 17847 6453
13 10221 11890 2947 11021 9823 10647 8002 1934 4702 14774 12237 15452 11606 15375 14659 8243 9849 16735 14683 10214 9722 1370 12366 14912 3984
5490 19405 11441 7063 17499 18629 12559 18974 2882 10154 4626 1350 7082 14264 5810 8736 4354 11710 9215 10546 15425 10641 2696 8832 16294 10473
10889 1096 15998 706 984 3040 7614 4419 4847 16393 6033 11802 4177 16446 9081 652 12021 16108 6157 6303 17335 14588 14728 17411 4423 4555
15577 3713 16007 15131 11227 2496 6168 15 12689 202 9366 14117 16198 4351 3355 9957 5769 10379 6082 837 17323 7611 10969 13039 11559 1833
19881 521 19194 15150 8390 1634 9611 4444 316 2862 11676 5726 1174 2901 7123 15226 4134 18787 6765 3462 4583 2975 9987 10375 45 19131
19801 1651 10384 12214 14369 19001 18719 14255 17470 1349 18426 15174 19519 11587 15736 14442 10657 17301 12864 18567 11346 6608 15707 13202 15119 10489
10880 18104 12734 10215 8777 2618 2235 16586 8204 4351 2591 18508 13017 1500 12123 6629 16126 5748 9566 11363 13887 19675 10754 10318 6323 12869
8469 648 15471 5332 1735 4874 14240 2047 19480 19685 18870 2468 8023 4552 14279 18239 3068 9773 4734 8669 1061 1873 13051 3996 18626 12450
4650 11541 9596 19833 7930 11299 10696 15382 1991 12315 862 6204 16050 7696 12339 8673 7729 19087 19395 10927 697 17057 10568 15079 10369 10498
4021 12322 17826 17519 1044 19027 19498 1625 17327 2755 14616 17401 19304 2009 2880 13691 9433 17366 14975 16307 12400 10203 2940 19812 7976 5637
19617 13966 16387 6035 18516 3822 2913 9711 12215 16186 1037 10062 8105 8695 7923 17043 4187 19880 8817 3046 15825 9209 2588 6297 6979 4255
19864 12037 19107 5177 19026 15578 14858 4125 19467 17456 3 7911 6863 15876 12504 6829 16364 3588 17900 16486 2755 13808 9117 1530 14509 505
15386 7364 17126 1201 1467 1728 12728 3722 17865 17564 1033 9349 13008 1307 10471 5210 8789 19015 15914 4755 572 17587 2457 1538 2442 14135
13845 14738 4823 18587 15327 14820 12303 15178 15916 16962 7991 3412 6226 11030 3146 13489 19606 10030 7258 19375 7058 7201 10018 3850 12182 12532
9995 19668 11047 13794 5018 14765 10832 2258 9583 14775 11733 10566 3313 8897 16009 17723 3428 3505 12104 19610 6607 12697 11265 916 11438 19436
7315 7223 6525 7116 2206 16080 2818 13120 9740 9445 16645 13449 5068 16965 9732 14137 19560 1454 6584 11185 19991 10204 12544 12243 8006 1922
3537 8558 4756 9152 12045 1998 245 540 4617 13121 15320 17795 13969 627 1837 1226 16589 6371 1736 4087 9640 4928 14714 6915 15253 2473
15207 2302 19384 6454 11903 6197 7355 18095 7047 17519 5478 110 3473 19807 2569 11840 14919 16687 14741 16261 17591 8969 4519 19641 11539 4480
2231 3464 8091 5748 6267 8065 1015 6384 2408 11609 14740 15128 11897 7162 14574 14314 9969 9902 1550 9488 11543 11209 15998 19920 161 2704
8082 10944 841 16655 16515 1099 8204 452 4304 9860 4263 14347 14751 161 11756 9945 9738 7456 4696 19417 16824 17779 11658 10455 16554 12542
11533 11681 9424 8930 2451 12057 18493 6097 18970 11425 12375 3038 6039 7508 11917 10252 2790 8383 1998 10126 11174 18754 15122 11396 7559 8411
15268 17803 15626 3692 1165 9630 19149 18307 7543 3935 19843 10031 19464 5439 5672 3230 3788 3208 18548 420 14135 16904 8877 5112 14641 7134
9618 10870 455 9095 5999 643 1123 18027 6884 5825 4044 10817 6963 16954 14273 7208 14419 9228 7533 380 998 1494 16451 17686 17015 15472
11587 17685 10638 15396 10677 16581 13317 5329 12018 17541 14072 14829 12408 12882 1748 6563 10467 11867 13262 9140 17284 18023 8559 14775 17913 144
18136 18533 19124 5674 6948 6591 7352 1087 3966 5286 2792 6291 14591 16217 14150 5496 15391 9681 9466 14162 18424 5145 5906 7196 10258 10852
8250 3670 2249 11720 18257 12152 5060 824 1777 19356 15462 6831 10364 2503 12708 12371 14071 4449 14272 3683 14688 11590 15436 9696 12037 4086
1814 7587 12313 7155 18444 14632 4168 4715 12168 4934 2937 9324 1544 16851 17940 4856 1952 4614 3576 8394 726 10283 17076 931 765 16045
14884 16352 8400 17849 4907 7939 15779 2999 1825 2912 18566 5907 10368 19502 14819 10022 4286 3120 17916 16145 1371 11349 12937 1505 15305 6708
14813 2396 11477 5458 3213 15586 11971 745 12180 8376 6588 16562 14479 16760 10800 3026 15044 14978 4877 9827 17427 18731 19353 12419 3621 19435
9553 2454 7921 5565 9592 18724 16461 3808 16411 15669 10839 9615 16035 16202 6639 987 8173 8125 14943 11892 15940 1846 19950 10130 2492 6807
375 8119 3872 8327 9222 11759 6951 14815 11822 9368 1728 16843 11710 15003 7782 234 10036 10862 19593 888 7913 1877 18174 18648 9199 12449
19603 2647 17419 1717 13231 4349 13574 9455 18052 17761 12035 3560 5885 17604 3808 997 2671 15074 15663 2216 16624 2793 17866 11641 19177 13611
17577 4997 12706 13737 16941 3742 1865 7898 9083 19794 555 8408 1870 17442 12365 11938 3743 3224 13239 3399 13272 8834 15321 17226 3310 14725
4945 6940 18156 1169 16037 18113 7803 1967 11524 9060 18282 6168 15718 11307 3706 16673 314 6226 10067 8823 3031 8887 8673 2202 3146 9458
10993 1610 15802 15300 17506 8074 14739 9170 1265 12914 8031 3218 9111 16183 6129 11546 8473 3696 18605 18067 19927 1587 7282 11450 6162 14473
18499 8814 5116 10802 129 8 13177 17250 9341 12630 930 11496 14603 13416 15587 13636 1349 19383 1979 17620 12962 17008 18537 641 17393 13341
3748 16076 14568 8648 16527 19371 4667 3818 13231 3030 5720 15468 11453 4619 1833 11437 229 9992 11383 4192 9094 666 11003 1731 15807 4208
6876 13990 7591 5 2604 3495 14959 35 10421 11168 3812 1929 17496 8682 3947 1655 16360 18876 10278 13261 2756 7503 2284 802 3153 15508
10293 1229 16316 389 1939 12803 14717 9643 2099 13038 1898 7333 4349 1102 7638 13499 14579 15349 15278 14956 5590 17977 7757 10724 17931 11518
14995 9953 12562 16318 4393 1814 6167 10929 1123 15827 9680 16470 6262 1053 7894 15023 3226 16097 12760 18238 16764 18275 1533 9325 12276 17477
3106 17880 10635 14655 3438 7589 13638 15718 4508 16341 9941 3150 13582 9789 13464 18776 11740 13741 10985 2748 19127 2433 14668 16017 9158 17279
7974 532 19737 5352 5543 10134 13851 1118 19639 163 16307 10572 15299 19316 1652 1021 17828 1589 1214 15923 3504 7688 256 1024 1844 8829
14814 16788 13704 18025 2363 3142 14706 18634 10652 13969 13225 5387 14452 19881 11215 1257 17137 532 19310 12098 11291 9761 17987 14393 11105 16936
5461 18079 17231 1744 6052 7575 17571 1836 1734 13670 3444 4937 10385 17073 13111 9386 11987 16620 12338 15782 15365 10093 5228 10028 4171 4116
6284 7653 5642 5512 2074 11287 19831 17629 11445 17420 8124 2042 613 14302 1689 6768 5777 19423 14614 12554 760 16054 18100 17662 3273 11598
12715 7860 3129 12885 9744 14624 17694 8650 12944 7099 8722 18402 15507 2136 8380 9006 5645 7877 15117 19749 11848 1465 10077 14417 15343 16355
8234 15672 13786 987 14121 14430 16359 8543 8255 16838 13118 14552 12860 10650 15879 11920 13301 12788 9366 14388 15570 15516 3407 3773 16551 1235
8180 11304 17522 12737 11612 10034 7551 1472 972 8244 11460 11836 13119 630 6182 3999 11519 1334 2350 17134 5439 2164 8235 16333 19506 723
784 18147 12383 19193 7319 16615 8418 9510 6606 2296 17829 7001 16115 10953 14156 193 8602 11045 19160 1790 12175 10412 12481 1547 15914 2103
4349 11445 1263 10780 16075 16797 2236 12692 11814 9217 3628 3359 19371 9398 4886 19181 12598 19977 14488 12615 2996 9748 3930 746 7130 17625
12514 1302 11779 9021 4730 11913 10773 19679 1587 10333 6952 4831 145 10890 15006 10169 180 19335 2622 6066 9874 13283 4560 11809 14259 12197
18362 13659 3323 655 7031 11707 15236 9689 2337 9207 17964 10772 7852 4586 10223 1228 12651 14025 6392 4069 9434 5578 7209 11259 3396 6494
9397 12762 9798 650 8071 13351 6367 8271 5541 1843 8526 6902 14502 9086 3981 19157 10594 7567 10826 10531 16385 1006 1106 7699 15753 4490
15392 6728 13444 6240 17623 9571 14861 7385 10074 14736 16248 14870 10776 19597 9026 1586 5138 14213 13304 17332 8124 1212 3243 18218 4821 2312
4743 5024 17845 5999 18891 17528 18360 18622 10361 12694 18540 7741 10274 8886 16471 3037 14766 19491 13085 13186 4496 19747 16474 11918 8115 18067
16895 2524 15930 12488 4610 9389 3501 7042 5641 5895 14837 2672 10085 1495 13568 1671 16662 16826 16075 7761 12042 6223 1807 13615 6684 11970
16862 12080 14430 3628 3048 19097 18766 15251 4139 9912 12248 10469 6030 18727 16226 7840 16407 2984 8058 19879 17475 1760 4151 11523 14235 11815
18066 7919 17712 17596 10771 4398 3973 1253 18738 12533 16112 9933 2101 11320 3177 16204 13604 4524 15827 7314 1984 1702 19927 17004 3502 3703
11433 2030 77 15301 11740 19057 14668 2543 12697 14402 18841 18016 3756 12451 10623 11622 2863 12457 1778 9409 317 13760 10755 152 2008 10949
7495 12964 1607 424 384 5485 12393 10039 13943 15365 293 17993 843 12176 16115 823 12073 9836 19859 5016 120 14428 10154 11351 996 7950
15164 5809 8761 1570 14475 11145 11554 12314 6230 5367 7132 4573 846 4343 14718 8012 18345 793 14200 12243 11780 15565 1356 16922 10443 14546
10943 8371 9313 12562 9703 17753 8029 11190 5432 15008 19083 12954 1475 19574 19171 9222 15271 8821 14999 13237 5498 1834 16664 2493 19531 16200
8503 14965 12771 7386 17656 18396 12251 4313 4910 6873 5428 1648 2691 13688 15781 18541 18340 17268 15181 7945 15661 15855 10422 11372 18585 1021
10794 8684 12106 19292 8654 5437 12146 8299 140 5311 16225 1719 14297 4163 1899 6308 7937 9491 12349 15628 2653 11627 19691 15732 7816 18895
12018 12112 2330 8484 10928 15527 5762 17211 17715 8823 2655 14599 11458 3794 5763 10499 18718 3581 9334 5275 6322 10434 13839 10772 19625 2577
9459 16742 4647 4680 18942 3456 6485 84 1790 14769 884 9546 10480 2939 17227 1114 11612 18550 4755 2774 9847 19011 18849 14715 204 17802
10238 19570 11485 4155 19580 6505 7134 10094 1808 2917 14699 12924 8180 5525 2625 18867 4480 8877 12292 4791 11468 12883 17120 6300 10126 18122
6215 9575 8174 6083 10918 13836 3404 18414 18777 2710 5935 16219 5316 2416 13258 6701 8178 7824 6754 9611 135 14619 18881 13169 8319 15003
7587 13037 16240 633 15333 12013 17126 16937 17394 10237 3347 10107 5915 11327 9464 17097 19373 5942 10927 9100 15728 1425 8578 9819 3102 795
7551 1240 10146 19978 8228 13038 5544 2849 9370 16169 11911 3994 12323 1141 10018 14735 130 7964 6704 12894 1051 3213 17469 9840 15456 17034
1385 10093 19922 14954 17452 586 17745 2508 86 3412 11748 8818 1185 14902 11656 9321 7723 13086 213 6970 12346 8579 11854 16431 7169 10642
8647 13674 15600 13884 14477 11180 15532 3555 18726 440 2003 18507 15472 8869 6574 13869 301 19931 19003 14092 5513 11493 7781 9191 14171 3297
1557 7328 10404 18766 3717 7257 18695 13365 3577 597 9610 9938 8402 13474 7044 14606 16503 14869 17946 10411 7935 574 5030 14390 13557 9646
4636 8337 8615 8046 13952 3420 19176 3561 13058 5205 15233 7920 5791 11053 1022 16785 19008 11760 13845 12460 6970 9777 7726 10965 10167 18457
11099 7064 8749 19040 16022 9867 12695 17417 6294 5466 8389 8105 1184 10980 12930 14755 8696 5003 6756 10536 17365 16422 1115 14819 2712 12980
16443 16986 17786 3467 14372 4206 11193 14902 14922 4511 10768 3397 3038 8545 2343 19389 11460 11802 1792 17916 19009 11852 7197 19702 11139 14413
246 17499 11465 17088 16848 11927 12060 4306 10704 12571 981 14515 13875 3353 15463 9095 16258 15561 15723 5389 11488 6057 19214 1355 16850 5297
1540 4022 14002 6384 19455 1611 19753 14319 11092 1865 9615 14913 198 12820 5460 15073 9094 15925 16021 14272 4763 5695 10285 19010 7178 19206
19653 4622 17004 12731 10842 13187 14710 12446 10572 16749 4971 2561 18877 4203 9958 14866 9948 4648 1300 15455 17462 8202 19982 4877 6220 17546
17401 4940 16645 5897 3001 6587 17421 19079 4911 13937 8094 5075 11026 4662 17804 19159 6237 13546 2954 1261 6218 14243 19762 2692 4241 16004
18632 17082 14889 566 2201 1421 4155 17680 1485 17063 4010 14549 16806 2656 8724 10883 17862 9789 7809 16911 7125 14163 7661 2433 15739 11440
17297 10966 1374 836 14801 18530 16629 12159 6422 3668 15660 16539 12854 17275 6413 15375 12679 4501 2642 10862 10595 16360 9073 58 8156 4715
14554 11134 16048 14899 19601 12355 920 3138 18138 17459 14295 1140 3292 13625 1928 5696 4267 4129 12379 2666 18865 705 1534 1921 2438 1122
14421 9467 16938 8789 14547 10750 3510 16819 14148 10409 17791 4954 14770 9529 5497 1661 13759 705 8344 14592 14025 19534 3403 12719 11032 8287
10076 17474 14352 11401 5980 15694 6483 1868 13554 12425 11999 10200 8846 5957 19516 8201 11886 11648 15460 10574 18133 9709 533 12310 19108 14194
636 10053 12837 1269 7216 3935 11291 10397 14393 9896 10280 18642 11264 4859 13644 15459 2148 19619 15729 14486 8512 11476 14423 4629 8126 15348
7113 17938 9699 6583 7483 10273 6341 17021 10387 7027 1902 7538 6160 16917 3727 14319 3261 801 13790 7638 10899 9473 1509 17181 18048 3496
379 3936 4377 10052 8746 932 15048 9976 6441 5985 12130 7258 6990 14241 1842 5933 4370 8411 2405 14034 18256 3548 3555 12186 19392 7395
13637 18092 1401 16933 14283 10341 17741 10975 4027 200 6633 7126 1145 19009 9027 902 15829 10543 10960 17367 14161 9197 12092 8824 2694 9022
2832 5866 15588 15300 2982 14513 10594 13040 14749 16897 16906 13816 16697 10062 17779 5358 14076 13624 11614 12213 9198 4564 13943 5892 18982 7797
13461 1745 8332 6175 19769 6986 8989 5880 15875 16960 14581 9419 1558 9195 8771 6292 56 868 8761 4710 1589 3146 17024 6088 8739 10983
16176 16158 17325 10702 14066 6647 4366 7467 7411 19183 3241 494 12763 9315 15706 16631 1106 7993 6294 773 6930 14805 9617 16715 5440 11830
2485 14305 10796 8161 17417 152 13584 9911 12939 8263 10166 758 7775 6440 13265 865 5954 5967 2810 16437 3245 13377 12743 9930 7220 3827
7931 16210 8854 8534 16945 8010 387 8208 7886 12459 19991 10937 523 14760 8705 916 8150 13929 10301 2361 18671 4502 6701 14536 18218 15702
17884 2708 19816 17955 19195 3492 3918 3439 5609 1807 4061 7983 13566 11637 17727 9714 17601 15987 9733 16531 992 13997 13334 1232 7903 14648
8905 9808 1805 11771 18928 11210 4385 1323 19570 17603 1691 5054 730 1135 12363 10463 5269 16910 921 19674 6873 12629 7501 10630 7542 2770
15982 14539 9429 4113 1444 10653 1251 8161 10926 15354 6597 14394 14426 18281 19148 4416 18402 8960 14137 19143 9559 17089 17733 17344 6085 13736
6736 9803 7650 13240 17738 11635 11345 1074 16661 6252 1722 7992 388 4197 11649 11385 9804 6723 12143 2350 11907 6051 7478 14672 18640 7586
5870 15157 5371 11127 14393 3152 13403 10803 1305 9253 67 9289 19337 7615 17822 3870 19770 9607 8246 5533 9213 12957 2544 10541 19194 1665
9936 11262 4362 17346 3863 13590 3748 7651 12686 6703 7745 3101 711 9363 2206 6784 6836 14322 5748 15470 10951 15312 997 2930 8752 10963
6700 1116 16744 7821 2020 18095 92 11785 5580 2466 14838 4306 15617 8692 8903 11104 7841 2933 6196 18262 8138 3634 9731 7878 2767 5558
4664 6196 8117 2005 16388 1835 4818 4613 17376 16170 372 19409 5896 4177 16256 852 17387 10131 2013 9977 13859 1947 4717 10501 2878 18261
6153 2631 496 9655 15962 1889 598 3271 19200 16862 2737 3502 5693 15370 3729 4686 12718 14804 17070 7595 6571 14440 12017 1834 15159 16794
9227 13225 13994 17910 17312 17047 18597 1965 17967 5848 4935 15646 15909 15372 380 8326 5392 15859 6119 13839 3285 2802 13703 645 5715 19965
1422 10288 18877 112 19398 1685 16144 7641 3473 10740 8840 7497 9744 3491 12023 18298 11778 16247 1909 4791 19073 18148 12555 14546 8136 10617
3615 2952 8515 13422 2405 3429 6737 14865 6143 11469 3388 5974 7704 10047 11357 402 10873 1986 6883 18333 14700 5912 530 3915 17289 16814
9439 12875 10070 2646 7738 3888 15783 19442 4419 8261 10854 14292 11637 12444 19056 9271 3435 1243 5420 12533 13024 15482 1495 12623 4847 3858
4089 13360 18529 8632 5684 3821 7951 17715 10767 7838 9640 17835 2235 367 14501 1133 2566 11819 4857 15388 19225 19984 9330 18436 8808 11355
11600 19586 8352 12709 15674 6431 444 1416 8747 18357 903 14926 11992 16205 13411 4621 8997 779 8779 13476 9046 5770 13601 19448 19520 7997
19752 9976 17762 8558 409 11268 4370 18014 10532 17589 12411 1149 1448 8197 14043 6717 6574 5080 19867 16228 7001 16772 13098 18174 10950 12489
12230 10753 13801 6317 1595 19055 11024 7652 9234 18513 10125 5117 9480 7465 16882 709 11543 5578 37 16116 17145 12812 10659 3504 18002 11640
13720 15960 6454 15843 13735 19024 1158 2492 9177 8051 2675 7556 10015 17240 10121 2813 2925 1182 10895 6828 17868 1173 9149 4269 12566 17417
15015 5710 11311 12901 8995 15936 8697 7918 3178 6018 14671 2093 3633 17831 573 8407 15552 4416 4272 4402 16878 1468 19012 6527 9536 489
8077 8734 12918 19149 9130 15682 2123 19457 17610 12837 3963 8833 4805 1920 8144 581 9149 6628 6287 15480 7351 7727 16340 538 8408 7734
13687 6101 15641 7090 10942 8914 4956 19413 8368 13708 17862 18516 13841 17277 6383 16845 4750 5315 4705 14662 19547 5100 18959 16423 6394 13244
9199 2259 17110 19635 664 14882 1572 9792 12688 2793 15252 8936 13039 6338 7592 13087 5343 8539 1990 1796 6008 19721 16824 12832 13455 5793
16313 5565 14559 7304 18545 18380 2336 3029 10035 12791 10532 3970 13162 9198 13915 18911 4556 10274 14935 5923 9287 7535 5747 11090 9791 3062
8837 5111 6476 13193 8877 1242 14706 11841 3045 6608 15432 11419 1005 5802 14474 5380 18619 833 12711 9341 16921 2226 560 5188 8510 10498
15211 2508 2251 654 1072 3021 3922 16115 17630 11570 5339 4851 15642 13771 1991 17908 10781 16766 5085 16023 3400 8638 386 922 3321 9806
19689 18859 17645 17713 10685 346 14550 16752 922 13571 10454 8943 10920 8620 9546 13104 8355 1790 5099 2503 14152 932 15083 12551 18247 2880
9481 7331 7184 3869 9352 2480 1711 4705 749 6583 16887 7293 10546 19136 19712 13477 10828 15656 3048 16011 3852 3677 15116 15840 1629 11260
5783 14808 19532 15418 18948 17008 10010 18277 9240 2101 16067 13927 10697 14488 7619 19140 4622 973 4267 10611 15352 9325 18001 12804 6696 3242
17739 8016 12531 2945 18288 11872 5832 7859 7969 19149 10733 2582 4324 10638 14824 8194 3662 15832 6370 15040 12268 4505 7969 16750 8797 15763
333 1313 6837 1061 14304 13116 12713 3925 16275 19609 3010 17586 13018 13436 1022 1729 5814 7545 2118 6499 14428 15598 14759 13366 12205 2562
8031 9049 14509 105 19707 16102 8376 3268 12188 1491 7689 943 116 13046 8691 18976 6595 18434 17365 3058 13176 4930 13366 3299 8896 19889
14864 13351 10995 15082 16909 15930 11544 18785 14177 5386 2507 10075 10404 5571 10666 19902 19970 10494 3687 6006 10233 3698 13425 13888 7972 9563
11287 10964 13307 6486 8057 17047 13280 14447 5599 2998 9477 12616 4902 979 12745 19624 12244 12871 13466 10169 5989 16669 18303 2292 14187 14840
6192 11307 13602 7544 6427 15423 16356 9287 8656 10253 15120 18507 685 6663 5811 5662 7033 19738 5240 15516 18290 288 8125 18525 17520 8430
2741 9603 2963 9741 7097 9919 6318 1065 2410 2439 4709 11604 15186 6139 8812 8298 11655 13804 11134 5314 8552 14224 7055 1729 5561 10916
11915 17353 18493 8140 2596 9895 8104 2295 7410 2852 11885 15910 17410 11713 6874 16655 136 19922 11501 7105 10693 12154 7964 884 6105 7576
13096 18857 10454 19978 10643 6629 17419 18332 2392 1011 330 18147 6013 19524 5802 16504 4449 9484 5015 6428 6849 12459 14501 17276 8787 1112
16883 17985 9433 14288 12864 3815 14427 15884 13892 13532 9268 4084 18031 6393 14533 19668 11304 19938 68 14047 61 2508 17471 14355 2314 1171
8135 3737 6941 9792 19676 19541 1869 13794 3841 12376 466 11617 1707 15168 15122 17954 2379 10224 7408 1037 9659 12721 6841 17610 19831 18001
4288 4360 15534 1668 13724 15947 18355 9345 9083 1581 14665 11065 6199 2707 7914 1707 15263 14353 8179 9074 11628 1098 6736 1949 7400 18005
8276 14078 7769 5736 13705 5223 12258 13215 2851 19707 3317 14905 2393 16336 10475 19656 15517 2791 13881 1918 13366 8428 15635 4105 16425 7018
8700 19512 4962 17176 2643 8122 15854 9360 5055 8149 5387 15124 11919 2115 19032 12532 8830 5724 693 3574 1662 13233 5504 12133 9838 18217
210 4293 15596 13060 15798 2216 18170 13946 7922 7031 13968 17836 10462 16818 5729 835 17835 14250 17356 2474 744 14725 7487 1009 11775 943
2291 10769 6106 4898 9565 19224 18826 14970 16785 13404 11706 11108 3217 17476 1431 5258 14041 19078 11228 17957 2858 19591 2309 4491 18771 9923
5949 12140 10513 6641 11207 18307 5442 6718 15280 14443 13761 17017 644 13072 128 11854 18962 11669 765 9513 1093 19369 16585 14910 11963 13894
15621 6843 5116 16152 7256 1851 2483 7858 10210 19319 6430 14849 18736 7413 14630 17548 9743 9070 1225 2825 19700 8941 8423 12763 15036 8449
12749 15556 19629 12573 12809 11705 15397 10219 8180 8987 17283 16361 5957 10887 17915 46 11610 8209 17254 5954 1753 19669 15927 19215 736 593
3747 15597 608 6102 16494 8633 9507 3241 19458 13367 5939 5429 6625 3714 1442 15887 15780 1986 2856 1108 9193 758 453 18192 17691 2600
6959 18493 6628 7845 13315 11281 17000 18221 3680 8395 16036 19979 19257 15978 5928 8952 12759 13489 17653 16497 11174 6262 15434 9383 10554 13511
3123 299 6764 1296 11001 2316 1551 7706 5160 8120 10339 16671 5828 4460 7184 13060 15546 1248 17039 325 17913 8857 2454 16278 15897 19467
2085 13932 11091 789 18917 395 904 13743 3294 2118 19628 68 8594 282 9826 11475 8500 10654 7638 13467 15924 8710 8123 15639 9814 18320
9653 4407 614 9714 13021 2112 729 19109 10722 13916 9929 19347 18428 15728 8498 1122 6828 304 9195 14706 716 4763 3688 14135 10839 16218
12164 9874 1676 19453 8785 13206 15853 11957 6948 19813 2582 18054 16234 905 650 10514 7516 18016 15583 1583 5596 7538 14517 2625 5750 18171
10199 16206 8969 3626 12711 19466 4747 13225 16739 6706 19410 14497 1924 6826 13234 8237 16450 838 19564 423 1506 523 8205 14485 4023 1303
2774 12383 16876 17568 3859 1573 12772 6418 16724 6685 12337 18344 1136 7760 10147 18996 247 10895 15482 9632 11769 15292 2806 18732 2346 7282
13554 12514 15353 13491 17045 12665 7932 5476 9084 9213 15015 10435 6005 15329 8657 12854 9349 4186 19466 16924 5863 13999 16549 145 2997 3398
11676 11212 1391 16047 17966 5718 17294 1309 5729 1990 19890 13255 9357 7098 10409 3240 2243 4884 11236 19049 17496 15260 12872 17810 13459 13244
19905 3996 3569 4 170 13343 15198 841 12404 1263 4460 4637 7249 5209 10495 12242 10446 15329 5132 17520 7450 9303 5303 17353 2440 5749
2954 11323 15046 376 955 17910 18619 18402 12992 11534 6463 14438 7871 16243 15688 14742 1690 1835 10761 7689 9036 13215 14533 16753 2064 19294
16016 10780 19736 10895 15435 9465 12423 13678 374 14687 6475 253 9874 17240 2998 10812 8286 14177 5954 16739 19294 16207 19915 10895 12240 11669
8862 12832 19410 14109 4128 3244 9170 7095 11891 10233 14495 14158 17702 14826 1763 14607 2584 17408 12418 10272 3638 18710 2452 14624 15196 5104
5464 1251 1436 6689 17072 669 16651 9027 9497 19509 10643 15831 9320 2797 7923 3155 19047 2279 16896 7293 3851 15142 6405 12873 8110 6090
6018 8669 17380 9402 7892 4545 11476 3963 5685 11012 5806 17522 11916 16997 18764 2571 1504 14013 6649 13474 7856 19562 11794 10503 19749 7652
8645 15107 17304 5915 11187 14931 2741 3246 9250 15652 16674 14518 2729 14285 13208 3818 12518 2745 6756 6790 12747 16095 19885 350 17064 9506
8851 11805 5770 9689 18587 15822 7431 12066 12191 110 18988 8155 9353 15902 11274 9519 13952 17420 2391 6899 10182 19011 4343 13018 934 18291
14210 13985 5252 8195 13174 7395 15397 19183 15927 8145 19080 4409 8757 12712 15282 1384 11530 9651 2424 10702 17581 7698 4511 4142 8449 7884
13362 11312 4356 5082 17183 12629 16580 9938 2846 5266 6427 19139 16740 11517 8168 12857 671 9583 7547 10626 139 5575 4047 6277 17788 14935
5413 4537 1630 12431 18650 16121 15736 975 15500 4231 7726 2808 12348 9679 13227 18211 15244 15411 8763 15793 16870 7000 19028 576 10267 5074
12592 3718 17969 14874 4726 5220 4823 4231 9312 19179 18998 9378 19170 11163 18977 354 6288 9204 19807 6035 14045 14218 12338 12732 8054 9330
18087 973 4479 310 1636 13771 7619 15121 4397 12451 12612 15729 6679 11057 12409 6642 3165 6337 9051 11523 16181 17653 3949 6570 1608 12651
10177 8184 8363 2010 1913 2286 10710 16371 13173 4676 2323 14604 2413 5407 9300 2840 3218 4552 9706 16037 9615 3598 8037 16569 16300 759
4552 18283 8753 3514 15985 18425 3350 902 13651 13809 18306 12019 11547 3635 13836 8798 2155 14824 7551 5332 8463 2036 2654 12799 8218 6852
11879 629 13540 14137 12105 4074 13268 17786 17087 7527 18117 13345 2665 7756 2772 18536 18963 1492 8627 4163 4836 8046 18331 14068 126 10936
6956 8853 11904 8760 15078 18338 271 10910 10632 15251 10915 11609 3659 5505 915 11010 15406 13473 13224 15790 19184 4587 1797 9809 5406 11210
9473 17046 9897 17047 12563 17898 2889 8206 19634 11031 18830 1211 17495 14932 8186 14525 7378 12631 8205 16389 1892 8735 13181 14145 13159 5126
11731 5923 8862 10950 14735 9269 8956 5779 5593 13837 16556 16039 9315 15732 729 12029 14794 8193 15747 18825 17580 19473 6546 18232 11137 11840
12231 16119 13706 5174 948 15610 10804 18228 16120 8645 17194 19742 527 19592 18617 5410 11666 5227 4624 2249 17631 14687 6696 14569 8724 15834
17227 14582 10466 10321 8857 19223 4290 8725 14532 5246 11644 1209 16649 17483 15211 18126 308 5405 14171 7613 10517 15987 11861 18047 12715 1485
93 7862 294 13021 1450 7673 14856 3780 10450 3443 3582 18452 4976 8783 15870 1323 9048 4425 6596 4471 9412 2481 15985 571 11093 512
9322 19342 16245 11670 1559 6535 11131 13891 18734 2763 8557 13037 2507 17668 5739 17034 15555 8580 7902 7383 3588 2905 6272 16417 10444 6020
13295 7293 15849 14050 2351 10736 15696 9908 17055 9759 16619 8545 15516 5232 6862 11161 6310 18240 110 17839 7779 646 16604 5612 5347 12755
16811 9745 18171 9899 2732 11645 14725 190 17429 14256 2903 7498 3817 1866 9464 15859 6321 16819 11976 4505 9433 4911 9184 16129 11788 7724
14314 13057 14420 12547 11218 9365 19356 3754 11190 9455 6470 4995 4569 4085 4403 12419 8967 14402 854 4264 8329 3871 17333 10905 8603 18046
10921 4746 13014 11409 774 18026 9074 14090 15671 10882 17647 11627 3649 19867 9007 3766 9208 3479 8465 9353 6200 8252 885 2840 5714 11713
9090 411 1622 19052 11685 5023 4782 2258 12538 11047 5989 16834 15645 4058 11310 6507 12522 13910 19156 15429 11311 19868 6508 1297 15007 8705
10192 7158 9960 13974 16269 19467 6211 7976 19666 5033 288 14766 3154 13203 13367 5912 993 10359 10134 1575 11145 13602 19571 5735 2909 7079
13324 9252 4076 2521 11881 3206 17300 14122 16104 1513 17915 10810 9767 3759 6734 4375 16430 6927 18706 13456 6320 1163 6846 8598 16828 2903
13156 5334 18435 10011 14901 3469 19045 16651 17840 4051 17883 507 495 17278 8535 17683 15179 5536 18696 3475 18409 18513 15823 18504 5878 13167
10047 10768 12799 12304 7964 3893 16604 7109 14793 9606 15289 19017 4904 14632 18517 16612 14760 16413 5692 7668 2901 462 1955 10868 9056 13360
14341 8660 15655 5105 6750 12306 5729 11119 9102 8975 4230 9432 18277 11293 14151 17744 7570 4730 4298 9687 7827 4573 6114 17099 14948 9147
9304 13530 6477 3269 12391 6895 2723 14735 12035 13567 16014 13716 5701 8645 6828 3206 8046 11944 8638 15908 6877 4191 19081 11396 18758 1483
16323 17742 1626 10640 3614 570 6529 4481 8950 3464 15274 3083 16637 12558 7820 18104 11345 1463 15541 19584 768 2381 17526 18710 3690 8350
10912 688 13327 17443 6940 9522 14700 8629 19532 3824 4440 16732 13149 8794 11945 4167 12266 8561 1496 15366 5531 12323 16970 8039 6506 5598
10959 582 15260 2013 5619 8158 10163 11322 19126 10735 645 14814 6943 3885 8968 19157 11675 14594 10189 16 10033 4135 14542 8984 3607 16810
11243 16826 13606 15383 13379 11524 11200 5589 5539 13531 19696 5132 13749 17590 11273 18962 2602 19336 7665 4322 14235 15422 17942 2496 4443 17932
19214 11948 12035 12543 9487 12846 4345 3692 9779 2950 17134 3779 17141 7451 5605 3259 9087 13846 5667 8256 9067 11611 11940 12942 3572 7184
10067 9747 5567 19581 1615 7547 16857 10195 17205 18993 5160 15334 1845 7104 18813 10317 18134 13021 12899 4494 12705 5353 13867 6895 8673 19422
18832 1708 10945 19151 11900 5388 1070 13357 15668 16006 13701 3450 6944 1118 9628 12423 556 14079 7185 18974 6145 3232 17821 12918 17563 7757
11176 9795 14349 13103 8048 17025 4138 749 9439 17708 1862 17949 9239 9576 14587 7721 5946 10573 13498 17254 13268 5383 14618 19152 4288 1978
2383 6636 275 664 17606 2878 18281 5286 8470 15525 16957 7816 12806 7545 7728 571 922 3457 6896 13276 17645 10747 6782 10087 7583 15854
16425 2042 14452 423 3394 8273 15990 17726 6953 9694 494 18856 4231 10838 10245 14403 473 3851 9640 2560 17748 11038 11518 12953 6625 14503
17830 9628 4954 16887 16371 3551 8801 12561 5825 2454 4269 525 8401 190 5755 3671 8971 8738 3201 11960 6204 18301 15714 6316 18061 7464
14973 3771 10201 15379 13260 10845 14520 15559 13796 19861 473 9087 13132 1440 3533 11135 19124 5221 11155 15745 2454 2024 1005 5315 14669 11254
18306 1182 19490 3786 7065 15649 13023 12825 9687 6246 9101 17022 5578 12116 19497 2291 9593 12531 370 1150 5280 5050 8959 9704 4035 63
13454 2162 19239 12642 6453 12255 12472 8300 6738 17834 11246 2643 12387 5165 10126 5973 17043 11213 3831 7980 4489 2906 9762 9244 219 11337
8511 1722 11583 1676 17123 13996 8907 3261 3600 12722 19673 9076 497 18394 18635 4622 8032 9283 9474 3895 2916 4639 9771 7960 10312 18286
2959 9590 979 17956 737 4715 9773 13496 9906 4524 18000 12860 18955 3865 1276 16696 9367 4361 6032 8256 5168 13402 17708 15496 8706 5474
10208 7150 19807 1498 2873 13683 2406 14983 88 3297 9380 19376 6147 5149 7185 1294 16909 19449 18678 19482 14387 13066 9286 2892 8393 12650
13508 5653 4449 10324 16625 16366 6923 7303 4846 5943 5914 7769 465 2825 5141 6898 11567 16210 14221 9854 4064 2921 16689 1606 17157 11819
8565 14257 14373 15518 6440 15815 11567 19344 12752 9609 17517 1697 8062 3122 13923 2432 8896 846 2538 17255 8181 11370 3862 6776 10986 15549
10493 9154 11769 14034 6992 12705 12395 15054 13460 9865 2442 12685 8642 17121 12253 13815 17409 4317 6948 19896 5792 4399 10597 7640 14433 4345
8706 9347 16988 12019 10362 10890 6988 19878 10696 19628 1544 19412 1056 16737 688 6372 17178 9433 6600 18987 3922 18529 4655 4552 13515 18604
12509 3306 19990 299 11020 13849 19668 8637 5053 2748 15346 15149 19891 9286 7240 7107 13971 18476 11147 13523 11162 4570 13550 1521 10874 3203
9795 8375 13012 10117 4195 6525 18631 17490 19560 18775 5130 6205 11595 13530 16450 9704 727 3531 6446 15269 18861 10876 5644 17071 12484 10485
17351 6963 7101 12040 1326 13712 13137 18150 7148 11737 6771 2388 14154 15120 1148 9011 2188 17216 6684 6901 7624 12392 19071 18627 9203 15158
16979 10488 16200 16713 10376 12573 3213 19719 14209 16495 14398 2915 11066 17091 16876 8857 12500 19033 6715 202 17588 11327 17591 5029 5697 14345
19713 8852 12302 1658 866 19221 2184 19495 15616 15596 18188 3306 13143 2112 9487 7148 9224 7293 3154 5857 12622 4340 7088 4461 11964 7730
14562 9790 10200 5278 13369 7861 16255 15113 2593 14162 1213 788 16833 2225 17635 2799 13099 11435 19046 19708 6210 2262 13051 14925 17776 16863
14747 5860 11355 12663 19844 1670 854 15717 14177 5308 12975 12213 10274 11336 10921 18165 16637 5106 10560 16006 2994 15678 18368 17590 6767 16576
16716 11999 4630 6343 8329 3696 1963 1619 2091 11650 4576 17415 1945 10817 9567 9074 9052 14961 10070 1215 2196 10906 4923 19061 5631 1120
12952 10685 17876 15361 16372 10090 13548 13352 2584 19493 2587 3435 10867 19436 15567 9346 7531 18855 17147 13359 17256 18147 16500 6413 4985 334
9761 186 2243 6529 3738 5780 6404 14656 542 5297 8617 1034 17594 14223 3099 11617 10365 16789 14987 17434 11885 17863 15848 9125 4384 14422
10251 2760 1192 12774 2012 13452 16614 9306 5268 15928 18712 5818 16783 3278 12345 14572 915 4007 17728 9249 7215 5218 11961 7056 5956 14845
6586 9083 10863 261 6905 11275 15462 13563 10836 5149 19601 9630 13297 12977 2660 3979 2579 3211 2222 9326 8321 7189 1486 1223 8459 13946
13125 19857 8459 2578 1989 2195 16447 8944 14916 120 13889 16989 1445 6771 18507 12589 12706 6215 3266 19648 5456 2680 18560 4457 3418 2214
12442 18525 8033 7567 2914 16659 14734 12350 13536 11704 19113 5787 1372 639 6877 16565 18206 6778 2029 6934 10806 18459 9697 17878 17637 11116
8885 1444 10927 4868 8856 17692 168 6992 14130 11479 3458 2080 4512 1537 8077 18677 18179 737 2140 6903 3101 295 2109 7070 12378 10330
5828 14714 8081 13002 18116 2746 18484 18139 7872 3584 10137 17403 10952 1191 977 5115 14195 17465 8039 17845 15428 12909 3445 7287 1680 19588
17239 10241 17596 14081 5857 1115 1080 8309 1814 18528 6984 1762 6908 18819 11331 7524 10048 1727 247 18941 18555 10582 19802 5199 12652 1954
18373 4368 6673 11955 17098 8184 9986 4844 13214 18172 7372 2803 19562 8119 3140 6953 12418 10649 3188 5693 18611 7000 1814 16922 7758 19412
14589 14124 1049 6209 16491 16502 8052 5602 4696 4416 9548 17066 17795 17056 8784 11732 7083 10180 4872 4475 13288 14001 9241 5475 11795 10421
16168 19632 15312 15808 18195 16950 2692 8008 5691 7471 8044 2863 696 9169 3872 10616 2727 18883 5752 4354 15506 10163 16517 8684 10979 10485
8639 19359 15037 7253 19305 18226 11706 19310 8966 19675 9135 5116 1648 4223 17495 17262 6417 263 7693 3335 2399 3171 7701 19753 2265 13318
9286 18917 2766 8062 1842 13004 15576 4161 11311 16243 17007 1138 14435 17441 4573 1632 13843 329 3612 11454 13203 1811 10139 18419 9915 14061
12472 2907 10796 1964 4665 12978 16626 579 16433 7187 5476 2929 166 5465 11907 707 17085 6685 5380 8278 19027 9882 6060 9878 6227 3979
12238 1373 7059 13184 5039 19147 9314 19326 17484 3371 9732 15597 6752 6578 14916 10217 18507 3638 11143 14256 18454 16732 13478 18634 16482 18180
6726 18070 19670 16907 7804 1980 15469 5122 1788 16020 9975 11389 1600 14935 14158 7442 2534 7365 19001 2145 10388 12599 8393 9786 6376 4018
7225 14900 6537 15479 14734 18388 18353 502 3050 13598 11866 4313 1982 13136 6393 10787 11978 1799 5223 6414 2711 9695 12493 2475 9647 12228
8094 5485 14654 9295 4512 12165 12162 7225 9259 15584 14484 8368 12844 13101 8719 4647 18612 12492 18809 18046 19993 11454 14536 15236 15717 14649
8968 12643 11566 6508 15634 8982 13837 5316 3194 4255 3109 5329 7508 11919 3763 5673 10193 7888 16394 8499 5236 8919 18053 16303 1565 635
13195 14094 15695 18350 13912 14628 15333 14471 11494 17416 9824 15985 8411 155 15614 1448 15776 14312 17726 5568 7630 2055 121 2204 10649 13831
15104 2833 19859 18736 2686 4969 15893 4429 11439 16519 6555 6289 17455 10732 7471 1186 7915 6765 4231 19195 1649 9774 13804 14067 3461 5716
17 14605 16886 12687 2616 18879 9773 19685 10913 16237 4303 11335 7039 1579 5945 12819 12360 6667 10121 1082 4293 511 8746 12834 17952 9722
13298 631 8657 8316 15180 8769 17056 16982 2996 13353 9385 1199 4317 17693 15336 10458 12297 13654 8653 2670 6097 402 1842 2608 6816 13120
4953 15754 8148 17987 11952 13415 10205 16882 17705 9297 14523 9786 13046 8124 17477 12157 11411 3045 9039 19050 11437 515 5622 16555 15327 10597
36 768 7291 12989 19049 6464 16943 12660 9238 863 5831 7225 9967 8229 13389 12242 11552 14441 18178 12192 3496 1831 4062 8933 7235 10156
18743 1457 9213 5592 4212 2669 2210 4005 853 11489 14621 4625 18610 1815 2398 2101 11316 7004 16949 1182 2225 4560 7361 15502 11314 17746
1329 8532 15651 7496 13093 621 16446 176 188 2948 5072 19171 9533 7918 17459 15634 12048 15881 15758 8013 11453 2855 16748 18674 11368 11735
14697 16139 13160 3126 7241 5000 9679 13370 410 17818 9747 4964 8859 10631 1815 17517 14019 807 5320 12971 3659 16257 4472 3998 11280 4563
19964 10183 18839 5930 9085 4887 15220 7009 18421 7937 916 2770 17692 8614 12439 12555 9070 6484 18204 18839 19429 5489 17444 11594 16598 10975
2084 4793 3150 13643 5023 4424 19633 3701 2550 18819 5980 9297 4960 11513 6 2973 13686 99 4535 1588 14655 19007 18709 9536 13709 17832
795 19361 17642 15219 10716 2155 14383 16995 3056 17137 14875 3009 6915 15124 16131 6836 8603 14901 13236 16032 2234 2583 18056 8013 8987 19419
4113 3534 9407 10614 4844 1015 2247 15960 835 5585 4186 6073 7788 6017 15739 11923 5657 13644 10756 10710 15955 2668 13134 17547 12790 10818
2437 7067 18177 5204 17138 12659 2079 11706 14325 13724 13018 6559 9805 2683 5004 1709 7248 1254 6389 19874 15087 13986 6196 16175 11906 19047
510 6226 5517 5024 12413 6057 9701 15382 6028 13417 8817 941 9286 19801 7772 3742 13349 10640 5533 11103 8116 9310 18844 10003 16203 17006
16395 8974 15035 18363 19501 3253 7999 5179 11397 3409 2183 17883 2502 764 14157 13728 10045 2802 146 13768 16211 19302 8080 19112 7198 18215
768 8371 6413 1188 16812 9303 19354 8670 11004 15225 11148 2091 6412 699 15714 2369 10610 10144 17306 14159 3038 2565 3633 14845 2302 15179
19292 7524 13380 7292 4990 11913 6827 6615 16176 13318 6668 6745 2559 11505 2781 9777 11600 13061 629 17136 8837 8525 13814 739 3528 2214
16059 6319 399 19155 15619 16236 13864 9012 10864 13480 1767 19548 8911 18420 2608 1369 17480 8113 9653 17890 17987 16240 6559 9395 13108 15373
11370 6060 12440 7851 13091 3292 19495 2076 15915 16920 329 16622 4934 4502 1459 3928 10965 14991 11456 18007 16274 13189 4467 15005 12619 16658
13182 18857 1290 14679 5267 10195 16875 2486 19750 12960 5304 2018 18897 2681 13075 15534 10769 17965 13970 7751 14812 13578 13094 7382 7344 971
9888 5515 7842 18373 12014 9508 10481 5272 1853 8567 19025 110 6307 9426 12416 17020 17512 4165 7717 19000 10312 7585 3236 16179 14660 8029
4736 3826 12709 2828 5206 5017 17466 11930 10104 8527 1884 215 422 5652 1629 5757 7993 13768 3960 15761 208 2619 16741 19766 1482 6129
14885 19077 19294 7549 18345 3765 13248 8698 13238 7164 11673 9744 19564 11259 16288 14501 6909 19700 15958 16395 5800 15934 13386 16573 16605 16973
2351 18889 8305 17827 17768 2600 6973 1498 9361 15869 11513 17973 1997 18471 19359 6306 1697 13891 19608 11387 19306 16706 11854 15853 14594 6180
15687 7214 2646 16425 907 1969 12673 13360 6972 11039 839 4322 17459 8057 7935 9787 9329 15310 5086 14669 6960 16516 4949 18029 17824 5445
5787 555 6222 17839 12870 9257 14680 18391 12615 13606 9376 19248 13549 18252 1418 10993 19394 11518 15604 18166 5225 9012 8267 9539 2286 19741
258 9758 5449 4086 1236 7192 17848 19021 17313 18729 12249 19636 2934 4101 10243 9969 14422 18517 5120 12550 17862 9895 1957 8572 12272 1062
17180 11941 6819 13263 15914 2046 11046 3708 9512 7621 7683 1417 12986 1978 8971 14764 5925 6807 5000 10364 15362 10833 5534 6871 17235 438
10115 14259 6632 3760 5567 11241 18501 9482 7378 19308 10559 5904 2632 4411 13057 19435 19267 1324 16988 7043 16338 611 6239 15058 3826 4565
14376 12142 5465 5865 1917 10461 6361 595 16128 14045 16642 5570 5179 5282 7589 8982 7423 7996 3438 16656 14513 19113 15478 5979 17491 10408
11360 10356 3750 1683 3677 12785 14065 4170 12362 11734 10505 15291 5488 18231 18551 12532 16432 13546 8417 19898 4775 10976 15965 4780 10040 16467
15778 494 14686 6472 11984 12804 5850 12597 1030 15972 14778 6075 8344 12948 19011 17175 11531 17877 18842 15132 6717 19306 216 38 14665 15228
4328 11485 4287 1960 15081 7489 12900 4927 7418 570 13174 7107 1776 15718 2653 13432 1812 12802 1962 741 3950 17102 14479 7005 12090 12937
14705 2733 6219 2219 19644 1548 15395 19812 3580 5282 19799 8799 19470 5722 3030 876 13229 19634 13862 1058 9467 3097 9398 16735 17462 7303
19778 11172 2167 3916 9352 769 17651 14058 2887 4748 7068 11526 15387 6466 381 14569 9056 4047 10558 322 3271 11894 3488 7533 8896 8543
17487 15348 13800 18111 1473 13045 2526 16210 14853 7112 11202 9607 17387 1741 17310 3872 12720 16966 19619 12074 3419 9229 17068 5942 14288 1120
8016 18088 3089 1106 13563 14988 9687 14136 4789 17645 1453 7139 4327 1660 14650 13744 8601 19699 2384 5259 13062 1978 15773 8954 5807 11761
17726 14177 1382 2626 18803 486 5373 761 996 11781 13135 7769 13130 2362 5175 2469 19028 11492 19735 17373 10945 9308 14931 15110 1461 19051
3335 19495 18047 13612 4799 9210 5552 1729 15160 18475 13651 1004 12599 12740 957 982 6855 9340 5954 4205 619 17789 12876 5089 1609 1967
18910 6849 3439 63 19423 7028 15442 3458 329 11351 18720 1488 4871 6084 13336 17313 4929 17510 13204 19795 17225 17347 5578 1073 189 7872
13247 1100 16654 4685 15028 6294 1600 97 10152 11229 1080 18736 2521 15591 7060 13483 15910 17435 9748 5635 19378 10137 15698 17777 19329 1896
15324 11378 15215 4813 10459 6941 17116 12418 18543 18847 12937 2524 12986 11183 5334 6405 12539 1777 14738 19179 4422 734 8098 9011 9421 6569
6331 13693 8248 11698 17530 15223 15426 11561 7446 3648 10227 8971 3486 5760 5936 7554 5414 14267 19901 12833 8815 9164 17138 15324 11017 1611
2045 2480 15839 6988 6973 14740 12834 19073 663 5421 14308 19915 14625 2412 7091 8322 19901 4546 13589 441 4094 4948 5464 3960 16857 17177
2214 1220 1098 16066 5187 13342 19410 2942 15452 1475 18911 1642 11821 13208 7718 15073 6488 10023 17559 4692 10344 17806 9442 9030 16066 3886
19888 15206 8483 9337 17279 10159 3367 13492 2475 10058 13212 6178 2846 2217 1976 815 17053 5315 3263 15237 18636 8645 13989 4133 9183 8759
17175 3006 4216 29 18246 1897 9423 11412 3713 19430 5323 13883 18903 5005 3957 4857 16520 9851 6596 12284 19108 5810 3808 716 12455 12845
10291 5219 8112 7424 6244 11404 18388 9192 511 9442 13480 4939 15893 17083 13522 1377 7660 19026 10195 15667 2925 6658 868 797 10885 2303
9829 6569 8708 11660 3320 16501 16934 7631 12148 5039 3808 10631 8207 184 10831 13012 19533 8217 3726 9273 10280 15089 11466 12893 18648 9092
1849 6028 12578 8786 1606 3562 135 12949 2346 12363 6992 9747 12653 2002 1382 5700 1971 8227 5216 7053 5927 18367 12275 1290 10920 8196
3948 15735 11176 6084 18283 16355 19615 9588 13522 16655 7038 15040 16404 3989 8630 12631 11373 10713 14465 19569 12463 8277 16076 13718 7024 2697
16529 6863 17348 16982 12895 7651 13421 12465 15663 4549 4716 8349 16003 8664 18212 14612 4662 3126 15419 3466 6901 13135 11183 7754 16757 2943
9320 6471 12838 2854 13705 1972 12774 13261 13726 6290 5958 6415 14316 3437 4076 6546 12626 8074 19894 5640 5137 4058 2090 17286 6886 547
9923 2297 12181 6250 1568 8569 11669 18947 19198 13919 15392 14834 6385 4997 4000 4897 2787 16765 7037 19839 10893 8524 9284 17127 5164 16039
12432 7199 5370 2701 14835 14002 15853 9114 14075 1481 7895 312 4472 14616 11130 4175 5803 12674 4179 1460 17042 12087 18699 1694 19433 7353
11393 4448 19055 9450 5113 8374 63 813 2736 5243 623 4095 6405 18475 7947 12565 12613 14218 13005 18793 16435 2841 19121 1584 4099 448
17680 18131 13946 2753 15028 768 9479 1907 1748 430 1072 8715 11495 11741 14492 2129 3632 14043 12385 14157 19232 17958 5759 14898 16454 19823
18589 13960 15303 10572 17747 733 4510 15688 16937 7118 2297 17529 14756 15511 13935 3097 7479 10882 11737 2066 15985 13427 1174 7633 9839 4328
9587 12303 5675 14881 19530 8415 13072 13541 3581 11081 11921 13861 10753 8151 1652 12399 5859 5402 15816 10278 8761 10212 15595 9825 2657 6163
2918 19574 5338 9415 10065 6535 9729 3835 18653 9949 17527 3825 17555 6244 321 16505 15401 4091 2388 14353 14239 17353 3366 10344 11451 13927
8016 19853 12239 13034 13198 2535 9917 6346 12759 6528 10005 17934 3780 18241 11145 8860 11102 5415 12390 8798 18955 13009 14300 18898 12878 11846
7946 15024 3422 16912 861 14572 6572 1489 12344 10465 4968 7135 7865 1566 16842 2840 13056 4514 2397 18471 11852 8954 5496 2889 13882 4183
1487 8393 2401 15054 9058 13065 14724 18484 7459 18391 13865 14768 19219 4334 8240 770 1226 10309 18189 13550 17978 14881 8137 7034 866 290
14530 9423 12342 15316 1686 9003 19429 2295 17046 1765 17235 3770 5106 10804 3923 8669 137 3908 15099 13597 14558 14789 16202 19812 5464 3603
13869 12051 4329 7455 6536 18546 11146 14583 13556 10869 14424 9827 15004 9568 12702 9540 12498 6769 7821 11504 18547 18727 5677 18599 1394 649
19218 3104 18923 5419 19805 12730 18668 7716 7505 10167 4235 2393 7411 7233 4382 5221 16897 9995 11397 11791 12772 18059 16379 9144 10802 4381
7873 18221 6336 15560 128 16552 851 10330 6337 3517 19615 10987 11026 16899 18397 16319 945 18751 6915 11981 14922 18960 8885 4161 9797 10520
15209 10371 3735 13064 7699 9697 2059 12908 7548 11353 10097 7101 8616 12537 335 8165 13291 4550 7687 19506 19108 2323 3393 9350 8126 11150
16615 9612 6408 5751 151 6878 7229 834 12308 14791 2116 8888 10506 8362 18248 17887 6585 542 6944 118 18103 4589 638 11959 3563 4367
6934 18437 1399 1738 6244 5979 5064 5372 8438 12655 12052 5146 14524 12997 11177 655 11121 9804 2821 465 1272 7756 15467 13314 662 886
5573 2887 3845 1305 3926 19363 190 8627 5523 9085 3280 17018 13809 7595 5216 16001 3321 1360 13570 18720 4885 19636 14801 487 10432 17713
9262 3376 5562 10569 11789 3925 14649 16238 12111 645 19928 13083 13222 18666 11364 14965 7628 9413 3903 9038 7448 9626 18439 19728 18326 830
11426 9873 17999 7395 3310 5449 4168 2277 19179 621 15990 8595 16246 1330 9989 15487 11378 2779 19390 12880 5264 4330 6296 6723 991 9328
9671 3758 18202 4037 5138 8252 15641 3787 4527 1428 19856 1002 18126 4988 8874 161 16165 1523 19305 10370 2630 13353 2277 13937 1198 193
10137 8510 15735 19192 12496 12646 455 11525 7114 8621 6920 9421 3483 18822 3451 13086 11875 2188 6996 8461 15344 6692 17528 8121 14832 14788
6190 3639 18895 5992 5574 18463 3075 18244 7514 7690 6329 2243 11230 9683 5510 5801 16944 18966 18374 5959 8219 7893 10749 3095 4272 4747
1323 18691 7705 4504 13451 2807 6176 2528 13894 16725 7311 18975 6403 1629 19125 13691 18564 1343 2758 10253 7960 15202 9412 13152 11475 13339
4018 8632 12119 3075 18809 617 13880 18280 18663 9212 10761 11139 13260 14998 6368 6648 4190 1836 16917 1411 4467 2506 19054 17225 10482 13718
8911 6637 16756 3954 12691 7384 12725 10941 7910 18192 19383 13166 7878 7788 12272 7681 7281 8273 8406 18309 5153 6425 16482 1405 14410 17146
1880 6711 7958 10158 6026 16713 2395 6216 3397 18753 9586 16719 13326 14582 6214 14454 2737 14974 18015 2794 7202 16950 15289 2946 9768 4862
18282 16402 4750 14635 13096 4875 5471 1676 18642 15731 14392 5347 18592 8943 2502 14770 9002 16665 15052 9114 3961 17999 11906 10926 2685 87
