365
63 39 21 47 88 35 36 56 33 95 76 33 84 54 59 62 95 28 59 35 53 59 15 10 81 52
5906 7997 14923 4336 214 15447 19999 18793 14979 11324 7577 503 7949 6158 10511 14815 15725 9892 4331 1181 12094 9773 658 15009 19321 8990
18174 2463 17046 18370 14329 10225 2604 13949 7849 14510 14083 18777 19766 16644 14803 17980 7170 10740 12984 9649 17631 12880 13421 4623 1761 16748
6502 17445 4501 16645 13118 6196 10125 7922 10885 1906 16121 3048 7114 14447 10501 1758 9753 15191 4788 766 16506 8194 19910 16013 3636 4663
13655 2024 7558 7251 15168 3971 54 4193 5914 6528 8609 7467 10097 19370 538 8713 14672 7183 17422 11325 7590 18415 897 19927 10997 4305
315 5908 1132 801 8853 8996 8937 8035 8879 10773 431 10852 11983 9822 13814 13314 5057 7520 4741 13814 18619 15781 17389 2561 7171 19095
4764 2794 15769 11236 2930 8646 13387 13677 14760 11183 729 762 17600 19730 15923 13756 12163 7778 19655 19398 19975 16522 6392 12802 17119 13065
15554 3187 15009 8994 5857 8116 7587 17587 11063 1953 1632 2312 1716 18098 11914 15746 11062 12919 6319 19236 10563 4973 4689 1342 7556 8080
5879 9391 3971 15873 6677 12417 15836 2444 5702 3991 1958 6853 3877 4814 8958 17767 17517 6469 4133 8790 13929 13273 13109 106 12886 12107
12211 11376 16346 3030 16607 468 19301 1156 17581 13547 4896 1112 18565 5855 17191 11565 597 10234 18829 18043 2641 11254 15342 19073 4335 18242
10869 11903 10935 18160 10073 5563 7665 1503 14428 16193 18833 19475 14176 19844 8712 1373 4364 9580 13440 1416 15085 1849 15151 6179 10998 16580
4933 7731 10104 15937 1634 17029 9206 363 9588 13771 9628 3884 1167 2532 15871 3194 16340 13799 10049 6754 17906 19907 667 6393 3153 6246
2873 17588 1563 15779 18091 1429 10106 2405 16920 19915 14486 14557 16089 8171 14301 5719 12599 3411 3077 9807 14170 5929 5824 1537 8732 3809
9422 859 9011 3206 11184 11196 18533 14340 18377 16935 3652 752 1925 12280 6283 9112 10774 5668 4229 92 3967 2161 11043 9684 14538 16243
5080 2491 19571 3676 10457 6546 6 15238 15229 16129 13011 8586 1515 8704 19370 7267 13773 2742 865 18678 6642 19577 9456 14290 619 4959
17859 8351 10956 18163 11787 12514 5511 16079 13539 10940 756 7316 5057 17168 5035 4446 11564 17216 13037 4976 11067 8735 1319 5438 2961 7139
1986 8580 8701 3304 16074 3368 15838 3610 7044 18254 2395 15290 17271 235 8791 13487 3373 6134 7976 18702 18030 1012 2299 11798 5594 12881
2425 8309 4294 383 12910 6738 1251 10634 4855 12867 3776 6128 9199 9943 13124 7620 10428 8190 5473 2821 14454 1014 345 9555 3197 6891
5957 11461 13833 10426 1944 16741 14806 1205 664 17558 17480 8377 9764 776 9334 19415 7772 1759 6189 3935 4865 15329 2264 17550 15889 10123
6342 19833 2767 16741 6321 14442 7387 1991 19199 6975 14196 3711 5071 2137 9301 9645 8139 5597 1586 13631 16051 11060 1927 1710 5436 17617
16596 19435 4494 3665 19893 18252 14972 15361 8531 14059 7934 19162 4372 17042 10846 18155 3557 15984 11360 8804 14180 11105 14305 10826 10818 12621
2768 19877 16554 14784 5551 13171 7381 6986 2442 14700 5615 11 5810 19571 4945 2248 2139 14823 8499 253 8449 17110 16957 9714 5018 534
8924 12438 15168 18368 5500 15668 18101 17352 12384 2942 9989 855 8797 10834 4540 19823 3539 8740 4768 14752 15991 14210 19160 2229 3911 13260
19866 17137 5408 15896 14347 9299 3316 2453 684 10985 6320 18378 3124 3599 2137 1809 3700 8591 12988 6815 6480 2225 17291 4362 9337 15543
997 1280 2690 19567 6477 3394 9224 7561 9615 18919 18139 13030 857 3246 14164 7685 5561 9517 1595 17393 4067 13823 496 19248 8740 15993
19640 9580 3699 4497 7501 4813 7178 7233 12546 17469 15312 152 5113 6686 410 620 7841 18428 11755 18387 4258 16360 8944 15043 19902 18534
10352 418 2681 4138 16001 3216 12358 18005 437 10077 1519 7066 17566 7754 14571 16443 18848 17003 12839 6251 4948 1503 11073 16053 14280 12084
17024 3741 1627 15693 15516 17302 18483 9068 3065 17271 15361 4522 1072 17583 3524 14589 14070 1243 2967 2808 19516 16226 15771 8673 2543 6421
18612 16466 17963 12006 1089 18765 3733 6245 9723 8350 3970 3516 3880 8881 16022 7881 225 3667 2578 10684 16610 3306 18123 5636 2188 13470
11934 6149 16250 725 4507 13048 6516 3014 3760 13319 6483 14261 16480 2110 10195 14705 17030 17083 17318 16591 1304 1925 3646 16034 10068 10143
16499 6098 14246 8816 19753 4186 16765 11629 10275 13346 6079 15421 6997 4284 19240 17089 12285 5498 1871 16048 19125 14815 1470 16057 4878 12787
4032 8246 19524 1810 6757 13909 8743 17558 12387 16199 10802 12995 4045 5873 19798 19908 11992 15582 17646 4083 13904 14275 13692 7718 4512 1441
13202 17972 18520 18667 15423 4636 4345 11069 6493 18827 12723 14930 6083 17328 2017 14977 18771 2183 5103 8274 8512 169 5327 19390 10236 1933
2022 1517 2859 5175 224 9557 829 4256 16727 8949 10363 16008 10300 13486 5914 18846 1235 3266 1905 62 9853 13473 4126 2594 16893 14736
12476 10302 19983 7386 10821 10700 9889 1325 16175 12483 18468 16570 17784 7079 8747 12671 14227 13592 11513 19430 97 17470 18133 14211 18659 11703
15659 12252 7350 3699 8749 13717 4961 7994 15130 4999 13127 8246 3016 4749 14000 9652 782 3937 7536 11262 12284 16154 19207 12372 19732 10953
13072 17640 19431 12264 9848 14743 14197 9196 10767 12695 15346 1448 5234 10727 18929 12932 19884 13910 13933 3701 15536 12642 10450 17687 15644 2645
9585 19172 17970 8396 8128 8590 4774 12880 1002 5707 17349 1660 2595 15708 14698 17114 7321 108 16726 13888 5706 806 18203 3464 2024 16699
10086 19627 15924 5912 17318 14299 6806 10432 13732 6228 9982 18714 409 10585 8901 11146 19 15380 4607 7284 2165 18426 18091 10209 7514 3655
16054 16343 1951 17291 16915 2341 17294 14178 16596 1468 2545 12447 7572 19345 16145 5777 4919 6135 13086 14442 9002 6124 78 7260 838 19398
12860 7749 16970 5027 4921 96 1459 16121 12568 8528 19844 15039 5818 15310 13639 16696 153 9910 15812 10028 18666 11613 6156 10174 18551 10237
1430 15734 7748 6911 1043 13547 12962 5772 7884 7924 19782 962 1370 6031 18623 5606 16728 17439 7979 9074 16577 14114 5534 78 14983 16693
19963 19977 6479 1118 18574 3118 17197 16838 2361 18188 12170 2447 12966 11377 5412 1843 3828 14886 9911 7437 1914 13524 2640 16702 12518 11368
7746 13806 6453 1171 19425 12846 4525 3229 5819 4378 3000 3086 12522 15003 13698 340 12870 18704 2295 19506 15764 9995 18218 784 10883 7320
2171 6848 19369 4675 18716 7231 18399 14057 9553 18669 7665 4025 4247 15045 19106 8056 11137 13201 4093 16822 8571 13421 15195 5915 13421 12488
13258 14081 13858 16101 11533 16448 10999 4034 12070 11637 19465 1508 15559 11254 8758 11228 18611 14052 13521 8518 13522 18476 15693 4588 13077 7180
19585 10228 2089 14605 4396 16407 19729 8122 1972 15109 18303 3879 10168 16613 2884 3318 19897 12878 15784 8708 17142 11666 19407 12223 1706 1035
8372 13880 14163 6569 8861 467 9437 10316 15518 8948 15034 17327 12044 15844 12073 10647 13518 7030 15652 12914 11609 13760 11967 909 14380 5578
2232 18783 14854 12640 15568 15069 273 1648 16351 539 14027 19598 13236 13643 19035 10955 10656 822 19069 2588 17603 16782 17502 1250 1361 10746
13612 15487 11790 12971 7251 17880 1912 18061 1827 7662 12673 17553 9399 15125 8965 13141 1464 10081 12315 3153 1483 19190 11694 6734 10963 6624
1866 15051 18950 51 14135 8351 2295 11288 8908 15158 19585 8731 5299 4996 11752 11203 15260 11739 12036 8739 10584 17212 13387 9570 10548 12376
4624 11410 13989 4970 281 18249 11434 14736 15056 18537 15699 4237 3982 9682 5844 6253 12390 9759 15618 2868 7772 10122 13347 132 10119 19401
15713 5720 15222 9956 6085 9701 2749 9132 18450 306 5887 12528 6486 3527 16750 17518 5161 12101 6293 16633 8093 19779 12631 8093 10213 4163
11648 10831 8676 5819 3929 776 107 15742 6053 15811 15585 243 2373 1156 627 9329 6442 6108 4797 7810 15838 17340 11861 2808 4193 251
18678 2568 13771 19465 7811 1315 1579 7682 12624 8852 14674 18636 13081 5314 6865 2319 16811 15924 12054 6872 15134 6187 12957 17641 19877 14528
12839 1826 16359 14192 5149 9411 15534 11359 437 16049 17691 4777 698 315 7577 10361 4085 10526 300 14795 5520 11119 5402 3260 1107 4090
9937 10841 16532 11462 10230 3132 11634 6813 19009 229 16294 15538 17815 8640 3959 4840 30 12246 4992 14643 5461 17305 10179 2863 1329 1565
14675 18922 16039 4880 4918 12079 16232 11978 5196 909 10597 12174 4632 7415 3178 15606 19859 609 3071 3268 3422 5467 4951 19740 10517 6761
6937 12197 16044 16212 5660 7690 14844 3479 5535 18130 8368 15610 1530 10110 10966 133 4760 6626 16253 11306 7009 7941 14869 8193 19167 5725
14490 8272 805 11515 5844 2322 17417 7430 15560 15744 17608 4950 5251 15883 18921 19271 2532 969 13821 5135 11423 1302 5202 9994 18938 14662
3673 3903 10104 6363 19701 8416 2196 1847 18171 17335 1723 19218 17495 15904 582 52 14718 17858 19273 18879 13580 589 8676 7512 12089 19516
10195 14250 16598 15330 13581 13059 9769 3921 5053 18284 5053 6571 11705 8509 16479 5951 18401 17704 8025 1529 5722 1497 17364 16164 15580 9562
4684 1340 6131 10787 2883 19057 7990 3440 14998 15821 18479 5843 17340 5862 10426 5743 11862 8641 2880 6572 2584 13946 12326 18405 8493 3665
6682 19988 4698 1990 16697 14961 877 10666 1116 13379 11887 8439 16301 17996 17225 17652 13606 11201 10680 18190 3558 12504 18602 10565 1007 10486
672 9908 12219 8116 6837 7651 14347 11095 1786 9320 1353 4117 3281 15021 11403 15898 17042 5515 19266 16496 12383 7056 1471 15270 1221 7517
16797 16901 1995 9652 723 13712 19135 12013 2874 5653 5365 9300 17719 11473 2008 8728 13085 15646 17010 19684 14621 10077 5369 8571 117 4904
10955 14094 5806 8132 11592 1299 9275 10529 8093 2080 10325 14197 9186 17717 11889 17248 19823 9312 4659 14987 4217 7401 1676 14206 7171 15637
1661 7422 8911 10372 18736 7718 1598 9770 11606 2223 17643 17581 11499 2691 8311 11796 17460 14229 12166 1311 10549 18845 809 8290 12684 2685
9862 19872 16626 10686 3675 5110 9728 4051 2185 6622 2397 8292 18233 7758 4054 18032 14842 19456 5359 18646 3925 13748 3878 13404 16854 5433
19446 17480 5626 7762 4122 7544 15844 12887 5070 13107 433 13584 11197 10765 2798 7895 11426 10651 916 5932 15335 1786 17700 19053 1784 14404
8000 1944 17103 13733 9552 13048 17212 14745 11526 7303 15224 18345 19394 9668 14914 17501 15409 11922 13850 7516 2514 1127 6781 19073 501 8941
19703 2127 8028 2944 16029 10729 19301 11521 3332 6297 17 8641 7931 16081 755 1505 8458 15662 9159 17339 9881 14698 18391 12767 19011 4951
9839 17695 12631 16309 13291 7851 2782 16628 16777 9711 81 264 18822 10868 1842 15957 8541 1532 18967 5871 18957 13679 10764 691 6762 18630
7913 19216 6638 13460 13665 13876 4270 17657 46 6951 11742 16118 8857 7952 5579 17252 11795 6898 16770 8311 17232 16506 14222 15985 12209 5230
675 4359 94 19879 8610 18923 15488 1688 17581 294 13349 17015 7100 508 18818 10108 3792 3633 1535 787 286 19669 17391 446 12663 15858
15255 17438 4308 10388 5497 16798 11802 12085 18122 4499 8446 11217 8889 19810 19322 9316 6740 15107 8078 10380 6071 7090 16910 5827 13061 10768
19950 15797 5084 17937 5844 10461 15149 12783 2841 5680 13455 15885 17106 6188 18294 8964 13469 11207 7497 6267 8082 6386 10979 13592 13869 10906
5441 8894 2697 2870 6416 2474 5299 8831 19119 13740 1961 15236 8255 5872 10473 9580 2211 19077 14935 3669 7275 6986 12993 4670 6817 4478
17389 5081 4598 1367 14923 1010 305 4133 5533 9832 14292 2794 1085 3624 9443 14247 10488 917 4461 19508 3753 140 3339 11313 5843 13066
10441 4063 1455 11532 4917 12756 18967 13759 2704 4680 11770 2020 19621 411 16911 16405 10198 9979 4491 16031 7815 15769 12201 13834 3762 8915
10221 18462 13525 931 12749 9245 4875 8310 16462 14915 18529 5490 4325 18204 7485 14850 19689 13681 7392 19938 4039 9489 12290 6143 18101 3546
19846 18821 2625 19298 12051 18657 14401 10787 11540 1844 14890 44 12971 15856 5138 16669 1420 2891 3726 7266 4563 1631 701 8209 5955 14030
7352 8845 2382 3242 7697 8721 14838 13704 4971 1755 16508 3166 7292 12285 17002 4730 16471 16762 16675 10832 15370 5029 651 424 6854 17793
6281 19466 5362 659 2727 3959 18276 1887 16734 7057 9268 9331 6982 11845 12995 15527 8924 9625 16085 6874 5060 12676 17060 19657 16427 6963
17070 17254 1242 2730 14198 10257 10798 11885 10091 312 3921 6038 8515 5602 7799 8531 13978 17975 14778 7216 15435 9739 17498 18086 4448 7831
4144 16911 18551 17095 18747 10722 2567 14537 15698 4920 11769 11503 11241 779 8948 9827 498 7731 4368 7777 9718 13250 17524 1794 18989 2233
5585 8370 16293 6652 18884 10363 12547 3514 11674 2319 11348 2203 3323 5582 19350 2339 8834 4441 2448 2760 18078 2284 11902 6010 8940 11060
15632 18965 18152 13364 11223 951 16918 8330 7997 19576 12750 4635 19881 18410 1389 14148 9641 17728 19805 2938 4546 7275 15852 10660 12205 6110
3414 11496 5490 13116 455 19924 10114 7420 14773 9525 12816 3960 18364 8087 18471 17831 1754 11410 6825 9143 14512 3683 19561 1640 4924 2185
14044 3257 14596 14332 3118 12408 719 15498 18786 15511 12847 4897 17105 16097 15393 681 491 4835 14326 6238 4937 16456 8697 15397 13518 10059
19123 2297 9408 19237 5249 5252 9955 9205 13932 2386 17737 10922 6683 2861 17149 7174 8450 7444 11294 18041 1304 11461 18747 18111 12895 4456
1249 12090 11015 9513 2524 4691 15035 8291 18150 6673 18306 953 13960 17372 2297 6821 15284 6836 14211 17892 4125 8424 5802 5806 657 17971
7722 2944 18036 13252 1041 2871 1352 10622 9058 5329 7454 15624 14932 7196 13472 10916 1886 11489 17136 17340 7409 13124 16153 16585 1790 14815
6429 14265 15013 19465 18343 6159 9255 10610 5873 4608 15630 19040 13677 4757 10729 13077 17820 6030 147 3630 6259 3367 17736 768 609 7672
10076 16284 10746 6361 16871 3814 261 14891 3919 7681 18686 2990 8589 2907 16859 849 5094 14152 11355 5642 11194 5234 7724 5989 5554 13288
17261 18533 2161 11489 4104 19892 12581 10328 15882 689 15830 1725 8268 5510 15650 2275 18926 7082 11821 455 1851 5599 14565 9813 14153 9119
8617 793 16076 17612 16121 18448 8216 13301 10326 16213 799 1508 1212 15040 5461 18552 2069 545 8475 3036 10538 19089 19351 8026 19148 13660
15496 947 1497 17930 4705 4276 11705 10248 5669 2487 17129 7484 19245 11439 13990 12543 2308 3663 16869 17036 16216 2551 14406 4408 18193 5780
2732 183 3202 4597 7194 16606 490 18729 421 14971 11895 1884 15880 19231 7150 5400 810 11345 4500 1580 18241 13142 18037 18987 18500 3161
14054 19491 4871 10380 14700 18429 11849 7343 11625 19982 4423 16309 10262 9827 5893 11931 8665 19094 4672 18353 7326 3897 12125 19721 5887 16394
6874 11774 5748 925 14390 9973 4364 7551 10911 8655 16649 12962 17410 7096 10593 12088 13915 19092 8307 5531 8597 8775 4311 16478 1375 3819
10682 19192 14474 14931 15892 1589 4491 12669 19746 465 377 4604 16456 15493 13653 19509 18046 7111 3391 18628 15413 7424 1676 10904 2147 16028
16627 11654 19677 14571 11631 734 4957 3481 7461 2831 2986 16757 8346 12231 16465 14798 3962 8568 8284 7974 7466 3839 12230 749 5622 19986
1023 2465 8776 9759 9035 1856 1307 7527 19113 12660 12699 1649 14629 3517 1297 2585 19199 2150 3049 2603 2158 94 9806 416 322 13993
17660 16488 3857 17988 3141 14417 286 6630 14893 14956 12723 8995 17758 6414 7270 14293 4151 341 6847 19014 12243 7284 5245 7394 17277 14320
6779 10885 10066 10330 15297 18568 10856 9919 13699 5498 10894 101 6537 19365 8246 12029 15781 6023 13457 6718 7535 4490 3146 11283 8071 13563
14663 15290 5166 7897 3045 8412 4559 13275 11735 5201 17704 4092 3830 14682 5423 17750 8408 682 4801 19818 13595 5048 9462 3644 4693 15493
2574 14414 3686 13274 18452 10973 710 5073 14680 17101 4251 16229 17752 4474 3404 9912 2723 14068 12139 3587 2796 10523 13065 12157 13482 13115
12284 10290 1902 4013 1935 8135 15115 19427 17164 18727 19121 1232 13908 16381 11055 19717 14775 9938 9406 12876 1550 7313 14560 14730 5757 4952
12907 2684 19614 8696 2478 7587 16911 8430 6802 13549 6452 11977 18524 9639 1868 9835 4108 14068 5209 9590 10738 9235 19331 2410 6394 8557
14909 1460 263 8900 5414 2625 13825 17373 19273 12070 14506 13262 19016 6883 15205 11403 682 16583 2930 4048 18372 10141 730 3210 284 5849
15058 12785 16731 13388 11965 9085 1016 2923 4417 14120 4152 7153 13667 19729 17328 11586 957 16937 14311 8700 432 19144 3185 10294 2180 7065
10344 7428 16505 14857 14003 3527 7750 13711 15682 6987 16133 17004 15099 7657 5724 3483 12062 15670 3363 5265 16053 3225 13696 4018 13492 1260
19260 3689 19267 6667 4180 2938 9862 9433 3846 8355 3911 11369 6595 1978 11600 9388 18442 2340 19172 2137 13803 1698 4061 5040 3511 12881
9599 6847 18490 12662 9659 6006 6373 10590 16638 3596 16172 6826 10708 19619 17674 18 3594 13970 635 16754 16751 8365 15009 1787 7087 11455
7826 13801 19004 3637 18546 12149 16196 12622 3791 18544 18775 14345 14385 13031 4916 9103 5850 17089 18213 11035 19131 5671 8538 3157 11852 18152
13586 1706 12524 6867 3059 7811 8354 7058 10222 5081 4160 18263 2219 1386 1373 5523 9327 11145 18117 10853 19579 16455 6253 8925 14339 16807
2786 5382 18972 4562 10785 1539 14144 12705 3931 19170 3403 12250 1579 16857 3465 11020 16326 744 1195 12482 14202 8840 18316 7814 8717 4378
11176 17572 14787 10245 11618 13189 7701 5082 8663 10892 14031 15700 8086 11368 4712 19228 17934 5444 6746 2657 6504 3311 18127 8199 6167 10803
10987 18307 169 1337 16967 10515 14485 19309 5961 2121 10675 2293 12677 7092 10440 5513 14040 11885 7191 14187 19228 4032 2049 17785 1129 18784
10805 6020 1077 223 10975 14559 11603 17169 18047 5933 6233 7727 90 12688 18238 14716 8971 3164 14764 11620 13474 10099 15276 5796 9218 1391
7363 2040 7907 1014 12750 3553 3015 17181 8893 3928 14536 10863 6771 16848 17649 2306 2921 6630 7563 10456 11712 16620 18206 9731 11230 2282
9197 8518 4349 1744 8628 15965 1251 3385 11615 1923 8811 7095 9998 1002 11101 6221 13072 2089 1102 18668 16984 13760 17661 5596 6049 15983
13190 3736 16850 235 15151 3577 15334 19455 4580 2174 4449 4816 3448 179 3869 13249 12716 2280 8705 2046 3491 12119 14690 19197 11993 3002
12470 9595 15516 17246 4148 5326 2118 19063 18980 19255 15005 12579 15912 4035 7963 4409 10481 1273 3672 3830 16394 12177 16525 18545 7166 5394
17966 11054 6552 12790 18210 7612 4964 13063 9469 2855 6084 14867 14885 6725 14277 17170 16285 1650 10599 7785 8813 12850 19094 13487 15484 13294
8270 11444 2368 17276 6314 15012 895 9205 19696 5245 18210 3061 738 7592 3683 10821 6726 9187 15051 2988 14812 15583 364 3506 8801 11357
8575 8673 8574 12364 19199 7021 3472 18988 9718 10137 4667 9933 16927 766 4000 415 5457 13088 16497 2064 16994 16003 17815 15146 17031 12428
7063 8996 14433 5975 15922 19011 3809 15333 8384 15289 13798 13592 12595 4587 14803 8081 17010 19181 15854 1893 18514 3912 18318 9292 13766 8431
7937 3689 14612 2657 13782 19965 18612 14979 13782 12819 12818 1366 13308 13056 6884 8663 15876 15604 16188 16620 10742 5006 5695 6365 9913 5805
9019 15271 18855 3010 7823 17035 18952 18016 19542 10331 11428 12289 9539 18951 9315 15214 9471 6587 10219 12692 2231 10689 19963 7984 15164 16653
11532 13823 19460 16045 6459 1116 10433 8417 930 6413 15306 8709 947 7964 8784 18135 6150 6389 13314 5921 12569 19834 1491 18307 6314 6575
3154 15926 11621 3988 1808 9562 17099 9188 19266 6060 2596 6333 9592 17426 8507 8405 4284 6382 3505 9508 15216 1842 7784 3295 13182 17314
3045 5628 8868 12964 8060 18776 2673 15169 16328 13758 18 4205 5291 13436 4132 6251 8487 4435 959 10107 13428 9741 3789 1091 13429 9132
17728 4994 13001 6782 15702 7416 7665 5065 1955 11638 19161 247 4529 15786 2963 1296 18963 6373 3134 10880 12138 2823 19864 13853 6028 11340
2985 5950 12319 1210 16347 12339 19355 4484 12021 13538 9719 5104 10007 18131 11276 14504 4100 4560 1084 11903 17813 14683 1106 14795 7959 15806
8836 10703 9982 2909 13500 3392 13327 8457 18047 4446 12124 11016 15151 5197 6784 9546 7056 12548 19799 15083 8977 5308 5288 11761 8369 9771
1336 6559 19754 5693 10185 19199 16271 8650 18656 17823 14768 18741 8095 4587 5045 17658 2022 15701 19658 10614 10754 5668 13013 3136 17807 9502
862 10402 1185 9914 17870 18956 4763 1711 18185 3355 743 11649 13929 13398 12008 5368 18143 11029 19891 18583 12251 7230 3138 19695 9304 7250
1534 7680 18027 16125 14604 13975 15544 2215 7769 15392 2438 2305 7005 16369 10087 13750 16382 7837 7710 4121 8963 3381 12399 16678 11798 10866
17182 861 11167 3571 13581 4707 19952 12325 4162 12855 541 8995 13932 3526 12638 7857 9820 16122 601 9206 6042 4455 19617 16578 18688 1959
3646 12117 18175 1752 5716 12575 11729 762 19494 10535 13520 10561 7215 514 12752 19228 7323 17388 15756 17254 4916 4666 4867 14686 15013 14639
10572 3300 18481 19153 1708 18835 15051 5848 8344 10851 14615 6031 19325 4039 562 5560 11290 7589 9631 16023 18507 12887 13337 7754 17126 8845
6019 6865 18292 9868 5176 12931 1072 13899 15785 12848 14248 19311 14577 14719 17265 8568 6175 4694 2708 18618 2643 15163 18566 19104 8945 17332
15809 5815 6236 2871 17790 18133 549 14288 5766 15328 1275 19278 7728 11462 4700 15492 14045 19774 4655 17765 8284 8068 2927 19173 7958 18896
1518 1773 7183 12018 17926 18400 6512 10416 17193 2594 17185 16780 12648 16211 3600 14260 1285 867 13208 2045 19226 13304 10259 15622 534 17698
10993 12166 1042 1159 419 5184 1967 12155 16269 2373 17112 2509 11474 9301 13884 15527 5222 12753 7464 4063 14738 19821 6576 7700 11487 19266
8066 16196 9288 3070 3017 12369 2326 6090 19864 13381 6481 15596 9625 1010 15001 6248 14483 9290 14026 11296 19232 13539 19945 12806 6368 17444
5239 12750 10874 7722 14051 15874 5514 16823 7981 8067 1190 12585 8586 3918 16426 19163 13336 4100 976 19373 18830 10679 11302 18122 9778 9614
1538 3267 9040 17162 4352 13620 6608 2142 11042 17183 1230 15496 1869 6302 5736 5509 19921 10749 6832 8464 19356 19087 19387 5285 4049 2805
15448 16075 18289 17314 127 664 4377 13286 7563 17933 8236 18256 18385 16533 707 484 2213 14437 5981 16024 687 4184 14394 10749 6065 6307
8081 18902 8702 12457 3149 10420 2805 816 8569 14313 6803 19696 11400 15524 10456 12385 2302 3943 18985 247 2823 13416 17213 4501 17944 6713
9889 14560 17295 14992 6447 8666 13334 18364 11295 6222 15333 15503 19320 5307 12316 19469 13633 16949 12278 12062 7402 5110 3775 3652 18100 1575
1390 1505 17400 3708 15336 2464 16695 7271 10042 6203 11943 13270 8983 7352 12607 2775 5763 13523 18981 9700 17023 16759 8209 19921 13754 1882
5003 18600 10634 1552 18918 1868 803 15160 15497 17262 8668 17023 3917 13237 429 5435 5915 9856 791 13654 14718 14311 14729 18980 14765 16379
9614 9225 14239 7204 14535 17581 14617 18508 9263 334 11595 10477 17149 3042 12311 2869 7006 17131 16037 18209 12498 10256 11742 9681 2177 10060
6628 14739 16629 13157 5194 16179 9671 11307 4616 5541 4957 2922 5749 15814 9938 7325 14586 2011 18637 16211 3730 14826 19633 13010 14814 7251
9956 18527 7944 14275 15008 7544 9484 1412 8889 9214 8942 5936 7422 7568 15139 3822 17919 8464 12548 96 8610 11268 13618 1396 7747 1841
13745 16368 12862 18038 4449 18806 388 1623 10261 3943 897 8945 6419 18909 14949 4386 15596 6649 19442 4764 9540 19973 13566 9670 6808 10938
19405 14126 17444 2812 3291 231 8513 847 9036 2234 6493 19039 8636 14848 12634 9230 9952 12600 17411 17360 13189 4614 2402 18033 17673 13370
19975 8150 14402 3487 9664 18365 85 9217 12073 5264 6354 757 12602 5834 18744 4813 16424 5697 1246 6021 12895 17959 5293 2179 19370 18815
2239 257 15909 9194 19913 9817 13433 9115 11711 11561 17788 16019 19717 7276 13697 12686 5183 19594 6253 6526 8680 16370 8710 2532 12469 6070
438 12377 8064 10798 14230 18402 9589 13308 19541 6863 3369 10155 2196 11483 2842 2595 10827 2258 3056 7553 7436 988 6453 3635 7274 13934
7795 943 7145 12839 8962 19869 7900 16797 3012 11161 11987 12026 639 10186 13142 18781 15114 19779 1227 13274 6429 3545 1865 17175 17815 7752
19504 4662 11360 7693 15406 3457 10428 17579 3285 7834 18429 8944 9235 2643 14442 2376 8854 5219 7687 7520 9614 15804 17707 10754 5315 3265
6666 3580 13003 5198 8088 12712 16976 8793 17620 13412 13214 12547 10483 3916 13579 447 15589 9213 11483 10641 10143 12472 6899 17425 16313 17038
4547 935 12211 16239 19560 14888 13084 9029 7486 4641 17966 675 6550 11798 9118 4745 2761 1685 7850 4836 13423 5362 17469 19019 6853 1810
14104 780 19768 2837 17106 1229 5651 19275 18384 11081 13636 15457 267 1806 19808 16426 7055 18608 13664 15239 10723 15200 15136 18520 19672 19121
1434 4765 14462 17211 6679 12562 19808 16025 7989 15431 7679 10519 16673 16737 3502 5431 7475 1171 8164 6322 27 9735 4643 1507 2890 1566
11653 366 19922 1231 2793 5507 11975 8389 1583 16478 1875 11954 18958 9893 1070 9993 8168 3891 14895 7729 7259 16354 14575 16328 17516 3769
17787 6741 10947 15967 2785 7392 12287 1163 17903 9840 1409 15271 5972 10264 9996 9151 15177 452 16540 14340 19439 16403 6102 18326 1706 1523
202 8653 18983 2500 17238 18080 16575 15699 4252 5964 18565 14495 4397 6001 14237 17607 8197 8523 15423 748 11555 5203 11095 3911 6770 9111
708 6057 18307 3069 17015 432 7896 19967 5880 15853 13035 4452 7151 19017 15482 14802 12291 17564 5951 16115 12460 17375 2480 637 11644 4031
5058 17725 10081 18380 13276 14764 18139 12588 11172 13463 718 14101 17472 5427 17602 19468 11595 11167 10256 10154 5867 1312 12835 16982 6365 19479
9313 1391 1210 11033 4847 12562 11608 5938 10006 12666 16485 13186 10036 15586 18175 10332 18370 13431 2409 157 15781 5559 5640 18763 15786 19548
1442 16266 5158 14006 3598 19263 14685 13796 3139 1038 4795 12967 17508 19027 2761 917 8601 7891 1398 7614 5186 8321 15947 11058 6382 4543
7034 7083 12002 14564 19953 2129 10881 14476 15819 2849 13652 5095 7098 5677 17014 15823 9632 6430 9284 18003 1954 11371 7024 12723 3080 589
10067 19161 5740 14925 8748 8272 8579 14949 8437 2158 9406 5707 12539 14386 2048 18182 6920 19197 3155 2248 7322 4613 3760 3124 3423 5431
11358 7489 2647 12376 99 15106 13978 7334 10572 5463 5268 4126 7874 3041 5120 16002 15826 2858 1505 6719 9290 13892 10110 13853 228 15973
338 14187 8671 6486 12682 7906 13470 9406 9728 18101 5262 12968 12046 11023 19639 938 17661 9753 4588 14705 467 13200 6557 8489 16644 17697
4007 8334 300 11143 132 19974 18126 13735 4183 19846 3992 17949 16375 18471 6149 8819 740 8116 5388 7198 8593 15279 16747 12026 10870 15214
3204 2077 4712 14243 12250 13317 8694 13329 19871 19080 8847 10467 12337 6785 6583 16859 14858 14233 18 1179 11843 11246 11725 6983 18890 7016
263 8749 15127 11907 5433 18453 3285 3904 15410 8043 7933 15717 16922 6316 8879 9870 2449 2582 17467 4908 7114 14817 4437 16516 11120 3078
19168 3439 19843 15921 11051 17479 9259 12043 12484 4705 5296 2282 6838 12682 15255 175 18459 3835 7652 2140 17876 3853 9781 16267 4748 4452
17671 4449 5960 16024 17468 6628 10901 8501 7463 3434 18074 13682 2766 17800 8930 19438 8125 3186 16833 11553 19738 7312 4409 10723 9139 1516
14671 14812 1910 3496 15553 17346 9491 14955 8674 327 14682 17897 8702 19601 1914 13432 3154 17491 4712 5707 1058 8376 13130 2020 4982 5174
12486 16863 1394 1349 7978 11470 6060 12993 11568 72 4165 3043 7654 15185 16598 12340 18906 15685 12480 3612 1145 13088 4686 15298 4398 1769
8413 6065 3707 6762 9823 11600 3937 10300 12206 8875 6567 199 7212 11791 11481 11090 10503 10479 10976 13274 15430 18368 13913 10314 17415 10553
8648 17275 16730 8033 13567 18031 282 3480 10554 432 11818 465 1894 5223 5910 19380 14164 4922 4148 14047 7999 15958 6586 5088 13842 9096
10665 7568 15998 15562 2307 10044 13065 1980 2033 19531 13963 17017 851 6445 7281 15134 4936 14933 17889 13356 8180 4141 788 4781 8823 7781
4923 6461 169 6370 2835 9590 8967 16627 12463 9015 5870 13150 10055 14024 2868 7534 3861 2455 12655 10848 11265 15825 19466 3064 19714 18953
4378 19895 5712 7407 14611 4488 2349 7958 9840 15913 8152 5002 7430 15396 18067 4180 15627 19350 7973 4790 11552 18808 2614 14297 8646 9822
5457 13013 15173 3856 5910 18516 7918 9606 6784 19053 15004 961 8983 14163 1419 19686 2338 4014 13225 8354 11006 1668 7148 6086 3837 15333
8062 1640 702 9333 15630 3884 5651 6710 9583 14304 16282 8878 5914 8187 1898 2595 15032 11767 6238 7569 4759 2930 15660 1743 15112 4709
4682 13966 19448 2626 4654 4154 8737 10265 1611 12788 12887 3675 17319 16674 14755 329 2928 11390 18610 15938 4949 13302 17748 16615 15983 221
8679 8167 9528 3653 17674 8877 6502 19168 6566 16578 6356 2687 10157 14685 15256 6923 6705 7936 10154 1765 8709 15108 11187 4212 8420 5178
16337 17870 4196 18551 868 17824 15160 14183 6192 16036 6832 13288 3724 15056 6832 17971 9462 13286 15283 9856 6290 3531 18356 5649 2256 4670
17604 6311 936 12487 17999 17813 9452 6329 12969 5806 7318 14633 6844 1097 3933 19988 19233 982 9587 12700 6223 360 5428 11704 7152 16840
2164 6534 2219 9450 4816 10331 72 14088 2288 19413 3580 14159 3502 4639 14977 13392 15259 14678 5006 2585 10307 2309 10965 15607 3903 19525
2925 2466 15203 6880 3580 576 8844 14134 18655 10195 18596 23 2361 8981 17771 5452 2091 10887 14868 19730 13413 16039 19974 5684 14985 12562
12310 16148 5879 8939 13401 14225 11274 5670 12733 6340 10040 10557 2122 9713 1027 3446 16188 14596 1902 11380 7411 19660 16993 11647 283 16679
13326 13326 8514 18490 3625 726 11364 9416 787 17072 15904 3369 3581 10258 5714 8418 13233 7694 18382 6576 10128 6392 18623 7455 3526 11306
5606 11440 7267 7941 17854 19257 19011 650 377 3276 3301 9507 16920 13297 136 14441 18252 17711 9276 3659 13060 2005 14068 15650 16155 3174
11110 15543 821 14831 7711 11385 13056 11247 16619 18328 6690 19889 6763 3794 8249 3636 19758 18277 19470 8434 12761 2108 18893 8574 1715 19685
18167 2807 17355 15945 19302 7334 11441 6766 6737 2112 9265 17285 16337 12931 8685 5552 7496 13252 527 13701 16509 17541 5313 7543 17755 6509
11447 12489 6724 9776 8380 15190 3643 2867 8465 5959 13111 15492 14156 9601 293 18460 19830 9700 2750 17684 3986 17029 7150 13447 10834 19463
11465 8852 13957 10541 9340 13002 9077 10976 13897 19158 19407 15471 19831 4424 339 15200 17536 9887 16127 19438 17800 6818 17864 14233 17346 8575
14144 9848 3804 5323 13892 16119 410 18465 16428 13184 4404 17721 11396 13992 4584 4020 1458 3343 8004 2670 369 14178 7327 1049 4352 15935
13661 6386 5673 9937 15404 19471 16466 9534 5569 1257 13313 699 560 1013 4892 17201 16693 13458 19777 14463 7076 11164 19476 6776 457 18495
8697 12755 6121 3842 1047 9384 4237 11420 19851 4236 9786 14237 10202 17819 4278 11751 12353 3230 15215 734 5956 2604 1980 5186 9874 12909
5532 19166 15586 11965 16665 17072 3978 19574 8396 18911 15071 17292 15374 14023 1261 10392 18424 6993 4043 11518 13219 10628 12243 18440 5602 15580
19460 18814 5966 18900 9085 2552 11632 6984 7894 2664 3620 10681 15317 4969 10257 10666 1894 19937 1744 4505 5079 16001 14155 13313 14808 2742
1253 15707 14202 4274 14764 9494 5548 7467 10594 10173 5343 217 7611 19383 410 4410 2079 3593 2297 18564 2328 17278 18612 7029 18148 16715
19807 15986 17721 3659 3216 14234 12703 9885 4797 7277 3397 17145 8416 3899 15897 6826 7236 3038 1589 2991 9045 11687 4553 7939 12623 4352
2149 14674 4496 6082 275 18308 16642 145 6445 16371 6682 14646 19121 13767 3922 2373 17541 11813 12627 16291 11509 19552 10923 9203 12260 14652
16967 19087 5058 74 12017 14504 15047 2326 16593 15287 2701 7885 2081 897 6229 12144 14194 10821 13945 16850 10864 10972 11916 11547 18123 10408
7773 14768 13518 16062 16888 11783 18400 7734 18275 5190 10529 16479 7267 12664 8970 18757 14570 2772 1139 1191 8697 17486 16046 17702 16246 7865
12474 17883 9328 16027 7255 13590 1320 6655 19639 11482 14535 15591 14916 2196 244 5460 10331 7650 6231 14972 5882 9432 10078 19344 16250 11331
1491 19123 685 8394 18372 6297 10903 6126 11181 3813 2587 7915 12534 4673 11879 9395 9187 6843 15061 18635 17321 17965 10721 9602 15446 7125
3984 6353 17729 14833 18976 8305 19837 7066 12181 11654 15748 12806 5243 15115 18069 17962 11821 2442 2561 15197 15390 4271 2024 16297 2847 9281
2703 12625 14710 1256 5462 16279 12674 10876 16142 5058 12236 4018 4829 1478 12651 2175 8814 2266 4260 1521 12123 15028 75 15775 4052 12803
15776 6576 9977 7609 15937 19850 7697 9271 7993 11879 18081 15805 9153 11841 13220 18744 10730 16050 6314 17207 18913 15069 10771 1997 19184 4133
9830 15618 18938 293 628 14747 13361 19647 7311 14202 18387 3674 8327 8863 6279 15412 12994 15271 4263 17778 4926 10789 6948 11995 680 1688
4780 10085 1788 19850 3346 15055 287 10677 7298 7310 11286 10702 13148 15591 4452 16283 14707 5801 2997 8204 1326 18024 9454 12679 5847 18704
13107 6733 17143 11075 14895 10415 12080 17241 16615 16620 10866 15801 7333 2119 3120 11849 5376 2285 14994 2076 10437 13935 12205 8903 6392 10364
9879 9887 19861 4552 14321 7246 589 2154 5475 18237 334 16081 8098 13936 14090 15149 17676 3935 7555 695 16440 511 1109 11775 2581 8427
3292 14824 3566 17660 4948 1493 3884 11509 14042 15243 6494 824 10236 7859 1311 14746 17890 2378 9849 7342 17813 17840 12910 1943 10320 19949
13687 18922 9242 4103 2306 10622 12421 15945 17490 1555 18875 15306 3093 11547 14824 6091 12577 4903 15346 17450 15548 8903 15590 4739 13524 2121
6336 15543 12234 9514 14811 14761 7954 2090 18506 17094 5454 2192 1317 3670 10599 3536 7167 5842 18802 3829 1039 6706 3385 5042 6672 11203
3621 17451 8213 4147 700 18978 15558 6544 17394 2763 249 4865 178 5441 522 3928 698 7469 18991 11582 15605 11048 13655 9857 19806 2422
17458 4598 10126 13876 16455 11167 5960 7673 4680 3746 9554 13730 19128 5991 14231 16063 8286 7079 2149 11220 928 9342 6641 9354 8089 19973
3937 19928 16110 18304 10549 4731 12727 4702 6443 8829 13532 10349 3563 157 13253 504 627 13536 10673 15346 1552 12794 2885 7955 7691 18214
10466 2114 10217 4944 9365 9170 11812 19210 15379 7528 10224 18948 14913 1016 5512 13300 9991 15569 12914 2570 5011 14830 15370 18752 1498 10805
4133 7734 5410 10061 10978 8508 5388 19031 16404 4219 19744 18907 867 13612 7606 6488 6894 10827 12007 5446 4239 7457 17613 11957 14463 18189
12135 14033 1529 11722 16493 7052 464 14061 19781 3833 14375 11790 15894 18569 17048 9046 12688 1872 18863 8904 15466 6943 5826 12266 6 4480
13864 6592 7137 11682 8607 5225 9712 10970 6918 13482 1745 5156 17837 6402 18676 13029 13942 8481 10985 13584 745 15310 9639 19012 10130 2273
10705 5364 14117 9347 8158 5487 19670 14171 13215 2757 16623 10152 11048 8465 7916 1309 13429 17064 11120 1291 4796 1399 8565 19065 8854 16359
9036 8988 17526 5148 19576 11144 14419 930 10099 5459 17960 14446 8235 16893 15660 8567 17453 8257 19846 18698 1323 6849 17282 17898 14211 19654
9250 7276 4744 6359 5565 5658 5754 10064 7894 993 6105 19734 12773 4013 6405 6353 14028 14871 16870 4739 5808 3916 4552 2993 9573 10532
8610 1255 6177 2099 6381 18873 11203 1731 19833 17295 12143 6636 15494 1701 17752 2439 3256 9975 5106 6871 12771 9909 3029 7548 17738 1629
19099 16308 10104 10183 13969 12421 6148 8209 19393 7069 426 12381 10894 13550 8059 8957 10991 5831 2994 6279 1117 5522 4439 5398 13918 17807
6531 10445 4480 15765 19626 397 3907 9209 19540 12274 10885 14388 16187 12895 9615 8050 8840 3895 3958 15922 15572 3527 11025 1818 692 13513
16711 7403 17099 18429 8190 2847 1214 5702 15345 11934 272 8498 8934 16587 16196 8705 17302 13198 9882 14776 3686 9719 18704 13905 5859 19865
4141 14511 18648 15978 11266 5219 3229 17016 16371 3855 2899 5581 1098 17052 9628 17870 7701 10946 11557 13851 11837 4226 10135 10662 16314 3291
3770 16887 14820 1146 6433 6304 2368 14252 14149 9148 9343 14406 9004 12979 13170 7843 4775 4934 3195 1097 12623 8847 8982 1855 14024 6026
3160 2275 19253 18136 7342 11311 3835 8106 11098 10428 15886 5878 8432 1444 11486 9459 7309 6180 11363 6287 17072 15275 3374 5988 7264 14171
9936 18256 8500 15448 14316 1362 4564 16655 19892 972 143 15988 2888 17092 7993 12844 15097 14263 8127 10553 7011 11833 9709 6980 8400 7844
23 14530 944 1126 5779 15626 2142 13439 16607 13086 7922 8704 1723 5693 10972 4458 507 14910 13432 10816 18146 19683 14698 7059 14364 17513
14569 19848 14822 2308 5489 19484 16080 4502 9312 19559 19528 5797 4281 17519 18758 13462 1781 18873 8211 18874 782 2420 17166 17312 11064 8106
14710 1112 18694 13443 12881 19311 5619 16769 11812 4860 19381 10651 10602 16782 16355 6286 15398 1808 13229 16653 4380 8534 2 4175 3675 18567
10656 3040 12315 14114 9061 6428 11486 14252 2516 19105 12837 9436 4044 7407 13086 15264 14016 4920 5847 242 15863 16851 7870 14288 4502 17851
7608 11138 3734 18747 4519 17769 216 13447 17296 14346 2592 5785 16182 8825 4234 13668 19589 13194 14363 10487 6950 17181 10539 19790 1320 15209
12076 7438 7840 11662 10531 16814 5303 13826 10000 4133 12312 12872 1495 19311 13554 18680 1223 11243 8219 14628 15080 11314 9228 1631 17615 63
12804 16066 3969 14017 7148 8481 7222 3670 7602 6127 15098 13289 11038 12688 117 2588 11183 17087 153 6251 14856 4961 668 15905 542 9367
13594 18680 411 1589 19995 10469 5333 13078 7093 1371 15917 2609 7756 18484 6750 8264 13864 19257 4113 8857 7905 19768 7732 13820 10482 13691
9530 17562 12360 6922 19076 3557 15231 15951 1462 561 18626 9942 9424 7849 16341 6226 6387 10276 8587 5796 5787 8760 14528 13795 12421 19279
11503 16931 19612 3298 10394 13852 11992 12824 11302 15203 6879 9577 3584 12263 6961 18408 3578 3003 19405 14952 481 17364 10540 5688 5498 2799
12994 15783 10667 1356 10689 9317 7638 12040 4813 16741 19325 12516 1041 6007 10316 16007 19165 2277 12189 19841 3748 5879 10233 6560 13925 14892
16308 6698 9302 18625 15072 2023 1838 17266 7922 12767 14315 4976 9207 3904 5169 16094 16239 307 3635 105 16182 15626 16758 18681 6609 9264
10359 3171 9811 12695 14086 2408 8011 9573 6654 2001 17987 17758 1294 1859 16027 7461 562 9236 11300 7762 2137 10144 5109 15148 17004 8037
18041 1591 120 17487 10300 12946 14062 5447 18800 980 15249 14176 18719 16077 19934 303 2636 1964 851 11186 15376 14470 13963 113 4432 3113
10366 16342 11430 18944 12135 16468 983 7141 4741 13574 15014 16362 7747 19812 14985 13470 2834 11054 19874 4524 3477 18976 16180 16731 17529 19478
16683 1635 8042 16588 6666 2146 11168 1362 3872 18618 6071 17287 6482 19675 1166 6780 9618 9102 9297 12347 9220 15457 6075 9615 697 6751
13971 7538 7951 425 3023 11372 9488 11868 13115 7189 5569 7012 5450 16795 9173 12523 12174 10492 17614 14563 13745 13959 7535 914 8724 1028
1559 12161 7812 9483 9949 8189 16964 12156 2360 18319 14477 11974 5991 12585 18416 18236 13290 19454 9211 5564 179 13461 18339 16795 6745 316
10651 4040 16521 1520 850 17306 18319 10840 19228 2566 15962 18349 9280 9517 2217 4842 14813 10091 4716 7166 2804 3946 2155 14131 19904 5098
13799 15019 15947 11432 2492 9928 10052 7364 13289 18309 18424 3116 10376 19722 12138 2787 3893 12443 2688 1519 16754 17821 16624 2001 16506 4950
7969 2140 4639 13458 11895 10709 18695 16567 3677 17120 10318 2079 1950 4669 6581 19265 14759 5461 14302 6831 1408 3003 7171 13161 8832 15596
11419 10381 9164 12232 16559 4364 15494 19408 16470 10921 11516 11602 16076 15880 5529 17489 18562 1867 14247 8517 18016 9372 19442 93 17526 4012
3094 19205 16289 10384 6689 3997 18178 803 4938 4047 6928 10747 9768 5018 19107 14463 45 8060 18410 3268 10005 15961 13763 18941 12351 10771
621 18398 9509 5836 1103 16082 501 19804 2163 19745 14285 11771 10237 4974 14027 8185 7486 14103 9810 17136 13108 18301 9837 4145 5022 10065
12043 5582 19469 5139 16181 16166 11831 3572 16741 9820 16702 14091 13267 8372 1818 6503 11155 18579 14043 6780 19958 10868 1354 19525 4014 16179
14827 1159 12062 16586 5847 9022 4497 12588 16855 17375 16848 3934 2544 4662 6445 4619 2313 19306 8153 598 8653 18995 9678 11750 14963 9070
13677 291 16555 4962 162 9971 5963 7990 4952 18583 10131 17783 17903 9714 17009 3431 13571 13245 18584 2591 18499 14 8572 15207 10927 16102
3042 13869 13192 16992 16944 8838 6322 17654 10903 19176 3948 17562 6473 12424 5605 3186 16812 12993 7324 3425 9138 16597 16816 11258 5604 5332
4347 13786 18251 16858 14378 13315 7245 2714 10217 12544 470 2907 13609 15718 1212 15400 13923 12515 18922 15268 1896 10627 14809 1334 6955 11717
13432 14338 8517 239 19676 187 9187 9122 1492 10749 16059 2278 15805 6867 5473 2705 19890 7295 18562 19808 6145 15241 18960 1639 10228 1139
7364 2240 3787 3982 10060 14503 11869 11942 11359 4027 4750 16030 2694 8992 18541 4215 5841 18427 5304 506 13048 7333 3527 12761 14384 11944
3670 18790 11372 18486 2994 16186 18719 6384 6216 5083 17299 15021 11955 11759 10109 3520 16346 13056 8417 16234 5333 16154 11755 11627 6160 16806
9981 8726 205 5329 16303 3066 5353 12337 8980 13154 10171 3227 11777 12089 12406 8395 17633 10210 18545 18062 10871 15617 1036 10813 13047 15368
3512 17095 16739 3705 13611 13968 1531 2313 16310 4174 10130 5262 471 17140 4340 6439 4124 14762 3713 3982 6175 17670 452 19325 950 703
16504 3444 8656 1600 5638 8682 17242 19062 15636 793 6031 11698 3 11036 11439 8381 15581 3356 4928 8604 497 2066 12075 19305 15568 18864
1322 6144 14392 10872 710 10135 19549 17426 8757 1657 9502 365 12345 13115 18063 19261 14763 3848 15565 9723 16817 4711 7284 5806 17596 10922
18997 10409 2334 686 12785 546 3178 19599 2274 17139 2854 18604 16764 7370 7621 5799 13886 8921 4964 4312 17392 8152 19604 7786 3923 4428
9136 16233 9589 7216 18242 13688 10461 9120 2316 1148 3484 12942 3086 4629 11068 16918 13017 8728 11881 11665 1298 3865 7866 10883 1756 4530
15253 14074 3885 9739 1702 9733 492 14907 16700 18500 1066 12109 15922 8146 5226 953 2937 3655 12840 1245 6598 3613 1648 11438 18723 1792
12940 334 9868 19092 14446 12720 9420 4450 17922 12915 7435 4763 13116 4554 7549 10208 16660 2763 13499 7941 17316 14250 11115 19643 2046 8284
17103 12758 7211 17752 6330 7624 7424 18464 10430 13441 6766 17829 16379 10866 10847 10836 13579 11747 539 2153 17383 9982 18828 6024 17200 13491
15708 17696 1859 6654 7053 12090 6985 2777 13623 12002 16955 12514 4727 9575 14514 4484 1671 1923 19511 7855 3361 12012 11678 6838 3370 3895
1144 4905 18312 15669 18869 13062 9286 14340 19870 10426 6625 13326 19107 15365 7111 7781 18698 19650 9517 18011 982 15266 9244 1818 1743 7754
14140 18645 15993 15521 18798 14051 18981 3086 9068 8678 7280 2137 5801 14816 9851 7357 16566 16701 17160 4224 7096 3138 11396 9253 15368 12239
3063 9006 18851 7671 12159 5641 2049 11490 845 4821 930 6609 1914 14381 3965 13830 5366 5591 4656 13039 15893 14705 2349 12271 8943 18713
532 13385 3456 16499 798 5185 6439 15199 6131 14520 5448 17717 13082 5130 8707 19856 525 5683 19199 17932 4868 1033 1358 12205 375 12709
10856 1559 16381 17753 8799 4996 2543 13748 1010 18551 16745 3623 5808 18709 18413 9073 17152 11908 17129 8346 13971 10196 6887 5661 13499 3144
6900 6560 13289 4720 5334 18614 19915 97 12945 7328 17569 15292 852 8419 3423 3228 14886 3704 9869 12928 10062 522 16841 2541 18307 4628
10919 10741 1984 5414 14879 1225 13621 11501 16973 4573 14034 2882 3714 7047 10034 6329 3132 10559 3278 1653 4613 14764 17701 12985 17338 723
15104 11378 578 19334 18663 11022 102 17711 7239 8682 8335 9117 1904 14972 13502 16986 2656 8878 7617 19807 5987 4893 16390 19305 16512 15608
17334 6142 16360 19590 663 1839 13296 8184 4246 3677 13715 2979 13588 11663 8769 3216 2323 11069 3962 10768 3844 6435 11790 10871 17562 4891
14034 14654 13670 13035 12328 18363 2820 14639 3524 8710 6110 8886 10576 5773 3218 19621 650 7510 6762 9343 6857 6021 19110 2983 19763 15579
14784 5581 8591 543 14843 14669 19558 19923 8406 15560 19603 19708 8803 1848 16871 4482 6880 8741 17142 7736 14805 16031 1322 10724 12664 1255
16153 17746 17236 1215 18712 935 12411 17218 3348 18628 16020 8597 19335 11064 6297 16211 16975 18026 1794 18649 17879 18496 8803 1796 6885 17520
15932 2604 7817 9191 10708 4843 6071 4011 16789 12121 11993 318 5848 16726 10133 5844 3800 129 12237 1789 4287 13689 7429 6396 6435 12528
3445 13762 6604 14614 17097 17773 1857 15344 2150 3030 14051 3160 13260 17470 7898 12988 10625 7376 7371 17559 13565 19146 7166 7392 8391 16622
9009 14589 13355 14321 3239 16199 1295 14973 3817 8225 12071 14419 18500 2719 9581 13869 11191 2826 17747 10112 3562 11715 16836 19902 15348 18052
13649 17104 15899 6078 12568 18028 17678 2529 10510 18840 6478 11098 4998 3337 10986 7847 14595 17471 13573 11625 6468 19926 15101 2889 18556 19475
4935 15889 10359 17955 9777 9060 17620 12716 17305 13840 2622 16848 18845 6491 10103 1439 15816 5915 4844 953 11088 1961 4460 1342 860 2555
19340 9207 18924 8458 5128 343 7394 4561 12307 5454 4225 2048 2931 15643 19943 17955 17504 5838 8003 17046 14293 2592 9349 8995 4572 19810
5264 11541 3287 19236 1066 1009 13222 8741 15350 13092 12256 13248 3069 13606 13862 17942 19891 13475 4461 1651 2127 11999 4450 14349 4193 11673
4636 2522 9195 9356 6528 19910 17139 7002 7933 6421 19397 6176 6535 14057 6121 3087 12895 7841 90 19924 14091 10514 6512 6699 14310 12085
15800 8727 5156 10345 2518 1987 2799 11032 12555 29 1000 1456 13655 4334 4958 15463 15467 13668 1071 9641 3614 8600 5759 294 4117 12614
2993 18450 5369 14130 9030 10557 18627 14528 9835 5567 19383 4813 6100 6538 7862 7125 19620 4079 9778 15163 7664 12104 2690 1295 19297 3531
1390 8505 8406 17106 15283 915 17957 1329 9455 15296 7331 10761 3649 14892 19747 14512 12733 13503 11742 7574 10314 9762 4047 15823 6494 7515
5451 4083 7711 6378 4831 7799 8348 17455 6392 13264 9362 2866 17996 12313 10667 663 8257 5398 7915 12962 13233 18233 17508 19807 7093 10254
11343 5609 9704 1054 10098 9538 16306 5265 2355 15328 15675 13121 19262 16856 1413 1006 3036 13941 10785 19133 584 9228 13528 10837 4282 12621
13218 2813 2168 7253 15037 2301 18455 16261 9991 16235 5276 15102 12067 18202 15758 7007 12574 18129 9340 2403 552 18032 19365 3614 16423 2655
18900 9218 1664 2539 13086 9003 7677 6909 8769 12808 4872 3956 18275 2061 6775 16768 3332 571 12586 11918 11518 15189 7084 6819 8026 17087
13685 4533 14632 4154 11157 1523 4904 2992 11808 9586 8147 18673 16897 6577 10265 1155 18250 7843 5318 11883 11612 9273 8282 3660 5710 18780
11287 17580 6280 5742 16631 14033 2266 15947 4384 7195 14054 8123 4212 6242 4420 3180 18505 6114 14155 11367 15922 1459 16120 9154 18543 14324
19286 15374 17722 9438 18836 10322 6680 15747 6460 15958 11397 13801 14403 13467 1872 8715 19956 19596 4332 16814 13963 15142 19273 19509 7235 18544
16316 6691 2554 17638 7275 5487 17215 14289 3823 10461 4205 14252 7293 144 18022 11055 19736 13526 6827 18498 3980 190 15474 5232 6232 860
10402 14168 11122 15795 2314 10608 148 16460 13560 18257 19003 3390 12314 16149 10671 14702 9962 15899 474 302 6100 2747 8448 219 6062 16448
16366 13585 16389 15720 7625 5271 12866 14157 13741 12694 6649 1738 10685 8747 4722 16471 11688 13277 11916 17925 12500 8422 12300 7593 5029 12708
2788 17290 10130 17017 19667 9998 3966 17513 17364 2928 12322 17144 9559 5533 13706 10444 13461 8240 11953 13992 9013 6405 6512 3919 7060 15890
12830 18903 14401 18534 6000 19174 7177 7508 18444 19117 19608 19724 550 14609 2684 4531 17485 9389 238 1032 6305 18425 9191 9323 7062 8686
4042 1107 2209 1750 19781 15992 11668 3379 13472 377 15061 9946 12181 6358 10849 10384 12615 9952 8976 8122 8561 12701 81 16622 1397 13575
4014 19065 10892 3106 3928 14966 19620 791 10780 9268 13036 3455 8089 9700 7121 17317 3487 4325 16318 19521 10661 15999 15521 8737 5846 7190
19097 4663 708 15935 6045 17592 12451 15160 8405 9291 10036 8518 15990 19419 5800 9982 7855 19632 4365 645 18835 6569 4151 12480 19450 15822
2072 15375 17831 14886 10712 4026 979 13052 17244 5532 4686 3680 15367 3478 12277 1279 4546 7885 9544 6898 14453 10327 6379 12532 17460 11229
6030 3049 3936 10246 14094 5573 18541 6899 11616 19487 7045 8697 12937 15240 4785 18816 16668 13847 5612 12196 18676 9839 2584 2707 18860 731
9497 12519 8008 3247 12117 12621 17378 6172 12408 1993 4196 16785 18258 12602 3332 9321 13959 13785 14602 3029 16835 12670 2831 15153 11082 13491
14249 12958 8090 10599 17486 2 8141 11189 7936 7426 7251 13861 5622 7153 12526 19306 7157 11872 17333 15192 16716 19856 16053 4725 9148 4896
8557 2493 7181 8186 3786 16104 11763 9470 1437 1666 8965 4197 557 12936 15461 7091 12078 19113 1708 12102 18676 8695 16137 11393 12067 7892
17270 573 6101 11512 8000 16245 14468 17558 2324 129 7504 5533 9928 15544 12096 745 5171 5910 8740 7708 10291 19993 18496 4060 2885 1434
4428 4125 15050 12663 4393 19927 7696 17341 799 13571 13557 10805 13831 18910 17333 9528 1584 17217 3261 6076 18240 7729 5453 19020 6898 10201
10183 2151 17237 19490 1949 5065 13826 2820 19654 19430 19060 8289 1945 16247 3036 760 19252 19259 11257 15613 12864 7844 12616 5865 10347 16842
17483 1984 16783 7183 7704 9816 8877 3194 5454 496 1370 13766 16405 208 8840 14793 9244 16206 4919 2651 11526 1836 8431 3362 383 9747
2506 9597 17346 1368 5976 10683 19049 8179 15277 6287 16372 3153 16452 6348 183 1018 7811 16305 11169 13976 968 10567 7818 13680 6413 16636
296 208 18655 9139 6725 1917 8762 7608 14666 839 3985 18213 775 16297 429 5927 5213 2573 8501 19557 10322 12127 5407 18037 19591 6278
10770 10635 15236 2963 6593 4629 6361 3468 18417 13823 14335 19466 11897 5697 294 8022 5166 16046 17594 2062 5401 12869 7042 7627 13747 5013
10679 17185 14654 2796 18842 14496 14918 10506 18352 13343 9322 18856 8806 13038 14352 6912 5059 9232 9180 18161 6766 384 19675 6016 11494 3790
3003 16926 14177 15827 15589 8223 7525 11772 100 10438 16877 17666 13821 17222 17227 3208 3377 17495 13858 19427 8856 13316 6489 19697 14426 3390
1727 11369 12640 6495 13918 13823 9573 10180 17600 18510 858 7984 3045 27 5844 1952 428 17064 6993 8716 10327 6093 11833 13960 14432 410
14638 7601 11759 16949 3909 9283 12490 8104 3885 1882 4209 5919 13822 16401 3646 8578 18479 13712 19231 10316 2996 9072 5074 13813 1670 7780
3791 12229 1760 18102 16449 16536 15664 1772 18192 6233 6686 497 8913 18926 8792 2349 17848 1045 19319 7434 11994 7328 9082 3928 9829 14704
11838 7756 17559 6099 4544 18495 3431 3829 12892 5526 5212 12049 1348 7217 18676 437 13532 6662 17809 18896 456 4820 5022 11182 10899 17088
12905 12366 16460 13974 15494 3696 16601 16384 13120 7117 7752 10677 813 6022 16609 11446 14651 12713 11446 1395 5405 3263 13447 5876 15824 18886
6784 13288 2408 11392 13686 6007 14075 6208 12706 9594 18693 5298 792 6955 18634 2794 9971 1603 18830 15782 8124 12029 15559 8480 2018 7526
774 18289 4249 5722 13769 12428 2894 16713 5126 15880 10170 4256 6710 13255 14242 18664 17688 9333 15884 16493 8532 17571 18734 889 16635 19089
5259 9910 18330 8084 6047 6202 19279 14256 14963 17070 4763 15922 16632 1741 2251 13082 3032 3251 9359 5019 13526 11518 13959 1370 9374 13875
3965 18798 1901 18858 19958 16335 10368 16112 19689 12728 18285 11113 3519 6539 10626 9703 15679 10200 16537 17870 19481 2692 10889 10189 6678 10520
10803 5252 4341 15204 8905 13907 12415 9392 14539 19210 19601 9388 1336 11097 9989 13891 17349 16519 6555 17754 7095 19991 9449 7 3768 17031
2265 8006 3719 17336 14354 9369 3038 18141 5812 4445 9323 3117 7427 19930 4559 16836 8739 15419 17383 11297 19751 14532 18636 5237 8801 7433
4563 12750 15804 11058 7781 414 11641 1930 2774 10134 11105 8704 16235 1519 12025 6389 18938 7386 12238 7566 15814 7756 5051 18101 1695 14148
1163 2533 6972 13720 7607 16251 1360 1352 4584 2347 16750 12100 3840 4028 2219 2533 15301 15572 8978 12424 13990 3853 18662 1587 4110 9454
17546 11201 19212 6527 14503 17028 19977 10935 8426 1011 16510 14923 9181 6723 978 17840 19975 19880 5360 1494 16138 1909 3285 3162 17035 18632
3776 5859 5205 1070 5462 14818 7139 6361 3942 8311 19737 10834 6836 16328 16877 442 15586 14271 16870 16255 1237 6471 9930 9439 493 17215
4454 10651 6234 10599 9386 14877 6668 17221 8535 14240 5426 14082 19882 2374 10988 3945 19588 8286 15618 7617 2149 17063 15846 9665 3365 9044
10648 10479 11277 17117 13686 7853 6874 19038 4506 7750 11870 16495 14233 8306 19475 5971 3026 18319 10393 1397 9808 17363 381 3191 10195 12782
16824 12066 429 12544 1533 5988 876 14259 5467 18487 7884 14981 9162 801 14432 11206 2902 7371 5029 1609 15895 8275 10051 2037 3232 14056
7029 6453 14989 14215 2080 16717 8848 14654 6107 6414 18827 8765 10040 10242 18052 10855 10805 5214 18594 16718 6493 6107 4171 14813 12839 11273
7636 2463 10163 18458 2044 8144 9444 2528 10847 16195 11790 13077 8764 11083 4985 1940 7956 19964 4523 6030 8978 18995 14284 19432 7047 354
6146 15404 19567 9262 9643 14059 1980 476 3882 16567 213 14838 2833 16466 9751 16783 14289 11648 4149 3287 313 6476 11770 19563 10184 19727
8434 14501 534 254 18817 9690 2605 2501 6605 6964 14379 19458 694 216 9976 13130 4332 9964 4033 7542 17217 2900 14391 3407 7916 17028
14528 13557 3119 11979 1076 10007 6145 2021 10937 11479 2123 11164 10532 2671 2800 13994 19585 3474 9980 17949 12524 1739 10544 16030 2224 13315
14827 12940 5989 14078 8322 6797 9371 8379 6944 9866 13713 1228 10026 12580 19010 14082 3771 4445 10390 8435 17496 19716 2697 9322 13873 15031
9437 13980 19652 2619 12851 18884 3477 14961 12368 6469 9790 17159 13768 2074 2649 12377 3246 6344 16866 11633 19598 12690 705 4174 13554 3847
