365
30 29 86 0 19 61 16 16 40 55 55 21 9 61 85 47 75 89 79 29 69 61 7 78 52 5
15321 18749 9754 16932 16730 4029 10956 19263 14237 2464 11943 19335 19402 357 10519 9611 15828 18645 33 4656 4338 17327 198 14855 7534 19973
15164 18008 10214 15643 3616 12984 16673 4680 6833 15645 7072 19106 9594 11648 11243 2452 6431 1467 1508 7379 4796 16684 17033 9808 7972 11012
3151 4197 3431 1109 11612 19314 793 8587 12401 13597 13502 14783 13686 19180 5237 18748 19089 6710 4717 16291 12926 9526 397 11698 19964 17377
9365 6242 3091 18494 12205 10356 711 18769 19681 13862 16817 4702 1770 1225 5614 7436 5843 8009 7872 2289 18671 15848 18129 14545 17451 2165
8318 4747 9529 13433 191 1791 17534 8366 2694 1795 5896 194 16354 4017 469 1661 11370 6438 17509 10586 906 9486 5304 11685 10711 18920
16663 820 14341 8772 16864 4673 1258 18154 9436 11187 13141 10047 14457 5847 17108 2922 9967 5763 8773 6458 1371 5689 8640 15134 1602 8219
11861 16306 18780 15192 18880 7787 6757 9858 8170 16849 10209 1444 3539 11909 7736 5360 9058 2431 5116 10155 9114 6636 12335 5757 862 1989
18995 13397 2779 7398 16844 19692 16834 1586 8914 17543 2911 11985 19766 10575 6187 5972 15237 14373 2672 18377 5487 11465 8986 75 5412 11607
1109 3002 16903 9583 7020 13549 2819 219 1441 14619 13654 10945 991 6990 9474 596 6377 18797 9925 12487 12254 12622 16621 19997 3953 8946
6401 1645 2451 14293 18224 1090 11241 9294 13093 9443 16625 14270 10754 4579 18664 17004 10521 6681 18015 12946 18816 3201 1255 9788 4740 8436
10836 4048 11576 11278 16248 8083 11691 14406 17285 222 9512 1609 12994 218 13831 19383 16394 4043 16406 7826 1778 6162 3678 1758 18508 16754
10762 12680 16571 8096 1297 9567 17174 8300 3907 18552 4301 11390 15197 10165 10949 2399 9105 14210 6583 14291 11520 16223 10627 15893 12300 106
11150 3508 6243 9846 10938 8036 10390 15534 17126 14114 1340 249 5100 10922 11816 9442 15195 19322 3114 12004 9084 19218 18063 4528 7531 1951
8186 18323 17147 1715 19163 5638 13147 16589 14682 14358 5282 15838 16865 11026 10097 17955 13779 11617 4918 9440 10867 7471 9617 15527 18444 7775
19618 19990 3888 5462 1820 7196 12093 7227 16068 19063 18667 14413 15282 1979 12349 12624 14155 2519 19125 16249 13942 10038 16937 17334 15303 4906
13186 12820 7087 7973 13188 8410 38 1336 3261 4421 18368 2362 14092 11411 7373 17464 16170 12875 5716 6614 5739 14830 15859 9839 10421 12915
19716 14048 3679 7204 3578 18386 12616 4822 8289 6510 17798 1298 3536 5690 2949 13046 12032 12691 8967 17290 12267 11171 10127 11581 19315 2289
18345 745 5562 9118 14710 16848 7101 19045 2011 19548 2829 1012 3719 11646 4949 8802 1316 10366 15542 3874 14046 979 15499 1473 19198 9408
7340 18535 1209 19072 18861 11951 18874 16274 6663 7130 10297 5962 3574 18896 3759 613 8141 15407 5173 8275 484 1062 18635 874 6765 13186
15684 14600 14991 8607 12384 19434 16593 2465 18129 6731 83 6220 1870 17049 10360 17376 7768 16665 6580 16176 19854 16609 13053 7770 18353 5700
16382 14693 4784 3811 18726 5819 5966 17076 8102 3020 3329 2901 5733 10058 2595 15270 5452 266 10667 7701 19202 15692 10702 14019 9574 14893
19217 1859 1845 15740 10652 13355 12510 4505 12399 14621 18855 19300 13614 15641 12110 19346 1078 456 8125 12960 1397 16252 4035 12690 14872 17868
5547 8248 1875 6225 3829 11629 18863 19988 16691 9117 18069 2959 16645 12384 4061 19664 19616 13097 11878 1972 10859 644 8644 8301 10929 2260
19037 867 2433 1414 4679 7225 7933 2766 272 1451 59 12551 13946 12619 6051 14977 14895 13582 14027 361 6180 16230 17158 3882 6598 9734
1873 6084 19726 16161 17743 11391 10392 17805 9437 12823 9425 9954 7133 12022 11865 5747 9824 9601 12887 8486 11214 2636 9935 332 594 4806
15408 12250 19471 14001 564 13163 16715 14850 1423 8944 7620 17466 6252 17495 15169 12927 6104 17144 14664 19475 1687 19385 18880 6359 7754 9902
4475 2393 2977 7214 8709 5246 11100 5383 9466 4180 15879 14986 7534 5317 13614 6428 11872 16076 860 12191 13443 14067 18431 8842 12857 18181
12109 11529 11072 13844 193 5499 12576 14556 18576 11457 12242 435 17168 19186 4050 13573 11610 19022 2706 19493 19550 19330 6251 10893 11014 14905
14561 2752 16577 9381 1288 4428 19450 17410 6291 16593 19085 16586 2883 19052 2641 17950 15957 9943 15132 6354 9529 3723 7468 9391 8148 7740
12324 9833 3997 17644 17415 14251 19587 4667 2536 5805 16605 3064 2320 19224 18494 3741 10653 17980 14901 8072 17000 18891 11984 18908 16707 10234
10563 2891 8882 9945 12002 12069 5388 6669 2751 8849 10185 15995 10812 2248 8976 18388 7957 1538 16816 10559 13538 9317 10278 2626 3597 12067
14396 7276 2191 13466 15998 11119 4076 10313 14723 14988 14085 7516 17871 14444 6155 17391 9324 5476 6010 3754 6604 13682 5147 8294 6616 9397
1027 1344 19839 14051 11788 10851 3870 12239 13740 16512 4127 1173 17207 2198 12336 6006 5206 13842 16222 1890 18447 69 13725 7689 15051 14534
11198 18208 17943 14932 5355 6088 573 10454 2198 16115 9677 4220 3626 12528 1492 2941 14369 14747 378 18356 11299 15116 231 16944 11257 3247
6506 14044 11781 19643 14517 14867 13693 4175 820 12608 9124 18550 5843 14713 13661 17018 10206 4542 7481 8118 8719 13238 9087 14247 3170 11775
15261 8205 4741 7934 7865 7602 16679 17334 10775 2307 4677 18040 11852 3537 7251 14368 2497 16052 11464 19153 250 4499 11926 14655 9993 9903
5033 13938 7371 385 7920 13507 11521 13886 18018 6764 1499 15476 19470 10275 9084 10074 13541 11480 18259 8770 4259 11708 2891 17217 17045 17692
3979 16438 4950 7471 2508 17814 2551 7507 996 12802 16434 8894 18184 460 13971 7667 8030 16983 4292 10440 7435 555 2188 17784 428 4218
18895 18904 8208 9753 5010 5228 17920 1085 19488 2308 10616 8077 14343 4686 19848 2013 15475 5399 263 18434 16980 1185 5957 10136 3961 11690
5763 3800 10644 15373 19002 10090 15675 7728 16555 17119 18004 2573 8100 3742 4136 17287 1858 5641 3346 14887 16142 406 18609 13559 1992 11990
3036 5299 8235 11072 7582 10094 1066 3338 12158 16595 4882 6692 6952 4475 18685 13 11193 12568 7638 10519 7172 9592 3124 3647 10559 754
19456 10772 4670 15695 13940 12841 8202 16791 17381 13110 8496 13272 1279 2370 9359 9961 4887 1590 4795 11468 6555 18294 8715 14937 4326 10500
889 6057 12632 2866 13052 332 6744 8627 9420 5732 1150 5407 4415 4489 1590 19334 3297 15952 4176 19056 4936 5748 923 2998 11688 7646
449 11049 6909 1777 2521 10803 15414 9451 12447 19373 846 4690 8273 16470 4370 8581 15570 4412 10568 11859 925 18343 15976 13504 4181 18543
2317 9317 9451 9533 11666 14433 17280 12746 14374 3929 13695 11341 19911 1665 1360 15700 15759 2088 1216 11603 17726 18540 1028 14610 10787 8306
7049 5515 2671 2150 5769 12853 15814 12459 1576 19997 6788 19454 17459 4579 6345 13180 1952 15624 17528 10321 19073 17085 14828 13532 2028 18914
14445 5347 5932 1668 2966 16849 9049 12661 11692 19135 8659 793 19287 515 1943 14561 914 10539 15470 7855 15482 16472 1771 15028 8625 6601
242 16487 379 1476 19811 1199 985 8628 18543 3590 5095 7801 10323 15960 4788 4891 15042 1406 18926 14309 10529 16372 19265 10343 12163 13078
13298 13870 17423 10197 8529 13474 6554 14101 5926 7540 16437 15322 8364 1196 7518 17508 18102 12660 902 6132 5970 9911 7173 8163 19538 5536
1577 2840 3916 15690 5573 13183 7703 18071 70 1517 7879 13543 6387 18732 12487 3858 19256 18863 10936 9526 6857 12887 10748 6559 10260 6599
18659 8286 9663 13391 10604 6979 690 16898 13707 15488 8547 2057 18711 18531 15522 16672 9802 11308 8986 7498 1307 10089 15386 2429 11167 13132
13421 18365 4155 7438 8444 15595 7643 16759 12982 16277 10598 17368 14033 7122 2062 2832 7328 766 5105 13702 10426 17316 5803 19436 14861 18827
13940 8231 18287 17628 8133 12223 7840 3686 19762 3671 9999 8635 5686 8510 15428 6617 8037 16845 16501 16178 8260 18979 3627 5374 16744 418
3787 4348 7290 1370 51 3844 19269 12239 3988 16359 8992 7245 14998 8379 6501 10731 4712 3869 8326 4410 10506 16247 8393 4334 14809 19497
17290 10788 6963 4251 7194 8154 11966 7147 4720 1230 18065 934 3337 9339 11593 9951 6049 10201 3317 13983 10227 17009 13014 11376 12307 10867
2469 11204 1852 2993 9939 213 14870 9352 2903 9744 19134 6527 1598 12986 6231 7988 5828 13117 1695 16324 17067 8999 14268 2093 3674 14398
9877 499 19847 10444 4646 13979 5086 7301 1690 2894 5180 16642 8653 17696 1497 17338 19687 10484 15010 16848 6693 5345 11686 15964 5318 4505
15210 9631 2840 1534 11530 16726 6880 12764 8569 13667 12146 4338 6204 14532 19774 4086 6499 17357 10433 10392 11486 9942 18564 2415 5787 18546
11582 8333 18167 3063 16786 7653 6822 17693 6435 18979 11498 3141 5249 8319 7674 19768 9839 8094 10821 2032 9368 14323 11929 6033 11960 15023
11448 11440 19771 10050 6527 3486 13100 7000 14399 2963 8737 16626 1811 15495 1489 17976 15668 12014 15741 6999 17582 2661 2645 9886 11475 16346
1709 10573 15666 1226 18480 3737 19603 19265 1818 17663 3872 9540 8535 6104 736 7871 19725 14327 11525 11563 2623 1240 15057 1119 3664 1566
17146 2908 10131 6968 16232 19230 19475 6107 211 11020 9085 12830 18259 15821 18502 10180 16962 6643 4973 772 688 7428 17024 8172 1685 1664
7864 14160 18337 2915 6930 1406 7483 7656 7302 11705 14716 13625 17068 5502 1919 18649 4528 8604 18986 5790 9595 7369 4556 10739 9456 8345
2791 15693 9387 4713 14816 18340 15174 18821 4132 4921 3308 13018 17521 7768 12419 7959 1625 785 1076 4576 11801 9519 13871 16982 9666 8688
7348 8894 1434 8937 1040 11771 7345 9600 17671 18830 12170 14729 15457 12124 2503 18304 9558 18829 16716 15229 15817 16585 19540 4056 15863 16783
4389 13224 3529 10568 6197 2330 13856 10246 10462 6874 8701 18672 11566 16879 4454 5988 18111 12871 11706 29 9758 19656 6774 14456 7644 3052
11148 11977 9255 6108 12172 15611 1163 17968 9485 13358 9177 4590 325 18283 8348 3650 15771 16014 3247 4779 9263 7384 16816 352 3562 12555
19680 189 12744 12023 12382 9899 5298 6527 18251 803 3689 2649 3808 3049 15398 15790 8696 8574 11969 8139 14795 12777 122 15965 11733 16669
9872 219 5126 11895 425 15328 9659 79 16523 18804 17283 1460 1230 10582 1300 19018 4708 10645 2593 8367 15481 2660 19661 385 2378 17334
8461 18996 9332 13248 1561 1731 811 15260 17326 1191 3346 13895 10873 17475 12308 18349 5298 11447 3983 8386 5999 10390 13231 2214 16970 4675
15735 12687 18830 8030 7374 4356 836 8235 2443 18336 423 17210 8661 7505 18297 6195 2190 1246 8750 4495 4789 18832 12295 3928 17951 9880
16809 18735 16198 2874 9390 15022 832 15206 12822 4170 1605 5489 17487 8694 1426 5752 4898 1112 11732 9434 6409 3136 14004 3733 16724 3385
4413 4054 9484 18566 6039 9802 11963 19324 14539 13588 527 13077 14343 1808 1867 14855 6511 714 13178 9485 16909 16084 11248 8258 3588 17013
7502 1577 906 17249 6977 16469 2016 10117 9571 9375 2271 9590 13222 6176 18064 6687 15527 10505 19294 17557 2312 17245 2559 16676 9786 393
18060 9287 1731 1579 4067 5124 14782 11528 3060 15670 6060 2947 18283 12335 3408 12147 19080 13819 5759 16914 13742 15511 14469 2221 15184 18142
3105 10211 5034 9708 14531 3694 4761 18983 16329 3208 5827 10853 11366 18176 8915 7723 11598 9331 10465 1895 18470 15420 11030 9726 11552 10459
2592 8024 12003 489 16535 7438 4962 10659 7094 1005 3867 10952 4475 19879 9125 18293 4960 9766 18068 2355 5381 13663 19229 11741 12215 10790
2137 16896 9391 17685 7180 17270 10572 18738 11800 15345 5061 3359 10030 6646 3839 8934 3725 5969 11206 15356 2684 7644 8761 6835 530 14924
12352 12215 3653 10154 1832 1642 16443 11565 16687 10030 7357 7082 4767 869 17287 3174 6912 14253 10061 18154 7853 14987 4295 12493 5887 12049
2115 8321 7226 2273 13754 2163 14370 37 13977 17347 12740 9149 13149 18614 14218 341 10704 14398 14264 12975 1332 7638 11690 19154 16402 4811
17538 8414 17512 6871 10207 1671 14919 11880 5751 11859 8909 4802 2935 2549 4323 17787 128 13003 17009 13029 7384 3399 2305 6520 14491 8366
8478 16869 9542 6548 8685 2240 2799 4293 18153 7843 14747 11445 2793 8984 16325 15193 19126 16343 11442 3397 2535 10556 15388 12755 18335 1895
15961 10141 17812 16765 10908 761 17911 4240 15016 76 7170 17731 1831 5643 16699 12526 4873 2663 10588 4657 15811 16751 18994 16128 2549 665
6616 4482 11491 4842 9701 3450 8854 8951 18211 1882 526 7297 11334 19150 735 1409 9353 12336 8857 3715 11679 14206 14811 7489 4856 626
17934 10079 16391 14156 11044 8376 16960 18680 8186 9151 3269 2117 1388 11427 1889 16812 10132 19417 17141 8055 18272 8552 10005 13308 10731 12062
17119 13611 13375 9685 11068 6068 2617 10247 15386 15735 1496 16656 9606 14357 1802 1421 6739 900 17871 4735 4283 14177 7961 3178 3461 17823
7539 11489 4034 8953 10948 5753 14611 80 4995 18817 16969 13067 15502 16234 7247 6336 16549 11738 9769 17322 8775 12091 14005 14119 3269 8295
5576 19745 8208 15754 3756 15825 11933 11410 15824 5099 16901 19403 17123 14356 7822 3881 7233 13251 1926 1476 6619 1380 9911 10843 2346 1447
16590 11900 19246 3248 12875 15340 7149 10493 19723 19943 16515 9904 9804 19490 14045 1999 15275 12853 10042 19839 8758 2383 8974 1726 17419 3870
17256 14213 6077 9561 7296 8505 11760 2814 11711 1531 927 5598 15851 4368 11286 19763 14345 15192 4798 18172 10604 17246 4830 17690 9082 12839
9504 6497 5793 8511 8994 18580 14982 6172 19828 15543 15629 19524 7169 12456 19306 4571 13626 5249 5084 7073 12416 5568 16582 16976 13747 15138
15104 9893 15081 9010 19905 8400 13410 14789 2976 1915 6488 670 14365 11620 19058 17695 13198 10263 3448 4428 9932 16587 9835 3859 5461 9639
17600 13050 14603 1193 8581 1857 6015 6255 17707 17478 9842 5518 7784 8373 19603 330 3606 15194 13708 5023 13692 12495 10293 4092 14080 12161
9499 18967 2994 13518 16743 9284 14979 14990 16263 19725 16985 564 5010 15268 458 19996 8366 19925 2829 19892 8686 10537 697 203 19530 5589
4445 5894 3888 17930 16464 16945 9133 7731 11282 10497 9961 16037 13501 7650 2016 8534 11186 11920 14587 3535 4159 13319 12253 17015 6316 19283
200 11012 16781 9547 3667 1713 17334 512 19489 257 15282 4027 13483 7718 19258 19990 1433 11763 1901 10475 4395 17429 6346 15585 7256 498
18690 8092 9878 15342 10284 12114 1167 15402 11398 10973 9626 4214 13145 11010 18245 6574 7132 13957 13849 6004 19808 11139 19482 6150 8122 9443
190 8595 15529 6722 10968 11902 18743 8533 19181 17498 16839 2022 9357 9547 11279 19361 4115 14675 1047 1315 11369 13674 5706 11657 11710 13176
12819 19065 18949 12726 9825 14785 19789 7457 2002 2985 703 6841 12260 3917 16388 18175 19500 12616 3158 5859 2521 14032 1128 19819 18257 1814
17594 14132 9757 9275 7260 420 10575 10236 3473 13114 6552 11387 4430 4466 5653 17252 15681 5999 6339 18714 8462 4514 18349 16887 6006 19933
4306 2281 7104 14405 8816 9049 13044 5667 19291 1791 15684 19844 11094 18897 7764 11471 10433 18610 8799 9993 19809 17923 223 4137 18494 16623
10625 2081 16739 19139 11696 7656 613 16872 17350 5601 14265 14344 7952 8709 2959 3761 5184 10397 11481 7159 10818 332 12203 4823 6289 4102
15710 12656 1459 9542 17982 7367 10997 15817 18457 313 19161 17898 16331 2954 10897 8994 2880 13988 10453 4022 3147 10358 9644 10194 8755 11902
15132 5642 4909 9605 4670 19453 1428 3676 16718 17030 2990 6267 4831 9337 8853 2526 11689 9748 10328 14665 10494 3518 8161 7776 6996 8309
1738 11836 15388 4956 16046 4528 6058 16895 17464 8490 13574 3355 2590 11793 16156 14662 5150 10147 1546 16878 15259 15536 6759 17994 16566 6968
18069 16640 14837 14068 19602 18465 14851 7101 7720 9111 18991 5296 1114 11630 16139 19271 17568 17097 6876 11674 170 1792 8553 14686 19599 15752
11710 9413 9409 2816 7285 14342 19239 6277 9560 14982 199 18851 15856 11708 6271 9278 19942 13313 12612 17984 15564 19462 11783 2970 5317 16842
7554 15196 178 17905 19691 16105 13536 13873 12640 3356 11656 11914 19918 15969 7544 473 12988 15788 12097 15387 7928 648 10004 8213 3818 8639
13084 2200 254 229 7797 12677 15678 9512 1044 17730 2421 15136 12853 19528 5826 11696 4065 7108 18543 5363 19958 6384 7920 14698 11034 1194
11267 4102 9701 3575 11560 13279 8776 14077 14862 6938 18905 2076 10429 14318 15223 12828 11951 859 3022 18255 10638 2335 6445 18506 15896 8516
14582 2383 8174 8948 19475 10301 11112 15962 9358 7770 15581 19401 2442 12473 4385 16358 2462 14692 6288 4606 2057 5633 12858 7901 19395 10924
545 10831 19311 1134 3190 17951 1617 2819 1180 12443 15834 16725 14937 8345 3540 4632 6126 10826 1749 10014 14089 5694 19169 14327 12150 437
2337 14843 17531 13320 9738 2416 7721 3935 8692 18692 5259 9604 19364 9680 6873 18971 18175 3103 14990 19163 11125 14147 5587 9008 8055 5474
6146 5831 1343 4455 15222 7584 121 362 3006 16799 120 11950 19537 10466 9838 17995 13165 211 8998 9432 7667 9968 2944 1680 16646 847
21 4623 10390 4812 1480 5183 9161 10378 10129 1481 15583 4014 10875 18437 2109 6874 5625 2049 9578 19684 14959 12846 16802 9010 19009 18181
5629 12829 17732 2449 8029 15449 18686 4740 15133 4174 8497 2792 5599 14784 4412 19584 740 17206 6370 6548 17790 16859 13293 13088 12353 19155
385 17935 9880 7284 18978 9824 18431 9897 10737 8824 245 3092 10489 18403 18275 311 12591 3539 8378 11351 10620 10918 14458 3475 2240 11998
12565 7409 10152 18070 10479 12955 4101 17731 2220 2919 7477 14341 6918 9280 17642 10608 15937 10996 14636 9665 11509 1874 8007 6626 3926 13226
16490 5185 14744 7594 16355 13144 3999 6969 17291 9772 19680 3506 15491 6760 9944 11983 9570 7922 18841 17563 18739 14053 6507 9143 2056 6034
4068 8427 7248 13444 661 9555 13837 19407 15166 19084 3652 10234 2248 12845 10432 15585 1963 4990 16220 1451 3645 15936 16593 10259 1329 10331
9752 16867 5957 5950 8198 13584 18719 4706 1381 14127 10361 18344 6557 18743 5041 16052 12005 2117 657 11095 14617 16252 3250 12599 3525 18194
5805 2768 19764 18124 14422 14441 16225 6631 17012 16405 6053 6205 17695 13621 12878 504 3271 19222 3902 7900 19690 15328 658 17289 11256 9044
7187 8075 7091 11604 3630 3074 4860 8301 17933 10167 3414 10582 14095 2700 16772 3458 2132 3982 15782 18962 7186 13728 11217 17492 112 10170
15410 19197 14569 1524 12389 18599 15989 12227 12003 19278 1122 1805 5950 5193 510 4182 1420 15841 11726 861 17975 10986 6134 10555 151 18433
6405 8508 1850 18269 10392 6196 8955 4637 18403 3131 1225 17899 18684 12239 19986 13324 15200 7610 3880 1989 13276 2417 16903 18334 2544 3139
9710 17677 1508 15836 7550 3088 16870 7438 15255 15194 13902 19874 285 160 11428 1109 3570 15054 17316 16879 2939 862 4750 15871 8949 14593
1802 13370 19091 5123 15779 19312 11741 5145 651 6032 8277 5250 14695 13367 4367 7733 10352 91 18556 12633 13373 12267 16846 7563 19146 11103
19918 222 8914 8747 2227 8018 7771 392 18980 5088 1052 12517 18011 13002 4879 2849 13170 15672 120 774 4190 19187 875 5882 2225 18353
10844 858 17951 3351 19221 4088 15908 2719 7461 10838 10975 4528 11380 1068 13281 18428 15781 16432 664 15450 17697 1758 13639 16515 13134 17724
8117 3592 8395 9555 10449 7955 8046 16162 4364 7491 7006 11437 3574 2142 12963 10342 244 13190 17047 702 4429 5887 7555 10027 13919 6764
13094 12631 3896 11904 3384 18564 4700 11092 810 6800 17360 2520 16162 17737 5663 12012 4955 2924 10397 13026 6754 13985 5201 1409 18878 8172
8190 17138 7101 4552 18810 15125 9766 2517 12711 805 15868 7714 7350 9146 17595 411 15616 10380 12448 9776 19734 17182 17982 15841 9069 12464
12884 6330 7625 14451 3294 9882 9068 17324 9231 14943 7515 9938 18478 6883 2037 5189 16045 14010 461 13647 18880 4672 19507 2849 13440 4918
15806 5824 12893 2467 18950 16350 11888 3483 6968 4411 5876 19285 9701 16715 7803 15469 14004 7025 19635 15781 2421 5122 8027 7376 13150 777
15197 16827 7778 11136 14084 9743 14426 57 6375 19535 18317 8557 6425 4330 17220 15406 15523 4820 6241 15235 16143 10510 14387 10982 19517 19834
6343 12338 14124 14288 16579 11011 7096 1164 2230 1210 2629 19411 19569 2719 8422 8373 14766 13925 3372 5370 6627 4414 2257 741 9747 4254
12110 18363 10377 19672 4266 18851 18476 4070 14391 17298 12496 16860 929 11003 5111 6306 15460 1395 6274 4193 8349 8637 1708 4598 11676 19614
1775 9163 15188 10454 6236 3765 4084 7587 16637 17393 1275 3264 602 15463 14393 11557 8365 13973 5211 3501 11218 15530 14479 5998 9640 9085
1009 9113 16925 17988 7485 18800 7768 1841 18942 1179 8682 4865 12676 1695 11658 3059 11662 6185 8916 13467 14822 19039 5125 8815 9606 18225
10157 1401 2963 6168 774 9022 18516 9329 10553 6576 1457 9742 817 15923 13365 7003 15881 17175 307 2660 9899 1954 6269 14861 17215 19856
13893 6293 16814 4772 16710 14512 11271 15209 3588 9312 15485 9799 3325 18370 15461 14574 4526 6947 3791 18254 10733 19181 14251 8129 15050 6484
12518 3292 1618 2003 1376 3744 13233 8881 5279 16301 7309 16703 15243 5722 11304 11609 12036 3380 6328 12268 4719 15757 16288 8435 17177 5062
2144 9177 15386 19677 10787 7848 13396 6896 10257 4316 6264 16917 10332 19831 8675 10113 7023 10069 2990 5050 12869 14623 2901 13110 7151 8382
19460 2129 12631 2386 9805 7244 5437 2797 15889 13867 4969 16704 7483 557 19020 10530 16522 1785 2977 18833 10876 7232 4225 16720 11551 14129
10620 17106 18282 14666 5218 9995 654 4213 8583 7037 9049 5557 12529 18501 10762 2795 18027 16583 1882 5529 869 13499 18534 4784 8618 17005
8034 16509 9393 10152 6277 2234 16036 12293 18787 13213 19009 341 5306 7860 13169 4047 13046 7852 8151 17358 5448 6709 18433 8927 2610 1886
10721 7568 2707 17214 19851 12327 9610 15898 10324 944 14914 8605 18919 15306 15225 12989 19490 18224 8996 15309 1447 19007 16483 7271 4301 19909
11416 6218 11061 17223 6205 4777 183 10597 732 15428 13792 9913 16584 10415 6335 7792 12692 1481 7316 19991 8185 490 13185 19058 3335 19885
13579 14696 11536 7338 12870 17458 9128 12489 8200 3913 6510 10066 1599 4855 1948 1210 3730 5293 16823 1808 7898 15312 5805 6793 15166 1534
19760 6278 12288 9017 552 19097 8997 6233 2421 8116 7061 501 15395 2421 4076 79 17722 19786 15695 17759 18072 15759 9950 17686 6694 17314
1864 5370 3643 13472 17611 16727 7239 6847 5442 9169 13389 4517 4508 2894 6895 12770 1371 16670 18891 17449 8301 4932 3087 13635 8463 7656
14713 17857 18877 11199 7251 19792 3877 4772 18582 2831 10632 3124 6701 19002 8337 19108 7893 5981 8835 13717 5965 1655 16909 810 4590 12234
4635 8199 16732 6029 10184 18362 2455 1751 843 17182 6793 4335 12582 19933 9236 7791 12914 5670 3280 2753 13822 11812 6305 19749 18666 8319
11322 17985 1887 4578 7760 6566 13968 6357 12919 7487 9375 17683 2392 19069 11356 11964 4677 799 18889 7761 12806 12334 14426 2287 17494 702
19649 15923 19524 19782 10516 6332 4972 14154 15453 7772 16584 5953 11328 17952 3951 9559 5087 3486 1608 14140 11852 2497 9601 15887 701 4563
590 11386 9984 12392 15343 17751 3158 19563 6415 17347 122 18891 11886 5661 7438 6865 2559 9189 5721 5067 3270 52 7855 19774 3642 17378
7725 6431 19669 8987 8109 15320 16795 13941 19658 15556 16623 1734 19635 5679 18801 11178 1734 834 1096 14931 4856 19173 6010 2100 16364 3356
9037 13028 19025 1788 2855 5390 284 18918 15146 8802 11039 6527 19253 19285 6240 19585 14182 559 339 775 8628 18571 6418 17596 12318 10371
8665 19901 18675 17322 16833 92 3196 8590 16183 15860 10665 9059 5956 8274 4014 2551 1970 17852 16571 447 9399 8063 11682 2333 2139 2532
2338 19739 10612 9909 19139 12266 9547 19231 2650 16152 3124 15406 2619 12073 2240 19752 17721 2530 4755 17726 16661 9310 14892 18321 4543 13788
9982 1442 11489 6460 4991 14639 15566 11053 6164 12557 13758 17443 571 13605 6709 2902 15376 18581 15406 7438 954 7828 7311 7245 1994 16345
12659 11468 13886 6909 13120 13298 17441 10028 11193 11496 16165 6599 18036 2863 6898 9254 17659 12296 15019 18760 10075 18007 7542 17538 10608 325
18136 46 16740 4689 10706 4889 16853 12152 13417 6542 2637 8216 3079 13120 14221 11333 16399 17691 1072 13776 12309 16183 4558 18548 4887 14305
1168 7162 9890 13290 5913 4176 10880 9263 16924 11203 19425 4395 3219 18352 18342 553 12092 7391 9003 15498 5954 19414 15101 16575 17248 13856
15973 7042 15832 12895 2489 13290 5910 9857 16001 13511 1764 14175 10507 5888 19306 11664 11586 8309 3470 13810 8311 17207 17873 2021 11346 13046
19416 13941 16484 4811 14036 12037 10209 19471 9137 19172 13410 4594 17688 1736 12907 15370 13603 5808 1083 14578 8767 18859 4683 18527 9578 1644
16354 1387 7933 11277 15658 3 5936 13097 17877 17490 17438 6375 14996 5807 6130 8543 7206 13293 4359 19000 8217 4173 19971 11829 6678 1735
5926 12065 2156 17782 4951 7252 1018 12782 19049 6366 18756 3156 10948 9000 6262 5883 1473 18545 17409 3163 1686 14545 7253 7155 1296 5218
15763 16119 9600 91 12771 9532 5875 4122 6841 205 13690 14615 11581 125 14716 5290 5465 15425 17820 1803 18711 6131 3601 17225 12593 10606
16474 12045 7100 12118 17298 8213 12781 15089 15715 6529 13738 2541 19438 7874 19194 14313 8630 6083 5375 9719 10248 10183 19023 18977 17831 12098
11306 44 4553 13093 15659 5498 3050 18011 16593 3693 5659 13467 11642 16830 10617 16211 567 18630 9328 838 11660 4749 16465 17118 17064 1380
7372 12234 15985 2533 14924 18900 18345 18519 1282 1064 18441 16281 12711 18777 12913 2651 1752 3784 12508 8606 7753 19665 14373 16892 19056 7806
5639 18612 17986 14576 1112 7008 12590 2173 4120 3166 1370 15767 7412 18213 8019 14501 8692 10503 8880 15602 4660 8102 6519 16824 12823 6711
14579 3809 17921 6813 3446 11722 14056 12549 9479 10316 9585 1441 16033 17473 7479 1856 14694 6725 17348 5450 9729 9295 2504 1451 1060 12576
13141 4307 3226 1317 13220 9255 14850 791 14073 13226 12424 9394 11954 2706 3718 11613 19038 11837 9164 11187 13791 14168 15238 13211 7860 15571
18628 17138 5060 15150 9633 282 8388 17173 1094 1722 3654 18234 18269 4889 1749 12214 2584 18749 3997 4815 14914 7955 6794 8381 2815 17774
14564 18034 6633 15800 5384 4687 11539 12569 5087 19079 13799 7303 12861 7649 6894 10165 10037 11576 13440 19855 10613 17128 993 3833 11893 2710
8337 4694 5488 6121 5462 16250 7266 7829 10682 12839 6033 18365 17482 16566 12923 1900 9261 13671 15351 5025 4950 8767 3936 3446 17919 8245
1353 2213 1766 1637 5087 8470 6588 11838 2431 6908 13862 6310 12705 8209 13563 5881 5396 5452 13858 10455 19413 4059 708 15024 1372 1705
10141 2262 8122 5981 3449 11582 14948 9011 5600 6137 4467 14743 10235 15315 11390 17628 7120 15492 12082 4967 15873 8076 1412 14093 1441 8416
9340 5667 3591 5693 3192 8044 13861 6432 11034 5372 10089 3377 8998 15408 9986 4345 315 4126 9133 10863 14500 10423 9331 19687 2766 13395
1927 16848 163 18121 18248 2780 5897 14502 2940 10079 15213 4625 14728 17448 14281 7076 6914 15106 7536 13707 19481 16892 12406 16252 11242 3707
13784 86 7505 9066 2020 15209 7502 17315 3052 4521 9162 15357 18398 6909 12857 10615 15913 17720 18152 6118 18423 76 12907 294 14081 4977
9942 4907 19080 18462 8639 9548 8013 7056 4680 6670 12905 13343 12884 5832 18728 19414 12394 9640 14562 17458 13441 14030 8595 13553 18484 690
13186 1838 17518 8928 8922 14032 9261 19092 2933 16149 8403 14099 17760 17778 6836 2738 18821 4341 19295 18292 3407 17629 18622 5770 16118 10380
15797 14609 10307 13277 3936 8312 1320 2046 16158 10105 8991 852 3945 11540 7310 16497 3349 12204 2964 19276 10351 13936 4858 5959 18810 6611
14666 10221 2285 17937 15880 5799 9779 7338 6389 18340 8069 13555 16922 15808 11126 8340 3473 10683 5450 17603 15501 7867 1818 8893 10000 138
7947 16301 9105 7209 3434 2955 17748 16558 632 18561 7261 10843 15007 9152 14835 15436 16636 18105 11569 4148 999 16272 19513 459 4980 10
8889 7609 15158 1348 8557 6594 16882 84 18032 11347 9740 3934 18617 5566 3753 2642 14365 1625 10086 7191 11578 4576 9235 5479 2991 4184
9054 5224 27 11243 18242 11371 10215 17851 12105 15202 14290 2384 991 12048 13449 15032 14189 811 17207 19060 15941 6977 2273 17421 9150 11545
15380 4925 1442 12208 10847 6748 14079 17804 17418 19345 15362 12455 5764 12176 17191 1375 3677 1026 10442 3327 501 5590 12659 3735 6389 10441
17547 11701 11839 16239 2493 7106 17039 15871 2714 9296 15518 9566 1920 16605 7681 15293 7942 6240 1389 2496 12716 1375 16431 12965 15931 14028
16863 57 4717 3154 10883 16916 10776 10453 4679 15694 18578 15897 8903 2271 10993 1334 8031 7153 19645 15363 12501 9351 13816 8511 19099 11863
2057 16206 829 609 5776 19574 16459 9804 11478 6929 4147 4816 3606 13958 17107 16539 11663 15721 11136 1282 8395 11860 16504 15895 3684 2052
2311 3285 7622 6046 2911 5640 14844 2609 10747 8735 19540 11871 13801 13671 6625 12778 19029 6077 3581 5399 15 4983 8033 2092 6183 3085
6843 14270 4367 5798 13342 14374 16104 7437 15146 11453 3147 5610 4655 3157 12127 14706 6032 724 6672 18275 19589 14279 2949 10078 17031 17237
19174 9748 13060 11615 4343 17503 4113 3181 16428 19924 7755 364 4171 11683 9292 1443 15740 16978 1163 17985 15169 13869 1675 14689 19342 15664
9464 2206 4442 4443 11295 2061 6114 1241 19454 6582 10010 696 19960 10625 18662 6163 8092 8186 5447 6255 9683 5318 14474 14080 8501 7118
8323 8980 9748 13105 4645 809 9146 18321 4552 6617 13478 16662 4525 18220 18379 10160 14463 12164 13410 13211 10387 14964 8788 7793 7941 4225
3433 3677 19242 13254 12529 15092 15912 3071 18772 10708 16950 13989 6451 9611 7372 1394 8759 8071 18482 19678 15024 16012 16187 3754 12238 14586
14999 6995 5548 8126 11478 10904 11435 4051 14688 4511 15582 9866 7804 8470 14544 16659 10725 14068 15317 2395 11304 10420 1542 4377 3958 18814
17168 8552 1219 16700 10292 457 9909 5654 13834 9122 6458 6242 9576 13498 2850 2099 1925 8765 3060 10548 12863 15533 8008 757 14043 19645
2040 11242 12206 5461 8204 7903 18260 118 6271 9005 4903 549 14317 14846 5813 698 1114 16733 18930 9081 10216 1151 1869 11466 1823 18622
3245 786 9027 8519 4171 14870 16615 12575 15482 1344 5291 5199 6903 368 8061 634 6378 8635 10769 508 10909 12767 15127 12216 8517 3400
11598 5953 15367 19566 9908 7681 4051 14937 19838 11757 2864 5729 6892 4329 1200 10188 6182 4288 15000 5130 18069 7364 5284 19180 4643 18763
7666 18058 1723 8145 2398 4842 14187 11217 16482 5447 2604 4548 1707 4721 14275 11657 8018 16381 8272 18981 19409 1052 8976 2654 7202 11505
7098 4639 2599 14675 16833 11571 2089 15532 16674 12767 5137 9404 290 4588 16748 12391 8566 6150 9761 12629 868 11153 6069 17334 17786 16124
15392 6004 18484 1966 1204 19892 9944 10223 16643 11504 3249 8229 11335 2668 14161 894 14480 8173 18944 7210 18157 16605 7453 7944 18231 847
14073 10056 8351 13261 18191 12751 4625 9407 10732 15340 17587 8017 10330 5555 8580 17140 15222 4834 10118 278 8832 9335 6787 3756 16014 16231
5277 8364 18774 4885 5257 17311 17975 6495 54 1928 18229 976 5722 11052 15161 14691 4326 1012 3654 14432 4330 1401 7063 9244 4042 16576
3925 3152 10952 983 8457 13843 3878 2956 7471 7170 7373 12289 11257 9672 15693 13592 4184 9807 13913 4707 18847 17323 11932 16239 5955 8207
10931 15780 5731 1450 15243 16899 7831 7585 17335 11691 2236 10918 3587 5007 16132 17053 10526 12695 15861 16032 6412 2205 5816 9819 6627 10572
9992 95 19550 477 9576 3201 9943 3406 1863 6710 16131 6641 1345 14550 3862 559 15771 3779 14230 4298 19759 18178 4150 15173 5396 8113
1483 2252 3789 7032 19293 9484 12020 1909 1875 9637 12618 16620 2569 609 15393 17605 8650 18146 5513 14573 12029 8754 326 8639 1687 2907
12852 8688 15447 3725 18456 11153 5488 6185 14396 5892 6191 8578 6224 15083 11408 18248 19983 8711 16816 2837 14079 11555 11830 16947 224 7723
7047 14590 4216 17609 2563 17835 2698 15097 7660 1553 8121 14404 4372 5333 1512 2492 13440 11108 9517 7733 15318 750 11954 5594 2169 5231
16693 7871 8372 19664 16367 10815 10833 3225 4945 18571 18026 13234 15483 3197 11641 8836 12533 3751 3791 14091 5703 4036 19249 4206 5973 7633
7827 2578 9955 14859 11349 13655 10999 18087 9068 10322 5045 1857 8888 10775 10715 189 7164 8991 9377 5091 4784 6139 19046 14810 11405 590
12900 10604 6528 5149 6579 1091 12474 12589 11125 19152 12422 9557 3765 11220 698 8241 9154 11647 14418 13792 13544 15993 13650 3608 11709 8132
3448 173 9421 6437 19740 13319 9530 11279 6667 2888 5371 10578 6616 14252 14316 309 15526 19166 3459 2339 3833 6085 13310 3759 2401 3729
8645 14676 1601 6671 15615 1582 15053 6432 2039 18969 6344 11434 7495 4216 16631 13355 7940 12226 10042 9796 10148 11789 6350 12734 19769 3836
15367 16129 3261 5134 10725 16890 1727 15665 1166 12253 10146 19557 2543 12520 19936 7184 5980 6742 4520 4104 5100 18379 12099 4902 10987 8110
17679 3524 3068 7159 13863 15326 14252 17061 1416 4159 8529 10655 10692 3472 17498 11401 10738 13130 11816 10525 1506 6467 12922 7923 14522 16820
10681 16149 3298 7188 18908 11278 4858 10239 11775 2836 17255 15066 17420 10420 557 14601 7084 19172 8764 7664 19070 12552 18324 18181 8039 1235
18379 16788 12178 11566 15346 15702 2876 7934 17170 12854 15671 5465 5602 10493 19109 12519 14481 8889 6954 12400 18680 14346 390 14713 1689 19722
7896 16202 7324 6439 10285 19863 8216 393 3725 12718 11494 9468 14566 8162 85 18707 1979 13030 715 17725 10017 4495 1205 6719 17331 2112
8248 4729 14331 10219 6453 12673 18337 16773 2163 3763 766 9075 5425 14832 14687 7443 16714 13414 8389 8874 14550 937 18879 10689 586 16454
13854 1094 343 18004 16130 13561 18307 7950 7462 18452 13286 19391 9264 12486 2491 10594 10824 1238 2253 16629 9325 12682 7047 1542 10289 8835
3387 10918 4612 17090 8251 125 11766 9412 15214 12720 1773 13375 15870 15856 9263 303 12308 6860 4334 11945 4143 13509 16940 2946 12464 176
14753 18291 2992 6850 10045 9601 15318 6149 10018 5965 6010 778 10672 3277 15644 708 1757 16163 584 18239 8471 5860 11954 7298 11760 8475
5094 13605 13227 3578 279 19440 2782 5333 4345 8015 11178 14052 6612 10270 7708 18024 15993 12642 13176 9717 5720 10102 19851 13176 3008 12255
18077 16988 5320 19813 17453 18778 8633 15046 7322 4731 630 7607 12872 4470 12390 9081 2410 18846 6294 5925 9421 10926 17518 7644 3886 7505
17280 8445 18359 2451 3955 14528 10290 12408 10361 10848 1217 16244 3406 3582 14533 17345 18439 15890 4444 8778 14420 6201 17197 5145 16194 2664
2508 8668 8213 11282 13352 17408 14473 6006 3269 3596 7586 4452 7016 3455 17304 2990 5326 3316 1483 6597 1599 16990 6233 14543 8679 9366
12328 8956 15374 3020 14295 16113 11372 2214 12034 3638 2844 1828 12649 16316 12840 1818 11492 7317 12162 10106 14209 9995 5488 15866 15996 2716
6354 11642 4331 18440 5796 14720 4676 1280 17531 13695 15552 9771 13488 11100 660 13709 9703 11499 5920 18001 19369 19603 1587 11636 18641 15815
14483 4932 8879 15894 2140 7956 13289 6122 14785 536 4734 5314 7488 13747 15838 14752 19530 5295 3786 3535 10039 2439 13083 17979 370 18848
10906 5988 9700 8952 9835 9202 14687 12579 15283 4701 13877 8863 9365 19731 18149 14776 12832 12262 19104 8625 10912 17887 16815 17623 2647 8309
1790 1285 121 5563 15642 4931 1301 16636 1374 6422 6726 665 17759 16183 6768 343 4352 10291 19299 4705 2277 17175 10856 2016 11095 7881
8761 373 14120 19180 6251 4349 769 3193 16720 7536 3623 3395 19142 11717 3923 6434 331 10240 4077 750 7459 19387 6151 6251 4258 13170
17005 11543 11093 11897 1051 15987 13282 14036 2938 2654 12775 14037 18130 7329 10744 2807 6872 3700 400 15194 3061 3056 2 11443 16296 15315
16236 12538 9605 8786 15029 5599 12194 12659 5662 1739 8010 5921 1864 1641 4782 1 17744 7639 14337 2424 10509 17146 6103 13027 5080 12989
819 11960 10373 869 16433 11360 8848 4529 9129 4901 6915 3942 12536 14991 10380 17995 10374 6785 733 736 14849 1559 9259 19579 8394 6486
9222 3264 15491 11978 2704 13939 15371 13705 16966 13795 6718 18079 9171 15321 11020 1551 16990 16980 10278 2499 15819 9159 2103 1436 13546 16247
17076 6138 5666 10376 16786 19937 15101 10481 16889 18744 18891 6506 19066 9815 6374 19685 7325 16046 1340 13091 15589 13946 14951 156 5677 4655
598 11776 9552 13501 430 16859 8003 18481 16846 19879 6551 8821 11761 16517 15110 7285 8388 13476 412 7907 1708 391 4052 1324 9474 5938
13413 9050 14573 18216 3 14566 970 15750 9747 8202 9375 4598 6376 18161 16781 2451 12960 1118 4173 17352 446 3733 1336 4162 2889 5625
11576 13950 185 1809 11415 18977 4176 7057 4344 1325 9459 9299 7293 5890 12774 13775 15297 12488 470 6688 18011 4085 16969 5511 4716 10857
14782 9281 8326 1679 12967 14486 11921 18612 7934 17773 14302 13279 15002 11859 7845 5865 17753 5198 9197 3761 3856 10239 15163 19182 2208 3326
3590 18530 14586 3420 5986 9929 4613 13629 11184 3147 3858 13449 11965 625 9352 15840 17949 2201 10129 12542 15326 5018 12687 3146 6991 5088
6126 7142 17028 13268 14493 11133 2955 1665 13471 14779 12727 15237 6990 11895 14726 10971 6263 13444 2826 8970 15621 2411 11039 3253 4446 12483
4545 10238 400 16858 10084 9604 3191 14214 18249 1955 15883 16491 6370 6638 13989 18364 6256 5116 8253 7719 658 4141 18568 6545 9693 11944
7261 17938 11101 9419 9355 1959 12303 12521 13200 239 4027 19608 19361 12398 19894 10700 14751 16034 15340 14725 7571 17707 12416 4664 2079 5589
13635 3105 7873 2774 11036 18271 12409 14690 2123 7704 9404 13850 8267 15291 5722 4292 16170 15806 6887 2597 5418 7025 19299 4923 12721 3030
7210 1930 3878 17722 4004 18177 12557 5533 11765 11848 14797 16469 8814 7961 6040 7361 17904 19665 5611 13423 17057 900 1048 2589 16055 10282
10413 15490 3129 6413 16342 11711 7190 14809 1734 16453 19726 1831 5505 4414 10488 2363 2007 5725 11375 5830 8295 16430 12276 6919 798 3969
1223 4561 5322 28 556 11896 370 17568 12546 15573 8807 4572 8801 14845 14861 5013 4858 16310 4221 9778 17361 16194 9016 1907 9874 13588
8687 10599 17907 4910 16932 3429 9618 18455 9639 7037 16376 18518 17393 12589 18861 18612 3839 2291 4722 9809 17275 7639 1042 10393 11528 6496
5606 6414 17111 14089 6614 18569 10528 8780 19539 6047 811 16812 4389 456 2913 15804 15839 6697 3221 9196 4353 10198 12934 14606 7515 864
6496 4385 18766 9588 3056 1308 7282 5133 15939 15360 14094 11296 2145 5450 3799 13007 9032 13667 145 4811 3163 10786 3607 13482 1557 18281
4151 2729 6605 5041 10420 16007 10955 11547 10432 2825 2930 14279 11923 9313 7944 11130 6776 8270 9088 840 1615 4540 19382 7257 1281 14601
8097 17752 7451 1864 14207 16253 221 10003 2266 6606 9536 17247 14264 19974 16236 5166 18640 2925 5480 1426 17068 6107 8119 15000 10730 17472
13932 9382 3660 9788 19927 8494 12846 16885 1738 2693 3705 9266 3311 1851 1152 9290 5508 15685 11547 10617 10661 16437 10630 5041 14651 16345
8954 2816 16890 6886 15604 17408 1357 18952 15008 3963 1910 8556 7789 661 6073 7647 19970 17337 2445 11192 7528 13154 8135 7111 1451 17243
9041 14106 6171 4479 9009 6298 4186 13938 4660 18357 14340 476 2673 6233 17532 1458 8747 8082 10445 16973 3072 18221 2007 17409 19449 16894
9231 4365 7510 8515 13232 16211 1000 10450 2038 14391 10622 18611 6680 18909 9143 8041 5222 16783 14159 8985 6243 3454 4826 18554 17046 10055
13628 14212 13881 4894 27 8893 14977 703 11993 16386 10977 13228 10672 16390 4816 14183 1358 9146 8221 2441 14212 19079 4315 12022 17728 17498
15547 1896 15071 10384 10325 19154 13493 12453 12961 17838 16281 5001 17538 7304 10379 15545 11498 15903 12117 7542 15154 9909 11655 1807 6249 11954
4360 11242 2956 1372 255 4281 3903 11561 4029 125 15021 37 11445 13152 13701 1500 13238 382 10429 19695 8857 2560 249 18063 7891 8509
7421 15821 18809 5847 7921 14716 12522 10137 10763 14082 5862 11610 4299 12265 19819 4977 14687 11576 2073 12236 7430 19791 13078 3745 992 1211
16560 19191 18074 14449 11215 2002 10495 14134 6180 19225 10606 15271 11446 17146 12190 13672 15791 1900 18859 5728 14435 19424 17624 12032 12583 3811
17537 12422 4900 3873 9497 17592 3862 5595 2803 2406 4228 5283 1807 2808 13244 14836 10452 14698 19171 9446 1661 19521 16862 14334 19927 19274
10035 18894 15762 16138 17414 11372 1655 14720 306 16112 13397 3863 753 2433 2889 15193 632 19102 15522 14328 11127 12037 14607 5152 15692 4094
10734 18269 3766 7470 530 2909 12259 6899 1654 3930 5294 9311 11635 16454 3871 8288 13526 8173 816 17524 7760 11806 13711 17554 11768 11687
14119 11302 9658 10984 17194 7419 11136 3758 4171 4023 18901 12102 2214 6328 15954 7371 13039 526 8606 11539 11328 2280 7610 2715 19967 3350
6735 14553 9273 382 15512 10639 1671 16878 3377 4421 9496 14006 7138 19670 5078 17159 3677 13078 12789 6716 9383 18990 15335 8970 2847 4294
6993 18373 19526 8657 1418 13637 3241 6590 6894 12604 5856 5111 6592 10313 7976 10694 11089 17882 10396 2008 15444 11306 3842 6529 18847 15962
845 6201 15460 7741 18762 18328 14643 3114 19781 17118 7810 19140 12455 9744 17463 108 17644 14656 16256 15056 684 13073 4792 6508 16682 9223
4619 12702 5391 18809 2232 14602 4219 641 19785 2396 3668 6138 18635 9061 7905 6511 18783 10042 16203 2383 9843 1494 11421 10422 16953 386
2390 1563 16087 19447 8630 18311 7134 6297 2210 532 6555 8548 18468 2907 12356 15483 9381 18574 16649 10192 8167 15045 3473 13901 601 16371
8595 18920 15319 4725 11351 6881 11045 10854 4163 681 7199 4776 19682 4382 7092 19579 17328 19604 10282 6658 14071 8929 5701 7045 13274 11916
8982 15671 8528 8272 5426 7682 2539 7972 1691 10330 17947 11548 1856 12246 11108 19243 8812 1115 16107 8676 4 2987 2804 4383 865 6389
18955 5146 18055 11802 18572 1854 4113 7236 14569 15752 10770 1289 5261 5927 3673 19190 15990 11858 9464 17201 16117 17934 14519 7107 4471 7168
11047 14711 13992 13511 14777 7014 4815 10471 12873 9057 19315 6062 1933 16665 12019 13021 17568 696 937 17060 5272 1954 7110 10105 7427 18684
19835 4267 1524 11867 12047 12665 13172 10559 7276 964 725 9655 3440 7129 3724 11235 11552 5889 17086 4116 11599 4626 924 10135 3614 19222
15249 18642 6972 14324 1670 14553 9746 2119 17195 18641 854 14412 6546 17145 16769 5171 3973 2124 9107 9630 18638 5342 4878 1445 11862 11154
1836 17882 688 7203 8411 19878 12385 12964 12468 885 11576 3304 4856 15417 10475 14008 10970 13765 11151 16375 11907 12085 11621 1763 3624 13469
1137 4369 19254 10975 4005 7612 12174 1406 19325 2438 5398 1889 13939 1534 15387 79 1874 2387 2594 5508 5828 10055 1508 418 2717 12661
10703 14023 6435 10568 8743 11897 15887 5433 7947 7289 8171 995 742 13532 8970 9616 15182 15346 19195 7972 891 7914 13891 19668 4436 9468
7734 718 13147 1463 1370 1165 14454 7242 18155 16536 10621 5891 9013 890 15227 15650 2285 15822 8420 10908 17686 4289 4442 12824 6446 10227
16096 16238 19261 13801 2102 12261 7742 6795 5666 3463 13656 4051 14459 11952 2977 1617 14842 14848 4369 7 7026 10235 17404 13257 7928 16141
7604 5815 7465 19464 14103 15624 1667 7536 10304 6855 14835 11665 9031 19662 2102 1140 2297 16482 4702 13269 2589 4186 11671 1912 9088 1155
5177 15181 10191 19643 4192 13819 1241 15229 8010 2986 19185 17795 14813 10643 10217 7756 11955 7410 15825 16232 274 7189 14839 10238 16708 2065
6635 18162 16516 19266 14318 2288 15147 12461 13504 12964 12263 222 481 7644 85 3054 18036 328 8148 10714 12131 16741 4681 1674 4685 15524
19963 6483 18269 10719 16906 15404 17235 2971 11998 3661 6801 17489 7043 1982 7898 12129 4907 10739 9230 17689 6681 13691 11951 19614 4606 11948
9928 17309 17467 1208 4544 14400 19272 732 9156 7682 13540 17182 17600 1304 14917 6452 7881 7557 494 10154 7032 1158 13249 4319 17897 18533
10172 8992 17446 7819 14142 12174 3698 9551 3180 9192 6817 3794 2351 9897 7731 16880 553 169 7844 17619 17810 16570 16985 6841 12286 17011
19548 13377 15649 7282 12130 2685 10724 19284 3291 1700 14245 14203 14553 374 5854 10244 15992 9024 8507 13664 15821 16683 8611 2912 16807 13339
3786 19063 19450 18747 2311 17947 4032 12368 9698 2724 10280 3220 8307 13765 1704 5876 13763 11603 12851 7 4283 14975 18052 15114 12973 19380
8290 13669 17799 18106 8680 12037 12691 1947 6091 5026 19204 16632 4760 7266 9650 13855 12752 14931 16182 2219 19965 14367 8249 1935 7281 11613
4537 12665 17063 6794 3517 17067 11167 11864 11271 8777 1475 131 17623 395 13930 8836 424 3223 3215 9155 4339 19453 1142 13673 2699 15589
1068 19809 9384 17788 1724 9383 2085 17841 9953 2625 1258 7657 377 9356 14270 480 13325 3633 5234 5974 1272 7258 10003 18943 19740 18874
4370 1460 19823 14293 4032 14875 5720 1147 18586 8678 15978 16851 15586 1760 18200 1221 17705 18185 14700 18039 5402 11032 11820 3421 19689 6417
6743 5176 6401 16713 3618 15535 5093 19568 15921 13960 8580 19681 16975 8936 10361 10280 12901 4177 355 6116 17544 13475 2374 8754 5980 373
19512 1360 15545 12398 10586 11727 7114 8583 12605 9204 15183 3013 8883 3791 1454 2182 16003 7543 1650 1023 15819 13005 7431 18841 7610 14946
2000 5193 16956 4589 9143 2634 11399 14222 1724 15817 1278 9525 18614 17866 9208 17417 19442 12856 11688 19674 1065 18311 3860 12145 5150 13173
11940 18116 60 8844 7377 5821 3919 3038 8094 16300 10614 9785 962 2143 15162 2649 7390 368 17739 16122 17248 14928 13289 14874 4036 12646
18827 12974 14047 1108 9129 10703 18907 17504 6850 10291 17371 6667 3010 9357 1397 7898 19278 12415 12406 6370 13970 12519 19801 3335 10708 3037
220 2958 12892 9425 15271 4410 1827 19340 648 8831 18971 5119 9662 3083 12264 19791 10794 7893 11492 10062 8887 1392 11004 17587 16414 15292
16649 10650 770 884 19536 17898 7570 2377 3226 9632 769 1111 18645 9690 14246 7970 6214 3813 15602 9586 3742 18681 5689 6622 19740 8475
16880 2359 10563 14884 12574 1236 6413 716 1933 4228 532 12628 16458 8610 3018 15152 4637 19508 14861 16966 15173 1389 1566 16428 13497 10687
16788 5419 81 10667 13215 16268 2268 16688 9781 8944 8739 3660 2130 10062 12899 6730 514 2866 411 1512 10895 12025 9320 3064 817 3513
17482 4665 8527 18319 4737 18878 10826 9347 9840 17255 11739 4719 8805 15200 6904 2968 881 1246 4949 3666 18187 3696 11907 10075 12537 16564
5728 18594 19193 16102 10549 8808 10028 10829 10640 7893 9057 7781 6062 2898 17456 5770 9707 10 4710 5098 12766 12050 6239 4127 14763 14700
14434 9535 16855 2853 17540 19428 9900 14871 6826 9091 19298 19236 9627 13286 4035 7742 10725 2088 13709 19950 8881 237 10606 3484 2767 17241
9601 12766 37 15918 5787 16790 18198 19171 8602 19550 17928 8956 15629 3855 6154 808 4727 8921 14343 6688 8177 9590 7626 13331 946 5859
17829 11984 4560 18049 15512 19245 15926 9068 3601 17538 9051 11017 18928 14407 8397 15672 16298 1619 6854 15111 7139 6737 6614 3144 15196 2850
9255 7844 6696 13212 11914 14948 18851 18786 8415 1989 9403 15027 19037 5641 15330 7537 14211 19522 12266 17162 4678 14343 14487 17693 4449 12205
10232 4568 1075 18441 18656 14752 4872 15278 15529 10274 9728 12083 5061 19672 16942 6468 13127 728 18370 8512 18651 11959 4392 15864 3706 9237
4101 7579 7115 2571 15210 13364 15259 10938 1250 14340 5413 10152 17066 19785 314 16233 8329 19423 544 19281 14563 15876 18287 18354 478 17477
16709 8297 11536 15623 8872 9586 12947 12211 19552 7282 16410 16289 14559 10221 18429 13371 1797 7761 14655 4362 6917 5703 17874 9386 8751 2431
3253 18609 6807 19269 13121 12403 1818 16406 747 12950 6353 4774 13528 7099 12885 1085 9741 5533 6337 15534 316 19939 6895 17059 2358 15665
19594 19653 14341 17570 11764 15505 14253 15861 19613 13334 4592 47 7259 16324 8864 12177 13044 9848 14282 19623 5898 464 958 837 5466 8674
6319 5476 1475 7920 7142 18594 18861 5797 3559 13739 14491 15742 5611 1010 4403 4115 12155 6168 14524 5278 17624 12670 2980 18975 10747 18636
14750 3720 18671 2358 3050 10765 8524 15903 4429 6810 19506 13873 15872 5035 9855 4433 3536 1205 5071 18783 247 747 3339 6368 1578 12367
9904 18555 11415 343 5282 574 1598 9344 5178 5193 13743 19304 15066 3497 11960 9319 9395 4158 5105 6930 2675 15880 8374 669 5917 19280
14565 8979 15677 12505 2669 10017 9593 15487 8299 8266 5189 10838 17801 11996 3978 1574 18236 8123 9452 5246 1294 19873 18824 17487 3561 18027
16489 1592 18845 6745 8247 11197 19135 591 14601 15345 2220 11490 15438 19425 8318 9410 1872 3016 3299 15721 5288 373 10690 532 11209 3237
5847 16474 7779 9786 10512 3428 4712 9780 11757 7600 10645 17542 19428 14227 8332 17401 1953 9047 16487 9732 16901 1292 2312 14636 13910 19552
4565 16011 13643 16147 2608 12857 2758 17776 3040 13050 18554 8633 3317 701 10154 18576 3487 619 7493 6103 13608 2917 10662 1015 14860 14245
13829 2813 7554 14139 14188 18079 13418 14596 15265 37 4351 733 16088 5017 5360 2287 15400 1593 10556 4517 17134 2979 11159 11013 17368 579
17660 8931 3549 4271 8009 1887 13523 8181 18225 12674 13148 15488 19544 16995 5644 957 19275 1169 2586 9927 6250 13229 2022 6872 1789 3148
18112 17101 11056 19151 8667 16735 15959 19024 5345 4408 13737 19200 13433 14679 3019 8462 3109 10412 11523 7761 2663 17066 5778 19599 10982 16218
625 13478 15604 16224 2609 3212 3327 19184 12842 1306 19585 7700 15955 12161 4999 13359 13966 7183 19503 10804 13643 4777 6515 9885 2282 9298
4690 19505 618 19781 19976 14887 12299 17052 6570 14815 9156 8528 4266 10260 8848 3594 2334 2868 6704 6332 13817 5556 7571 3002 13870 869
10876 16906 13528 5133 10561 3260 2226 6294 17932 17838 18478 190 16915 741 2187 8251 4293 16437 6570 17959 11341 6085 17810 746 9795 4484
13520 18733 18245 9137 5359 10668 4689 12930 444 10348 14756 13923 17769 13142 15386 13326 5523 19084 1834 17043 10946 9311 11293 12996 15775 18728
14186 8878 11431 2864 14909 7158 4353 8481 12279 14715 9772 11077 12279 1730 16670 3103 14792 7347 1919 12370 8068 2115 11010 18259 10567 13665
18832 3095 9253 4570 18608 17427 1279 10183 3663 15388 10805 6991 6354 7500 14022 155 16578 3492 12699 4731 13910 15741 9520 15888 1566 15690
2616 12297 10296 11487 14937 4840 9550 14868 5008 9901 4672 14659 5956 10869 542 8000 14838 15942 12969 10829 16479 15055 8998 14525 17790 14964
16792 11447 17587 9096 8819 2089 19908 6599 18166 10164 12012 2829 1993 16474 4324 19310 6982 10708 1921 3659 9466 12201 923 4144 1484 6221
17621 12807 6078 6909 17777 1052 10203 662 15190 3830 7327 19222 1674 19431 17038 2779 5833 6805 3569 3511 4314 10217 10025 6202 13065 10703
13106 4164 7843 13788 19124 9749 64 3516 7918 17995 17205 16628 12220 1772 4522 9299 10268 17063 3415 2885 4302 11179 8279 3715 7873 9881
3498 6508 15693 6695 13282 19572 17403 15185 4808 11278 4569 17341 12222 2404 5776 1300 5379 14586 16922 15871 11047 13732 13040 4470 13744 14343
8125 16621 17361 3620 13576 1064 3710 2135 10260 9125 17634 18423 4316 14035 18900 1271 588 10657 13498 4035 14270 809 14751 10434 6185 18340
18654 3185 431 12806 8594 19034 17959 13421 18109 5698 14376 3725 662 11847 19152 9731 12026 7290 1414 1645 17873 17323 8104 14877 3352 12689
18035 15504 19847 3712 13645 8780 4030 3455 14264 14613 339 7824 9744 8766 13392 5197 25 163 1450 8091 19775 16479 4563 6098 10438 14909
4020 4460 1339 15383 16192 16220 12231 9596 15941 9833 2214 13011 17037 10397 6413 8720 704 1167 13306 7952 13384 12791 9569 17287 19820 7288
630 16508 17121 13486 15147 627 9219 7784 884 17672 17081 12798 4205 14735 2405 18392 13938 14648 5893 9777 19238 9851 1121 15668 16268 1601
1597 13917 6210 9860 16881 19552 16543 4456 4803 783 16272 16472 3871 7697 19063 17835 19939 16180 4575 17035 14382 19173 6076 9188 16778 7828
15899 12919 15700 9048 10143 19534 11104 15128 15326 14955 18732 9810 12755 1375 7259 8278 18148 15265 11979 9581 12518 12140 16984 14311 8585 3593
5549 16444 6429 6795 8040 2593 8475 13217 8391 5841 2333 10681 8389 5346 13657 765 8333 1309 18691 6906 1102 2239 9056 1949 11062 2038
8753 19835 8018 11375 1877 3530 2205 1237 15338 6503 3943 3453 5357 724 11311 13419 2555 7803 2098 257 5752 17096 18518 12101 327 10760
9768 6699 11256 13837 15985 16381 11845 4737 6260 17497 6773 8463 13934 5212 19070 3284 4746 8079 1654 17059 9604 7115 12532 684 5515 15585
2255 13589 11209 18834 13421 13192 2837 18564 10497 4781 16073 13939 5727 14020 16445 8574 4358 9209 12418 8546 7057 11075 8919 14295 14100 19219
15335 15792 9891 4448 3299 5112 14869 12586 16703 15045 4785 14577 1735 8847 5470 10615 1938 4203 4273 803 2303 14925 5404 1453 17999 982
375 13690 6798 10925 7328 12880 17527 11012 4556 11930 15228 6985 569 19140 7718 322 4153 17305 8732 10031 3009 11449 17032 10272 16331 19766
8697 18991 4875 15998 9435 14580 10311 2050 7357 19995 18422 14717 4853 19572 14591 11881 7656 10725 6456 1055 5561 18813 2454 17018 5856 17716
3238 8975 2655 15258 19877 9557 9577 17153 8521 17505 9130 3439 11036 1837 10572 2922 11595 19712 417 18592 64 8114 3370 18513 2863 1486
12091 6409 5132 4403 5619 3450 16501 10882 1578 13048 1509 4415 18542 11455 6182 3325 8923 18307 9008 15444 10492 19055 4187 6747 12234 17192
2312 9475 17925 18634 4472 4961 18442 1969 13994 13068 5264 6597 9644 17317 18804 19192 11684 2978 6118 10092 10794 14332 17009 17403 12184 1067
2058 14241 1562 19296 10682 14089 5560 2395 11749 7407 19798 2381 16555 7851 16681 2610 18998 13318 4755 3443 5811 162 7277 15311 819 2207
13076 15318 12218 9597 15363 14246 18445 14824 14222 1787 1846 18461 5012 9580 14774 18012 162 14444 18429 11128 12565 7427 18041 534 9218 17741
18096 19703 8600 10514 6234 14742 10529 6546 6707 18026 25 16419 323 8489 6596 19256 6369 15499 15776 10464 17701 17203 14379 1976 14015 18516
14023 4415 1764 16740 12054 4579 13843 19466 13187 7162 17557 2373 6549 1379 14651 14754 6664 8049 9725 18516 17679 10385 15284 15923 5642 6504
