365
87 51 28 39 92 67 9 20 54 30 70 36 76 96 100 8 14 77 26 83 32 95 66 36 69 91
392 19901 5915 19857 3511 5408 1432 9725 10042 5191 10686 4068 16459 5165 2090 18730 17255 17165 1452 5722 3686 19456 5473 14688 7236 92
71 1709 6739 13967 9127 15915 12632 7218 2146 12232 17691 10622 15646 2832 6529 3377 11515 17634 17543 19430 12943 2234 1578 3908 8485 4626
4627 15219 16975 7229 19439 10019 10161 2399 15796 2864 17391 7318 14028 16377 6272 8980 11155 6438 3209 11243 8349 4335 15583 5384 1969 6866
11319 5482 6351 9903 16391 9440 7371 5881 2181 8004 8825 7932 16975 923 13717 16571 7882 2488 17205 1421 5919 14160 2702 4230 8162 416
10466 8056 19708 8853 16040 16814 18566 14352 5680 4760 18167 16049 17852 18340 16475 1683 5463 11791 19325 3487 3587 15082 13404 14251 10266 18759
2461 17496 17824 5106 19385 3259 18785 12594 3935 7219 4144 2031 7972 2635 19787 19826 14763 11269 12526 15002 18525 203 11953 5062 4809 12342
10841 10055 3601 17187 1102 12160 17388 6193 9631 9117 1409 3972 2785 18215 18676 16888 334 6494 7814 10298 3572 10604 1763 16250 1467 694
13889 1666 9261 1931 15833 8443 17424 13043 3521 5057 15809 9046 4 2315 7179 5642 19945 19647 18271 14337 10186 17385 19086 12003 2795 15813
11678 16629 15390 7721 5690 11741 3894 5702 1426 1929 8209 6228 6616 11451 342 19012 12582 19137 15216 19091 5976 15476 5558 19236 4797 13970
19024 15622 17265 15727 15701 12181 15931 1163 11399 14623 6816 8348 34 19691 15076 954 12301 14789 10474 9623 18545 18563 9963 7268 12579 4356
4697 1600 4834 19074 2906 16439 1272 12344 8155 2955 8547 3161 11613 12733 17365 17603 798 3527 7050 11681 19249 6841 14035 9705 14238 6481
16361 9977 12463 9153 361 15822 11724 18689 12742 14246 9166 12718 9538 7212 7229 16414 5387 12796 4429 3347 9427 10491 19714 19167 6350 9592
13138 5704 1065 13647 6378 11254 8351 3522 18125 16978 10893 10946 13208 17758 10002 19166 19916 10842 15671 14689 8765 15535 4177 13027 12235 4004
1793 10563 9748 11398 402 5315 8563 12971 19781 10887 19222 607 3113 7686 8722 15323 564 2932 8067 8182 19633 15121 19482 1089 6616 15959
9696 14231 17985 2530 5790 7023 17600 6981 7630 17513 18429 4138 11024 16207 7691 12642 4296 7657 14170 8888 5916 15760 17597 17382 10727 955
18612 930 7437 17298 4704 14830 13331 19465 4797 3157 1391 13337 17167 6674 1238 346 13393 14185 10269 6263 1786 5951 17760 16355 2769 14423
14058 2222 11002 19058 16586 9236 2660 3626 5026 6550 2066 3605 16215 1705 4612 6020 5574 18804 6020 8569 9754 18547 4804 16741 1937 11889
1142 2060 11415 11909 6398 9290 13947 15834 17382 7449 3042 5923 5297 728 18755 901 10095 13080 7710 13370 19459 13677 9374 8959 1897 9404
19764 1767 15696 8142 3593 5576 13254 11636 16479 14219 18228 19329 10535 4554 18133 5231 17184 3223 12682 5171 9770 12054 19618 17656 11066 10021
10887 9926 13400 3535 3313 2560 5275 281 15513 16556 18873 17718 635 5019 14122 15949 14637 4361 6275 5462 1801 6520 18100 14435 19970 8756
5566 6168 15401 18815 1986 15638 3865 8927 12873 19289 15953 7424 6296 2761 10499 18341 1418 10359 4129 8386 6380 13348 17895 7296 11811 12172
756 15605 14686 4455 2852 11462 10466 18210 19441 14198 7787 13796 11669 19150 19767 7620 8271 4355 7610 8570 1815 2107 5191 19759 13022 16440
14089 16430 12671 2762 9390 19410 16746 10562 8766 5256 5598 10641 8474 5740 9976 5884 16442 18203 9633 451 18326 6397 4580 15554 255 17008
10710 1558 989 1063 16541 2815 15523 17513 7933 1721 3083 10534 15126 11193 2941 18806 11978 10520 6184 19101 1467 18579 14748 15209 6493 4377
6706 10631 17597 4760 3934 15572 9119 4455 6697 13401 6067 18156 10548 6040 15329 4910 9923 17510 4997 13747 8881 19929 10214 4391 19696 19737
10911 8933 7015 15406 16042 1544 2360 13140 3959 12050 15966 16133 9953 6074 15287 16015 2944 8434 13651 13739 11833 1287 11363 6775 3588 9572
11027 2222 10743 14622 16475 2865 11051 18196 7824 12226 16179 17945 9400 19983 18773 17969 5945 7487 4745 15217 18684 8618 17885 14252 11607 2880
9809 3283 15836 2213 2435 13839 5187 15025 6412 4016 3929 16258 16304 10894 16236 18639 7218 10424 15190 10697 5726 19169 19578 1239 14573 5562
13045 2234 7875 13620 14526 12189 13120 2803 10179 3802 12354 6544 5800 9945 2158 16851 19404 14792 11109 5188 1116 16792 31 18471 1082 17180
3701 9149 8159 13998 11674 13625 4011 11122 3809 13901 1560 2877 9062 11818 3961 3771 8200 8244 16289 7408 19485 740 14955 9455 10120 18136
12154 12435 6626 14867 16793 12821 7257 6930 17791 6267 18852 5350 506 15683 13101 5919 2472 4128 17115 18848 18512 18798 1901 8005 16536 6127
6312 1204 248 931 4803 9068 6101 11681 18507 18572 3911 10319 12867 13850 2746 16000 2571 18110 11220 7323 2863 5948 5183 13459 6518 2236
9600 11974 10784 14987 9130 5763 10304 3402 7928 11730 19434 15852 1549 12636 11828 11525 8794 6748 12122 19474 14931 2320 19746 4959 9982 6826
4942 17656 7782 6854 278 13710 15633 16635 14199 5587 2123 3272 18215 1809 9398 18688 8962 9699 3596 4573 1999 11752 16242 6256 1702 745
5969 11832 8057 1579 15955 2838 19637 8346 6709 15743 1373 14133 4977 12664 3905 6201 5349 12934 18162 9656 10527 17760 13183 9582 6614 11845
7922 4193 18817 14891 7658 2636 17540 17335 4448 3688 16287 7266 9160 19250 1781 11861 7065 1305 7648 7238 4679 6391 17055 9095 3503 17771
14058 4164 13889 17550 16210 19737 8522 10169 6843 9100 1891 469 4893 17263 11842 6759 5495 9326 6855 13064 18658 7668 17463 19959 1088 3238
18143 4289 8210 2017 2115 19817 6212 7796 3592 14327 874 13066 7802 3803 3966 11032 17627 437 3335 12272 4817 13680 14082 9338 19396 18888
11191 13758 7878 7987 14830 5893 9729 7759 16815 667 16766 8507 10856 9748 3404 5390 13534 2279 18185 3696 832 12756 2159 13307 17524 17322
13314 18453 5316 10371 14094 5541 15660 13327 10597 15473 5000 15944 17901 17797 11893 12550 17333 10459 7303 12552 4754 11378 5528 19713 2765 16787
12134 18734 16231 5011 13325 7129 12598 16370 15330 9860 10154 16826 2963 6046 16248 13221 12969 15153 15632 17221 9062 8003 8711 16450 7503 5643
14156 3005 1299 6451 9712 9486 8131 239 15300 269 219 1950 6931 19069 1472 14151 10165 17112 1460 13032 1450 14289 7992 17418 5833 5
10810 9217 4571 7258 3571 17146 13203 3233 3267 12895 3712 4695 11600 9775 4763 2370 17207 5088 18651 962 3262 17467 5634 10706 1339 2915
5215 9516 17333 19997 13995 2403 3921 8708 7299 6234 15432 13343 14050 11502 11165 7419 6078 13336 12501 6317 3315 3296 7249 15205 19882 8399
4389 5360 6778 19710 19800 18468 10137 3408 2492 6011 13104 7258 8942 372 1251 18702 2818 11089 8203 3201 13685 18015 11675 14199 2789 8228
9916 9373 5965 16054 19715 18112 635 6481 11475 3061 14406 959 8595 10990 11666 15286 10595 4538 17099 5230 7810 2004 1944 12931 9368 16813
2974 5490 12316 10426 11969 13596 9645 9609 3625 10187 17695 1754 794 17426 9747 4237 550 12178 4961 272 17057 13195 9037 7165 3466 19333
5221 14976 3477 8716 12184 1565 17364 18997 1978 16316 16735 17076 9825 9180 1912 7877 9946 1805 12526 16930 1395 8375 3088 5932 11179 7920
15520 19946 8820 18788 3249 2933 8954 9529 4044 1988 10834 2944 14529 16420 10641 6182 17011 3094 14629 9467 18218 14698 8452 8055 9619 18054
6087 17035 549 8871 3459 284 12840 4585 10992 19654 15688 16326 11387 4917 3528 5940 1699 11851 19798 2126 16103 1091 347 18748 15562 2182
18150 10804 14118 13112 13356 1642 2559 4703 9074 16566 19540 10002 6137 17421 17185 18271 6719 3249 7317 16265 13874 1946 9518 6595 13716 16303
10081 16100 7453 18495 14136 17710 9717 11049 14204 19332 17674 14411 1832 9249 1186 5305 9266 18411 2809 15751 14334 6611 7122 6530 14578 3475
17988 2448 17029 15080 2101 17749 12848 18059 11047 1835 14490 9306 8197 4814 10113 13672 2398 2702 8478 6299 2252 15699 2805 8772 17135 1784
18473 1524 5940 1273 16304 16947 14714 17901 5477 221 17435 1644 900 19294 8212 10827 6635 8945 14193 492 9508 9980 10179 10016 4589 4705
5818 19697 17942 3159 7746 2833 16255 14072 4268 10500 13149 6944 4919 12072 16241 3667 11807 8875 6370 10116 9115 15559 6174 5184 15329 19864
10747 15510 2135 1346 5703 3069 14148 4178 17659 19407 6373 9495 13507 16227 16596 14887 8691 4514 6549 14244 6533 14121 12132 159 8848 19958
1105 13679 18126 16853 16437 14391 8623 12856 9268 7129 7722 5736 10034 5076 5961 15024 13161 10623 5363 5566 5861 306 7138 11702 9372 363
10003 18146 1234 10175 7769 4984 16148 10358 17122 12644 13386 9849 15406 6470 2922 15452 9800 263 19928 19327 5788 4940 13729 9957 433 15377
19458 18941 2015 9679 995 12529 14915 6102 11189 16816 6901 19117 14294 12235 1920 7136 2806 17738 4634 5718 12455 1262 3444 9890 263 8547
5884 18265 10897 6596 10289 17754 7816 13732 4511 6937 19809 16016 13765 10902 9252 2128 19675 16961 19181 2680 216 2210 19932 1845 9267 11742
8339 18884 11135 466 12151 19181 14703 17284 10414 19713 151 18984 5409 9312 2063 2189 7832 4448 11409 17790 8757 12290 13737 12739 2241 6437
10088 11156 17704 6563 1541 11891 9888 7702 1793 15048 7007 8943 15444 10374 17388 5599 14526 19439 17066 6353 4431 13657 13895 17710 15920 570
13372 1087 12160 6675 13718 18060 11887 8115 2949 9182 12161 6091 9708 15378 6548 7165 12247 7994 19240 18485 18097 9872 14182 8537 2334 16712
9348 18741 5534 2521 6755 9381 2704 16156 12956 1881 7806 13753 9147 5406 3443 1704 6915 374 476 19064 9197 4154 19012 16886 4680 17698
2427 17335 2900 15503 2345 11646 1775 19312 5284 5900 7391 9727 10478 10603 8132 19291 2569 9186 8306 2202 5226 1381 5173 11908 1228 17801
293 9268 1838 2608 17012 4744 15878 13579 5383 10832 5548 3428 12937 13655 5561 18973 3415 4991 12100 1501 16937 1879 434 19238 19142 18470
14268 16388 4828 3261 10556 10855 3531 12366 13287 7975 2953 6087 11770 694 17324 19771 14456 13565 528 5167 14612 5868 19112 2314 3383 15340
8973 10100 17198 12783 10954 4996 4404 2653 18861 11336 8799 9790 4798 9580 16878 6222 12781 15735 1937 14981 7871 12177 14750 11518 2854 2001
11577 16736 11198 12385 15425 18524 5267 3138 5032 6723 16504 12114 777 9275 8863 2049 3490 12706 7259 4924 8551 12549 4025 9904 4853 15622
2920 1558 10683 1300 15065 6605 6152 13737 570 8773 5491 6318 15196 5471 672 18116 15154 1122 6639 9452 18407 16707 18668 12331 6888 10235
3616 9697 11006 7653 8598 12034 14008 18334 16789 17949 16348 8814 3126 5085 7350 2232 15739 4605 2865 4393 10749 11512 18507 15858 18001 18093
1332 550 13125 11553 1722 2947 5954 3614 13603 18874 13457 8106 18618 11209 6036 15448 3160 7630 12056 10023 5411 13761 8655 7976 7989 8051
9486 12177 19353 16025 1753 16828 2538 11196 5854 15816 5581 12473 11970 15955 141 11333 7173 18008 1913 12823 15854 1016 1476 18501 250 15708
12287 6482 5378 18128 7892 19907 8521 12919 15859 9986 2703 18458 1191 12493 6577 6368 8827 12882 17577 12431 91 13034 4695 18935 7471 11850
3869 15602 19841 906 13404 1284 13639 14770 16113 8551 3299 7653 7954 16867 8451 4854 14641 10112 11812 370 19991 17036 7197 5000 12178 9003
14916 11660 1931 6209 19635 15632 5501 3176 5155 4051 3635 1581 14392 10659 17117 2739 2090 14363 16322 14098 6228 16603 13815 3314 12597 2022
11811 15320 18905 15417 2226 16556 16773 7181 6629 12832 2285 19440 10751 5414 15112 4998 10641 3698 4792 13009 2203 663 488 16607 4157 7156
8837 16116 15903 15504 4834 14977 2396 5488 8480 5481 10701 17620 4716 15769 14443 789 9818 4711 5589 17071 5506 8596 13526 5978 16748 8841
10581 9998 2219 17844 3287 16979 19232 9973 14484 18454 15937 17754 7528 15859 13636 7249 11865 15342 3203 1966 13745 782 16867 13057 736 1454
18767 6059 2929 14739 2764 4269 11741 2648 17260 2513 9606 421 4732 184 7842 13867 18499 11542 10962 7769 17531 2785 4794 18921 19122 334
4734 3726 10811 4690 18155 17591 7323 2995 4561 14445 3189 3562 884 14790 16534 16729 9969 8746 18128 5293 18289 18597 5605 16246 5087 11148
17880 14789 11853 14040 18665 17223 13182 5963 13228 17110 9851 6017 4792 6462 1582 13981 241 9754 16407 13254 12026 7024 18258 409 5545 1360
13987 8111 464 616 2184 3433 6759 18118 7018 2064 19658 10600 7283 6601 4876 18831 9068 9072 9602 16501 10778 18406 1973 14348 2361 16240
13716 1728 18936 10510 19371 14106 12534 10246 5824 8615 2433 2257 9582 12290 377 1819 1376 19696 13690 9458 10494 6922 17456 3136 12144 5261
19970 6838 2560 9679 8088 1898 5604 1668 11472 11133 10639 15724 9905 17448 13744 8899 12204 13804 15079 5380 3558 4533 9179 5057 6682 13844
1241 7550 11122 10738 1032 14217 16474 8797 9873 15677 6318 15263 14679 16502 4928 18678 4196 15827 14751 18405 17395 2043 18705 14323 11345 7943
18872 12347 5277 11598 3212 10212 2463 7651 12850 7091 9732 11402 6881 537 1895 5042 8459 13951 7695 18592 14643 12058 3739 6687 12000 17380
12436 1574 13921 1311 11151 18189 11860 16746 128 10398 9222 7454 3410 13489 463 508 7828 15178 11363 13974 13229 5822 19592 90 6725 14033
18480 6550 3174 5792 17076 752 467 2226 14996 4140 6448 19397 11989 15063 2215 9793 7996 8016 1336 9286 5085 13957 7205 1640 9407 1431
3832 14875 127 5380 18943 17320 3386 5670 11715 18261 3225 16868 16285 9289 8562 6626 1651 9667 12575 1717 13554 17216 14885 7336 2401 18312
11367 984 14833 17295 14052 11611 14733 4786 6710 8586 11320 10207 19307 17215 15155 15030 8424 7567 7650 8807 15478 3908 795 12973 5322 16364
10184 6193 1511 15588 3603 17676 3215 14412 14993 19692 1295 1957 19719 8563 13093 7821 13293 1761 16993 770 9355 3436 19926 9045 5471 19765
3400 4099 17148 6804 19078 13087 13519 17981 11010 11398 7911 10818 8646 6164 59 139 5507 18818 13507 83 16209 2966 7208 3670 7129 9330
6135 12146 11725 4309 3150 9185 3574 11188 11261 12048 18240 4014 15535 7020 3910 9064 10873 10989 159 14861 19771 14669 19945 11711 15887 13722
19245 8946 10442 16504 13481 17168 15993 9838 6402 10871 8266 7845 4873 2109 16523 17972 19284 18662 8572 3786 14531 1881 17203 12818 15237 7735
1423 1394 7767 3018 13873 6022 1033 12087 19086 9714 8076 2913 17246 17298 2005 5725 676 14077 11749 7846 501 16092 12801 4706 13684 9192
6439 7074 7237 1094 3966 11740 2515 11273 17715 10443 455 2508 17727 9892 16400 338 5170 18603 19180 19819 7776 15962 18161 19489 17014 13299
14945 9558 14760 17411 7268 14054 2013 5624 1680 14633 283 1790 3960 16245 9450 17541 10028 17564 8052 18234 10092 18171 6456 9044 18679 19791
11498 10464 915 10640 18194 1236 1932 13591 2985 16245 14549 18245 15951 14753 7889 7989 13434 12005 8955 8505 3822 13587 9580 5488 4528 15262
11812 2422 8211 19411 17666 9811 16702 16549 16665 14509 10963 4980 12877 8604 5300 12473 6018 12694 14709 4092 2453 9317 9537 15525 15163 19400
9281 11539 13051 13095 9105 12380 4191 13961 9330 14138 11381 14655 13762 18918 1212 6154 7896 2961 17337 19025 19333 1610 14784 9162 14429 3157
9102 14974 13378 19282 12017 10542 15348 1900 13308 19611 16575 1410 19878 15411 16801 16236 9754 13090 13840 12144 14983 10962 8723 14089 2390 2506
4237 5869 15918 18164 3408 7709 8234 6132 783 13195 8690 234 8924 14513 4457 12969 16711 6500 4438 1302 19617 2531 9525 1039 523 14832
3701 10930 9280 5381 6521 13036 9636 14727 18020 15550 5306 17216 10417 8600 11545 11966 15220 9099 8896 9430 6506 11677 12123 1214 7395 9530
10875 3122 11131 6782 12072 7010 8917 888 17001 2588 15100 3278 3558 11269 1574 7970 6075 2295 4663 3001 1210 6380 976 3137 15843 16920
8907 13575 6431 4381 6117 16506 16102 19314 18460 17200 553 16524 13873 18690 15715 3158 1903 14646 15002 13713 1128 6295 3647 2248 17944 13185
7284 16687 695 10940 17381 1934 10927 11766 13085 9264 4458 15223 7519 17462 374 16281 16561 7983 922 14843 1615 18052 8430 16858 5856 11739
13375 14267 10319 6255 551 17047 768 9567 6010 18225 13138 3390 585 13887 5575 13041 13130 10718 8932 2090 11752 5722 11281 10474 6907 8127
5485 8459 6256 2637 13468 4061 18734 11115 3996 18270 8013 16038 9467 13729 16450 5647 16402 18283 2363 19083 13836 17681 6730 1709 2444 17797
14530 1781 10208 13019 2239 4493 12284 5042 5858 590 11278 11061 12966 13939 1602 10501 14044 9986 17054 11281 12391 1497 7694 7826 384 377
7271 2201 10821 1363 19667 3696 19416 16892 2209 17647 8045 3089 12943 17741 2797 16052 9198 7261 10318 11280 8837 10483 7652 6563 13368 589
13029 16607 10441 4799 8053 1402 4733 14134 11141 16057 6736 16283 7974 4118 7279 16921 14866 2093 9692 13235 17717 3346 5419 17650 11951 16975
12267 13344 17481 7462 6375 9458 18074 10055 13261 4024 4032 13957 9892 19425 5169 7807 9051 3027 3192 16231 2092 5043 16768 6922 3950 12136
11894 8491 17016 4790 7872 8563 18537 435 10908 1811 6843 1546 5582 633 7020 19212 3781 19348 4559 13718 8506 12798 9254 19253 2412 16953
5336 14704 8740 14907 12565 7030 6578 9299 14482 2955 14553 19270 15021 8798 13088 19990 9080 11576 11284 17064 4119 15401 875 17456 1923 12446
13305 7053 2470 15958 18331 15634 2067 1869 4484 2144 16752 5499 1067 1366 2813 10755 5683 16276 1776 3923 18905 788 17590 5686 12009 6478
10233 17434 10608 1023 15153 12525 12079 9385 18660 5343 14953 711 14648 11408 2976 10388 428 2397 2995 16770 18146 3531 17922 2714 7306 9666
17643 15632 16256 14144 6464 4064 10161 3065 504 11611 9234 8984 15621 1039 11848 8007 15333 13417 17624 910 312 9295 16521 11623 15950 4826
8753 17193 3171 16259 4502 13910 18929 999 311 3960 18091 9069 13861 13739 2339 19315 15467 9509 7351 10585 19157 6509 14594 5070 4327 9370
10214 11508 10821 3761 18212 4789 1937 9894 327 10612 11224 13997 13472 3071 5099 4443 7260 12265 6683 7061 14140 14657 6178 11507 19168 12575
11280 3796 1516 17105 2903 5113 355 14069 4834 7333 9895 483 4858 16538 3014 910 6599 8493 2318 11663 9532 4522 8804 8229 794 6954
4369 10373 19218 17823 19520 5372 6669 2031 9599 7586 16572 3006 16027 14391 11895 13179 17663 18022 16749 12690 6360 6297 2516 15346 552 16737
12000 9777 5634 8970 15257 14071 5446 17980 16856 5050 83 675 5112 7754 18379 5490 88 7823 12971 15283 8963 8580 17083 13375 15929 17353
6892 10922 5926 15825 18100 8108 11699 3721 7334 19470 938 18344 7469 18000 12046 17166 1990 9350 19847 7336 15607 15680 13413 13742 16074 10590
556 2714 17884 14433 576 10976 15289 231 17897 6970 3426 16658 111 8053 622 2216 17864 9717 4013 9099 16224 12025 10914 5824 3915 18113
10267 6124 18424 19550 9070 2818 9729 1563 5510 4320 15076 6251 16653 17929 15013 15532 14255 2859 17094 13010 14131 4416 12995 5056 8561 4523
14054 6245 1660 234 10368 4245 15841 13109 13429 12134 11580 14326 3636 241 15617 19036 3248 6640 11540 427 804 8844 11255 9591 2093 4942
18479 17550 6325 18982 19132 12108 9301 17370 16618 12688 18689 14821 4384 7488 19756 1095 13962 6064 6800 1216 7954 13271 992 16422 2735 12332
8058 1280 15945 1457 7513 9958 1408 4214 16866 15259 2969 6939 18836 19979 11922 5180 2273 19058 10055 2870 14535 8464 7342 10648 2546 6632
1092 2254 17401 15611 16054 15152 2465 18565 5574 6771 13039 1957 14194 17733 15851 9273 8775 12333 14675 11714 11819 15795 13731 12219 2713 1686
12904 6717 876 6671 4077 1560 18238 548 17718 19960 6840 2037 549 16580 4134 3 17529 3983 6820 15288 19843 14957 783 7537 9381 4073
8949 2701 6990 7122 12938 11937 18527 16706 17589 726 17770 17894 4825 18116 18997 7292 14905 14337 13614 4477 8394 4248 10202 6459 14037 14556
7538 8731 8276 10737 15475 11242 11874 14549 15765 3474 5502 9622 1085 15050 10292 1539 12577 17216 17765 13675 19309 3838 18767 15997 2506 7324
9632 12844 12483 8640 14835 1265 5911 1207 16855 10277 1015 15554 5249 246 12834 18635 11655 1973 7025 16148 2580 6597 14851 8213 7956 1519
19532 16644 17846 18466 19567 9524 10020 2005 9186 439 1776 7960 3666 12941 18810 12710 5448 3209 5306 18573 18814 14968 8260 8048 4376 5981
11215 9741 2741 11689 1495 12948 6716 17499 7696 17087 16097 19283 19515 19561 2864 72 4645 2418 7852 3918 13471 8004 8272 13182 7614 8315
12903 17446 10496 14172 19338 4299 2505 18919 7754 15477 4199 5740 9027 9787 9761 12860 8633 11236 11703 401 14216 1962 2507 3820 16117 13560
5836 10416 10587 11303 17321 18412 8354 5723 12697 4667 12970 18575 16028 13722 142 17211 9317 7227 19362 12635 16342 13972 13879 18370 19938 2575
19741 2660 14248 3419 2338 2258 7606 2985 8363 14411 812 1176 15442 6227 18227 14855 14410 15001 8390 13595 128 4275 4687 4518 18850 11864
9226 18503 14293 8074 3838 11750 6845 4855 6608 15144 1569 10656 15120 9626 12245 6391 2258 12167 7407 7499 9600 19757 6506 5665 10165 18458
5130 12132 9879 6063 7544 19699 7811 7387 13608 2731 5188 18792 14967 7334 5638 12317 13819 19773 14090 16418 11294 18414 17726 12262 8964 8726
15517 3874 3511 5889 10342 12073 7553 9607 8199 12908 11447 3175 7503 10944 10850 17491 3676 15439 7008 16287 13590 5245 8519 12408 18571 12117
9696 4360 5569 12774 10295 19402 2890 123 18728 11034 14102 16138 12700 10010 4664 180 3640 12095 2441 18027 2940 19393 12108 11112 6000 15498
1558 8528 2399 19031 6158 17880 9716 13070 10203 15403 1584 11898 2506 36 1876 11514 13117 12025 8326 6718 2112 1827 15646 11676 16384 4735
6585 3597 16586 12345 14728 12861 19764 14128 7851 10104 443 14325 6913 1995 10599 8978 16873 14201 9221 6137 12074 388 947 12557 11334 54
12311 13701 6 8453 8776 15962 11614 5509 16456 14614 6143 10129 8685 15994 18563 14173 15959 2187 19669 13486 5221 2645 3162 13165 5012 19381
11803 8355 3765 4818 2341 11021 16376 8416 8256 2947 10856 5264 8564 13795 19210 6705 9608 3423 5906 9506 12508 6017 6537 10133 6202 10072
5474 13338 16507 6556 6833 11034 6666 524 11695 18639 8753 14571 484 13123 3195 551 19642 12955 3345 6231 4735 703 17975 4125 11700 6031
7031 3981 9283 17310 7630 1177 8012 5722 10476 15617 7704 2256 8545 119 11504 19749 9899 1724 11892 11641 10028 8704 12683 2364 17003 3830
1807 6820 6034 14498 7792 10045 19602 14036 5018 7823 1180 16647 17119 11987 9023 7378 16596 14136 13816 886 8513 14079 7908 15831 17650 7977
10937 113 3638 7832 684 17687 2050 1575 10048 12332 4829 11249 1711 9214 12952 4840 15839 1001 18341 11041 3483 17923 17334 10948 14203 14209
4330 8978 16497 5921 3931 13608 3139 6478 19272 1642 3367 14618 2836 11290 16241 12869 13942 12399 965 187 18026 17307 17417 12039 11084 1668
4762 12830 12385 7551 5608 376 11980 11525 8357 11199 19654 1067 1432 5677 11166 2159 10384 11985 8538 19046 9214 19357 8268 2555 14961 2306
9561 5352 4870 19682 16065 6098 11709 13161 2914 10100 3739 14093 17134 3428 7631 8037 17709 14997 2611 11285 13266 5589 12091 225 12654 15387
7310 10159 9207 13174 11378 4026 7945 16663 16717 3357 3678 1738 2509 12265 13443 15031 7117 377 13597 7002 1553 11037 19805 12039 19516 10895
9340 7260 16200 458 6260 3001 5299 7678 10042 19136 9615 11676 17204 17134 14158 3063 2281 7108 1552 15234 7875 1714 14858 3669 1733 16759
7146 11281 4543 1097 1160 4207 13337 710 252 9864 2929 16676 4383 654 18916 5290 16327 17332 6738 8663 7047 7799 5391 15179 15475 12475
8024 8906 693 18083 385 11634 4855 9168 18953 19289 2026 17211 4021 13520 8057 14626 14952 16642 16508 10965 1843 3493 4579 10170 5019 6052
3531 15871 7251 424 10035 11454 2911 16258 4420 17046 13790 16081 7439 211 7251 14383 3690 7280 19813 9812 10919 3843 14944 4802 6905 127
12160 2997 14932 944 18096 14093 10965 17097 11935 13486 15007 13401 8275 12840 14899 5341 17790 17670 19265 4246 9907 4102 1753 17911 7965 8025
6560 11048 10761 4495 15642 8686 17852 3041 11491 18765 4381 19375 15404 10646 9791 3160 1716 4479 14484 3896 12639 7909 9839 6990 11545 5797
16576 3384 727 1941 1873 7648 7811 17406 1542 2839 6833 18684 7420 7032 8329 16886 350 7450 6649 2267 12895 9389 6585 321 2119 9988
5590 503 7652 6473 5426 1740 40 4083 19521 17592 10634 5577 9247 13616 1296 1247 13201 12589 4527 7542 783 11399 51 3211 8842 12625
3825 15552 17756 15322 11156 12450 13265 9373 13091 5976 16553 19314 17950 14992 6879 15297 18588 18652 8136 3761 6276 17701 12662 18259 2753 15732
8811 14447 9302 2672 2146 3173 19368 1882 3341 18284 17366 17636 5534 2124 15791 4614 4744 7637 17056 18121 9384 8464 16423 18210 12199 4300
2932 13617 8577 174 11477 13498 893 9504 18566 2694 1450 8680 19659 17966 15112 10127 7438 10808 12930 22 17328 3284 15499 2574 6005 19714
18032 18071 10377 770 255 9847 15258 17290 3646 7183 3036 3214 1995 6134 6148 12476 2226 8140 13707 16294 17190 3200 13050 16493 11509 7359
1395 18412 3892 2303 13800 10068 3582 820 4026 9287 12863 15208 3089 18897 15953 14185 18160 7877 8304 15059 5176 5528 16160 15378 9345 19605
3239 4184 9544 14067 15381 11795 8173 14477 11429 18047 18070 17387 4079 10165 6178 3428 14469 16419 14836 1876 6398 249 13004 8961 19130 2149
14844 14687 4616 136 10413 14101 18121 1697 15959 15 15239 19874 16322 10247 1001 11138 16503 18124 13107 10595 12250 11147 19124 11176 448 13349
17429 15591 8248 17978 16721 15816 10900 19162 8909 4914 18175 14916 3268 16185 691 12546 6564 13893 14834 379 18059 15421 14892 13368 11412 11555
15357 9573 9038 7280 10286 6584 3770 13219 14410 7502 864 14936 7998 15244 16361 15675 17688 17374 12639 15489 14316 17052 14006 6351 6243 13370
17554 3526 13699 13178 13817 4028 19222 18343 12153 9679 11418 6516 6108 17181 4099 13408 1603 11921 2772 1811 17945 7179 3279 12172 3201 10064
19143 9764 16731 6131 15392 6270 6629 1469 2352 4695 2983 5325 3778 10904 208 15909 2175 11753 3205 12165 18291 9929 14608 12759 3091 8828
8747 16185 3230 2648 18109 15166 1219 1917 10492 19696 18147 17160 7522 1740 11938 16608 9173 2545 17226 14221 9841 2246 9288 11539 6487 11426
6539 1835 12245 4213 6087 13777 10154 852 16299 4096 9913 6412 3365 5208 8172 8580 2461 16822 7961 14992 9283 16452 19788 14774 9143 10901
7068 2328 12335 13524 17476 17722 14521 19472 7429 3368 10132 6859 17097 17195 1755 15101 300 18481 3586 3666 18462 19795 11250 5610 16978 19271
15540 9907 6927 2901 7721 14753 14447 12044 17142 9094 19895 8891 19417 9874 14089 6924 13087 19939 4372 13928 2976 19775 12450 13287 1149 14487
19564 17025 13857 6483 9240 2209 6628 15867 17802 4902 986 11819 6331 5295 3948 14092 8117 14197 2630 14198 3315 17617 18201 7262 17314 10926
8425 14590 2481 7743 10095 11216 3834 18385 18823 15170 5213 2044 401 17613 12030 13107 1611 15118 10252 13189 6849 14348 17636 2320 10588 11753
13473 6042 13305 14038 5280 9215 7419 19485 5956 164 1074 15119 17286 15406 17184 3966 8332 4689 19793 7653 4561 14531 5269 7245 15127 3267
9737 17356 18154 19716 4838 13748 5645 6423 4147 6283 8624 6471 3065 19263 9037 16552 13604 11028 5989 13027 9580 4892 14858 11621 924 3623
17753 19764 19408 6762 382 6343 8071 10988 17315 16575 11606 13552 1165 6935 18922 4710 6045 9045 17799 6375 1250 6318 4577 19887 19808 5230
7046 6462 18414 15636 17685 16221 8409 10968 16472 17953 11021 17861 7540 853 13982 6931 15136 11815 18518 9848 17390 6498 6860 12379 3461 17537
2560 12099 617 1613 2120 16479 19521 1759 5900 12552 2348 3490 3725 18404 15458 454 15781 7640 4126 8294 18578 16482 11586 14950 19073 4996
7707 6160 3748 6151 16051 14153 11945 1047 2667 16563 16259 8095 18105 11893 14975 1735 6372 3369 17948 11260 5486 14733 13079 6818 11925 12375
6194 17697 3097 7029 9036 14306 7529 12143 18045 18381 9853 5625 9407 4055 1376 7849 11502 8933 15837 13087 19363 8049 6297 11894 13428 16968
601 12515 9866 19609 3664 2160 13961 17001 18447 17782 3345 271 5636 3174 16922 7042 19602 2684 1291 4336 19774 906 14162 12358 15760 7322
4322 894 9855 8015 12684 1199 4591 4198 7546 13593 16164 6925 12612 14364 8376 14786 8430 7207 15934 16339 1260 15807 2450 3233 16031 4485
432 7597 2417 4572 17704 5115 3449 10699 14390 182 14122 11997 6915 14789 277 17168 19449 11136 6341 15126 16744 4390 19633 7037 14579 1294
11591 11435 13692 16751 4322 13073 16970 12569 13139 756 18835 6712 10977 2518 18323 1974 9474 7777 4944 4393 17262 11951 16939 9177 16870 13053
4808 16865 3676 10499 5748 5176 6255 18700 19335 885 4414 19950 16942 17013 9251 1488 16147 1042 12194 5324 13077 7370 9600 14424 9586 8967
6191 14904 5080 7056 6389 19915 13294 902 8692 10856 19113 13564 10692 14775 6296 11715 18347 1938 797 14943 1962 11528 13958 7762 17260 7394
18064 16125 13868 12765 942 10417 18568 822 4643 7610 4602 19869 6805 6753 752 11043 10188 1127 19255 19622 9690 5762 10973 12450 8584 4022
46 11393 10113 6979 4567 2954 19578 12227 406 15884 4738 114 19406 5028 818 10699 5673 6161 12716 2000 6348 12896 5744 7160 13270 2271
5144 16160 19144 2729 1697 14909 11300 19252 8993 784 3646 11147 18924 13932 1551 4118 19879 10844 19518 11914 9380 9849 11922 6368 173 14491
5832 17581 1462 16081 2622 2613 18537 7579 16144 18611 6532 12352 7336 3681 2152 12806 5838 8152 11370 7506 16512 5711 527 12938 398 18309
9240 943 366 15066 792 2245 18281 11698 5825 1375 8797 18335 15849 18884 9403 13643 11835 8807 15557 19965 8811 13109 1324 15910 10630 19884
12554 9941 5214 17815 14556 8470 8385 10777 3372 10246 1722 10002 9749 11370 2175 2622 19047 4081 4604 19088 19060 18412 1948 1177 15110 18967
10037 4143 6902 3635 8924 14554 7394 8191 1058 16733 7250 15383 2547 17788 138 3243 17584 16881 15166 8031 1648 16583 19352 19495 3484 15520
2652 16221 17343 16632 16162 7993 7523 9589 17979 4861 7801 7431 19074 8669 6577 298 19971 10744 5512 6298 89 3027 653 11157 1825 8122
4415 11973 12556 19921 9503 5808 14050 11937 11204 5936 11189 11013 2408 10228 13826 14480 10247 1905 14106 152 11671 13191 11176 2967 15648 87
12925 1184 16989 13602 1835 15630 7380 17382 5745 12140 3613 17183 5443 18557 2994 3862 1278 4545 19639 13459 16121 5418 13750 4014 19703 8392
15989 861 10534 10925 17740 9463 10960 19626 5944 17277 6235 17642 11725 14021 7474 16768 8216 12522 18575 15366 9869 5016 15654 1047 5253 1338
5588 18692 5212 19652 10516 14790 2880 2150 6176 10862 2859 9806 9311 8804 16616 8792 16344 9199 1363 5014 18110 17730 2119 7929 19530 12766
4369 1299 5440 10459 3856 9062 11652 2642 606 17411 16715 9238 12755 19822 3410 12542 7635 15224 15474 617 16276 872 1684 12808 995 19977
3801 2333 14971 6236 14069 18391 19416 6973 9635 10273 4208 6013 6728 16547 10774 11839 17627 4049 14567 6595 13218 18689 11649 8123 18947 3422
13678 17114 2717 12549 14475 6580 4949 229 916 2514 9921 23 3459 9732 14702 3188 14143 2923 17655 16262 15654 9404 19099 10340 11910 8154
1711 12014 9319 11271 15710 711 13971 1294 13978 14860 17485 12590 2171 18465 12584 14887 19240 4238 10458 9392 10958 4036 8518 15515 16878 10399
16519 7433 10592 5996 9980 12442 2920 10258 15297 11422 17737 1649 5603 12849 5995 16819 2374 6430 11999 10106 13047 14113 19715 10694 14281 9064
17038 9601 1352 6107 7551 470 9798 11732 7233 16068 13022 12189 3271 3184 14116 15063 18117 6042 9696 5361 16603 19613 2577 11930 14257 14893
11974 12893 1240 10863 4086 14403 18822 18727 8707 7678 2034 601 11354 10316 3288 182 3780 4922 16842 5504 2772 2770 19968 18593 6648 13661
6891 11008 10037 13241 17515 280 11354 2927 7878 10597 11228 14970 5430 11078 1967 16125 36 11699 2814 6170 14829 15371 2112 16463 16792 2307
14173 13176 16301 18828 588 14525 17254 19742 5555 10249 806 13878 4280 18704 12047 4761 5296 10189 16541 16711 5511 1565 11660 15094 8286 4629
3444 18858 15060 10771 17540 19924 13837 11757 4407 2234 9352 4418 4773 11535 19990 12436 13027 2563 17621 7625 2663 17685 11801 12812 1077 8546
5827 16396 3997 1671 15299 2416 18436 1589 17400 16037 6529 3990 4089 10643 1773 19880 17873 12122 16172 14706 15724 10207 11216 7341 13044 15451
5713 17741 13507 5888 16671 14483 11510 6657 14112 19811 2404 18785 19524 8839 6823 18638 8684 18179 7248 1981 6384 2904 13105 2948 2019 8406
7166 17296 782 2017 1331 1282 161 14430 6594 2050 13605 17622 12221 9473 14099 13818 11054 18562 5041 6808 6203 16364 4614 14999 11299 14202
17310 2751 4037 4577 6923 8173 18928 12850 8932 116 15736 16432 10175 7628 8862 16220 11489 16590 2183 17200 1633 6782 8954 11689 14358 18465
16930 17855 9503 17526 7253 14371 9607 6132 15054 8116 11860 4483 11818 1457 8185 9642 19269 17329 19814 4686 4464 6205 8411 11777 17411 2740
14979 3447 5489 6175 969 1986 3152 2594 1059 13639 17539 2827 12611 11690 2919 2798 18250 4053 6480 18942 17642 19375 345 17780 10901 11480
14898 16080 19023 17312 16574 10716 5417 7753 15573 2509 8708 200 17676 5488 16873 16685 15006 4381 19292 11108 18857 4053 12310 18120 12046 12867
4791 15380 7677 19441 19834 9812 14248 4759 4409 5274 15834 15083 7806 16783 15191 19874 7729 6757 8943 2273 700 6797 17451 885 1346 9264
1504 1975 2808 3613 11109 15589 11840 1200 5004 12153 15518 2069 15958 16963 4358 10934 12383 12642 9465 1105 18177 12017 13635 4319 5991 11105
14031 4498 15820 12662 17328 19564 13556 13350 16322 18033 12318 13424 10799 2841 18076 14101 3074 1839 1723 7544 17925 4685 8384 12085 6240 1470
4094 11608 15567 4531 14648 8258 4915 6147 8033 2694 17361 724 18928 15315 5375 11435 17127 13768 16859 17952 4874 5901 1658 12165 3649 9315
18433 225 3189 4654 15532 2813 2586 4347 13268 19372 19762 19141 3607 16600 3497 15343 585 7237 18854 8890 6327 14061 18637 4601 16026 10971
7058 5276 7329 13744 4382 10003 16095 9598 4284 5306 17037 3188 7308 12024 19620 952 5997 10548 4929 9728 3392 7863 2195 2110 17655 9857
2191 14835 10241 13448 18 7506 3889 8263 14003 9245 12102 15284 10358 14898 376 15090 11658 16823 3513 15120 3975 15860 17118 19622 16985 15361
4640 5661 18497 6129 18908 8903 16075 18075 18412 6329 11249 5462 507 16617 15391 15946 15838 5378 5617 12805 18522 9368 8306 8263 18386 19084
14276 8060 994 6817 16220 15773 17227 8795 19043 17486 18164 4405 2874 3963 19574 5647 15115 1174 17705 782 90 17905 6479 7024 12310 2676
5925 15823 17778 587 19076 19082 8841 11187 13356 1538 4761 1946 1753 10292 11422 6984 16473 17347 17736 1024 7417 17085 12428 9345 3692 17515
14665 11540 4915 18816 6499 10218 2348 5252 18576 1118 15591 13737 10967 17497 3291 1546 18306 15393 19802 5122 5330 9462 15913 3574 3985 1725
2966 3595 5188 4257 13013 19448 8684 5892 4292 737 9252 19967 9263 2455 10458 13957 5637 1084 19987 14201 19418 17546 7966 16446 243 9275
6734 1265 7103 5736 16312 8793 6043 19928 4440 6790 12843 6829 19464 16553 16452 18445 9696 4903 2889 18635 19872 19487 4284 7730 18191 4467
4540 15520 9342 10595 8354 12940 15187 8350 4923 18051 18799 19042 16588 12110 15694 2446 16222 322 2009 4204 2100 14610 14256 3854 16161 13534
8663 4853 3034 11643 1800 16483 15930 8465 17890 3152 3172 18878 10297 16092 9791 9224 1548 3120 18258 14493 6539 15860 6147 8249 5564 17093
8059 11581 14780 9416 2078 18616 10443 17619 12151 1468 17254 18035 18185 12905 11088 6063 14079 16583 3370 2766 15619 2597 17928 17760 14366 1593
13068 4067 15291 8249 17121 19758 5281 2613 3581 6206 16774 13140 12071 5500 18924 7518 17316 11692 1899 1602 708 8073 3013 11068 3746 16445
15380 3872 15266 9978 15942 18231 6117 13965 12176 12237 18027 8594 12872 5471 7096 13218 4421 10971 9235 8318 14901 3747 14837 14546 19203 19421
14719 4953 7385 14616 7781 12395 18164 1217 17202 16129 4791 17053 14634 16358 2258 18630 12334 5329 319 16876 15509 142 14405 1378 5507 8314
4696 8436 6627 564 9164 6164 15827 4220 15862 14026 14822 14128 19599 13349 101 15216 11702 19997 5800 10104 19022 15990 14628 6852 7154 12591
14041 13914 9916 19818 14537 4507 9231 15081 5984 17301 1932 18138 974 16264 247 8154 7753 4931 13533 475 16709 14033 16176 12406 852 3001
5865 18101 2896 14729 788 15052 14314 18323 13740 13934 13453 874 9437 2405 3526 11061 15633 13527 1821 135 5791 15869 11175 8864 16091 952
13365 10701 1016 9504 15680 10189 17752 19661 17534 19110 19433 4454 13770 188 5187 12513 1740 1389 11796 2611 7163 13840 18009 17994 875 8040
6549 16482 4820 16688 17486 19989 8881 4262 13281 5093 5840 7426 10238 5528 7194 3003 16046 12763 19053 15396 12942 19038 10768 10063 4496 10207
17404 15776 15540 16102 10878 11999 4173 13969 732 14572 2034 15244 9949 1154 2010 14178 18503 6023 7720 16488 16204 6631 566 13455 6488 501
4982 8237 14837 16774 566 7507 16191 17190 9033 12840 17161 3307 15807 4780 4914 12538 11357 13569 19974 5928 14808 8780 10461 2757 10535 1425
14374 2447 13194 17553 12718 14210 6155 6884 6823 9373 7911 1261 1310 9230 5505 10236 11597 17531 15371 18794 3380 922 2345 1602 9536 1533
13993 5146 13239 8075 9503 10660 18733 11420 13808 19386 2435 6374 2351 3091 14203 5356 5107 3021 5543 4213 7151 9900 17886 16227 15249 1678
4675 11359 16358 10869 2851 1132 11868 2972 9452 3673 4364 13931 19136 9292 18587 3225 345 14652 15043 13466 6996 13075 6037 16389 10071 2303
6530 12758 13962 19857 14725 6845 15384 4997 16617 18977 15603 15945 12591 8215 11094 16623 15298 2701 17937 10914 15733 5033 19328 5953 18468 12652
9475 206 1589 8979 10818 6517 3886 5299 1988 19294 4821 10655 12131 7611 13834 12840 15861 551 6611 17437 5963 16541 10875 12985 9850 7702
4078 10849 13329 11861 1681 8746 18401 14405 15053 8051 13067 19783 4505 8596 7227 10879 13873 6957 14269 6904 14590 2722 8068 13883 9473 16260
19537 3931 18923 2018 14144 7783 8607 8521 9534 13733 10072 8622 12514 18529 18465 9547 18374 11732 11842 7986 2473 12564 19919 15084 15454 9431
7406 12650 3474 17901 14954 14411 8560 264 10272 8084 6981 5441 9058 7434 17657 19055 339 14760 1743 12107 17733 11423 1316 19520 17004 17960
1084 15017 18602 9366 3369 14906 7779 19134 15182 5258 2204 17135 7296 11650 10967 18569 16457 6775 6484 16091 16495 17132 3500 17511 718 2590
6166 9843 8163 3248 19247 1270 17302 7350 17627 5229 3275 2296 3385 1340 7549 10797 9313 3090 3075 11323 7949 10953 11405 7295 14383 15573
6564 12993 2199 19888 2186 16372 3081 16177 10337 7647 8223 1452 1466 14977 14300 2790 6746 9238 16810 12944 3813 3296 7368 17605 5385 14857
8381 18784 2147 6115 19763 10508 18367 17269 19229 3924 6822 15468 651 7200 17105 2185 3599 16615 12380 9281 18579 8004 11626 8383 7331 19570
19607 19370 17639 1015 19528 19924 7598 19168 2870 6852 16628 10538 3913 18901 14865 15159 19747 1498 4857 1171 1150 16211 6731 7580 16579 11457
14915 13702 7660 8603 12839 15647 11015 16793 17225 1686 16281 1862 1096 5666 15966 8374 17440 15498 7459 12253 377 13276 11285 17530 14504 5112
12872 931 10126 10109 5022 4202 3304 15534 16447 13408 19307 7431 545 17839 7121 15634 10127 13024 15005 3645 16755 12820 13249 19819 4336 528
4159 16412 19023 7845 2312 16919 14165 19919 11421 2283 10642 613 14939 6556 15569 4099 4184 13393 7323 17718 11527 15102 16019 13764 10340 12807
10746 1629 1735 8304 9187 1521 5720 1616 15421 8072 12850 2492 15168 13707 16582 9649 17815 11039 4065 6870 5525 6628 15709 17773 1071 9728
9266 5918 9551 7100 9742 16663 11902 5502 18791 14788 11316 17698 14267 17186 14174 15833 19278 14127 10835 1216 15337 1876 16514 18207 12324 2841
10328 14375 4440 10046 5666 4527 17523 11117 1076 2682 3528 12313 17378 9434 18555 7413 5899 19960 9931 1227 7347 18511 16385 10825 14942 18522
10383 4119 10551 17960 2029 9376 6959 835 4171 4311 11683 7999 17804 13924 12049 197 4403 11267 16124 13870 623 19728 8011 4795 14076 9385
12134 7671 3548 5670 7875 10144 19605 4435 10421 4262 4030 17766 5448 10445 424 1198 4922 10288 11573 11653 19347 6258 11186 17785 18073 3469
17489 2837 7780 11138 1927 5723 3488 14609 19953 14273 849 11199 11937 17091 7530 4171 19769 12534 10518 15983 8404 13002 6945 13767 19850 10132
14685 18118 2313 19273 9556 590 11334 12744 13473 6534 16530 3494 12323 16253 3553 8112 6733 11444 1661 8869 4332 17697 17730 4474 6202 10684
4503 15613 16460 12710 11457 19481 2073 4796 13282 3704 5043 9721 10571 117 10687 17821 16144 389 3306 7843 18574 10108 7258 3260 14625 17797
12321 11720 1536 5590 8455 15531 6597 16908 19697 5061 5440 11899 3583 17015 11438 18394 2249 4785 11015 6645 9839 10017 8067 16201 13960 16642
10301 14062 8030 12483 14092 5328 15699 15889 12896 12598 16669 3559 12369 8199 11186 14379 6019 7354 7453 3250 10686 6350 16399 16621 12539 16445
3060 515 1572 17598 14091 16480 13297 7544 5634 10913 1318 12422 15258 4849 1998 8135 19796 10763 19549 6145 12267 11297 2636 9804 16442 5155
1736 17521 908 383 13935 19309 9521 9092 14202 17567 18282 5286 8949 10766 17416 16821 18780 11298 10248 2084 12544 2638 14122 1609 7057 1228
5245 14388 9473 8492 8178 18147 2536 11913 14050 10353 92 4098 12247 8437 35 9655 7891 5966 10702 11251 5093 10532 16494 4715 2451 1214
18162 14816 4995 2275 3044 511 3405 13428 1493 3494 12108 5022 1282 2084 3435 9872 16483 8668 16091 12773 17157 5473 4785 1591 9234 10886
11480 5799 14522 10453 14000 14676 1053 4041 1664 4494 17447 11880 16429 8526 7819 17641 840 15909 13676 16172 2480 12756 10399 13310 14384 10190
17932 10388 16713 10784 13923 127 8831 1187 7705 19663 13198 1182 14164 9084 6517 3048 14523 5490 14860 11940 1630 4196 6875 10472 6792 10826
6262 7953 19247 10341 11284 4510 1170 10986 4565 18232 5731 17562 625 19809 2761 17031 12486 273 5782 11591 11370 509 8822 420 9093 1592
16102 11743 4475 12922 1290 14507 19563 17112 106 11324 1976 11989 11584 19409 4850 3989 19174 5089 11486 10571 19741 5766 14731 12181 5034 19165
18872 4616 797 13122 17395 5563 7039 13134 13156 8321 10951 12520 4791 1032 7011 9341 4141 1926 18475 969 10280 7864 17111 4325 3057 804
1897 6465 3946 19622 4399 19207 13887 13931 16471 15061 16962 102 14880 13205 18237 13037 11422 19983 6917 464 863 13356 9165 14784 16063 10852
13192 6229 15595 932 12426 18075 2200 16086 18722 12707 3247 16262 12215 6567 7813 15814 16732 17184 8205 5442 10531 1667 18105 12688 1430 5056
3389 6844 1593 11292 7618 19085 145 16635 9249 13615 15762 17496 17835 12057 18291 17160 8093 3584 9568 17784 4173 14937 9973 9216 4702 4652
1130 16254 13562 7027 18372 12679 16106 15220 14073 7417 18983 2739 13296 2662 3557 9186 4224 17705 19110 13357 4340 17919 8796 10447 16260 12675
19461 19011 5442 3053 505 9982 7686 74 14755 11352 11744 7101 1541 4297 6256 40 6675 3981 18096 13085 3733 14969 3314 13008 9342 2464
3956 15144 2999 16994 10889 7128 19921 17019 16407 13010 3279 16580 2539 14170 10614 829 10444 16031 3600 2480 360 19605 19940 18420 14959 7716
19195 244 17948 11374 8088 6686 5827 3854 793 7289 4765 6915 4665 11572 7315 9944 15245 6440 19920 4911 4478 8964 2693 15902 1786 1295
19656 8335 2630 3080 12269 4745 7398 9223 8648 6189 15413 9306 17209 18105 7359 3100 7256 12041 10779 4433 5403 17079 3194 9480 7351 4870
38 1208 2837 14931 5537 10882 9163 1012 1359 662 6246 16713 13783 4338 322 6096 2877 18806 11654 10561 14088 19604 9253 15113 16700 15415
7609 4160 1498 4566 15590 16998 11601 4626 14579 14447 2029 1925 12918 6265 6166 3734 15321 13748 4105 4967 2167 7999 18524 19896 13166 7131
18448 7942 4279 19557 502 4728 15145 9208 12771 9470 475 1913 17369 3368 9203 2733 10306 9306 13639 16126 8465 636 4593 9181 13490 1914
2796 16554 4355 9290 14021 12430 9528 228 9916 10988 6139 1701 13952 12079 11329 9393 13395 10836 18163 5311 19419 19069 8609 7410 19574 4008
18353 12230 4441 10649 8712 16245 5056 6478 293 13552 16778 9385 12526 6310 16242 658 9002 18589 16658 17094 13900 1329 15178 3218 8758 14619
18250 10322 6139 15522 2783 19178 13308 7692 6226 18435 3646 9472 16219 12606 15656 5293 8391 19618 17889 17385 3416 6326 4741 18292 12924 15748
12605 16017 8498 1733 12064 13630 14814 3341 13920 6637 5242 8144 15956 9060 6905 8237 15421 6409 5237 15676 17229 11804 19027 11004 9593 16456
7774 11237 10628 11698 16360 19690 17234 13503 9697 13594 14483 2741 14544 437 15629 1235 7025 2495 9516 2155 10539 16807 15735 13353 5938 18283
1149 12235 13905 46 1624 7559 14206 7855 8214 17294 4631 15827 4650 10484 13895 6728 5679 17417 15858 4097 4063 15535 6370 12713 8436 7789
3886 7933 10429 12 12982 18603 13237 5136 5924 6921 6983 18261 541 9719 18834 17888 17578 19087 9130 19208 10639 4577 15613 18937 9902 1242
16080 10170 13122 16964 7217 19254 6106 1324 5491 13775 16604 7449 9905 12460 98 19038 1717 3959 11283 6265 15619 420 18093 15776 9105 5263
14591 11704 10154 12946 12976 12179 14925 13019 19297 4529 18922 8254 1908 12535 8909 11262 1418 11890 15967 19691 14501 4817 837 17514 1064 14397
12249 8340 4841 19866 10669 11917 10042 11970 14750 11985 6208 15439 11368 10779 17263 11833 17616 3236 3249 4827 927 13646 18925 14264 18501 19468
4074 16471 9777 704 12980 8040 13 9383 18029 6018 901 5442 7202 1171 9796 16031 16920 14700 10303 441 13174 1587 5003 4674 19456 16237
14046 11443 6617 14340 4795 17024 11468 14963 14899 6345 15456 13634 187 1896 10827 19242 6797 12569 17368 3617 7422 5298 5974 11638 6658 11721
9642 6502 3109 18674 14504 1975 9479 17136 19439 628 14648 14465 15969 16721 10482 14617 4280 3025 6738 10008 14106 9518 1097 13468 5482 12536
18922 9422 13000 18485 5600 10871 12351 19086 8819 14946 10289 9529 2735 8935 10115 6594 8247 5053 13138 12378 8364 15583 490 2623 15092 6650
2964 13659 2074 19935 9017 5299 663 8567 7802 2364 18008 6919 3971 13583 2865 10950 16712 4275 6682 7062 11695 11908 4824 3267 15297 915
10862 19295 16718 9227 15423 17293 16749 2870 11792 18785 12626 12811 18194 7606 18872 19297 17122 7628 52 14894 5752 17597 2558 12920 19612 9730
3910 19409 6870 7557 3434 18842 14238 2674 1491 16998 5927 2224 956 18513 17313 11419 2460 12882 12664 441 13055 9121 19646 12896 3995 854
11476 19564 11115 8587 1800 8673 5236 3945 4298 11143 15405 7166 18384 1772 10273 15032 7943 19292 16809 5195 7052 6266 13272 6466 2322 5108
11318 18931 5432 16308 12060 10414 10369 3117 2005 1695 12878 864 2262 4168 4068 17011 12384 15395 8362 8436 2102 17580 8437 540 11785 5743
4014 19668 256 9118 16120 16504 12658 6035 12660 10288 1626 13642 12133 11375 13388 18796 2590 4147 10136 16249 942 1838 3565 7253 4755 3226
2496 8688 1145 12107 10657 4623 11933 16121 12697 14437 1353 12534 7818 18826 12372 743 17239 8809 15609 12802 10941 1562 2045 4983 2441 8174
16774 1007 8552 15120 16868 4463 9733 14212 13013 10586 4586 9650 17486 3030 13461 5811 19704 10233 12365 4400 7643 17615 8858 5077 7929 2427
3522 8815 6371 10438 12065 2722 1332 14367 16857 5960 6900 14660 680 7497 2682 6382 1822 16509 15548 8759 1967 12483 17603 9914 8608 2872
11022 9513 10670 6016 16765 3008 1976 5281 15963 7198 13981 8170 7228 7606 4625 8727 8441 19556 17305 17735 5864 16567 4338 16110 11114 7776
16357 10687 11407 14665 15535 7326 4364 11716 5030 16680 6265 10175 12180 9104 6979 4219 9428 19503 9440 4332 295 8576 6493 15831 12763 9275
14266 5701 19087 11410 13836 11517 1173 10336 17023 7672 3914 877 1587 13887 17854 1546 17764 3303 5965 6999 10978 7226 9436 18197 12386 10775
17166 1221 2536 8106 13817 371 887 17556 1601 13586 17279 8075 12848 18339 10251 16421 2180 5425 12593 2090 12703 699 15632 5319 16598 8073
15943 2169 10258 18938 12242 12211 18527 4714 105 13047 12027 934 3294 11436 10831 9236 2959 11834 6728 14492 11999 4475 6267 12479 3081 6696
5231 8140 3286 19371 8585 16332 2772 5857 16114 7152 1511 11337 9821 5783 12756 616 3752 7165 17770 13718 16693 17861 2108 6601 14214 1933
14485 13418 13328 10298 3921 5023 3392 7127 18274 17702 4348 17851 4193 5673 15661 19063 10103 2020 3787 9857 15155 6960 4505 10831 15418 8586
11899 8762 3656 6248 12812 6701 15823 15372 17725 8640 9072 7594 4711 267 7038 13250 15730 16569 16000 14807 3573 1216 1169 15261 17582 10989
17910 18806 16327 12413 7879 11656 10171 12978 10375 7214 18641 767 18814 5658 7820 16383 4694 9866 911 17025 13409 13832 16383 1033 10931 491
16273 15700 14558 11284 9332 15199 16759 9635 12850 15387 17732 2239 13349 1089 18361 5563 19337 5613 8197 11603 18328 5164 19764 17122 8214 7784
1818 2773 15424 18362 15549 7821 4377 18402 372 16490 16684 17055 6497 12511 14969 2311 2775 5129 18030 1102 11819 19534 11352 3660 7548 1852
5725 2771 13591 10008 16592 10777 6943 19687 14196 16729 4399 12203 15268 7477 7363 1600 3341 5998 19144 8489 17431 10756 16950 11034 2475 16984
18753 3426 5939 7582 19321 18308 12401 14590 11368 1404 8078 5836 14588 13824 14294 12740 12256 5257 3214 10204 15468 19272 7575 1650 18234 2543
11360 14095 9735 1549 3448 5059 7393 11538 144 11987 7868 16035 1736 2994 14467 18669 9927 3817 2420 7132 11755 6930 1561 17001 3203 16351
546 524 14344 17919 9442 15012 4255 6513 5204 3109 14962 9685 6481 1013 14846 1478 2250 19394 8198 18641 8795 2727 5163 17083 7868 19122
13494 6801 12796 7928 12586 12830 3464 16365 3254 14871 18189 17830 19046 14847 9400 16014 10726 18770 4435 3989 11657 6081 14379 10020 17239 6661
6799 5993 1032 17484 8631 16194 18529 1672 16424 6935 18494 11261 8661 13479 17117 14602 2770 4666 9320 17642 15106 3542 2351 19814 15240 14978
2119 9497 11791 1639 184 7682 13255 16871 10011 12596 433 8950 9809 16170 18953 10919 1874 18168 15243 10655 15272 13905 17181 9658 2351 11744
10325 1802 15613 1731 505 7885 15651 17943 13963 7156 14917 2711 7788 8256 5147 15848 6832 12204 17121 16008 5522 6530 5394 19644 11752 15939
8340 13646 14705 17209 8989 13166 4080 17130 2663 18970 19571 17126 3786 16282 19964 10926 11343 13920 12557 14748 9003 7545 12652 9647 8114 5781
15061 10209 7222 242 19781 5733 4785 10053 703 10266 17124 6511 7158 517 15183 15989 10380 5764 10346 48 14229 15807 14497 14771 18397 105
5208 5049 15476 3137 750 2717 16358 5759 9704 10715 19691 19684 13895 36 13825 972 13429 3269 11106 18813 1152 1158 4115 740 14193 9261
5839 3549 14653 15683 4845 1783 11335 4993 15729 17329 3975 12486 15809 10555 19357 19427 10799 4058 8971 10303 7189 16728 206 5644 9442 1841
11488 17363 9038 3171 12947 12531 2181 13765 1139 5305 11095 19973 17162 19832 5641 12640 17529 8332 2093 1641 18374 3071 12281 16476 19957 13886
687 7591 8384 11256 4352 6606 4316 3401 6156 3490 11711 17761 1971 19608 12349 16911 16132 7104 1959 14089 8936 9165 19312 826 14092 18014
1993 11203 4528 971 17017 10609 13090 10213 4579 19736 18854 19125 333 18722 15259 10001 6308 8479 11865 19256 11835 18856 8746 2298 13453 9492
19626 10213 3051 5202 9000 2151 19604 17535 5869 18494 5798 18074 6168 5213 8947 2816 13293 4046 9524 343 11181 18492 8967 14264 19443 19531
3644 19866 7335 8174 18546 12417 131 7739 14722 2645 276 2426 2134 7586 13977 4108 18165 15303 14700 16671 6924 7985 5591 8977 10104 19375
19200 3510 11690 4394 3503 7957 5362 13274 18430 18635 13967 12256 12088 14359 6123 16286 1899 7347 8077 2630 14004 16416 1217 10900 19125 18716
8768 15528 15850 12230 18904 12952 15659 19522 15185 14408 15850 17885 19118 8673 10398 3027 2270 1421 11634 6944 41 531 6944 3165 11080 19394
13310 5515 9599 5985 203 4749 15257 872 3534 950 12024 1991 17347 16659 13418 9541 14814 8602 10275 12475 5807 11071 954 3351 19539 31
16146 5869 4990 17328 19636 17942 9700 1140 17617 16108 7888 11489 6855 16387 6501 5954 8050 14796 14176 4470 15660 294 16937 12432 4178 6008
9671 3649 932 10116 15826 15329 19880 19684 1327 8671 7586 10354 1895 7466 5956 1361 13072 7359 804 1129 19622 14919 15961 4518 6218 18893
7982 13854 14202 8370 10306 1712 6987 16149 10993 8701 708 7856 6781 1791 6265 16005 13952 11812 15156 18811 2779 15115 14301 12771 14310 11675
17808 11355 19768 1084 15317 9813 6413 8277 18414 12860 16173 13018 11826 12749 8050 9874 15709 7146 14790 434 5017 19014 2341 2398 3317 10487
840 14439 18193 458 2508 15679 16450 6712 16776 4252 12375 2960 1562 3055 15882 12971 9507 13069 5413 17032 15448 10598 9990 1215 15278 15796
12907 3090 10065 3465 13660 1847 6629 11038 6057 8530 13822 17064 9990 2977 1487 14289 8476 19736 1385 10395 10790 19871 8973 19908 5182 12308
18155 3187 16485 6181 15201 19716 7519 18014 18568 15701 13272 9296 13614 936 14647 18100 12779 14306 1853 15324 16683 14775 14665 15265 15848 16949
5795 14327 14817 12141 4057 3590 8237 1605 3791 11690 15181 12067 19846 749 2720 7310 17682 2477 1152 5290 16062 1037 15685 11543 11185 3745
5827 2199 10353 3703 5769 11514 17075 5634 9459 5300 17000 2936 16732 1101 8415 13498 11394 9472 9605 4508 3150 13570 10266 9979 18088 13002
13038 15396 5220 13484 7534 7455 17648 7801 15428 594 14683 14988 10954 14562 13656 11183 11851 15630 18675 12487 1596 10722 1871 12580 10086 18302
5559 12904 1217 12306 13165 1483 5138 13875 15331 15804 13805 17794 1901 343 19108 14166 8247 12414 3644 7524 9668 19368 12676 3182 18626 1839
13501 13146 4889 4944 4166 460 6991 7258 19424 5539 16002 6017 11870 16984 34 19315 3391 19574 4761 5093 5682 3271 10997 256 10127 3939
12621 12534 8805 2951 3618 15307 8386 17783 3818 18985 17660 17216 9223 4689 14996 14758 742 11373 13234 11197 4178 497 13596 8129 10257 7388
1701 3674 7363 13396 16152 6211 4025 3724 10853 16530 51 4712 17927 991 17605 12830 96 8012 658 10690 12533 2539 4741 10177 13021 473
3817 16334 15368 7203 14617 18695 5646 14643 2871 13058 14413 9850 9967 516 4835 6687 3955 11273 5173 15195 18161 17718 14559 14793 17107 11154
16231 4239 19160 1992 4643 3925 7154 11105 4092 18549 5949 1617 3225 19653 2501 19894 10971 3862 2186 937 3568 1744 16842 18140 18928 3176
3107 4476 17740 8218 18348 18730 10798 8577 13216 9869 19615 2705 3046 8155 4690 8598 1897 8181 16435 4107 103 6729 5628 373 17488 8516
