365
39 75 13 39 62 44 2 27 96 45 66 20 72 78 31 30 74 46 24 53 73 49 45 39 49 36
10391 6087 2928 14266 15476 16360 10459 12669 8429 12835 8229 9942 12468 3815 867 16892 7029 8485 1008 14092 10466 10189 1289 4531 11404 8235
12733 5918 11776 6249 5819 15704 10513 4157 7429 11568 1622 8965 6244 2309 6522 11966 12035 5341 2782 17494 19553 15865 656 1518 7207 4562
19356 1339 15437 14973 16905 19725 15803 11319 16385 11448 1716 2351 14407 10546 7824 19916 5721 15490 16229 17808 14877 13941 40 18354 11563 3686
4819 9069 7445 15010 13938 15088 2765 8217 15307 5418 2864 8245 5926 6747 6970 11478 10205 15124 15916 12430 16526 8802 13218 11656 14624 1885
8406 2204 13693 4368 7534 5067 13395 1727 15756 13188 4354 12027 17886 10231 3946 17533 16793 19500 12453 15518 6716 10294 19206 4153 15826 16799
14904 6858 14336 3224 10503 14439 8728 13494 1661 18192 39 2243 15222 10029 18504 1935 11791 2089 2677 2169 2237 11271 14971 8560 3015 11826
1501 16110 16689 11852 18631 10351 5736 9882 207 19398 3270 18430 11269 8516 12866 2664 5064 1347 6218 2090 15249 9762 1322 9654 19638 8540
1934 14514 17873 18756 7604 16816 11758 1451 7085 8186 6035 10043 6614 19926 17890 2862 4260 14103 13205 3993 14653 4498 7118 2325 19761 9983
16708 7047 18307 4633 12288 15119 18425 4254 6136 8599 1886 1197 11206 7807 298 1116 6508 17895 17240 4783 12809 10248 1113 7579 13844 9664
10760 12772 17640 16728 14421 11475 8835 18907 2905 17554 15906 17828 19638 14850 17984 943 18751 17904 12842 3666 2099 19161 5917 6430 13690 16630
966 14357 17510 14546 17110 10797 2036 9374 17024 18305 13563 10291 3297 14742 9299 18039 11848 8769 4575 3739 8415 2391 19418 12910 19824 14622
6611 19723 18565 16652 10777 15632 5007 3071 6415 13473 14750 11500 14750 19326 5808 13221 3854 8134 16976 16559 4418 7327 2257 4669 5058 14493
1733 8208 18461 2070 8404 19312 18234 10070 11338 10347 12952 16184 17905 13465 15014 19671 19159 6244 15326 18040 7313 19281 1208 18175 15271 7404
12927 11270 9353 9588 10714 2863 1695 7774 18159 8098 6338 17761 784 15377 3478 1841 18401 14342 6577 14763 16447 1676 9383 1169 9679 9592
10362 9280 18114 11536 10530 2428 2312 14762 4686 16718 18256 11413 1832 10310 4656 3853 13840 9176 7624 1350 13336 1049 12741 16801 5659 4497
9329 9857 13484 13186 8753 961 18755 15932 5913 9858 8568 19633 6474 1622 4630 10857 15737 7124 16542 10016 19810 11025 19774 14170 11117 2988
11881 12407 10870 13575 2755 14108 14539 1708 2109 4453 2894 11727 19 13102 11261 234 10058 18428 5656 18880 6860 3857 8438 14985 804 5254
11855 17542 589 8413 7023 1622 14252 17250 5178 3565 16477 8192 5021 9396 14167 17641 13635 9127 14040 7070 15448 15043 6931 8788 12741 4601
13080 15736 11255 5843 2387 4168 14893 12930 2819 12844 12748 13147 2716 14536 4337 15278 16517 3569 11551 9106 8593 2486 15398 2734 10925 18935
4564 724 10759 9008 19997 399 11215 8699 1599 5314 2026 14952 5830 15976 13860 3230 10752 13165 15078 11889 7738 18209 2876 3041 12435 7004
10211 17768 18013 9388 17958 2290 14779 17911 560 17661 4122 5017 17130 1699 19172 17406 4785 9439 1118 2569 17013 5003 17754 5815 15673 11035
9200 15497 18301 17668 15495 8190 9408 14578 4268 1098 8726 16594 858 4226 8858 15208 1577 6404 10593 5367 2034 19137 11852 15943 17969 553
4114 8517 15316 17053 5771 19336 15744 911 5564 14674 15104 11071 12000 18027 9508 4042 6302 12386 7120 1601 1401 4632 10281 17946 13106 19555
13740 5760 6284 5814 19738 8480 10250 153 2637 16456 7743 4435 14255 16111 346 18842 1113 19902 802 3161 558 13840 13568 16952 14052 12291
19716 9476 13965 13789 9134 17389 18212 18726 9831 1103 11802 15676 13569 5859 449 1773 2167 3209 7504 13151 5067 17144 778 18864 17825 444
9390 12324 6562 14051 7412 2919 17588 9543 10170 9710 13915 10454 13071 14980 2106 9107 15835 13816 12897 16388 11044 2564 18208 9293 5509 16288
737 15593 17070 3470 10350 8368 16980 12746 2115 11097 8378 14762 19673 5985 5887 4954 18964 4224 670 6869 10829 12885 5643 17422 14273 8539
16207 8252 2966 17582 13034 2902 542 19386 4559 4807 10480 18704 4190 14018 15328 4820 16277 875 3372 784 8221 9278 5517 5366 10739 12424
356 7660 5460 14724 1711 10615 17715 8502 6693 16300 2850 16291 7274 8875 8997 14631 19750 16559 2058 9167 17559 6429 19672 10635 837 12887
18758 9275 12899 10617 14470 5648 14331 8054 8075 10852 9157 3971 10791 11260 19369 3511 7419 13436 1402 19561 14853 11665 11324 672 4389 10901
5147 7570 14682 18904 12161 4576 170 1203 5783 4307 13476 12986 18638 2896 5770 9814 10644 14258 927 13160 3410 5982 9377 173 10215 1687
10479 3305 4841 14862 7986 12418 13876 10968 14809 16197 11184 230 11934 14239 13978 11415 7653 3287 17334 16623 7528 6505 13440 10551 5808 6480
11652 15946 18570 10635 11431 9142 6613 12099 5045 3197 13601 16593 2390 8693 16600 10572 16673 292 12359 14138 19484 8408 16746 8087 14826 13540
4830 4895 17986 11630 17219 14236 10144 12219 1633 11268 14929 8361 11673 2939 17736 10703 6376 853 15312 10170 18614 15843 3049 16687 8339 2199
3081 5688 18889 5395 14873 15257 9190 12818 2741 14187 83 17739 9512 3136 18704 11648 11887 126 6734 5311 7091 4771 16943 17386 10629 3824
4778 4147 11329 11800 3101 16437 15907 18328 9772 7133 13597 16163 19290 15357 18657 8567 3913 15914 5123 15636 12933 9766 11811 11830 10587 2379
1890 19308 2241 9282 1170 19098 9517 824 9559 13508 14444 14046 10297 1585 1553 7020 17686 18065 11886 849 11688 13470 17686 16646 18774 1996
2543 10516 19304 11861 8514 12429 17892 13679 4272 10614 14017 4863 18129 8583 4001 7649 11703 2300 14302 11835 4529 2760 18727 7541 17189 11825
10294 4529 4628 18554 11293 14683 10207 6373 276 1979 1829 15213 18877 18007 17008 12657 2232 10139 286 1490 17459 12546 13163 16152 13159 18922
14311 253 19474 3087 8053 15951 2023 12528 266 4096 254 15652 5819 14700 15439 11434 10323 17312 15697 18676 5438 16564 14120 15336 2751 7688
8018 1705 2506 2401 17164 9428 4738 12393 16229 3359 4959 6951 15253 15773 1392 3880 19161 12715 1692 6910 18065 1115 10315 12731 8711 5685
6870 943 19890 12875 2519 6300 15895 3942 971 535 7366 798 18846 14733 13758 14478 10945 5032 14382 2312 13532 11935 9661 15104 1664 16844
10446 373 12209 10949 5887 5973 15323 8771 14900 12881 7992 4643 9968 6125 11296 18035 2071 2384 8066 11829 6538 12676 11278 1877 8154 15434
9463 16809 2730 422 523 15118 15698 13818 933 11728 4409 17698 4964 1370 8159 6941 18855 9912 12843 3382 2490 3836 8107 14243 986 2036
9635 9460 2113 448 3975 15780 17639 19965 13157 341 1043 13833 4233 1114 2269 15647 10118 14404 9095 17091 17829 7484 1434 1550 6724 15213
17106 7200 11901 11828 12835 18577 9448 8940 16009 2046 8033 17872 12532 1813 2289 10976 1267 13361 18781 770 846 205 8635 10122 11933 17648
6229 7212 2413 14973 8680 16107 6511 8920 12723 16818 4681 15627 4597 2828 11731 8943 2949 3431 17718 15995 6319 8301 8133 10761 9492 19743
16923 11777 2377 642 3886 1312 13075 7406 2940 15392 19775 16821 4552 17132 979 19119 595 2617 12454 17984 7987 18143 2482 3683 2493 1106
7850 3448 16528 4035 15813 16071 13537 19178 10279 3492 14035 15631 8642 18737 13547 1410 9837 4533 12045 5867 13025 12883 3401 2323 18392 14452
3112 11675 5890 17110 894 16962 13697 18053 1156 7845 16004 10562 5330 4378 1668 1325 18531 19472 15128 12408 17514 5256 16109 11953 18490 2193
7973 8384 13751 9941 4497 1714 16042 4584 13661 16346 15332 4592 17916 11318 9401 2907 15719 1839 11000 17745 13095 18891 15007 10600 8915 15864
1707 574 15357 8062 4448 15668 6757 13034 13459 3187 19257 3873 17389 6697 8271 7039 8552 1051 19979 10049 3942 6071 3088 11063 17283 18836
6568 15371 9532 9184 16717 14644 9568 584 16645 9991 13627 347 12125 7469 14221 18863 10805 1755 17550 2054 12016 18380 1792 6406 1417 6297
3834 2515 8490 7739 16256 1909 15780 13532 6711 9363 5593 18635 4165 11695 1379 18527 7035 14859 1543 7372 16301 13620 19426 2650 10726 4579
4983 2436 13693 9165 19185 7426 5028 8415 11184 17522 9436 10936 15692 4379 13532 6577 5980 14405 13929 16885 19972 8321 5982 13486 4277 5649
11086 16642 3570 2601 17667 9633 14258 7636 14168 14286 14760 16276 11983 19114 6847 15257 15920 1893 11077 11251 12753 14636 7155 19361 215 15430
14272 7033 13932 7513 1513 11092 14725 3125 8707 6744 998 2081 5344 6030 17676 7925 5449 3437 19451 3620 11582 16602 10275 18993 11255 16300
4526 6991 18578 17832 17995 6855 14759 14239 17514 8951 18058 1878 7323 16341 8191 8409 19940 14846 274 11569 7639 3399 14506 11148 11613 5261
14574 17156 5165 1063 16710 16904 10395 6376 4512 19593 4484 15443 5737 19314 11030 12039 2580 13994 7173 927 12343 18661 18452 6015 8659 19184
1184 10123 11046 10860 5554 19957 12363 15481 7942 14330 18587 5548 1464 11041 13662 12842 15898 10180 7319 5126 18540 1666 19392 12050 10144 17801
8050 5111 5037 16699 16878 10924 10430 17805 1413 16520 11664 9304 11265 15375 10560 18637 12168 11593 6665 19570 7167 9404 3737 15041 5307 5527
4445 18421 9045 13989 17006 2483 18769 3680 11318 15729 10073 8430 5701 6498 14978 17353 10379 9115 2509 18078 5027 12991 1496 13570 4752 8476
18194 10120 8175 3932 4504 16516 13285 1903 9913 10247 1641 11193 18545 13345 19588 6377 19404 3672 15875 13922 14761 6645 17438 9939 959 10567
7828 9789 17423 8547 2713 5292 17423 1287 11220 5961 3149 17642 3207 8625 1271 8239 13824 8561 2192 13087 9929 12714 17541 14997 17163 17491
5818 11369 11690 10658 9834 6808 19024 1323 18461 11050 12997 16315 10517 8675 4876 5976 7798 10104 837 10718 6162 1104 19945 465 8972 8247
9390 11942 12066 6782 11748 16469 14090 12726 6396 17036 13497 17058 4239 1218 12072 7879 2550 3596 15038 16030 13115 8899 1719 4416 13701 5946
12158 13033 12087 9853 14008 2262 3880 15756 9178 3673 2972 6086 16 13114 5521 13589 19346 7834 7045 16114 328 14961 1925 12036 3311 12765
14004 19607 19573 10989 9634 16369 4267 3910 14232 11447 5927 4227 7805 14210 10135 5649 10572 4029 10947 13923 7790 13506 3114 12445 14794 1057
3581 13773 3301 10882 11950 18154 4916 9345 14107 17100 14918 9334 16240 10291 6899 15827 6808 8057 19249 16719 2755 16250 15659 18690 15575 17704
1756 8992 1984 18560 19754 2249 902 13516 7808 10862 8031 8538 3024 4270 15793 3789 967 14798 3131 7523 4397 6505 19078 18350 15976 4570
13440 9811 4460 2524 17031 7003 633 8543 17221 12643 7420 18596 260 2063 11284 6028 5528 14800 129 1991 16025 9782 16884 2123 11446 6616
14044 10902 16362 4226 9477 4104 19088 2796 15853 13507 4887 936 2081 19522 8246 8612 11776 17800 6182 19292 4040 1770 407 18157 6187 16731
11434 12694 1586 592 1381 4002 13157 4943 3615 5019 2944 16849 2143 8993 14141 509 15836 1280 3778 1170 4487 3304 16299 8407 12314 3373
1101 13917 15610 5587 4741 3339 8690 7832 1888 10612 16903 5924 9408 4595 2050 11904 19552 5282 3059 857 14257 3042 9625 11203 6336 798
2841 17491 3349 7872 12475 17979 16580 9562 8322 18551 11490 19010 17338 10496 4875 2236 7836 17974 8360 16625 13072 4143 14325 6507 3834 2162
12326 18662 6179 7410 15168 3567 18382 4688 1866 16137 13507 4242 16480 6160 1029 4765 11131 14437 527 19876 17247 17293 10276 14118 14736 11991
447 15249 5917 4597 269 17445 9979 9337 6762 17625 13388 17259 18128 19221 812 14813 16849 4851 13751 10054 2107 5399 5763 654 2033 18558
9986 17332 2985 3888 6844 15943 8665 8211 16960 1081 6018 1845 11278 1821 5648 16983 10547 19266 16085 18521 13103 3725 13071 7990 13812 1214
13988 1141 975 6254 9028 8969 17687 12777 18004 14806 1851 6850 341 12325 8431 13159 18473 8996 16027 717 8308 9314 17266 6573 3161 14804
13841 4383 1253 4715 16631 15469 1822 8108 19481 13873 9362 12390 7621 17859 1327 7499 12799 15794 9736 12036 848 18689 17798 2247 15176 1718
3963 14711 6659 4220 19980 19204 13196 15347 15075 5249 16619 14615 5557 7711 10200 13599 6449 870 7024 5858 8451 9512 18582 350 4137 17177
14997 1295 18740 1908 6657 2759 14144 13756 16582 5850 11707 3318 10845 607 12953 3057 1656 14332 19407 6654 13118 11434 13126 3733 7104 13440
2675 1830 18318 12595 19919 6181 15049 4754 10258 8415 12207 2430 5274 17086 502 11905 15447 11287 11036 17927 19565 14953 10076 16506 16567 13939
4842 12845 7695 5647 17892 4920 11092 14782 611 3865 15457 7486 9648 11838 19862 12889 1016 17256 18967 12149 6200 6685 957 3800 16238 793
17300 11148 13254 14493 18181 10202 12488 7461 16843 7335 9717 17268 17856 4151 11161 15128 1815 12014 6266 4660 7674 11985 2564 17779 8821 9345
8840 16181 18866 17070 8294 6346 6476 13570 8789 16066 12577 8873 1935 14363 3482 8135 8456 4473 525 7055 15641 832 19451 1673 6927 16521
62 6584 3727 1368 6080 1136 8659 2164 17199 19511 18889 1109 351 5159 9395 18241 16979 18891 12481 13627 106 19095 3263 9136 12252 4994
6935 19158 4573 2744 737 19935 9412 8182 1792 1120 7699 6112 15681 9936 8565 11262 8055 10487 14398 19786 18991 5935 19154 17194 13164 18261
13889 18410 5812 4210 10173 2629 1303 4775 16154 5877 17294 1762 18295 9812 15823 15363 3232 7837 4144 6171 4763 17343 19222 16068 12237 19648
1817 6124 5048 14826 7088 9750 18821 14180 17170 12928 2488 7146 6479 9503 1622 1997 35 3986 7727 14157 11623 1721 12345 12142 13995 6852
7387 10877 6292 10275 14214 14167 67 11824 6150 10272 2925 18626 4549 4122 9136 8967 568 7102 17268 4244 5788 13054 12343 19787 8674 19349
6291 1330 6347 7357 8688 10950 11433 5437 15693 18756 6112 1521 15218 18338 8547 16905 8068 4338 8856 19939 14428 17759 7470 19001 17805 11137
1492 4517 3217 10628 7025 1198 16554 5658 8603 1643 5806 7299 12696 3045 19802 1323 7630 9245 601 3994 1422 2941 14765 19141 360 14807
14154 16881 2979 14669 14403 13205 19867 15345 18931 547 2398 11186 17088 10681 11493 5915 13634 5953 532 8006 1182 12363 6521 14718 9148 11246
8073 10093 12326 9459 3867 11992 19649 4626 4857 7048 12914 7889 13420 12476 6586 14526 7382 17630 1863 4516 1999 14506 2953 16390 645 2084
196 1749 19478 15064 17728 14681 6012 17713 9145 16204 18750 16432 10580 2332 6211 7224 6560 10438 8540 13535 17878 19797 13107 15231 5010 6301
1910 13005 12013 15180 5268 450 19657 1577 14934 19192 19794 16737 9872 3659 15791 13988 2141 14402 9836 9397 18273 17548 7977 8211 8530 18492
5264 9977 3633 12679 15143 15135 11928 11102 17338 16190 4194 18683 15943 8919 3864 11025 17168 16711 2800 4066 17285 1672 1563 8051 1018 6173
9772 12228 3929 10057 19553 18273 14441 8831 8700 4123 19860 13868 17730 8005 8521 9511 19139 17863 10882 2109 4718 3405 259 5686 12338 15839
8230 3859 5823 4018 3243 16992 5835 5023 14974 15549 3573 15322 3614 11873 3131 14027 8247 16390 11928 8194 6644 12407 1160 19165 7183 8533
5079 10804 10009 3730 8507 10581 19664 8825 5649 4951 5816 17628 12080 14727 19003 1198 6248 2991 13633 16164 18802 5305 1369 136 4552 4709
5398 12451 14997 8648 1385 17029 9788 486 6672 12964 10007 17787 18374 13685 10474 10645 608 11495 307 16086 12201 2445 16485 2554 15980 10467
9289 2817 3041 9302 5709 13479 13400 16069 12620 9301 8541 9276 7076 19409 9809 14271 7864 15717 4368 19239 1274 16840 12139 17885 12254 8325
7370 7130 974 17793 15745 11584 7521 11063 1463 15475 13514 11685 7175 15397 5571 13500 4266 4523 16955 1974 12986 17575 9361 6782 17522 377
18086 7525 19046 6229 6579 3963 8556 19311 8907 1382 19730 1474 16693 18845 7355 15150 13336 13159 17237 9830 9264 19376 14444 13100 11582 10046
68 17714 6314 18838 10943 15514 8128 4061 19961 5759 2498 13049 15627 11677 4908 3490 1519 18019 15174 3623 6548 11255 6835 19200 9587 12179
16998 7752 10915 1104 1721 5838 19757 3990 13583 16471 17941 8119 4115 13005 12023 11653 3747 7539 14518 10694 3570 3377 16689 3673 12830 13113
19086 18024 8624 8233 7826 14365 2017 5759 18122 4595 11620 18791 7417 19747 7965 163 5123 10914 17945 5082 7232 7620 668 16323 1884 3615
11118 552 18233 9776 15442 8996 4043 15334 13124 6830 5708 13588 1722 7896 16043 9507 5764 12897 648 33 502 8129 6160 17041 11743 14201
7574 13930 14283 15394 8951 15707 6522 12258 16591 1216 12493 15654 6378 3121 15662 7789 11362 14473 2515 6296 15627 18102 12015 5364 13861 14992
14471 18565 8964 8464 11267 719 19790 4730 19366 12283 6368 3647 16803 15820 19049 13520 8458 18125 7328 4398 3769 13647 14208 806 18522 169
16069 16541 7016 2635 1923 2715 12226 3131 11933 18586 6855 5383 11162 4896 11910 7624 8231 7527 989 11788 3793 19734 13269 833 15517 1075
17192 789 6288 7414 11129 13183 16924 17324 4088 7418 7857 17019 18483 17491 4654 9699 19956 19734 19033 9691 9228 5925 9105 16575 10222 7540
15717 636 808 17242 6700 6784 17525 15293 6853 6673 11912 5459 8769 12021 16892 18612 1135 1399 5449 7143 18745 14953 17394 1491 18789 7237
607 18109 3751 14395 17263 1580 15558 4522 37 17319 11477 9559 943 6768 4779 4477 9550 2243 10276 13768 6557 4779 5698 19963 3852 16557
19005 3000 16714 6194 6575 19529 16497 1513 8966 14724 15520 16178 4608 14729 13219 8578 11210 6069 7271 9726 8761 10688 1488 7443 10735 4959
72 4735 18040 16335 18571 8791 11196 19617 16479 10475 7271 4421 1138 15915 5753 13947 16730 1213 15496 8278 16137 7582 8226 5116 5333 1681
5542 8152 14258 5411 9700 434 13190 7180 9886 13196 2782 3635 9282 5231 128 8399 13323 4661 5546 8487 2502 9132 612 6692 3223 1601
10422 17934 1353 903 16970 6235 19119 12907 6275 5416 5796 5435 13860 14609 8419 13501 19995 14824 8421 14879 80 18210 9510 11718 10056 4540
7146 11762 6286 8991 1062 4497 14334 1301 14503 17607 11042 13948 4243 3899 4553 2763 17332 14315 393 19037 9837 13662 16703 5107 9320 8994
18389 23 15450 3777 5802 1343 3215 13257 1680 5196 12591 11271 7872 2138 15345 12684 8269 2258 13447 1833 16061 1066 1074 933 18112 3006
13689 16519 17626 19583 19024 17394 9528 4904 3273 288 17153 13035 3979 5774 4971 31 19597 1503 7053 13923 4645 7662 17470 14756 14018 18826
17406 14787 212 5260 3179 880 14151 14033 16533 18175 7281 16296 9144 2714 7840 14443 4094 16972 2272 2592 14115 18676 12206 15621 18224 15027
15071 10812 10198 3325 8038 762 4443 12930 6748 7674 3460 13971 14991 3023 14384 6419 19845 11827 15450 3475 9354 2059 16574 708 16479 1675
18152 11073 14357 7072 13951 15033 3099 14233 12670 1354 4797 15252 268 13589 1581 19220 4979 9079 16790 6845 11425 1047 19331 6387 3419 4131
1472 11370 16730 10204 10920 5147 4869 18482 19856 14929 568 18141 13758 1594 13237 12926 4381 19097 12512 15570 18786 9874 13049 14308 11258 10090
475 2705 556 13942 1262 6038 3674 1734 18374 7910 11381 4946 14562 18038 6635 90 18981 15802 13061 13226 14431 4998 11916 13861 16271 9923
10691 19372 15509 7805 12497 3662 18487 7378 9600 15048 13781 9563 8690 13978 5557 14084 17253 12193 19610 9692 6944 18774 13824 9846 178 7318
15582 3477 12282 3451 8823 195 11403 6332 17805 15563 6261 10639 15778 12201 987 7383 5217 3406 11856 17727 14294 13211 13013 9198 15720 14897
9809 2336 5656 11739 8607 13330 1827 9718 16106 8681 12824 3307 10693 15027 16976 18128 7309 9799 17508 4050 8376 14596 10845 14013 18023 162
16090 3127 4037 10186 16252 2588 1079 6581 12913 7863 9611 18767 7898 8916 17582 18880 10984 17293 11375 5786 580 4508 2778 18697 3076 4562
8022 3659 11315 18295 15398 5078 8232 13801 11362 18220 10629 1901 4456 11954 413 7849 6246 9879 4166 7022 221 9229 4853 9299 13704 4019
16765 12900 662 7432 13355 19519 6119 13550 814 5295 12443 19262 4906 7227 366 7082 10500 5665 13642 13833 8481 14124 5312 19811 2849 8326
5056 16906 14896 9075 552 16434 13904 6912 9473 8565 14890 8487 587 1982 4846 13766 817 7989 5911 3509 752 5825 12966 9002 14716 19603
10513 3247 14508 10318 16725 3818 16435 9531 169 5546 16226 10864 7440 12384 15550 14477 14941 13391 8811 12542 2822 5737 7079 6908 2786 18237
12918 12323 13073 10253 5089 1351 11410 10243 5683 1636 7114 15800 2143 8762 15660 14195 15362 2649 16512 12352 14287 18653 7402 19351 15514 14169
1758 11037 729 7542 15555 15209 5015 4087 18666 2566 132 4841 14150 15886 14331 12209 19488 15186 1044 15626 13874 3377 12790 17908 3062 12770
2014 4938 19705 18764 1987 3666 10583 9505 13644 14379 17466 5150 15609 10156 8932 16279 8045 16162 18978 6643 18246 8630 658 2090 400 12587
9323 6612 11457 16400 9595 6167 9633 3832 9053 15816 8118 11011 16804 13880 1741 13387 15698 18813 15112 11355 14412 13938 10945 14590 7822 17616
19735 4596 15074 5067 9725 12068 11442 7347 16021 14944 14300 17838 7344 3341 10423 8264 18085 554 9993 12389 4711 15997 16619 2847 3464 705
14009 10072 5605 8541 601 19836 7979 11972 6406 3090 16474 4972 8670 1147 15674 8569 12124 211 11330 6592 4585 17622 14849 1427 3608 7896
4877 553 5157 12457 16251 14186 16414 17953 18806 9135 1009 12058 18242 1584 2852 9814 18705 9993 17353 9974 9943 14120 2949 18476 13984 6610
15086 19539 10878 894 4618 16843 9658 19023 10920 57 10234 5211 17271 13281 6978 14625 10233 2209 3853 3338 1429 16660 7073 5998 15590 16914
18467 13926 15557 17484 14877 12476 11373 14264 16193 174 1634 17459 18419 11865 4529 12469 2644 17547 19763 8655 16198 18074 9675 15324 3199 10732
2971 9108 8901 6968 4495 10745 7652 5590 9462 2351 12153 76 16049 9059 19146 4609 19107 11069 9658 1145 19760 2142 16917 16573 367 15574
16094 12914 19314 2844 18297 12387 4076 19944 5520 19871 37 19095 8777 2118 19239 7759 19440 5335 9550 3261 15233 14557 5512 14632 4602 6932
19731 1007 18429 10740 15718 13031 6833 9625 15021 8874 10271 1 10184 7097 11772 13340 3521 17229 9177 16654 19022 8837 16361 17573 4979 8888
6827 6542 3732 13677 3004 17399 10313 11030 4923 1913 10126 10273 2394 5742 4426 3541 4818 7318 12602 4086 8016 6206 4537 5744 8456 12616
5851 4769 5488 12326 11114 3536 7745 18581 13310 13267 14442 19834 13415 3627 14629 11437 18714 7087 5101 6064 4648 19412 15524 1442 11425 16577
11456 14599 130 14530 3374 18812 7757 4042 1667 2583 645 650 6741 14680 1063 14553 18765 10259 3685 2114 18975 7531 6261 4450 9658 13736
9484 19647 7364 2155 19698 5734 4134 12316 2379 19765 16055 5819 1177 32 5445 414 1660 14908 12049 17069 9931 4593 15347 2123 13806 13668
6050 7501 12060 1101 11907 16041 16909 13441 12052 19244 11614 16023 1856 16190 3668 7239 19405 5807 19329 6481 14541 2079 5314 10572 16552 8869
5217 15728 15546 11031 11269 15575 14802 13854 907 8958 4279 16872 14031 2574 18176 3965 14220 7585 9508 8288 11713 10935 15791 14056 12559 5456
6130 5957 1529 8593 8977 4178 13576 419 4162 733 19984 18705 9128 8510 8720 12965 14475 17471 7197 18355 16161 16246 17097 4511 8421 7298
9739 910 8598 449 8486 18371 17871 11926 4160 16193 8297 8837 17655 10353 1514 11076 7065 5764 11025 10489 9213 15952 4351 8688 13739 16382
3108 1950 19808 10249 17326 19117 14910 18091 5665 3085 12956 13891 986 12971 11377 14227 3883 9321 7426 10720 3271 10202 12768 12880 7351 4637
6846 12077 4102 16488 13479 16236 15999 1706 35 5881 3920 6908 11892 16973 17653 5218 5842 9983 15949 5535 5917 18194 19041 11273 9006 17529
14366 7641 5793 5699 17478 1619 150 13308 1655 2796 9922 18240 6991 2037 8495 18960 15151 16325 18701 17252 10237 1657 11567 13809 1575 317
4519 1601 869 10647 10848 877 4923 18285 8219 11952 475 7062 17516 14915 11527 13924 2053 4517 13699 8467 2723 6637 16185 11324 1056 8422
12387 988 7884 10211 12620 10176 8561 12766 18116 1474 11959 7539 1843 5097 9967 17854 10807 7337 13804 4588 14053 1187 9522 18961 10528 1066
11864 15187 14386 10835 17348 10952 9228 2510 9410 12376 18482 2714 12803 1127 5496 6778 729 14368 10489 1936 15130 639 9859 889 4294 5791
14715 19942 5790 11033 1772 5387 9343 9757 16870 866 12309 156 11551 3902 2309 8991 13133 6819 8278 14453 4225 8337 16217 14497 9319 14980
15996 6338 2370 13257 15204 15963 5677 12055 10733 13308 11047 14304 18951 9165 19530 19885 4085 16501 3298 4719 13704 9167 6381 5995 9405 12814
11071 12647 13854 8778 12709 3309 5088 4039 7826 5825 6795 2597 4506 16572 7041 8890 17610 5410 3273 16897 13562 6370 6740 16132 15247 11717
11831 5544 884 14101 10327 1011 9170 19907 16545 13552 8309 15975 955 12906 6432 2946 19426 7589 14109 12505 19796 15200 11920 15918 5774 19924
5010 9616 2846 1640 5507 8113 15560 459 5894 9306 11764 4068 2335 4525 19782 4585 17484 446 4956 9724 8171 8776 7749 18477 19847 7127
11791 6447 3231 3870 13423 1259 2937 15717 7334 5457 5588 17778 18634 13546 2036 6171 14238 5014 12453 18815 19732 5322 12555 841 12772 19640
7184 13686 9309 19921 2208 7021 4545 9975 5736 7260 6308 14924 2957 8463 19809 14184 6209 11105 4102 5824 15570 4964 14086 13842 8265 16588
4212 18316 15813 10227 10942 14789 16960 18626 15653 1842 11626 11091 15119 18053 1563 10953 4426 11318 6817 2776 825 17482 4156 6815 10915 11658
8114 2724 16847 2234 10993 3152 16165 18874 19639 4219 7803 1693 11602 6002 554 16892 4364 11585 3361 4245 18255 12104 4410 5572 2856 281
5375 4203 5011 5118 17392 9017 1496 9166 12521 19976 2967 10235 14774 16926 8064 2593 4370 5750 1143 17478 4334 12087 9818 6597 2295 13326
11199 1427 9656 14978 19070 14718 18709 16076 9572 12706 1500 18729 18559 9275 10978 8274 11289 13957 13444 8543 7723 4616 13579 9074 8575 15464
17836 7126 19011 16814 7642 14813 11423 17926 17158 15730 17905 4828 8835 11004 397 2690 17013 14766 16156 9087 1275 13690 9256 18835 8002 16134
3139 1323 16339 1203 18430 13970 613 5535 13897 2376 5072 9944 4441 15677 10207 5091 8739 13568 11902 9541 11567 15877 2732 13198 13437 8305
14148 11848 10234 9068 2464 1381 14834 3424 19244 4383 5617 17718 7030 7247 10822 15952 12173 13204 3626 10928 14501 7832 8044 8012 18600 17863
3813 19792 58 15530 925 18096 6843 3636 12822 19482 7051 9347 12957 12382 9040 1950 17420 3435 1369 6266 19370 102 14672 11310 4733 4999
558 166 16007 15137 9651 6481 573 15118 18143 8405 6038 15733 18631 19009 16678 13708 409 6958 18242 10537 809 3246 12930 15888 6665 10353
6930 4121 13284 14805 12255 16040 148 4887 14189 9953 13563 7717 12581 5252 6014 2585 18897 19228 14458 9834 581 18409 13259 2700 13253 15349
6808 13619 18818 7175 11685 13278 14491 1302 16181 18927 18085 9317 16100 1559 4474 19418 6654 4936 3768 8381 14652 4145 3633 7115 712 3267
17545 2661 526 1786 643 6810 15419 3619 18063 11599 19009 12372 2959 11812 8279 14059 13257 12982 14484 3521 4592 8734 13563 1946 9199 17385
14963 9714 3599 18588 2582 4057 12757 16069 15204 9818 3385 16206 2385 16769 12932 13324 14051 1898 19327 10926 1605 12662 8777 19500 8066 3796
17134 8681 18527 5501 18130 17685 13710 14599 5326 4867 16186 17661 16613 1073 7009 18022 18371 16897 13287 8488 9849 16335 8459 248 3885 11046
19724 11672 13724 1030 12658 17925 17548 9018 11662 8959 7972 18389 18561 17539 7571 2640 18502 7762 10928 17857 1370 499 17751 3103 1687 4030
11098 19530 1208 15032 10424 18269 1899 9088 11393 14519 17746 14920 5659 3599 2711 19803 15687 5419 15388 13571 7916 9541 19970 10486 7488 10915
15219 3005 3673 9255 1155 5534 11303 10787 8993 16464 15758 2052 1683 9654 17660 12812 16088 2331 5843 14612 7487 7142 429 1975 13020 11446
19356 2515 7617 12416 4898 8737 1291 18078 7598 17278 7994 14895 14694 4958 17579 7679 9018 17230 19147 17696 1006 16889 19132 2823 241 5895
7197 5614 17769 4116 6433 6286 8712 3935 1006 18199 5931 4843 10486 1120 19027 15084 3180 11837 17820 7472 19124 13150 16305 11179 11714 7024
6886 9079 9952 3092 11694 18994 19470 8089 17740 14106 4216 8843 14469 2439 11810 5527 13931 16473 11786 2588 201 14862 7317 11991 12621 6152
8956 3429 6222 766 12845 1682 15558 16923 5829 15737 701 15603 16545 18079 8104 17207 16952 4311 12071 7578 5680 4197 911 16781 15562 10881
1760 7192 1119 1300 1832 11313 6526 16823 6779 7395 1469 18434 19951 12733 7049 5790 16011 3306 11248 11961 12627 17075 545 4993 1496 19008
8860 11861 6041 10993 5846 18782 9577 6719 16552 14624 19239 15989 16179 11639 11577 8019 19937 7611 6081 68 5620 2790 6242 4973 15596 18314
7334 5470 7362 18348 3969 14758 17059 16978 10993 1480 18309 7228 17012 14203 8638 11095 17530 9003 18991 18078 9415 8157 15437 7051 9093 3261
4639 17644 175 233 8074 19692 18758 3244 3036 2824 12840 14184 13388 5671 10768 7583 2330 16372 4206 5496 11248 2831 9803 6613 5865 19466
3560 8721 5346 14521 17681 2732 17237 6481 9296 4334 15654 10721 11619 17617 6026 6200 3172 7745 863 4558 18541 14391 16766 4341 15390 16567
9622 4851 2316 18028 17103 12907 6698 19021 11732 11505 17019 1323 19172 4479 8737 5941 19475 3390 18457 13048 4213 14167 9851 18408 14984 8417
1109 13413 2404 18134 16338 6633 8526 3702 18517 16788 2055 4885 11019 5132 9335 15485 4946 9776 15710 17827 8912 1602 4539 13914 4687 9541
17801 14416 15179 6017 9803 8269 12208 593 7046 16972 5524 14675 14483 15622 19058 2747 8840 711 11794 8720 16368 3487 7065 6479 19686 15575
15232 6920 9705 19410 4710 5336 6002 7149 2248 19259 11076 10441 17379 800 3012 14470 9221 13009 9619 16678 15013 13044 7638 6354 13331 11928
17687 16521 8958 18512 1751 7067 15412 14805 9856 1630 8308 11825 9076 5469 4794 1170 2375 461 4189 7962 14459 11328 11812 3092 7709 2376
14141 79 14126 1241 2363 7664 6089 10699 6812 312 11556 13845 16102 8444 9545 8122 12517 13557 15658 4163 5077 337 5312 1065 1655 8064
10952 7240 17551 18561 10421 6978 16576 9742 14397 7610 11035 4047 7166 1417 5672 12653 12173 12759 8191 18154 8698 14410 6773 16224 3526 5314
1767 16197 2405 11933 2721 13040 12400 2898 4161 14354 11264 10784 18134 13395 16727 7456 611 6629 6653 7203 7194 12253 13544 11839 17468 15452
5022 14352 15912 12895 9570 13122 18927 13748 12713 9444 4915 18520 16818 4797 5545 17688 930 19294 5160 7650 17982 8355 10028 1355 2849 8835
15282 16935 13214 8087 3018 16925 7078 19620 5305 14188 2525 17340 4671 264 12203 14585 5840 5447 11807 19536 12548 15024 16374 16731 2252 2852
10439 13080 13379 7884 14084 1945 5785 11306 3388 2810 15167 18677 4202 10068 14098 4294 16753 6722 4616 12754 1742 8385 1231 9070 12174 14341
9248 18560 19362 4279 17506 16939 12895 13493 3843 2153 16888 2670 18384 12478 11892 7402 9589 15955 12596 10804 11606 1611 17210 6635 14430 13839
4903 487 3559 11575 8388 1590 4408 18815 16732 15832 9063 17771 12441 1206 10903 13661 13375 7593 6646 5829 18801 3171 6344 13069 3020 11696
11572 13209 19372 11734 16311 6072 19288 13133 2734 12968 18563 8100 8875 18023 13694 8859 59 17475 13414 8064 9965 19446 9258 14471 13794 6092
3456 6149 17911 5772 19751 11499 16771 18433 18420 8335 11680 2726 6412 19152 10183 18341 6009 18900 10515 17656 18919 13861 13804 12327 3270 18152
10655 17883 7276 17223 7959 7237 3389 6471 16912 4814 16715 206 16760 4149 5599 10710 14237 8461 14434 6701 614 5733 16927 1032 13774 3111
14331 1812 12710 12739 9193 15423 17775 10199 1672 14405 18452 1747 8377 9176 16131 17851 10264 14401 15261 6009 6424 8598 13808 4930 7967 1538
18426 17827 2326 5817 8337 9011 15654 4100 12079 19036 4923 6704 18559 10564 17843 18173 7111 7288 19765 19093 781 13914 12428 9929 11021 16274
9753 4921 17785 518 7710 8369 11881 7763 12230 16678 2672 14334 12325 18350 10449 18566 7955 10081 9006 5538 8503 9959 9223 7399 4852 15371
19148 5034 10207 19192 19146 19160 3963 13338 3815 13741 13394 2365 8308 17500 12909 3927 12067 11361 12859 8033 202 7591 15434 17398 18708 18573
17879 12588 111 13339 19483 19394 3706 5253 3909 2313 19195 5870 18165 10087 2570 3121 8746 13143 3667 14254 7487 3215 3686 9690 12852 16122
10195 9573 15127 8834 17606 17134 16161 19500 18351 1318 4674 5928 768 2179 17478 14189 14842 6626 4899 8505 3735 19782 9445 11501 6767 2276
16212 3837 10458 3540 8047 12071 9904 12018 13166 5924 5039 6381 17292 18368 11259 17920 14831 3432 7193 18788 3213 8821 18356 9900 16405 399
15882 7401 9689 11889 7373 5783 6153 2372 15660 1355 19573 14851 19338 174 11513 6079 6836 11575 5899 8676 16261 19272 19979 4417 13578 8440
14999 1665 13893 12792 3698 2863 11244 14622 7145 19076 166 434 10090 9840 109 16897 8618 16460 636 7723 15432 3966 13111 1671 7895 1937
18356 13201 13104 5381 13759 17042 1644 12519 7044 8810 16124 14855 759 17852 6338 17265 13437 11912 2117 4246 4385 5530 5361 13348 17813 7485
14818 3663 6078 15834 10262 19266 48 392 10125 19135 4636 366 14965 16699 16402 17080 18250 4816 2408 2682 14188 13995 6795 1784 13018 9111
5600 6798 17904 19961 3967 16893 7173 6599 2079 4481 9250 16531 5517 15402 6532 12247 14486 10951 14198 431 15124 2494 19783 16289 14368 11683
1771 15705 13339 12954 17768 3993 9073 15184 10188 6569 15986 15162 2663 5111 4007 5404 11943 5819 6386 3198 8323 14723 11125 13723 18074 10668
2999 12759 17790 4602 9563 11751 10185 3624 17066 503 11918 14015 18434 3523 13339 1060 18123 1031 3049 17857 15689 8954 17334 6584 15880 951
5846 6326 16097 18658 10209 13416 15463 12331 10003 16804 19702 4148 12254 13988 2393 12208 9730 16531 16714 1056 11663 15594 16116 12426 15028 5996
144 12143 12492 19667 10302 17646 14805 19601 7662 16584 14717 7140 1239 3775 2134 16779 1743 9125 17902 17882 4697 14727 12205 11127 6204 14920
15979 1394 1745 7236 2215 3859 3482 14524 5439 19070 7750 5255 18902 3266 3145 17567 3833 1296 14884 19112 13888 8399 6661 2319 17790 5473
593 1844 17193 9280 15665 5377 1702 8838 17346 4321 18925 14982 4112 8691 8938 5726 252 139 841 4386 11201 10461 5473 19585 7630 8623
1656 1570 14908 17496 9005 14903 15566 10557 16187 9276 12378 5302 9877 15885 14051 16376 14535 13196 2233 9376 3278 16655 8293 13922 10883 15731
11067 10261 11270 5601 14712 17009 10891 10494 6351 3243 16101 17777 9861 1244 10007 6528 19253 19468 12957 6697 12720 1642 16154 11017 7786 2249
13863 15180 7052 6103 11984 15344 15403 4384 16214 8650 263 13471 2417 2329 6394 2675 1603 19293 5817 3865 9442 7189 9957 1656 9826 2479
18718 18953 620 18807 12783 9967 16989 6476 5518 16098 16905 4418 6302 12962 1176 2936 12562 11014 2679 18127 12527 1763 3903 11655 18111 6703
15057 11285 12677 7943 4352 16741 19742 12414 16538 10160 6805 10332 11065 4948 2679 12409 13609 15549 6237 16536 19304 19864 10623 10104 10279 12456
10105 12890 6219 12235 18236 12243 5249 10260 379 17233 17692 7006 18233 903 5556 18125 11591 19613 15117 15671 5885 4110 8929 7120 15033 16679
16859 13690 11475 16733 12865 17033 13629 15934 14244 12159 9122 5903 9249 3406 11246 516 19312 5887 19866 12944 2838 7480 4878 15638 3432 10727
9945 17877 13228 12938 632 16139 17290 5150 3129 17419 10154 13838 6608 10742 10862 307 18906 19308 572 15148 12584 14318 8247 19825 2098 6
1094 1539 2838 1044 15641 4800 4871 8096 2402 8571 7343 3253 4553 7703 870 11328 14375 10025 10023 2767 10637 7637 16674 17705 13631 8345
5011 3599 508 8670 13466 19755 9211 10082 12365 3324 7332 12928 514 10047 14637 11754 5512 2789 9854 8439 3810 16164 872 11959 15791 18247
4626 2209 3781 7527 14181 4404 11936 2049 18008 15494 16961 6394 18595 16945 5898 9760 17604 8628 19752 1516 18668 3419 6019 13910 19657 7659
5746 15401 9672 3027 16177 8592 9786 16319 5777 2711 12494 9813 12725 12496 17470 11818 14257 17345 12484 13462 5812 19139 5177 1753 1020 8926
5933 15641 15206 1213 4669 1409 1129 11092 12146 424 5764 4518 7552 3729 847 15227 6892 4165 14405 1028 10351 7802 3017 19153 19503 19650
19466 17859 10650 18492 19149 932 7783 870 4029 9515 10263 9285 19816 6993 5510 6508 3144 2752 8863 4186 1819 1481 8406 10405 17317 5618
13216 3022 19765 4350 17416 6656 16048 297 14391 7796 5644 7383 19274 14441 11130 5323 1563 15650 4916 17560 17125 12673 6325 8772 3798 15388
3323 11990 14823 6628 10761 7373 7369 15678 6138 7084 8883 17053 2510 15453 1448 500 11274 10137 2119 14896 12069 12909 1741 10169 19434 8387
13293 12935 11880 4577 13677 16669 12103 2288 5789 17113 4130 6253 5240 9502 10330 3936 16296 2986 13300 17256 17994 5568 7258 19739 816 14042
876 13080 14996 4369 6775 12743 18408 5184 450 1414 15442 10683 7792 16169 14858 15732 18948 14281 8401 18479 16912 14506 4290 34 5081 11944
5320 15634 14471 15619 5778 11553 3326 15079 7184 11838 3987 11868 13007 16492 3496 17938 4718 8334 13403 5459 3462 8557 18280 10313 4237 6167
10741 6365 12315 4909 12934 18555 13180 14672 19466 17890 14269 17790 2596 13927 4923 4238 5134 6398 18515 9366 3803 14372 19123 10380 3337 2957
3979 17463 5861 4974 7297 8086 6901 6090 10299 15860 12605 17725 11775 18381 19240 2099 1852 5509 11748 13095 18858 19919 16643 7447 8140 13205
16026 7054 2356 7892 1623 5074 2572 15229 8470 19225 8069 14911 11053 18770 8429 11517 15417 12448 1923 1813 7737 19628 7989 8989 12612 2901
17090 19793 10149 9659 4859 3496 1145 12924 18520 1922 12589 3223 3355 12587 14496 12413 11957 19312 16717 9541 7149 10082 3334 15889 18463 8923
11742 12195 12609 2157 17809 9764 8793 17588 19394 5272 10683 15588 9793 2724 7476 18419 19455 5196 10335 5160 9849 9650 19713 13252 15390 8552
6386 412 10893 15662 10659 3773 8421 7366 19484 3320 3806 16329 12319 16421 2271 5223 5162 2484 16988 7397 691 17865 7577 724 6803 10506
14118 7843 14600 4745 5777 7257 11472 17961 10504 9049 5398 4290 9617 13925 6181 15096 12800 2382 7165 6192 594 13573 3863 16980 4011 3828
4068 2268 12981 841 15944 12162 1806 14282 9818 13690 12009 10872 6212 14623 12661 9976 18038 11926 1687 18891 894 13931 6002 309 9690 4095
18308 3261 11963 19597 19916 6089 14803 1635 6308 17680 1921 19338 3829 10959 5225 17795 10171 4719 19215 10673 10039 13899 13061 17949 16481 16077
15022 6876 11167 2368 11782 4415 14601 7660 18986 680 3713 13471 11948 9164 15216 6329 8883 8231 18058 14891 19038 4214 10312 8872 9698 11147
19871 19153 9297 17985 12069 13144 2503 18898 9638 5915 2439 14563 2849 8647 7163 11445 5759 12316 6075 800 18855 10039 9057 10109 2700 10148
403 8027 7195 10050 332 18465 18131 5515 6075 14655 12921 4794 2597 5800 19271 18665 4602 10455 18384 3531 10488 14928 1861 9279 5730 19486
326 17325 17605 16533 6067 759 10672 12243 2209 15013 12807 6707 5398 17935 17192 10826 3758 6461 14230 5257 4731 14128 5625 4532 2528 13535
14084 10322 12109 3801 3334 10892 4572 14779 1811 6327 17061 5143 7620 4793 8167 5865 2975 8014 13495 4316 10931 15730 11983 11617 17458 2967
16741 4270 2556 15433 18866 230 13172 7173 4855 5998 12877 19590 1518 19197 8748 4621 10397 111 1235 19001 13682 15053 14406 12771 15586 17416
17583 14976 3692 4932 9690 2502 10343 17530 8656 14654 16343 6132 1692 19468 17631 13801 16684 261 9816 10345 10613 13049 17910 10062 1286 15879
4278 3824 6446 8531 10665 19638 11860 9246 3290 14302 5604 5277 10701 16007 18525 13676 18044 16666 3435 5913 19703 9678 12597 13729 5683 6805
7228 3709 7381 4868 18489 3154 16993 6376 2872 3708 18676 8800 1424 3209 6420 1636 8663 12201 16106 4639 17144 14610 9548 2675 6615 6522
7354 8161 531 2283 5562 10871 4969 17060 6318 1260 8118 7856 17883 8397 9613 6997 3251 8690 420 14901 11329 15935 170 17045 7666 6462
10319 5526 4318 6913 6622 1487 18247 19082 6066 19044 1883 6994 16628 15965 11274 10410 15473 16251 6200 17466 6651 8726 13124 7519 8362 7857
6405 6666 8014 9271 13650 1302 18040 11189 9173 18386 19104 5825 8221 3282 4117 13999 17793 11680 4224 10725 4924 8770 1622 17360 15032 17558
9760 16889 5596 5674 385 4248 17747 10222 10262 5518 3917 14548 8309 9600 5217 1312 7070 5793 19350 14958 13712 19340 13121 4024 2042 10007
10082 9923 9861 13995 14240 14372 16203 492 4058 19657 406 4088 18036 7002 16244 5420 15487 15109 8360 3913 7253 3487 9929 613 9818 13168
17640 12867 17007 8128 2830 11247 8773 15531 13124 7380 2005 18644 14568 12952 11203 3476 9508 16663 14733 5973 17198 12287 10502 3684 10309 2100
9025 7757 13227 9995 12399 5260 16266 19444 410 16958 3473 16509 4520 3558 9417 14016 3028 2829 13638 2755 17165 12063 5085 167 3908 18197
11945 19057 2312 3189 3513 12677 19912 6841 6607 7561 838 8881 6052 16182 12234 5619 8836 12423 937 18322 7803 8895 2630 4932 17685 16287
3228 7226 2481 6348 11687 7138 11324 3646 12436 3305 19427 1271 15066 15660 2034 10360 14475 205 1925 13198 17395 15375 10865 14035 15981 2399
17101 9256 9798 14841 12476 3046 9837 15997 6602 18689 1456 8539 10964 8048 11607 5325 9180 10595 18550 955 207 3199 10399 7803 5766 2294
6119 3155 9274 15229 7391 9178 5579 9179 4132 2855 1069 826 7077 6034 7951 12709 3761 9735 15897 8859 7471 1627 12861 19202 16226 11642
11371 10425 11019 8660 14326 913 5494 1628 18573 17421 17361 1302 9923 19408 3585 9799 19085 751 2746 12970 4448 10534 2527 420 12921 4447
14462 10107 11184 10589 10862 5186 2147 8021 13555 18154 5838 7157 15451 9899 4713 9758 10021 5586 14432 14799 11491 1192 17684 17728 2285 3288
7792 10872 10504 15886 8568 1373 1505 16852 19038 1240 1037 9292 9770 12803 14835 3403 7732 15792 14488 5513 18901 15389 3356 4237 10625 12266
7348 1719 12569 4893 12895 13011 16408 13750 5778 11771 18986 7505 13947 6729 17645 1996 12986 11782 4069 15760 4686 13164 10187 5125 11174 2857
1708 6500 1629 698 16665 3524 9993 8735 14983 8866 19101 5479 2260 16325 938 2626 4645 4538 15805 1125 7090 7574 1040 18567 14154 13960
9575 4226 17513 7161 19141 3941 13836 4573 8752 8555 16280 2543 13979 10908 2642 4765 8770 16284 17226 10068 3112 1171 8143 14091 9966 19780
11542 8661 6369 7526 4007 9586 3175 7092 18955 8301 5481 3384 13115 10998 19804 6950 2820 3331 15488 19417 19275 8602 18326 6068 14005 13220
7708 18685 11059 10515 14120 11277 19420 10653 18170 3733 8793 3399 3909 13117 5459 3695 3283 15920 8954 8938 13399 12770 11741 6753 5031 6171
4735 18222 16462 19420 19109 177 5981 7633 12115 10705 10333 15629 11836 17623 1322 11619 12824 12138 13895 13663 19512 18015 4272 3655 19166 1424
250 6944 18876 9268 6613 15692 14279 5889 1485 5257 9178 14564 12347 19260 5770 11735 19831 17440 2577 6321 2931 986 10807 15687 6106 5081
11584 17704 13383 13601 15009 16410 7132 15022 6737 537 19431 1133 3522 15498 17313 401 9388 11930 18526 12571 12835 1287 3594 7948 16229 9670
15088 6913 6746 12231 15638 13809 2393 19926 8273 9737 13216 15230 9102 1953 18559 14464 16258 18911 17575 9271 17427 11193 3182 14060 15880 13211
15611 9082 17524 14949 18713 5008 18158 1513 16378 14911 16306 1722 8942 14500 9025 9630 9326 2920 5519 6165 17704 2985 6330 15328 9343 14375
13292 13330 17384 4210 9980 6791 14960 11933 19731 10747 6188 14877 24 6488 4426 15837 17451 6864 16451 12057 4930 19477 10858 6896 5874 1099
17177 3465 11430 5070 13988 10598 9276 8695 11522 15208 11166 15438 12431 18377 8440 9118 7157 6178 883 8681 16296 18298 11405 18525 6026 4010
6949 11061 13015 8943 14979 17768 1667 6341 11036 14779 3364 43 11884 14972 10353 4601 14598 11343 14815 12734 10613 16986 11767 13986 467 7111
12868 3678 11452 12485 5587 14279 11820 11617 14560 17233 7289 16609 13674 12579 10354 9303 2629 18427 5567 8383 13731 2661 2244 5983 14745 7022
19489 19418 183 15599 2195 16431 17897 5826 13096 4015 6212 19989 8858 2843 1830 7805 6534 8969 2313 10687 17957 14280 4405 7592 18055 6925
1106 2326 4185 604 15668 13117 17612 1727 17931 15605 6576 19542 7282 4226 13326 16281 12684 14180 6975 3007 6912 5670 18234 19867 7828 19100
3120 12683 3798 3106 19667 19577 3592 12563 17373 1525 5964 5822 13466 1916 12084 5410 8772 8318 2543 1495 16822 7254 3954 10461 17941 9094
7315 7937 14239 2602 9853 656 715 12858 19877 18466 14760 6865 3276 4191 10401 3707 8537 12521 1289 10338 3112 19443 16278 19527 13931 150
4838 16779 12331 11602 3345 7128 6128 3638 5628 4831 15602 11214 6948 5260 18131 2229 11165 16494 17978 16876 5492 11123 19698 6277 2766 8085
14960 9185 19484 3758 18627 19469 16273 11812 11148 2941 17387 1838 8895 16796 18432 16308 5538 14612 1255 119 645 1038 14134 6433 459 7297
6340 6783 18274 5241 394 18932 860 1771 15335 831 6285 13133 12249 1836 2267 7538 17436 14210 373 12092 8892 10423 17392 15278 3107 14781
12294 1796 16280 10204 12217 14740 16193 17118 9153 775 1371 15888 9002 14086 2343 7920 5365 6816 82 9471 8535 4274 11020 2968 17617 7032
10104 118 13186 10954 13356 16481 15885 7793 2080 16750 130 4685 2770 9809 2163 8547 14603 19617 1434 2436 18174 17027 14872 19845 4832 1543
7247 12570 12098 9235 11499 19745 1518 6635 832 9436 18416 18728 6197 19599 5357 17994 4688 8975 5268 19785 11843 6003 3964 15621 12828 19007
12134 13982 15435 7194 8276 14224 12717 3896 8663 3881 6067 7424 9014 13156 5240 3715 11663 10751 11739 10051 9648 11496 16730 19306 2027 11589
9142 2736 12274 4674 2923 4454 16324 10539 14375 1529 10253 17264 14431 10900 17886 2004 16759 6820 9103 10980 14697 18258 4021 5333 8754 12675
5934 18134 14668 5008 7901 16015 17402 6588 16134 14210 3863 4799 11445 16965 18866 326 3583 16909 17428 18724 16337 6650 143 17560 15540 10835
9174 3135 19749 9836 3320 19904 9403 1316 10007 11783 5477 10519 10314 10157 4698 16859 12767 932 8023 4484 9835 16516 4121 10440 19827 16806
13469 12760 1696 13940 15838 19759 4239 15780 2480 1199 11154 19997 7374 4479 3304 3849 1377 7518 7396 10669 7441 17534 6198 19210 18414 15405
612 14099 5240 15476 19586 17803 2474 15844 2444 2532 793 4814 15682 8921 13686 7920 3575 3787 11584 9910 5468 6017 3429 13641 3431 14572
2096 19145 16015 8360 1514 5021 11634 3866 17024 12736 3141 8197 1808 817 8500 17526 11166 13730 570 1878 14857 14481 12295 7817 4303 1044
12056 11286 484 18299 9142 8081 16304 11785 2075 1954 10416 3919 3624 9735 14639 13327 16842 19885 19714 10889 16169 18606 1625 15335 7004 14840
9358 8486 33 17674 8812 3757 12511 1017 15334 12815 19025 357 2743 10567 16724 9420 3139 18242 7391 11351 3884 11787 7203 4977 13379 12482
1446 6856 18163 8221 3598 15756 717 7006 10240 3892 8395 8382 8433 3453 3810 13773 4620 1045 4186 7360 181 19683 5522 19989 14333 11896
3580 18480 138 11384 13354 10998 12039 8832 9332 13529 5463 19186 14673 3067 7002 6390 12910 16234 9346 1363 3306 16584 2455 3810 10689 19589
6425 2873 12531 12649 5705 12878 14619 592 15069 8420 14258 11454 15962 15681 11952 11306 10872 123 10978 5129 12674 4954 19124 18500 2856 16350
11787 12224 4924 17893 13694 12663 19937 9899 9119 12333 2041 18969 18074 17463 11243 5443 5393 3383 15138 18423 11665 13614 2474 5460 6516 5689
10434 17182 17282 10953 3087 17486 2812 4776 8639 6961 2566 2445 14878 9255 17259 17642 946 14985 2949 9062 11424 17315 3763 19033 6224 13057
15279 815 5033 15762 15135 230 10299 13260 4485 12464 18387 14039 6914 8797 13892 10672 7432 13903 7276 17316 8481 18170 19094 1204 12329 4084
5541 4594 5319 10757 848 11566 12763 12670 16216 14780 2483 17383 9933 15504 8344 13271 3686 13779 11104 5409 8211 17 3397 2033 18104 9592
6448 6686 12646 4516 13471 8943 8854 16741 19823 3878 5798 2467 8005 18174 51 6304 13548 1992 14207 15102 8602 2135 9841 8514 4048 18939
7293 5558 15861 11062 219 10607 13814 74 776 10794 5054 18911 4845 19841 12081 15431 7022 12875 14700 6375 2362 1729 8315 17710 9913 3314
9056 17574 14448 18378 9225 16309 12944 866 4490 15327 1133 10184 17152 18261 8353 15378 11026 1577 6941 11808 12596 7692 7016 6327 13448 7854
9875 13186 1550 12946 799 11003 17691 16843 9850 535 9090 15636 6004 11701 217 15908 10161 11249 4709 1737 7347 13949 1692 3255 6912 1698
14285 19661 9060 3671 4511 2817 1162 18944 1367 1399 19335 12516 7591 18410 8552 11794 5874 8514 7664 18051 8161 12634 8407 2210 6522 9008
18004 8945 4864 10116 5699 9079 274 19944 5300 18478 4794 9175 3957 13930 709 798 6662 7540 6046 5371 4328 248 7425 3324 17111 6692
2726 19592 5728 13628 3043 11819 4342 14449 16065 9361 10359 3660 13012 10835 3963 5392 1200 16976 4938 9159 18547 9906 2710 12099 13090 5185
18687 11311 8329 606 3373 15639 17084 62 3895 15096 3778 5933 11883 10722 423 15125 10682 8886 19066 6232 14682 5775 9061 13537 6751 12317
1728 2515 4891 10230 7646 13705 11107 16801 10316 6770 8875 15508 19703 10049 7182 3018 13431 11974 10776 8852 4832 11556 8927 15376 8996 18765
16387 18211 576 11894 8013 7656 10467 9122 5635 10371 10819 2576 12863 759 2348 16997 19095 9154 15771 15897 214 13716 9152 793 16786 9725
15850 10035 1813 2911 8937 16873 16140 14804 19752 16800 5105 17783 15024 216 3139 19323 18793 10369 2361 3772 1204 4064 10580 11349 4350 18422
3924 8457 13309 7944 15484 8046 12283 16195 3433 4971 19830 4970 15003 2261 13064 6149 17571 5276 18586 5985 16283 6224 15741 16207 16065 8270
16008 15672 9210 16431 16595 10455 12762 7000 13381 4156 2970 5152 1912 6661 16408 11700 15524 524 1666 16783 17591 1028 8931 8155 10131 3073
10075 16622 3908 2273 9108 8687 10776 18736 1947 18898 13518 12736 4279 11643 10865 2564 16768 8831 4853 351 2125 1269 5650 10860 5325 1565
346 9786 442 11759 5927 10976 2623 16008 15219 13895 414 1303 13619 8257 1182 3971 18970 9403 5355 15791 17378 6222 8043 1575 13795 17386
6387 15442 17172 2195 17597 16938 11715 1204 8700 2997 5368 8094 19122 19862 9553 2404 16044 14640 5685 716 16143 252 17141 17764 3241 10885
2418 16004 19417 12830 5692 9492 11073 18641 17553 7498 7989 6297 4112 9843 12409 2671 19638 3069 881 11602 18034 13830 18028 18146 3031 10905
12717 1734 2888 18608 13485 3950 11281 13001 4759 15588 6017 19831 10585 759 12921 1074 16895 5855 15858 318 18931 2881 4037 824 14520 19025
4078 14928 11235 10656 19270 5676 11672 5720 68 7182 9742 12271 1915 4671 239 14608 19520 433 17259 10975 3373 325 13560 19921 15420 10093
5511 13866 12385 4078 19367 600 18844 14904 10409 5360 7094 255 19563 11202 4661 12732 19117 5818 17776 13797 16634 18281 688 3953 8059 6050
6233 9767 5786 10092 11122 671 18575 18063 12335 3400 12119 3556 5226 13406 3755 15535 15693 7576 6901 2253 1791 8965 964 3734 11268 7394
16232 16994 697 1876 10369 4874 761 16728 8825 12708 14606 6392 7144 18155 16245 2957 4114 3317 2781 1856 4460 330 4923 16292 9735 12812
9195 10818 9942 5439 18077 16319 8638 9369 4314 16626 11026 17453 19368 14018 5423 19133 16289 16033 717 9084 18147 5979 10546 19260 10087 9046
13993 5546 12022 16281 13538 2623 370 10983 12357 6430 19079 19397 18921 13625 19716 15279 10405 2980 10969 4167 10552 115 7733 5532 10324 18483
8094 17590 8754 11365 1677 17512 15135 5254 1553 16769 55 9025 15375 3426 19959 14021 12507 1748 4039 1397 2711 16150 14339 3040 11699 2288
10266 6565 4562 19463 9234 3667 3091 72 5111 18427 15275 17641 16535 3145 14093 6277 16812 15371 14711 16304 13420 18852 11767 18497 766 18127
5665 14394 4709 14892 3507 13459 16349 17580 8458 8804 11016 2814 5904 15991 8514 15957 18021 8506 13288 18925 19398 3205 3075 16186 60 508
10844 17580 935 7862 5315 10491 10317 4890 7788 10869 6951 2355 4667 15306 10651 16562 5332 5093 13581 9213 13484 4838 15669 13850 12232 6958
9495 11253 10757 5938 3931 19150 15464 7915 6490 10818 746 3757 10216 2685 5574 11859 4501 12799 8704 15993 14592 18695 18298 17006 5739 12208
10022 2122 1867 4831 9885 14791 11624 7857 9870 3319 12393 14463 1822 18336 12140 10937 16995 6780 5503 1175 17099 14873 17355 74 1157 15696
4403 13051 1493 815 15890 506 19255 18873 4871 3777 17705 18948 19227 611 5938 10852 6641 9893 15299 9077 4025 18367 4420 2265 2265 10065
15922 15764 10714 11004 17906 13960 12886 15119 8822 3236 2741 6518 7339 3792 18741 13445 8485 6648 5949 665 14422 5432 957 41 3238 1043
897 4628 5050 14398 14645 10592 6060 15030 10870 16297 16168 11434 1892 1648 16058 18929 19451 225 128 12201 15129 19878 7800 13313 13589 17113
11830 8996 1776 16345 1274 14265 1801 19444 19892 15753 13018 13493 18263 14938 10101 2282 3165 16585 14906 3266 16880 13206 1701 3898 14087 17599
16027 6174 17100 11992 11556 13076 7501 12570 16507 14883 9386 9625 16621 17165 7418 5115 14653 3981 9787 394 19150 4640 1946 17075 10388 5534
499 16364 1417 17128 10101 5086 2328 12359 4201 9142 11947 5682 10569 3964 1424 8943 11202 9121 18580 1405 16363 17723 14563 2821 17763 3955
9611 9172 13245 5647 15174 565 246 3772 16860 12948 6011 8164 6372 3774 9950 14261 4121 15282 3120 17696 1699 8640 14130 1249 15351 13634
12796 1604 7910 6276 16255 13180 1320 16612 12496 13504 910 12944 15469 8290 10732 5929 5326 7970 18069 19461 8013 16074 7494 19871 7343 5348
17077 18996 11565 2521 14161 17676 4760 2666 15883 3355 19992 14013 9700 14506 580 6774 13036 19951 13441 143 10467 22 16351 11392 4995 528
15684 9699 7327 18072 1390 8388 13295 15786 1384 14594 8002 12406 17580 4011 17449 2597 6507 15378 13185 17870 12756 3392 129 7414 5764 9393
16100 16941 6136 4042 1905 12076 239 2224 14604 17061 10022 10880 14189 15284 12837 5138 17673 17013 3648 14119 16288 16717 18446 17561 15431 19168
18220 817 6369 6485 4216 9973 768 2725 7218 11803 1775 2181 11558 10341 19969 1874 7287 2379 17523 7275 5648 11766 869 8688 9674 11373
1484 13921 7896 4281 13440 16200 133 1137 4943 12375 11150 7459 11281 5197 16317 3823 11908 8303 8114 11747 15049 15280 19661 10627 7125 15369
4270 991 11062 15414 14595 7213 15387 15514 17241 13457 14912 12073 15371 13057 6310 7960 14133 9964 6691 2510 5444 5771 16370 19984 12643 5684
14145 11612 18026 2481 7810 12832 7239 16506 10903 17463 5833 14979 6409 4472 11698 19688 2537 18579 8263 11914 3071 10100 18279 9371 17313 10058
10104 18603 7034 19295 5899 3163 5432 15134 14178 17647 14374 4439 14446 8221 9726 17832 10579 12456 9100 14546 19002 107 5593 15691 2809 3936
