365
81 81 63 60 86 90 94 92 21 91 83 62 99 17 29 98 36 11 57 10 68 59 78 0 100 81
17869 14083 6397 17289 17055 19822 8694 2231 1443 13974 2203 10826 1023 3176 18528 11006 17726 13197 10564 6395 8960 19304 19790 15595 7673 16349
4959 7377 1269 5887 16910 18018 4944 595 19464 7623 14547 13311 9081 13392 7625 14302 351 10063 2444 2291 13529 7818 8147 6083 14819 1799
19266 1642 14729 13046 1156 12930 18143 3202 15414 618 7953 9583 16745 8575 12543 11294 925 18825 12243 4361 6639 9099 6492 9398 8458 17047
19513 4064 5252 8572 18984 3488 8223 18703 19658 7953 11024 1990 16235 9535 49 8894 19581 8555 950 7285 7906 5065 19786 17533 16410 7944
10863 13711 9670 5361 208 19258 22 17462 3859 18341 16713 5904 18916 13720 12066 9722 14874 10559 7513 15192 8207 8398 16735 13737 17727 8771
19490 844 18830 8408 8253 11684 6536 3691 4042 7833 4141 10123 13912 2555 1294 7971 9366 2018 14742 13659 4799 2380 14675 18735 8935 9418
11687 7168 9701 16034 10127 14897 11752 13310 7253 94 13769 12738 7491 17063 8668 12749 19609 15814 16411 1436 17252 6136 3571 14982 6204 1531
957 8989 13864 7599 12244 9056 12013 13069 16093 5848 17227 3415 9173 13095 12562 11410 16854 12364 18611 9971 16835 16935 8643 9193 10414 15307
3418 13029 17298 3467 9452 2015 12216 16544 17283 13658 6388 3876 17337 10508 8246 2581 4276 16354 14129 14918 5984 15125 9884 17800 5456 6701
6448 949 16493 11841 3747 2122 15477 16557 10941 16508 3931 18129 16578 3498 1802 10208 16631 11059 33 11015 9457 10852 110 19854 110 13710
6663 18810 14171 4532 2472 15837 5226 14289 11928 3855 5971 2012 5557 4838 4204 12886 9555 6764 1894 10648 13297 10614 7656 17732 13670 11019
5247 19324 8742 10353 16672 7011 12441 14657 2049 14872 13313 10755 2496 16239 12286 5849 2043 15005 17555 8569 15179 13805 19471 12490 6166 15688
19166 17852 16750 10315 6976 9359 8525 2554 10539 12849 18562 17820 11671 13778 9282 1195 17109 15728 1936 18332 18816 6896 8012 13210 11265 15392
18184 17089 3069 17687 19375 3171 1334 1343 14241 17001 9537 9842 6900 16252 13835 3145 14259 9526 7533 7072 12257 16051 17069 4747 321 11181
6079 11219 7801 18359 16010 8866 18850 2606 11258 2205 5308 11712 9339 894 18613 11423 4085 18305 8764 14719 8683 10839 11601 8218 9635 387
18992 471 11172 104 14315 19012 14631 13480 14151 3659 15427 12024 6185 14259 11589 17791 9766 6515 16597 6714 16015 3939 12255 11136 8386 18252
18951 12686 19521 13493 15852 18863 18486 16989 7599 9577 18114 8653 4835 999 14206 11912 1424 13078 12102 6053 12556 15284 12446 3221 19757 4376
11766 255 9640 1473 2385 8085 149 8828 8889 6808 1149 9169 2219 4019 18475 10324 5376 10448 2275 7127 10957 15627 4543 11534 8103 9144
6655 9002 1197 3294 7923 12348 11424 448 16782 14067 18954 7636 10391 9321 18359 15576 16221 15130 13554 8021 11177 5000 945 2338 14218 6670
4513 17146 12227 4008 19881 10132 5005 6179 3823 14289 13259 8173 3229 6157 7119 8756 2966 207 16455 6798 9496 513 9354 9749 16551 12967
12087 19998 6037 15672 7309 19255 18738 8270 11860 6101 14529 6353 12880 12867 9111 3062 4245 9288 18184 8037 18921 3297 5519 14899 7718 13852
8777 5673 13234 7155 1167 8628 11043 17132 6621 8490 13587 17439 13419 419 12968 13201 1061 2504 15952 17737 10139 15005 13940 2141 5184 3452
1833 18922 17101 11280 17570 4470 9738 16181 10614 247 11701 18494 6178 6575 420 16986 1188 11191 18049 2402 14918 10841 17 13430 15104 1633
5414 4036 1610 2169 10334 1529 3657 15458 19425 4911 18179 4868 11204 12243 7332 2702 8875 11480 17209 13918 12880 19579 12920 13375 2411 16367
16080 11553 2961 2496 11308 3587 15631 9328 13362 3730 14551 19180 13376 1033 18227 10000 5758 13546 3533 17942 1464 11514 2147 10262 10911 12778
16394 7611 1590 3621 6322 819 13954 14714 13831 5632 7980 9453 11616 12365 13046 11744 19272 11260 16057 1671 2404 14710 7305 3848 9602 3294
16524 17778 19566 12317 7955 665 17379 19559 7279 11471 16146 17030 18046 13459 11712 14 8048 2740 9213 17967 2391 8514 15093 18837 1808 2524
2561 9798 18137 17410 10933 18002 4742 5046 14504 5063 19079 1814 819 11872 14105 17482 19679 16631 18503 7495 17307 8180 7693 4919 9345 12925
2010 18926 10467 5669 547 13713 886 17818 16047 480 13532 1102 1466 9083 3577 17843 10577 2141 8151 14200 19488 9184 8707 10883 14165 14318
19077 14562 15084 18393 2070 1479 8957 6735 10517 16915 470 11883 15879 10756 3134 17191 14688 7749 3385 3047 7159 10647 19487 8605 16042 9868
11995 4003 1876 2851 14569 17593 13869 17253 17664 12726 7117 11739 15750 1253 18214 6531 7075 11305 6694 19575 14257 8754 11463 14598 4338 13761
6395 5496 8156 10395 8419 430 4145 6597 1469 5255 8689 14075 19245 14274 11335 15505 16323 8924 18205 10276 17607 7514 17258 2692 13822 7593
16711 14870 7571 13524 1966 7977 2975 14104 8452 14770 17931 2142 5722 6634 14909 14512 5655 2248 3958 2754 10194 6558 14454 17213 6039 17532
117 9097 10696 19271 9435 4307 4775 14979 6571 1856 2911 4517 6596 15522 1367 1763 6343 8972 4809 12527 19220 12687 616 6328 11486 12299
4479 8662 14653 786 8160 8825 1196 17799 11774 1845 16108 19909 4545 3416 18641 17673 19341 3984 16001 15260 10051 8895 17369 8012 16570 5169
6972 17019 1972 16878 12216 17365 17432 15095 16655 14151 9072 10279 12165 4147 13803 9234 16279 8197 4736 7084 19355 5423 7121 1521 13389 624
6971 13343 9447 3816 795 17040 10631 16050 2457 10102 16008 15182 4873 6227 11251 18983 10827 10843 8258 16934 12446 19170 19631 14379 5845 14867
13026 18026 10346 11611 1888 17947 1404 12336 6036 19713 3247 13455 4066 4820 11510 13272 4850 13321 6771 18429 3064 843 4821 7311 15345 3175
644 11146 7101 5911 6417 4086 12944 455 18561 10614 16951 18099 2152 11734 9210 11495 15566 7741 7466 17004 19852 16797 19485 16686 9947 8748
2008 7686 15825 2075 10159 7557 16363 11700 4193 7390 3030 10387 5797 5958 9791 13928 9109 5548 14088 16746 16149 17491 5589 1904 7720 13803
16405 17080 9024 2220 19701 2970 11138 995 6716 18465 17123 13742 11716 17416 13467 16596 16301 669 2533 181 18313 2808 912 13844 7948 2785
17280 6413 16919 17154 15397 5978 18773 11217 11240 19613 12804 7669 9633 17140 2719 7039 10029 19034 11255 4252 14324 4621 8949 13158 13259 1861
11311 7102 2925 10348 19450 12015 14089 14885 5769 8109 260 14412 17144 14675 12828 7033 15474 16611 1452 4926 2288 11879 19512 5016 9338 707
2156 486 13719 11250 18252 3844 10319 18527 17024 6385 14933 14864 16625 10012 1193 12064 12134 3848 13821 18008 4687 8435 19890 15634 490 5730
4797 19001 16735 14591 10422 7561 6039 11444 4091 745 4407 9151 6210 13533 19448 16412 4106 18679 5289 11027 10564 16986 1384 17528 12124 6037
12596 10716 9730 15473 6041 5687 8400 3962 17399 19243 8437 15525 14972 11134 5885 3103 8402 1380 11484 8768 16223 3090 7030 9702 957 15467
6808 12545 8928 9201 8789 10507 17275 17436 1557 2476 1838 263 6022 8740 16939 1155 11223 17614 19709 19494 7255 2129 9416 15627 8468 13614
16999 10514 19186 7848 8597 13856 2686 7206 8652 18384 7093 932 3178 8339 13295 13370 9365 16115 9058 4027 13004 16567 1625 9089 14468 110
17356 12520 19166 4141 19071 8026 16432 11991 8066 5455 2663 373 9802 12781 6596 15617 2136 18869 7609 9928 5466 1977 2114 4932 17639 7816
10553 4332 15819 19832 3957 3987 3302 13260 13314 1241 15318 17554 6429 16488 13441 10707 5777 8390 19084 8431 8999 6236 18784 13612 11767 3688
15952 13127 511 12510 5860 8879 5683 8037 6037 248 16071 900 1537 14455 16226 6603 8484 4030 18013 3970 1638 18094 4950 9016 18379 3389
18165 5562 11819 4301 5686 6183 10416 14978 6120 6543 11424 8342 12191 11805 4338 10315 13818 12113 2386 10923 3727 19255 17624 16743 3193 16320
19879 18880 15909 1543 19074 898 5673 17832 863 10518 16193 9167 3780 16678 11390 10950 16896 13383 7324 5455 15487 3095 17514 12625 15950 7135
11582 17921 19199 2561 3843 16593 99 10278 15788 8850 8256 7423 9825 1706 14739 7926 1317 3720 3982 14593 19332 10564 19584 6316 19756 17037
7844 15733 19482 3478 16395 1377 10794 10634 8204 15582 13972 19898 11774 4950 16678 3290 15422 13533 14408 12869 19233 16143 5787 1888 6581 7634
17265 8060 14630 17976 6435 15641 18146 17159 4696 6621 11797 17870 5650 12994 14278 11478 12860 18204 10676 7818 18457 607 2345 7875 2636 9675
18590 14482 15317 12230 12129 8785 4055 7634 9616 1494 6146 18430 19952 19892 16304 12888 18652 11858 10416 13145 8370 2597 4810 14831 673 12441
19571 17865 5188 13049 19540 11253 15630 2163 10154 17591 5338 10047 18807 1311 14075 715 16065 8517 12681 6052 16165 735 11447 9208 18709 3176
8189 7238 9905 2215 11287 2511 6609 8892 1276 3808 8859 11558 15534 1746 16975 8983 1766 12840 17242 3537 7284 11166 10593 2200 7730 7187
6146 8566 801 8533 5419 11470 7661 8806 18631 18782 2376 7415 17162 13325 228 17277 204 3815 14001 1113 3419 6445 1596 18787 13482 10460
3081 8436 11952 16508 1232 18565 5739 15630 1662 3862 2137 13110 10934 12230 7886 19993 13932 8334 1394 16121 18738 3107 9165 6272 11051 5261
4599 3557 14620 19018 10488 331 12988 2178 16149 4361 14008 12711 4208 12017 13233 16836 2388 2606 5880 11912 7015 10106 16254 5331 1621 16003
10565 3864 16913 9166 17793 575 1822 2727 19214 9572 13935 10099 1362 956 19080 13877 9308 11261 8330 11211 15411 169 6353 18682 1660 798
8853 15078 19814 10791 9891 16807 18492 1372 18686 3487 7487 5244 9025 9952 4426 11086 18703 13239 8928 2547 15218 3069 15511 13429 1552 13314
13721 19838 18542 12832 5924 19941 7085 846 371 1802 49 16318 15664 12158 9678 12883 17191 5232 12244 13858 11333 10179 16970 12431 17578 6864
13015 7035 20 8209 13177 3962 4277 8669 14057 18184 15539 4469 19868 16834 1917 9660 17912 12145 5046 5426 5985 16997 14701 2860 18703 8217
2316 12650 8339 10235 8733 14134 9872 14867 7586 14069 19133 9493 5658 751 6199 11355 19334 14168 11349 3332 6918 7063 1284 19089 14633 1759
15461 9320 18001 6802 16727 11671 18013 5171 6761 11386 6167 9185 6150 8919 9419 16238 16705 19692 11158 14405 16931 19668 3520 1618 16041 4591
7875 10031 3666 6952 6064 3390 19955 12983 15981 9167 6837 9789 10398 9095 9534 19146 7474 6988 954 13138 16477 12423 8208 19069 18367 12013
5715 770 14433 4964 12464 11086 8121 8997 9928 19082 3736 1812 233 13122 9555 19840 18892 15533 906 5159 13847 6846 12185 10316 16738 10669
15122 4468 19729 1508 13844 16076 2578 4951 2307 7834 13559 15273 6659 2265 6626 6518 10607 18455 17732 206 1094 13776 3882 8360 3962 17291
15970 12343 14242 6842 18273 13661 10105 8403 16563 129 13587 9027 2994 17172 4287 1603 11357 600 11765 10125 18189 12370 13738 7834 7565 7246
1711 2589 2553 17923 13972 6390 1566 9791 10909 12715 9521 19205 12476 14896 1208 621 6510 6608 18229 19305 6590 2418 1156 18855 2670 5044
6819 8506 17744 2722 13849 6779 8285 641 2608 5789 14247 6457 2238 15170 2555 12461 18709 15461 14489 8960 18508 5767 2985 11408 11167 3336
10221 15569 10725 9612 11781 5865 3918 5220 18389 14639 4484 4379 19854 6660 10555 5762 7464 3359 6587 16782 10259 19463 16031 10653 19629 16475
10644 4000 11484 18040 11775 16501 9684 15264 19086 7665 5976 10703 5442 21 7155 12716 18633 6527 11473 15021 19799 5632 9185 18082 2193 14946
23 10749 18307 4927 398 15156 14811 18340 15158 1881 10072 4450 7987 12018 603 17151 3824 1119 8911 443 13693 15354 16300 19041 5324 2815
17382 1044 11095 12354 4264 1631 3264 2829 8741 19458 8691 10796 16368 2629 10906 11750 11973 19994 8165 10829 8093 16532 5454 17483 19105 18524
18529 12130 15229 9726 18485 1256 11166 3185 5718 6579 9700 7209 5060 10509 14894 11620 13751 2843 14243 5286 2235 12891 10800 8879 13739 11957
7791 7533 1569 4511 14756 17913 13538 19189 17843 12163 13804 8402 13303 501 17779 16069 2611 7713 12223 1429 14615 6953 8889 5988 6793 18338
11432 19290 403 10092 7594 15069 5752 10308 7738 11063 4089 14148 9809 3424 12052 19197 250 18104 10615 14405 3594 2929 3151 3397 17742 2674
3444 7099 8075 770 19488 10010 12381 19515 18661 1456 15724 19083 2839 3236 1300 9130 4887 18531 1315 15838 10470 18161 5510 6273 17327 13299
8913 18026 14666 11416 11230 17351 2548 9691 4679 10572 6784 8410 4616 12015 7406 3836 5805 15745 4701 7063 2947 5558 15694 15064 5257 9905
14825 10726 16913 12843 5334 10529 732 8777 9262 10578 12354 19575 12082 15791 10899 9011 13335 10494 18090 658 2375 642 16641 18853 4061 16143
15713 14196 9932 8904 16360 13541 16380 1972 1260 18236 3029 16224 5835 1918 10189 5666 7050 1068 19647 7802 7903 13411 17787 8021 8854 11928
1898 8200 3085 15279 1252 2930 8465 19575 7464 17301 5449 9152 16868 274 1736 3931 2009 5680 7909 16845 12113 9368 8336 7242 1702 192
8129 8767 4002 2045 14525 17611 12647 3055 10921 12491 8644 2419 16574 1831 18434 9462 13008 9069 2443 9382 2672 18129 14409 13832 564 8967
4896 12265 18250 15249 15690 10560 2194 4024 7796 18615 14285 2923 5349 18217 13762 14980 14919 10080 4738 1977 6332 9191 3123 13753 18683 17361
521 825 3120 15201 664 18541 14536 16296 6632 6291 15209 16845 5970 6840 8396 15726 12836 225 2662 10962 12076 2237 9175 8452 5844 19331
3093 18788 15678 6279 11844 14075 1907 6074 16725 5069 13354 1124 6835 1714 5710 12873 19761 13133 3050 16391 17872 239 1076 15351 11921 7687
7659 14356 12011 9020 18099 11084 9694 10395 14434 14990 7402 11409 16158 3893 14074 3408 9154 13929 11399 2173 1543 5218 8498 18669 5221 19976
346 3156 13860 14564 14946 16099 19670 1327 15722 9180 8473 13203 303 5132 5186 17155 18722 2609 10689 9459 14409 4622 4720 4961 12243 12976
10463 17214 16715 15000 18141 16546 15406 6750 1304 3061 8955 2006 18763 10347 4836 5382 10989 7298 9910 3680 9272 16882 3950 3049 18270 3099
5994 10048 18600 10072 14413 15994 961 18065 12636 10302 18752 7227 16417 11221 983 16129 1927 18295 5364 2808 637 9689 12519 9465 7939 17338
944 18294 3581 10848 1531 19914 3152 9413 13503 6307 9951 1801 16070 9763 1589 18875 11303 1905 4983 16010 16204 16397 3020 625 7246 5962
8453 16917 14792 14157 12988 8164 15407 12952 2818 17664 16705 11983 18367 3012 4483 3418 15571 13135 4959 9802 8688 9767 16542 851 11147 3005
10770 9599 16808 7784 9186 18289 13261 13450 17772 18277 14389 16641 399 19135 18566 14572 2164 19604 2565 15233 13318 16900 15191 5396 16725 18194
18845 18921 3501 2227 19567 7889 13551 699 18237 16128 15438 2192 7483 8711 8880 9833 14615 7269 13747 16277 11640 2700 11413 17463 14550 4796
10513 1818 18202 7320 13454 12442 6561 16270 10836 2364 8196 5675 10218 16208 10774 16699 17416 6912 11265 180 1160 16451 17913 11288 12359 12977
1358 13779 16895 3827 13271 9334 9518 9597 13766 14019 14546 12247 11275 16964 18786 10036 8843 10621 3879 12429 16113 4272 14477 19915 2477 8936
17406 12616 4021 1340 6255 10414 14514 14458 16376 12528 17869 15784 5039 18306 1714 6224 1711 17682 9975 8555 19167 15330 16849 16363 14274 18336
17057 8611 13318 423 10083 16685 2032 14355 10680 7526 7972 6356 112 2718 13900 1515 19660 876 15439 14235 16666 19920 1810 4632 10322 11287
10351 9234 18552 4960 11227 10076 1340 17702 3474 15398 19120 8105 8852 1996 9089 7940 2992 10693 15925 125 3240 9607 1642 11321 14741 7015
14932 14423 10463 358 487 127 7685 8581 19476 19943 15251 10278 16540 2426 4560 10948 13049 16564 3558 9042 1932 18162 17149 13701 9181 4760
5202 19278 10187 6187 18142 6023 9802 12262 19793 13200 6057 1986 4845 5781 12756 4719 8747 11528 4493 6666 4188 11317 13373 7118 15608 9403
4718 7082 17337 16276 1687 18732 8 3870 8501 1777 2094 1317 4587 9541 7310 16897 10359 160 4941 1424 10981 18387 17041 2318 19662 11388
16867 6892 12942 3565 6075 19275 13836 13518 2980 4357 12371 12359 14554 12041 8916 7801 9120 13190 5424 4158 18983 11139 13793 9360 7556 8810
16363 3032 10031 7509 7089 17642 1751 15855 10368 14327 14638 13908 1940 18876 11699 15561 2839 9599 18369 4722 12811 9968 12313 15420 6294 11457
4216 6895 9387 9695 1893 6807 764 19649 2025 765 17801 7357 14732 5135 5817 18900 11752 19018 562 9203 15940 7980 10363 17524 7776 5562
1804 19951 1109 16375 13044 9589 4140 1206 1466 1077 17104 18757 13932 19812 5150 18286 12006 817 2108 8845 5899 8564 16334 7264 7855 5852
13268 9612 7094 13163 15571 933 9521 9699 957 9794 11068 9408 9231 4681 3268 12772 10382 16346 12971 4199 2349 15161 15687 19766 9226 8449
645 4106 17682 17179 6918 1802 4312 6332 8875 7926 7999 12916 16932 6166 18568 18333 18918 12328 11802 6454 7767 15902 8561 14312 19011 6969
8213 7173 5797 18203 5541 6288 14038 977 934 12104 16399 4429 14992 11857 1664 1609 7617 16180 1708 600 6928 1323 3788 7580 14068 4020
17963 563 10099 645 13881 2891 19321 16280 12698 13533 8201 15841 12696 14910 5442 11975 10846 19883 5802 17915 13454 18339 14410 11755 11718 17073
4031 3479 3269 5155 13056 14321 11715 9123 18514 7247 16962 603 15470 6057 13616 18326 8915 17168 10418 17079 9568 226 11917 7747 3736 16787
19436 15439 19092 8006 4773 7988 11354 14782 14322 12230 16969 15910 14041 4587 11346 5365 706 234 17101 2017 6081 12960 3090 14545 14525 14526
17656 5643 13919 1631 16143 16774 16194 11052 3271 14412 3538 16181 7693 2116 8680 8180 8113 19018 14743 18461 9786 3535 14209 5287 2780 10528
1834 11386 832 5745 5796 14983 2671 16044 9929 12266 7958 3012 13056 10170 11729 4391 9551 17800 2303 314 11294 15012 16977 5031 13906 10113
7439 1685 5488 15153 3072 17822 11639 2069 804 2978 19542 3899 19941 12061 11453 15524 14823 6865 18167 19104 12260 15223 10012 3220 3691 1443
9499 7946 12545 16875 4425 1796 6982 10230 1357 18600 1132 12339 10510 17942 11840 13590 14034 18949 15630 13429 4257 9477 18301 7263 16548 16015
14741 16672 16477 7521 1639 14053 11147 13815 7883 12824 929 5892 13253 10114 5366 15584 10485 12122 14123 2148 14167 15055 10419 19068 3296 19795
14418 11730 18735 13841 3558 5041 14816 15936 17599 19478 4907 15253 4120 5587 8561 4395 11494 13727 1922 4398 15928 11510 3084 8881 10650 9705
5032 8884 9489 802 4504 11411 6998 4595 3596 7153 6536 10365 5206 13153 7093 15308 13284 15456 7008 8078 15155 1218 3042 14283 643 18588
4489 14889 14944 9771 11955 9291 17120 7239 15163 11305 18697 17442 11138 14348 3444 1059 7889 323 14222 1941 3025 13225 12759 10872 9953 1576
14158 3546 13721 10176 11554 1578 12556 18222 14188 4245 16787 9786 3509 17829 12324 2197 12511 17090 18279 13417 16945 12749 11795 1745 18650 9729
657 3472 16598 4159 8189 10891 17864 9013 7742 17384 16516 13452 15819 19911 5044 7760 9410 17888 11125 14731 17675 5951 3696 10768 7211 12427
342 14334 17089 3327 2983 8872 18207 6263 17854 1403 1916 1142 17603 14366 1638 16231 5608 4330 10928 10839 10051 2644 15358 3845 2940 5947
12945 11628 923 5258 5590 12679 17727 4884 2262 8455 9210 16372 7904 11296 3171 5077 6893 10981 6584 1929 5432 17614 484 16006 19396 8866
10494 413 2628 14073 550 2670 3064 9733 2209 12418 9555 6485 4966 15381 2712 16572 3240 4489 1595 16974 2943 11965 3473 11888 15082 18826
18504 2346 7798 1832 10009 19048 6823 18016 1330 14334 9327 8910 4523 373 17318 3111 4542 10073 3086 18339 511 16034 12614 18298 11531 19465
17454 13910 17479 9921 13590 13553 11896 17527 12248 11918 11906 13904 19813 16862 19737 2927 2448 17108 13514 6278 17410 15185 3208 12280 6625 17907
13204 19425 1500 2534 809 15582 13687 12586 1550 13473 3385 1322 16733 1521 2705 5788 18998 9234 1590 14422 4547 8159 5601 6891 1103 12875
8874 4396 6658 458 13760 6156 11266 7199 16266 8290 15260 4432 8163 3491 10791 17789 3612 10777 15565 4494 6184 11446 10646 6720 17336 992
8559 15188 16160 7916 1908 3678 4549 14572 7690 13430 5732 9108 1199 15363 11840 15919 16950 5778 4802 9663 1376 1869 5055 4602 4339 5489
18586 18719 5485 19545 14082 14575 6978 105 5130 12803 16589 15414 5492 13560 16743 14176 14204 15232 15835 5513 19367 2571 318 15955 12210 9979
16065 12718 7993 4162 8408 10239 11250 10316 1379 2871 4792 3674 17410 5840 12860 12603 11529 14023 11879 7088 11090 6930 9055 10844 13413 7404
18359 17703 1650 7655 16224 17944 8691 1432 1609 12329 11734 4761 8553 1358 10730 8419 6916 301 8633 13036 17996 1193 13922 516 8537 18216
6062 39 1300 10890 9517 3429 19106 10144 11862 16591 9100 13170 400 8544 18087 14585 17680 1653 12135 13054 17740 8333 634 11990 11853 15666
2347 2372 9457 8731 16669 3778 11016 5588 12872 16282 2419 17876 13627 1108 3079 2052 6324 17592 14417 6269 7727 1817 2886 5330 7072 4115
8306 6437 11691 14480 8849 5026 10306 1912 6684 15941 13678 14860 14527 18236 7305 5704 2294 7308 15831 7828 1325 14356 17273 15385 1510 10146
19661 18163 18759 18547 10923 13836 4642 19988 17545 4571 5743 18605 17775 500 1276 14828 9371 18720 16147 7998 16683 4626 8420 5206 11039 12947
19702 678 17250 10162 5242 5287 9627 3620 17811 19924 1333 13918 4619 14173 15118 9639 697 3246 1353 12293 2647 5271 19624 16947 18867 10528
4475 7711 13164 10393 14186 16952 7762 3552 6286 18212 7969 19965 11701 1184 11165 1878 11567 76 480 15025 13198 4863 7154 15329 19961 2447
11623 2477 15436 4336 10743 15326 6446 5419 13188 13087 16083 17728 13128 2898 8383 289 16938 6744 5474 817 16701 4354 18129 19161 13633 4577
1261 11091 599 1451 14563 2946 2811 17213 14461 6471 16041 17209 19289 10217 4649 9375 800 11136 6029 15195 19822 4645 17793 16671 3146 12307
4545 2715 12510 6221 14524 12346 14634 11083 3847 5351 12993 5985 4005 10123 12908 12614 3871 10230 13795 3862 12253 7187 8011 10485 5689 18686
4195 10970 2784 1975 7670 14095 8359 13044 8257 19214 19130 3540 6692 1580 9532 3373 3607 16193 14635 10116 658 2316 12726 5527 7073 4825
12486 12416 15985 19802 11695 4516 3439 3095 10172 13639 13156 5946 17824 744 1668 11929 18631 15899 1807 2198 18964 15041 19424 8658 19359 7141
18722 2114 906 3974 2954 16027 19711 13646 17043 13954 513 11273 10482 13208 3989 4953 5824 362 17273 18933 8135 5932 2181 4330 10784 16180
5032 13861 9486 10818 15316 18324 6372 16580 6568 8196 9161 109 10174 6056 19741 17314 5703 19763 11480 1723 15090 8028 12307 4179 14209 5706
1228 6954 3411 3530 17263 4498 12681 3028 2859 6234 11999 13327 2572 13310 9565 11976 746 8390 15256 3528 10167 18414 11604 6694 4614 15367
381 411 13650 6432 5273 5972 6816 14374 18981 397 4195 14155 7333 17861 15123 17752 19676 4332 2857 13789 4023 19702 10251 11597 9640 8596
4463 11573 19430 14616 15638 10109 10467 17781 14385 5986 4694 13386 1670 4766 7830 15732 3415 8943 11219 11180 9058 10792 2809 1990 10810 19269
19427 388 19699 4714 51 5293 8428 15078 16008 282 8996 7128 8253 14358 6439 18567 592 3894 17850 9878 7878 18198 11397 8792 9285 9594
19059 9630 8571 16456 3697 15256 14348 8373 9822 3057 6139 19771 747 1517 8733 8968 17628 17339 18967 1814 12258 7503 19019 8892 9734 9630
9729 308 1307 18964 13146 12407 19622 16147 7154 14944 2982 14463 1486 3199 16907 9854 18421 13617 11150 5266 4638 17056 6941 9575 18216 796
17376 860 16258 16066 6805 12299 1473 6194 317 2772 17581 6204 13594 19823 31 7545 1396 382 1270 10872 19140 8048 449 4027 4479 4718
11304 991 17973 13975 6717 15466 8450 18177 17884 17250 7138 10354 17123 7581 16950 17370 2063 17473 10767 16599 13554 12328 3087 340 14917 5646
3891 4414 11892 14675 1578 5406 8082 12323 3882 4248 10691 19344 5938 10996 8788 10812 1757 11627 13916 15373 15727 13176 10504 14460 8679 15447
19759 2779 18845 13495 19039 9405 9050 4311 15402 19210 12382 17091 4947 17989 1277 16328 7625 6944 10701 3982 1800 877 9811 7410 3943 7095
13473 2920 14715 16110 3024 6203 4822 17693 18377 13114 10782 17615 376 18280 4127 15821 1994 15520 3098 8736 2452 7190 14208 4929 17727 14764
19000 10453 2687 14370 15100 7052 17989 5602 2767 10260 5888 18363 13041 13812 12507 2747 5914 15303 10536 17923 272 11376 17229 16240 18932 15948
18054 19235 1750 4402 6276 15505 331 7371 8689 5056 5458 3784 1862 10258 19641 13310 15360 291 17012 15499 12896 13879 14176 641 2331 13553
19737 9964 17209 10937 5666 13866 12298 19325 17941 14526 9738 3607 17096 19428 9792 421 11172 10658 13111 3786 6442 7655 99 1142 10054 18531
14320 17522 18763 11539 8770 4000 6124 17549 635 16457 1899 15869 3169 1477 13154 2037 4642 6305 2680 7204 9522 5144 11799 10156 4115 11909
14046 11725 593 3843 5863 7182 14301 17644 12884 7508 9495 14440 11279 5241 6212 7649 17168 18399 6488 11759 7024 10512 678 11991 10539 3230
12742 13746 9408 15202 12650 9155 867 14152 5743 3758 13110 3334 17826 2208 19483 11334 2902 11680 13007 6675 2055 1154 18525 40 15566 3069
18596 3239 11713 19247 9832 9568 11399 9515 4181 11828 17542 4220 9995 8230 2608 7810 1446 9674 15493 18659 11491 9320 11865 13833 15987 2795
19588 1155 12048 6701 2362 19820 16431 19866 6213 7381 18545 12755 736 7426 183 12120 5928 4051 15024 5812 6163 18722 15490 3681 18873 3423
11504 19483 3093 5494 1953 5264 18752 3810 4741 15335 11284 16609 5639 12711 15901 541 5003 14449 13520 18875 15552 12571 14353 17627 12988 11980
17764 11626 17283 2985 11724 18978 7604 8101 4495 16099 9544 11580 12444 4578 3739 14356 15110 17960 10608 12331 7017 12119 9437 17954 9150 7399
6129 11645 11662 17325 13466 19948 14413 10763 19238 15358 19838 5460 11300 12242 33 1488 8103 14997 2922 5383 3838 19234 12517 4800 2477 4087
18060 17190 11491 4944 7865 3622 17140 16682 19530 1355 11531 4212 3422 11183 16035 9759 6797 14608 276 6054 17703 9052 317 13513 7722 17870
18895 1618 18920 14179 7777 8679 11445 111 4374 19040 8546 11367 11865 1864 9757 1008 7210 14092 16593 601 12877 16300 16828 16155 5316 17485
1864 4878 10854 10318 18041 14456 19749 9061 14759 9370 17905 10040 19833 7330 15674 13541 12504 16707 4883 16863 12173 13760 18849 11611 2018 17461
10478 12489 17824 875 18227 15653 2161 10460 1492 2195 9426 4017 6209 5853 18504 19425 9809 4127 19553 14649 4736 13204 8001 19097 2818 15992
11686 3679 3452 16743 19068 4908 14258 14882 12762 11668 15856 694 6595 7721 16703 11699 9388 11230 13278 19066 3883 7921 2218 13265 7367 1991
8794 5459 12729 9915 12787 19527 5138 13988 1882 10040 12202 9302 19625 1719 8836 3820 9578 19369 11749 3447 8077 3251 2369 6060 15798 3229
7908 13521 15570 12910 16081 4335 14758 8309 1409 7655 12914 17943 9138 9578 13157 16460 6784 3607 1238 6992 2902 16669 12178 11303 8701 17709
5909 12793 16902 15457 6521 1968 7064 8239 12219 15020 3494 19944 16287 5043 3966 357 1787 11549 5408 14555 18291 5238 18168 18225 14882 4808
14529 5316 3968 12973 12665 11931 1052 11200 19695 11894 1199 4762 4895 3496 784 17221 1622 18367 8987 298 9016 14907 13893 10654 12332 6240
1279 6430 697 17422 10457 2661 13015 5967 4286 18295 8446 4368 232 10083 12779 9442 16611 6963 13448 8443 9121 12489 6578 17780 13214 19195
18736 19344 152 10961 15795 6449 569 17485 2232 6463 7150 19990 12198 10688 6854 16764 16838 6005 6799 14300 12443 17886 10540 3314 19960 7600
44 14310 843 18252 2008 14338 19724 7964 16456 9275 10140 13949 16129 9015 5549 9806 19909 13850 3488 2359 16499 3804 174 6920 2818 15680
17827 1070 16641 16308 11886 5132 4362 12830 12524 6844 12550 13085 14254 14812 906 14931 4846 5727 12111 2895 18753 168 8637 5356 12403 17942
6335 11772 10216 19963 3829 3549 4889 19329 11460 18285 469 8862 1737 13873 18641 4177 14870 9336 947 11985 1591 196 17742 9934 6811 2619
17139 1701 18772 10986 16381 37 6062 2292 18720 12212 16980 16805 7811 1008 17130 343 17446 3508 16666 7719 1586 9454 19452 14167 4675 12104
7105 218 16267 15193 7702 6982 16515 12374 1422 13125 19663 5996 13669 11498 17905 7445 10982 5609 15696 1596 8796 8018 12614 17760 1929 17241
14933 4889 4480 16512 6136 5230 15318 12975 5780 10455 5023 12647 14950 5485 19176 13389 10293 6026 2195 5214 14275 16392 12075 924 18666 15334
6997 18237 13732 4144 11669 735 703 5844 12661 3768 4009 19476 755 4611 7062 10011 8228 18060 15302 15896 7030 12278 13130 19404 18445 9568
6040 9589 9233 17386 16922 3096 6284 14056 14820 16071 8161 19325 7933 18860 4022 14661 8809 12871 1689 14020 16556 10475 8935 3323 19057 8978
780 7150 10 17806 12466 6862 4357 19573 13110 11305 15353 15829 200 5820 15912 4964 1237 11949 9637 2566 3964 10266 3666 10428 16652 18603
7268 14063 18969 10962 8086 17965 12209 4415 13265 10740 14942 7767 13900 1599 19072 3400 19391 9134 7447 7449 3862 18921 1096 1140 1244 2347
3767 6179 687 16021 5403 6566 9672 19974 17833 13112 6575 10525 10613 281 6207 6750 19352 9698 13904 15224 5266 1726 17851 2973 13421 7406
3510 11711 14730 6386 15220 17633 2383 9946 17738 2448 7408 4870 17678 8963 8881 5211 15413 19627 12787 9939 13792 6748 15931 13613 634 2870
11488 911 19002 10340 8139 7984 12829 1640 903 3991 1049 13061 10394 18589 18703 6151 254 17827 729 16218 10682 14037 18438 16294 12795 12427
7591 8953 13259 16737 12855 6461 8611 189 7167 3478 10408 11053 2942 5257 1602 10326 4361 1907 3931 1589 9697 3709 14331 4207 785 17389
10855 19857 3007 10236 10107 18112 10373 15536 13188 4962 843 5612 6326 2261 13972 19186 2676 7189 6096 753 295 16273 11344 17406 13172 5566
4379 6002 19036 13460 8013 16864 13340 9699 11793 14581 17404 14179 15726 18229 1924 7171 663 14300 5087 19860 14358 14002 10894 4471 17149 8186
2946 8683 463 15124 4878 10612 3061 16348 4994 17472 18516 6062 6797 13405 6308 1552 913 4237 1151 2825 3491 4781 7319 5611 16268 16671
8875 13303 16130 6827 394 7275 4384 15828 5782 13255 12382 1237 13391 18203 3040 8052 14544 16256 654 12663 4798 7741 11075 8459 14934 5858
9007 14891 2828 5429 4583 6406 6395 16449 3937 11174 18116 10666 60 3564 4405 17208 18928 17821 10079 19041 11621 14960 12240 10021 14175 7164
13995 13824 4990 2886 12585 3830 13874 13105 15489 1581 3692 2820 19005 8789 18283 668 15230 8992 3683 4092 19569 650 4374 2152 13333 11375
11910 14317 4640 19383 5856 245 3582 13406 15907 10014 670 4172 9786 14183 5347 13464 1734 8341 11791 11045 4349 12372 815 18224 11899 19147
4504 19674 19468 11907 19859 9123 189 14193 12098 1756 4397 11983 16418 13906 10965 3647 17649 15319 17691 14288 2161 11928 14065 5911 7324 8257
4820 13137 17191 14486 19902 2800 7055 8602 8084 12806 18589 4325 3829 16866 12336 14249 11481 7721 13602 11655 3767 13375 15348 15197 11018 7947
13625 4689 13815 5715 16891 10973 13503 11036 13048 18146 16644 13351 12792 16353 16540 3835 8576 11430 600 5981 11703 17282 13681 15210 8654 7907
508 6392 2746 7095 18932 11624 11452 13306 17136 6490 9679 15966 7259 11221 10545 1829 2893 4138 1831 4004 11227 18890 366 6573 1777 7159
2715 8644 7532 15689 3503 10895 4218 11469 18922 15404 1629 10571 7821 8213 1565 3080 7481 15986 12633 15234 14933 8002 17593 4291 12285 2386
8344 9603 532 5815 19018 18662 5042 3526 15524 7844 12076 17847 7130 4430 4743 13080 9569 4333 16710 8463 1359 358 13903 1467 13816 17988
15801 9784 119 13344 2170 8647 1303 16627 4330 15888 1724 3088 18222 17350 1867 3849 2821 17598 19632 19012 6488 16277 5318 7487 15350 16349
18940 8220 8774 17605 15337 9627 5851 8552 8774 16423 414 6720 3569 15430 1459 17803 7043 3577 10596 6004 7477 12189 6376 3532 1407 7812
6165 2448 13104 8547 14323 10377 3607 14177 10129 9101 6818 836 13332 15820 9032 8513 11451 14529 7835 5948 14808 1654 13619 18769 5681 12610
11965 5375 9081 13567 9158 9480 16746 13452 11914 6007 5255 1318 2991 16999 9408 18197 2108 12227 1573 15028 16381 7169 11399 18193 3000 1091
153 3590 11514 18835 3940 317 6522 1146 10574 1006 12752 8757 9345 7686 4395 16387 4399 7654 17002 12153 12499 2088 15961 8333 13536 9228
9377 7012 4851 7842 14465 7815 19787 18688 9859 1960 3143 1384 440 4881 15456 11267 1476 19114 13719 5639 8911 14997 10920 12028 15259 2226
16246 12866 3841 8762 16600 10961 1210 321 1221 1125 9798 3677 9455 14291 8697 6393 8703 8074 5189 2005 7651 18705 11134 2911 11275 15349
4543 15447 4616 14976 12832 2586 2847 7455 5462 10408 16068 5653 9788 14140 3606 15609 8170 10881 7176 13545 4127 2665 14528 8621 5419 3260
18822 18364 4273 5690 3289 11311 18647 14113 11032 3414 3533 9401 7998 2362 15673 8938 12908 5878 11035 1102 10760 17963 16224 13999 12010 663
1629 1224 8271 6055 4216 9382 13996 16781 2301 462 10954 15339 18382 14102 17156 13181 1330 5734 13140 16886 3210 16451 13056 16413 14745 8733
14681 18395 14320 15629 14154 8281 5929 16579 1536 14858 8638 6658 19389 298 15272 12761 512 16403 16225 7860 17488 9775 14883 12873 17084 18419
4311 2211 7758 8014 5732 14385 13169 10080 17423 19685 12992 6387 1857 12090 3423 2666 2055 14751 7403 16632 15827 8141 7440 18975 11353 4254
12990 1169 1628 15862 5683 7431 17610 17935 17044 14888 10048 10505 8887 13952 5406 6625 7072 876 6092 8727 10028 12522 1775 12477 17435 2497
10423 6007 9014 1773 19026 6861 16313 18017 19288 10313 11875 18435 19162 9313 9360 17819 2390 17385 1420 19152 3027 10879 10356 14198 19788 13583
10962 1051 4418 4204 3829 6250 18190 14421 13225 17367 6027 18456 11520 7617 7210 6823 11783 9594 2490 1735 7615 19892 16254 13769 6550 14471
16100 13349 7444 9355 8177 1699 14990 10593 717 15876 15300 14986 16328 13961 15048 8727 1037 10484 2552 18539 5172 10206 8384 11587 10971 11092
11529 1707 3699 11719 2538 9243 18489 14496 13672 11417 5228 184 15010 3193 6430 401 6123 17302 12286 7658 14962 19655 3352 12734 8655 2723
11051 18268 19119 11472 12270 3447 13582 18928 3136 15307 219 8144 16329 19208 16434 15629 16048 6126 2189 3183 7448 13966 18132 13066 2429 7342
1305 9484 11377 8587 10089 1068 1403 11462 5186 19455 6553 19686 2271 5373 13052 5089 197 12545 8608 5407 7839 15300 15423 10830 16170 16693
14632 19751 7364 875 19201 11709 2086 6898 11905 1781 17999 6543 6166 10849 11648 12584 18223 17334 9238 8935 1262 6456 5790 16018 12750 15094
2640 7465 8843 16390 16562 18241 9696 96 19450 1995 504 6081 1562 513 2792 15936 15009 13873 5230 5780 16680 11638 5336 19718 88 757
2422 7998 5447 3493 15687 5381 18463 3926 13757 19995 15875 12670 5923 10133 147 3065 7034 15396 13165 485 18684 15621 2278 19491 15305 1924
13475 16548 6608 635 15587 5815 1489 19185 5901 10965 4931 4764 10277 14819 8163 15624 12906 14277 11173 13500 7149 17644 3913 15165 19911 7449
17800 12759 19567 13795 5077 9189 15284 5622 17148 13444 19301 1564 2912 5434 7348 17346 16178 18894 17149 2614 584 14478 7290 15341 14676 16998
17141 14858 1252 14874 488 1894 8179 11029 2256 14501 16139 1514 3047 15115 6967 18631 1221 8807 7422 2622 3876 2604 6905 15627 1216 1752
13334 13620 11326 8062 1245 5638 3996 15842 9810 8317 6402 13438 10105 9295 12189 2975 8570 17121 4955 16715 14862 6010 16312 7018 4090 2238
7825 19115 5857 16990 975 404 4768 263 17901 4924 9518 10005 16034 5039 19416 18310 14491 6266 7028 11711 7453 9887 16592 5665 11009 4606
8009 17955 1478 9247 1839 11409 14639 16339 18612 7973 4889 12517 9356 11752 4477 19091 14527 16457 6390 17944 14211 19676 3915 6642 2459 2433
6690 8249 14523 5910 12871 18399 14281 10956 12576 7296 9553 10665 4493 6222 6859 9114 17211 4458 19956 1756 19034 5098 11221 10582 18066 11754
3064 5574 13374 2098 4982 2291 4673 8025 2652 14328 12638 11259 17172 17848 9617 19329 1134 9901 14561 6754 8823 7842 2184 19773 15927 2464
16187 16272 12209 7150 12709 19780 16232 11304 7889 16510 38 1949 17398 1189 18209 7765 15171 3815 19925 12704 13051 18704 18879 15139 11088 12549
6270 347 4055 7773 15984 7062 12811 3576 6676 6774 3489 5485 2854 18837 2299 1513 16345 7560 1603 9286 1212 3697 15683 1963 8388 15541
15706 9699 4395 252 10467 7974 17498 16303 12944 1719 14706 2161 5173 5475 14740 18421 1967 794 14226 15570 3808 18984 18424 14851 10326 7930
16769 19267 2777 18178 8359 15713 5811 10572 13725 5720 4460 11914 13494 16604 3965 13646 11605 6938 2011 12396 16104 13259 319 105 10500 7830
2431 19289 14025 18780 4016 3620 15077 4722 8849 17618 17006 585 16014 247 5995 1237 11622 15804 9600 7855 11558 416 16394 2420 1787 4845
7526 9666 6091 8959 639 9476 9534 7686 321 2105 4431 13857 18005 7418 9193 6301 8469 9783 7503 10395 10656 13965 7813 5583 7158 12988
14826 5096 15730 16145 5051 4504 9172 6719 1391 14177 5498 15909 13621 14157 12392 10809 15402 18011 18145 1670 8560 18917 18093 19540 9027 18919
12208 2448 14372 5349 6836 12310 14116 10859 5306 3881 10554 5167 5500 7389 16795 16320 10003 1219 8399 13423 9198 18614 16820 16782 38 18347
2203 261 13753 5664 19933 18586 6545 1427 10637 8756 5027 4325 1603 16623 2603 1453 13253 8887 11478 5741 14124 18888 50 8810 18613 437
1689 13181 4488 15294 130 18395 5887 4143 19312 18649 6592 19335 14247 14674 5049 9287 11139 14187 14656 2346 4289 11047 3373 530 5665 9945
2090 2079 2813 5217 17013 9057 15333 9158 278 16209 17830 3850 1234 3487 18207 4027 11042 70 8036 13701 9808 1808 2324 4450 12689 7829
17475 4759 6373 12146 17218 9936 3052 19253 18784 4732 12634 8443 8824 4031 14725 14400 16481 10656 11981 6948 13424 10406 15189 14372 10043 8049
13150 1813 19609 2043 7480 7543 14618 5787 3787 5200 10588 485 10251 16272 173 9823 987 16990 2668 18865 7458 3514 15147 11529 19049 10429
8283 6146 6799 9008 6330 7646 2110 9562 17096 10043 2333 19859 14308 8392 2442 18959 18758 19007 16831 12313 8744 5336 13319 12461 8081 18412
10090 14118 321 13417 18706 10303 7120 13098 17759 7016 2624 12194 6261 9251 1847 19380 4031 7460 5003 10290 19329 16055 13169 8082 7872 666
7980 4487 2843 17073 14958 11015 18648 18897 5698 1733 179 8016 15054 6434 16506 4622 8937 6095 15258 3169 15 10371 13738 1019 8421 2036
3711 2265 7967 10206 12830 18668 1560 5363 13832 16319 10542 17636 12243 1687 8296 10598 6622 8340 2969 1674 16591 7959 13113 5187 3434 8360
14212 8230 8393 1125 4390 4674 6013 15557 17523 4154 14507 17632 10539 11666 10606 9188 164 10771 13058 2318 4172 3956 14418 16141 4261 7061
6158 6277 18358 17141 1018 9729 12079 1968 8736 18332 10336 14375 612 8771 19570 439 15643 11595 12659 15504 4825 14902 16785 15440 8879 16352
2944 11244 8060 9457 3803 10399 17102 18880 15502 3141 6106 7365 11063 5241 15541 14256 1205 13550 15935 12282 11786 6750 4037 18688 17277 19083
3980 4620 3578 4624 17001 4164 1893 11615 11880 1137 3187 2179 5238 8726 11110 1816 16774 4470 19197 4262 10531 4087 5683 15566 9411 16744
5705 15537 18370 10983 8462 10682 18355 13838 14814 16985 8043 18722 4698 8201 9537 4322 16970 3590 13205 2398 2183 9348 15707 4419 17185 13374
19184 1773 1056 18726 12369 17981 7181 15809 8606 9838 15025 1248 12775 12730 15828 1767 6594 7107 1478 9635 19923 11867 527 13475 10997 5909
13437 14756 5462 3781 15599 17089 15611 6942 11971 12583 9008 6735 19251 3649 2009 6765 18455 18498 7420 8658 11063 4931 1407 8453 18088 9579
18544 16471 14789 5519 8461 17116 5889 13812 579 6809 3167 7046 2639 14688 17517 12830 17037 14110 10460 9623 7932 17982 6118 5743 14610 8983
2582 16450 10605 6100 15456 3394 3974 9936 13856 2063 8703 11801 4865 5113 2627 1894 3910 5700 7024 5879 4348 4663 10334 9696 3868 10156
13473 4751 11313 672 8019 1439 12665 8928 1533 3084 10068 8084 19132 6583 15373 16079 3893 8418 15756 9108 8870 19941 14594 7031 7723 12345
15359 17018 7438 2110 18965 1179 18196 4156 18759 16823 18824 3313 11394 18982 10637 17504 16104 16343 11184 16116 9090 6186 14817 14573 16649 639
18461 11627 13768 33 7045 19164 4984 8209 8080 12513 8480 5299 8461 6352 18895 1447 18585 12615 14488 656 19365 12774 7233 4692 16269 7627
6783 18881 843 5126 8310 17571 1383 11099 2547 16592 1269 13136 14699 12497 10478 11162 1456 6908 7228 18521 8734 13521 15590 9739 10870 10825
11228 770 11866 16918 2218 18573 18812 10377 1360 17310 17835 11733 18586 3289 12598 11360 5557 12983 10224 9570 8850 13582 12598 2721 6917 19520
5279 10814 2946 10182 9438 11070 8112 9426 5994 6985 13694 196 11523 11358 19725 467 3535 17955 2982 2402 13659 7647 14529 14563 3754 2201
17376 19545 9091 13232 3014 737 1478 4491 18369 10625 7697 14169 16878 876 6346 3090 14481 17469 1521 7941 5443 12988 1131 14243 18402 19485
15359 428 8320 2766 8973 6445 19137 5930 12769 10327 572 19725 2585 5697 9085 11145 7687 2339 3516 16987 5749 2248 5301 6712 6393 2571
13356 1416 12434 14886 10804 6053 3874 7967 17992 9457 8346 4405 3480 15810 964 6247 2055 13049 582 2518 11793 2650 4635 19633 18243 19353
2305 18866 3808 3595 1921 19072 10211 7188 9559 14920 3418 12151 12750 17524 4753 15497 9882 3272 8817 3606 11163 2003 18498 4859 7353 2147
14721 10140 11838 18534 1325 14611 3 7720 6401 3166 3402 11803 4388 2178 2221 15864 19311 15028 14700 1978 5777 4826 17052 12558 2305 8789
13720 17089 18714 3759 4878 3554 4033 8642 2289 16714 4448 12298 7489 19093 13229 1775 15042 6160 2999 2481 7091 1914 839 2410 15126 5525
1289 1799 15188 5201 4906 8502 18513 8728 18339 16194 15860 19707 18816 13672 5674 9240 19036 6460 7808 8606 14371 4753 3303 12822 18832 4573
2445 278 14813 3625 19546 11467 5607 3037 17500 9204 15386 12448 8343 16019 19511 12105 16186 19948 8696 14749 7137 8407 10321 17296 13796 1087
8661 17228 9242 7935 9890 3700 15378 18598 3963 15860 9934 15175 18121 5024 14608 3527 8135 968 17392 7015 1012 4698 7008 11422 18235 1773
8628 16737 11214 13849 13313 14798 400 2487 15832 4117 16450 6534 17909 8190 15880 17095 18119 9630 3732 3846 15200 8845 12813 5840 10056 2901
4414 15374 3996 9025 14349 5040 4315 3618 5630 2569 13494 16951 4836 19820 8281 17073 10494 12752 16913 10452 4341 2141 3118 11363 13463 11605
16524 14964 15386 8185 9771 17368 18262 2505 2606 18678 6942 777 17094 8592 9377 8762 6321 13346 676 13042 6284 5659 4881 17002 15396 3287
9513 62 9756 7121 1859 7729 15050 7338 8562 17621 343 17692 570 14259 11095 13873 3087 4030 17157 9098 15803 4460 1504 4726 812 18302
15619 3153 407 5091 2237 16702 573 7629 6009 19148 9281 17348 4390 12517 16460 6695 5740 2120 14062 4064 13292 1591 4005 11667 9215 16376
13980 8442 8828 9821 2107 12861 2933 16769 1132 8995 4591 5092 4913 19628 4542 16929 15994 1143 19731 5716 17958 10105 14927 11565 10386 2494
17879 17978 9115 5827 5406 14208 17044 9870 19945 8467 208 3158 14884 10294 4867 16804 15942 1983 8412 19275 5507 19965 13534 8131 8674 18517
6957 18374 2586 1238 19819 6013 7828 18014 1444 6764 1555 2830 9525 1637 7696 10909 14600 18531 13034 5921 16421 3505 15796 7074 2239 8517
11792 14915 7419 18203 19752 830 16887 8995 8319 3103 13305 8795 16861 11055 17954 1225 4758 14288 14112 19689 15788 3621 7137 18628 10039 10887
15689 11427 6847 19554 17253 919 14263 863 1324 742 4698 8603 3953 9857 12932 19514 17793 8699 9264 10335 18400 19691 9214 12072 8121 17113
2563 3144 2316 1824 8637 19300 16076 753 3445 10175 1199 1399 1848 9090 9403 15523 2972 19954 8741 13899 757 13140 4669 5453 16264 18538
10929 14365 8482 5859 3488 19977 6625 9364 8319 9040 7526 12020 18219 8684 7555 6860 16950 19687 10277 14170 16462 15796 9812 17727 18525 3381
3460 6298 9161 18608 13561 8830 13156 10942 11078 8239 9060 10304 6501 9681 5256 1629 7523 4288 19401 8460 3024 7796 6354 2341 6104 6866
18916 19215 11898 18990 8598 2649 7362 11162 17499 4271 9677 9477 6567 18497 12510 5163 5183 11743 8866 8694 12182 14353 13116 12515 13233 10951
899 17239 19763 689 13137 17678 6366 13980 10769 13043 5233 10290 3312 16001 5379 500 650 19525 16339 16718 6741 11492 11445 143 18168 14263
17462 15280 7654 2494 15041 16579 17749 11157 6717 19200 18672 17487 4725 14748 7793 16455 19495 5182 7894 10506 10123 12051 4706 3939 13005 5693
4326 5925 5981 4086 5166 4429 17285 19147 17789 7083 6007 10732 1338 5325 2924 3739 7729 16279 10065 8022 12311 4476 2267 1522 8669 17920
19725 4839 18637 3256 7643 14347 17588 9534 12913 3485 8657 10612 9762 15172 16884 5171 9247 4134 7082 1615 17873 914 18224 10851 2081 10397
16510 4379 16680 4540 5948 19428 3138 18702 10800 6920 2579 1037 7869 13616 12092 75 7470 5992 5872 8279 18248 11906 10490 4697 5174 6204
15066 13016 11275 15704 12724 10836 5631 15055 13627 15391 9364 7383 11712 3258 9531 6294 2908 9096 18330 10975 3246 10777 18227 19969 7018 4215
17161 7333 8610 15597 12292 17184 13985 8737 12622 8771 16107 9874 4316 540 3827 19682 8205 2785 12146 14530 14832 14640 15699 8355 14503 9498
18340 1683 14618 11747 636 2588 4186 17392 15427 19043 1932 8842 15845 14148 12523 16811 13557 2514 13130 2035 3706 3803 4243 11685 3384 2414
10464 130 5066 5659 8111 9886 4876 7449 2424 15621 6382 4566 13532 10091 16121 10560 17504 6108 5338 15920 1338 11944 19783 15015 12726 355
4910 9704 556 6102 17661 13154 15222 4694 3919 5633 13156 4477 15600 16783 10751 10420 4496 8870 14588 5108 7560 17453 636 5673 2374 10781
10439 17394 18391 7874 18250 12552 19885 14229 11999 14834 2746 1086 9289 5243 2458 15163 1427 8523 1606 14537 14215 15590 12832 19943 13391 12023
19751 13173 18674 15824 19931 8914 5968 9791 7982 1879 7553 13845 5570 9069 6834 4065 3365 5525 5763 11646 18528 8629 8024 6814 15502 12152
13271 11345 7539 8999 5207 6366 17215 12969 15431 17704 18481 3050 1208 12489 18376 5657 745 18050 3919 19806 12704 14344 7215 17210 11473 15321
14710 7366 7103 7356 3803 8197 2190 14553 2915 19532 16433 3357 8204 14199 4332 3362 15743 12261 7644 13264 8571 613 19671 8811 6034 3013
2151 6550 3245 4025 9212 5493 16206 16507 2466 6095 10581 10391 5319 7617 7394 7251 18154 8618 5410 11162 776 13804 14215 13098 12779 10100
10834 14489 19156 3031 4614 5673 16234 15264 14964 15319 11664 5168 7147 10435 13907 15178 17339 881 18966 8166 9165 3710 5612 7502 7100 12873
13181 18702 4951 8124 14799 448 9900 13647 7471 6930 16620 3409 5089 715 3427 1144 16949 11736 1595 8438 5619 7084 19070 18270 7395 5746
11187 18068 13353 8388 16893 9741 4266 9296 14975 7616 15254 16821 18410 1714 17736 561 5124 10072 1857 2409 5676 12775 19840 8453 14408 777
17425 14534 9401 10519 12270 10142 13662 12992 6454 16296 7796 17732 5359 19508 13632 13445 4846 15891 13749 2388 11747 9502 3587 15548 11687 8016
4551 17160 1954 16539 2168 3914 14692 7899 14575 16172 1059 17640 1578 3272 11306 9415 6122 10671 14224 13903 2394 13362 18067 17699 11117 9779
19737 7226 14702 2128 8183 666 13214 1155 6282 19359 19262 8763 12503 10616 6313 7365 19555 4158 11899 9875 4383 12766 2457 11901 15953 17431
17763 18334 6715 15396 5220 4602 12228 13231 792 16781 3694 917 16445 8965 13832 15646 17428 4177 14940 12015 5013 6831 8983 15490 17310 11381
15113 9717 3387 19031 4881 19454 441 11361 17437 19692 12983 8845 14025 17817 685 11419 1226 19733 18502 7761 7461 11248 16639 15293 14871 10402
7212 14857 4126 15656 6571 545 10909 18455 8911 15405 14083 6764 16531 16551 19520 14023 3682 8029 1693 9317 10102 17288 5429 6547 5593 10138
18327 12476 15968 19952 13133 5708 12944 2448 10262 17046 2955 8614 4813 3528 1698 5410 118 12359 4275 14236 2648 12585 6171 4918 17914 475
4590 8148 11489 11183 10458 15255 8865 18218 6863 7192 8632 7669 5293 17948 12134 5925 9046 2811 18590 16667 17840 10049 18497 18834 11336 4186
4194 361 11765 6260 7229 11482 4457 15462 18419 7730 10996 17667 9575 18792 9590 12023 3007 3002 4461 11984 4248 270 1084 9756 11992 12945
3706 5647 14517 9593 711 5420 14550 15059 5561 5481 3552 16695 18871 19328 18020 8560 2572 11931 1988 7335 10814 2182 16874 15139 7566 15583
5059 1026 7293 1094 891 8133 18394 5535 11911 14981 592 18883 7047 11581 17159 13050 3826 3406 7492 14175 17072 5388 7673 9568 2476 14435
2955 3034 18258 10274 4943 7344 16650 6293 10073 164 6471 10233 16075 5478 12099 17425 4656 11174 11695 2777 14882 9863 1256 5308 13680 15566
6776 13877 15020 7770 8381 4964 3027 6656 198 5358 10723 5083 17798 9031 6614 16269 19689 11437 17075 8618 14618 2230 8847 4170 1705 1009
15635 5061 277 4678 10592 18665 2798 16551 13325 3508 1563 16235 7099 11327 2795 15790 6497 10437 12044 9237 11019 5419 3656 9302 10936 17806
6525 15962 10242 13011 12085 11532 18645 5597 13338 5911 15928 19521 9660 4079 19083 13319 11282 5101 3472 19037 17018 745 17066 5446 13309 3375
2388 3128 19826 13924 5325 12460 5886 5436 246 9205 7172 8355 16584 88 10183 1763 1964 9367 633 5348 9275 4386 10074 5703 2971 8826
6313 3444 9542 12538 428 19619 10765 19376 19124 17662 5441 2039 8675 2652 5866 741 4857 1519 15815 12449 11316 1079 173 483 11013 7768
19340 8176 12427 19324 5744 18391 3633 4008 15186 14954 297 7134 7813 11186 18168 10096 11484 2361 12499 8583 2108 16919 11020 18240 12998 5579
2898 19697 18505 7246 17160 15271 15703 735 14765 14914 7513 8283 1056 11219 9444 11300 13338 15727 12083 11977 15333 4607 1414 1720 18852 10234
19308 86 7679 3994 10208 11507 13289 9830 10405 6217 8753 18147 1932 12557 10535 6104 4331 2775 17818 17908 16883 4500 14629 8495 4055 15896
16903 13786 15275 7594 11518 14186 2556 7876 13557 19940 4799 2510 17369 5114 526 15395 18182 16521 3686 18201 3715 17462 12361 16697 5829 18167
18222 3070 3355 8622 14837 10520 3224 1250 4757 9826 2502 2323 4883 3487 14300 17758 18797 2387 15889 5095 14332 1723 12150 18761 14562 12882
4258 2057 2461 1987 18424 7060 19706 4234 6128 4964 4644 4590 2898 19552 18394 1079 12034 17913 6541 17794 1053 11542 1596 16285 3110 18344
78 14772 16138 2788 12546 14756 1018 10545 17888 17716 16677 19286 3228 15121 11774 4500 8281 7624 12865 14652 11414 3637 18645 7449 8203 18746
12382 3966 5562 3020 6170 3057 7741 8517 10196 13675 16162 10158 13077 17142 5207 813 18171 10997 5756 12820 19175 345 9710 19771 3012 13047
8471 11458 2618 3154 18593 14453 5731 4108 7335 1150 2474 6910 19493 9035 11038 18538 676 14909 12937 9524 19980 10931 4776 4079 1984 5724
1714 15043 2191 1506 3053 15863 1083 974 16131 18735 2819 2345 4707 4910 4442 4002 4830 9495 8568 8819 4511 19275 12163 1739 8941 5291
17064 2512 1956 10269 2028 12365 5948 3890 3933 3938 16389 16892 16402 3257 4516 18288 3884 15981 8195 6768 11351 13503 14490 10058 9098 13074
11404 14432 6432 1554 4214 2315 3402 14165 19354 7895 1300 10081 7384 19666 16042 8839 7019 13849 8761 15158 11278 1195 9247 8379 14983 2232
10036 14020 7250 11098 9917 12912 2151 7535 11699 19762 13204 6724 19114 7044 18838 7830 739 11364 11975 8818 16679 8630 12493 1927 6304 14535
2869 4048 17734 11959 17277 19909 3899 2017 14938 5337 11648 18380 8424 9452 4230 11425 2238 13480 1781 2294 433 13511 11424 1671 15799 4286
11040 4562 2823 7441 16937 6526 1096 16192 4158 18307 16709 3617 5116 17528 13282 4189 12230 10224 17516 1112 9373 19709 16886 13022 1740 2159
17538 8134 15485 17818 5611 10470 15740 15005 1450 12319 11061 18685 12995 15440 1587 19713 17931 15019 6308 15376 7181 5256 1698 7755 11152 14213
7511 2602 5367 16961 8083 17529 8297 7051 11831 13557 9224 7747 16628 15495 2289 215 5809 111 17797 17997 1666 2445 1933 17080 16290 18231
7907 4425 19000 9177 15563 4444 2161 3112 1083 10028 5985 14041 95 6920 2429 7277 19864 18365 7506 19024 3147 1873 1984 5892 5864 1951
604 5836 13827 5882 13819 3524 3944 19247 3979 7754 7773 16529 9906 8926 4277 18174 3973 17350 5648 11787 10658 2777 6292 13162 12878 9798
13273 10898 7227 18002 17684 19212 2151 13106 6132 8420 1490 16353 5903 1254 6429 17652 14600 6776 646 12396 10940 1524 11795 18111 14278 17588
19123 18361 9159 13168 2536 217 296 18757 6784 13092 12755 9926 7825 18471 16783 16922 10127 17121 19745 9403 11842 10034 6642 771 2215 9229
102 7470 14267 9606 18109 2506 10501 10828 1834 7344 19234 4663 5997 17832 1949 14450 14233 10580 6086 14810 5350 14392 5006 18179 8365 15599
7490 18784 15918 6310 19253 3349 14351 16356 212 17767 5835 15953 4142 2713 4699 10240 17075 3023 3563 289 9409 9492 15644 7616 17970 16417
4485 11209 10378 4565 8727 19661 11842 12007 4242 3357 11201 4206 19596 17283 4661 4558 15789 19027 11479 17150 12020 8582 13038 12655 10319 19177
16238 12462 19545 15659 4679 17215 15775 6772 11850 19284 10353 14423 4771 9682 14181 14815 18187 15012 12344 9936 1567 3245 5260 12919 1861 10735
18341 10857 295 12732 8924 18971 14319 5332 7426 10398 6533 3356 12612 3189 11921 6250 1373 1954 13131 14291 10427 10622 11879 19295 645 16646
13687 18138 26 3527 11501 17782 1887 7487 4701 1242 18319 99 4316 15016 8325 3580 12789 4674 14959 19580 13116 10071 16187 9430 2228 18170
4106 17678 6124 12925 1155 5613 16992 18181 17396 5740 2432 11194 11427 12098 11548 10693 5583 10792 13178 3218 4479 14547 5982 10622 3464 7519
697 6866 17017 17717 1564 1208 7844 7579 4263 11055 1418 6563 1206 3902 9812 13035 3097 16134 4435 13394 13958 15721 4325 11670 14345 14639
9036 8384 10818 2039 7205 17144 3635 15461 17516 7297 7163 172 11839 10507 5965 702 5237 9552 15250 2225 13614 7323 14633 13081 1930 15232
19018 6786 15722 17451 7102 8344 6199 5089 8329 8060 15114 19279 5849 19613 8050 14204 11975 13384 18334 14571 3878 16732 2992 15104 2597 6523
11088 16814 19993 8655 7762 13374 12637 5634 19848 7877 5632 9506 12712 6166 14803 3848 780 19877 3505 4131 2683 7922 12397 13648 4662 13124
6079 14311 1802 8223 9200 8322 11888 17334 5560 5025 7094 15438 15864 12002 5275 9352 16713 9332 19290 735 13761 6493 12251 19941 14980 427
5740 12469 9386 18742 3045 11532 2245 1334 563 9785 18467 16121 7923 12895 16201 15057 18917 17595 1902 15456 16916 18175 444 1394 2628 11071
10418 9292 6263 71 7287 10422 18908 12452 2381 17545 18111 6410 19913 5755 19001 5866 15860 4356 6293 15661 6501 3474 3328 13714 18361 2490
