365
44 28 82 28 66 89 96 56 85 60 64 14 16 14 5 90 19 54 89 33 85 23 29 0 9 84
144 6622 13334 4718 4081 15338 11656 18044 11134 5927 5352 2674 13277 15656 7436 6078 13570 17437 13970 11840 4144 15677 6030 637 15933 11190
6730 18792 13809 15840 5057 12843 8497 3893 19711 18846 13822 12533 5730 9418 12622 14859 12184 13960 5104 8728 14852 19026 12550 7005 15657 4299
9988 1675 9331 14266 16922 17968 10369 19349 13061 10934 11392 479 14756 11853 5909 4264 9451 19525 7068 12403 11979 10293 11471 6306 15967 10322
13633 5752 3321 7883 8222 8783 9629 12450 89 14820 13825 3048 5658 10514 15844 17498 1081 9991 17479 1606 10425 15850 13387 8109 2229 13290
2019 10093 6253 16425 16253 8453 15898 14015 14895 2599 14429 3922 13980 19054 11930 6444 1546 17669 16341 14841 15511 13816 19354 3114 8767 11860
2088 12264 14000 338 13348 1467 15638 10417 14133 15553 5130 19858 11600 9171 16041 8475 18914 6596 1881 18584 10113 3197 11886 4420 19348 8647
11311 7333 5393 15086 8953 486 18416 16228 19682 12712 9444 11507 265 1898 11289 8824 5675 8625 3704 13934 5848 8463 7905 1795 14282 2266
6966 1197 13059 691 11671 5108 16677 8519 3047 14477 12690 11598 5629 9357 4607 8177 17700 13996 7825 10406 11455 6859 8552 10352 3913 13128
5066 17358 17811 10241 14962 16813 11494 2574 3930 11908 19531 3682 19552 18960 404 11159 12393 2540 5655 121 12615 1697 15816 16343 16615 10739
7376 6347 16454 11477 1549 11397 13199 10019 2998 13574 16918 6870 2531 17545 5332 11429 8433 9369 4136 12313 444 10992 10219 979 5729 2950
12950 393 16308 19509 15211 6691 6590 3513 8952 12973 9290 15996 5750 18809 4782 10352 14118 16042 823 18839 13965 3909 15095 18931 17662 13079
15859 15103 6374 9643 14417 12533 6814 2553 4716 12301 1766 110 14039 13710 17950 5275 12143 3194 14872 5883 15137 18424 17856 9590 12955 3735
13041 14070 7962 9158 11031 11864 1624 3938 14066 13013 5616 2973 17492 2984 15592 8313 7439 14730 14725 1666 13166 3680 7995 9428 5749 5274
10894 8840 2804 10768 6683 13534 12675 9210 1435 14849 5241 9079 11821 16958 13554 9866 5125 13213 6906 12991 9078 3180 3755 3445 17189 18479
7479 17999 5276 10078 6592 16322 14191 13124 10596 1663 1217 3489 4192 17035 3982 6357 14406 5828 11308 4631 8754 15733 153 17426 14004 16750
7720 11498 2760 11301 7157 5216 6597 18832 12629 14011 10165 439 7025 217 11613 14554 19855 9263 9145 16764 19501 8881 5333 12724 10503 11583
10941 3828 3980 13223 8453 10598 15848 18082 9672 3527 11462 16844 4955 6755 12099 5769 10473 4892 592 6775 19925 13310 18314 2969 6849 18923
16607 19229 1675 14264 12365 11371 89 2961 4169 18435 13034 8337 2568 9018 1859 18372 9339 16430 12521 795 13454 1611 12184 11746 2174 16931
572 3299 16312 8309 5149 3384 8121 19355 998 18469 18670 12745 6222 9419 6123 18096 7555 4432 13939 4072 3966 17480 6332 13829 11450 18921
12771 9125 8821 15453 13400 17280 7966 4748 8821 19400 948 1300 15409 12743 1438 17447 5507 18663 1327 4664 15056 7033 19343 1658 18552 15055
3312 2831 13144 8159 2431 11012 11018 15721 18404 16087 7056 6416 5988 963 5864 6081 849 5652 6225 15825 18964 19017 6130 11716 19123 12203
14129 16279 12391 1409 5788 16814 644 11084 18286 1252 15698 10809 9938 413 6935 10984 1101 7118 2853 3330 6428 12826 1434 9731 2077 4200
12879 12192 11560 10849 13513 13464 15048 12259 10577 18578 3933 4637 5735 19051 14384 18110 445 17657 10589 9713 9288 15942 4026 12045 17489 19993
12240 5096 13685 7002 216 299 6804 5164 2624 10135 12084 689 12058 8451 4323 4275 3697 16271 439 7235 3275 3822 4801 10267 5231 19708
17344 10238 18035 9555 8792 7105 17824 16331 4787 11518 18768 18401 19644 19147 18958 9750 12115 6405 11162 4761 7086 8788 7098 10867 19161 308
17677 1291 8880 4087 18852 18918 1235 4524 8494 14856 3162 13355 18616 18689 2957 1417 4876 11451 2752 11326 9442 10911 18262 10620 35 13982
4205 4791 4331 12826 7340 4255 19493 15119 4621 2308 13998 1233 6809 2724 3738 1747 18299 18027 3782 2750 264 9448 15365 17011 1187 5462
4127 18581 19519 567 14499 9042 19882 2926 4965 10050 11382 17946 19461 367 581 7608 16674 8247 819 4987 16096 18961 16957 7196 7926 13581
18985 16475 6446 2277 12923 6762 17015 3691 12748 13316 12056 5074 19181 16756 11776 11274 12717 346 2629 6531 19660 11513 3517 15104 14591 1940
2195 2928 11540 11427 7592 18328 9119 15112 17154 11454 15244 13530 17612 19249 6045 12545 19618 6865 7180 19601 9260 1120 7387 14660 3116 5373
19175 237 12860 1223 14766 7690 17591 12819 3575 8518 2676 16705 926 16581 2999 3322 4333 11577 15509 3125 12050 3753 15255 18385 944 18283
10732 4608 16787 5837 14328 15875 8003 2881 4821 6906 839 2911 9341 13543 6968 16164 10295 250 926 5170 12904 115 17291 15518 6523 65
18386 12112 6710 7342 10153 2654 2139 8159 8132 16584 3192 7748 8965 11339 6389 2130 8245 17778 8070 13650 9983 11964 13819 16930 16054 17754
9685 16562 11314 8209 2908 1271 3909 6553 19782 12246 9309 14611 18225 11632 10337 17481 3454 17532 12256 197 9827 17979 16242 5064 15127 12260
274 3791 3656 6247 11329 10864 8211 15939 13720 7860 3598 3682 13807 4248 4521 5194 2357 10566 2741 13875 19343 4745 11188 1934 8975 6218
4461 14221 4509 14675 10891 3841 19172 2481 19852 1142 4229 16470 15468 10161 9893 13054 13815 10918 17206 7021 5791 4401 6469 14036 9876 9427
10988 341 14935 7638 2156 203 11341 8464 17600 5570 10314 12917 11968 1636 540 13277 14466 14185 15632 13550 6445 7473 17208 19580 16334 11541
3549 19583 2704 2734 3759 2447 519 18157 18892 12678 14200 19719 11685 5024 3738 3840 5775 7669 14531 14574 16053 18846 6785 16775 8886 3653
4369 15310 14907 13653 13112 10365 17904 3061 15919 19214 7123 3678 1550 5347 5745 5404 124 2766 7995 4205 17552 1873 17083 12639 5334 14700
17049 2122 2889 7069 798 133 19829 14314 9935 14217 12103 1775 16737 9605 10717 5879 12965 6507 4298 2283 2773 13190 16763 18457 13606 4517
4817 1814 3648 13156 7603 17815 1395 18280 16793 3230 5516 9386 9272 9726 2956 5889 18609 17438 4570 19197 299 4723 10131 12965 2985 8145
4300 4914 15377 6485 17703 17916 17861 17955 10680 17486 14303 8495 18412 6151 13325 12730 4436 7679 14403 3041 2233 2580 13648 5770 4735 8810
10725 1178 3528 3032 4442 5180 6292 10010 11344 8901 4340 13640 3692 2162 19015 4287 2967 9021 10468 18573 3112 1221 15211 2339 18549 19997
17380 12486 11333 12360 1301 3108 10752 6964 1330 16414 15165 16720 1026 6834 19205 11774 16791 2321 17144 14984 3825 17693 13979 4381 3420 12169
2189 15940 2804 14982 4065 19885 11010 15001 10760 4124 3593 5718 15838 5799 6813 5059 13770 16475 16274 17024 19258 2799 7708 6576 7810 2345
2237 9007 18214 4375 4698 17917 12749 7522 699 4541 14171 13880 19446 16671 19256 8332 16847 14246 4659 12070 8488 10761 469 18566 18432 3607
4655 1000 14271 11541 7013 7388 19072 18766 18806 10685 235 8108 2744 17145 14229 13108 9170 19135 11645 13857 1768 19397 5008 15230 8166 16213
5045 11486 13872 13681 18457 14709 3768 13863 15381 12079 12462 13173 2445 8784 19886 10470 18782 1368 6925 6810 13445 5982 5919 3838 6623 19942
19502 12080 18051 528 18874 8999 11195 11926 13627 6967 13795 16381 4257 16783 1643 14615 4705 219 16164 19228 8224 6456 18752 1713 6888 6093
11079 8803 13034 3954 4387 8141 16750 5876 1040 12071 3582 2097 7085 7999 4242 1364 1741 6922 1559 6574 17361 10676 2559 15267 16080 15636
11962 16085 13350 348 16375 497 16188 18930 13435 18134 15409 10389 3323 16825 16823 8421 11558 9880 1651 6601 8210 193 10394 8140 2720 1548
14873 9383 16010 8032 8160 19785 11881 13640 3175 11853 6609 2200 9733 12090 4020 544 9130 8956 6976 19893 15742 18240 7988 9216 18047 2445
7609 14006 18129 14475 14171 15551 336 11352 3772 15598 17905 17728 14872 1751 8386 4221 11342 7628 13909 14395 8754 15077 1989 1349 1143 5255
13277 2258 7525 12006 12029 11049 7601 13057 6164 1538 11013 9188 13526 18440 19788 11015 7668 12128 1441 5930 3702 538 13387 16832 14053 9554
2153 10221 17211 7475 16111 5081 346 14893 18723 18279 14995 17696 16551 10092 12314 4488 5360 8495 16430 15496 19753 19495 19779 14086 7044 13149
6522 6893 15390 2542 17294 19417 19324 3966 9383 18097 15943 8084 18267 11428 13083 15262 15066 19844 6733 5229 2449 7021 10356 7517 17898 8960
11592 2466 5227 17361 19748 6979 154 8503 16845 5495 1664 16927 19817 8855 7196 12900 11143 7010 13213 1347 6060 15883 11622 11321 13016 9999
17345 18523 5829 18108 15288 14330 5143 3917 7542 2098 10352 17856 19985 16593 13226 8307 10584 10700 715 8518 1976 9089 7753 12503 2314 9893
19824 14091 8549 17358 4476 9487 13036 5043 13624 4128 15016 3953 19696 12303 10259 4800 4751 4673 15712 6391 9454 12830 18559 4497 15411 2296
8657 2391 13216 14752 16497 18875 9736 1630 2991 6970 7996 19877 11581 18140 10842 11354 12342 13333 714 18564 11468 12852 9500 5605 15004 8961
18828 4078 7241 15919 2132 18307 12348 6115 16003 4498 6563 14152 1972 15688 9809 95 14035 12222 6689 17104 2599 6397 9067 1344 16224 19066
15365 13812 1593 6661 14912 13043 13870 5136 5685 13838 14206 14548 2263 17617 19504 10754 13255 8985 12015 15251 3936 5527 8097 15185 13491 1119
8446 7888 16636 113 14467 4196 937 4563 3074 14998 1136 9403 12982 15333 12991 14337 14253 7102 12874 11936 4323 17192 7268 6843 5845 7161
17358 1753 13592 1197 14590 18159 11127 2062 17059 17420 15890 19782 11688 8979 18358 11270 14200 427 15036 16198 7372 7731 3711 5164 12309 14993
13766 17451 8720 1289 7845 14140 4105 775 13219 6166 17602 1664 5247 1925 1417 13082 2482 12299 3428 17756 3019 16059 10078 13202 14027 6419
9515 14166 6670 8923 3343 15971 3632 9152 4481 16875 12334 8702 15105 14706 8857 9254 1091 2530 4890 12797 8936 3524 13237 8216 9506 19641
13911 5330 6038 10983 11531 14990 6781 13793 24 7046 8461 18085 9863 13237 10293 3031 11023 3921 12373 10000 6141 16722 8628 15235 1375 19302
10406 16130 7458 16023 12371 7525 6330 13763 5874 797 690 14497 6330 17555 13486 9118 2422 8385 18865 19343 9141 16792 5609 8959 11568 9969
19232 7659 9501 4006 10954 3383 13788 18695 10227 13165 11163 13646 9787 713 3489 3179 18713 3948 19479 11890 694 18319 11281 8793 360 7811
12488 2188 9320 5615 12540 3765 1768 3493 4775 960 3269 6022 9192 18908 19571 11512 7275 16262 507 172 12881 12664 16698 11676 18223 14359
1528 1255 13428 11621 9052 3525 3928 4283 16251 5203 3451 9441 18140 521 1623 3758 18449 8508 13630 10576 8802 9657 16899 10658 9087 4375
14433 8446 12135 4161 1955 8488 10169 5641 2420 4594 14353 7549 15686 13135 10660 15516 15219 16381 7768 2630 9287 10569 9805 895 14277 12157
7145 13721 3733 12993 1865 8710 185 17210 8993 17311 4879 13734 9553 6161 1607 7828 16800 7924 16054 11989 19025 4503 4263 14309 16118 1081
17823 11973 5760 3915 18770 17187 10200 13650 7087 10203 1741 11135 3946 9643 12111 16018 16151 13941 17278 6592 10450 15808 9096 10234 12915 6426
8899 16440 708 14721 662 18594 5685 15834 16294 14123 661 7431 10664 7268 9489 3679 10185 14787 17848 9072 8136 5552 9433 13367 14393 17156
2793 276 10128 18468 3285 11197 2090 1992 10302 18451 14415 13943 8528 536 10468 13513 9097 613 14688 13052 19762 16994 17852 5785 5249 2166
4974 12551 2488 8704 9013 8942 12996 19654 6678 6811 1718 19326 9645 19341 8137 167 11963 4150 18369 10622 8939 452 10887 15891 18475 18542
18513 10499 12903 14399 19061 14851 8362 986 13885 1367 1653 1661 3473 13738 11158 6176 4583 13796 11566 12580 4267 11427 8997 11175 15758 6234
5975 5295 1299 7324 12910 15328 12309 6958 6766 15864 3716 10933 12934 11990 15482 720 15791 14816 19299 15642 19754 9466 7057 8992 6024 2924
14363 11762 9147 1959 13677 4467 10253 11105 7962 8377 2267 10841 5669 17254 18305 19877 15872 6475 17776 3052 8338 5260 1142 8693 18288 15309
18084 5141 1986 11808 1094 6504 2103 18471 11735 17067 14280 18893 9496 9391 2513 13638 10039 13817 18294 14493 17085 4895 9427 18861 6439 1052
1945 7256 10921 15511 15823 16024 15317 12608 3736 11357 19093 9335 15785 16925 9961 2732 14420 17694 9090 12222 6110 9765 8696 11271 10971 16200
124 15167 17397 5223 8442 10111 11558 3303 8045 13745 5147 11692 19806 38 2554 8417 131 13845 9769 14472 8962 4829 17032 12406 12782 4777
1089 9233 17775 5607 18888 12170 9836 11327 9396 19059 713 6740 6400 2575 12135 2784 9784 16222 6777 8431 15717 3754 5219 6756 15064 13074
16094 19471 13903 523 515 18590 10260 5707 16584 6626 19275 3647 10909 4451 5579 15213 7950 11337 14320 13077 15204 16742 232 5863 7169 2338
3283 10431 8446 18947 15717 8843 7545 18828 6860 17005 8905 19106 7091 9927 3646 4697 7655 6386 14465 14571 15865 14407 17405 2336 3526 12979
11459 776 11333 13538 10617 14815 18668 16816 6613 13984 6399 762 516 18883 1206 224 13366 5246 7408 10471 3569 9585 11063 9491 7242 11396
8882 1835 9453 869 9864 19664 7225 18248 4110 6430 9436 11728 12739 5574 4474 7667 7606 19809 10357 3887 16873 3469 4409 3466 12447 3440
6769 14786 1711 2459 7275 17330 4749 17228 13207 8183 5954 14601 16580 10357 13337 2175 16826 14299 7470 1401 1489 17082 545 9897 1358 10663
3522 11175 2182 7248 5418 12946 5181 13250 10171 7140 19992 12469 442 5227 3532 2649 6557 254 14327 13607 18088 16193 289 13013 18750 4144
11459 347 368 10880 6349 12301 9654 2202 13740 3220 15022 7238 15310 349 14567 6372 8754 3305 19803 16151 13929 12562 2130 12139 18872 7875
2457 8709 4224 15534 19425 4320 5586 9049 14849 18172 17443 10682 5130 2291 2798 4407 6796 17974 6780 6612 12112 19410 17857 9025 14888 14773
2085 12118 1351 17158 3057 13297 16034 6015 2136 19249 5951 5827 1536 175 11365 16536 1975 19767 1584 3009 919 13936 1996 11089 16815 1046
19487 5128 14891 4586 10688 15107 16042 1350 17392 17123 15954 5463 6337 11312 5838 3216 5768 10013 1036 7672 2105 620 9645 3308 18418 3752
6609 15423 15592 10242 5219 10073 6880 8417 16000 5476 18975 9788 15454 6525 9374 310 17205 3108 5282 18762 10454 18166 945 10867 9875 13928
13862 11889 10377 3440 10207 1254 8690 13361 1286 15812 18190 5764 16970 3169 18972 8127 238 18731 17158 14517 6665 17874 182 10338 2533 5548
14574 11995 16133 3141 1116 4430 4212 560 11222 7084 19548 15622 15214 9455 6038 4588 1215 727 18396 18552 19223 5453 16451 7131 3836 15524
9424 1410 7796 8351 17893 15651 13863 10112 3407 6030 14089 14361 8847 17609 16846 14245 6139 4417 3994 3928 12309 16359 5092 2962 6626 2846
16026 14247 9592 11057 469 5595 13541 14779 18834 15026 16896 10038 14340 12041 755 10552 8807 14025 13000 193 13213 14595 9531 3505 16502 19170
17198 16425 7465 7372 3784 4492 207 15099 9654 15146 14372 2347 17699 9305 17649 3305 942 2386 6583 15352 13302 19553 17508 7058 10635 18233
5729 12090 5710 11966 3788 12735 2803 7446 9002 8014 16111 7147 14091 3037 17073 12298 8152 9367 905 1750 991 18908 17810 90 5398 4738
17750 9970 13861 15317 1244 6604 18999 2625 15902 5029 7808 199 18529 1648 19863 7690 5356 13334 19361 5523 14740 15274 9416 18033 10781 8272
14317 5362 16058 19414 2277 8016 9276 13547 12855 13442 12183 18601 847 11917 1709 2403 13024 7855 3710 5009 11406 18137 5665 10066 8375 1233
14707 2363 2967 15876 19076 943 10194 8847 464 10044 13765 8566 18765 12647 2935 6686 6424 15083 2690 9745 11911 8332 5060 14183 4269 3497
5114 15806 16436 15231 9797 566 17377 3899 13095 73 5286 2693 18461 529 10587 8548 15119 15302 12984 18440 18997 13951 16513 15642 3518 1723
19503 1323 15700 12482 19188 17739 15230 18252 7442 4620 2336 15103 16092 15957 15317 17993 10143 9819 9247 1146 5655 10238 16195 12634 13585 19027
18050 19342 10229 9061 12237 1711 11299 15400 3114 2093 4052 10875 929 10234 2203 1876 1712 15134 18223 17557 5566 8317 6413 864 12756 7145
16959 19543 10571 3209 9842 19391 15564 12954 1567 17898 7062 17369 13430 18686 17921 19765 12523 11750 9567 12791 6446 14267 19276 17522 15 508
12710 7023 8883 16430 7209 3599 14379 10026 1915 9737 5636 6674 14656 4843 17777 3078 2162 356 5624 11016 3672 2311 2330 14373 3769 11111
10454 15241 7979 19995 4153 6180 13180 16912 12106 17902 11192 15821 1648 18601 4643 7552 5264 16748 4683 15628 15054 14900 17566 2682 11637 19571
3847 14713 9293 14933 4292 3168 8176 8445 13815 609 19141 15355 13830 13541 18986 14995 1678 3443 14470 6933 3082 1915 4603 5241 2306 15516
12251 10275 7774 14497 19459 10062 16616 13148 14298 16930 125 7886 10074 12578 1396 16425 2075 11220 1151 17976 12025 19342 4756 2044 5531 10125
5115 9416 4048 13157 7471 1141 17974 10524 10923 3078 16017 17836 3888 9379 19298 7506 4765 1784 1654 17234 17207 1529 2681 2646 8059 11468
9084 7687 11110 19200 13551 385 8760 19511 13783 4589 17159 11723 6705 18725 17287 13071 872 15765 7123 4717 530 4705 9520 945 13847 14906
12409 256 14773 12316 15503 19451 18521 19929 15549 12255 8761 3978 17433 16526 13396 1277 710 9913 14790 17641 6359 4106 19949 8983 17290 2916
12988 17638 4047 13611 9817 8057 6030 16563 13623 5470 11590 10481 10394 19574 12057 1416 13133 3816 2883 16683 18704 17020 18178 15332 15313 2542
13508 7360 9567 19482 8628 7227 12446 1746 15795 18204 7247 15561 12011 5651 13540 3794 3436 16948 6128 2209 10038 17208 9891 3342 10126 16771
3206 7516 5426 4315 11832 7712 13304 14269 15991 2767 8281 5913 13967 9853 15227 15604 14046 14561 4983 659 1281 17180 9547 15 19005 3466
5278 8370 9605 12186 14003 6958 19089 17178 2927 8463 12074 3289 7283 17010 7071 18397 7111 19135 5927 392 709 7592 18408 1499 2353 3171
3037 15491 12740 14665 17643 9440 10441 3747 17751 2230 2096 17643 17787 9230 7890 12553 11855 4537 3975 11492 17142 14004 12233 3960 1354 11598
2341 11961 5046 10460 4624 2770 11837 1846 11415 13116 17899 3404 1031 18108 13816 3465 10708 17769 12624 10767 18448 5839 14156 6693 5157 7600
18302 9288 9406 8528 17165 15677 6750 11291 17280 16491 2461 18984 6539 16437 5258 13938 9661 10918 2187 17195 14821 13781 4054 13505 19528 17669
8862 17154 8273 8011 6129 2557 13664 1894 15331 6310 1897 378 10202 19383 4207 15637 1559 5909 5384 5328 363 16943 9078 16978 878 6509
10273 11772 17484 13822 11252 18709 17841 17055 18787 7410 4867 8206 12928 832 18871 4335 2347 14926 13168 5567 265 12670 15951 7550 6813 9236
13721 3783 1739 5621 6684 18072 8312 14038 6633 19758 8967 17953 3347 13865 12564 15453 5711 17641 7842 15086 5925 7544 4906 16979 12838 12851
5665 11509 10922 11372 4196 9952 292 4047 15014 8748 381 3974 4348 8962 16683 19506 12980 2976 6588 5147 10693 13440 3399 676 4631 10962
129 12945 951 12996 13582 19991 1781 13549 926 1000 12161 17321 3857 11460 12462 6963 15340 6169 17207 13451 765 4927 1677 14328 13540 6808
1188 13789 17865 3344 8808 11504 8880 19567 5542 10459 9864 16567 7192 6954 10480 3025 6544 3493 15512 13724 17765 6003 6707 5338 12749 3291
17403 15860 10418 5106 5009 5435 3409 12929 11512 13315 1957 14429 12460 8939 11772 7054 2966 4778 9366 2002 6383 18886 4184 10479 351 2574
4446 10703 17816 8127 6757 18701 19475 5725 2065 8091 3656 11297 18512 10922 809 14548 5297 17890 9466 11127 13123 8198 4428 10346 3032 11857
6547 17182 17994 7872 3528 4709 11287 19289 14473 17109 17113 7619 5403 6993 15610 13652 18075 4754 12055 10219 17733 7480 15791 7790 19070 11195
13266 15888 5858 3673 11684 2956 17797 4705 3152 7766 16118 16829 10581 10252 19951 18591 18356 2758 11177 14355 14826 6310 19862 12936 19566 15187
3316 14883 2764 4763 1902 15669 10056 6928 1932 21 4248 10286 16257 15819 9866 15749 17787 8615 3929 10098 19817 18857 4324 7549 19235 18685
11153 8980 16658 17022 17503 17021 6484 15076 1657 3998 6772 6437 1850 6262 17941 17218 7800 18923 10173 18063 3312 4958 12924 1153 12585 1868
13709 11275 8994 8829 5175 4671 899 14756 8526 15871 18992 15283 18377 10458 4927 2226 15922 15635 9180 4770 1421 19203 11539 4768 15360 14847
19181 13839 9445 12710 6307 9946 15665 17628 13289 8757 5428 16952 14534 13435 8949 16999 16404 13325 6152 11591 18286 1647 18054 5270 9112 18210
1019 4291 15948 6387 18198 16855 10382 16667 12635 18279 6646 9867 2825 9244 11648 9846 440 15916 12705 3213 9095 10253 17474 4058 5619 10076
4753 8184 16347 11511 15789 18888 18096 137 734 4311 18078 18102 313 11475 14439 16791 9625 14430 9582 11496 623 7272 7376 56 4945 9356
17693 13393 16887 2373 9603 8123 15827 15824 14176 15594 13255 10661 17946 2936 17142 10168 19144 15619 14740 4317 1078 3035 8615 17860 2952 10522
37 2830 12019 12637 2418 14742 6146 12138 16728 6551 15821 15056 7624 14141 12392 12379 18113 18051 14576 18045 9996 9694 15060 13730 4915 15604
3514 1278 17590 9048 11150 15649 5190 11772 2380 3872 4706 18303 13070 18878 12017 12566 5188 3855 6539 5401 2839 17858 12051 9890 6546 8472
3176 2368 12076 16215 10195 8963 12024 10463 15563 6703 16427 9828 1991 961 18252 4338 6987 14550 12148 9963 10123 13316 5188 15461 7992 10446
6840 8428 17131 15350 16696 19149 17893 16698 17894 3989 8733 15200 1107 6486 12870 17661 130 310 18090 19429 2123 13959 7171 18947 17829 15826
19655 15614 12069 11406 4119 15841 9198 7092 3669 5183 6402 2836 15734 18003 4356 6330 3300 13062 4561 7919 1828 13555 12305 9688 15600 17512
2210 6644 15135 18482 11214 2073 18227 2509 5776 3061 16121 3201 9210 645 17280 2278 4026 16153 4873 13439 2532 534 9628 6126 7047 1047
15581 970 10905 4651 2754 16376 10790 15701 5813 2628 11531 8265 12131 7414 18921 720 7089 12020 16097 16925 8492 14152 10789 15200 13462 2362
5773 18085 14149 15348 15436 19891 2656 192 5991 542 11874 12276 5158 7931 6237 6552 17509 16930 9180 17761 10832 334 649 15011 8677 6651
10454 10945 15562 19841 13674 19938 5043 4292 18121 14553 18938 2305 2931 12044 14411 14280 14406 17850 5954 18815 13810 12264 11447 5880 137 5
8883 4084 12008 466 8417 7388 7633 10564 11044 10487 5208 3966 8898 80 13895 7476 11179 7163 1651 19473 11466 14290 16074 2424 14912 4056
18280 19900 10492 10181 11339 15607 1211 2922 14829 11716 7260 15042 12912 6821 2497 2381 3923 16755 10630 15580 4583 1397 19212 9482 1566 14951
10242 19747 1748 4221 4254 14004 14980 4867 15688 13980 3458 14217 9733 12668 17304 6641 9020 357 6922 16402 13771 2711 730 2633 9279 7394
10675 14978 9557 16838 16432 10741 6398 7225 13988 15708 18021 3713 16514 9309 19704 1899 12137 12375 13694 1999 18342 4561 5566 6358 14867 17189
8727 14270 13626 9651 7161 4333 4058 17943 8730 19024 9649 5729 6223 17755 1942 1235 14048 16717 10864 10791 16524 8551 3303 14374 7486 18625
3350 5242 12462 972 3299 8576 18170 1307 6800 19689 13719 11913 15420 18486 182 19491 16301 14821 15414 13586 6476 13593 2274 12655 10495 7493
12380 1034 2612 12946 1810 540 18870 15340 13043 545 1056 15928 16252 18884 7203 2976 3164 6329 14159 17848 320 17562 4982 6470 3497 5558
13019 5524 13870 13563 5511 8328 2651 19734 5174 6212 15252 14705 13798 15654 962 17729 1700 19953 3324 19354 18300 12848 1740 13973 7876 4176
18384 10965 15388 13906 8995 17924 9767 17165 2802 18704 10591 4798 17162 6628 3735 11460 16743 8957 14902 2592 16019 9795 14886 8710 14876 15839
6410 9808 8244 17015 7369 19249 14895 9980 6415 11552 12593 13716 9740 11943 17991 3536 7162 14747 18054 2146 5300 2711 12582 8805 14011 7225
3785 13722 922 18328 8516 4419 13080 3220 2244 2636 5502 606 1155 11568 6019 5472 15017 13349 13895 5555 16374 17368 13972 6020 4874 5329
1523 3455 1596 3770 14728 2050 6617 2507 969 16438 8619 8155 1887 13701 1133 13667 11309 14292 19924 19816 10360 11468 19780 7839 9733 16185
15686 17042 13105 14227 15526 14481 18004 14857 9217 11803 13634 4848 17937 5055 16828 17291 12553 10928 16753 10493 3135 12568 11112 10486 1437 17856
2536 10564 8559 4749 11 1653 17661 1386 6540 14837 19109 18478 11632 10441 18716 18713 10699 19282 9447 4990 16729 14703 17359 5445 11301 17817
18993 1035 106 18696 19616 9590 80 8016 6775 8827 14788 9449 15325 1704 17533 3688 16240 10853 3411 17775 6 19064 18005 14666 5752 14471
4552 6594 17198 3693 5179 3138 6736 9276 16713 4353 716 11382 6016 19918 11858 16090 18017 8366 283 12902 17933 9792 3842 1317 16887 15018
15080 19355 18110 12144 10396 14163 4131 8492 19108 14068 14872 17996 18223 17775 17652 13411 10730 18199 10193 5035 1275 13221 7752 14471 10631 12302
2280 865 17106 6117 17844 10509 14906 4917 7552 11067 13438 14503 750 86 10341 7767 16202 3903 1396 5306 1501 12764 8676 8902 10934 4630
6729 18345 14556 14954 8081 11040 7700 11743 9312 6613 7404 13900 4687 13828 12464 5097 15067 961 9936 9732 3878 11123 275 14993 16358 15025
864 19191 15017 16902 19593 16707 18107 6168 4186 6057 17213 5750 15347 18924 9597 7230 19059 4772 17985 17616 19642 9808 3165 2689 16337 15423
15382 7386 8203 3192 9585 17367 4941 2918 3954 4588 5828 5783 18082 5656 13311 1468 14282 439 14379 4461 1171 18361 175 11922 13140 15105
17303 9 6823 14204 19307 16598 13044 5412 17764 4005 2430 5762 16480 15309 3198 11421 15407 8093 5290 15873 12628 12854 714 10722 5284 15763
10564 8721 8145 13055 2223 8105 2220 11919 2677 19909 18603 1907 13350 5389 5207 2376 13564 3918 18713 10254 17888 11795 9533 2338 13532 16069
1604 6969 6897 6102 18693 3197 2117 1796 7343 6001 12789 12873 2984 3089 16528 19630 14930 4392 11950 12232 14716 12235 6032 15256 2533 18179
9546 5228 491 414 12925 14926 16146 4540 17555 11164 15213 5644 12366 18058 14935 7154 10195 17567 8018 14323 12787 17709 14197 3145 5370 3754
7424 5655 14922 12065 17283 14550 12835 5511 9214 10142 17617 8286 14328 7727 12272 3059 6430 3543 16183 6405 4556 18988 4031 19470 19906 10347
11467 1938 12713 7304 8321 9088 6281 5411 4043 11419 60 9382 17275 1297 17166 10921 10479 12623 15563 1521 7577 9091 1263 16560 2249 5337
14 17311 102 8313 10531 11980 4235 17899 8307 3279 1683 15683 8989 5291 11941 9141 18620 12486 19973 5642 18471 1416 4266 14767 6447 4905
8771 3375 10555 4753 19942 18494 2794 13042 9429 16710 4467 11845 8993 6221 2861 4007 10602 17291 14659 2940 6335 19237 15924 6850 18856 12783
18418 4311 18017 7725 5106 11166 2031 8025 3479 3521 2126 9184 689 19369 17306 10952 17438 3851 19894 14356 15699 16696 10421 3061 6137 10372
4203 8260 11040 3714 19614 17264 12176 6411 3280 2473 12156 4386 9938 1855 9270 5128 4949 4002 5242 16923 4051 241 2307 19633 6917 8077
11551 7377 5935 9007 15098 8058 15128 7936 11213 13241 8601 19271 10785 14294 15592 3691 15674 10651 4202 19875 13061 14356 19128 18978 5441 16768
3196 3355 15970 17933 15374 13499 14255 6613 12589 928 1390 5440 14306 263 6998 13314 13035 13176 2490 4179 11117 7044 6727 2346 7411 18385
5508 1670 11141 5529 16521 3628 7501 7167 12810 14798 15238 19283 12661 11567 14619 6293 3937 10660 14192 13634 19726 8769 17186 4899 4619 14189
757 242 8795 14219 3599 7343 3604 11065 2298 9673 17172 11776 16235 18513 8903 15163 19414 10921 19768 635 868 8939 7165 813 14360 10037
10502 19147 14844 19370 18028 15392 18756 14065 7458 885 1458 10982 804 6080 5299 14945 1237 3017 13747 5723 11653 15066 19587 13695 11465 9193
5 7344 14756 10083 13682 1789 19041 4833 17882 5480 2555 1309 1494 16664 47 120 17438 8768 17503 3731 8208 4043 18596 15713 13965 13057
12951 7959 18621 1725 3200 14406 280 7630 1357 18847 17612 14836 2461 1344 3686 8907 10102 11460 7537 10696 11949 10708 14752 12022 12999 8774
11318 2527 15225 16950 10677 16737 12554 15712 18814 9407 9711 17688 1965 14128 2697 14227 12012 19067 9712 18249 6801 14652 16913 14583 12953 2345
3329 18928 7108 19769 16730 15409 2781 10826 83 12576 5051 3355 4300 14472 5449 17025 11709 13551 10675 2967 15863 16530 2468 14218 19835 15655
13079 10221 10137 2666 4780 7136 17619 10533 16519 1217 6892 4548 16272 11128 15088 857 14949 15076 12298 10462 15161 2440 4965 10944 2783 7309
18485 18461 11086 7746 12488 16403 7709 10317 4260 9424 13852 1346 13498 8405 11429 4300 17767 6191 15884 2554 7753 18171 16840 17413 15778 6941
4890 13756 15916 17010 16982 4369 6593 578 6535 764 1848 15085 13424 13051 15495 1250 16968 6000 5425 16815 17664 10256 7263 10896 14753 8400
19685 14347 2049 5128 2599 13890 17355 3361 16448 15685 3328 14358 18834 11318 12370 4211 12483 8471 4505 19449 2326 9644 14804 3857 5736 13608
19225 11629 12776 8945 11264 405 19768 3348 3462 3072 3756 8261 19307 2817 11313 14671 2372 15580 9496 11536 12129 13470 14163 3780 10005 6575
12084 9025 7526 5075 856 866 6325 19294 11658 6027 18102 19538 6947 627 12421 730 18590 14946 5386 14298 5292 18341 17926 13021 562 17369
18612 15606 9460 3198 17517 16725 17957 9972 189 5313 5601 6810 14903 18243 5611 17565 8171 634 17464 4574 14113 11760 7401 16703 19189 11731
16529 10384 16812 3441 6501 15273 18515 14929 18982 4423 9057 19088 10223 16261 12769 7417 5507 5022 13145 7251 11162 17071 19545 9121 12409 19116
11483 9795 11947 4328 11725 2889 7975 19754 5363 12912 14413 8884 7823 7373 6236 8710 8367 7515 11641 8260 7486 16220 3968 15247 11162 19411
15288 14605 8943 13103 4003 11700 5185 36 7340 5805 12942 58 2925 5453 19723 7999 18716 1625 14212 4131 1037 17079 13674 4480 6166 2755
16952 15813 17347 6734 18725 5447 260 16032 4230 10012 8974 16683 6966 16352 17508 17233 10941 16516 9786 5573 7225 10199 7579 1854 3452 6882
2484 17455 10244 3815 3127 10684 15027 11978 1036 10194 5964 5915 13088 14788 17574 11577 12742 1836 5413 9215 12893 5017 12561 4097 1920 623
301 6814 3693 15132 15562 18964 1637 5481 8346 14029 12056 8999 11011 9963 8773 13561 12210 17421 13919 6804 15096 1732 923 18411 13036 552
3608 19202 19175 1340 2290 7901 5354 3178 7175 4698 19146 12952 15694 8530 18878 3402 17106 10405 19746 19246 14570 4686 2527 19386 11268 6787
4879 9285 7641 14612 2134 17975 46 3268 14271 11893 1095 4878 1081 1958 12400 15261 11431 9616 15587 14951 3550 308 13633 11294 632 6986
11409 10662 11375 2225 8951 12032 19201 8697 9758 11078 11868 8825 19697 16257 17625 9037 1088 1353 7193 16024 2144 10575 13786 463 16616 6289
8570 541 17612 12412 10496 15655 15632 962 19148 18421 1765 5880 13874 8579 13158 5220 8680 14250 10849 5294 282 4072 4339 7156 2226 8021
923 6801 2722 2211 5954 7629 18971 5522 17512 3715 2534 9205 7609 18730 14129 10489 11443 9627 19203 15542 3179 15648 13945 17906 17183 12548
12786 208 11344 12672 16124 7566 3872 7942 19655 12132 18980 4092 8229 9889 9751 13791 7914 5324 18505 1124 17763 1984 19687 4468 19365 470
7573 1119 11454 13291 2690 13080 8350 4505 11148 19626 1566 9362 12006 14137 5578 4778 9662 12352 7549 10323 17978 5402 7250 18722 6071 2892
6272 7032 12735 427 14850 1917 14539 5781 11968 16307 1040 17307 14217 17210 3347 19445 568 17423 1047 1046 1312 15397 18232 16884 8191 14467
3989 14876 7390 16846 1584 5520 15964 8014 4747 2403 5401 19838 2305 15577 11365 15966 13276 18242 15489 3672 4408 10981 4666 9409 8562 7825
13772 5641 5839 17970 534 4171 7922 17241 16440 11796 7738 15486 2990 13022 13194 11579 13816 19526 207 13257 17051 9118 11653 14691 15 10091
18744 10197 5913 8082 17175 9985 586 7579 9621 9343 12661 15694 5012 11181 16998 8928 11387 12431 15430 11667 18664 1991 6819 10561 7017 3396
11280 4969 17181 3226 7755 14108 1908 6983 3549 12306 1996 15135 4790 16856 3740 5228 7266 19821 12973 8351 9507 8487 10433 4734 17785 13322
8481 12181 12916 4521 6701 12944 16970 16366 4994 5395 2294 11949 9382 3170 7842 11550 14707 470 12613 16731 10869 13671 7381 3987 5437 2209
10659 11239 17796 681 9429 17792 16394 6898 11241 8191 18889 15369 6380 16645 7334 5515 16882 14090 5492 6545 5111 9779 357 6751 6883 8916
2437 17437 19406 17691 8672 1307 17126 16887 145 4162 15074 3492 272 14414 17019 16234 15799 3500 1880 15051 10870 10855 16684 689 16212 533
12187 11302 339 11564 1106 1705 7662 3477 8569 161 18529 12010 1477 5931 17565 10104 9947 14966 5258 4032 8798 3809 3294 17484 8493 1747
1535 14165 19525 6633 1753 19214 19693 18106 14724 264 12824 4754 3629 11383 15100 898 9462 6925 7501 4368 776 1300 8971 804 5774 13869
18966 9717 11838 7216 9265 7038 532 11577 8373 3218 17920 9594 14412 725 19273 13127 6379 14021 19324 19719 4171 16678 1825 19756 5941 5363
13214 19412 1734 9861 5897 16475 15757 14571 3335 11196 17355 15876 14606 14985 8165 66 19783 17619 14148 395 7841 12343 13208 13628 1729 18226
2636 10795 18037 12462 7238 15846 5208 258 10248 8229 14554 6576 19786 7644 19810 9911 3409 1040 17572 10973 4447 9237 734 3505 19784 13251
12775 19814 18049 16429 903 2230 17982 3876 4022 14048 2468 6197 9686 11453 10414 19435 3228 3323 8893 13871 15690 16805 13668 4800 16065 15879
347 1597 8572 10486 5218 18123 10800 8913 17204 9859 4876 6393 15152 10836 17675 3826 17849 15545 8562 566 18200 15201 4424 10284 19196 11394
13820 2532 18964 19759 15464 12106 6582 11385 19101 5204 18391 15484 2905 17147 18869 8729 3969 17985 12689 157 5336 788 9054 6180 2200 8668
6696 3435 10526 3985 8667 745 5667 1773 14659 8313 16871 7464 1188 17991 18821 17222 14037 19016 6703 15855 121 9886 3475 10464 5129 16646
12948 465 19505 17036 6855 7736 2130 5018 232 10731 317 10387 1154 5567 11246 6761 3000 12631 15296 1474 4722 4576 16125 13239 4463 15549
4098 13101 10669 2434 8822 5707 19101 15150 11815 6475 13894 109 19021 19145 8856 16517 18610 10593 2025 19817 6230 10864 4543 1150 12661 2542
5525 14869 1292 15671 10827 12132 5959 19336 16199 1698 19831 11164 9347 19172 19487 4398 13921 18177 11154 15176 3463 3723 6851 16207 10540 2926
14849 17965 273 2961 9047 13623 12863 6730 4215 15513 14004 8271 4143 11337 12123 11953 10663 7396 19470 3750 16623 9000 7402 6706 10895 1937
11320 16739 860 15608 14115 17243 16315 10993 5988 16492 1650 671 18285 1479 12487 19843 6653 7194 14780 13525 282 19600 197 6301 11125 3291
18504 5849 13608 5598 11979 8133 8307 19087 15833 9411 2560 16931 1093 7926 1299 17719 3886 437 10310 19587 4875 18756 8883 1714 12720 15860
3809 2326 4824 148 18798 18458 1684 18871 2648 13333 2368 17007 14533 18553 6258 18152 13229 13294 559 2245 10177 13118 12460 6083 8916 7780
15497 1990 4311 5230 1295 13336 10003 14622 9081 17499 3573 12622 3254 8831 9431 6182 116 13964 17797 4309 7140 5159 12827 1497 9815 10841
8057 10776 8153 1888 16121 7475 9869 8164 8074 16283 10437 10372 9945 6023 7754 12624 1844 11832 7062 7316 13311 3066 5292 13357 14290 9729
555 16905 17186 607 10113 16092 876 8785 1751 9389 10161 14465 18243 2084 1639 16009 9163 18316 7705 12543 112 19590 6423 16723 15221 15451
7630 7920 513 12956 12172 13100 6774 10135 17712 11004 439 14352 18797 3188 235 7605 7579 15065 3926 18756 9601 6151 17032 15985 257 6009
17413 1689 7154 17827 8173 11078 15614 3387 3889 19606 6916 967 4457 9794 10201 9503 1783 1212 245 8823 16165 10045 19803 19021 332 16181
17801 8858 14971 3908 6699 5051 7031 12743 7215 2559 15658 4726 6732 16153 12657 15336 292 5177 11072 286 6280 10154 13540 6134 3157 3308
18639 16217 19544 18024 14127 2927 10485 1458 17292 3560 2582 19793 11244 17809 8280 15617 12010 13111 4353 11798 12765 10286 1838 10811 9669 2918
7969 829 12811 5049 9144 15228 7593 6942 8809 1311 5026 485 11505 4160 10226 18879 11224 16383 7100 3229 7365 5487 3271 19816 9249 17841
7235 8491 10821 17654 7471 8029 3437 11729 9877 4340 15061 7164 14306 18085 12695 1291 11575 14444 17481 6095 10852 1445 19080 7806 17788 4214
4267 3274 3859 12700 12305 592 16893 13266 12357 16809 15624 7862 19475 3575 10938 6320 719 8394 18858 19036 13776 18301 16211 18440 11096 12996
15712 1256 8766 13583 2586 13018 4628 13277 7453 15043 15494 14975 6238 15768 5833 2134 18068 10113 2219 8552 5986 16776 15188 11662 14353 15944
4877 1057 1324 9211 16951 19405 19751 18481 19014 3466 19842 1520 13554 6741 2942 16206 17567 16436 15862 1151 13874 13668 7899 629 5606 6477
711 10407 4837 6484 17275 4633 8485 8183 5785 3829 199 3479 12943 13240 802 6913 19319 15249 16364 7803 11328 11409 8786 3724 13113 18824
19966 13117 17145 17269 19861 4331 15512 2659 13443 11779 1733 15582 768 18687 9963 4429 6538 6380 19608 14529 8083 19013 15772 4174 9000 4051
883 11806 6921 541 8252 9764 17933 10704 19502 17863 8068 9408 6723 4834 324 4325 15354 9617 9900 13353 11283 8102 6535 8323 12513 12364
2550 12654 829 9523 1160 1238 466 19774 19563 853 14426 15872 8528 13353 10020 16899 9228 8624 2837 19822 14099 15389 5856 9189 18655 8249
2622 10343 8740 13956 14676 18032 9880 354 11819 9677 15985 2925 11650 2595 19081 17442 13813 17251 15307 8720 5801 14024 3718 12010 7811 14675
12199 12838 7161 7111 5280 3082 14014 6019 14588 6262 5505 11844 18674 3793 5491 17599 3390 3446 17475 6610 491 15201 14834 6596 8311 3475
4899 788 14890 16972 4349 3347 9498 10185 6100 15418 18681 711 8854 15213 8606 8834 371 11188 14869 8261 4062 8573 1357 4232 8231 1006
5860 5657 10905 19001 6612 12078 13761 16577 19034 11401 8437 19587 1048 6163 9957 16657 207 11015 7730 4947 644 13978 18315 6704 9026 9648
15930 3108 10748 575 13914 9455 5120 11714 9198 7144 16909 11357 5358 9283 17785 8797 2026 19124 19589 7716 4999 15971 655 19004 12409 16230
18351 16429 10564 17590 9385 2798 16010 4358 5756 12338 11263 10192 15294 4953 4742 17155 10039 18004 10378 16866 16247 16670 4765 11759 17475 14382
18279 82 4005 13943 16315 7776 4507 3998 5472 14224 17357 19364 8889 11271 5588 8632 4869 7820 16905 14963 3970 7850 14419 7268 978 13267
7583 13962 16615 9508 15063 16965 11235 15378 13623 9093 17332 17275 3185 5013 6386 7737 3396 14643 6372 16016 13613 3295 1180 19066 6129 18941
18394 8359 18563 6665 6182 19456 5403 10746 9721 3357 13299 4087 2844 19135 13086 5767 4860 3478 636 5807 14315 16481 12222 837 3519 15584
9470 9732 8952 5109 11408 4905 13625 9400 6923 6367 1674 1182 1460 18038 461 16474 17215 12488 4860 13647 14726 9338 19049 7399 12794 2846
1148 15665 16404 10177 18744 14871 13556 9856 5408 9092 6899 3562 7076 13379 11762 2294 7527 7691 2878 18501 8402 4943 5736 18702 1543 15816
2824 6742 12571 10707 14353 16645 1498 10190 11063 10268 8955 833 1807 16524 455 17653 6279 8770 10201 17735 18773 9023 2727 10928 5003 3880
5476 2180 6937 6261 514 93 6920 14000 2781 18401 8935 6804 14621 18514 18154 11075 16514 19618 5869 8538 10189 8504 19609 11982 7434 11546
438 2134 8491 10496 8364 2184 1930 11547 1963 13862 18884 4757 4626 6788 1217 13663 12077 6604 12310 17792 16162 11340 19315 2099 9130 19156
7598 6752 548 7341 2030 9119 18876 16412 6457 464 15502 4854 17099 18946 8702 8138 18888 316 13816 16145 2474 17556 12144 7398 347 18327
5928 19317 3849 3185 18 7702 10483 11638 4206 4882 10257 3894 10489 19792 3136 14879 1496 7440 10192 14592 12319 2613 143 19968 9767 14010
18869 4198 14994 15193 15274 18493 9939 19752 1695 14265 3149 12240 2949 2135 12768 8123 15361 14207 7395 11389 19280 19785 13568 7570 6283 18885
15178 18030 19867 3670 7891 9682 16706 7380 7366 2932 16180 18206 19181 6733 13727 18287 8868 16955 6173 16467 3309 9653 10075 16581 11712 19156
2157 6593 1107 3108 4906 3694 10149 9999 338 3808 17973 5660 8435 4881 13520 15133 18651 12870 8458 18190 11966 19858 18612 681 5899 16383
19904 3408 10521 9226 13089 7184 5754 6066 4418 9162 2524 11939 16679 7434 563 62 10053 13575 15009 18009 12360 16527 10660 10624 14599 584
18981 2051 15843 5950 13568 1845 4934 9293 17206 1652 5562 6483 15517 249 11564 670 2807 1249 7186 7912 10144 9027 13363 4683 7669 9470
11954 4682 2927 11162 4192 8568 6241 15422 10335 10185 4945 9500 15583 7093 16930 17273 18367 515 13913 12545 16156 127 3893 10531 17167 5126
5549 4468 9624 16915 1385 11675 96 11651 11844 9859 1488 624 7949 15300 4796 4794 14862 12940 16742 3637 18938 472 322 11571 4032 1351
4736 2829 9081 9058 6704 16140 6827 19890 6146 13682 3805 13310 4637 9025 18609 5023 3723 6924 43 19649 13689 12554 19752 3461 13738 11167
3636 2194 10572 17158 2725 1547 7738 3198 17567 5897 9992 19828 17548 14345 12097 1092 496 10409 12158 18666 9136 1321 14355 9755 15920 19245
12417 17898 15836 12532 5664 1778 12011 6775 17104 5707 8523 10433 7067 13034 8565 6042 2382 11614 7288 12145 8652 16 16773 6226 17880 3547
19305 13827 16360 5705 17164 12451 992 17475 17328 4096 19380 2687 13103 16653 2672 9511 19089 221 17707 6693 13522 16642 12835 6551 9113 3077
5762 14784 11973 5528 18930 7334 7241 5088 8650 17306 19156 19117 15045 1388 9558 2161 18789 16557 1760 12881 17552 3984 450 4556 19964 11748
6271 5500 2930 6033 11427 19410 18968 10905 6882 5061 6433 18962 9863 18142 11685 15204 9624 15594 1392 4413 17074 8973 19502 1644 16761 3842
13692 5693 9630 9805 16901 9793 2594 14407 16747 1436 3021 3866 18590 12746 32 9606 17701 13133 19468 18984 5394 6194 19391 16760 10089 12135
10477 14401 1048 11849 827 9136 14964 9904 12580 5061 2730 14170 17814 17279 800 12192 8824 18367 16243 18082 7877 10159 13329 5495 13154 5120
12440 16004 7340 6978 5043 408 3586 18000 2721 15958 9603 4487 19849 13225 5708 18615 2204 576 270 5910 6273 14310 4248 11970 5483 10043
15864 3308 15529 19114 8687 14978 10065 3590 9883 1892 17230 1914 9919 13152 5869 16155 7054 10712 1576 5854 14602 10749 18624 9533 17630 19017
6123 14979 14712 12098 13570 757 550 2893 18591 11027 5844 3169 8272 12998 1707 13759 2605 19042 14585 11196 16231 6575 14716 9864 18308 17392
19977 12946 1432 711 6541 7991 6480 3658 11958 4255 10473 8464 4876 12453 11740 2139 14098 8617 3738 9354 5844 11510 18716 430 10752 2127
6788 11120 10166 4717 19486 14578 11117 14835 14031 696 11070 13614 6375 6079 731 1774 4408 3844 2576 1383 18294 3072 7057 5850 14644 7591
14833 5947 6846 13924 19027 7235 12511 408 2046 14802 10243 1923 6502 3693 18782 3232 13125 1587 7406 9943 8179 3927 18607 15504 9367 3881
19724 12883 18587 15654 3049 11763 8613 16209 9401 4010 9962 550 10091 5820 8697 9754 13323 18983 14465 17852 9519 493 13507 18547 6087 2241
5537 10394 1254 14522 16250 15420 9101 16750 12721 3377 11511 683 1642 869 342 18061 16772 6538 1040 8085 11672 9189 178 11181 13081 2163
6716 16167 16698 18942 2177 9331 1516 3520 4818 5466 18522 5528 3872 13312 5443 7139 14279 7436 9661 12702 2569 477 16015 2158 14208 1516
11434 18035 14976 16343 19566 850 5569 11039 2884 16123 7159 2568 16180 6386 5693 1273 2064 12893 4034 7255 16614 19471 13289 13780 5595 13700
16640 12557 19428 5415 1440 6454 12414 12730 17331 7293 16705 13299 6297 3150 14931 3033 18418 3827 16899 17583 13416 11461 10033 19157 13898 18278
8280 2468 7198 9882 19041 13569 8730 5003 7863 15768 16432 3094 14732 5051 5750 15205 14387 1309 1867 12279 13768 4891 7297 3987 3173 10166
15769 10219 1941 14375 9513 135 9021 3846 2619 17469 7510 19032 19469 3967 9128 7589 4391 14155 6600 1227 2634 9537 7211 19364 18826 2084
7136 17947 5714 6780 7130 5666 13692 14978 2734 7581 4595 17024 4411 13243 19357 9467 11826 4006 11584 13404 4679 5044 9978 456 18144 11744
17669 5043 13982 1861 8311 4956 12995 7056 15141 11321 9406 7128 16810 18844 19040 1190 15481 67 16816 3027 3042 3287 19569 17235 362 7592
3573 10442 66 5502 17923 11686 10389 7530 17803 3961 10506 15014 12719 501 15199 5681 2513 14041 10446 3324 6476 3932 7919 14487 3730 969
12377 2874 4535 13429 9431 8766 12358 6040 7906 16689 4655 5028 15561 10408 14921 5487 3557 2149 953 7835 3657 12206 3956 6757 5976 10957
3957 1647 19813 10515 5014 10937 19169 18815 7881 12514 10134 2589 6830 224 1552 6108 3798 15347 1593 1065 16022 13040 14205 16304 10187 17106
14336 13061 12746 4876 10420 10434 10956 6662 5216 6048 6750 16136 5870 17595 15172 16901 11047 12504 6284 5283 19251 18343 5816 13712 19090 18514
18613 894 12944 1535 9975 13775 15198 615 1391 12189 15520 12244 9942 7233 11202 7777 13305 10241 10396 13006 2488 18066 9455 10959 3773 15139
18285 10127 19749 14066 4382 12254 18247 17720 4592 4531 15401 11678 15819 3392 14251 9161 17747 17653 4255 16797 6915 14830 10663 11078 6082 4940
17313 7128 18914 139 14016 19773 17851 4508 4383 7398 10658 750 5045 19211 13767 12283 13029 4269 13013 290 19203 12992 12869 11249 19901 10778
4382 11598 10976 3900 18088 204 17408 12860 13723 17067 13769 414 19985 5202 810 1046 13019 12841 7993 10568 12777 8674 14795 11432 13473 7862
4822 12588 7075 18907 18571 15942 2667 14273 13842 11697 12812 12028 7765 16959 6936 4393 5329 10890 14997 2093 18241 6498 14982 10287 3346 12405
18814 12948 7113 12326 16565 2953 105 11827 6852 6333 18864 6445 17471 4719 18438 14914 14138 572 19219 603 17019 1032 11012 15477 19261 4201
13989 8727 18011 14754 4586 12140 59 1317 5686 8108 8006 10018 14204 6611 7760 9057 6202 16316 8898 11415 15066 12347 6094 12422 12799 4573
2531 12939 1042 9620 3795 13258 7057 27 6324 7325 17061 6332 10250 4140 1390 7165 7398 17062 13416 6479 13338 16986 14498 18570 18375 12721
6509 16731 10176 1764 6065 19300 16924 5363 5661 15692 18313 7745 12940 4856 8221 19267 18437 2642 1534 12659 7222 1703 8296 16760 17710 18599
2756 18302 11250 9592 14442 6147 11449 10787 11450 5319 2596 18839 8110 6641 17439 691 9113 9673 9982 1548 9782 9277 5080 17137 6089 3853
7599 17739 17274 3097 11660 18793 13948 7674 12119 9224 6229 735 14170 9588 7160 1534 16895 11995 4448 5310 11645 18985 15778 2816 2877 2873
15575 18241 12641 1479 13288 3451 2828 5786 17394 2920 16940 12744 14924 14587 6366 15479 10181 12531 1198 13214 14646 1186 16181 11192 5275 10745
15269 6495 10700 16495 5590 10431 1297 10420 12354 14208 11341 998 1860 1207 4279 8500 4291 7714 13125 5073 6817 16266 17270 5213 12252 6733
17953 1552 17853 5574 9777 18511 795 18027 18060 18897 8267 17918 4941 12443 242 9166 11776 17438 12482 1725 6668 17695 12353 1257 6538 12119
13517 19093 1048 11101 6370 16728 19205 9392 4682 1264 7629 9632 6805 7927 3573 7486 4766 12127 14532 18387 16539 8401 13990 8398 5475 13148
1805 17658 19732 14656 15501 15526 11583 3632 3428 488 1215 11752 4887 3272 1607 16694 3883 14752 13605 16069 172 8139 5408 13483 10601 3760
2008 3438 13455 558 476 19822 482 16357 8869 16027 15850 882 8648 14305 15406 6883 2072 11778 1663 19876 6900 18852 3768 1850 6532 3234
2966 8657 10010 12667 7759 3628 12221 7637 6414 6052 10060 6184 6854 10919 16418 175 16235 1593 244 16639 6838 15075 9964 12516 10332 4820
454 10830 4682 7838 9544 2423 17765 6917 17221 17280 13947 1652 1790 2882 8247 6379 6783 723 3250 12112 10949 3817 19732 7921 10803 13647
2804 14509 16571 15865 6507 14284 19891 16092 10841 9343 16603 17966 17414 12519 4964 17248 699 5877 13225 16507 1091 15569 2909 7370 8490 10864
17413 2172 8637 5799 36 13739 6191 6408 19734 16034 17183 4066 19287 2985 14659 2721 2736 10215 17822 6095 19305 12197 12219 1879 13330 9045
17936 928 16079 1670 18336 12964 447 9811 1735 3346 12652 17574 13811 2910 6466 17610 14673 2545 19183 18990 14002 17406 12340 15851 8527 8029
3740 14394 2686 2211 2298 1588 10879 2958 9872 134 2956 2114 16171 17508 8153 18932 13841 7577 2996 5348 14565 15125 5189 5584 17531 17800
10332 3556 3629 13454 16836 1596 18454 7227 10221 13167 9281 15255 8200 5216 13052 6076 10129 1368 12218 6348 9004 6401 19302 10371 4978 2845
12967 3442 5062 15449 8790 6612 16829 16721 16493 16025 5202 17092 12418 2669 17571 7471 4333 13610 4784 185 8664 7624 9963 3962 6040 7933
18622 13426 6331 6081 12797 4355 5498 4013 7664 4199 2518 15007 10237 8817 19955 5321 19645 12438 7701 8743 15418 7926 18097 2791 11105 2302
2829 13184 10153 13936 1127 12896 5130 17608 9021 9407 18255 9687 17836 72 14291 11635 17658 9002 12847 19162 6734 4254 9342 18528 15379 9726
8502 7383 12477 11314 5895 12650 4403 4739 3019 18899 1074 2727 5367 6469 7202 16918 18722 1043 1269 16377 1957 17559 7817 19428 14436 11654
11123 16186 8987 16476 15614 18670 6669 3223 2666 7143 10148 12919 10833 8316 4542 10900 5568 2363 17677 4686 4097 5999 18910 9539 8297 11517
14635 9448 4955 9981 19857 8321 2513 16668 12807 10295 4420 6477 13310 7417 727 7150 16244 5014 5397 15597 19028 9716 6315 14374 15465 10722
1587 4488 1583 6153 9532 14936 10293 16908 1269 6654 15275 17032 1648 18208 9719 6071 12329 5405 14261 4580 6279 5775 2584 14837 3906 14924
10962 3367 871 2497 13558 14501 7721 9451 15257 4684 507 7920 19567 13426 8602 12715 14444 19991 15569 16 14070 1086 1887 9324 10446 11123
6388 7905 9302 11293 11358 3100 2931 14935 6622 1996 12489 5535 12458 17616 10003 13458 17765 6629 14602 14689 8096 15967 4869 2506 13641 18728
7641 13443 2812 2617 9069 18849 6335 8720 470 5251 4583 15151 8019 4282 15958 17860 6923 11034 2264 16321 13162 4445 14115 15535 11834 2552
8364 19079 11869 15993 4227 2693 3449 4807 16645 13627 16727 16095 16161 16089 5982 12389 7964 3105 8202 18869 8028 17804 5356 13379 14778 7302
9246 6397 9143 6645 10399 19221 19697 16888 14445 14870 6589 90 3942 12518 18159 13948 16095 16580 6589 8638 11899 10200 15623 4717 7140 3579
5266 16576 12098 4724 4271 10482 13577 1801 4179 1208 11160 14114 15873 13976 8627 18393 8733 9249 10106 12500 970 12564 13505 11598 1926 3194
8654 6102 4332 11597 11146 18209 18491 961 19404 5829 5682 14135 15885 18155 14340 12030 17062 16550 1928 17984 18723 256 16624 905 10747 9433
9584 1113 14855 4506 18777 7983 2041 19251 15126 16714 17394 16784 13097 13470 7050 2989 2570 14942 3466 1491 12360 14630 12507 18659 11769 10625
19523 12694 12788 19779 19481 12166 18844 1948 8612 2377 17753 840 7869 12828 555 2380 473 290 19757 14889 11101 14124 9333 16294 11329 10402
4685 10464 12839 15020 17597 13217 12084 12302 8689 7825 1834 18269 17213 9702 109 14555 17277 14662 16235 15893 5432 15818 17160 6529 9721 12190
3829 9868 17694 7237 16491 17753 8867 923 6480 12344 14146 8956 8590 8864 14120 16854 17331 6839 4469 6971 8945 5909 8436 7946 17020 5508
9293 8286 7957 6574 13409 4689 11537 2879 16327 9950 12830 305 3547 9587 5715 12202 13323 3672 18655 459 539 5381 13479 4751 19500 19548
17932 16294 13275 18058 10463 13111 1088 2978 9239 11434 4191 10929 16850 14632 2913 10262 11378 11499 11752 19465 10116 13372 4741 18423 12344 12543
9135 1491 18736 17801 14008 8363 13371 7151 510 4044 19005 19178 6423 16321 9611 8255 18499 13509 12359 9443 6849 11150 2254 9144 18616 4775
12248 11456 9040 7810 4713 12626 6785 2844 4505 19066 1439 1984 4335 2402 13683 16162 4589 18345 15888 1923 1059 2972 7826 15444 5556 11423
16063 15604 19575 2668 9437 107 17928 3695 3698 6928 17639 4247 14075 14250 10163 19217 14647 15614 9143 19696 4234 14800 12016 16311 12397 6409
3929 14249 9415 11262 13857 14277 15431 9811 13190 13111 16540 1649 12852 3440 11379 15016 14881 1650 3810 14694 837 18687 2123 1012 6949 4477
14721 15329 6598 5454 7932 8381 110 3662 17469 15749 9298 19236 7939 5090 11893 4996 12469 17276 12023 14086 8523 14192 6317 15977 11395 10717
5959 1072 5878 6295 13740 1577 8423 8206 11473 6765 1552 18427 12459 18713 7053 3502 1597 17714 7588 2373 7860 7440 6191 18288 17677 13421
3275 10675 4004 12503 18391 8705 157 992 9882 15363 15644 5253 6791 13955 4818 10852 9998 19147 12727 10098 18724 3582 10663 13011 14578 6398
17787 2149 9387 1503 9868 15181 9066 11197 18954 13050 3725 6132 13740 4950 2017 3668 6039 4685 5582 5235 13748 11790 9332 12797 12135 13987
12400 7184 243 3205 5761 19967 3460 8593 5986 2381 17429 13952 2250 12356 4463 10027 17085 1527 12589 1185 11925 15059 1164 1484 16727 4593
2672 604 188 438 14036 14847 15073 832 17031 7560 18126 8994 5747 15755 6821 18539 6727 14100 3901 15373 2374 6892 3705 3607 8910 7040
8897 5642 3274 2830 3877 17622 18007 4688 11648 17331 11394 8337 9491 19061 14063 18335 5570 3573 16842 1220 9760 9624 11290 16768 8260 2424
14453 5105 16728 10329 5251 9890 16623 11895 9848 10224 15846 13728 16335 2303 10787 1390 569 18155 6990 9712 1210 17384 16888 10084 5979 13878
2701 16017 11325 19870 8634 19423 6143 13772 6864 5916 4523 13222 10536 12187 3421 14228 4163 19277 3426 153 123 13280 1326 16724 1 18940
8603 6849 5474 9245 19311 19426 10251 16340 9916 11120 308 13367 19251 12481 18256 7008 5095 6000 4606 1933 11056 16145 19729 4926 2037 14085
15721 16531 6001 18904 5187 16454 4470 16266 3300 4577 3887 16154 4713 1362 18158 8211 2074 16683 2851 8102 19471 18574 12201 4468 2563 5734
11362 11201 2464 1601 7474 13699 6239 7332 4857 19280 13395 5692 8577 9747 2023 3068 1468 14057 12730 15779 12753 10463 3434 19453 11758 14330
12835 8216 19579 5497 11998 2471 12838 6559 15373 6273 9919 5715 12516 6034 134 5617 17096 19639 928 358 5372 2934 11710 14914 5776 5544
7914 2012 2095 215 11191 6542 5762 1617 17832 16350 7755 6887 5211 16733 17932 7291 13079 10669 2475 15850 1489 6563 11060 12949 12530 18773
7902 17983 18199 17414 7993 10874 3480 3367 6541 4032 14550 19810 19787 10030 16832 13402 9682 3545 9183 251 11677 6085 15885 3662 1173 11929
6555 7549 16651 18250 16915 15414 10439 19236 15782 14884 9997 2662 13130 9354 12537 3728 10284 159 6547 10752 12243 7735 6553 15701 15125 719
13058 3674 8698 6307 15415 1091 14636 4612 10447 2690 659 5046 14003 5741 7128 1373 11939 13869 7187 9109 14293 134 2858 4399 16457 14130
8965 14667 19157 1538 17788 9087 4317 9053 16270 4397 4560 14493 15208 643 7936 1083 5884 3707 6539 14302 3238 18523 12338 1677 19235 18659
6288 4545 8392 31 19844 13010 4474 5626 11083 13434 12366 14728 11294 11115 18781 954 6614 677 11208 6899 15151 15029 11793 4994 6353 14412
