365
22 28 88 72 93 27 78 82 94 54 15 32 10 31 24 59 40 55 89 87 82 55 56 96 7 61
14407 545 17210 10159 13424 18933 9904 6678 14507 8848 14478 11745 523 15024 5151 17983 14085 4823 15140 5821 17676 13109 14052 19658 7875 7476
4811 15222 12832 8998 5361 4987 2226 7223 10521 4793 7208 8836 6551 3276 5181 15603 7778 1442 18135 250 18261 132 14014 377 559 12777
8303 8421 525 4749 3649 13869 4571 15964 11054 12671 7294 11576 303 1351 6770 9426 12534 12194 3582 9375 17801 19203 11892 17271 260 18973
235 9831 18900 13184 6836 4196 4359 3625 18727 10067 1544 983 9211 18481 8915 7152 17781 9779 3166 6123 16129 15913 18099 10536 12908 3932
2438 6583 17194 7166 17010 9360 14475 9569 17123 3357 18737 4994 6609 16062 7607 12507 8581 2463 3416 10758 16050 17636 9623 4679 12724 978
8259 12100 11317 14033 5583 10052 8963 6866 9075 5928 8294 15067 1834 4868 18295 11508 11689 17276 17703 16110 373 1223 2617 6299 11299 6028
15540 13613 9824 11839 7965 10359 10696 18015 18892 15867 445 12504 14441 10642 14271 8997 9991 10572 11684 19915 7751 15672 1801 10056 19235 11607
8918 2925 3426 103 7597 9320 11087 16617 2044 11439 15004 7601 14280 13195 3469 6064 17719 10195 13232 18128 19415 7206 17309 12937 11289 4979
14241 9749 14677 11246 12988 1009 19868 16086 12199 3226 15741 2875 15741 15878 10353 11984 5547 19554 15230 12096 7676 1437 13427 5605 14254 2549
5375 10675 19412 7877 12961 8137 16366 12983 10892 11655 8779 14006 1921 19604 1038 7787 4257 13601 18719 8530 14398 6092 16922 17167 19639 19155
10245 7171 6083 5690 11451 7189 11013 5029 15792 8097 7029 10658 18403 2934 17019 10616 12116 18753 8380 12522 4228 9206 7585 10496 1643 3395
5216 17213 10183 17341 7490 17826 17086 15094 6808 1312 8187 14567 13250 780 18760 13990 6828 2912 4365 7004 17114 11435 3752 2040 9497 1528
15656 4248 2628 14188 4220 9858 2672 18702 17568 12811 14083 1560 1586 7127 8488 5464 5368 13559 17743 16538 9512 13205 365 7086 16087 19773
7821 1680 16948 13874 19166 4137 18727 18951 4570 1886 1987 16162 16595 10271 7247 19024 10932 14089 18810 19069 15865 18715 2383 19765 14838 18901
8098 604 6694 14526 12323 1066 17103 4987 7750 3777 13301 18562 5817 1297 5761 13587 19175 10397 7454 10745 3879 17043 4083 8539 5071 494
18960 8068 7176 14475 6609 10717 7564 14233 17564 14886 13484 14971 18244 2567 3905 18894 2274 10477 15017 14188 10618 1494 1754 6250 928 17724
16276 6093 14390 11093 19934 298 5175 4344 1037 3008 1543 12017 824 5103 10384 18220 9956 10186 9652 19637 18449 9799 11975 16575 3961 16393
19969 17104 719 18374 14040 1052 15813 13414 17485 18146 1499 5988 1734 5908 6224 16771 15427 19430 17921 14674 12065 19921 6843 5487 2021 7170
12562 2863 6019 3722 6035 12177 4453 6264 16388 10035 14959 18400 7351 9003 19970 564 15130 11845 5924 15060 996 14982 12477 13378 1598 5125
4541 19605 15376 7467 11680 11532 11371 19777 14869 3896 18692 2412 1658 10531 3693 4753 8623 19156 16130 12610 4714 6982 5988 9496 17023 10337
715 3514 3879 2988 4049 5075 12775 10713 5300 13541 928 13358 6315 15924 3524 9836 9379 8329 117 13225 3568 16262 7220 3960 13499 17656
12189 19380 7423 14567 16208 14030 1744 19388 18435 17613 6190 18484 7704 1057 4152 14354 18570 9905 11407 9917 10381 19704 2830 2588 3112 11294
698 10980 8233 17453 10498 9701 6815 18525 14932 2601 10683 966 11524 10505 13893 17294 15290 19615 11809 11211 2833 19887 4330 6399 2781 11329
3576 19039 9690 1877 14911 8859 15762 19038 17977 15472 11328 5593 8122 143 4195 1799 4225 7347 8969 3657 18691 1852 19745 16677 4439 7332
999 8465 11726 17624 3225 2288 8474 4799 18450 18949 16134 6271 1919 15514 11856 19098 961 12738 5013 2294 10894 14247 16412 13752 8726 15209
4218 11533 15250 13245 906 16212 9905 18159 14990 6694 13940 12328 19607 18098 17669 7116 1237 13280 17909 17463 16121 8732 13593 4572 5386 8354
10043 5171 13789 17138 477 5253 334 18 10453 12583 138 8152 15795 5687 10666 5766 11528 14521 9635 4244 16482 12002 3583 3292 16865 16895
3537 16578 12669 310 16700 8811 18480 7180 17944 5501 2281 3341 11359 4462 14308 3466 1407 4283 15803 9163 5223 6397 8307 11049 10476 2051
16457 41 9918 1447 17776 19432 12524 8344 11749 19075 4148 19985 19187 179 6763 3047 4006 4714 16329 17291 1931 6395 7641 6080 16970 12723
11606 5517 11765 18116 19003 5513 5703 8956 1465 8512 524 10932 11017 9632 16895 102 17682 17411 2440 2778 8997 6549 14091 13002 2489 9636
14619 16899 11060 19715 4558 8683 9249 5047 39 7152 7010 13342 1199 12772 13943 13696 4780 14656 3717 3809 6347 1163 1550 12241 16012 8740
2682 12598 4961 8817 15637 1868 586 448 12715 9307 12633 8095 14065 11377 18041 17134 5177 17489 13421 2953 2314 15695 15957 4144 15480 2925
8369 11468 1143 6618 4808 15894 18714 2422 4156 10648 10678 15817 4799 7341 19214 17368 4395 12078 4162 3678 12129 14495 2057 11527 11592 3795
10008 17750 3797 16133 5805 14886 441 9171 9217 16119 6692 11424 16207 3582 9285 6489 3208 2379 1954 11491 17176 11092 10871 16261 17275 16557
1452 19811 3978 8578 13489 12510 1700 721 13704 9043 8324 17681 7241 979 11208 12712 7040 19982 8993 17941 4813 9186 6333 13454 18828 4875
4449 14234 9852 13955 8971 10734 6680 9881 5322 5692 17105 5476 16744 2791 4906 12740 14578 5045 14191 4166 12995 8881 16057 15666 9234 149
15420 2520 1390 15874 11661 16136 6845 5946 16795 1347 16745 18542 6228 7236 18760 15882 12454 6355 19584 4730 17310 17672 3381 11461 2729 5041
8748 2387 6543 18134 17354 17831 6309 13757 620 16783 14969 5016 9926 15887 10775 19963 12710 14002 8355 1397 5236 12903 9367 5660 12822 15007
4100 11892 6654 3074 14044 7125 9691 11769 4468 9354 12049 6205 11325 16124 12918 6975 1585 3374 3387 6536 12306 8723 1895 7075 15589 11166
10072 12040 8750 9253 6446 15167 9330 3930 12565 16912 5022 12688 1474 2880 12656 19027 17816 8999 11599 14538 19560 5155 1538 503 2311 6291
9717 1442 12227 11987 10811 16569 9752 15727 13634 9035 4820 18922 18334 2998 11871 271 3927 16969 2664 17684 3527 183 13973 6812 10195 9721
9577 17193 1016 463 9362 19547 19371 14938 5096 13888 9241 8665 13267 4556 12109 15312 19055 16035 1419 11559 11931 9974 5046 1647 8465 1263
12727 494 17792 14035 594 14025 695 6580 7448 15060 6048 9212 4959 6739 4263 4063 17821 7758 6234 7097 7114 8953 6941 14123 11158 15328
14410 3255 3892 16149 16196 15520 10556 10327 16240 7887 13670 2712 9587 14378 14190 12858 17561 13430 10351 16860 817 11551 13273 4642 17541 16780
4360 15564 6820 10058 19290 19398 13575 18034 17803 11446 2130 13162 3648 2733 16797 15174 10930 5730 5413 12530 9842 14562 4409 19416 19513 11254
17622 18994 10478 9546 9726 8680 2194 1168 11600 8935 14346 589 1325 14345 6847 4275 19267 7079 15585 15470 2628 2925 4014 19851 10080 18058
7078 4838 19943 7753 4295 16956 16588 14574 9652 5596 18432 60 4209 3655 1926 11345 15175 8256 493 19443 14815 1307 14801 18041 13 6832
15692 15463 9628 17259 2711 16301 16632 3744 6358 19717 18569 17089 2533 8036 5546 17847 10100 13763 12531 18798 4063 1940 1288 8673 17860 4680
4675 15563 2806 9465 7595 7138 3542 11040 1826 12014 13428 18501 10729 17023 16505 16987 14449 7969 11886 16261 4642 1281 6335 5304 6288 17801
17799 2737 1793 4527 1549 11088 17408 5037 11790 1240 1537 11103 4196 10163 8487 18656 18070 1160 1338 15077 19498 18704 1141 5732 10 16955
12031 13809 8686 4859 11607 8318 12310 10819 7253 9413 1389 3758 2115 16401 3879 13015 6399 2422 2391 16577 16919 12346 15169 18735 6189 12789
19344 16063 15472 9993 18579 9023 3537 11991 16427 2651 13195 10678 15018 804 15929 11836 6252 12633 19188 1911 19408 12962 15125 1525 18016 4192
408 5412 6817 18471 9963 14977 14949 18930 10619 17942 19707 15523 18318 12286 16772 3171 13807 1409 9855 9571 538 15266 11683 13388 4656 19354
18768 6280 15984 17348 7457 2591 12948 6442 2341 9975 18239 18549 19249 9176 1904 2680 17411 968 14339 10653 13244 7903 1821 18929 7437 5828
6111 12800 9946 12902 1748 17519 6452 14935 9268 10783 3961 16952 6046 8399 6017 4129 16280 5147 5999 3268 9559 5225 19953 13285 4044 2761
14106 8154 18546 13683 5126 12871 3711 3325 7826 268 10713 9071 195 18409 6624 10302 16637 9303 2028 19604 8535 9863 12557 1553 13115 937
15881 4204 10995 6384 7362 17601 17655 3605 19520 9593 17847 6006 267 13485 19108 14360 16510 18607 7265 5493 15651 17041 15947 6374 8253 9506
8188 928 12183 1464 19949 91 5135 18805 17268 3188 4697 16645 16582 2012 7321 19224 7745 8535 12394 18589 14873 18065 5401 3382 7061 1343
15053 3908 12060 14718 8199 4320 9446 19097 17922 8064 13129 3279 5661 10016 742 1728 10589 13558 11455 2849 10023 8373 17700 7704 8647 6561
688 7299 6152 3410 1933 15869 12742 8913 15214 14962 5436 13034 1724 18187 1037 941 2627 10516 14575 1659 4933 2928 17856 14287 17115 10543
3272 1874 4177 5727 1656 15686 363 8848 809 15980 12146 2609 12206 6824 3388 18924 13265 17765 19108 16733 3572 2420 13004 15996 7656 11805
17865 3718 6272 4465 6778 10519 16980 4593 10484 17479 13991 5768 6270 12189 10835 16976 19637 19138 5203 19794 18244 15984 10336 14742 1824 11758
19049 13414 5538 18808 16002 14144 2740 19651 12793 835 297 14909 948 5376 18917 17591 18746 10455 7378 14456 756 1646 17024 10449 5492 15530
11997 6337 518 12519 12854 17317 5064 6660 2159 5120 18715 16055 16150 9884 7318 15809 10363 16680 5534 16924 2926 14708 13337 10019 19826 1182
15864 18604 6094 2674 18975 12587 5021 3025 11840 7964 11336 12887 19047 1612 17597 12931 12867 4002 7863 8383 13701 18021 6459 8627 4803 18466
11296 12754 368 12084 11088 25 8732 15372 16678 19592 3842 16943 14962 18417 2101 12808 3532 2894 8232 15470 4771 18016 7427 15753 14147 542
11216 11690 551 16025 12292 7930 12997 8249 3870 14047 16917 14990 15130 4171 13622 957 11580 2642 2742 19283 9553 19601 9630 12425 2353 9079
1884 2000 14360 7113 9380 14343 1508 17922 17873 15309 9858 19050 11258 14026 12585 17749 14535 6843 14017 1107 8656 18255 8314 5318 2800 10934
11473 18166 6898 9653 8992 11301 2395 2473 11152 19327 1712 4467 14718 12695 18914 9182 3646 5078 2801 7627 19993 13964 6919 7102 16656 375
3150 6794 7772 6184 4107 13312 7188 16117 15936 10154 2394 11331 1898 15695 15514 11932 16737 14764 5665 4039 18772 4818 6682 4561 3774 12487
18455 15405 6343 16532 13898 13779 13799 3054 9219 1951 15592 4657 17552 19770 19660 8776 3225 11375 18169 17369 5911 2326 8749 14946 12848 1114
19807 13031 12960 5856 7001 11486 5141 15083 3003 7762 6516 3891 13322 19129 15248 13267 13726 3383 1386 9936 13777 5682 1416 2301 19296 15914
4740 14798 10239 7837 18344 19798 18721 15477 8544 16211 14361 5602 17580 5785 6831 10985 2756 11400 5110 5292 7296 5278 7466 15650 10254 1191
19842 16281 6815 16659 13533 17817 1415 6204 7649 12285 3918 10367 15322 2504 19892 3627 1991 7895 17657 1787 7170 10868 5806 17657 487 11637
19790 8580 19166 18749 12920 6112 19557 13245 8199 13107 9390 656 2031 18789 10088 1631 2940 1715 5650 11301 17378 17835 12259 4745 15511 9487
7331 12097 13268 11238 1512 12417 15963 4227 2578 16203 17024 18908 16098 4358 6921 11079 16613 4689 3524 10719 14549 8180 4014 10659 10733 19417
19239 16147 7372 8596 2627 10606 8932 11146 13007 1004 11674 16510 19578 2574 9065 9475 19981 3076 4474 5818 11814 18016 8265 16552 2316 5249
11794 15224 6817 4122 12162 638 6516 799 5482 1178 13765 416 2451 2117 6118 893 1599 11305 16395 7093 4698 17317 19240 2045 18747 11771
13295 10377 1208 15823 17392 17395 14315 5854 4364 18624 13319 13498 3100 1704 4286 10771 9792 5984 8246 10323 15175 5933 5094 18767 2432 13530
2065 10315 15006 5617 15079 18212 350 9827 2043 16370 5066 9737 63 13423 15477 18346 19979 9052 2923 12970 2959 9726 9186 1463 12142 6198
7363 5348 19050 11978 7858 8177 14411 3628 10843 2069 10837 255 18537 11726 17514 1807 7450 305 5361 13216 17694 15319 5697 3249 16961 10145
733 18096 12116 16270 10200 13643 5819 14457 16586 9435 2515 13858 286 7467 17937 15237 6984 5447 4829 16312 16422 2265 1718 6973 17871 10007
13866 4496 5115 4426 8368 13362 7332 7127 92 14321 5991 12824 2263 19434 7045 4296 19247 6366 870 4703 1132 3119 16994 2677 19231 10742
3846 4413 11844 10441 14433 19147 9659 18277 10487 8737 17884 10734 6551 5974 15527 19753 19567 4107 9845 1184 824 5362 16267 5934 8287 10622
4407 9580 8248 6470 4536 4863 12305 10855 8043 14537 11986 7005 8853 5534 10824 2809 10605 18880 1113 8416 13357 10737 14435 11120 4371 2226
17787 10423 3767 5402 17952 4612 19226 17783 2058 11778 13011 16874 19213 19779 917 10467 13544 17621 13512 6955 19770 5192 8486 6771 18397 17405
13329 16579 2859 16947 16319 12856 11634 7509 9026 15421 7847 19355 9790 6905 2734 11410 18664 7033 17075 18771 15384 10702 14713 19740 12135 7435
11544 13347 19406 1205 15891 7109 4410 13791 16681 11500 17622 3603 3287 2508 11495 15039 10115 16394 2116 18882 5779 2972 12996 4245 16535 13954
150 3173 1420 11288 3956 8665 13117 10458 17015 16361 11809 10714 504 14039 11312 19230 2627 16347 14066 15565 5185 13805 4026 140 16797 7608
12957 10709 10110 5162 16473 4475 14844 3744 15091 1834 11369 1008 5957 12150 5361 9974 4608 12050 4291 3453 14809 16634 1634 6465 14098 19022
15532 3772 17212 11452 13927 16475 11431 1990 5566 16158 10610 19254 13863 14197 7987 7401 2522 17196 5510 8344 12264 1380 8402 3828 15187 17481
5445 1985 16662 6810 9901 6502 6169 3471 3225 16042 3324 2118 11924 17817 8284 18061 10471 12237 12162 929 3461 11539 6656 15724 1551 9192
9365 365 13187 9159 15388 10566 4764 1148 18933 15352 7368 17659 10919 5972 7756 638 4159 19469 7775 19511 15839 11775 4620 5691 13365 2560
14260 19203 8378 7970 6539 19633 15712 12738 1610 11446 12820 14354 8371 521 10308 2217 8053 12698 12650 11960 18229 8739 19744 6157 16220 7299
11492 2237 2988 6244 5534 4785 18735 11770 16276 16296 1969 18705 18638 10805 9490 7260 19369 4898 2703 2135 12070 6501 8146 15595 10417 7898
12710 5677 11334 514 16757 10271 8055 5510 19557 15460 5371 13621 7836 12047 2773 547 3791 15265 18393 10770 15394 817 19498 10095 16176 6768
5822 3964 10811 14910 10246 5586 15389 19588 2426 18534 5970 703 13044 16585 13959 11161 17649 16831 18252 480 4477 15691 5113 17941 4639 6478
6046 565 8413 11772 18298 19577 5595 8334 314 14017 14396 6087 609 701 13121 15676 2213 7037 8103 12692 12947 3082 12421 5625 9684 5431
51 2855 10775 2765 17264 6374 16725 7750 5870 15238 15297 16669 7268 9386 9962 8821 13176 10771 8438 8555 14416 4928 19004 10580 7684 4473
15192 13721 2079 16470 6404 3403 8693 15254 3183 10006 16979 2003 13197 2066 8348 9854 14626 5417 14584 13302 12981 17225 16273 16439 396 11114
4015 19313 13047 13052 7553 11499 8107 9162 9198 3960 14531 2786 5247 12458 19818 8655 5968 8190 15963 8266 16536 16863 6496 1711 11767 656
11819 11555 11904 19834 8362 18010 7178 18782 9150 3073 5872 106 11953 16920 8314 10549 8902 1805 11869 2341 11436 12801 15650 10004 16433 1579
18801 7119 6980 5617 8365 4673 14873 19697 6735 11584 13915 11730 1923 4689 7508 19630 17624 19085 18809 4579 16558 3405 14102 6670 7053 11000
17754 10021 15267 8687 12607 16613 14138 13327 15766 10153 8656 13287 16792 15943 11063 925 13365 5075 16242 2568 13916 10516 1512 13884 5162 16072
5610 19236 5671 10338 14602 14753 6282 2697 6902 5400 9898 9999 2206 14526 1318 5805 2548 4025 11051 7066 1026 181 16779 13390 18920 8103
13990 1605 17053 5650 6074 19028 1239 13746 9568 17878 1201 8147 8682 7501 3067 8839 2951 6773 9700 5732 3554 13494 5576 18410 18684 6672
15144 9223 10168 19281 14655 7350 16355 1070 5195 19152 6029 18847 4812 6633 473 9731 14015 9566 7673 291 19901 12945 15567 18582 15599 14181
18855 3956 14784 9253 5796 6607 2715 10591 4244 6137 17812 4848 10960 2118 16584 5047 12300 11129 7372 9480 11299 5052 16574 13535 3100 844
10225 4778 15461 13657 3002 12314 15349 11300 13582 8399 14536 17300 9903 12175 1673 9316 5907 8599 8986 14724 10190 12399 12945 6461 10692 1174
393 18674 1580 11941 17387 1116 3828 5993 3169 8502 18490 14685 8406 7922 1498 19439 16016 11046 15466 14463 12897 2346 3204 8011 5012 1186
7790 19873 18254 16498 3456 5678 6222 5162 4694 5636 4030 697 11492 15596 19132 18518 1940 1423 4911 19024 4651 7663 15096 7901 6429 10798
18857 1625 19826 14618 4603 19241 17895 3849 18031 3614 15736 19350 6596 15707 7310 10027 9495 522 783 12756 18650 2329 5755 8588 8806 7828
14598 2779 18370 3270 13213 10010 16632 8458 688 12186 19023 19796 8611 19135 11883 19107 11135 19697 7828 6283 2070 2334 156 8787 11409 6726
19416 457 19863 3422 9683 5191 1834 1427 6285 14854 14760 7424 6468 12798 17220 18620 18125 449 510 19804 8217 3565 15770 15563 43 4261
7802 11247 18261 1672 10918 6298 19347 13848 10002 17643 16682 19140 731 14543 3835 3579 1335 16887 3697 952 12816 12108 17996 5735 5509 1643
5021 1282 16084 7951 9292 3132 17631 5023 4768 2980 3160 5267 2702 10559 13347 14072 14615 15136 14476 10914 14095 8350 9188 5391 17738 10117
3081 9786 17146 1794 2532 8516 5696 17820 1313 16844 6339 11054 4111 4062 1437 4368 9449 2434 15442 13917 9089 12262 8252 5396 16523 7537
6521 7183 14862 15048 16218 4643 9607 7999 2465 14920 9418 10455 1339 16631 9905 1488 7095 14016 11277 7110 16591 17781 3278 9604 4968 1372
10434 17603 19230 1508 2130 11914 19050 2526 3857 8056 10321 8500 8551 12241 15716 7180 4290 19819 5064 2001 9841 12706 5943 16058 16931 14479
12618 7749 10281 15863 15578 5498 1814 7365 18787 11134 10651 6115 13763 13253 9293 7337 17536 17423 16575 1785 393 9902 19117 6945 14949 4121
6031 17912 6071 17979 1117 17139 9438 13509 9091 19205 3062 2594 4338 16780 13080 12577 16551 12486 17643 10630 18777 13085 18366 1939 7142 19196
9425 41 4572 13259 4374 19164 9263 14481 10156 13423 12196 18163 7214 13871 4510 9625 7116 13257 3754 16421 14529 4126 9188 3786 7246 6336
11989 8750 4247 5231 14592 7120 17685 15246 16530 12498 1505 1205 13834 8299 1694 6953 16702 18650 3444 12033 3694 7606 6719 1879 11969 4566
3388 13142 12747 10044 6515 12629 9910 4565 3646 8914 14525 3412 12082 8034 4380 10941 13247 19839 12276 14020 18643 13720 18900 17749 8586 7202
11713 3147 13939 11571 6737 16094 5533 16400 8165 15735 10105 1627 12446 11478 7022 5864 6361 11713 12838 7781 19083 11421 14472 18059 602 10486
7822 5734 19097 8263 6893 11946 13350 18476 15322 6247 16358 13234 3434 16473 16705 12482 9222 14143 10134 4623 5468 1763 8228 8729 18241 12922
2760 8917 9349 5265 9139 10063 13174 1494 1328 8671 15610 6557 13298 11449 2779 7503 5556 11479 18887 7008 3574 4202 4742 917 4086 15130
9299 5912 1537 17930 17907 6628 18782 6080 3301 19441 12493 6106 12793 3642 15962 1052 8836 13637 10909 2693 3540 18406 4383 11001 403 8460
19254 11287 17237 1268 18919 3823 4971 17286 16737 18684 3509 1718 1155 17874 4826 13560 7917 4464 1706 19136 2487 2025 3509 13532 1335 14385
14442 8046 4815 617 6008 4444 17701 7507 15306 11422 11281 19424 8470 17612 7372 9586 5704 12702 8557 12433 16685 5154 18111 7140 7297 15466
8639 729 14424 3380 16649 2785 116 13388 13419 2415 7577 14424 18394 1212 9848 9086 9162 1072 6984 1159 16786 10280 13423 16134 16547 6352
18116 3556 10576 1180 5817 14013 5810 15981 13662 17428 10713 13365 2398 13085 2877 18253 12979 4665 10396 1104 19331 10332 3796 10972 9165 11901
11981 3399 16637 8943 18425 18035 10718 6163 3480 14158 2772 12241 6646 14141 17819 13059 8692 3691 18869 12870 11771 14889 7278 10025 1194 2373
19164 16940 10263 15460 4838 13466 13512 14527 2670 7784 2534 6599 1887 11421 9990 9997 1794 6950 16565 19273 16015 2506 1193 11885 18120 18420
10113 16445 19092 9245 19203 18268 15492 732 19197 16955 11846 5570 19469 17848 17246 4846 8732 7180 8646 7333 15381 11892 11513 2109 18764 2971
17688 1865 9457 8911 3602 5835 1237 1826 7005 13484 13730 5783 3450 5524 15647 11850 11503 11224 426 11659 15245 12845 16584 5743 6243 15946
5416 4553 14942 5199 4702 18509 15329 2551 17552 3910 1845 17355 5855 15722 4853 19289 4147 4004 8351 2415 10509 973 16656 13437 13045 1431
9813 9822 19823 6019 11001 19256 19286 18318 11539 17787 8960 13062 16229 7673 5426 9707 7811 7815 19504 18415 10349 12178 16491 10957 7651 18544
281 1063 19879 1992 5314 5508 18854 2762 19896 12809 2624 9132 14676 7887 8352 18208 2690 7164 2149 9194 440 13739 1739 9345 19965 13539
413 19709 4757 7322 6192 8397 6863 9143 14093 6141 2416 3710 13057 5591 16712 453 9755 12484 13910 549 14198 5139 8663 11919 7212 13272
4257 19257 2916 16543 17956 18488 14924 357 14692 484 9301 8181 6864 4549 3995 14132 13234 6854 14590 13605 11528 17282 17023 2319 14600 3080
11200 9473 9903 8259 7780 17310 6942 13435 3417 9602 2549 19369 1932 9821 2506 8057 13545 6416 5023 5019 19983 5606 18851 13406 8744 9398
4316 15357 8737 2684 15576 9196 17314 4054 10997 2530 10147 17050 7260 1020 3823 18443 6938 5087 10841 4963 14629 448 7421 15118 16910 15853
9710 6166 18354 6230 9528 13976 17813 9859 18898 9539 3339 18976 8293 7899 3984 17466 9489 14906 1213 10643 7604 10098 2911 15573 4975 19164
11348 13140 9323 2868 234 18404 9881 9555 1613 5424 9872 5973 652 2602 6100 13422 13862 15348 18206 15358 9328 2629 11541 7882 6879 14937
10110 18778 466 6939 10844 2672 11523 3786 12699 8605 13095 19111 6132 4249 6686 242 13329 18366 16725 1554 13099 904 18532 8731 17534 7566
1669 19261 2258 17410 1449 9790 371 2592 2651 2425 13230 2162 13378 19162 7072 14099 17550 16817 14912 6457 3206 5428 4651 19164 7546 9478
7820 6200 13374 152 7303 11162 10083 12327 18627 18099 5151 6435 1039 7635 9293 13862 722 9984 19885 15312 4326 9803 10892 9889 19567 16109
13723 14918 17595 6773 7982 2051 16357 13748 9972 13178 2903 8376 1513 6781 13007 9521 819 2269 9717 18969 3697 6678 774 1590 750 9718
11564 16409 3947 16299 2066 1754 5944 19784 87 2165 19924 14478 10059 11035 10245 16801 11921 722 18644 5213 1648 3564 16661 16843 2557 17460
10547 17118 4761 9999 11340 15402 8949 18113 10424 12944 17542 9008 12906 13422 1044 16981 1067 760 10118 13687 13363 4015 17005 14364 19566 19074
6691 8671 14734 18788 9522 5339 14798 2066 18203 774 14250 13922 8497 12402 5108 10160 11276 10822 1929 17725 17292 8084 11606 17387 10884 12917
5357 19818 18391 4265 1465 8055 1142 10146 2780 2535 14955 14645 9647 15577 16282 10773 5532 12844 8954 12301 10073 13990 12633 3685 16547 14007
6709 14115 11741 14972 13185 10246 17174 18663 2105 17068 16841 12037 8887 2274 7029 14804 11340 17335 16283 6985 12189 18854 19363 15321 11217 2451
152 17327 14404 12824 7500 14684 15157 2199 14752 16995 15272 8331 6574 10919 10978 3370 18913 11159 19082 10047 16789 3428 735 14111 17457 9905
16474 11111 19786 8792 3003 551 2713 3611 816 17501 15928 19857 9494 2607 19258 668 6922 2163 19815 2717 4846 18215 5903 17781 12119 6259
14564 16045 6023 12096 2203 16065 16298 19052 6562 851 3394 12404 8269 9356 5363 10393 18985 15632 11947 5241 13355 5515 3852 8440 9286 18961
9091 4222 18454 5875 531 3208 18325 19918 19617 13911 6298 17464 19877 488 1086 7868 7649 10066 15274 569 10695 7869 4465 5817 16866 18522
12637 7153 483 4924 11865 13376 11630 2665 14129 13344 18505 15242 11971 822 14133 11076 13136 4346 16789 8341 7132 8148 5181 6484 5681 12982
20 8135 10995 15941 14343 19945 12916 7545 5110 15026 1090 3697 379 9365 17263 14317 16325 12523 16587 15334 17156 5042 15143 18891 12419 663
14554 15858 2519 16158 1585 18000 19185 139 13000 19857 3937 15321 806 282 3011 13200 7986 12369 9524 14382 17098 931 14348 14883 9735 16363
13 1177 18818 15960 3588 298 19313 112 11778 15355 16316 15414 18689 16566 4218 17467 15575 17259 7167 1404 11826 16187 5963 9771 12509 8312
8735 12578 17840 1376 18599 2869 19137 11883 15474 13827 5102 6745 19708 6101 5108 18369 9889 18086 9247 7299 10429 10523 16081 6790 11053 6790
1385 12319 6577 7881 10364 642 9004 3313 4383 1242 16975 7772 2145 13250 1751 17132 113 4739 6106 5431 6985 18203 9831 1049 7589 2358
3559 77 3639 19426 16788 19834 7263 4492 152 12315 17502 17802 6424 11566 18607 4216 6911 6965 1190 10183 18284 3190 1796 2511 2811 15822
6880 6554 6830 8002 4496 18394 1778 13195 11454 17803 17038 6841 1629 11135 11904 19523 1881 12287 504 5699 4422 3407 14198 16607 6033 13207
731 15411 14695 16139 9872 7481 14967 1513 2259 4098 10713 10807 11502 16868 11954 16129 403 5335 13693 11192 19653 8025 1352 14939 9408 18019
14449 13196 872 320 2820 11972 15601 5387 13998 12135 3352 4120 2971 183 17147 16941 13663 9753 1670 5532 13642 6784 16319 1309 12772 3009
15337 7969 331 9317 2526 3707 11363 12146 13326 15850 9557 13367 3400 2414 10086 10164 9165 7746 17292 8153 8614 18569 16771 17826 10534 5929
18591 11176 6159 2955 9639 6780 14526 15758 19110 4636 10865 14474 9772 7810 239 4731 3083 13546 18137 14619 733 13332 4476 12989 149 6289
2908 13640 17903 13295 16658 19066 5303 11680 16912 13958 6560 18450 9468 17098 8504 6162 17766 462 8814 4811 14599 12749 12413 515 582 5913
11305 3480 310 19125 8504 5903 16509 9127 15728 4492 14692 12456 3996 4379 11243 7232 11266 11206 3419 18718 9374 8211 18591 9553 3637 1210
11643 13430 229 12519 18742 6376 14810 18446 6108 13536 17985 2861 13119 2938 3253 16987 11900 2080 13692 15889 12519 12804 2574 15589 8213 12361
5916 1898 14053 14907 2355 6003 7623 11217 6586 78 5022 19240 16543 8386 13385 16669 11136 1570 5788 9887 4129 5917 11238 8917 16641 225
12045 8099 12035 3460 2005 18740 17533 1938 19974 12761 16671 10737 13211 12541 10103 4298 8535 17203 9963 11952 12727 7952 3172 5488 10264 487
19218 2115 2539 5779 11680 219 5150 4523 3435 4955 3466 2350 8491 9275 5617 18213 12146 9324 5593 120 17183 19293 3818 18648 3006 10187
15274 16928 816 13050 6469 5769 18698 5862 6818 5132 4100 8231 1488 17278 15222 18470 17655 2292 10726 2893 15376 3679 2459 5416 15551 4601
9763 3015 14621 17274 9214 9143 16410 12443 11956 16407 17522 1198 3824 15117 17336 18089 12516 6537 13948 12362 14234 12524 16154 17344 2114 10136
5135 15830 12153 9094 16355 18779 3395 10763 11335 10187 959 14454 323 5307 15697 6567 2728 15641 16427 13005 16752 13996 16527 12348 8523 16581
4285 5586 3916 14342 15792 16154 10076 3579 3765 15818 19 18922 9988 2161 12564 3127 4185 339 6972 2113 14026 9579 6907 1909 7722 5755
16096 19455 8520 4871 1718 12070 5974 16306 2304 16008 19252 8666 1607 19566 13230 13413 8406 15972 3270 17014 9767 1057 5092 12699 12800 12056
8687 5501 6337 11575 11683 4572 9756 12963 7880 3454 8230 2323 5505 12884 2309 7338 13137 16984 17417 14052 17083 14897 17409 12956 7868 19676
12560 13340 10373 1692 8914 7165 7955 8835 13749 429 14247 6550 3210 292 8734 1012 10809 13222 4186 4891 9659 12758 19240 17341 8974 7382
4970 14905 6423 10600 9615 8545 16010 14134 13340 4249 14089 9557 16224 15798 6586 10481 2905 11449 11001 266 2222 1191 7993 19277 5321 5488
12515 14205 3018 7912 16157 14112 1087 11238 12551 19347 5111 15689 9245 645 18294 15962 15229 4172 788 3670 6403 15306 113 19550 1216 14827
14744 4460 1676 7087 3295 4995 18884 9803 13401 6750 4841 8786 4670 7770 8802 3324 12723 5093 4984 14873 4782 1325 19926 3366 13337 9711
19114 15392 12827 2478 5751 7551 13478 12360 7802 16031 13417 11011 18090 11665 18385 9544 7083 182 7572 5857 10656 6054 11618 13178 490 337
2292 283 10742 3746 7187 10222 13619 18351 2669 8099 5198 19295 4790 16951 17712 8009 14661 19599 18511 3336 14255 19877 3301 17167 3424 12826
1582 19182 12256 19561 4491 3974 5349 12303 15508 5274 15080 822 16674 12201 12246 4075 19165 6475 2456 15322 17402 9796 11448 386 4420 13925
3275 18601 15847 2852 5972 12101 9250 792 5779 4118 18893 1039 688 9877 596 13878 17927 2881 14125 17940 13630 7087 621 7265 6977 2832
667 11321 8492 18260 12476 1042 12405 4094 16602 16827 5831 4477 18485 8201 11568 13334 6559 13 9557 7834 10131 9632 16338 7452 997 3146
176 4400 10076 8654 14127 10509 3070 12617 10604 9469 3812 1506 2908 11102 19170 6847 3550 3993 7853 6494 19384 16021 9789 14819 9555 3458
3957 3816 16732 18765 4581 13435 1302 17266 8765 3813 19861 12891 18717 6063 14869 13906 19767 9075 6883 7808 7414 6585 8459 17278 15874 10176
8199 10114 6637 19024 8285 5027 18000 1554 18443 7754 1088 17458 16127 11920 6892 4479 5374 19633 19909 19008 19742 5879 5005 8428 10619 11588
3161 8047 10956 2401 995 6397 18943 11883 1048 18965 10154 12751 14931 15505 7402 13256 12710 4764 3093 8246 3184 7553 17208 15448 588 12565
385 2285 7790 16528 13320 12326 9098 3561 3694 18890 19761 16220 12161 10833 10072 17606 13889 10499 2336 15005 7522 10257 1336 10985 13680 12084
12413 5726 762 7462 888 11377 7433 11504 8098 4967 6996 11031 18574 3239 19207 16330 1811 8183 17877 15939 5778 12918 1800 7741 3981 2574
13105 8418 17707 18108 1899 8696 15281 2177 17365 19210 19358 4990 13529 4039 13441 382 15557 8906 11908 10057 1135 7125 618 10569 13087 1097
5453 9257 8142 7223 4344 1542 2639 10560 19694 2519 12894 15583 14401 12927 11403 12548 3894 7636 2809 15691 8524 17596 3107 6323 9297 10030
6731 17336 12276 1441 5744 18674 14055 4080 5534 12219 14031 12242 11176 17044 17520 16167 13485 1257 9897 16089 19036 4986 19592 8062 9939 19929
12691 14324 2635 19017 13340 16905 13777 16536 10342 3601 10397 3549 6554 5724 6827 9771 14314 14562 2733 54 7575 8230 7966 7901 18740 17187
9360 9232 4710 2864 7241 17883 2233 11913 6731 19849 9250 9701 4019 6542 15758 6317 19935 18036 13662 2794 13515 1175 207 10769 1533 17051
13160 9308 6005 11186 8988 17420 12240 10770 9434 8162 3504 18391 8831 14721 11915 5505 13036 1811 7120 10882 11355 14504 15177 16338 8868 8365
6926 2606 16528 8934 13716 7631 314 14341 18819 3079 19811 6026 19432 9279 9605 9310 17277 11783 3841 5397 6660 16955 16912 4446 1139 19899
17301 15871 265 14812 295 3225 6438 16842 8230 257 1600 38 2396 7774 11487 10954 858 11345 5302 19206 8691 18029 11443 17054 7503 12494
19181 9406 7264 16777 8351 16515 14121 2663 2695 13350 15501 1954 2248 8424 12812 13275 4319 13677 4572 17453 14630 6577 4819 16937 2628 6157
12085 8403 414 13311 14162 2111 12641 17176 13167 7786 5357 6327 16544 9519 15037 6493 2263 1816 12667 17983 4074 13086 9765 19713 8004 11837
13708 17182 613 2662 14118 9121 5969 11052 13331 18222 3323 8208 5978 1387 9492 18248 3393 15423 2219 4635 9044 13788 6823 13170 16744 16220
1974 12358 16268 12951 4461 10031 17387 951 19238 13567 1640 7733 3222 5571 14440 1835 18051 7399 6350 9691 16330 10358 18175 15139 18986 12669
387 1153 5783 11365 7472 5023 11482 6092 5190 1768 9658 5672 407 17329 10165 11539 603 9559 6516 13359 8927 11872 3275 18965 12678 14051
319 8842 5575 13904 17588 13421 16244 7113 11015 16754 16132 4141 10092 14826 14 2756 17761 337 2722 12930 10317 5871 10194 16777 16355 12712
2073 18827 18123 12901 15524 5374 3595 18190 18500 10890 2424 10472 7323 11703 3970 12796 15913 17952 4712 2124 4865 17988 16742 7379 14292 12092
3892 6521 6295 5567 4803 13622 19936 3091 10733 68 11060 3072 3260 18967 5921 17494 15998 6138 9625 4927 19507 13986 11563 16652 16511 15310
12229 9002 19736 7636 2409 8126 13123 18566 16570 13828 7708 12023 18554 14209 391 1968 15457 940 9162 15456 11374 14456 19911 659 15396 4755
13 18320 17075 7048 15570 15055 1053 387 14538 4780 17683 18477 17103 14509 5769 14027 18829 9378 6672 1215 12432 6594 17382 19297 7549 16435
10327 16352 11620 19896 15310 5288 8695 3467 10535 15701 1357 10198 7741 78 13641 6559 2449 10008 15119 13241 4212 17654 16841 1715 507 5913
10751 16489 13460 14556 7033 4446 6219 3578 8518 11510 19995 8059 74 17641 17403 9772 4532 249 6830 11031 14513 356 110 10888 17192 15617
13265 8444 16431 18752 19158 3840 13191 8634 198 12146 637 7475 3273 19839 9808 7488 2308 11502 19017 8335 13013 5010 9945 17976 12052 16262
195 13301 12493 12243 8273 3370 11442 16032 7998 6960 15163 12000 4622 17308 13278 17354 14170 10301 1268 4717 16529 9043 18527 920 16727 5013
6358 15740 9281 2590 12194 9876 34 5046 17280 8087 9167 5945 5891 8665 11826 15131 6133 11959 4192 3179 4690 14202 7753 4058 3807 722
14887 10290 2220 582 4613 2122 15334 19353 12733 8260 1303 6387 1407 8765 11548 5918 15130 3442 12480 7224 7146 11700 8082 8480 10102 18953
576 9364 8459 8247 19016 2979 567 7774 7164 11578 1126 11852 3260 8247 1354 5711 9759 8963 14118 9249 1143 2448 15537 81 15487 13962
1265 8679 386 14786 8027 6162 12828 17590 9124 13385 14813 18603 2864 2316 8747 9390 8802 10404 15026 3799 17829 12990 11200 8758 2345 1023
15001 12371 4554 6132 16394 4597 15607 3769 7327 13246 13377 3727 1724 9671 4682 10725 9553 9205 13237 16780 2650 2762 10605 6913 6731 11901
8883 9422 13983 19013 7292 5852 5049 17545 3650 15665 4459 19925 12955 2174 9951 10166 9838 4483 16018 3365 5652 13806 835 14273 17324 19822
15080 8510 11057 5744 7166 19833 13230 6017 8281 18556 18956 10028 6522 15215 11814 17631 15204 1331 11069 5569 3375 10611 9287 2670 16878 7302
9534 19933 14347 2126 11128 11944 15007 2548 10410 1942 10822 12629 17225 14873 16149 1947 3099 15845 14072 16282 596 17239 182 5515 15589 7220
3106 14469 15602 16114 17763 11054 17255 2685 1108 13915 3460 19208 14089 7427 5910 7774 17088 10123 49 11061 14683 13470 10735 11543 12528 5802
10309 10452 13968 3960 13852 6168 18376 8170 18192 10477 16822 19565 947 2520 13296 1278 14798 9560 14391 8738 16462 10550 4031 17473 4785 19060
2855 11396 11442 9133 16082 10316 12443 19590 16785 12757 19105 9251 3021 3038 3803 18042 15697 10184 7871 1079 12385 8358 5185 7122 10820 3275
14557 5985 15299 14813 19033 11646 19721 5086 16750 6389 7875 6146 15773 6003 6441 3570 15201 13499 18012 13344 9744 7653 15755 18226 4150 12208
18171 1099 11526 9807 2856 19283 6518 19606 15383 1783 16465 4946 383 17927 8205 2827 15961 775 11425 3439 15378 3481 17230 1465 1444 8889
5235 3737 14174 1990 5592 18750 12578 8056 8669 3161 18900 2921 14603 14199 14153 8956 158 5523 3082 11876 12326 1934 10751 3591 9010 19
18414 16065 13791 19409 7577 16549 16275 3636 11658 17249 7417 8866 11603 10469 14674 1626 6775 14260 7305 8000 8815 11308 3357 14922 16246 11981
18060 7489 4559 16329 11395 8733 13918 13682 12698 2504 11258 9045 7770 11691 608 11271 14771 11521 2020 6141 18889 10100 17024 16083 14172 18322
8535 16862 11902 9240 16551 13345 6141 10966 18312 10814 13839 5969 2305 16187 13169 11167 9220 18797 12318 2183 10417 3070 15986 9759 7051 2631
3679 18004 6294 10066 15428 2987 12818 3113 10629 12872 19393 7498 1274 861 7957 4370 13266 9471 18386 11892 8638 6097 5775 7083 15188 1932
18405 9813 13041 9646 13618 4606 1544 19390 10193 6990 5253 13696 12499 6225 16698 3624 19717 5903 2828 7582 17905 12034 75 4491 14733 17753
7144 9677 8314 5663 12889 13372 2214 12500 16887 16315 9541 6819 5230 2641 17280 10392 8391 8730 15505 18164 7004 8330 17190 19971 5225 9926
16018 10779 19085 12609 13534 5916 18364 18593 11045 7515 13331 6142 6569 11700 14721 5824 14589 15435 1520 18113 17308 10775 12265 14871 14430 2105
6197 1473 16679 7170 16977 1164 15729 14994 4238 7743 5707 13938 1753 6271 5323 1973 7470 148 13251 1091 3322 14728 14956 7829 10332 15862
16887 8004 15720 19888 13644 3019 11982 17206 1166 13722 11281 16990 11279 10246 13345 11902 6529 2249 8923 3107 1700 5585 13907 17459 5687 16686
10914 12000 2320 1559 18545 13699 7682 7244 15039 18034 11437 17543 1196 6625 1762 9391 2492 15733 8996 10688 15870 10349 12123 523 1733 3656
7205 13012 1984 17706 2679 3959 3083 8580 7555 19420 15769 13295 2926 8149 8821 17421 13079 347 12479 17915 7569 5346 5083 5522 5831 12802
7745 229 7845 19450 19401 17868 12260 18926 7837 12961 17510 10668 2395 15394 15568 2136 16388 16341 14989 18487 2097 3975 2572 967 9938 18552
1481 10591 3064 12195 18179 11064 4497 1236 14039 3292 16044 18057 9284 13985 18649 8007 17993 12243 12329 15794 914 14904 13686 16805 16913 14164
8058 16136 6179 7824 17136 19378 17269 5597 19991 13015 4119 10224 14183 3122 17103 19677 6265 5806 3018 562 13239 8087 8656 8201 6892 8901
12343 71 18995 15510 6384 2036 3123 14288 7343 11595 17872 15991 3737 18702 8807 7198 5179 437 3209 14858 9421 16988 17679 19834 4938 285
5140 18490 14567 10962 1350 3485 1834 9514 19560 19268 6082 15810 9981 12452 9631 12833 1870 1085 8127 16237 2112 1952 8467 1001 1204 1911
4297 6242 11952 9502 6246 3516 12138 19739 6379 14076 7053 7268 19040 6495 2507 14088 3443 14481 11212 3596 6880 18747 19798 17572 11327 7352
19604 8720 12414 13716 12212 19756 17809 18453 19639 1431 10807 2507 12276 1962 17817 6335 18748 17756 12968 6078 16324 9997 2710 14880 17499 7551
14378 3817 19062 3753 19888 9395 2266 1235 5638 10368 17164 5131 707 803 15818 9853 552 1597 9157 9174 2934 8644 2224 4852 18140 8277
9773 2312 7138 101 10018 1971 13285 9008 9729 9621 11565 11373 14562 13020 15493 17083 2089 2842 12030 20 10853 2599 9568 10894 6071 6354
5702 18981 9420 10081 5835 15846 6124 523 19493 3373 6341 6874 7109 11437 1754 9629 13559 78 12266 18165 10827 17428 3829 9246 17408 3085
2839 6776 15396 15242 12373 17816 10622 13781 15869 13519 6285 2375 10795 17349 1789 1843 2704 7092 5900 10236 7975 10661 15127 5698 2237 5008
7268 7416 7228 16007 16254 17921 17423 10430 19768 15122 7070 11389 8830 296 18360 11697 14713 5822 18224 10505 4037 13421 9258 7194 311 11520
7102 9471 9828 1662 7058 1265 4337 3695 12906 19853 859 9976 15251 9367 15739 17737 8017 6987 6089 1025 8635 3374 2789 19449 8643 7465
11977 18857 3252 19157 12259 11330 18286 96 7146 3292 2190 300 3727 15062 5303 11576 11162 10097 10273 1788 10977 12885 7153 6121 16399 15974
1846 16041 16100 11070 19711 19293 3747 6788 4039 1919 6647 263 5348 5704 19557 17401 14858 18550 14149 14087 14479 19728 5630 3832 10719 7577
10891 17040 17459 1839 18269 685 8519 1385 18903 9916 10303 18452 17242 12357 1495 7646 81 14754 18054 15450 3852 8910 13081 4117 1729 14275
13698 17104 6420 15389 10308 19283 6837 14997 812 4480 18263 15261 7623 8637 12756 8251 7041 19312 14852 17640 3492 5839 8444 4812 13945 15769
3277 11842 14122 5527 8185 6483 2187 14722 773 7691 3133 2996 10080 17490 1610 5484 16157 6882 5346 15836 358 7580 15442 6643 1390 11172
15892 11395 17102 9310 6218 11497 8581 3162 3053 2158 18883 12439 2382 5855 13458 12178 10249 9448 15486 18422 16116 9585 7175 947 16742 13432
4280 14206 5717 13580 10496 10202 1645 2265 7442 1318 4265 422 16974 7344 2199 7746 10710 14055 1176 9168 1759 2772 2741 5983 2895 4079
4857 9460 3716 10265 7560 16598 2992 4294 9941 7440 6406 6098 16328 9111 4942 16704 249 3895 14330 13301 14886 1689 11325 14566 2204 1231
811 9737 3982 17890 5667 9842 2141 18344 11683 4695 4971 19300 18898 6352 5915 6308 19838 7441 5878 12968 9478 9988 7790 8088 8311 8701
6819 3920 12057 18011 19814 17857 7579 12342 10502 9302 735 3524 18404 671 14353 18483 15795 4003 14831 4263 13546 18801 7420 12611 15556 9024
11851 867 17065 7317 17624 10232 16809 14676 11619 17689 6931 3682 11960 17221 588 5752 8670 13385 17643 4041 14101 1013 10101 1286 15298 8090
16037 2528 8670 12545 8796 12619 17080 3391 1540 10277 15002 11322 5631 11295 14338 14745 10290 16188 9335 14425 15088 16362 9163 17260 12076 6055
11781 6056 16826 9460 6680 17716 5721 10795 12919 10590 11192 19199 12905 19978 16997 8741 5246 9038 10468 4542 1845 12949 15393 8785 17888 13295
5201 15683 2318 12768 13648 12042 705 14118 14483 12919 12330 2699 15222 11640 9596 14430 18405 14352 5062 10282 8538 2555 607 3826 19149 4762
3433 5463 15660 17078 17957 17574 14323 19493 15536 8325 16887 4347 2147 2008 6948 17257 14340 12973 14632 12120 2316 13280 12982 14783 12563 11838
6379 10269 4291 4881 3191 11877 9716 5671 856 2873 7151 6203 6112 16574 17684 12502 5958 9339 19398 10278 10847 14135 17721 3126 12018 12126
3538 8358 656 12585 7530 15688 16337 5809 16228 6435 11538 16148 16863 15367 17267 15296 19346 8273 7299 11287 2196 14140 11836 7668 591 4430
9159 9827 16560 6601 9941 6264 18860 6704 5249 4020 1570 12096 12768 15793 13963 19606 16171 6928 10717 12164 15674 8457 6574 18305 10970 5736
14369 13574 4168 17917 9229 13114 19041 16808 10068 3156 12487 18336 18399 1295 18231 13159 11873 5303 12984 10435 2262 8215 17313 9125 9132 17696
13912 9205 17334 17969 16471 18709 7240 2693 3583 911 8481 13596 10779 19541 15380 13802 18689 11 5880 12113 4835 3417 4433 5025 861 843
13914 2530 14613 6644 5605 1947 7467 17727 3946 8758 7548 19971 653 11623 19549 8977 12857 12234 2341 7730 8503 16609 5399 2078 4809 4406
4225 12422 18474 9320 6400 13894 6642 9236 12671 12931 6280 1762 304 7915 19968 13642 1996 240 17863 3197 10582 4279 5742 7551 19778 1686
15690 4181 3350 4127 16930 6292 1618 13392 12646 17470 1469 10227 7662 12478 13172 12099 15576 11501 9801 17194 8201 18529 6004 8474 10273 6694
2737 24 12842 5817 13594 2277 6780 15999 17014 8486 8629 11447 14464 14789 11839 15153 19202 10168 11843 3803 17226 16138 19991 10108 8135 575
4495 13053 17978 10534 8806 2153 7509 14609 9352 15451 14279 9735 6325 5252 7156 5053 2899 17433 13277 12540 17720 1645 18953 8267 8983 16234
615 11449 6056 12405 11841 14013 77 6445 19655 3358 15412 19300 2 3166 8405 15150 7715 2266 19004 14799 1448 10936 13647 7639 2680 10899
13982 6672 12764 2821 2149 12123 10285 16724 15458 1692 12448 10374 570 8284 11370 17134 9275 15975 1399 19542 19738 17239 12497 3333 10666 11903
10772 8764 2094 4739 15301 7721 19342 10261 7628 11064 14797 13324 1310 5887 11955 2655 19026 16412 15773 17288 4618 16797 17184 8091 13740 7984
6842 10015 5898 9990 19020 13249 3515 8460 5938 4013 12952 15111 17342 11731 5682 13248 8042 3374 834 11347 924 11707 12476 11617 7375 9290
10163 8588 18515 14977 11728 5646 4193 5984 11122 4355 3879 10903 5154 5845 13512 13733 19901 9706 17247 12184 14422 3944 9812 10270 1229 1727
12261 18903 9728 4525 19511 1744 11571 744 2552 5850 1917 12930 18132 9834 18516 13456 5611 2567 13033 9547 4308 1000 1707 18284 5416 18288
16260 5119 5110 18766 12512 15937 8223 1965 5292 9158 9680 16973 18732 2449 1511 13251 6462 16712 5502 1966 5248 10059 19023 2993 19898 8730
1429 7635 6519 9559 1144 13541 4552 10743 6006 6224 4820 13068 3826 14279 4124 18479 9891 6807 11750 10367 5105 1866 6802 7420 7939 14626
9158 1395 18877 15273 12606 1933 6142 1133 5972 5466 2963 10701 7221 11060 19890 5829 13822 11469 12003 16917 12099 19620 16952 15669 6367 7492
18851 6018 2575 16851 4568 17555 19071 17804 10511 17458 10498 19603 18961 10242 796 19151 17223 18940 11917 13683 8722 5661 11252 3243 11340 12695
15363 6329 5228 11845 8048 19175 17544 5338 8090 15028 392 14440 14059 2036 18377 9615 13524 6435 6853 18789 18021 19394 2950 9200 11064 16221
2180 3301 1479 16545 11011 5783 13999 19084 13427 11759 8614 1515 2764 4663 15755 17903 4543 9876 5511 19457 13730 4686 10199 10514 9767 14131
573 14084 6102 4416 5012 6700 8911 14511 4843 7401 2131 11250 17847 17389 6990 17147 3251 15980 17010 19122 6274 18833 2164 986 11428 14487
5782 13173 211 9864 16069 1743 13800 2132 14732 15797 848 3580 11678 14893 18391 9821 12649 8529 15459 1207 16008 6732 17907 10499 5368 14759
18805 5582 2876 826 11093 18192 1886 5182 3763 12536 16969 7271 6880 19857 7885 3354 525 10455 15384 4685 11761 11787 17731 6940 6997 17481
328 17602 6850 5151 7503 72 15233 11704 19263 11262 9156 15611 15409 7865 19241 17729 13422 2899 11521 4430 10527 17028 18887 4616 17433 18789
14739 14263 10248 16930 11940 19984 13029 4911 790 17425 13835 3714 4591 13063 15513 5788 16728 2609 13854 3348 14685 16080 13023 1905 1288 13294
4986 706 14168 9160 6964 17721 1677 11659 9108 3957 6280 2945 7307 17055 5631 11026 12605 13010 17970 14001 6007 19565 15646 15587 7697 14041
9028 4028 4049 19326 8740 11859 17510 19122 9980 19967 18600 6103 5397 6103 4578 12006 6014 17287 6672 17023 12697 15170 15215 18971 6558 4179
8122 13628 8902 533 12982 6077 1479 14563 14967 1703 2820 6952 15503 13765 8934 7684 5953 7531 19661 15086 4997 16851 9383 1124 2411 13111
13515 9039 14993 2095 2860 12908 12995 15547 7523 16432 682 16580 9359 15318 8745 11918 12934 232 17152 16637 10807 1072 3106 6537 4756 4017
975 1482 11230 8798 12576 10981 10300 13189 10005 10386 13783 391 4252 238 3253 6833 19953 16332 10648 528 13793 18010 1923 13411 15845 16368
367 16264 11781 5832 11282 7967 1420 2230 15246 10497 18431 18865 11834 7997 11356 7444 936 9545 5997 4492 3710 3692 17471 12443 10333 8208
4339 1995 1129 13569 36 9862 998 9273 10457 11897 19414 7902 14273 15477 17158 14102 4062 13909 11066 18765 12876 14226 13253 17098 9374 8903
9615 13249 4535 12201 17308 17848 10374 1962 12758 16158 1950 17392 168 19182 19186 14447 11517 1998 15340 17561 13387 7511 3023 14170 6139 14753
16446 1116 7614 10878 762 16701 5918 8381 12501 7143 16480 11422 7940 17894 19857 5948 14478 10066 3669 6183 8096 16417 10402 1372 18362 17554
15736 12518 13078 18871 6993 9439 13015 18305 18790 16319 19336 9875 1401 9219 17573 1271 11051 10249 1227 1726 2049 1669 4042 17596 7011 19275
9128 2444 9421 3208 14601 15830 9615 5551 18484 14711 12654 11852 7593 6187 14411 16863 2730 12765 836 9509 8684 2783 11593 16892 7696 12245
13405 4629 19151 13010 2424 2690 1740 12427 15308 13449 8322 3067 15171 3247 8501 19432 13886 13094 15605 10104 6306 10210 6838 12150 11349 19526
2432 4825 5429 16118 20 7520 12027 19686 6907 8789 7632 1769 18791 962 11675 11219 12435 2937 11238 18070 2500 17896 10296 7278 17965 538
13782 4240 5634 7672 6337 1662 19672 11979 3282 6631 19319 17153 16854 9789 3072 15937 15683 7842 393 2902 12157 3103 11702 5830 1824 7790
3687 7038 10089 7619 5017 18282 7287 3089 5187 7191 17434 11082 4374 6165 12359 18493 14296 16946 2693 8633 19843 13534 3828 1596 7925 16004
2203 8768 14933 7820 9242 6857 19692 17510 10917 15929 13514 1709 16304 6380 13854 3053 3068 7545 9990 6119 1031 17679 15718 6220 7889 1523
4927 7718 12838 8139 19352 1114 9630 7524 6418 5267 3380 14517 12294 801 13694 14803 17483 18674 17699 17301 12159 9146 698 828 1158 4648
3696 10302 12421 8128 10460 14597 18775 16648 14092 8892 373 4647 13650 9044 1174 15570 18316 9635 13310 10567 5000 16820 8373 4186 936 16465
5942 3464 2474 9141 12028 7067 18395 3215 4063 17351 5892 16963 15901 6676 15173 3127 1402 15932 3705 7072 15732 17602 14801 12639 96 14646
3226 2285 18845 17018 14985 17570 9508 7371 13996 15931 17310 12203 13293 8102 15158 18607 7625 144 17858 16628 9851 14969 19812 5866 13979 5071
19704 10732 17962 8151 1390 18267 19108 3702 7287 9114 19854 15059 13215 6052 17878 17940 6054 17016 328 10654 2421 17923 7785 17437 9425 7643
1593 8643 5451 7594 3058 18823 3144 6500 4412 8285 9871 2232 10545 4855 7934 15241 15848 680 7860 9503 2355 11134 17448 14182 542 3678
3772 19928 10870 14546 3102 8808 9046 11823 19290 7527 2637 15669 3603 11074 4089 18023 8644 2141 12497 8524 13857 12221 6366 19168 1891 7994
11884 9433 18438 11689 18517 4248 17490 1296 3131 17599 10328 18673 11965 5341 18449 1744 7720 13681 18133 1215 16839 17849 7515 7321 19702 13394
1826 13290 8445 16810 10713 11369 782 5094 16944 16169 2242 8494 13863 1658 13612 417 7147 15044 8090 14253 15366 2569 9264 2388 17434 5484
12730 19131 12016 747 7224 10248 3376 15691 10706 1623 4465 1053 16550 7544 16077 8459 13007 18840 8286 5506 12480 5617 5384 19152 174 13798
17436 8069 151 10863 7540 18964 1855 7083 11960 11630 2330 3115 9932 10472 7091 12837 8854 10055 10366 4235 6214 7622 7290 12987 12804 14873
2715 14620 15340 79 17689 9697 240 10697 16292 3228 11566 15997 3981 2676 12479 5725 8205 11243 1586 17613 18730 15080 4737 12212 8529 12627
13254 2416 7646 19531 8004 4288 1736 11750 18737 9208 8079 19230 9539 8387 14660 2331 11274 12147 9220 19063 19533 4318 13784 407 1157 6830
18449 4242 7024 11245 1694 6710 12852 9 7704 4583 2069 11343 12950 15900 7757 19031 415 10896 1561 18925 13461 6770 3758 6234 4821 16550
13607 6537 15723 1754 10513 2366 16648 151 16346 4574 4587 12054 14264 19133 511 17776 6586 15623 13947 2988 15925 12071 13958 16960 11668 3339
1980 18520 13457 13330 13709 11197 9298 7649 12920 40 8105 19198 14465 3802 3658 15043 12403 7510 11023 3496 13352 2200 13670 12211 5400 13199
19659 2277 8093 6022 13576 5099 15001 9932 8632 18941 2896 8165 18151 1873 12089 18119 13137 4259 16882 19115 14092 19714 6245 5998 19111 5767
2909 17929 13728 8666 3956 5852 2044 6551 15843 2288 7367 19814 7118 8832 8382 11275 13348 2741 15173 16628 18083 4093 7719 8083 3489 3947
432 6676 1293 3243 11704 18697 14249 1056 1176 2866 3526 15279 12135 6413 2437 5905 9565 14535 3912 6518 12140 16612 10479 18452 14336 17935
4420 12149 642 14976 6885 12214 14562 6790 8761 12843 938 12985 9534 6088 8354 3498 4736 18236 7562 8942 18991 15564 18523 889 1978 18706
2544 14406 4592 10889 8668 13510 5521 8895 17450 13554 11367 7688 9968 11502 7864 13539 5361 2071 5844 951 16557 8429 19968 14967 13605 8083
16912 17281 7777 8583 3970 2521 17791 5078 7452 9705 13870 8923 14544 3296 11798 2329 15704 9758 5420 10040 14714 11417 17600 5976 4479 14587
2664 11903 1364 4767 7310 18417 17208 19663 19836 10922 14935 17904 1928 11596 14447 6444 10664 10126 13919 19347 4912 5411 7839 8104 18043 17269
11147 12093 1260 511 15818 3843 500 11898 11405 15096 15864 19402 12553 7142 4620 3444 5224 11082 3874 14311 7890 7608 6940 5933 16412 19174
16466 5151 16067 15643 13763 19589 3678 7723 5464 399 14068 5511 5805 2081 17746 5717 13712 2229 12345 3337 18946 17749 13781 932 17875 9722
2482 14478 9354 17410 7353 5244 8687 11986 12255 530 15237 9215 2393 4601 10665 14730 4941 14044 13783 1495 10688 16645 13084 9026 19556 1129
10361 15220 5077 10686 10226 5882 9669 4479 4535 15148 645 11367 12178 15781 3735 4688 2983 2655 8080 11744 14295 15829 8535 6871 12809 5536
9730 1738 8002 13916 13099 3266 4634 15521 291 1861 12328 10991 8936 3195 17913 11870 6055 18367 1269 5662 9023 6067 7394 3878 10664 18991
10139 4719 777 11532 18659 18916 14821 9455 5678 18414 11785 12087 5110 12535 11833 19626 8445 13010 13483 17225 1284 3728 8079 7655 7957 13274
14161 9653 1532 1215 18509 16229 12795 4039 10271 15923 10515 6494 18470 10013 16093 14333 10984 18375 14779 9606 3500 14596 661 6524 2594 17645
9280 14845 267 1711 11232 13205 3630 18187 17561 17860 8364 13662 13685 7992 1911 2453 6351 14748 6338 15288 317 1121 16311 16295 8205 5469
5646 11644 5311 11017 2662 10852 16204 10143 7429 19628 2886 5317 16184 16509 15053 17970 19952 5591 19311 1328 12961 829 12901 6436 9204 13623
6719 2538 2395 18952 1344 14827 5619 4326 9669 14060 10827 4553 6861 2204 15339 18268 10226 8348 19816 4858 5569 13067 15889 18381 25 1659
1631 15210 17547 14294 2912 6496 7495 1581 2738 9708 12657 10748 19363 15995 7003 10903 4573 19605 12800 13723 14688 11329 607 4291 17802 17943
13297 17987 1846 2962 4305 5280 1687 9178 18446 7036 10489 2018 3467 12326 11697 718 2386 9342 14842 12908 2005 7101 7723 14581 6249 3469
2705 3122 11532 10591 9401 6801 11597 10029 19831 11047 12820 8230 9254 11380 14676 727 12571 7749 17943 471 16309 2944 19496 18251 13326 4606
12498 371 7231 14502 19979 11599 13389 9683 4801 18784 5690 4732 1793 17833 3801 10809 15214 566 18973 18863 9688 17967 14826 9220 10071 4459
18942 267 7207 8098 17207 7668 136 7835 14107 935 9163 3500 2550 13829 531 17443 9616 8154 16388 6831 19165 8670 9731 8449 19699 2237
12966 8214 15363 5911 18984 10749 11157 10559 5698 5192 11697 12633 120 6042 16099 18975 288 11441 13828 14144 17701 6223 9605 5717 15284 4687
3086 19313 451 178 13559 17614 18604 11045 15748 1328 19198 13385 18496 11708 2449 9400 1587 15286 2745 14844 8623 14572 8690 1856 6421 15697
10530 11203 8585 13399 10770 1188 15682 12357 2737 7269 17357 18759 10446 4245 19493 7915 3987 15328 15092 5893 6684 3206 5423 17745 3828 13978
13840 19451 372 14386 17360 18407 10909 6288 18602 2407 7296 6613 19039 14516 7974 6243 18217 820 15197 4383 17255 2279 12243 15220 11925 17920
2391 961 19773 2148 7335 16689 9554 16903 3328 16005 17559 11945 14633 7561 9363 5623 9006 3488 7412 12229 10021 13720 6434 10319 12396 4948
6174 19005 12343 6666 845 7851 10791 6783 13328 1414 11957 11268 3700 4690 14927 93 16955 12108 16298 13576 1689 4207 5934 6409 3271 18177
11863 12140 15783 14173 12860 221 7710 1022 6097 11744 10630 14702 7266 14036 6802 1186 14642 15764 11559 3287 6693 14664 8538 18649 11745 11494
9048 11718 10997 17244 13039 12142 1485 3390 19060 7156 11843 11491 18238 18419 3465 6765 17836 3083 2658 13794 1216 2787 17172 4199 13542 4707
7723 10639 17154 3658 1997 18984 11041 9987 17017 15689 2520 7991 11739 5179 3488 4927 8610 9038 16461 7481 1064 10791 7362 4435 14377 3646
1600 6435 4410 16283 19167 10756 176 11533 15758 19223 11090 6409 7531 1866 8406 14447 3812 14765 13819 6118 827 4424 14915 1559 3597 15540
960 3186 8596 2628 5803 18173 4679 12295 8524 12566 1894 2319 6454 15869 4817 17499 6057 5820 17215 2396 12895 6835 7126 8182 13319 10637
14769 14765 6076 13132 2236 6837 104 9659 2109 6990 3069 8501 6052 1742 12375 19978 16371 14770 16594 12568 4252 6581 13810 7129 18058 11684
