365
80 73 72 32 87 69 86 40 14 91 84 59 87 32 78 97 100 40 36 22 74 59 67 29 50 17
16433 4084 14907 194 1296 5532 11148 12803 18218 12526 215 15542 2026 8229 5563 9691 16327 17547 9693 7168 15783 1374 6321 14286 8635 8687
318 16808 3998 15201 14933 7134 3337 2226 3537 15257 12305 17239 14600 1221 13538 5370 19741 14136 9776 12612 11554 1799 1262 13078 19844 5323
15695 17565 12961 16170 8611 13303 14250 1965 13760 15879 12143 477 18977 7430 19738 12928 11233 2190 18014 15544 1733 19635 12001 18515 14769 18097
5448 8943 19074 17873 8862 18333 7187 329 12311 12275 19194 7953 18905 4217 19802 19728 18868 18260 6930 6893 4970 6258 2663 12040 8330 7242
19216 8421 10640 4609 5017 3015 17468 1966 10671 1938 18566 1876 10833 4684 13399 16818 19244 14445 15759 4270 5054 1061 16472 5507 19275 7540
15781 2989 5832 4498 8382 16698 12266 12121 17499 19551 17855 11504 1290 1566 15059 4955 9195 15503 7340 2016 4026 3729 6797 10921 11484 15847
15999 3243 94 12704 13711 8906 19076 14582 9664 960 13442 13857 15971 17205 11415 860 2202 11150 14523 7355 3474 19618 19217 4248 1455 15230
11994 18348 3482 13076 6667 4085 19193 12825 17437 800 16655 2848 16810 752 17192 4198 18720 5043 6166 17055 9754 17215 17262 17031 7391 741
5398 13852 8322 12113 8669 19871 4468 354 1073 15116 19267 18027 16040 8275 18824 2638 760 4669 1072 12034 9214 16240 544 13609 15927 1425
7210 2662 15912 4557 16403 13556 11131 19814 4002 16877 11831 1498 14219 16888 12640 16757 815 10911 407 3322 17253 11945 4013 7108 6177 11366
5121 19885 13457 1727 11041 9906 835 6742 4066 18744 16996 14395 15231 12500 7162 19263 15273 17020 11991 5984 3736 12921 8786 12432 8160 9723
14034 11116 12172 11228 1507 16464 2930 9263 748 15112 601 5561 10107 20000 17040 6504 15878 1193 18034 3301 14331 18123 4603 19919 9858 3736
4949 19392 10577 1954 19505 251 1060 16127 4074 17305 6366 6499 2277 9713 10233 5237 3706 15112 6107 7526 1357 12816 17105 4116 6292 4062
4162 13100 1766 13082 15109 6390 5068 10096 12971 7617 14135 3316 13197 14213 1637 10901 8515 11023 1604 12624 9694 14583 18917 11774 16428 5756
10461 3646 14901 11099 18319 922 18241 13339 14316 16021 13237 2261 13969 4740 6565 15287 13416 1183 3504 3894 2365 2368 19174 6547 16449 14220
18851 16714 7910 9174 10999 6413 15008 17870 19505 1076 16868 18489 1564 7661 18258 13593 13577 8770 16938 4681 7413 4439 8030 4456 15144 10006
8113 15154 14523 722 19695 10170 1990 5007 17333 1392 14652 19546 17086 8918 10892 17936 1304 5136 17139 1636 8123 14291 16279 16074 1367 3691
13379 13041 5070 15027 1348 17888 16007 4547 13175 3771 6538 17066 17961 8344 3898 8738 18569 4593 18750 3176 14060 12655 16312 7498 6593 9707
11975 1278 18308 14227 7247 7104 782 16360 4469 4321 3201 4434 17620 4194 18825 12616 12279 1505 18473 2016 4742 12145 9465 4058 13546 19569
2108 18207 17337 14636 9876 14034 19383 16639 3419 18656 11050 17531 11785 15992 17591 13336 1634 15409 14351 18656 7235 12511 6166 16635 16691 10693
9305 2279 15867 6584 8728 14200 3591 4673 6397 2517 1192 12237 10741 15450 17763 12217 18067 3976 14861 18257 5914 16273 4588 12580 13717 4919
6250 14623 2517 1712 19265 4808 9007 1995 7519 4192 5915 13549 7730 5602 16781 16354 8172 6735 18965 3101 15601 17480 3491 4004 13870 7090
5844 11580 12332 2435 9544 12491 17618 9911 4293 4422 18528 9787 9159 2434 15500 2427 15327 15826 14660 4341 5696 146 4839 11003 15792 8146
19703 1800 11807 5 19235 3830 19128 8339 4527 9952 19636 17097 594 13432 11001 14882 19267 14915 1728 9250 2792 7409 4861 5394 1128 17849
12056 14827 15812 10756 11657 11042 11900 16409 7270 7926 297 2003 14263 8174 502 7618 13157 15593 16614 11787 588 19123 19738 11599 6185 15906
15475 2677 10764 14855 6320 15802 12052 17315 5705 3710 2895 14487 14518 1163 11606 9275 16929 4550 15092 8195 10584 9411 17563 14047 14942 345
18117 3522 1841 19154 18847 6030 12166 5649 19521 19148 18637 8230 16936 15074 16304 7626 17000 3628 2051 14864 730 19794 9768 2332 16631 8982
16668 12967 2108 2989 7756 1394 16230 17979 8640 4982 9561 5767 18742 12512 6168 6815 12098 5374 13352 5659 17906 4665 14083 13967 6131 17777
4811 17752 6330 14883 13768 16002 17555 3629 17923 5221 12925 2086 1526 2593 3887 14982 17909 14698 654 8950 3717 1903 9824 8631 7221 10264
629 736 1353 4336 19336 13678 10979 6425 11018 17605 5073 19657 3307 14108 3143 14003 10075 14959 5876 15237 2517 19370 7428 9940 783 18690
19420 6886 19038 14490 19917 15899 14469 8490 1111 10385 5950 14368 11444 7819 369 18820 10731 4949 3231 5809 19425 5628 17578 8075 13065 18770
5744 9802 2842 8281 7669 16240 178 15735 15799 8623 17319 1963 9720 17017 12904 5756 3432 19812 6801 16323 14346 9490 13804 1533 3038 2495
10215 8315 17038 6023 19807 10852 11100 10462 4378 19352 727 10647 5390 18625 12156 4525 14701 9327 1117 14403 14362 9096 10546 7118 4213 16977
11750 18891 17243 4744 7003 17418 7967 3308 16477 3677 9533 1089 10243 1625 1731 4665 11243 4495 16411 12558 18871 6526 16850 9337 11580 17355
9538 6071 4080 13779 8097 17906 18417 810 9770 9233 3778 11468 10353 15340 367 752 12454 503 9910 7923 19079 11301 12917 10512 13300 11841
10656 9361 13548 6136 15026 12218 12431 6528 2897 11442 563 13685 685 1835 19181 4522 11443 14326 10861 5105 5156 12235 14665 4056 11612 15005
9184 10929 3986 15952 4565 1684 18337 10700 1793 885 7006 1227 14899 15412 18626 3547 18440 9343 14821 740 13021 4644 13780 9353 14031 16230
1888 11485 2232 4194 1187 9243 1600 1202 7614 16943 16683 15316 17255 14177 14670 3579 9656 11353 16691 18538 13272 10690 11260 11553 16797 17299
7377 3620 17735 2946 5397 8230 812 1560 19318 12943 3510 5631 3327 19457 6103 11882 7632 7128 13454 4150 19035 10105 17069 8707 922 3225
16732 6849 8393 19407 4707 19620 6964 15753 10252 11056 13360 17400 12753 12537 2598 11473 14049 9832 1710 17856 8505 8012 4843 4756 6407 16675
14530 4211 15291 12440 5146 5908 8783 945 19825 10123 4496 11468 18897 4981 15075 17672 15132 18828 16209 2889 8402 8196 3031 429 15644 15127
8229 11692 15318 9633 11453 68 443 4323 14098 8652 7417 6239 1219 5598 13444 10113 6609 708 5398 16155 5221 7496 4625 7399 378 12461
12965 1185 16206 3206 8137 9931 15977 11078 18838 17388 4589 11653 8030 16682 11067 16322 10396 19216 12843 2573 11858 8849 19496 15084 8577 13037
11833 15581 4320 7061 12675 3219 8666 14536 18517 15612 8382 12244 221 11487 13724 460 16122 15238 1419 17979 18359 14222 2183 13984 8747 5332
19054 13575 6533 1673 17858 15517 15411 3554 7463 15309 9690 3561 4596 12451 9137 9118 2358 1759 1782 6155 5918 16998 16014 14759 4288 9592
17627 19609 1950 4324 5151 16445 3755 19957 8238 3791 13580 11071 18301 15141 15898 10758 16968 18867 15103 8832 15581 5302 10197 7303 15257 921
1806 6018 18254 16573 3900 19198 18199 6804 3006 13150 15034 14327 18580 9056 17103 6999 12243 10989 3193 12548 9032 13667 17772 7004 19752 17524
1695 13423 16273 2871 7731 18146 13106 12082 10387 10740 4956 8273 19964 15213 6467 8191 5916 14635 5790 4914 62 10958 3246 11088 9535 3009
17720 14490 14295 11848 8620 17446 8766 18844 6780 16691 5894 2497 13252 11918 11364 14631 10720 8946 7557 10408 14761 15129 687 5327 8583 17916
19113 12172 13296 19889 1932 11555 9863 18321 12687 7418 18597 8204 19193 8220 6211 17517 13094 1262 12093 14703 1792 4207 8271 18834 8097 15533
15221 14200 2000 7937 19857 14022 7084 1826 11866 15409 6859 11529 291 3231 17257 8030 12049 15875 11607 2231 13615 8255 5479 17550 9562 14988
9348 3491 16008 6956 19410 12457 10220 2786 14093 5283 17969 14610 7581 2746 17240 12344 13208 15882 6641 5661 1957 16527 4195 16552 12704 6185
16947 1808 10809 2789 14181 18028 1355 16473 15538 12613 11853 17530 13204 18551 8133 18008 12517 19763 2749 15777 18827 11254 2304 10070 15971 4361
19031 16634 15233 1164 14879 17508 1893 687 19815 8123 1617 1584 14369 17594 9483 7893 1503 10112 3230 7401 16023 145 15564 8935 1338 5255
3575 9349 5056 1530 16228 14944 5660 3831 8636 19356 633 17489 866 17644 2526 15123 4609 9448 17851 15688 6010 1341 11929 5263 11348 8923
18606 19665 9279 19898 8933 5481 16260 742 17853 10768 19921 6170 5968 16576 10391 18597 2406 10678 6877 9645 17640 3240 13644 3096 2156 3655
19813 13231 14014 7121 11312 19378 9205 3117 765 5385 16576 3675 2822 9507 8404 10338 8662 424 5909 11645 12500 5672 16579 16680 10777 12543
2505 15171 10936 2354 17038 3131 10537 10337 10671 7613 13029 3406 14460 7083 7588 7466 8760 10064 17398 11616 15204 8969 3374 10119 2212 18186
8084 3750 1453 10772 14246 11133 15010 8095 10621 15193 12335 4855 14692 3469 3742 14019 5241 1676 6840 10691 9386 17374 6869 1095 13081 1769
11491 4383 7944 5974 1194 3417 9445 7982 15377 4046 8686 15551 18769 1551 12648 10003 16267 9725 6098 3395 17873 15747 14714 2488 11072 8509
12752 10173 18161 12907 9534 17432 12649 2420 15236 16978 8169 7664 2283 7410 16904 14377 16555 8104 19248 8942 6770 7817 7604 16222 19775 10745
1305 1384 19215 12496 6615 15894 3121 7184 17722 11801 11676 9243 7321 7696 2651 8005 7965 9599 6324 3483 9442 13389 4978 1512 8313 1206
19516 724 1034 11504 368 7542 14428 17518 15326 10395 15408 10600 9768 1657 9670 8660 317 17892 18642 10135 17249 12223 1044 7742 13671 799
641 11405 4505 12745 8386 12548 6449 5905 1971 5646 1875 1748 9350 9700 7694 4804 2983 10604 10991 11690 18325 12248 1252 1884 18081 15050
10327 17975 4456 7749 11973 13498 2912 18203 1463 7976 12410 1997 156 12458 11663 9899 9635 2929 6610 11595 4046 17025 12161 803 1869 13638
16376 11151 19952 18788 12293 11633 13295 6901 12767 7873 111 12530 14666 683 17079 1420 225 2744 2407 8169 12451 337 4974 16489 18798 1544
17397 234 18022 14235 16505 14068 11346 2779 19735 5004 5540 7568 7699 5554 6141 9608 10419 12930 14824 9466 3562 1345 8469 17341 12002 8608
9796 1553 15520 14056 4771 12378 4755 19677 768 13641 9296 10199 19665 10960 4706 19434 3431 17347 10298 9482 4395 6465 11486 11539 7018 8849
7073 8549 12618 7886 564 17641 100 17154 14046 13669 9886 17699 19124 3562 16320 7559 12681 18180 9413 19957 11647 8429 9979 975 17058 3033
5989 11837 14814 7157 10983 17104 12789 15101 321 1699 2903 5965 9961 7236 16854 18589 8951 4911 18336 18697 13056 11459 3930 10784 8598 16552
4047 19813 14948 13814 12193 1319 16482 7387 15523 1284 15884 7047 5772 17277 453 8990 10472 11063 5635 15610 7582 266 12564 10535 7989 2435
10036 9380 7019 1013 17394 12968 6902 10469 1155 19101 17427 18600 19696 10344 7877 17552 7537 6288 6218 11417 15153 18585 19164 3092 261 19170
1585 18009 5330 15279 18385 16858 1033 5992 2949 15909 4131 4778 9288 2474 12169 18201 6153 4246 4101 18987 1001 12590 1381 5591 2591 18513
4479 19447 15183 308 15420 16181 9686 3729 8115 13857 11526 6385 13380 18526 6492 3450 13643 16052 14272 14193 17881 11488 1899 8674 5705 16280
9441 15711 11177 2128 14783 10028 258 15497 4696 16732 5146 8240 10542 6330 4231 6379 7702 9834 2582 1182 17589 13373 3889 4741 14211 4533
3063 306 14269 11719 17604 13728 4265 18547 13921 8445 7044 14344 1479 7798 18125 7522 16539 883 8520 5228 19522 5955 13876 17521 9820 12817
658 2797 18871 10223 15728 4275 5854 18512 18018 13010 10620 6003 5432 10487 6705 16789 3367 7378 14621 5372 8262 2678 14861 674 14048 4488
13968 14093 15337 4485 2790 17512 5225 18484 2071 8075 1253 13520 10825 16566 13598 7014 2552 5592 11788 8630 13775 15244 6977 7463 4642 10003
4851 79 16080 13711 14452 8670 6276 9275 15642 3060 5113 4908 14916 7310 8647 5951 19294 32 18769 500 13934 8623 6091 16312 9737 8380
396 17670 6687 4547 15950 18682 14872 3243 610 14814 10931 14079 12133 17248 8420 7822 17657 14710 356 8318 13244 12509 7002 18770 16995 14731
2879 13656 17470 13851 18365 15547 8102 3083 12602 2990 14115 17706 12612 11854 6606 1898 11915 3160 13790 2548 14255 15047 14822 12451 9799 6425
16376 18188 18348 16871 19196 11047 13332 7792 13604 15899 1600 12526 9342 2706 5619 11004 12350 9704 12420 14126 4155 6038 13709 12254 18082 6800
15368 9243 1996 15917 19941 14311 11419 19934 17205 11023 12075 17863 687 19956 10301 6966 2726 14698 6245 3988 6478 188 3167 19436 1213 9842
2086 8756 10100 9635 13211 1770 7445 1719 11374 13828 12138 18973 12693 18421 11015 4201 10123 9715 7957 9312 17233 14321 17700 5225 6153 1306
4199 9999 13149 4517 11530 2493 18692 13256 5081 11138 2835 9178 6478 1868 10892 2329 8995 2800 7108 12421 12314 18443 5134 18503 5295 4624
18027 18825 16692 10584 12356 6629 5628 7322 15698 4322 13122 11927 4155 646 9861 1046 1724 5473 11304 16530 2528 5527 15068 12982 10504 7749
6669 8328 3942 17654 6337 16414 13471 15012 11088 215 2845 12551 13669 18083 18882 10926 17892 1258 5924 11740 12092 9018 14042 3893 13575 18078
10749 1995 11624 3602 5315 7119 2619 18829 1804 6728 7348 7216 3438 18362 13829 5119 3363 15054 17685 2658 2369 5437 2608 13382 14030 7299
15240 646 11336 19955 12657 16220 1018 14519 16752 15751 17296 11414 8118 12606 2493 18346 12455 5907 985 6461 11345 10022 7565 2128 18201 19073
3321 18281 3651 2842 1116 65 18 1485 7053 19354 15410 10451 4036 11781 17742 13102 19000 10390 12356 2791 4388 3005 8892 1947 356 6107
10738 790 1435 3074 12585 2869 16966 5573 16788 12544 9757 14509 10152 14264 16442 18710 4893 6573 9160 1446 16885 3222 4471 224 16540 5930
13807 1967 5155 19353 8403 14650 18476 3349 7051 19325 14893 2928 12069 3406 5317 3126 7363 16744 13062 13656 15398 3877 4891 10023 3714 16616
6842 9721 786 14542 18470 6405 16859 14078 4149 8300 616 1389 12260 19519 17967 1866 19360 9452 17754 13818 3975 3152 9345 19224 4750 18224
13596 10404 6899 14358 4732 7168 2317 3822 6731 19042 14244 9211 4920 17912 17992 18333 17970 4 17975 6128 8423 12888 19142 13226 16631 10042
15979 2988 18571 12751 13673 5474 2306 10514 18460 7837 14661 7304 329 13939 13290 18079 8701 9498 1726 13733 3014 9820 7100 12191 15282 14139
12832 2778 4582 8515 17749 2441 2900 17713 13391 4122 15420 223 7703 6308 16923 500 7272 5500 12090 6425 2309 5018 4327 901 13634 1801
7466 779 17173 16352 10579 14925 8938 19688 7831 10449 5685 19925 12816 9750 17984 3224 16067 8086 16980 7467 11770 1144 9446 7594 7752 9485
13276 15335 1772 8239 10755 7473 4640 4032 12073 9027 8370 6370 2442 13769 9284 4834 9888 18722 13652 966 11109 1390 19761 9344 2039 11340
8284 424 4391 1982 7 14667 5395 3284 10417 19774 7089 7705 6512 10197 9598 14459 17093 2212 18475 8736 6878 1182 10809 12400 3609 1815
4622 8522 11885 11200 18891 3347 3296 9253 3269 11858 10039 6795 12651 9305 18007 13969 9495 10019 13546 2152 19660 9005 19005 13092 14307 7392
8253 15221 8947 12606 11001 89 17975 10020 9252 12074 4643 16452 639 5519 636 9562 4011 13973 14653 8451 15895 16162 16683 1298 15030 15022
12830 6 8057 17080 7918 17309 2252 5205 8391 5187 10580 1375 18252 7360 10178 19693 11176 3050 17729 9819 6225 19181 341 11536 13399 13468
3727 9007 18820 7489 14429 3754 10017 11598 14989 5735 1918 8583 14082 16484 2399 9010 9991 18040 7688 12158 15123 10590 7416 16570 1160 12046
16746 13769 2211 19560 8831 10037 17784 3448 5821 6581 3942 19750 17155 2249 17424 15733 19020 12969 14394 8186 986 5871 17752 12129 5338 2406
17454 9679 11870 9570 2974 4734 2127 19405 11422 15191 16630 16207 9223 816 1714 7856 10577 2731 9694 5040 2725 13448 15570 18296 18658 1222
15746 9644 14809 3304 16780 12044 15791 16499 19459 2835 7153 6755 6417 13418 15955 1586 2482 8144 18308 7312 17760 5608 3108 5039 16095 19185
19459 3615 8780 18319 10515 2896 631 14050 6233 11154 5151 8646 14381 3920 6125 11935 6383 16385 14544 1092 13832 19579 11308 18600 18634 14830
12196 17422 8429 12617 4182 2549 13729 3324 18820 7041 8617 4339 13740 10549 17368 10538 8141 431 11829 1821 4226 18402 15879 17986 4718 1012
1445 9575 11929 6184 2863 8962 6219 18343 15600 18955 5425 6023 7110 5427 6593 13087 3634 12857 5183 912 15553 11028 16242 17360 16626 7793
5619 9332 15460 4083 13955 18707 6062 9992 15141 16526 2431 7897 12989 15607 12415 462 2566 18297 17307 3865 14914 15 12268 7674 5179 19111
19246 3308 2085 9650 15783 2535 7507 14789 16133 18701 9346 1600 14299 9366 15016 8816 14134 17541 12211 1329 13052 18239 19764 16799 5936 10372
4524 17547 14870 19543 7178 18594 11836 19803 6729 5167 3671 7524 17835 17780 18172 11164 10273 377 17659 1801 10592 3415 11746 12438 6354 6474
11151 6891 3574 18774 11911 10440 11762 1632 2937 11808 6503 15151 354 4477 2386 12359 8494 77 2281 7184 6919 14300 8866 14646 18997 12211
9295 8290 9265 5317 15847 6823 6078 7882 11985 27 18236 13975 17318 9903 14976 9490 1777 8707 15608 8330 17521 225 12010 6814 16471 7089
17695 11276 14626 10867 7383 16467 15893 2447 19399 11739 608 16496 8940 11996 6777 16839 11652 3938 11969 17625 18798 4136 18213 12899 19802 17449
17442 3561 166 8271 16701 1048 2971 1713 14621 19402 15398 4014 11649 5531 2963 7501 7069 9343 17736 6902 4950 14503 7974 17517 16072 7037
3010 18538 16979 16849 12395 16588 13844 4200 1668 8858 13776 15888 1826 11933 14114 6059 4200 861 1380 10758 13320 7134 12828 11079 12033 17966
19966 1370 8846 19219 7377 18551 724 11606 1042 13671 18457 19923 3865 15941 11332 16468 6620 6906 11034 14642 4298 18806 7268 17478 11297 6503
6149 9786 4702 5953 11106 3756 17207 12842 2335 11211 4957 16008 18564 6068 16529 1382 16270 3662 9729 792 17268 16541 2827 3988 13248 13407
10677 18626 19797 14335 9251 1742 2547 17089 12679 8952 3075 10579 15609 11988 3411 12106 9420 6392 1993 16176 9942 5185 19661 2322 5267 14445
4387 14981 10684 13780 10095 17279 14443 2937 10471 4191 18233 18704 1699 2838 9305 13693 1441 3640 8803 3494 10742 12488 15015 5779 16204 9767
13599 13807 13564 2629 18790 10006 1978 8092 8843 18326 527 4426 14080 8810 8517 5663 13871 91 6111 5053 10214 11429 9482 8612 13643 11029
18875 13386 19750 12096 9111 16523 11510 10258 14866 1399 17405 1332 3415 11902 19830 3125 9334 14869 16145 17580 4553 16749 9776 892 3107 3633
5403 2233 5280 8474 16586 19529 9210 5542 9116 6701 6749 10814 10350 12485 7814 2324 4022 9885 3696 3810 7323 4059 11212 4739 11077 10845
19144 12083 17826 983 7279 2339 17137 1202 9799 35 10043 11102 15373 1658 18203 16805 12705 10360 13636 14460 13575 13647 14975 7757 2650 2272
5819 6981 18977 5367 2068 13785 14077 706 5067 10509 5871 11163 7364 7017 7387 7914 6244 4692 6358 7015 13511 4360 7934 17532 13208 15669
18527 1977 13431 4494 10338 3054 7223 9735 5874 4571 12130 14150 1997 3943 10112 18358 9100 14984 15735 6628 3492 12204 4467 4422 14287 2094
3967 5730 14410 18337 8024 19283 11356 17936 3179 4515 682 17145 15288 13093 18529 4621 18909 16969 16783 3330 3818 1971 17889 9033 12786 5928
16655 972 12540 992 19629 6775 4712 2649 14475 5181 16371 1900 899 5006 11832 16366 2333 5364 8681 12039 10987 1240 1401 7340 2576 19367
3217 17889 1159 8419 10011 9356 10394 9896 9959 8731 8709 869 2981 4679 8633 9577 10992 8136 5987 8741 8372 9225 9717 9851 4861 17429
12325 17722 2065 15282 13175 207 1864 2241 725 16590 8142 10736 919 13198 19631 16804 2605 10798 5848 3397 19610 17321 1819 4999 7216 19694
10177 1087 13217 15936 1440 529 18490 4486 10169 5670 10182 7712 2541 2560 16721 10393 1054 18248 12958 8060 2168 17965 15525 11711 2372 7428
3544 8433 16124 9805 16576 5911 18989 7967 9355 14186 244 17784 16326 9567 18027 4045 2693 707 14615 2251 17892 11025 11646 7485 2178 3112
3349 1450 19765 9887 9963 13274 5897 13845 13785 7824 10674 3838 8976 17614 4932 5771 19200 15762 5056 6924 4379 15854 8712 7242 10960 1045
17139 7399 14104 8784 17915 8325 12405 1815 15433 4230 19997 7276 2205 18743 18287 15050 635 15406 18064 1754 18015 19125 15761 8760 11400 19837
516 7924 17859 6954 9907 18223 6309 6254 10425 521 5775 16912 16763 13431 1955 17823 19833 1837 6597 2426 3606 9482 13334 5511 8328 8686
10625 11700 18431 10295 13411 7314 2359 15126 4669 503 19180 13171 6122 2769 13376 2354 15326 19949 7590 13419 10555 3100 4605 13559 2804 5419
19996 7397 1774 16769 3519 1695 13439 9085 191 18636 18973 13074 13832 4779 10119 12548 13002 14376 5880 4508 2601 5209 6711 12408 656 17400
17499 14812 16044 8479 2215 10980 18213 15462 14146 19527 779 5396 18948 9518 9927 17659 9541 19991 11342 2841 19415 4116 17499 7013 18924 12227
4463 4671 18913 4757 17296 2769 18977 3801 11863 9182 13908 2752 17259 13939 1537 3683 12126 17044 16853 18571 4 18830 13657 15078 222 12862
2867 11847 1366 15799 9935 13852 10214 18957 5230 4399 7230 641 17109 7109 18732 6252 14249 3460 18000 5343 3114 5717 19635 16142 5259 5472
13072 10474 13615 16990 10972 8740 6870 7059 9809 3734 6089 14783 14656 3337 851 16852 19863 16989 12093 3937 562 12208 17504 12118 19874 11791
19936 17365 11488 3400 1545 3897 13179 10458 5465 4957 9217 7614 6082 6754 19738 7935 18842 12493 6110 15380 17589 3709 4299 17402 9371 15166
1285 14818 6664 5351 14655 12890 13821 16959 9408 17789 15386 8533 5536 5298 258 8275 16518 17928 12673 18053 19859 2203 15568 12265 8715 18634
3201 13520 19351 691 16227 10088 2620 2776 14489 8263 18681 13361 4146 3725 7013 3910 14531 18685 5325 2015 16023 9321 19464 10275 8462 9938
7653 11196 15060 7458 2600 125 6894 1354 5220 13691 10783 18788 3915 17471 9021 16600 17818 12634 2054 18359 7352 14195 1922 6380 15265 19536
4916 4455 9302 8290 703 4802 19875 5751 18222 4612 9872 7343 16899 17432 8913 17008 12482 14111 5272 8528 1389 9457 13147 12577 13249 7156
6462 6767 16468 12664 18153 5974 4321 3707 6321 6582 2853 7442 141 2017 5486 4477 7695 9775 524 14311 13577 18069 18540 548 13338 11210
3875 18544 2202 6541 2199 741 2292 8013 13921 7321 8777 371 6331 11969 10552 17683 3130 13119 10275 12465 10412 553 418 14460 4586 9347
19649 2894 16944 6393 12570 15094 8869 8293 10699 14068 12714 3469 18897 4522 8621 12771 3551 17343 1311 10583 18038 19080 13943 4331 222 14383
8459 15594 8075 1413 54 6103 5562 14940 5903 7478 10880 6734 12650 18300 1475 16969 11099 17278 16058 9136 12204 17931 9628 17586 5462 16061
10314 14233 18200 14378 8238 15508 12070 1448 5586 113 17786 19787 10335 14149 19437 4477 14567 18182 13495 8801 3488 569 15997 3443 6719 3802
4473 3321 12034 18355 15756 6181 8031 10862 12804 6218 10644 12715 2374 13749 1961 11522 15135 15007 8375 3780 10082 8953 5619 2368 10713 2408
11948 12046 8362 8695 5918 7882 416 793 10431 14245 12195 1691 3375 15154 13571 2696 14420 19370 18359 1748 1518 1436 15925 4978 17994 11329
8616 8283 1964 8305 15240 4336 4639 3134 10128 11113 10591 1152 1632 16656 10681 1562 11065 12225 3595 1584 14018 6959 11091 3310 13012 11406
2245 17621 19140 16489 883 14757 13523 2534 9565 9900 13622 9126 11234 19622 10506 1812 16993 4963 6976 14430 16134 11096 8939 6014 9519 7056
1512 10580 4652 10202 2901 14250 18149 11182 4643 19279 12019 3860 5320 18332 17605 2130 14095 5859 12110 1050 2459 9155 7101 16496 15125 18704
14990 12184 16413 9077 2819 19211 3021 885 13572 13622 5068 194 558 11019 16583 19972 16222 16157 4349 2075 7367 12856 2998 16131 16992 15384
12437 13202 13199 5603 13878 7808 9683 9531 4081 9586 12467 10667 5534 2778 18665 641 4151 6663 5337 4094 17399 11290 15769 17351 815 6088
15902 5145 19893 15859 3921 6498 5495 12794 1970 1545 4023 10136 18998 17621 19176 8583 5226 10322 2897 3660 3875 17924 13297 13165 566 16748
3285 14218 15084 15046 2834 6384 18578 2035 19201 14673 562 2909 6737 1635 11950 17350 18324 8386 12292 16298 10766 18837 13547 11167 67 10629
12977 8716 4472 4482 2441 8773 987 19309 9090 14162 14922 11976 17962 5581 5341 12397 1826 9636 17590 3488 18315 1240 1387 17073 10769 2993
9673 8096 16161 10547 661 10574 15151 19808 166 8734 7360 7412 1909 2948 1065 18294 17839 1209 5659 4636 3579 7868 11057 12261 2070 15487
14790 19491 10085 16433 4872 5447 7350 3648 12364 2962 19914 811 4371 872 11375 5626 9906 7893 8244 6363 7982 430 1083 10611 11079 4006
15183 18299 3754 1671 6462 14079 10683 12319 85 14442 3890 3713 6970 7962 2620 6542 8320 12678 15053 19549 19278 3055 10478 6226 10724 16148
19968 9739 13361 18659 4164 18257 6966 18147 5051 11637 2970 2708 176 10406 14658 5973 2591 13184 4393 1411 11787 11297 18124 2585 19626 7761
19938 18296 12448 6398 530 5804 67 932 19442 9269 6099 12491 11029 13662 1221 13139 13888 4888 1636 9636 19582 7280 19106 13261 1315 2042
8330 14767 7681 13739 7115 70 17359 1452 14784 6219 11501 18399 17774 10272 9280 10539 16140 5165 15236 17297 14857 6682 14601 14531 574 4732
3009 14362 14194 505 874 4498 8842 16818 13550 14444 10475 13363 495 11395 8295 18229 16647 17341 13120 9482 7441 6743 7383 4154 15239 13122
19287 14633 7728 19456 707 6594 12998 11364 13120 17189 3336 3005 6055 9851 11874 8546 14644 9333 7138 13567 14941 1553 5126 4472 12645 6613
10293 17336 8274 4450 270 18822 4884 11405 18630 16431 16390 5935 4038 6686 6721 12970 3579 19547 7657 6866 1329 11596 9378 18091 19015 12254
15541 3995 8123 2223 8492 17894 18141 370 18724 8969 1908 14185 1878 1190 8179 1880 4616 8417 6421 995 10840 3743 12284 11189 15886 10762
10817 1685 11468 11280 7566 2131 17913 9071 17752 19564 15940 19897 13769 7555 14180 14669 14264 8095 18347 7144 19315 3922 15094 8987 8133 2243
15909 17518 4966 16379 35 15927 14315 10215 18702 16102 2382 658 2007 15220 4545 12671 10610 2462 19772 11132 16065 9590 525 13090 13986 15451
2921 6510 5799 1030 13028 10591 19087 14036 19337 10864 983 15637 4878 15068 13735 10066 2327 18934 19993 14953 10691 17729 3795 16884 13797 7596
16815 15430 4100 1751 13615 1188 963 8504 1835 12815 650 17032 12596 18268 12213 6975 19177 19879 10309 11919 6747 16457 6197 15860 9852 11932
17645 2552 15470 19474 7225 6993 13823 5280 19755 7676 13770 5368 10313 4721 7629 6222 5463 15057 12005 16238 17881 14857 2816 73 18504 11612
4430 8148 2856 8330 15230 11231 11971 9639 6810 18455 19339 6941 1771 10270 2332 5973 12811 3123 12172 2417 16776 16389 2559 3694 10977 10887
4088 3417 1564 4688 5905 10458 12343 2097 2865 13591 4174 17617 6396 7490 5215 1765 5808 11921 7088 4975 15530 4167 13729 12550 7142 8099
294 5724 6321 10039 16348 2338 6159 18846 3209 7450 589 3598 12119 1786 15295 19721 3981 14930 16546 13729 3796 7203 13586 19535 18777 15849
16361 940 5970 17837 3500 18914 3721 7493 2863 10194 18698 9626 2991 11320 462 10332 17310 9833 19652 17030 18613 12075 13431 13727 6982 13879
9181 12521 3137 6934 19402 18906 2962 1210 1644 2096 8561 7724 11553 12737 16806 13211 12561 634 5358 18118 4222 3136 7466 6623 11367 7368
19627 15621 687 2152 8993 12281 1616 9146 9759 15155 14353 7241 11128 6249 17245 472 6136 2205 9123 6617 16172 14549 11879 6649 17735 18324
16897 785 9970 2317 14063 686 1282 16260 9118 13103 5568 5410 14302 1043 10831 13061 3823 5512 12523 9668 7377 9011 12824 1791 10824 4231
10600 11025 7173 668 6012 5475 12314 12121 10156 17108 17439 15315 439 13744 7816 18691 2270 2290 17466 1471 8980 6574 12791 503 14934 17314
823 3126 2988 17067 13527 18790 17710 5977 13945 12514 9717 8124 2063 13229 18992 16599 6263 8721 5700 14322 2336 19542 5693 10295 3262 10976
2317 1733 9904 15428 886 5431 5228 531 12475 12114 1665 10218 15073 4416 12720 19681 5158 1286 9302 13205 17988 4548 15717 19517 4017 6036
8133 18366 5457 6483 16823 5833 9533 1801 19086 15669 7756 4255 14292 6388 2113 2651 9121 1400 12320 7122 18819 4014 17912 19778 717 7348
4848 7664 16077 10960 4695 9082 11086 5718 18681 17988 8469 3679 13901 16603 10375 14956 5510 10466 6886 5994 8529 6628 11922 6536 19546 8410
299 6744 8019 12301 1879 1432 4034 2744 6599 10876 16649 12501 4600 6623 7043 10755 10468 12339 16442 2298 17853 2095 19749 2685 18846 15606
8967 6010 4423 17113 6802 9836 14420 6059 16413 181 901 11615 13077 17751 13808 7773 19648 4569 2911 19018 7867 333 9244 5485 13704 19093
8127 3782 17144 15836 13410 1696 7128 17394 3164 13462 9230 6889 16607 6702 17659 15656 6953 4199 15405 12102 19873 19385 2534 6160 8137 7275
16851 16105 13432 399 5185 11025 18811 2746 4022 3088 6454 15038 17563 4044 4452 18785 1808 5184 15206 18758 11256 12911 14732 18751 19509 16127
1487 6949 10037 14048 5889 9955 7409 10294 15832 13099 10580 16985 6692 15593 13978 14066 8739 3575 3827 466 7128 9390 506 5476 1710 16601
9482 473 4446 7684 651 12632 9117 6438 11344 7775 3233 7389 13575 12621 14945 14662 15749 3221 4771 2245 4404 633 11534 12968 13818 13204
15925 6634 5248 11618 14231 1910 11554 17919 10590 15757 10790 18867 9229 767 7608 8252 7634 10142 3477 11609 19551 2783 485 6028 1471 11346
12914 7258 8446 5363 17 18841 8464 6480 5081 4762 14017 18973 19962 4814 4023 1933 6816 2415 5519 1666 8007 4740 7678 215 6382 14574
14857 19931 15701 17202 19306 10357 15288 5300 18859 1565 17408 2460 6059 18932 2524 8592 4789 3259 17187 244 4830 19987 12016 991 7166 6202
10692 16382 295 15781 13259 15735 3106 3283 2584 15919 7922 789 11461 7607 15439 7863 5547 3259 10478 6810 5404 10367 7797 4562 11619 642
11926 4546 8021 9719 4631 3248 5390 10675 2553 6217 15608 12832 12503 8007 1994 18968 14385 7450 1717 5335 16243 17687 5541 14554 524 18892
17133 4035 4585 17644 2030 315 14364 10773 12917 18431 15726 17763 7163 16069 221 13012 11515 18777 7069 2559 12421 11638 9028 3207 3684 16083
6365 4554 18519 3814 6888 3766 16413 10839 14586 11250 12010 6763 2825 4935 12674 4846 8519 265 7603 881 16957 1604 19991 857 14205 19696
3961 16422 1216 13968 5721 7780 13627 1886 9192 8317 3449 5733 2519 15735 15463 2062 17392 3242 16025 6563 19128 430 14272 11176 1873 9873
10050 13246 5069 2015 8627 717 12757 17972 3232 1739 8359 10142 18522 19647 10693 3293 13872 15739 493 5313 6360 804 18177 1794 19320 8125
15523 13519 9395 16753 15727 16082 16107 2769 4410 10964 10206 2181 5759 14991 2791 3711 6590 19492 13265 9343 19307 7381 13340 3844 16446 5746
12663 11416 3240 8811 18277 17723 14247 5706 10939 11838 2641 18698 17010 10107 12389 13729 5026 17788 12122 8235 11228 17630 14888 19657 18681 10308
7645 18229 9353 4375 12130 10686 7482 16713 7769 3506 2625 5249 14376 15280 5801 8976 6094 17687 15057 4468 9291 17765 11117 18525 10215 905
2123 12536 5167 10895 998 6501 16381 18285 19167 16910 6915 2959 3126 14895 11500 8430 9433 3285 5659 3984 19979 16710 17068 12565 11416 17078
14294 9091 7754 556 4349 13378 16260 700 18890 3496 3253 12201 5281 13640 7567 16666 12022 7289 12694 10024 6130 11778 11284 14801 7960 1885
15417 3878 18284 7685 16436 6681 7545 4844 86 484 12225 9582 12801 12900 14272 10126 16695 7521 2722 3757 2798 19166 4274 2908 18354 19450
4223 4774 16339 18360 13005 14423 2014 12706 19705 8538 15986 5320 3592 18904 5717 3984 3134 16115 9500 4442 13880 14606 16869 18723 1664 4668
5411 19487 16857 16866 335 4539 12020 17785 13507 1387 12263 8692 11878 3440 4156 11631 5432 7218 6723 19988 5483 1787 8088 3399 10851 223
16811 2564 18396 1424 19798 2504 8602 5598 2384 18345 15931 1726 19011 19287 8923 525 581 6723 8767 10964 6366 8947 13125 6445 6692 18021
18955 2089 14465 1141 3139 24 10295 19068 19025 18733 10713 15928 16795 3648 8671 2153 18049 4959 19534 10815 16182 19673 2343 11141 10667 7714
1611 14706 19396 2632 16030 5579 9546 17267 11607 7720 8493 10459 815 2640 17684 15789 6854 7856 1620 7732 6353 13149 14282 5707 14011 13854
19941 9013 16374 10335 12119 11674 16555 5590 12151 9160 6698 18870 17563 9983 16243 2366 16253 14924 5012 10600 3857 17094 3223 17644 13604 9192
7420 13449 9840 1397 19631 1402 2066 3896 3218 1799 17838 16205 12151 3008 1326 13463 15453 1770 3055 12773 7012 2473 19370 15211 2143 9340
18211 5998 18516 6247 3187 19643 1613 9880 19394 1484 1008 23 15984 3944 2737 13492 12297 4055 82 8301 13247 9705 14316 5782 15265 7344
6218 15684 17587 17081 16954 16752 17987 4171 7934 13601 12454 10909 7654 3478 1142 12443 12368 3077 2958 15331 7678 6876 19718 10967 15560 7329
3479 16990 12787 3565 19620 12670 15850 9469 13013 5441 11882 11326 12835 7522 8017 10410 16100 10254 2639 16421 17579 8845 3496 4575 8619 16280
15335 3028 19706 13388 13382 18048 6221 13910 11843 5130 8331 2222 10590 11456 11485 13397 12900 1003 7388 11891 10324 10035 13147 10351 635 6436
12075 3538 4040 11795 6369 2280 8205 17151 11493 18874 13037 11674 10099 14728 1396 3475 18123 14887 9274 2768 716 9243 18578 6834 12716 7558
6842 17037 16445 14180 19436 517 12435 1897 16256 11409 15034 7367 4320 1856 144 4205 378 8572 4440 4248 14118 11076 16581 7448 5215 7160
9977 11707 19207 513 15281 7984 18265 12190 15781 10187 2927 4243 5434 5996 14024 6445 19290 1747 2646 18449 2392 5986 3315 6550 17786 7464
17701 7697 4087 1930 6862 14316 17059 3731 12319 13945 13007 6918 18875 1384 18172 1323 437 18377 13784 3055 17929 427 19270 19183 14663 11019
18396 14568 7754 16480 13334 7785 5877 1910 18415 9642 1807 5498 3350 12291 14442 9865 6275 18565 2999 17880 15837 11223 5577 18231 17149 11884
10603 5758 6400 15633 13082 18471 2782 11344 512 14553 9773 3341 17602 6208 2637 11644 3732 9592 1751 17958 13328 2959 2913 12238 15079 9223
382 1762 13356 7007 11607 2000 2974 3971 1747 11842 18657 15353 14240 15625 1007 18020 1750 4412 3681 4663 16959 12370 14629 615 13183 1787
2395 13958 4512 15960 8852 15466 8975 250 14024 4987 13922 8502 426 18509 18975 18000 7951 8196 4908 6872 10233 13767 19728 10360 661 16328
2777 372 3146 8051 15427 14304 5306 9172 12641 6073 5077 1596 13862 7987 13635 1810 19907 19357 12588 4854 12675 440 13661 15514 12609 5962
15658 19310 3186 2324 2725 5552 10321 11254 12960 11112 12589 14019 8998 8186 7633 5074 140 8915 18612 2074 4557 16796 7224 4884 16894 5783
4280 9925 16473 17708 6070 17702 16483 3562 9384 5041 10681 7586 18824 18593 7917 17080 12747 10324 2683 18466 6354 14749 14772 1412 12646 16760
6 8430 9047 9661 2542 12212 13025 8756 7651 10591 18736 14947 208 1822 9754 19605 17683 9379 5199 10289 16514 1617 14238 8851 14502 411
11546 18535 9773 231 15838 15405 19074 127 11562 11085 10637 4042 10667 18280 16189 11759 16640 4647 5663 11596 19353 2043 18897 19621 14327 12609
12070 3564 1410 18605 4596 5640 8762 8439 9008 14737 14068 12721 8595 19774 7771 10045 9557 19391 18202 8516 5051 6094 17312 17744 6626 7239
670 7938 6105 4973 6364 2386 19160 11564 17687 2103 11631 17809 17609 13195 3388 6378 7850 17581 17157 2015 11312 15411 18704 10153 71 1747
16025 9648 13341 6613 12385 14786 6519 4295 6962 6102 9029 1536 2494 9043 3464 7013 1685 10132 4695 9676 8258 10993 133 5027 9010 4281
9749 384 2683 1573 15497 9828 5690 12104 11540 2315 18427 12457 3047 12037 17650 2052 6416 4320 3509 2436 2648 9590 8180 14164 13342 17550
4408 17997 13524 4977 4565 18951 7253 4268 240 19365 18717 17075 8008 15126 9908 6681 18882 14938 19822 704 9372 13501 1935 9061 18333 13991
17925 5921 14371 8229 6958 13468 4971 2727 10330 2074 15687 10028 3873 18853 17524 14560 16082 4391 10416 4843 17995 1391 13794 18331 8168 13573
6167 10341 16351 11345 8003 9054 9886 2846 14750 9173 6840 5054 10659 16636 11493 13076 13577 1227 9756 13213 8837 16676 18142 17047 4870 2564
2577 16231 19419 16593 1694 862 12801 14670 10976 12033 14947 15647 16787 2340 2611 19737 13697 3832 8475 7320 14984 4557 8082 4596 11306 8182
17582 15502 15147 6447 7916 7389 11085 10246 5974 3168 13076 17007 18925 14494 4938 12590 2681 6712 13164 9081 15556 9301 7223 18403 16877 13060
8932 13642 2132 19123 15924 6017 7106 12970 15411 6429 16174 17696 17435 3770 11802 16974 17758 13367 14324 2001 16252 1863 19682 7709 19046 5436
17948 10512 12761 3524 9242 5980 4761 3655 17356 18206 4730 1381 13191 15670 19627 16564 14411 17571 9462 12713 12457 4679 2215 13524 19921 8008
4714 17069 2190 13923 12111 16508 14556 18197 1499 610 10740 5619 1915 7013 381 5518 4783 7766 4356 2853 4601 8286 9342 9661 16379 16271
788 17456 10684 9569 16414 4265 10484 8961 19124 7274 1488 2133 3085 19095 6054 8163 13858 502 8078 4457 16148 3083 18176 2913 19216 13979
12926 11595 12867 19183 17538 18215 17219 6602 17488 2603 14602 2108 15413 17415 10935 15815 8160 2014 3439 9176 608 4548 15400 19490 2826 3060
4857 4976 3790 2796 9692 2142 5465 14728 17657 17012 5947 13073 12436 11013 8447 1299 15020 4073 2036 2739 11078 3329 1077 1665 8863 3915
11481 6362 4327 8577 11425 1134 18358 17311 2307 16544 7378 5649 16967 8700 10077 11255 17982 13528 16727 11100 15124 13177 13942 4519 13522 13714
16798 1085 6797 6836 12376 5209 14922 6899 4130 6192 11329 10542 2465 13894 10708 662 16805 10646 12105 8999 8301 19537 10679 11041 3926 4807
292 16985 2151 5622 1940 4088 8804 17338 14927 1012 8350 15759 392 8549 12510 17075 14332 153 9963 6798 13234 2488 17626 8752 5529 15183
13788 9240 6666 334 7641 7238 15759 217 9284 11652 7160 8695 11220 33 19935 16802 7282 8166 9270 19602 6324 8943 11231 15587 19700 10716
18336 13045 15360 10909 10742 10450 12250 12448 8555 17704 6446 13812 8729 14112 2433 11167 1318 302 5071 9020 8536 4887 18938 14940 12269 4419
6255 6453 6093 19142 6767 12835 2571 16323 9400 836 13593 307 5252 6226 6197 10594 7864 13543 15742 18465 3774 19615 2469 12430 7418 3272
6472 19197 11399 2572 7156 16029 3528 19463 16776 15838 9113 19047 10629 2485 18793 13328 7460 3813 989 15461 19265 12780 18611 8917 12279 1419
13817 9873 13409 14759 6277 1788 13710 1900 12504 13638 8840 2133 19226 8936 5132 1530 19770 6487 15007 9107 6868 10603 7831 3037 16067 5610
17949 13837 7640 9766 6652 9205 16072 1656 19796 9084 15749 17457 5393 18720 17605 12596 9041 6694 5341 3756 19110 3141 1848 6830 4517 2610
16298 12722 17097 6984 17509 17341 15204 4699 16346 2243 1761 4978 11630 2746 2089 732 11880 6553 496 7875 17993 2084 9792 12857 9025 7070
5355 10376 16631 15463 5135 15397 11880 8921 1924 1458 7291 16134 12049 5837 4593 11820 1626 14011 12420 13281 11562 12970 5738 4213 9839 13360
14683 6093 18931 6661 14389 11868 10992 9757 14100 8492 91 4358 8421 15231 15219 15259 8925 10760 4354 16928 5128 12388 15793 16904 9592 2504
15512 19190 1969 9755 11366 18263 4816 19344 3690 17746 19830 16994 693 11741 16536 6263 5199 14145 10467 11160 301 18470 19762 9301 10623 9264
8021 10401 3949 3075 16577 16750 13455 16871 7021 1050 18959 758 1728 12185 14697 4825 12314 17087 9045 10467 3990 6097 3407 12155 15366 5991
10365 2313 16295 6254 10805 14063 11115 7937 11244 15919 9007 5311 1842 12451 14267 14551 22 9290 15762 10947 586 11870 19617 11971 248 18729
13140 3765 3103 3751 15853 4560 1222 10386 2088 549 13300 1481 13139 7819 19601 6367 2201 19275 7444 8386 16250 8079 8966 734 4984 16425
19060 9005 1472 6642 18310 13937 16703 17070 16148 9797 7785 17925 6689 17805 9086 13206 7556 17379 9774 7108 1992 4605 14036 3045 9417 18867
1665 8030 16922 7368 4012 7239 12825 13949 463 12835 12354 555 2814 553 7019 11146 10409 2793 4201 12967 12592 15897 10909 7786 1701 19544
1995 9575 16045 6769 17273 14628 8317 3116 2623 231 2818 11763 16289 17817 16545 13717 11745 7814 12065 13587 10385 14933 15375 6615 14164 17309
12042 5964 10151 7581 10740 17089 16973 11384 1144 19777 1393 5378 13635 3120 19976 9661 5731 19499 17831 15279 7283 6268 5550 6685 4419 13946
10430 15863 5716 9135 1919 4714 1116 3862 1857 16255 9976 12575 16626 12238 10484 2865 5583 5586 14566 6812 18481 6788 12891 16440 15642 12730
6740 12751 4940 12139 8644 1134 19255 7499 12626 1756 16441 8432 12596 924 19877 458 3527 14154 14173 13696 8714 13354 1041 7327 8023 7060
17212 4921 14453 17137 14877 19038 13025 15349 7377 18802 2627 19659 19367 5729 2836 11856 858 8946 9710 18002 3729 4217 3241 1427 10061 15178
11306 18110 14289 1524 8762 16854 18414 7213 15002 3656 6052 774 9167 9520 7265 754 19889 11853 5218 3583 13815 16158 19950 6436 8721 7813
161 1389 8167 6605 12871 8999 4764 18082 4296 9644 15108 7635 4167 905 11883 1049 7265 16210 2838 5292 16815 14759 5881 19250 16604 3483
7138 9473 17190 8185 19593 7226 8290 12384 15944 6134 10599 10578 6959 16443 1166 20000 18675 12662 14840 4574 4330 8275 15521 4722 5701 5584
11828 6894 5014 12804 999 14278 3750 10932 15749 8336 18274 6144 18878 13369 16108 17527 8302 6344 5330 10571 5534 1916 4243 19274 7599 14528
13268 17359 8280 12713 4604 5037 16249 18169 3172 11350 2541 17908 6042 5844 18304 6953 14469 19082 10938 15663 11343 395 15038 193 7768 18108
18136 5666 12182 9443 14782 19728 232 10935 1768 15135 4346 18692 14568 11552 18419 6374 13035 19126 11416 10675 18803 11230 12641 3664 18773 7585
10403 1294 14465 16255 10843 928 2219 2155 16908 9289 1596 17184 3030 19682 5609 15833 19595 2495 12331 7828 7238 8441 14920 12701 3352 13101
15443 621 15817 9493 2378 11883 7273 16043 7604 1722 1620 14890 15149 7442 17904 9323 882 8551 12667 10875 19281 11472 10812 11328 13204 3626
13705 11971 25 12637 19447 11437 16221 8452 518 4987 5155 5082 10835 13541 10559 6255 3814 7881 744 3155 5260 4908 2585 4503 11142 16400
11879 16521 5121 8411 1728 18113 14394 13730 4748 12961 5195 9809 16940 16068 13492 3329 1265 11295 19711 15889 154 13029 6284 2648 6614 2830
17112 12369 16126 6766 15695 17602 4407 6761 17003 5182 6642 2288 9367 14831 19497 11103 18694 14945 13328 2968 8309 7576 9381 3454 1629 8509
19428 17921 1772 16191 15161 18628 12822 2741 12149 6167 7750 4536 272 10426 4042 17856 12663 8643 16225 9568 10272 834 3960 6149 13768 19505
8968 18144 16581 906 19633 12241 3599 16813 11518 6233 1087 10032 8076 17322 14160 2476 7832 3711 4860 1047 8022 16338 18565 6298 3520 17089
12553 1540 18673 18729 6966 4519 10910 7397 11814 6949 3613 3732 19451 8484 199 15175 7601 5131 372 19276 3241 17009 933 1306 19798 18771
19886 5958 2987 19160 17597 12944 1910 11371 11245 18809 595 7682 2904 5838 2046 17890 19390 18010 18663 5983 5544 3846 6959 17075 12274 2357
8305 7555 14720 14198 18594 4642 18844 16688 10741 14947 1926 10687 17824 6541 10451 10764 10799 7105 9618 3143 19218 10582 3050 19620 9261 10985
11710 13022 14511 163 4130 18847 3678 1706 11904 17489 16303 1649 14661 15677 9095 1420 17837 17406 11015 17657 2552 8260 16250 3350 4352 12306
7270 13182 10903 18858 16680 6351 18842 18827 17623 8409 12341 6480 8824 8365 8748 6992 11052 14294 4663 2074 14354 10879 16694 6731 4856 4419
12138 2524 1671 713 12253 603 15538 15909 6402 14941 17000 18234 4054 10331 5035 7948 12434 7345 16195 11442 12786 7364 12434 17662 14489 2420
7717 19439 11304 1789 13122 6343 12022 9258 4442 19849 6087 2662 19070 4279 2694 16962 16469 8134 10747 6978 5422 1127 9248 14077 13999 17763
13738 2646 15955 4583 7850 3447 12456 7867 17743 15232 6288 11494 7167 1280 10760 13908 9836 3246 1209 14590 13491 1348 8900 11755 6588 804
13940 7604 4494 8356 12576 19668 15850 9124 17034 13215 14627 2041 6510 18106 19887 1900 3737 8296 591 15007 3897 945 12216 3922 13173 9564
3339 7497 5117 10726 8935 12279 4379 3847 11256 4690 13985 8026 8499 3496 16767 15210 6192 15779 3240 5318 8676 18382 5892 1527 10830 3262
9061 4624 9254 2408 7484 18460 537 48 3732 17959 8278 13883 11847 19639 11556 2349 15811 4108 6984 18541 3570 6104 4276 2315 4467 3321
17127 8856 4940 17492 5646 16753 9537 5880 9575 5764 10748 11996 3313 16886 12870 7733 6747 7074 10253 5458 12267 10483 13738 3794 10344 9377
1728 11751 1791 14296 1395 16559 9923 8517 10064 9063 592 8553 807 11339 6834 2156 13045 8659 17604 9662 16276 5975 8407 14605 18592 5222
2898 17011 8388 15143 13817 14069 13212 950 15312 4577 10269 2405 13350 1725 11948 1948 10986 11078 3347 12679 15808 5657 3914 18275 19675 9352
10901 1808 17195 2425 6956 3057 6043 10882 5691 17358 19048 6559 8119 3337 14933 16497 5025 5791 6609 1297 12644 16593 17037 18852 10082 19451
10422 5610 14826 4460 14117 1922 5398 17174 2049 9824 12853 5031 19798 9530 7818 16413 2247 5275 16690 17071 6775 9354 13611 3422 12967 15914
12388 3698 3070 6064 11853 15880 15757 13502 13051 16155 1657 10912 19778 6017 8046 7205 12960 1800 1979 4992 19716 4009 610 9107 16093 1331
13051 3662 16815 1911 11555 5892 10195 12269 14386 19863 7672 1327 7422 18270 4671 213 11959 13622 16154 3292 10956 19784 10139 15991 11754 2654
4679 16729 19286 3392 10265 1969 12906 8320 4229 7805 3999 10864 6201 3972 16063 671 12487 19170 7615 7221 8632 3070 17792 2275 12780 3704
19634 11718 12424 2782 4633 19160 227 14757 1073 10467 10627 15753 16267 17160 11904 14000 13017 14425 3993 18648 15554 1051 4885 19603 3847 16047
1398 24 5330 17807 15991 5146 17139 5819 13342 16091 19550 5189 8382 18163 6212 18259 3629 6044 5485 15240 7967 19218 15604 8795 848 15989
18416 19531 18382 661 15629 17211 9792 7893 2244 10429 19086 6793 3247 431 2207 15413 13923 9974 7717 14069 708 10292 7315 4434 4980 6950
16782 2287 1055 526 3676 5847 11131 13163 18534 9490 19602 13887 3398 2165 10237 16420 730 763 10128 14831 17730 2092 1224 2509 14570 10503
4795 17307 19711 9437 16243 17476 2444 16697 2404 10954 10955 6879 9542 17834 3913 17569 17877 12007 6697 16210 16354 6789 14332 17074 12787 12003
9967 3908 480 6766 15336 12715 6795 12562 17121 7540 14624 10596 7459 14943 15166 2391 14671 19785 18340 4554 12992 12365 6407 9241 1676 7340
14814 8153 18509 7961 9158 17908 7154 3033 572 16576 14023 15390 6400 12360 7046 13713 2695 1763 4343 11639 3998 4100 12862 6593 4866 11874
15207 15832 6141 10977 12675 7377 15404 151 11729 16663 1556 392 14832 4434 7715 9420 10933 12381 16117 6820 4100 7290 13244 15037 9110 15530
9091 13794 10080 10351 19982 18418 13638 15841 17964 5091 18032 866 8523 11996 14913 9101 15712 10081 5720 16146 15561 3864 6775 13314 18195 18071
991 7159 11116 78 8556 15578 117 7656 6468 2265 1649 16741 14323 8171 19203 18561 5472 7778 11561 11982 18945 2439 19551 14498 3443 5402
9138 15490 16056 8303 10529 6343 7256 15419 12502 1496 19905 11875 3649 14848 5517 4595 6127 10741 5753 16904 18695 2964 14903 12009 17632 16382
11744 17990 3109 13780 18199 7085 4943 1764 11332 19933 9577 15452 10117 15075 6900 7258 9683 7191 6601 13872 16901 19864 15211 13420 7659 8658
27 2094 3167 232 16314 12478 16345 19812 17768 10590 81 4072 9005 4650 16137 8351 6479 5684 3895 4464 12675 5088 8048 6608 1304 4103
5668 2516 19390 2478 4211 1530 13221 14460 18155 17248 288 8283 9889 10867 12014 7903 6081 5930 1925 13540 15062 155 13126 8145 2321 17325
8567 14584 12135 2152 1222 2518 1787 1154 4096 3619 1884 12931 7482 3904 19858 9954 7257 8588 15939 13899 16898 8645 9198 8564 11629 17666
4248 2530 10424 19229 19047 3213 12652 13135 1571 8722 755 3355 13037 4345 2217 14991 18722 13197 7291 11585 11724 1053 11203 11930 13057 2296
265 4842 2190 4 2688 16996 18443 10475 1838 18328 10362 1219 1675 329 4276 10079 5495 18389 18049 7910 13759 456 19751 2252 8306 11875
12365 3519 19453 12106 9055 11572 5139 18601 5448 17574 129 1034 18621 13324 7000 8943 8047 3934 4950 16133 2296 12922 4226 278 10682 3522
1343 14266 4914 1031 280 2837 2421 12684 15145 17139 8311 15216 7702 10107 19735 18730 12496 1742 16421 13244 16233 12584 12464 14526 13886 19017
8566 919 7977 3511 10250 15868 6397 7553 9972 7059 10933 2651 5663 4125 3653 7808 9733 1481 12848 19448 5736 8568 144 17558 8042 19144
17055 15197 15682 5061 190 15829 9853 10761 15501 3054 6757 19950 3696 6782 653 11317 6446 15865 16623 1512 13403 15631 3194 12941 17949 16419
13941 14954 12525 18412 16221 6823 17278 5457 16005 16713 16094 3150 1661 5226 14572 15852 13181 11506 2048 17062 9275 14355 6938 19314 1874 3818
2530 4109 9674 18434 14951 3498 14679 19936 16147 10426 5662 7513 4992 12899 18426 18889 16590 1778 19787 7997 1233 2129 12609 3696 9192 2820
11657 9102 18108 7319 1086 3191 6451 11150 13536 8011 4176 11818 2048 19926 11760 15852 13670 14012 3919 10537 2194 12868 4121 13552 14370 8953
11362 12266 18546 2843 9950 17156 5630 10976 6885 6553 17416 14546 8715 13201 961 12000 14657 7849 13972 11721 1444 18144 19796 11719 7494 2271
1851 11552 17334 9762 12223 10040 3220 16471 3540 3842 16023 15360 11255 4734 12781 19966 6306 464 16027 13117 629 12361 16057 2947 9509 11906
18996 8837 18833 12356 3640 7515 11607 5554 12465 17591 4695 14676 2339 5916 11413 5939 2762 152 17505 18629 3246 10317 4877 1501 18583 16367
6094 12632 16873 1165 18398 7236 1281 9603 2076 6341 6529 17970 17237 1919 9347 15733 10838 15415 15002 14204 18687 19879 17739 5567 18641 15846
3106 10902 10601 4111 13532 11086 7786 15455 5742 8973 10022 19702 16090 1808 17743 5940 7687 12590 15608 16645 3023 5398 4843 6347 5599 11866
17246 8606 3389 4631 15090 18649 1957 13941 2713 3914 9370 9151 5245 9822 18944 7561 5135 17438 7594 6354 10082 9381 7156 16100 15849 5665
18446 7268 12083 15194 98 13786 14780 10004 10133 7948 11057 633 16200 13390 15877 10136 3403 13379 5056 1556 15172 7285 18792 7979 10798 7318
8177 18642 4124 11948 2233 8733 14072 4623 13335 4531 12665 1105 4388 4283 5916 4444 6194 11888 16392 18123 16325 9009 7060 17251 8170 1437
19737 19859 13591 3495 3505 10577 19218 16411 745 18715 14864 16058 19337 14451 13766 7396 8260 13591 3633 14885 7573 15335 3001 17106 11279 5367
15622 7662 5393 1864 618 8885 10588 19515 2829 1985 16951 17751 441 17671 2369 14843 16030 14995 11046 15536 14532 17747 7242 19129 19705 12943
9400 2683 7204 13730 7317 18559 16518 2134 16082 2737 18400 8177 15332 12130 17700 14661 18081 461 7126 3424 6968 5343 17931 6774 6306 13572
7553 7813 7387 9885 11884 785 2602 4468 2580 744 5939 13048 318 11729 14256 13038 12346 13054 2006 12237 6589 14822 4431 5271 2223 3365
718 857 3932 3659 19577 19770 12558 6561 12560 4773 17888 14093 14147 9992 9627 19397 7107 7428 10980 10660 4171 16500 3842 9666 12762 14449
6485 18790 8043 6980 5508 18463 9041 16434 4211 9946 14763 8171 4349 18076 11213 8008 8620 12814 5810 14532 13231 19633 19695 619 17673 2028
6951 8122 10539 4930 5226 7814 14781 16218 7778 8864 3789 18793 9210 1638 12764 11228 4715 3653 1748 9096 10280 19208 19778 6552 9456 6770
6869 7454 913 9018 16324 19015 15125 1543 13638 3736 13158 4444 4756 16385 2305 8982 14970 13294 8762 17115 448 11231 11267 3944 3354 1849
13652 11015 15131 8051 18692 18474 16853 6123 13972 2801 10430 17758 16715 7498 2538 17928 25 11400 14014 4456 17560 17538 9179 14446 7180 14863
18032 760 18634 174 14196 19196 16771 15955 4093 11388 379 13739 18974 17479 14504 8803 16511 18743 4346 19565 4125 7327 7146 1138 19904 13535
17288 9336 14705 8483 14713 5819 18871 5151 15991 19869 2742 16588 5869 8806 16129 1421 10080 17242 5868 378 19468 18840 11960 17864 2969 5188
13662 18486 5116 14316 3523 12346 14455 10841 14381 3639 11443 565 8347 19023 13654 1175 18784 9608 561 9772 4932 176 4981 9929 15444 1854
9914 18081 17356 13921 4136 9318 7622 4507 6225 9074 6481 6319 13471 15845 12980 16861 4297 9228 17797 14206 12944 5039 15136 7372 2464 3132
17762 19417 14830 3374 18990 9491 12064 4987 11307 9303 8818 16094 2943 2929 12449 18718 16831 267 14252 9502 18798 14746 6529 15926 9642 14778
15668 7066 8942 11344 11101 18045 14608 11446 8329 19929 8259 3248 5045 4954 11726 14587 6474 3582 15349 8825 7893 15860 16671 19079 7534 14317
298 17758 8434 5411 9247 10986 9324 9040 358 10974 7565 9135 10667 4248 1273 5764 4310 13057 3807 10493 15654 12202 10578 19421 13428 2955
13229 16741 3389 2415 8301 19209 16508 217 6060 1602 11272 2931 18636 3849 15348 7698 14454 9839 1016 17300 3301 9565 8542 12114 10852 14964
2451 5921 13289 3173 8665 13254 11513 16154 3671 463 4982 11476 2448 9745 17316 196 5410 8308 5041 10998 46 7891 269 5813 12409 7602
15464 17352 6896 2890 10782 30 9403 10582 4217 2347 5000 11192 3043 11504 10089 6672 18996 6567 6068 14788 19095 6743 1569 14394 18510 3846
19907 4644 13601 13653 11340 16630 17808 149 2844 9354 7103 11496 2360 12176 16550 1724 1694 4695 17773 16068 5600 17440 12435 16920 11085 16525
9427 9778 18488 7983 17983 17956 11552 3718 4103 6346 697 16328 1830 10388 4174 12504 8020 4123 848 6254 17729 4361 4332 3793 5401 15439
12350 10000 412 472 13560 6476 18726 18546 18049 3821 6461 2387 17549 17058 4465 16457 5240 12624 14138 479 6258 17176 15077 3478 16185 4324
9236 1386 12469 4606 16025 8150 8421 975 3128 16059 10991 7746 1237 9839 16217 7172 17324 1322 14864 12191 13186 7904 89 11446 5882 13619
2343 11368 9425 6292 8614 15478 5535 19038 10106 17938 13741 12280 15947 4959 10767 16712 18457 6558 19166 910 8454 875 3245 18727 2223 317
16640 14737 17065 48 14608 16936 3188 11265 17878 3930 9867 15976 10768 13931 621 7923 12609 2766 9943 18093 5400 19944 18640 13089 19837 10053
8122 11372 5410 15859 12019 12667 9861 15415 8399 1666 5798 2740 9486 4234 11316 3324 8221 2181 4172 10848 7279 9367 13175 9025 7079 891
14607 1534 7546 7444 1202 10877 967 5491 14600 6855 8774 11274 2122 13263 11889 4081 14500 5639 13833 18711 2266 14099 4398 16539 10072 3736
15315 434 11151 17049 16918 3350 9403 19014 8677 10872 8117 5230 586 14953 13709 5015 3826 14234 4638 7021 4542 10593 15001 14514 3079 14142
19087 10506 8670 11082 11402 2441 1599 18515 4423 1969 6210 2137 10177 12128 11523 6185 17444 17562 14345 16245 15621 16947 18249 11667 12975 18410
