365
39 85 28 6 80 46 67 54 90 23 38 42 93 9 16 56 18 2 21 68 95 0 65 28 29 45
11418 8593 14607 2994 11751 13119 13228 8909 3275 13724 9389 4913 3227 8367 9641 8714 13638 10440 12797 2839 12952 12722 15381 17964 13651 3723
14627 692 10131 4476 11608 16013 15389 3855 9543 9844 15054 14547 2526 3745 18339 7554 13906 11966 17269 18663 6331 6916 16049 12871 17193 3193
5799 149 10776 15795 19502 12527 8509 19158 15291 4476 19631 5564 8719 9764 6795 8452 7256 2695 19223 2386 16307 5810 10868 9009 18360 14855
5897 10148 19977 11491 18867 17418 12831 13042 5009 11088 15269 5679 15292 17794 11975 12023 6326 3655 13908 10211 13928 9398 10868 12380 3082 14379
3232 14083 1234 8616 8392 2404 8494 17339 8520 6436 2534 10399 7141 17488 4699 220 15099 8279 19850 5260 17883 1938 4743 14420 1815 10242
17303 16990 4994 6902 6357 7920 9454 16908 15274 14635 9695 4320 7845 2785 4942 9168 1876 1351 10433 13956 7829 1945 5080 16470 3796 10732
4317 13001 3689 9598 19538 15120 5005 6592 12795 15815 8204 9871 16884 13938 49 2459 4531 17484 6476 7702 6473 9093 11056 6824 7524 6480
8764 8602 9228 19592 13486 1585 11008 19260 1187 19781 18307 4607 400 7557 10071 754 2457 2287 2720 14105 18001 752 16360 6411 7063 15668
15757 8262 15379 9495 12049 19280 3140 16691 16848 18938 14357 13179 8329 18810 3355 1825 5793 1519 13117 894 17884 19475 11947 3638 15166 16268
11586 16426 11810 12388 18937 7610 12287 13740 291 3381 8688 16287 16633 16437 17861 6921 18126 1883 1604 10590 12293 4590 4406 14335 9693 8161
8102 12281 10349 1903 6966 18454 4639 14596 8933 17521 6655 3643 12504 19751 6920 1047 10547 6455 11957 8290 327 9084 15764 9646 19503 927
9459 11029 11187 5700 19023 4430 8200 665 16716 15190 18731 7059 16146 12107 18147 3411 8640 15668 14127 12024 19430 18500 9480 9339 15023 6515
18839 16550 2402 4839 17065 7829 16163 6105 2134 13400 18603 2486 14658 10291 9643 2840 11394 1841 5055 7327 8304 16714 2510 10692 7559 2543
19548 1039 622 8479 19158 2263 1932 17939 18145 6477 17380 7433 19689 439 4216 192 16268 1065 9998 11526 12138 4247 10955 18638 779 2452
6158 15871 2094 150 3314 8094 836 4266 12979 14576 5702 15269 7044 3669 18030 13469 12200 3303 18476 8608 10554 3178 11605 14927 5784 10391
4557 11304 5380 4667 6555 279 14484 2588 18005 19960 3527 14930 209 19625 19085 12343 15414 8114 8229 5406 13343 777 6878 4252 17457 2634
6160 19546 17097 9957 6878 14683 10361 8419 14823 13118 10230 5266 18242 4645 17889 12419 4637 5773 4849 6405 18667 15883 16517 6463 2389 14959
8811 12615 9833 16552 9262 17390 13850 16956 2061 15210 18910 6183 17590 6691 14029 4991 3212 18237 4855 2666 19166 19096 397 18931 9110 7507
12184 12312 2614 255 9556 9253 18733 17626 9567 8350 281 14982 5737 14615 6233 2634 15741 7970 5858 8338 383 9540 5203 14648 17070 16903
3726 15265 11115 16084 19187 9993 3032 8161 359 4809 6645 1772 6875 1058 9795 18953 10405 3241 18640 8320 16364 381 4725 3240 13823 2148
12962 14448 15950 4879 14897 836 16541 6549 2390 12689 15977 18922 17549 11887 9129 17121 9111 12246 12504 12548 5182 4967 9896 19889 7400 3154
6595 6807 9512 13915 13617 7000 7680 11064 10222 13572 13000 4592 3936 10287 9219 12208 6516 17656 14126 14170 15268 3876 11183 421 10954 15352
8542 10897 17311 10613 9353 12009 3009 18511 1073 4846 14513 10529 15209 10999 15011 8170 3732 13065 10712 14282 12143 3377 19780 1312 12027 10315
16399 10769 8322 11803 14350 8361 3191 6381 9867 1073 10877 58 9218 1119 11879 9598 14881 5254 16134 13650 7447 3483 4795 7068 5643 16554
8918 8627 12133 10631 3246 1656 11269 11651 6354 18993 2108 6240 15717 13065 8270 17520 8939 15307 624 15852 5790 2123 3893 11818 19070 839
3753 3469 1950 7214 16218 4977 16212 15631 8120 6033 15649 6161 1650 10226 18258 6612 14540 10553 6138 17546 12250 902 1756 3179 3550 15108
3838 17410 8581 14023 13219 10111 1376 6864 5746 7463 15570 8850 5409 3905 17031 17074 5902 6643 17375 12271 6586 19971 8267 10900 12130 9119
151 8825 13727 11579 15928 19577 10405 2251 7620 14898 2290 17848 8877 16130 684 3340 4335 14671 15801 16820 8566 4759 14015 10479 17238 12776
19611 8499 18205 3923 1361 13534 18340 5371 6354 3870 13445 11217 17570 13999 9161 7895 16305 16301 2196 13934 5509 18784 4209 14807 6977 13293
1817 9558 6689 19552 5215 7350 7033 4954 17163 8976 521 7010 8917 13178 14569 10479 19095 2646 3650 11699 3854 9934 14639 19534 18850 2397
8658 2505 11687 645 17302 1932 18469 10266 9801 10060 16083 10674 354 13328 14701 14457 6327 9487 14391 1209 1578 16839 11608 16331 10634 13240
7679 8108 10754 17156 10714 2271 10251 16084 15362 14120 18282 13004 3729 10394 9535 19084 11660 9562 12269 5198 18180 7176 8542 5335 3082 8102
7931 5416 13371 836 9029 4744 2657 17885 7398 9727 18875 4185 5703 15664 19679 7425 16535 1446 1495 7118 18166 14867 19911 19903 14334 3423
1819 18555 12162 995 4683 10388 11084 7540 19253 7467 6041 2518 13355 768 6220 2637 18789 6553 6849 4773 13495 14955 2225 15031 1922 13461
5982 7382 8992 12960 1014 15677 5523 17076 14089 9326 8280 15378 17854 10272 17195 2023 11334 5700 615 5681 2989 7698 19996 9761 5340 6728
5679 1136 19597 132 2819 13563 12072 16432 7822 7226 10915 18485 2767 12731 2184 16187 2377 12951 19059 3598 8029 10658 1948 7187 2359 8526
14364 16963 17006 2274 13817 11991 13712 8877 11701 5032 2636 16661 10857 14291 452 10500 12328 3485 10972 18221 2420 3915 2236 19997 4237 6636
16166 8448 17508 9785 9578 13932 15865 14932 2211 8680 16111 14300 10705 17776 11065 12841 17219 10030 13082 10377 9398 14988 4074 11521 17153 19275
19271 9944 16927 9421 11013 17546 4236 16604 16650 10990 11330 17685 13225 12685 12654 6429 8891 19326 11720 2053 19873 10038 6460 8208 10367 15788
12512 4398 9414 851 15716 2838 9103 502 19436 14592 14869 18672 2626 13002 5870 11452 6869 3545 15716 19080 12531 12239 1059 14615 16114 13458
2614 19544 6089 13469 17779 12446 19086 8508 1121 13847 15002 6667 2154 19642 7043 9479 194 309 8241 16113 12625 11612 5459 15112 19038 5233
18101 12809 3705 708 11349 15707 6408 8727 13601 3026 3616 4932 8139 18412 922 17901 18798 10107 12019 7889 7713 12311 5237 6589 8219 10362
15538 13030 14101 6039 18375 297 12405 15789 17550 8318 1596 15430 15975 11742 18664 1160 9086 1297 636 12738 5624 7544 4930 7495 16398 14642
14359 1985 18840 12750 3131 5989 18699 12639 8518 17908 7422 681 16105 14599 17969 15442 1294 8676 7309 7791 17788 9940 2160 15947 12757 12259
4312 10827 19970 15772 9576 13660 2192 17389 11620 17209 11364 18293 6749 6370 9656 385 1561 2623 6153 5366 2416 4936 4960 10574 1983 13563
10463 16471 18591 16472 19779 1127 15988 3126 2804 17123 8616 15459 15943 15885 15816 4745 8387 6811 11905 4671 12138 7033 1369 9375 9256 10103
12930 3730 4918 5124 13020 6626 13150 10485 7694 17627 14637 11734 12143 14815 15756 9388 12641 19092 13011 6817 18646 11128 4648 19618 2996 19720
8255 18543 7519 16787 13241 10904 4156 10459 14897 10543 16436 19576 17422 19896 5692 8806 17644 14212 15936 19490 12052 15647 9575 16997 13831 14315
6678 6335 16315 13529 10825 1936 3364 19446 10858 16732 9951 17800 20 19931 766 12415 19297 10128 18610 17064 8162 5313 18823 7794 13123 17305
11013 9691 12990 6731 12289 14024 2618 17977 17981 14138 10384 12917 10218 4384 3639 5901 9426 826 12406 18933 2815 2905 270 16746 1639 4325
10376 6088 13501 18692 19691 7161 9030 14183 10414 10658 12496 12824 19781 9898 16330 17673 5727 4509 16470 10761 16984 17733 11420 1698 2963 8008
16764 5416 18709 8426 5370 8963 54 12064 8711 1290 4547 6482 11995 10518 5412 14331 14849 11502 723 7386 8941 18034 11824 12848 13358 13696
16340 2185 4237 15629 17737 16456 4289 17568 1188 2566 6833 16958 18366 11730 15 19990 6278 8617 6575 12884 19192 19631 7399 14179 6493 12267
18895 19948 10652 9857 18201 880 16705 7906 12952 6648 7879 2414 8339 10218 2972 1010 15476 14344 15134 17274 3504 15906 84 15061 15626 5357
16249 618 1061 1258 12072 10204 4663 13601 18234 8710 1325 18472 19239 18807 9232 8733 6726 42 5246 19171 3930 16245 7732 12494 1260 7228
15276 3854 3983 15754 7612 9450 12468 4763 11667 15169 16347 13837 19802 15242 12891 12563 12288 18980 16717 17141 18067 18846 13732 13629 604 897
15012 4219 5178 581 4227 2896 6133 4632 13774 7310 5970 18909 9586 1126 10254 10661 19134 16818 7310 4690 12141 3989 2305 7806 4723 11855
18119 19043 5617 16280 13552 10127 13278 11997 11633 9882 17385 14474 4095 11991 14631 6099 19058 15635 2369 4113 17636 10001 7931 19699 5021 14163
69 18170 10413 15610 18795 6926 13826 8154 294 3560 15302 8133 18623 5940 7019 17378 14446 2631 19110 12654 15688 8050 19252 13423 9961 5783
16502 9179 14704 7329 454 3204 10170 16142 13157 708 1948 15660 11248 13469 5797 5075 6157 11338 6274 226 10185 8906 12711 15396 2519 18376
6610 2512 7375 9337 6880 2901 15936 16478 10281 10714 503 9234 10879 19282 16861 15811 5758 8201 512 7147 13928 9369 15245 8574 4045 8785
15215 16754 983 9496 4265 13364 12501 17974 12649 3622 11603 8152 4661 14750 2267 19228 8442 7980 13815 12787 6402 3593 2548 13498 8568 183
3198 3294 18241 1951 111 6616 19433 2112 15814 8702 319 15275 4897 11211 15726 1089 2006 13975 9075 2753 9377 12353 2747 7241 3495 18630
3943 16119 2097 9965 5616 14114 6748 6915 18609 16442 7406 9540 14572 3213 7541 15881 1163 14393 18989 9957 2584 13455 1680 2823 12119 10406
8661 12989 5082 6514 16694 9884 19695 7263 11893 9742 409 7060 14909 4658 11166 3470 6595 468 16327 10860 6002 1807 15471 10599 14988 13561
19496 5560 4233 17295 1402 14416 14216 10142 6008 6445 14134 17094 94 2166 17662 1016 7606 9396 6857 1008 3736 4608 7251 3408 17620 15389
13436 15320 326 12176 16109 3659 2555 14660 4315 10261 3784 15514 10799 10833 7107 5958 2610 1179 6538 3027 6610 13786 16656 4840 154 7965
17133 8641 19156 5638 5977 15903 6110 16838 14073 15518 3982 3833 19410 9673 5388 13791 13797 9004 12670 9644 872 5721 3247 660 6790 11648
11845 19804 13382 19976 18651 8324 9326 4727 3908 5594 459 10255 12534 3043 19122 12189 16892 12366 17594 14509 9848 14955 8844 9865 19355 636
10092 3051 6913 19783 16053 3337 1116 15033 17579 14742 17626 6047 13811 9287 16275 19860 13034 10153 5459 2135 9277 19847 10405 18102 5776 5475
3676 16167 19717 7694 3225 14531 14071 8003 11926 617 5454 17171 10519 15978 13601 1090 7923 6571 13952 3013 5076 8012 15559 14838 13314 604
15678 14685 13867 4407 3794 6429 893 5691 6048 18056 17717 285 13728 18613 19789 3662 1177 10111 3698 16682 9381 2699 16899 197 5230 6492
481 10479 1429 18392 10918 590 14273 16118 822 19527 917 609 5788 9716 905 10304 7473 17431 178 6447 8472 7859 14482 8447 10798 13609
11578 18836 14985 8945 14235 15291 5107 16021 1109 14392 11290 18861 12690 4927 10967 1146 7151 10338 15948 10671 17791 18863 4749 11015 11053 19693
19855 3537 1823 2680 16803 9699 5573 7012 2223 1359 7547 8045 2577 11441 449 11102 14421 16254 4979 4487 19080 7297 2908 7966 1581 14089
1758 11792 5660 13192 15273 9550 4328 6434 16521 17657 1263 15517 16735 4734 886 14567 6019 11605 18993 15145 14654 3664 9976 386 3697 13832
14155 3949 19658 7854 15038 3056 13276 10586 10128 12168 10342 10817 18935 17341 309 17086 8312 7512 2717 10522 3765 11307 3449 9035 12068 12801
11249 7838 17206 8306 2475 16149 15476 2339 4191 1250 1313 5572 5191 14481 18047 9542 11424 10065 18820 4921 3901 12590 864 8965 13179 2563
3404 4306 7882 5817 12942 14555 10495 16852 7998 8761 17584 18992 5738 13764 18885 1780 6729 11069 6669 11353 14710 10656 12437 2553 14330 14758
15485 11857 3883 12101 13722 6700 8654 1172 4813 11198 6892 10888 16495 2949 11827 18121 18340 10159 12207 12474 1494 7526 16165 17594 14354 13591
16807 9465 10623 14652 7754 4 14603 12767 8236 19953 7830 8409 16126 5857 6152 17542 370 7837 17790 2484 5401 3992 1996 9254 3895 11234
1853 17455 5677 3523 16134 15318 6313 10166 18228 10889 4490 16744 18347 190 14176 7651 7627 18879 1581 16900 17967 16400 12458 5098 5837 10658
18088 12351 10075 9943 14186 13706 2114 16831 6686 13546 19352 4407 3129 853 2636 7569 820 18021 12658 13543 1588 3308 8464 16230 19149 6028
18171 7312 8596 9575 6689 13276 1348 18361 11459 19534 9489 2440 3929 5433 13794 15107 4723 6920 14763 7395 8873 9094 3208 12237 12676 13560
6410 13700 2568 19055 5231 9554 12898 17802 18651 13448 18675 2059 3054 15204 19008 17835 7979 16789 19441 7983 18734 2776 9121 8471 10017 8328
11196 16185 17467 18868 16047 6044 19719 7942 15120 5485 7888 10748 16391 7949 17219 16734 1494 6142 8846 13555 2955 2895 16696 14433 10314 6213
3700 17644 8949 5694 19619 3199 19060 1415 18744 19996 16553 13259 14459 17348 1316 18942 13311 15791 8217 9422 5971 12722 14040 4453 11584 18626
10953 12096 16002 15286 1373 3737 14238 5522 2238 9623 16725 4801 6987 10916 18569 1594 11729 616 19775 19238 14119 9494 5324 17244 14059 1497
7006 775 3962 19709 10380 2226 5400 13255 7216 8068 9695 7916 18931 16256 48 15751 2607 7886 19443 9201 6284 1972 9234 4028 18802 845
11854 8207 9337 17188 805 4427 9265 16113 5656 15765 14438 18478 16923 4400 16771 15485 8830 10852 2432 3572 2973 14637 6685 19158 18254 5059
8414 9180 15069 17867 17432 10513 6830 1988 12110 17922 9851 5768 5423 13987 18224 2087 5667 10098 7833 1362 9567 10944 4784 1533 10329 11111
956 6875 525 2035 5345 14780 15233 16980 3462 12827 18024 4830 16456 3646 18868 6128 9006 1035 7748 15165 12559 10375 1692 332 7425 11644
1396 10993 13353 3779 12718 10881 16705 1634 1700 7224 467 15429 13829 1307 4294 9785 4767 3323 16828 13003 15656 4575 3107 923 16641 3159
16551 7949 4814 1198 12251 6979 15183 16687 6320 9642 1471 14974 11902 12297 19509 7335 15449 1916 9854 9669 2639 18732 6132 10420 12400 19277
9241 6323 12782 2663 11802 15424 687 19932 7964 2196 3765 10568 17064 5632 6532 9461 18243 939 14203 15221 7556 1858 3813 15216 4038 14563
3979 10371 8746 5765 17837 9154 4276 15756 12324 12609 3328 1464 18313 15072 8012 12435 9804 9486 11996 11199 7851 18170 16963 14992 13841 2830
11190 17871 10431 19153 4317 3945 19645 15630 1939 14713 9674 12195 11217 2240 5144 9226 19312 14238 8560 18445 14853 19387 3620 7197 19981 37
16528 1125 10008 4844 4038 16539 12106 4559 13699 16101 5402 15288 6680 15522 19798 13317 2213 3164 5346 18928 692 19852 6776 8537 10568 14969
2704 15186 19630 19601 18822 17144 10347 14814 15209 15517 14834 12626 12729 16019 8655 5368 2581 19372 15729 16543 14201 12878 4477 7913 8024 12816
6081 2932 18640 10827 6525 562 18020 6560 1220 15691 13418 17075 4731 11326 17407 3971 3195 1143 19780 4003 601 1903 14638 16339 12111 17889
12987 9833 2711 14436 2526 6241 18036 5466 8468 7440 13191 16537 10334 3365 15904 5410 8933 1977 3429 10906 9309 18535 19771 2235 9501 6692
16496 17037 7407 13044 8478 4953 3064 5491 13106 16796 7633 2872 10502 10796 18092 13844 10446 10994 4067 5594 19672 16004 19991 14890 9424 17759
16332 2501 2509 16702 18968 5906 12220 16154 2824 11976 17597 10056 9449 14794 11051 3680 818 18176 3057 4165 16978 13833 11482 7307 11858 5818
9356 9287 3170 9237 1602 19138 840 16197 4281 14508 11467 19297 5938 14324 5792 17255 17708 3219 6645 9664 19952 7657 15742 10533 10894 18367
18758 7430 6236 16653 5640 18126 14500 11404 14539 19896 17178 10601 4837 19967 1348 14242 11688 12300 11243 14009 3905 1423 7375 4151 10332 17998
8917 17811 13758 7958 6732 12926 8400 8651 1465 16515 16471 19309 8670 10733 15972 4386 12873 6010 13881 11741 12975 11558 868 16518 11703 7108
16017 11376 15548 11560 5001 5404 2771 19945 8995 11068 6331 330 7640 5684 1946 2984 10206 1363 7343 7487 4740 3040 780 7983 19647 18248
8463 3399 18687 591 7495 9585 10887 7861 4268 13606 11281 17122 1231 11601 14225 8705 19342 9917 9715 13834 4241 2153 16700 14382 5129 4552
7921 7565 8718 12812 11910 839 9865 2263 14140 8696 12032 5281 16022 15655 9618 6943 16669 8557 9083 9303 17793 758 18075 7633 4786 1813
9260 11099 9734 2572 11875 6638 16920 8525 8066 13200 2561 17310 8938 10658 16095 17639 15061 6614 16129 5256 18086 5793 16581 11339 273 17946
1347 19712 15035 15067 9852 13310 2522 10396 14394 11695 15930 633 18447 2791 9882 19468 8318 2648 17183 13107 4558 10773 10530 8627 3395 11323
17404 10383 7465 12522 14600 7844 17836 7408 15673 2348 4524 10315 15947 1210 11485 8234 11504 18698 17740 5697 6856 18486 17670 15134 18468 16541
7895 19669 11673 2623 10432 16329 216 10775 8746 18502 8457 15780 16712 19057 19383 14314 8350 520 8882 18570 7626 6894 6297 4858 5858 802
7306 19650 15182 508 18013 3181 16038 4145 14048 13192 15924 661 2228 14707 16975 3022 2587 1884 4973 12395 3097 15803 16742 12171 4601 4041
4755 8094 6726 19219 7064 3426 14977 15107 8379 10817 3282 3585 9025 18908 4500 17215 16612 17624 7582 19879 11131 9662 6066 6696 4263 3086
4057 12032 4849 15452 816 14315 17592 16418 16566 17153 10325 1424 19606 19341 1628 7196 9532 10755 12927 10538 3005 19144 14391 16585 8398 15198
15614 8392 428 2813 15466 5254 9082 16261 16071 19185 17095 12379 2137 19450 18475 11709 9013 15467 17162 7484 12126 435 15596 12832 1908 17189
1594 15092 9089 17680 10778 13025 14147 4561 19917 16023 4852 176 14617 3027 4685 7166 16379 16495 9690 3410 15406 4021 5875 18903 1161 8488
9979 11519 2072 14992 12328 12262 16645 6933 14514 9738 19340 11372 14575 12689 4838 15883 16965 14589 8091 6893 7197 19673 9889 9675 749 8872
17268 12505 12106 4664 3589 19507 8485 9865 15754 19739 2613 18667 1687 9309 5321 5684 3181 10309 4501 9147 13922 10059 9495 15895 15116 3654
16335 856 1827 11571 19180 3813 2891 13437 7348 5888 9092 5425 19491 8601 17199 11085 12913 13339 6029 3291 19451 6045 13721 4215 7962 18199
19542 3219 16561 9950 17174 14375 19838 18424 10024 3423 2656 3924 16862 12588 16348 8896 2033 3125 3961 7628 3344 6947 19117 17548 3842 46
244 10991 13083 13988 16473 19473 12943 14481 7717 14439 9626 12871 6370 14389 16458 11833 1127 2718 1199 5020 19404 15085 12638 13645 18705 12813
2693 3680 14903 4040 3255 10039 15614 16679 3546 4269 19251 9397 2476 7059 17767 10830 5185 6698 6331 3522 19066 6218 6596 13696 1090 18097
13511 4845 11105 4186 15083 3179 4774 19528 4328 10610 11725 10693 18057 2504 14593 3125 9794 13027 3716 949 16317 15683 9446 604 129 1236
3368 11851 15442 13632 3509 7470 14281 9324 11036 1813 11732 6909 186 2090 6879 11092 10560 15342 1041 16585 16412 11531 549 2270 16980 8582
10277 19525 11565 3386 1331 9422 3217 10889 3020 12681 14464 841 16549 19108 7822 6148 18533 8998 9771 10014 1919 2097 14233 9512 18416 4566
3822 10114 3625 16194 17745 4605 3735 9664 8658 11997 4152 4832 7609 18307 14290 8557 8254 15514 7388 6323 16849 7875 1270 16689 5166 13053
6838 4717 7386 8209 3928 17731 4949 12982 4363 13134 2488 3476 9824 3530 10432 7198 11421 8169 5245 3901 8553 10023 15693 6083 6210 3945
3865 14774 4495 1367 19165 2328 10900 8076 18983 18654 2327 13577 1386 3509 15385 4464 7270 19318 15221 7859 10092 14641 19333 10514 12982 15908
12963 9169 11568 8922 9267 13367 2376 18213 14289 16838 13879 13277 11919 19304 14735 16436 13402 17635 921 11270 15166 17219 473 153 14555 4349
6690 6397 4654 16766 143 9753 16502 10579 9800 4119 8199 5564 6017 10011 3750 8939 19342 13054 4710 4472 15238 15693 12596 16421 3695 8926
15179 10182 19310 5720 2672 4603 121 1355 13118 17530 16140 14094 5921 18655 2511 15052 15792 413 8832 6744 3838 13747 8716 6815 3008 12332
8343 786 13178 7763 203 5025 320 1881 14767 12806 11635 15470 85 6529 10262 13578 12363 13989 6511 17869 15721 2023 8481 10526 13553 4377
3917 14111 12252 12390 3839 12371 3951 13591 6144 4556 3772 7372 11045 19909 17304 1684 6492 13442 18343 11527 2889 10547 12080 7845 4977 14185
8148 16203 9057 842 11313 13390 17695 2238 14904 17173 311 7571 19684 14403 303 7612 14105 4194 18793 18862 4812 18814 10380 11488 17825 2662
13082 4539 11624 17826 6855 17337 7158 19921 8398 7805 3776 16837 254 5463 5543 631 10968 1344 591 16008 7921 546 13888 7206 13051 7389
13268 5453 18830 18648 6903 11848 8084 5947 1995 9042 15995 19758 5135 15611 13810 2513 19241 9510 9799 12829 5320 4203 4303 16712 9117 12055
13284 1599 7158 17794 11282 2909 3735 15695 6339 4015 14460 15896 4592 9637 17008 10678 2179 9693 14860 16146 8540 15598 1051 11009 6137 16126
16380 3944 11368 10303 11251 3140 14127 18771 6623 3558 2064 2988 2814 10351 678 10034 15760 18589 19131 14302 10737 4155 7618 769 2352 14358
2418 3265 19476 9442 5080 13848 9240 8416 13982 13175 2077 1919 4491 17737 4466 14772 1803 12501 8251 11362 9317 9741 7550 19351 5124 12179
8504 9590 15233 9768 2719 4992 7347 15691 14996 13304 11827 535 16814 5478 1315 430 11728 609 9816 3733 19723 269 11182 15677 1089 14789
18228 4634 4913 13187 16153 2026 15496 8165 17070 5591 6815 7112 19071 12466 10816 17606 16752 15997 16487 1807 10117 2700 16000 8254 409 3738
10591 5231 1545 14272 16178 1477 12726 16308 4024 15775 12769 16527 16583 13690 15053 12602 19542 19955 10317 19400 17747 12954 1155 2927 13017 10877
4488 14306 19736 9633 19439 8004 866 16298 2865 6980 18473 14075 2249 1295 17594 19385 16297 18868 10724 10868 19988 17527 2468 10996 6146 12517
15522 19047 3517 853 9947 326 4216 4979 4056 15867 3738 13791 7139 6059 12647 7530 12592 13787 14593 12915 10575 14869 18656 2464 15562 19148
1665 11717 18336 3560 9017 14769 14353 14168 2832 5250 18217 2157 7992 864 6747 6239 16305 10123 12785 15941 9111 9685 2405 19136 15954 11841
11670 18547 4259 5456 4986 9449 15298 16956 8360 3835 4088 12862 7457 13314 10448 9090 14997 5172 16275 17006 10996 1076 8453 2359 13890 19778
365 16479 18067 19785 18361 9634 15202 15707 15298 7131 16731 13452 11095 11903 10022 5490 9022 13186 1043 3103 6677 5470 3020 13220 14982 17336
2024 4424 11835 19078 18885 1917 17981 13789 11383 11790 5278 11328 12808 15930 14211 16830 6764 3725 2092 14143 13955 5440 11702 2630 17738 1592
1267 14055 18518 2747 7300 6227 6216 18879 6441 5943 17933 9721 2533 2429 18647 5466 13812 16427 2175 18486 9089 9037 4642 14837 8108 17901
19890 2283 5072 4702 17621 13376 6880 17315 15486 5572 19667 5770 4425 2168 17700 11635 3037 11393 11351 9105 9086 4030 61 6133 17906 17590
11784 7775 4443 7960 16577 2787 9183 18342 235 17807 17016 1567 17726 17497 9805 19268 2341 12740 12333 17850 15403 14314 49 1183 1865 6250
1219 12896 10250 9981 9418 11048 3207 16252 1142 2805 12523 2273 14142 15542 17744 1935 772 7037 12908 18434 14760 18900 418 17514 15924 3026
957 2205 16213 8247 516 17765 1786 13832 4302 12494 5738 10525 776 8023 12362 15785 7661 7440 3736 16075 10721 5300 317 18636 14470 2491
12885 776 2359 5352 4475 12334 770 11645 9984 12731 3116 16975 17811 7581 11214 9365 13671 5150 15305 16692 19097 14886 15689 4650 9174 11242
4848 1616 18418 164 9400 590 5897 19584 5091 16117 18672 8765 8114 9208 6122 1158 12950 15435 456 851 6465 14054 14526 519 1755 13074
1438 868 5172 5453 13222 9189 7153 11168 19142 8666 15504 13121 11810 7781 16461 14947 11920 851 12595 18101 2656 19723 14606 15217 16176 18435
15831 17858 16315 9344 774 5023 19474 10081 9453 17967 17950 1046 737 15217 10257 13267 19420 9412 1547 14484 76 7030 19034 598 9391 7677
8432 13997 16622 15839 11814 5497 13952 18671 3128 12031 536 16681 12587 14641 11733 2284 3491 12208 16629 9108 17008 864 9177 7025 10783 3309
15194 18834 18298 5378 7480 8085 11633 10182 1153 9003 10778 12096 15418 2508 1787 9627 19344 16462 3819 13699 10022 202 13412 15071 18464 14897
11456 891 11780 14058 5295 16544 12845 11489 16563 207 18003 13269 16992 10589 17825 4779 11295 11034 9126 3215 5408 15593 6641 15698 4677 14841
13210 5970 10035 16471 7214 2576 14101 19225 11386 17408 7009 9839 19684 14794 12964 7644 18843 7058 10123 12310 8376 1902 18591 10982 6828 17809
10129 6643 8699 307 5224 6351 1790 8491 2076 6585 13149 3032 888 12796 8799 3223 18280 1578 7663 10665 17486 5061 12818 15120 6608 1622
1261 4310 5425 11413 19269 19174 14020 5087 13497 6665 4508 799 4363 17675 19301 9276 14386 4674 9634 13128 8899 19216 7400 1347 13448 8473
2277 11862 3053 13342 1978 1397 5408 18430 1958 5126 19860 13180 14826 5185 2924 6207 19755 19788 19226 8904 19580 4244 8479 1732 8200 3809
9346 17666 10090 4553 3696 13706 14322 1245 18172 8420 9322 8769 7917 3035 11033 2199 1677 17928 15745 826 4549 13512 11664 19459 5197 15528
17698 5612 8863 7219 19417 624 15488 1055 10141 5721 1575 7525 12341 13879 17362 13194 7043 6895 14037 17861 10695 2344 3833 825 9364 5571
3036 6764 16645 4760 14402 9289 5918 7434 18726 9576 7788 18675 19231 8385 15269 11178 12255 10022 10157 6414 16331 12994 3058 15551 105 19192
440 13187 16368 7765 11645 19303 10460 10445 17114 16577 3984 882 13371 1329 9583 8098 14014 1374 5055 19831 13928 7858 5420 2910 15719 3869
8662 9501 9380 5345 11153 10676 14724 6949 13498 11895 3923 11149 15383 13861 12005 13461 17614 18595 17623 19169 6257 3966 73 482 18291 15772
6611 16398 8864 13505 10064 7882 18138 5267 147 9998 1756 7626 13058 745 2890 14001 11425 1346 6635 15233 5873 13939 3028 16097 19845 8495
14002 7590 18925 3766 8008 3223 14697 10616 19406 202 18641 1513 14387 18622 7032 12486 3764 15152 11727 13038 8479 19270 18175 6232 8206 10336
4550 308 4771 15185 10274 17339 15864 11349 13828 14538 14704 17962 13367 15112 18319 18436 5276 13119 11715 3153 14107 8856 11501 1903 18589 19008
16047 11212 4616 4759 2542 5987 5542 19820 14461 12464 791 8894 5325 3998 9333 6029 6014 8309 10922 9129 13479 5866 2647 1425 18954 14186
18549 8777 2122 78 17589 14197 5800 7307 2590 1707 19869 8983 14664 5450 5957 11681 14053 18269 8711 11758 5476 16878 17862 12529 18258 11226
14779 15532 11558 18067 18791 502 3526 7632 16162 13008 16675 8446 8095 16799 2957 12907 634 2413 122 1873 1436 499 3529 5363 11990 19260
10868 7348 7327 5222 608 8752 8169 5945 5383 12842 15986 8061 13034 8032 2083 15652 10257 7812 4270 7961 16810 9031 3029 19372 5579 19763
19419 6544 15426 4146 3055 15624 18081 1167 12825 18137 3181 2121 12916 5979 2654 563 10134 19195 17946 14085 19510 1363 10980 4750 2942 17358
15025 8553 5624 12992 941 18338 16709 7698 1304 951 19221 13934 4204 19477 9212 17230 12725 7304 12577 7826 17556 17149 1986 5255 9989 4303
3352 19711 15025 19549 17472 19401 7238 15062 12588 6003 10463 12865 13492 9012 6639 15561 6068 2975 19296 9979 8072 15648 6358 12329 3889 13657
87 1427 12896 13246 715 7823 13473 3230 11140 11289 11707 4800 15294 6361 2106 6652 16895 13659 12502 12255 7162 1483 14028 11513 11755 6829
10094 19664 9287 16723 9712 1031 12438 14864 10192 13846 16364 2613 8590 3864 1314 6146 15693 6791 1883 15399 3079 19371 16319 14954 16262 5994
1879 4174 18748 12207 10273 2903 15788 5437 8853 2795 15446 17672 5632 8289 13494 19011 19637 13195 6920 18196 9498 12990 12194 17176 12965 15393
15943 7604 559 15265 16495 4538 17354 8336 11103 16997 8799 14622 848 10179 8045 5605 14200 18709 19938 19599 2132 12988 5454 2056 4852 19041
16559 7959 4398 2605 13750 10368 2524 947 14282 17164 802 16598 3954 1330 4036 10496 10887 9004 5154 1233 15483 16054 383 13513 18556 5442
16941 3219 13442 2367 5504 10156 10572 4819 1473 17075 10286 515 15741 19725 3660 19994 11314 17965 5025 14155 12803 13126 978 3126 10254 18921
12481 11671 18379 16130 7433 15083 17524 15325 11451 18780 3162 1091 10389 15007 3963 2996 8356 3397 18428 11887 4989 8330 14785 12442 14137 6456
2696 2390 14246 9391 7816 16249 2209 13764 19045 14313 14252 15769 2424 13653 6966 5457 17553 3016 5160 2237 19842 5602 9786 423 9400 16601
11399 16473 5332 4189 17126 8345 3480 4355 11397 3125 12923 13768 3817 6613 15985 10241 7395 16536 18047 16950 17748 17134 16534 3211 4207 2319
18039 5724 12103 14287 19026 13234 1585 4437 4424 12419 9392 12075 14366 8961 2297 4637 18256 5207 16043 18086 11269 7822 1528 8604 16566 17431
11509 16555 8293 4736 2746 1478 7613 3586 7066 12056 10648 5578 1586 6529 3398 10098 13476 9342 10043 9347 9754 3130 19357 5427 15086 4205
9166 17329 7076 18012 18379 15639 19364 10915 15149 8832 16879 4279 13977 19329 1852 3686 13780 16871 10061 16314 15419 3787 3275 9371 13376 104
14353 9803 15122 1671 18879 12596 1369 10137 17358 834 11236 18025 426 9108 12572 19810 392 10091 4497 12100 11367 14008 4809 1231 13258 10456
5488 5511 14209 4609 8552 478 18232 16436 18138 14639 7840 16759 5936 5960 3623 17434 18573 1188 15571 12957 1334 10346 5403 19403 5877 17130
4268 14769 3946 954 8696 3975 18775 3730 19657 7547 12394 2844 19067 19039 16106 16054 8658 14060 12957 2533 154 16947 3376 15773 16250 17021
6133 182 10160 5922 19154 16774 1144 5904 6886 13373 13139 14796 10604 8293 7297 4133 14582 16195 19220 12180 10130 8816 4959 728 18563 8063
17056 5392 2202 1680 15601 13231 10053 8047 12477 8020 2123 19814 16814 15826 5651 19881 18597 9708 6913 16237 15882 15825 19397 17209 8535 14543
19704 10280 18141 17599 19648 2068 2300 4884 17769 2140 6520 2474 14941 1175 9330 7461 4991 7158 2499 2296 15789 15307 19610 7436 11137 19797
16512 8413 8500 13985 1714 8809 9987 9333 1108 12407 13204 9582 5409 12090 4720 1226 6717 711 3173 18154 10266 12087 9107 13485 18587 3754
13678 19000 16712 12918 15178 12725 17284 8108 9257 17656 16906 19548 13270 4308 17189 8954 9571 14016 3094 13656 11790 10983 12637 17180 8669 2495
12341 14973 8571 1713 1068 13838 17726 17062 15381 17368 3327 9055 10120 14823 18496 727 6035 3407 9120 19748 4133 14910 5857 5499 12343 340
9813 3405 19052 1717 14630 8879 562 12842 18177 2574 11276 11553 4231 1408 14051 8535 5080 9087 2134 15492 16430 9723 3040 9794 14066 5443
3460 555 1530 6865 12333 12416 17369 16364 12162 11584 3872 7865 2271 19232 8280 11854 11489 1186 14335 13970 7657 12563 2556 4368 13262 12048
6639 4972 2065 5561 4201 548 1656 17455 5445 2818 980 15839 8050 144 4972 14637 14772 16588 10861 10824 10029 14783 4423 6496 13592 6374
14377 11705 3450 5078 9004 17326 12803 11491 16408 1201 8106 4219 13758 5805 6290 12413 2184 18706 6405 19696 4856 14016 10704 19697 7396 3238
14588 14589 11789 7765 11241 4527 4936 12980 15070 4608 7653 3717 13405 4556 11565 16097 690 10745 1834 9227 16070 8989 10225 1028 14824 16919
2284 13498 17884 15340 239 11884 15244 47 7736 14652 15221 15621 1345 7895 4788 8720 11807 18489 14554 6872 14855 14731 5395 10431 17913 6210
17509 45 6254 4155 10666 4240 4339 5314 14319 3806 14464 5916 19078 1605 12583 12562 6157 11602 16157 14090 781 706 11062 8879 4501 11264
1760 8718 11105 19841 10988 120 7153 4302 9034 11999 5275 15658 11948 18402 12455 2557 6480 1695 4163 5155 218 5818 17002 7680 5708 11063
1976 9392 10999 10015 12333 7635 11957 7341 3873 12201 8747 5004 518 427 17997 14750 10822 7471 14113 14090 18833 13200 9418 3148 7783 1856
9626 13910 17979 9506 15838 9464 17669 3007 4317 16523 12898 7339 12269 19589 1453 1831 17521 18274 1492 788 9833 3794 5116 10678 19186 4390
18685 11650 1835 9777 14023 7612 3369 8397 8752 15036 11338 13263 19848 6061 11056 5729 14509 9178 19195 9505 10278 18512 13566 16129 15734 17475
18063 764 9575 17858 19819 64 4907 1804 8140 19559 2854 778 14328 453 15391 5841 7875 11429 17710 3290 17178 3114 7620 12096 14339 19972
8848 12257 263 14313 7014 10564 10516 13025 15028 2886 7663 11279 3112 16756 11301 6235 13744 16603 11434 5688 15766 17589 5199 15884 9538 13512
4727 17102 6773 9750 14268 4406 8919 12663 10546 16358 2147 11684 2043 16110 13109 2266 16175 18690 13060 18635 3082 15492 3070 12456 14043 3859
12381 7204 17592 4383 10629 7270 19096 8808 712 6887 2836 5712 3756 82 11973 8168 14473 18225 1964 10299 19526 800 19441 16025 7297 1429
16538 17244 3890 18343 14359 16 7188 14354 2820 9030 10545 3438 19773 395 10836 2231 10404 4520 12905 3430 14975 9021 12971 15445 10090 7092
5828 1532 6319 14698 14172 5471 8077 4256 11391 19250 10638 18191 15585 6415 15726 18322 5396 3188 7992 16017 6240 12969 18217 4758 12691 5002
16687 14004 1118 19709 4759 5696 11311 13250 2952 10953 12588 16928 14474 15218 17357 17205 5053 2229 5973 3723 10129 5878 13366 8260 3945 14431
19953 115 13930 8199 14205 6253 13401 14278 16771 4275 681 13444 5124 4168 3410 14406 464 7994 14961 8571 11090 19992 11641 5991 14336 19738
18576 19930 6131 17691 9020 13939 1786 17519 19089 16438 7136 6071 1977 12956 19002 19856 7600 10538 5191 16420 6770 19517 625 13829 16051 6413
12020 6027 19560 3536 5667 12065 622 2828 6322 14878 17177 8535 8167 13770 9032 16256 11687 12574 6216 4108 4566 17326 11169 9424 13515 816
15524 13383 3947 4801 7814 1221 12234 13186 2992 17914 3272 18121 86 18866 8990 12247 15083 17186 16695 9374 2674 15998 6170 185 15785 901
2440 16663 8187 13714 5502 10024 15195 14809 5945 6649 14547 13888 2769 10679 16564 4238 6584 19075 18616 183 18004 9407 1507 15274 15845 12916
11500 15524 1885 5932 11604 19545 2560 3453 16695 14189 8010 8227 10546 17227 13436 5218 429 12596 14121 10080 5457 19283 6577 11253 863 16307
17585 4213 89 15503 10639 13298 12356 8704 11731 8299 12752 12502 621 3182 4238 839 13960 7131 13995 3915 14358 4347 1508 2330 8902 4914
13873 14165 2091 6249 16722 16725 16355 6455 14947 3832 1184 18548 13321 11429 1324 8082 11128 10516 5911 13595 8725 16625 2090 15029 507 7393
4780 6283 12151 2646 8244 1527 1968 6267 8107 6231 18682 10593 5696 4231 14892 19564 10935 1099 5021 19241 11434 9813 4185 18513 5427 6674
87 13185 18419 3345 10907 5121 8810 5044 10230 8062 10228 18405 10716 4713 18662 19342 12323 11375 3747 5017 6404 19526 3771 2259 11549 11999
6999 13751 155 1172 1332 15225 18450 2680 7189 1515 19196 4348 1975 18272 6787 19481 12821 6922 915 10149 18116 14300 4521 14201 17894 3798
19440 841 2563 15343 16225 17118 3667 10570 19716 4840 3090 9302 19438 16656 2255 2118 313 8713 18866 19286 7865 16922 7587 15233 17035 3910
1066 8467 14516 17593 6045 15132 17293 14774 7340 9084 15527 18539 18326 16777 11823 10831 2473 7319 4946 18722 9383 7348 3205 19773 4923 8883
1402 14566 18177 8554 17753 11135 15736 14115 19589 13452 355 18383 15208 16716 12762 5399 9025 12349 14479 2707 670 19226 13173 4549 4525 18766
10799 15565 3592 8736 8160 6429 13738 6441 10479 6745 2983 7276 12253 17423 2474 1247 11437 1866 18855 11480 15050 13055 1845 1730 1563 7828
18515 9509 9975 19602 9803 4750 2022 15731 6541 3208 15079 8839 13856 4462 10476 11297 18433 13858 15870 8495 5425 13543 10574 15791 6160 8157
13299 14244 2522 2713 5812 12166 10217 912 13906 14138 19560 18291 6448 2605 13738 3952 18484 17881 10288 3730 8935 17416 17354 17958 7863 11889
2537 10480 14566 16098 4811 8569 32 6502 5611 6693 3659 7413 1922 18865 9823 18414 6367 5546 15498 15421 19784 835 16237 3860 10540 19315
673 12854 12199 850 6019 16226 11316 1072 19349 835 16744 4815 3523 10186 16080 11456 8580 6068 686 10087 2033 4062 13255 4053 9696 16670
15788 12175 15194 3135 5440 9607 6577 6843 16205 19607 2716 4935 19755 10323 5361 15491 9659 1729 17345 10912 1704 13493 7247 15919 2244 15912
16496 15968 11791 10330 5544 17543 3971 15145 8725 4588 868 11293 14704 8713 12292 671 15604 16237 15592 18526 12221 1661 12835 15096 15189 9648
6723 10483 9872 1879 2815 17682 14610 10958 12588 9092 5935 15226 15642 11303 1423 15915 3317 17638 11623 4731 16368 11758 14181 18124 15065 11298
8158 7846 11624 4119 2206 12161 11479 16548 16225 16682 1410 18026 7023 9352 11830 13789 19901 14206 5695 4732 8777 2138 1903 2731 16727 7104
11564 14429 18789 13361 4687 15180 10076 6808 15818 3735 974 6179 13518 9230 10733 3432 3649 4065 999 6463 12338 19985 2348 15120 1323 4996
13430 7623 300 4472 19526 2903 6075 19118 18409 2344 7059 11598 3709 14485 12566 10607 14727 11869 16344 10585 6141 4981 16247 12957 15593 5726
1611 15995 4169 8779 3841 18235 10653 15262 9821 3821 8422 19232 13354 14970 13077 5953 15144 5226 11376 10706 9228 13949 1822 17819 14340 10985
18521 9031 6134 18913 9825 3274 13616 8842 16078 19342 16478 16604 19549 11804 1812 10408 14724 5661 6361 6283 16811 4261 15143 16656 17624 12835
5687 12731 285 13612 13889 1380 4944 977 2384 7563 17892 4397 18787 7426 3239 13135 8610 11235 16205 19717 4872 9947 6018 1670 17262 7112
1789 151 16054 19433 2778 6243 6974 18046 17237 14521 9973 11845 16174 14820 2174 17859 8365 7937 16118 16407 6018 8269 8565 721 7393 3776
3718 14414 18927 6948 6294 8825 1988 14176 5815 18208 14678 9815 13141 17107 7534 16449 10418 16721 3925 2954 2245 6664 17703 18521 16208 14418
5073 16072 17246 3055 19780 15120 6128 2420 2211 13397 7904 17600 8229 10913 6759 18635 19024 13634 14448 16653 9896 1196 5906 618 9228 2620
16438 10261 16399 14 15810 8511 1320 11407 15511 7659 9944 9024 9285 16374 9867 8205 267 6640 17028 13654 18431 7394 12591 15568 1971 5382
5580 6958 2001 17527 5330 1723 14360 8554 2252 1714 6299 9875 18306 8521 4025 4196 1495 7155 1404 7171 17617 9764 4562 8496 7050 5879
2949 17114 17860 6651 14654 17729 18167 18676 1707 12282 17371 4598 11612 4551 19854 6325 11948 1250 3048 19888 18945 8554 4510 8401 2216 15429
15506 12001 15302 7029 18039 4368 2854 1187 11638 13583 12511 777 4202 2324 6038 10667 755 13032 11869 16864 6693 11781 19437 7165 1534 11398
5611 6139 2870 7191 12858 6998 137 18461 11689 14023 7770 16999 6072 10942 8839 8257 16432 10963 11388 6518 16002 1465 15420 17703 13115 12102
9932 9717 6027 19976 1203 7302 15015 18128 14837 17754 4935 6605 5494 18151 7623 6570 3911 4545 12600 10017 755 14857 5667 16804 10503 5274
9413 4198 3590 13850 10585 15504 14990 6445 14562 19983 6280 12321 15397 7454 12560 9334 10996 12718 4186 10400 565 4689 11503 6709 1508 5402
19530 4979 13793 12335 18683 16019 823 12726 3620 2388 6738 11218 17513 17071 506 14034 7191 15343 18097 197 7031 9393 15537 16821 9481 7098
15176 14895 18493 14113 18188 10583 458 17397 1292 13520 16749 4078 6759 15313 15967 15626 14065 11412 1761 12003 9846 18628 3054 14747 3365 16205
141 12230 1295 2350 19659 17403 16283 12254 18459 15207 16770 17348 10163 10587 13808 3974 13430 8085 15134 19576 3747 17750 9791 17414 12932 17043
18671 14672 4754 8875 13403 8267 17809 12737 17836 16312 16171 19283 9228 12317 9076 10003 11258 4353 10921 6599 19586 2398 17520 10723 18518 12858
870 8793 4183 8006 19408 12281 2966 5093 4349 2486 14786 19788 15890 18586 1789 19664 8514 10484 13263 12998 14206 18592 951 13793 11014 11562
11691 19479 18791 13031 17359 9338 595 11446 9014 16616 11431 15774 17822 15476 9102 13922 345 19557 279 11224 1252 17178 18377 6160 19555 17318
528 15030 13311 12734 2671 1240 12204 3030 19655 12207 6462 13784 15986 12137 4873 240 17183 10208 6260 2708 1929 1576 16003 5221 2545 14231
14389 18652 18887 15444 11087 4124 2274 18444 7119 15442 15834 19801 12781 11893 7821 5634 19854 12296 3343 19226 11245 17051 17266 7494 1674 5641
4915 2593 916 12673 13159 15695 10011 3208 13027 14293 17304 18552 18825 11320 12588 901 3401 536 13639 19132 10115 3382 902 7188 11479 19612
14084 4794 4375 10953 866 4756 11771 653 15963 15532 6267 2240 17980 3351 9653 15959 6387 8413 12261 1064 6058 4744 13247 10338 17090 10690
10242 13082 5408 19893 7441 12970 278 10083 2867 4351 5713 1694 15573 16119 12030 10287 19213 11365 1234 14563 12667 12176 13507 13887 18942 19103
12771 16695 16619 15366 17920 10413 13277 6889 14221 1832 5256 7971 19865 16425 2856 6096 7101 6766 11241 11979 19306 10062 1333 17921 14551 5139
10412 152 12551 2604 4226 10672 7736 10209 17727 10571 7356 5087 7374 1991 5799 7356 5190 5288 18967 18897 8288 10229 8423 18786 19430 8511
9716 16583 18009 10998 5441 4885 7413 14010 18285 7792 11102 13117 5362 10368 15344 15581 6714 7554 6294 19830 17643 2581 1314 4521 9792 4522
12757 6925 9343 15745 12478 1101 17086 5349 525 12357 6555 173 12828 5730 15619 353 2215 3832 9741 10281 4637 3888 16930 17644 7808 15160
8137 17385 10204 12195 11047 10524 19918 5750 19392 17281 1677 7707 5144 12180 9912 3433 1020 1664 3231 16399 10361 7415 428 13586 5138 2399
18161 6158 3396 5234 15124 17891 9069 4984 3613 7230 19341 18476 2584 17635 5569 18890 16157 7835 18435 13831 308 9775 11719 11757 5639 6491
12686 5512 4317 2759 17367 14433 17608 15583 15204 11586 15245 6835 12807 12036 11598 4721 1123 9019 18744 15165 4522 13634 11675 10136 3075 8495
19651 7778 9223 19090 9790 19808 7732 19910 10082 9810 7860 269 9899 19190 8585 19933 18258 10780 12278 17613 14067 14934 15863 13782 4195 5434
18252 14795 12036 11303 18719 17248 2486 19308 15059 9157 10316 18640 727 17860 12131 6034 18059 11311 8508 14367 19350 16841 11430 8770 4492 17990
2720 7163 18621 13112 18617 18815 10580 10383 2178 15853 5211 14172 18080 14141 12369 3851 8419 14466 5705 19528 17179 315 1321 16728 924 8795
3361 5404 14766 13814 6576 16367 1278 9484 6901 10554 16683 17146 10263 6389 9025 14491 166 14132 17208 18872 3236 15321 6271 14817 563 476
17329 1741 4685 14014 6194 15087 8155 17401 16627 18225 7702 4458 19499 11891 4453 15890 19416 2415 16566 11517 9184 4551 13988 4315 3642 16461
17278 979 2996 12931 13636 10288 19416 17228 3352 16791 19356 10203 19463 713 3999 12695 5983 15086 10574 15479 7230 5542 8868 5294 8294 14369
7826 10940 5931 12303 19924 974 2153 9554 11952 12583 7792 14509 12765 755 15283 6548 2540 11365 573 7097 19796 3248 13957 14678 1030 4593
9211 11433 11155 15568 17016 10123 10688 4680 18458 8139 17413 1089 14458 472 19106 6497 15277 15720 18575 5855 1885 15497 5459 19586 14451 380
10034 16348 18425 15838 14699 7535 9074 5947 1672 10657 7208 3889 19601 2890 5830 14523 17291 9309 3379 7995 17864 13408 11485 12090 4215 14439
12576 8715 3342 3034 5205 4973 15955 335 8497 4540 1575 13097 2330 15498 13358 11194 4456 5458 2098 17287 4486 13848 1301 15917 3145 16962
16605 6521 9027 16062 2493 9421 18581 14500 3851 6511 13090 10344 7621 2840 16536 10987 4913 9539 19416 19678 18781 14106 9327 19687 18240 3268
7087 19517 9776 8214 2467 3115 15231 18762 2926 8142 11137 16669 6475 17238 5741 8740 15533 6883 14731 4083 13758 1346 2800 3540 17079 9640
9416 12344 11320 404 15753 16533 4602 2428 11994 12348 1214 565 2856 10638 11729 11365 16324 15308 9840 3425 11734 919 18905 9376 3005 9611
15470 15867 14681 19431 2025 14508 16055 12567 1029 17620 214 4226 18537 6070 4634 16525 6172 18778 7466 9814 14560 712 7615 1979 8155 10573
6410 11097 14122 386 822 3520 2610 17146 12502 784 10153 16555 9645 19794 5246 1608 1360 6168 17325 16370 6557 17002 5180 18038 17366 1002
5455 5392 15964 9682 1825 1605 10457 14041 10430 3392 17631 18047 17144 323 12429 10547 1693 17217 9342 2835 10564 12863 8134 2099 2310 6408
1016 4991 4506 18804 17874 1001 6893 12236 11089 5528 1992 18007 5098 19870 12060 1056 3985 16670 5175 7940 9142 5746 11957 165 8122 6357
10775 9288 3428 4149 7730 3783 2960 18504 14965 19924 1726 14830 6699 19471 12405 10768 16794 409 6734 14335 17363 6105 3913 4446 8034 4751
11190 9660 12730 14276 3229 6578 10528 5276 786 13506 5807 2462 13336 18526 9421 19040 6506 17679 6600 12307 2103 6772 3808 16263 17482 2329
13933 7044 1466 18922 800 3990 17805 692 6914 4931 19123 5202 470 11742 7481 2554 6268 9065 7896 8370 2962 3779 3723 2350 5820 8919
1991 11790 14969 1309 13172 3401 6369 7112 17640 392 3936 513 8493 11568 10320 9347 6912 8721 10879 875 877 7748 11012 13909 16111 6134
19113 4934 1623 12156 3187 18297 13376 9976 6155 9601 299 12741 16772 3797 1498 5918 15842 11086 9035 18824 14393 5867 11660 16544 14240 8981
17384 4376 343 12448 14423 7796 1393 504 11389 7298 6032 3267 8535 17817 517 11516 19843 8288 7191 7035 9458 12110 14755 11325 8392 8977
19395 13344 15848 1821 19683 1480 3880 4377 10444 11921 5382 17827 3186 584 5945 19163 4897 12034 829 19796 291 6193 1836 18938 16116 15590
6269 12850 15415 10108 270 13807 10620 18941 7228 13644 6728 12928 3760 4949 14754 13924 11293 15393 16815 17981 4514 14977 568 10195 13926 5535
15832 5072 19174 18033 3086 19357 16980 3961 15114 1245 11202 9324 2230 19018 11360 14246 19479 19615 2500 19332 3691 18140 15801 4311 17127 11828
8403 17811 8487 19649 17781 4409 15395 12925 12890 11627 2654 15958 14011 10190 15818 16883 9342 8018 13914 3925 11765 9006 1296 15079 3628 2675
4102 1963 4235 10514 8623 18740 8160 10041 19345 12219 8025 5965 12858 18339 223 19106 4720 15976 1481 9250 16059 1878 5608 6586 19766 1537
17480 5821 10893 427 7726 5775 7402 161 19623 9781 10035 15340 15717 19259 3564 11021 13613 10766 1598 11260 17290 19529 7225 10118 17632 15886
14169 18910 12458 3937 16362 4585 18557 748 15380 4159 11817 14142 12478 509 9436 44 10940 14827 727 16404 10209 1221 19013 13040 11492 5821
13180 291 1833 12824 12000 9692 18138 309 4716 13937 18216 215 9034 8068 10741 2241 3744 5147 17944 4964 6137 1047 2344 6537 15388 7562
7951 9871 18588 18601 12496 4031 8937 6643 10676 13173 10504 2438 12799 668 15371 3034 10983 2103 13557 13394 8269 13576 998 6651 17942 63
5184 12137 15527 18752 15365 5108 7640 8154 2334 11419 16291 2432 18906 11862 6311 4140 1055 17813 699 18768 6574 4946 9572 12791 17863 4327
14815 5017 10667 3621 8776 8022 18326 11905 19010 16857 6860 18087 18020 5653 4217 4853 3496 16252 1938 15590 1357 1456 3047 15181 19592 3402
16430 14108 9666 18513 15767 19354 11321 16151 7226 5559 15602 14703 470 532 8793 15573 8298 5694 3104 17556 7072 1499 19863 10382 14251 12490
14064 3841 16940 15149 7015 18448 16928 3180 19436 13015 3919 14187 5534 15318 2059 13870 9166 17405 4844 12589 19753 15574 19224 8151 10302 11312
9777 9144 7770 17186 12592 17610 18422 17781 15253 2532 15311 10614 9347 4991 13341 16873 2717 8391 12667 6952 12474 13537 7983 2003 6712 1795
15643 14504 11301 11672 1653 17294 3626 7684 7535 12368 12771 1518 14049 8340 14998 19823 3526 2192 19132 14043 18971 2487 15328 17160 11576 7269
5716 13092 16791 19719 5476 8785 7608 12293 17641 19375 19234 5577 13772 6343 10891 17728 585 1117 15086 16982 18350 1696 6547 193 18859 5622
12445 12894 3 17075 11982 1309 2963 1123 3046 9838 19461 1438 11506 12363 9705 13415 19967 5670 17045 4912 19214 14229 11166 15701 6758 1535
8160 1374 13956 16731 7585 13043 18888 15293 18981 4744 19731 16637 18896 14885 19782 7014 11393 15458 11433 16838 13846 18729 12293 10600 6764 10928
16046 15464 8061 2944 9515 14568 1731 19698 19356 2421 17240 17975 11392 13901 13474 3637 4360 8344 17309 3481 17831 10189 6393 10835 19789 4318
4680 4769 18820 19032 439 1103 16685 9340 2961 16184 10185 5474 17605 15178 1042 5575 14221 3811 11673 10006 19441 7096 11409 8804 19483 1258
13623 2811 4199 17756 1436 10037 4645 1961 19796 3168 1721 7400 9325 14767 19994 5800 16197 9243 14772 18096 2461 18573 17887 7829 14982 5063
9625 9617 4447 16641 257 11246 6022 7060 6807 17121 16237 13782 9488 14471 3086 9491 1804 16441 16020 7990 15519 9452 6362 10166 8340 16107
5529 5351 7866 7998 12482 17745 10757 939 17294 403 5658 8063 16743 8377 15984 13114 12865 10591 3888 13011 7253 2973 6899 16377 14729 15592
6680 13419 3740 11112 3640 9209 13976 16795 15284 19784 16192 5992 19336 18648 7085 10952 2952 16584 18583 4927 4016 13582 5394 8754 15268 13984
238 18783 12297 6469 16783 4642 17230 11026 15269 9978 881 2373 10923 11925 10996 14454 6873 2544 9774 4627 16150 5737 14331 9091 7416 18261
4800 19184 1582 4844 2628 18424 7483 18551 9052 2068 1446 9059 5748 1984 805 18202 3598 17037 3563 19394 6604 6070 17597 9006 4381 3676
5822 13262 14338 11911 8047 7892 5107 4088 1719 10483 10951 18788 18553 4442 5979 251 13192 19742 15908 2937 17908 12940 16941 5363 5843 11549
6227 7824 6694 8033 13914 5919 18744 2249 3239 12589 4336 14264 10205 8046 10196 11346 15925 2703 6332 11140 19345 1818 5312 11540 11850 12351
11890 18966 1246 2325 3727 16546 9314 9409 19923 16561 5136 12513 5706 15731 6091 9108 7329 6954 14741 6985 12618 17458 14257 15989 13467 17965
13296 16272 16714 24 11429 19943 4406 2770 19298 13125 19247 10737 8435 19895 3898 13156 14896 18394 8365 9697 1207 4721 17235 8170 7674 9466
9255 2009 18315 13167 11019 12861 13112 17948 14369 10479 19260 8379 11413 10540 7808 4225 8201 0 14214 17660 19583 1719 318 3865 2588 13345
6484 11256 2592 11302 8347 18695 6736 4909 1411 12506 2079 9634 12930 4539 12557 3413 5600 10006 18614 17810 19518 2301 5004 6297 10764 16841
483 3556 6845 13772 17656 8726 17319 8558 4498 16769 13224 16833 952 15991 8370 2181 19580 16037 4383 7100 17743 12418 14751 13536 5411 18217
12019 15428 9087 10934 4222 13267 4569 18168 3847 1682 10098 3008 8774 17728 912 14326 8511 4923 15639 14212 7563 8102 6875 1552 14218 17796
4449 7372 15275 7090 3763 14744 7157 19376 4809 12017 11643 14554 17689 18759 7307 14740 7863 9095 833 19079 19341 2 7547 6761 7994 11205
15591 7228 16097 12811 4717 7279 7802 14590 16032 4157 9607 9099 17624 3102 13076 5893 13138 5664 12620 11051 17321 307 16095 6064 11507 1707
19500 13853 5202 4711 10430 14353 11041 3168 2862 17661 5530 881 14692 6397 10428 17736 16675 549 5390 8779 4652 13805 16216 15220 13071 3963
9961 18071 14656 2471 12559 4312 11947 4391 13586 8769 4161 6803 13387 4649 384 14751 10027 16364 15988 5524 15518 6144 5109 16138 14474 19807
2189 2935 4133 5931 4480 5267 18988 14101 19038 7612 7099 19278 5248 6361 6272 14039 11649 4849 15645 17175 3723 3824 2028 50 2398 11523
18758 9475 8205 15248 8438 4652 745 18513 12142 14729 17652 17206 18038 2275 9798 14130 12764 7675 17806 12173 8830 8527 18619 15996 13274 1779
1971 19544 19594 19270 1278 6986 5656 18777 7617 5587 628 6401 6344 15606 1696 11203 17262 12551 18550 1467 17503 6558 1309 11329 12224 15802
16433 14074 18673 17356 6714 19985 17427 4439 7069 18240 4662 15825 6512 362 7099 7469 17420 15980 6735 1230 2742 1739 4477 13152 7811 14250
15331 19461 9383 8791 15194 18041 10754 6983 3763 4087 12641 4080 4161 16501 12881 12668 16010 15847 15937 9644 15639 8687 40 14610 4773 6238
1144 4036 635 14196 5571 10466 4746 10010 11078 10621 18910 13188 10831 18271 851 4000 12201 15623 347 12301 6636 9768 3598 533 708 9424
11656 14469 2448 10518 4862 12953 2766 9206 17988 8220 10453 5524 4122 16257 1413 16985 3593 11187 7470 10638 19945 19656 11451 14863 15756 2810
4962 7137 14007 4958 15126 2981 16168 11869 15836 8993 10375 7354 8058 14036 14499 4802 1896 1506 7903 11176 2772 2143 2195 6855 16298 10083
9625 10531 942 6829 6417 762 1355 12542 11420 4325 16003 4150 19491 1471 16918 9782 7269 12305 11975 7771 3732 7943 14537 17221 2885 4835
3683 4520 2105 16836 8989 2028 5493 6139 5170 16104 9417 3752 12884 19526 19789 11398 11674 14462 12856 15065 14894 4170 8920 2363 12421 18923
19853 11788 5135 9003 16164 11817 15473 12017 3371 10587 8045 1519 15728 9883 7991 13613 1763 5345 15315 5347 6178 17226 7691 8438 1037 17102
7800 9289 1745 8538 12635 12584 12738 6057 18547 16362 12129 9437 7684 16112 6353 4797 5963 294 9520 10388 9540 10803 6009 13230 9510 5226
13027 8993 15710 12885 16569 16754 10986 3207 16608 3727 16189 19115 2253 9953 11199 18225 2205 12650 19981 33 2668 5217 4182 18384 17421 436
17895 2914 3667 10653 15233 7103 2947 1041 9652 17818 15963 14722 14888 6277 3060 18517 10241 8653 2460 16544 13016 5077 11445 5669 5732 4170
12582 14328 16306 17037 7877 8346 10467 12280 9123 17910 1100 7346 7597 14498 5475 1100 8199 13135 6959 19692 1664 9693 13740 18002 19613 2304
14509 8435 17164 14817 11877 13437 14260 5590 9365 19975 3881 6951 13213 9528 8698 19219 19065 15857 13949 6132 8242 14581 15684 12950 8753 9225
18900 17567 9616 9370 15822 3738 6283 1888 5089 6452 11714 2120 3231 11687 3073 11335 16254 5080 10022 596 11699 2211 17969 18357 7854 17508
10285 5336 7274 8742 2712 9880 1212 11543 4541 5830 11497 13471 9832 3983 19029 11291 10011 4335 12894 7679 17921 8840 15077 8952 9665 2270
17274 19129 4373 8599 17639 8101 5612 5475 18685 3793 10060 11833 4809 4243 16004 9857 505 15358 9348 17223 2298 7984 18026 4941 11926 19409
9834 18274 9098 9644 7983 12861 2406 2916 1218 18147 15434 1896 11911 401 15850 3149 19208 9156 13127 7657 7491 5655 6035 11704 12847 9130
5256 8297 16828 15698 7321 14637 11865 8501 4190 9131 5519 16639 10162 13735 15399 3025 12510 14652 3550 3578 19153 16610 6987 15327 17818 7470
19296 11522 5802 18068 7557 13753 11331 8833 19672 12280 15403 11938 8286 2335 17490 10718 17554 9859 16928 11059 12897 17006 19672 8434 4566 3431
9615 11600 2335 4053 11148 11947 14655 19762 19400 1725 9581 10842 11918 16544 6445 5401 2766 17441 3673 18266 18143 12699 11673 17881 1098 17057
17974 17735 19122 5268 13729 3136 9078 12535 6231 3122 14317 15050 8917 742 2031 16065 4847 19124 15271 19105 10677 1727 105 9139 5026 9184
4095 4354 13686 11455 19883 19296 1552 14713 2817 7229 17586 9020 15365 4925 12121 6340 17596 8497 9070 8850 12128 8676 7541 13274 385 19131
7475 6502 3566 14640 6429 6166 6130 17191 17410 7660 13373 16150 15889 14711 10936 10422 15810 15808 5034 18830 2527 3742 12393 15154 595 18757
5325 2700 8968 16739 19382 15166 8828 14779 7058 2982 11297 19583 17426 12318 4009 11865 11822 9633 15289 2789 13975 18523 5246 4925 7120 10415
5531 9487 11799 17036 1269 10962 8451 10862 2560 13127 42 19894 13578 5469 10932 11903 19978 4935 12394 10577 11154 9881 7691 7722 290 8254
