365
17 5 43 71 26 87 18 92 30 21 29 95 86 90 76 85 21 45 84 71 57 94 53 37 40 75
2739 11177 4608 10533 2114 2194 8965 6102 18531 19468 1257 16816 12067 9766 17232 16871 6327 5852 103 8236 15108 4618 5795 1803 13720 5834
5705 7279 1100 3293 7250 2673 6218 938 19595 10880 15439 16646 5006 17945 14710 12615 8870 11941 16390 17712 7399 10126 11588 9709 14652 6876
14600 12158 8604 15788 5593 9256 7328 16779 14339 6818 12390 4851 1409 5400 14927 2828 2119 2983 11240 17048 3880 6414 9281 15717 16891 16088
11141 7242 3973 1893 7321 15655 264 8446 17011 14695 3742 14174 10630 19443 6327 15862 7198 5849 14162 8588 16920 15847 14410 246 13254 14207
8030 13539 1995 3789 15370 11655 649 15317 3057 11539 18822 4328 2464 15875 3516 3121 4004 37 16175 18894 1064 13896 18999 5948 6323 6792
1238 15367 769 8528 561 12544 13491 1959 14177 13145 11312 15136 9852 11423 6339 19007 6151 10190 4292 19958 12368 18677 11298 12664 15574 6237
3761 18907 6008 2385 9929 16025 16701 19959 15296 10685 16235 19936 16800 8481 1987 15224 7529 2200 17953 9248 19879 10130 6298 4300 765 10378
15976 12473 1137 9814 3936 3588 1527 17649 17759 2746 13772 3434 4445 19358 3988 6155 6540 19167 6417 13904 3305 16732 16901 8964 8006 836
7354 10359 12540 4181 5488 8766 4071 9006 15661 12411 14291 2866 14965 14683 4714 16920 3596 8155 13986 6729 4378 14227 9547 13982 9095 7533
5081 5816 3890 14443 19902 19730 15820 3452 2117 1730 13433 11017 9332 15643 3206 10991 15575 15639 14511 7793 4509 16409 18761 5360 2913 16568
2419 4628 11566 12905 9220 9004 5006 11115 9191 19533 7496 5606 4884 16687 15468 10081 6929 10690 7890 949 19129 15413 10253 17132 16918 1809
18362 19315 15698 17088 4276 9755 16564 17310 4742 12834 2719 3651 5889 9406 12165 1420 753 11342 1198 16841 17000 5088 4646 2458 12292 541
14316 1365 18771 15749 4676 4573 15617 2622 4986 4870 14122 12281 6868 9070 17143 13069 17924 10946 17237 3534 13011 8639 6660 2915 3 17752
5946 9568 9212 15933 1646 4915 16151 10627 9222 1432 18388 10492 18379 4850 7038 5142 12651 2051 2360 14863 18358 19077 17496 3900 1954 12331
19415 16487 13962 18358 15567 19819 10246 9300 15928 10396 9358 10298 14725 16551 19150 9689 6841 3513 16470 13685 2530 50 8321 13350 8275 10308
17174 5520 10558 17329 7973 4271 9239 18936 16574 12305 19896 17114 16048 9955 15081 13859 5693 10878 14211 10323 7113 5766 13018 10569 10008 16968
1267 12126 7397 17096 13849 4179 8086 12495 3735 9843 12627 14467 17749 18301 5822 9821 18992 10734 9418 15776 10497 16344 455 12110 2637 1445
12609 12814 409 13747 5989 19355 4085 8606 5185 5792 2980 11298 15023 7665 8958 15642 9866 12892 6645 5323 15090 15042 17687 18153 1447 17720
17545 16050 2448 9171 2566 6264 6304 11217 2745 3514 8500 8471 605 8223 4266 13437 9526 15700 7488 13668 13370 15237 14856 13097 486 315
2697 6747 16112 18760 17242 15928 17057 2579 12784 17987 8129 4297 13568 16961 8690 14896 6709 4727 14760 13178 10052 14661 12331 13770 8622 3397
9506 11806 10544 18640 18604 9066 15596 18948 5229 112 8780 7561 7056 6116 16799 10304 11179 4617 11613 7853 18143 12055 6600 15483 16486 15954
81 1497 12612 18416 824 3382 7989 17692 8158 12802 13334 5574 18304 9638 9458 3453 3649 8702 7859 14454 4895 386 11131 19154 2033 2939
4555 8458 7274 8523 8625 12422 5239 1488 8677 4473 17525 10894 11996 17096 4106 6806 4443 2700 17826 342 14882 1509 19282 2229 8792 10144
3976 11370 3842 2142 11325 6088 18204 14956 11533 19550 8791 7437 13448 13873 3545 3116 7261 9151 18255 7397 5524 14915 4480 14743 4887 6084
12312 933 19907 12620 8466 2810 10638 4682 309 19490 14344 12986 2863 812 19060 7577 17480 6565 8053 16190 16111 10703 17633 8093 15971 11684
7160 17950 13197 11767 4861 8893 4999 19057 8476 13870 15027 13041 5549 15962 17200 7277 18152 7721 5250 2099 13603 11829 5043 3822 19734 14344
19083 8476 3653 18143 1114 19155 120 1644 15304 3822 10289 4287 11573 12647 11334 14934 19914 5716 5350 783 15762 4738 17384 3956 19657 19411
19822 1279 1407 9108 17758 279 4418 18023 10429 4463 16464 7793 16580 10387 9155 12691 9003 4767 11037 9767 7125 14877 15148 17274 17257 19789
4522 1750 3103 11473 3299 1356 296 8874 9057 14978 3444 6661 13094 18275 636 1524 14814 10909 12877 3399 19672 2638 10090 4107 15070 16245
6552 16782 8647 999 5071 7929 4604 15822 18050 2318 17746 10538 18184 11298 11315 14159 3174 14400 17493 17398 4895 15107 6906 12811 19854 16436
9285 10929 9355 14268 5285 12526 12866 16868 2055 11126 11518 16546 891 6659 6773 12317 10924 8518 18040 3163 8991 10183 8729 3818 19298 19446
9783 3482 19522 6309 15519 816 5749 6941 16892 14396 3535 14572 10319 13192 11879 19559 16093 46 14744 10453 16350 5493 17849 2535 8222 14036
6145 5468 17704 8440 3894 17411 16392 18518 3531 7073 18962 12115 4668 9425 500 7452 3003 10659 7906 19390 17107 7219 8055 16087 12534 1846
6017 17234 151 4725 9320 2329 17605 4149 10907 13137 18648 6569 3383 12205 3412 10248 10279 10516 5164 5629 18098 10801 1662 5029 673 14390
4617 3922 5720 13877 10177 4311 17765 9521 2832 5035 9389 10693 3824 6071 17845 9869 1151 18218 13803 4112 12522 1002 3567 7308 17851 1137
5884 13997 9771 3299 827 12222 19945 7344 16737 16809 19420 14318 7067 2593 12431 14917 12368 4800 1214 5419 617 1091 9470 1403 1178 13617
13544 11449 10847 11006 13318 15554 15593 2708 11746 5937 18099 5519 4070 18207 11246 13253 4122 18108 2101 12211 11607 8431 13032 2217 15972 7283
16668 322 4385 16884 14477 13764 7362 16655 8881 16959 9094 4658 8450 7747 3501 5813 1323 17375 16307 11939 362 18340 6395 12388 18828 6035
11287 4516 969 3550 14688 4090 9579 19493 3058 9735 1709 18818 8177 18342 5522 14668 8374 15978 512 7198 40 4381 9921 17364 842 6543
1548 10871 4750 11389 13746 3661 4478 10658 6065 10940 4169 12903 2941 19085 19676 10265 12832 5142 18350 5715 15119 13781 1479 9345 5759 14306
655 10510 7815 3056 11149 2134 17805 18089 18893 320 19936 14866 14630 7551 566 17910 12367 10266 4069 614 1162 10908 12042 10017 12706 12015
4044 5027 6907 8879 5416 3550 16734 6261 3130 18907 19196 16084 4371 19865 19747 9010 16388 5448 386 6911 4412 7439 12570 17063 2756 14475
5350 14625 8911 9234 1160 1756 10362 9262 3733 2691 7397 5779 17236 8824 77 13358 7379 4936 5302 8189 7305 1223 4081 9372 9080 8617
19784 3190 15802 5666 5222 5590 3485 14450 10346 9641 4180 15118 5694 47 12020 11634 4001 5543 5071 16898 464 574 5024 11563 18868 2453
9021 2745 13601 13491 1707 795 12053 15476 4993 6522 14921 5836 14473 6710 19031 7917 16395 19485 19817 4825 2790 11904 17949 3837 11593 11910
15043 3434 12605 2472 2461 5948 3110 14656 10712 6724 5698 5401 172 488 3334 7757 17759 1755 19238 15350 9134 6519 14625 2322 11036 5717
12494 12344 9758 9228 2154 12427 14209 12385 19717 5514 18973 3066 3632 6090 14125 9241 2600 3449 5752 12055 4492 5319 15070 7728 15310 16275
2966 13287 15403 14620 13724 1873 17309 5206 13485 15469 18054 10928 11642 16117 3938 1985 15572 19047 2182 23 14748 1395 1941 1234 15911 19440
16586 5774 16455 15418 5678 16180 53 17743 11361 6617 653 954 15545 2132 9028 7284 9978 12942 9398 7113 8166 9310 5418 13744 5936 4537
139 11133 4416 17806 9450 6023 15096 15350 5117 1968 17361 4143 3005 4894 11056 8889 15575 11191 9094 9751 16956 554 712 6333 4129 4585
19173 15617 10923 189 6544 18304 16687 7046 2558 159 13540 8965 4952 677 370 6476 2882 7500 820 19083 5014 9524 15026 3391 9180 9441
13620 2603 4490 7965 7667 9274 6698 8671 19961 9001 12139 1288 3047 19745 5615 9649 14106 733 5146 9304 9015 17727 5688 1230 11570 1484
2688 2981 2911 10649 8320 16229 18670 11900 7602 5362 5193 16821 5766 13493 4546 4063 19039 3550 3378 9809 16085 5197 17151 5244 12041 14230
3311 7697 1728 932 3072 12273 7204 10753 969 18237 6131 16079 16620 18543 2856 322 11140 7636 17042 599 17519 7987 18659 10577 8417 11044
5075 11972 4825 7046 3549 16610 6974 1052 19320 13214 1717 8473 18073 5999 13099 12158 10195 6080 14702 6268 19602 2438 17918 8769 19797 19353
17829 15498 15903 13918 19296 10044 14153 9488 8004 5881 587 2517 18810 10107 10400 9782 8064 17422 7300 3519 4823 7536 17689 3075 8780 13403
2351 6537 531 3578 5034 838 19618 2339 18590 17228 11046 18214 2956 18605 10209 16917 9898 2107 13331 18891 13113 14876 9193 11723 17515 14584
10493 14766 15305 1981 19805 17413 1226 5818 18239 14835 14225 17148 18960 1170 13074 12446 14863 2943 1373 10655 14930 13834 1821 6850 14306 12725
1692 14503 11740 472 9279 19198 1901 8923 11607 19676 11516 3095 8531 18520 5597 2520 5715 10478 12396 11890 18836 15154 13410 630 711 5787
19571 1309 15319 8013 10943 655 6190 6072 19601 694 16695 1838 1763 13750 16885 3497 11990 14247 14341 278 3877 14127 43 3991 19501 971
17366 16867 6959 3020 13039 10244 10348 17939 13591 19238 12087 12582 6665 7686 4495 8271 6921 13934 9365 17580 15225 14110 7512 8643 5432 368
19882 11019 13656 2532 12603 328 5834 4360 13767 12189 13908 7241 5811 12643 15093 310 15774 18472 14929 1365 14367 3603 18393 14396 5316 18110
2732 7656 14066 3115 19546 126 17148 7541 11464 8313 19878 9104 5270 18838 1491 1950 12880 18288 9189 18541 13269 12245 15861 13177 3542 18710
15320 17148 1438 18646 12002 18063 14876 4669 12769 19161 14703 8323 6422 11077 9232 2940 19034 12408 4495 6761 7789 9184 6955 10033 12116 1962
17303 3033 7872 18781 11572 3124 16985 19087 18689 12825 2339 9913 4303 14642 19859 11710 18529 12197 16256 3173 16409 5249 15833 10644 3421 16155
15647 16361 882 361 17329 11618 3848 2204 7354 8222 15232 6951 14936 10009 12068 3277 7660 1701 17760 14581 10723 389 11135 11759 15317 2699
554 7586 11705 10428 16499 1284 5777 5758 2412 10167 6834 12064 17366 17560 16223 2315 12556 19972 6461 5383 4598 18319 11060 1022 18935 8918
15254 1949 7255 8625 2269 1888 16356 5625 6533 501 11847 1145 2664 4175 4475 3178 17340 5873 14415 6407 1859 15651 7565 7692 546 5469
8583 171 8297 3080 8920 10362 7268 5320 6229 4982 19024 8520 505 6171 18204 5315 2170 943 6334 2436 9003 10841 2102 2668 2741 18561
767 18130 19192 7600 1435 14447 241 16600 9543 2388 9375 11865 1068 17820 1932 7744 4807 1767 6642 9820 10130 1387 3114 16037 19250 5395
3023 8100 17333 19901 17892 5747 14854 9063 448 13208 6699 1841 339 16539 6303 4931 1735 19598 7988 14102 6171 11312 14334 18239 2413 12202
13533 9666 14055 19190 17148 2810 12134 5467 5295 9225 11264 10591 14699 3157 12836 4069 6859 743 4662 1743 2674 7931 11746 8273 17540 18728
3326 13872 1247 10167 6001 16206 11281 3240 1759 125 3444 4375 15685 6469 18356 18177 11560 11046 19295 14884 4274 7832 3305 10762 18698 14519
18409 3983 3614 723 17158 15905 2479 2069 14448 17241 8277 8333 19367 17174 12826 15712 2582 1237 19957 5238 4350 5044 8026 19598 18088 10908
4144 10103 6402 996 6611 1165 17974 2951 8371 15293 8854 9145 18658 17231 4860 14853 7734 3459 8678 15540 9898 17010 14297 19504 8577 2618
4476 13056 11478 11670 6715 12795 6460 10727 9265 19399 5320 13404 11233 7794 881 7757 18844 7521 3656 19791 5195 6012 7611 3600 16300 876
4976 8605 10359 6476 4906 10658 17788 928 1690 6955 12742 15660 2656 2875 7034 10665 9801 2162 13714 1945 11790 17044 994 1979 12383 1891
7645 14781 2501 4867 13020 13157 11251 14428 7347 5118 4037 19678 7442 13721 2878 14304 3368 3582 5240 13318 338 2731 19107 13173 9472 14208
17456 14736 17146 13447 13053 13223 13064 3147 11041 11423 3378 7321 6720 948 1416 19858 13380 10161 7761 7275 2253 60 10936 11271 517 19986
4153 3407 8518 18607 18122 17463 15593 15164 9896 14693 16842 16792 9448 5455 4530 7991 18973 12192 8636 11900 1631 17315 13041 377 1998 9866
12637 17384 8172 5445 10687 7914 3779 9963 2773 4331 11817 4404 18553 3651 2995 17012 12716 11917 3736 14904 12647 18397 16743 2538 13000 11815
19849 12000 8044 6760 1551 2882 4795 4221 5873 2778 10534 7307 10899 10059 4503 7268 5320 8122 14093 1034 1400 8265 15315 18490 3140 16938
3983 2763 7201 3237 16582 1573 19110 14750 17006 3948 8667 166 8100 17383 8661 3831 233 9534 62 15258 17062 4082 7593 9678 13820 2526
6968 13801 7353 12017 18593 13915 13558 6119 7037 11300 14010 16715 17748 18053 13933 13110 18009 8102 18897 11881 9687 11439 2541 15802 6795 8959
3225 15171 4870 6486 13479 10310 14492 4789 516 18280 3283 13290 3709 19235 17215 2806 9734 9042 12077 14576 502 15285 18181 17027 7321 11712
14 14026 14039 3310 10679 5889 304 840 19019 18795 9138 17577 9156 12179 11666 17764 2192 17306 7075 6160 15246 12343 17291 16196 16007 8064
7588 11029 13279 16395 16810 9496 18870 12206 7846 19861 16097 15011 1710 1336 18403 5897 17216 7991 13352 14413 5536 10445 13209 92 1791 12528
16013 4415 9486 10770 2076 16126 12253 11792 17382 5316 5924 13468 12005 13837 2462 4562 18159 11903 18118 6431 10764 16504 13819 7122 16834 11738
14562 1981 8767 3750 5970 12655 13147 4714 2582 3768 14418 64 18872 2918 1820 7745 5121 18902 16331 19249 1754 8507 9810 2658 7782 14219
12551 15321 7458 15160 8716 414 14884 17649 2355 8825 7975 5646 11483 15319 19475 7142 10529 18210 12600 6744 12972 18437 2968 8812 9206 12121
6188 6621 10544 4500 4729 13249 12762 14673 16778 15590 7734 8625 15780 8070 16430 3142 16311 1761 19766 8727 4377 15506 13102 12274 16780 5052
11566 6230 6924 16092 6477 16660 10069 17848 6393 2879 16316 18123 18096 3567 8209 7323 11255 13089 2645 4247 1780 13057 8840 660 12226 15137
8415 5233 10730 20000 11073 4043 10584 9032 14963 898 3629 7176 10147 11228 1320 17555 13609 6603 15414 18582 7465 8790 9679 8941 590 7262
4331 8824 13148 55 11528 8004 3755 8265 16302 1708 14938 6069 18685 15269 10953 16008 12813 11316 3128 19774 14023 1659 4626 19890 17562 9469
18018 3459 15436 7800 6459 10629 4571 15859 11057 11587 17704 10786 7477 10220 5242 16863 1984 9366 8140 2017 6596 4590 4130 13270 8371 18649
3462 6812 12758 2609 5534 6735 10037 17703 15393 16401 13666 8350 19634 3507 7750 9130 1485 8664 7091 6418 6280 10874 19439 18630 952 17732
8780 6247 14368 15310 8309 9480 17050 12404 4511 15687 5327 11335 9619 8953 5587 19876 13410 9102 3909 13649 4326 16435 13292 239 16724 1149
13167 10288 14972 9654 13168 3335 2868 17284 11103 4339 4591 11938 545 2671 10629 6840 14072 5665 6738 3957 12698 10325 17612 13091 7223 1170
14256 15537 751 12552 18655 9047 845 9795 79 12250 16994 6836 19284 10751 19062 10465 18989 7924 7586 9079 6306 16050 4270 2559 2696 9376
6836 2401 1488 14956 7327 10087 1235 3500 4348 9839 12718 6839 4926 14904 18780 19187 1679 5789 17513 9437 6496 639 18190 9429 11968 3889
4090 11678 10560 4642 2594 5436 9839 11673 17221 5020 14512 18017 2987 13151 11120 18196 18558 2453 15524 1795 11446 850 19190 14110 18543 17506
10534 1589 15249 3165 15935 1767 19111 19110 7110 12507 11258 7014 1498 7695 1658 2388 12436 3689 16983 12666 4987 3391 8120 14072 5118 3646
7532 17298 13719 6521 5487 6228 7862 10854 8214 9983 16205 2895 2172 10142 7058 1632 17348 6071 19851 7399 12679 15483 11748 10311 7634 1148
19828 15939 3418 7135 7354 17040 9749 6452 12896 8561 1662 258 9038 3615 1700 590 886 11432 7061 7051 11465 16318 18604 7283 5547 13966
4127 17474 4938 1117 18089 11325 4803 11013 7693 11448 16046 12260 14001 18246 9702 3719 18813 4409 10365 6125 18622 19524 3929 8275 16666 6301
13852 11035 12603 11497 19137 18696 3561 17428 18114 12397 17787 3607 8427 17617 8030 365 8311 11215 896 12400 7543 19873 7792 4518 4020 13222
1394 5439 12443 7990 4209 4521 5872 19714 8756 5561 6320 6154 18983 7253 19991 3051 9008 14624 9224 19086 17196 5805 416 7141 1538 8063
18063 2268 12702 4792 10295 18384 8827 14540 1876 6094 7781 3874 2900 13542 12931 14278 5221 8862 10594 17317 5517 6496 16231 11964 6870 6328
13661 18148 3621 18861 7985 12474 15913 9579 2365 17475 3938 4922 14176 511 9502 19099 1110 15162 5843 7923 13213 13995 451 18034 1085 6356
18226 8067 3804 9538 15299 13490 6675 3521 16942 17366 5441 1899 4413 2702 18007 14929 2113 9989 19422 12185 15648 7178 19323 3460 10989 2220
18542 19275 15990 15865 5203 1590 6686 11321 15733 6371 15757 2895 19836 17879 19804 17466 15997 12207 18962 16448 10789 13553 5888 14407 17028 4140
16761 3948 15907 6273 14291 8699 1517 16567 7092 5853 1641 4760 136 653 14685 15349 12093 15893 11238 18844 202 7263 11036 5771 16359 1139
8452 15580 7795 15472 19872 8124 18714 4027 11949 2531 18109 3070 17483 13250 8642 12214 5123 15385 6983 2326 3650 14441 8732 11549 8413 12898
10471 4743 4456 9228 17506 17695 612 13587 19280 720 9984 18772 8989 1710 9929 13435 17067 1653 16810 12610 19843 9891 6645 4662 11759 8546
16474 3867 887 3221 4581 9536 5537 8202 13234 617 16379 8031 11219 16212 4861 7305 9344 65 17364 17593 5764 19924 15548 10856 11851 5690
19671 6805 7253 13043 19288 17395 3707 12124 72 8337 1259 12502 3007 9520 18229 8258 17805 19330 7008 10255 12572 19348 8291 8119 12483 15357
18232 8189 19594 14080 6592 2388 4462 19536 15395 9985 19413 2401 6411 12592 1508 19119 214 17525 2440 17223 10533 7249 8568 12807 2933 13671
18443 18675 17250 9096 2019 12427 18683 16318 11464 2540 2194 11366 2698 3550 12374 8089 15403 17227 14991 5188 13947 9448 11421 6747 14415 6822
11251 6889 2214 16879 14042 7289 19690 16019 568 6572 17336 5586 2794 1091 811 19224 6646 4741 15911 15460 16990 2057 14953 7861 19860 4250
4674 15872 8938 11191 18693 331 15590 6410 4994 12458 16236 11969 16821 3158 1255 11070 6641 814 7928 10537 12824 1629 597 10616 19414 11100
15049 5507 80 10156 2369 4038 7879 6384 13921 7815 8393 3659 5993 19409 727 12551 6233 14516 7785 15536 12103 10958 11921 16396 12962 19113
19034 7703 2550 14154 3231 13233 10442 2957 19127 11085 4072 384 5040 14505 6196 777 13970 12294 18239 6083 17624 12213 18723 2094 9304 8571
14907 12492 15004 15841 10479 13634 13772 18130 8416 7956 16638 16960 8931 3646 1704 17590 19250 9587 11045 1035 884 6779 15861 7402 11071 18709
9738 19965 14589 8753 13224 7349 11394 12010 17 6271 16688 11511 906 9456 8902 11217 15358 9742 11915 583 5203 14447 1551 15942 4455 17539
12532 11879 881 14931 4000 19975 8443 10679 15432 11347 8627 207 12173 18585 17588 8763 1530 169 2321 351 2363 8473 4242 7872 19781 9424
2785 11940 19439 9783 8675 4437 8116 12532 6148 14722 7682 14251 15843 11746 9326 2126 1979 16291 2762 17902 4232 13804 16872 4928 758 9842
3609 17859 4317 6819 16023 721 16481 16083 14827 8315 16181 9155 16111 3561 10739 18735 19734 10861 3442 492 16119 11075 12843 8871 12913 9775
15103 14863 3370 4990 10260 17814 17881 7308 17486 14650 11837 30 17921 14494 7305 10514 17623 8158 18462 3685 7732 17556 10083 6498 3892 13592
18224 4734 9372 2784 17801 504 18426 7770 5944 5747 17970 6050 11487 16900 201 10946 14075 1865 12815 14037 2638 3204 1304 16926 3983 2128
10388 13495 9471 14453 3574 5910 5141 12209 9022 14365 852 2727 14772 14426 7963 6152 3437 13880 9234 12338 2601 2366 256 6982 16179 15036
10463 6454 16739 5999 1791 5868 19466 4285 12777 2256 4450 3496 7017 163 7871 70 833 3190 5785 169 3525 9210 13534 1997 8302 10710
7547 16310 2896 12084 644 12014 9278 16219 5257 12606 7955 13249 16679 16979 861 6463 12363 18514 13258 16057 518 2344 6782 4153 12936 643
16025 8635 9052 474 14691 6201 18125 17753 1647 16123 12986 14444 9998 9298 1809 9748 7810 9412 19154 15237 11998 5367 16469 13507 5976 8376
7172 8542 4955 13 9496 6731 14513 14676 2166 13775 13623 763 11608 12011 11073 6590 5450 4918 16946 11036 19355 9702 10150 8565 18593 15909
8957 18018 6819 13331 9475 7502 12132 17559 5441 12889 7912 10479 16995 2361 4816 10850 14350 19300 16338 4291 1904 14364 3072 15382 13088 3443
9079 5146 4688 9631 4693 8553 10264 4222 15668 12167 12848 17500 2020 10934 3402 13050 19360 15681 7933 707 2645 5995 19682 6837 682 16507
8115 2173 564 15230 13522 10747 15060 5769 17625 3225 4728 13358 15121 13119 629 2841 19019 3460 18296 3297 10885 14367 12987 13447 15179 14118
18396 10169 4629 14133 14945 16755 5234 10914 13654 19139 15623 3613 13982 19536 1400 594 10944 3485 3184 7568 13000 200 18019 9361 8731 3387
14909 5958 15686 9989 1642 4211 13301 14153 11483 7040 2983 17212 18964 19966 17660 8475 7627 5000 887 12675 1644 2957 9525 5408 4996 18772
1967 489 7391 2551 400 10203 2403 3613 19072 18353 5719 1022 2741 10601 18835 13283 9277 17895 11517 8522 1675 13641 11223 10841 15689 3363
5777 11543 18508 12842 5163 307 15763 4631 10078 16006 3621 18797 11186 13403 7403 13330 17977 9961 11807 8038 3118 12308 6336 16252 15885 12243
9199 6575 2964 3754 7345 16607 6563 7262 19484 9770 10850 3933 1804 4398 17540 11691 11235 12292 1709 1377 10845 12707 61 5374 14918 653
1303 9745 15915 5323 6182 18337 208 14154 8608 9285 19852 14506 12002 16532 966 18059 19778 3729 10246 3119 15580 3368 13941 15972 5008 16095
3162 4546 8088 3809 9873 5836 14959 13212 17279 14571 13198 12367 16395 10161 15688 12241 538 8150 18551 13051 10059 13891 8933 5526 845 88
7608 9360 7249 9069 11646 17135 14285 3068 17270 16926 3785 7528 1786 15729 8201 6487 5189 7962 19022 18344 14129 12911 12969 3430 11774 6447
8440 8040 1749 14970 307 16370 5501 16906 1447 5388 5315 9922 3245 14829 18823 4733 14281 4292 3975 14049 13858 5231 10866 9941 16075 9925
5437 1036 15051 19036 170 3096 6855 7146 13566 10086 16469 5171 15229 7264 12590 11221 4205 11201 17548 7435 14152 9092 13577 17588 12519 9580
3298 6985 13928 14780 2805 10268 18121 2521 10510 16469 67 717 11351 1254 3317 4511 5253 2999 5469 5322 7372 18725 15281 15742 16973 3065
7743 8286 8159 15302 1341 18298 17957 6227 11192 12800 14902 6484 16145 13741 434 10393 18525 3158 15651 18756 4852 8774 16721 1681 13681 15940
12103 16059 7332 397 7862 3970 17008 1996 8052 10717 1236 17225 10329 8132 6473 10773 16012 1896 16823 19492 19284 16257 11611 10612 18006 13352
19186 3238 14667 19413 12226 5419 15179 1689 7033 19310 10377 16824 4559 9814 1666 18343 3763 17013 1046 16385 2914 5731 5766 9278 11560 2861
7153 19268 8650 16092 4469 487 10752 19703 3978 11518 1170 15619 14598 3750 13228 14684 3094 8699 15213 194 12538 4912 3756 4491 16986 3893
6508 8735 6743 3756 5825 17877 8180 5125 14515 2893 18582 8823 11868 11372 4431 19771 9444 1337 15989 14432 2762 3337 5915 19603 12605 15684
973 3202 2066 6604 17756 19011 16788 14138 10602 17663 14760 10795 9953 8827 6549 5987 8357 3242 16872 19793 4363 2099 7927 1665 17114 16363
5746 11804 16409 15031 14808 19304 746 4667 9994 5724 10352 18798 15835 7716 7347 3405 6546 11108 6801 9170 19704 19640 7107 1306 3532 11294
16613 12943 9278 19662 10246 6414 14572 275 6193 13961 15418 7466 10524 16053 16768 1812 6718 106 11072 4215 16675 10170 4741 12859 4120 13020
2862 2055 6345 16371 3015 18532 17196 9441 19396 5267 5680 12532 5975 14099 4594 19443 11000 5550 9532 757 9131 3340 16234 11162 10557 10094
451 3520 175 15433 6021 12930 14138 15302 7857 4945 19374 5662 8116 8985 2346 9353 4931 12042 53 19193 19151 17255 11691 13280 2451 18776
12139 19578 1577 4827 9347 2611 6033 16719 1649 7050 17518 8358 3311 11648 5671 11409 4777 12445 7962 15615 8406 1387 13381 9029 1197 19576
14765 2577 2832 8439 3962 3588 19526 11891 3587 313 2446 19399 6880 2329 2917 12765 544 18540 3383 14400 3227 5507 5535 18945 8393 4241
1177 5288 12529 10962 13227 12491 2558 15675 10183 8727 11269 5220 11892 4290 12182 6508 474 3648 5706 13391 4583 13222 2503 9053 16212 2383
9720 1671 14126 11304 9609 7171 18810 19483 4548 1114 13662 16709 10092 11087 9662 8264 14561 5319 11289 11061 3855 7114 10264 18392 739 2349
8686 283 213 2447 219 9466 6229 4596 17457 14429 11537 12191 7832 16397 13360 9677 948 1840 6129 8294 8293 17850 8021 3919 6895 2016
12325 1554 9417 3855 15570 8870 6823 2885 10641 1539 8538 19971 11924 16663 4168 19053 3579 15945 6414 16849 2400 928 10277 2495 12218 14519
187 3992 3692 12635 6395 19895 1899 6942 14764 4155 16854 6508 2808 17481 3438 16520 16730 14494 7481 19508 6512 17982 10392 2265 683 16798
16052 4587 4296 8257 13293 5173 562 5386 11461 13841 15218 15615 14653 3036 17099 502 2795 15062 2062 6310 16692 19211 19955 7789 4073 14392
18929 14996 12103 19418 10387 2287 4445 15981 13279 10859 10373 11150 8609 2609 15524 11650 14610 14544 9044 10248 19507 12684 10167 4619 16009 16344
4006 6539 11240 7590 1064 12909 18767 11002 10186 11873 3992 18162 8078 5862 13896 8269 1367 13657 216 13243 16456 730 12028 12848 7738 8219
8200 15286 17963 3748 13009 3885 1128 17093 13837 10223 15547 7491 6363 10929 19856 2998 2879 9679 9625 18338 18358 10046 2494 7851 1168 10547
3409 15193 3729 6975 11457 16045 4912 11258 18065 14613 15188 15000 16815 1970 5679 640 16825 11129 2781 10501 14571 17947 12073 6386 6458 5654
13428 7334 1283 12376 8185 6639 6083 861 2604 5109 14651 8336 8700 4553 10237 8659 9081 14866 15648 4878 17651 14905 16973 11479 5942 11182
2295 8504 12624 19721 19088 5999 1249 6927 4415 12855 14712 2855 19920 7877 37 9388 3537 1203 15065 6906 4278 19188 1816 1695 14602 3910
15761 18016 14445 12357 11214 2589 11565 10914 9506 13179 14262 976 16036 14115 7768 5987 12767 14169 7615 11303 3370 7684 587 10552 1639 17019
9815 7132 10253 2357 2145 3421 7759 9799 8657 5729 7421 11474 1491 15318 15338 19358 16116 3012 1658 16777 3201 3918 6461 18109 2857 1726
15599 18638 6476 16050 14530 11209 2771 10907 4673 9741 5847 10127 8196 14660 1545 11330 6699 10170 7948 17506 10324 3052 17563 19374 15819 11194
11003 12430 13185 2280 8689 7652 2696 272 18395 11472 8958 18935 3658 12678 6427 15976 1434 1867 15018 19150 8852 9329 4394 13049 6410 14608
1891 10754 16422 9706 16195 9342 4378 7045 5228 3298 17361 14843 17392 19371 17196 11870 9408 1611 13482 11770 8128 8628 15488 11099 18388 7243
10728 3445 17214 15514 16183 10107 5285 8469 8228 12717 11429 14619 16054 12036 17616 7705 4378 653 13590 509 9465 17219 6475 468 17312 19828
6121 6085 6481 10478 8763 5044 8382 15893 5791 3041 19464 11493 12229 4736 2844 16191 18609 16589 9942 18544 16733 18786 2669 6041 5402 5552
1403 9387 85 676 19618 16530 19588 17824 9773 19692 1472 17761 9734 10587 12068 9646 9045 1440 2179 11634 11627 11683 6759 17448 14124 402
16299 11074 5938 9448 17402 9709 662 1446 10156 9940 6850 234 15740 3248 2675 19146 10373 18581 13479 2700 16465 18115 7584 11965 7718 3242
5030 9149 9502 4725 11148 2541 7492 25 9773 4324 14851 7427 17828 5309 14748 956 11875 4923 720 9079 12198 11299 17066 5694 9952 6809
15381 9234 14961 14 18389 16374 9654 15179 9124 13448 577 5700 13488 4215 1624 10146 17503 7269 12833 18174 11873 6851 6787 16785 1267 16263
17238 7744 734 7890 5454 17417 13992 11306 15508 6986 12442 12540 5395 9633 3021 11796 18892 4554 5757 4810 9246 13857 2669 15928 6072 9654
9020 17297 16741 8363 17235 7197 4442 18825 1532 1817 7049 9686 8057 16293 17453 6869 5549 8106 2239 10923 18406 464 12553 4061 19960 8945
18666 17686 2978 19008 11133 4042 11684 1510 19296 10706 15942 11969 13637 15989 1818 90 16479 3875 10451 8475 3008 16150 17906 12245 16745 3227
19443 8496 18489 4094 9451 15791 14209 2552 2780 765 148 5655 13196 19034 10345 13687 3838 16098 1029 411 4340 2857 5294 16199 12626 12277
17462 16738 14041 6067 6438 10464 13230 2505 12550 5456 19022 1380 9133 12016 18103 5629 6824 7257 19123 3922 18289 13540 18790 3201 12096 17096
10927 15976 9976 4282 15018 1739 13718 15412 8205 19767 7786 7743 7899 12116 4461 6548 11861 6983 15278 17083 10044 3153 14576 505 6803 6172
17172 15577 13270 4398 5662 12777 3970 2874 12641 4825 2447 4727 16218 13654 9916 11910 18041 2977 2616 8105 5790 16502 12735 1326 18961 13563
17784 8517 18615 6828 3327 13453 8231 3401 8874 13133 13136 14629 3821 13571 5773 14259 12646 13627 7579 7457 12400 5528 19985 9578 6086 4947
14018 8988 14217 19255 561 10908 10955 8639 12037 19952 3462 16679 16403 14680 836 4399 438 18385 13303 5205 1958 879 7434 19338 2699 13120
13492 2319 19949 14116 5775 1668 12711 14409 7123 4232 17756 14333 16251 18281 5710 14516 7852 16028 10446 6374 10309 4726 17717 13716 662 9228
11123 15347 10774 12034 4947 15081 18804 11810 18164 10987 3983 18508 5913 19059 19334 3993 12330 2682 15520 10194 4702 6611 615 15499 2513 17477
17636 7521 15543 7777 6118 14500 10494 12015 2509 14990 3638 2552 16767 17902 15510 8105 2037 9775 6760 13835 8502 8911 18306 4425 702 14440
7629 8700 19586 1560 3176 9912 4372 8471 15371 15033 13476 7987 16939 492 5672 1329 16634 11241 6032 4319 12974 2905 18226 266 17215 15146
16445 19139 10938 9621 19546 13441 17742 2994 11056 15422 5596 1050 3525 10720 1226 9809 15381 10241 2999 16141 14561 1820 6885 4979 11890 590
8636 16851 3573 12362 5584 16012 4786 18609 1119 2053 1399 10669 14382 19265 5446 14379 16219 18599 6966 14255 11262 8523 13771 15345 13626 15886
3863 5945 19073 7138 17410 17048 13871 18924 7866 2125 17310 16824 13868 14206 5818 17456 860 91 14564 8123 17075 3447 10617 7234 2075 11543
10102 11803 4818 8184 10793 2239 2027 7908 758 970 17563 8827 5935 17820 15860 18599 5773 14406 14302 14831 9108 8735 5090 3110 18199 10334
11160 772 808 382 4129 8569 18208 6927 1667 6697 11187 8998 2975 7890 6185 15542 2075 7829 5755 15078 8734 10586 5231 6625 7331 11404
12002 12414 7526 12532 19634 2286 19480 17389 4448 7170 19492 15087 3868 15564 9576 7960 13941 3285 6180 3714 4171 4730 7704 4681 3242 8100
1401 9286 9670 10670 16936 5901 12768 15708 5427 13628 3513 7623 17697 7282 5803 14523 11391 7162 15436 463 17204 15285 4121 1714 10082 18478
10857 1397 8876 16670 3554 5692 12460 2721 19935 1880 19507 14496 18457 348 7644 13739 16110 18729 11785 5913 9841 6559 11517 10442 7262 15
10124 534 11666 7054 13251 1965 10933 3069 10744 3037 17366 4003 18268 19160 18639 16038 19720 7676 14943 2561 982 1270 17917 13838 4191 11040
858 12455 541 17521 12772 9159 16732 5096 10361 10297 15480 2900 2474 16341 15183 1452 159 9475 12842 17046 16352 3333 13458 576 16602 5333
19734 17978 17297 12711 9575 17503 7746 2567 10689 16150 10025 2594 19312 3434 16221 15559 1502 19433 8798 6441 347 8685 9730 14595 2252 16193
3664 371 15630 12721 16455 13745 2190 2473 667 5415 8923 12251 1752 8442 4401 9206 19193 14039 2162 898 9599 16136 16722 8533 6506 10682
12220 11889 19486 8549 657 814 11273 13218 17860 11555 646 11482 2553 16240 9267 6635 15827 14521 11231 16423 1358 4605 8328 11828 19452 10897
12025 12029 4630 18967 4345 4759 19681 16179 10716 12349 4780 8592 8314 984 15111 1462 7044 2731 10195 5829 4238 18716 306 17322 8325 5693
2597 8785 17205 16288 19282 14043 11023 3037 19988 7892 19344 17904 6478 16893 13793 241 19489 15996 5507 5111 7587 19450 1081 1553 10783 11595
1679 9809 11436 151 2505 1327 4200 1033 18304 10485 19407 12910 6447 2553 7300 3364 3536 723 11020 12149 1443 19296 10321 15078 5041 92
11366 12079 19258 15446 13010 14826 17164 11918 4785 17326 3965 14388 9540 3333 16681 1040 12629 6477 15479 16741 8144 12084 13537 12451 148 15364
7952 14019 11101 15147 9729 15159 699 5208 14998 5499 13210 12419 7054 10431 10744 1298 4630 765 19301 40 8869 42 5004 16685 16956 11804
17337 18759 6514 6996 12632 7196 19804 15177 12882 17299 1698 1377 1381 9306 16110 17791 16682 12033 12131 7080 19607 5257 6114 1486 18075 9490
14085 15147 14852 8860 7067 16753 6571 6848 1132 9954 9786 10188 8093 15197 13892 10237 8392 2085 11582 14932 10432 13168 12781 12966 10248 198
19196 2603 14515 5704 19229 3932 1701 17483 15082 19191 17095 12259 14334 1226 9827 17933 15904 3265 3132 3927 14264 17027 9288 10466 19275 18600
15084 18616 9615 9922 17058 5762 12674 18315 8157 17844 12974 19368 16757 3383 10609 17914 6894 12363 2740 7675 9702 1697 13264 7741 13128 4001
14722 12516 6682 9882 18192 10063 13438 17976 18187 10800 1969 9950 678 13677 14075 9122 5948 8225 145 9835 12846 2105 15569 3315 19112 8867
11235 15998 6178 3479 18445 8568 10460 6414 14821 9295 7710 2790 4833 8681 5676 19022 18693 3516 12448 5647 8479 7140 17809 16604 7581 13213
8823 10387 15542 15971 4104 396 1408 9905 1871 6796 16517 928 3994 5003 12678 3127 19329 6173 7493 14878 10778 5451 7555 13242 3 8250
14000 14560 17198 11334 1863 11278 13121 5996 11014 19957 4622 10460 7441 2239 8746 17285 18718 18044 8043 9684 9347 12892 6778 4072 12290 16659
3609 13344 17918 19913 16317 15115 9378 14583 6589 6512 557 3459 11594 18576 8960 17178 2035 10717 8300 132 7712 4879 14692 17071 13461 8070
8616 13268 4861 12700 3976 8632 9738 1422 5950 2744 19028 11646 8735 11489 16129 5940 10354 867 7206 10300 19752 4040 3585 3875 12554 6904
12472 15588 11751 10419 14417 248 4527 1484 18405 399 1293 13225 9787 16557 2375 19319 8680 10834 3632 13946 19972 17845 2954 8726 15773 17849
11806 14575 15828 16764 12145 2399 15924 1102 1130 15404 11417 2539 19797 8435 3695 408 10525 18134 6415 613 3107 8484 3419 18151 2351 6252
3299 4797 6393 1905 14220 10731 11557 16821 9998 17910 6757 12336 4873 5367 11393 2930 893 19358 10444 19993 10961 2655 16769 11094 17777 1397
15770 17576 6785 6923 15228 10951 3040 3751 7596 3451 8389 9644 3255 16653 16923 9804 14896 3440 17103 14602 17855 1058 6945 6782 16091 16240
12137 11810 2250 5658 7187 2684 5876 15720 7164 13068 13355 13596 10990 13724 731 5423 17296 17453 8288 10202 12449 15323 11739 18917 3484 16791
14927 7558 78 13843 15463 16464 15494 17670 7858 12669 14218 3465 1257 2916 14035 4059 1565 16256 8743 1215 4620 16465 19253 15720 15795 15591
12068 13845 10781 5570 1110 18655 2705 8527 9094 3681 14049 12590 1933 816 5167 12715 19964 18667 13259 1379 2347 18017 5911 7025 10564 11227
10025 17725 12603 9441 4497 19396 3708 17289 6350 1327 14286 15384 9672 4069 13619 14236 3898 12337 968 14794 16669 11799 17962 7994 9880 19788
14990 6449 9433 9161 7342 220 10214 11035 1243 11532 4202 18551 5449 3083 17195 10297 19565 5407 4272 6976 19174 14879 6962 14203 9047 8495
2294 9310 9445 17592 8397 2655 5965 9953 13499 7754 2356 9618 15497 5048 13945 3238 18854 14919 2804 15555 8171 11148 18077 19562 19756 3414
1473 17562 964 7647 7839 11470 16426 14522 9374 18925 11625 14982 10937 15438 14930 8358 13745 14415 5299 18977 15223 7913 12178 2069 863 6522
2651 476 4197 10164 16974 6846 1631 15316 17747 8889 18258 2018 2590 14669 8973 4442 14168 7501 16043 8955 15119 19059 18863 9363 8483 320
5561 6258 9594 9447 5731 3671 19108 17086 470 920 10926 17093 6600 3281 6442 7449 12506 14158 7080 14357 17015 4685 16913 1321 2588 9274
48 13529 16890 11494 9603 16041 6195 13347 17706 5498 4621 8236 13671 16848 3840 7027 8583 8590 5154 16724 3602 18541 15901 14446 15459 1986
5335 18836 18006 9839 13509 17763 17447 8176 16918 5505 11634 19711 2293 5472 3032 19998 887 18977 696 11954 9092 13881 7343 2786 13817 5575
11670 8023 3489 10560 18572 15847 6012 3192 15448 9336 3219 1763 10972 14761 19653 16616 11346 959 17345 5880 3688 8819 9440 17981 730 1524
7364 2363 15279 2298 7960 12725 9934 13599 10656 949 5308 17589 8355 13885 11675 4209 1797 8498 10553 14333 14705 10910 18705 3578 10681 16236
129 15274 16471 375 9952 7124 17791 14871 1353 8411 4365 11590 4419 1917 16933 9708 7293 1202 15407 15487 4137 10961 6525 3684 15537 3511
6923 2624 10917 12630 18231 2466 16819 8584 16893 6909 12116 11646 12089 14884 8078 18776 9404 3447 13962 17732 8246 4579 19382 9902 1188 3267
19130 3251 7513 7766 15103 4786 18196 868 18437 14365 16284 12381 3105 17996 18495 11073 2242 3700 18609 18833 4119 8867 10711 11814 9699 14808
15054 18787 13265 8969 17850 11206 10998 3005 12100 8254 10130 11347 4469 13552 13587 10203 17307 13890 16959 15430 9911 16536 15006 6532 5911 18335
4589 9273 12413 13122 10164 10980 763 7686 6069 7549 14402 8798 7796 6663 19821 18372 7673 15641 10424 17370 12028 4077 9096 4917 5944 14111
15533 1405 15446 13951 10048 11432 13643 7066 8929 5924 7109 16605 7514 19732 12369 10203 16705 7571 15850 5920 12119 13977 10819 13758 8583 10671
9704 7517 17396 17748 14751 4555 16362 17886 9168 18730 15258 14526 10265 10783 17127 4219 4644 18774 12846 4357 14044 14029 17603 16501 11112 18121
1208 14160 3210 13663 8878 768 8989 4662 147 526 11459 1759 10031 4563 8794 7655 17550 5550 4952 2910 4396 6749 11377 16218 14894 18301
12142 2229 2072 5338 12743 6305 3881 1719 4014 3947 7718 15680 9784 731 16410 19475 16056 1951 6641 3195 10040 12259 5595 16369 9569 11608
13080 8923 19377 4168 8156 16934 16913 4967 4631 15741 7471 4490 11091 1322 7018 477 18706 1078 5988 14798 8428 5527 3421 18917 19911 18360
14625 45 1615 16327 5766 6432 4800 7562 7781 6291 4016 11938 6926 3122 6428 2041 8079 1028 12283 12583 5583 12725 3842 14155 1228 19818
737 10010 13595 285 3388 10102 17975 14250 8724 6799 5954 8556 18146 18963 19539 12942 12305 10106 2485 19146 7648 9373 814 2408 15704 15066
1408 8910 13946 3680 3956 4176 18128 10451 3242 4399 17963 11694 4735 5233 19272 6944 10510 19808 5729 12834 5994 7093 4445 9945 16186 11768
15597 2658 8249 9574 13594 17079 2243 2985 4917 11343 16239 9762 10717 7777 2287 12956 3001 11112 8885 14344 5281 12808 3225 17170 16552 15627
14164 15017 18822 19001 10486 5168 3913 1612 8825 17674 1628 16607 13177 9641 15907 4178 19127 12722 5810 5662 17415 3602 12500 4905 9552 9080
3340 12231 2933 4832 13323 4436 10641 12701 18702 16997 2100 7302 17807 8738 10726 6583 3548 5341 8212 5295 4361 5160 8180 7591 16810 6196
18492 1102 2096 3182 6717 19829 3601 15706 12627 17602 1828 9268 16468 12189 13189 10641 17999 9025 2330 9665 12340 15895 15255 7591 2719 9338
15995 15611 2219 1248 453 2913 2044 4450 2716 4287 12896 331 6623 18477 3990 11290 4404 8416 719 18404 12405 17207 10238 808 5092 9629
1162 808 16736 12055 6553 10281 16547 16071 10972 14225 14306 18379 16260 16850 9519 19284 14009 14376 7125 8014 14259 19708 7656 13057 13706 7626
6218 2795 12936 19742 6505 4875 4377 12318 14406 15140 11702 2936 267 17674 19202 14344 2902 17429 12995 15717 9051 12331 2651 1250 963 8114
11192 9553 13344 12476 6791 15555 10428 11251 16122 18996 653 12323 17742 4991 5426 13614 564 5953 1986 13275 16639 7065 18340 3173 755 6412
6174 11340 11909 8077 7700 18270 13175 9842 6408 9772 17743 89 7189 1604 2952 2145 19377 18022 1251 14254 16004 9175 9883 11733 1585 16773
6951 17791 9628 13713 4680 4695 11679 4840 7330 3542 2866 17705 7954 6172 6138 14433 12564 9782 7032 6218 4084 2212 11377 7398 226 8932
7049 18393 6440 6790 9345 4892 1605 2486 8498 18461 14045 15376 859 11291 1471 4136 1465 2199 17745 17066 2969 17385 19220 10365 16208 13041
14638 4246 3380 13039 9533 5337 12037 6744 2437 4273 10806 1527 7864 11178 5851 18062 13162 3022 9285 5597 11581 5944 13952 12735 18702 14644
17164 7921 6420 14987 15102 18994 18106 16939 11070 15938 1610 15359 3035 18267 14750 3482 7800 5994 17237 13614 512 19459 7452 15360 14140 16618
15752 14214 6769 11077 15366 7384 6802 11256 14695 2286 2796 13361 16422 5037 11558 16138 758 12535 2712 3373 14562 3155 3929 84 2880 13581
16063 1399 8256 51 7008 6846 18153 8568 18834 838 11725 5505 13352 16893 17239 12332 3763 15996 4981 9850 5390 16608 6150 3380 7231 12448
19902 14551 6490 1183 15671 6616 10711 5917 19528 18667 12154 13651 2699 9461 17129 8654 7276 6443 19636 14786 16721 2368 15041 14146 8604 8021
8853 17034 19936 16399 3474 19430 17858 13712 8290 17689 19967 5341 3994 8872 11692 3566 9419 1891 11095 6141 585 1121 13033 429 5876 12542
11148 6911 2300 4499 566 7724 16863 10675 13598 1271 14022 10215 15843 9112 779 410 8412 10878 8451 1660 17939 727 16806 12981 17870 4343
623 7191 1113 15130 9936 12755 8367 6212 7272 2104 15594 13530 12348 9740 8559 16324 165 18504 18448 10439 9299 3183 11630 1098 14236 4515
19982 7048 17016 16910 9812 6580 14180 7516 748 7692 13507 6738 15448 15313 3052 17695 10567 2953 17311 14956 17431 345 2668 18271 12170 4889
14125 10684 1634 12304 7508 3228 9136 14419 9459 16896 18903 8948 2090 1759 12594 14672 16537 9052 19 1653 899 19989 17804 8737 5433 5336
17824 1831 4422 4824 4012 1128 5591 8050 8564 17572 13036 16070 11832 19992 16937 20000 10870 2617 4530 4521 9372 18718 244 4980 6340 12680
9535 15755 8762 12159 4365 15199 15035 12179 6094 6759 8861 17021 18718 17041 123 3110 772 3017 99 2046 7721 3513 11157 18819 8956 7562
19088 3569 18181 10813 4884 19318 14586 8457 11848 6613 11679 10301 13236 5675 10925 10949 11853 7461 13075 4011 497 17909 12965 18981 16194 14459
16710 17914 16910 520 16364 5961 13029 1969 9742 7289 19392 4127 11063 2844 8952 3141 3293 16022 19328 5401 11338 14419 16190 1183 11731 18644
10853 10851 19769 5913 12731 18158 4431 18507 15651 16632 7120 9944 13733 15921 6274 6935 7100 100 9850 3840 15179 1756 2148 1508 11871 17505
3366 8032 1240 12579 12851 17160 17785 19761 14930 15866 6635 1527 16208 3032 5391 19834 6623 8448 17690 6774 8588 17991 16264 3230 1843 437
15682 16282 4976 2046 3352 2394 13449 10694 17698 4205 7825 18356 13764 6101 13522 15203 18910 13652 18310 3624 4266 7874 652 18645 11140 835
14889 279 9061 7152 3399 11249 19933 3178 16492 9838 19345 11052 2821 14733 4203 13558 154 16786 2369 9685 14790 7177 15471 1271 12641 2180
2871 4937 16868 2756 7467 15489 13101 16341 3397 11180 183 2249 5814 15841 10298 2560 4168 5873 8969 10173 11269 7030 7961 12541 11071 1728
10833 14456 12700 360 13524 13684 15540 18069 12783 12106 4501 6723 7976 9014 9738 2882 5257 8720 16044 298 7649 7211 19269 14312 16074 5994
12802 16701 17819 2579 6286 7621 17330 10373 15784 17556 14514 10664 17704 18426 10850 598 9432 1370 6262 18496 11818 10864 1192 14156 1480 17577
13817 5296 7697 14628 6860 5007 16543 4628 6648 18786 10694 15529 7760 17617 9013 7723 7691 4938 3751 18688 14422 17304 5085 2528 19036 12082
1006 15394 14920 16195 12098 18223 4225 5169 10099 3507 6725 6674 10479 5580 14955 12511 7002 5717 6290 15417 5748 4728 7812 15368 7281 18754
16410 6357 2243 2448 18349 16330 12472 12616 1552 4670 2702 16481 4776 13285 4265 2819 9527 10948 9625 12181 9255 6363 10502 9453 933 7982
14758 7437 5102 2618 13781 6898 7306 15337 12076 7604 19505 3002 3073 18291 13580 12184 15257 10647 14468 17685 17265 5546 3953 10828 4218 7755
19234 6999 17168 8286 14186 18570 14940 3914 7040 16572 15298 9038 6143 12651 13623 15153 13526 3488 16577 17514 2222 15525 8345 8839 8794 16994
10260 10197 9868 642 17723 16299 2087 8551 9144 11154 3216 19011 9408 8659 18194 3618 6782 10180 13218 2758 9900 4066 11441 12783 12046 10729
13664 4461 16520 4222 9647 19389 5886 16767 2341 15297 18374 17614 15558 18339 11896 9588 2528 2539 474 5096 12009 1408 11066 11120 7486 14937
18814 10514 15424 9962 11213 11621 7393 1883 12661 4252 8295 4736 14494 7290 10244 19662 9439 10938 13709 13468 6113 10973 1751 13517 4728 15996
8058 15890 9571 18517 12927 267 14648 19602 12736 5757 11777 14813 8359 19269 11465 16130 2877 1982 3139 1786 14251 9957 11908 13196 1979 16459
8990 18724 2669 4733 15022 11330 14375 11190 5496 855 2770 8029 17227 6135 5361 4437 7183 7322 5440 5598 12885 8393 17149 11896 6778 6602
18911 3604 525 5674 19368 2205 15599 13568 11516 8101 1321 11477 19420 1112 11490 4847 16327 9464 8177 15902 15722 8195 9827 18290 15225 5937
16039 7747 639 4705 5451 12809 1744 11821 1132 17400 10159 3000 8322 4900 3126 10850 725 6134 5755 3586 1338 13321 18517 10257 12772 9544
18792 2963 262 1084 2035 443 19575 13592 3214 12976 8105 15556 15010 7060 7705 910 1074 5976 7550 17048 3103 13332 10190 11465 13256 17868
13513 2156 11818 19894 5899 8024 3564 15096 10668 15209 14772 8111 17746 18381 18800 10324 7900 742 7322 17731 524 6857 13650 13289 18265 9381
19203 636 11701 244 15577 6089 14909 7974 18404 11180 16152 10583 9667 10547 17483 3561 4203 18144 15276 8989 13209 7478 3895 9133 10015 17470
15634 19043 11224 8520 12000 8173 8909 8164 5324 4478 4459 13126 17459 13764 2963 12252 5416 7834 3082 8362 13740 2540 11241 19285 16971 6657
4239 9361 7261 19226 10251 4959 17787 14905 12122 17559 4421 7935 11731 16475 6329 18199 15752 19533 4539 10681 13722 15827 2470 8128 6562 4227
7973 7909 886 18348 16629 6013 11982 1582 4187 19663 14841 9968 6805 14334 2242 7698 14966 17462 8165 8355 730 8029 3330 10528 17405 5927
11916 19796 13730 12534 9303 3481 1085 3802 16747 13651 12553 1936 9115 7433 925 5966 1419 4060 13253 18353 13342 6630 9701 13736 4503 2722
2940 11853 8271 17596 7134 5220 7073 671 17978 16289 6402 4135 3094 12606 6479 11931 7187 2145 16568 19036 3037 4005 377 11401 9947 12293
11551 17937 18853 10081 18124 12180 13436 13983 4239 19022 5380 14305 1320 14922 12079 18061 15784 12674 3585 9492 11840 3486 5449 5760 10813 18604
12504 16456 1811 10678 11339 4477 4512 8577 446 5868 17513 14984 6575 19234 10242 4364 16312 11746 4326 14216 16595 5962 7356 12389 2171 7143
6917 8113 19276 18280 18646 19863 1788 14900 11019 12820 2973 10190 19670 18395 18284 18885 3761 2314 12423 18029 13111 3908 3707 18845 10259 316
12040 1513 14956 17572 8385 13412 2231 7160 7810 6482 14529 63 8255 7857 2327 5781 7009 7927 3289 4814 8144 10367 15294 4168 14904 8326
11415 16997 2095 3686 11291 3458 5127 5159 19074 7351 19246 14311 12750 17254 5383 9714 8107 10258 16318 6727 1092 18176 4428 16418 14710 19562
19048 1310 7382 19090 18880 9019 14546 13352 2401 2547 14048 14827 17390 12392 9952 18404 17208 7163 1783 19837 9471 15295 15670 15101 18863 1904
12894 982 3400 5947 1949 1453 15485 13017 17437 1004 9898 851 12264 14568 19588 1301 4549 16716 19288 6642 15839 7420 12412 11598 11831 18647
12888 16802 7509 1648 3258 965 18751 16250 18397 13515 5531 5860 12544 3523 13798 14325 11038 13102 5369 12441 11601 11331 11130 4396 11879 14515
13743 7068 5038 961 9524 12915 2174 1423 7068 19148 1412 1612 10359 19166 11147 18934 7766 10377 18415 19833 18276 4703 916 18402 11168 1145
2749 4494 7082 3368 8291 4978 106 11496 15922 11794 15459 15884 15037 8498 2716 2342 1018 10229 9531 3307 7842 272 13636 13676 13293 14917
3127 12427 11669 7967 12636 18633 1287 4470 8884 11739 1572 15353 6940 13767 18279 17744 6743 4288 6553 6423 5437 17969 15504 13849 14477 6740
7243 4114 3356 1725 2245 1920 9856 12471 12221 17556 12267 9933 6108 4029 8836 5474 3024 17637 15680 579 7224 1915 3654 6767 11332 10090
17070 3838 11107 19135 14413 14795 15302 1754 5117 2182 9761 3117 13306 14253 16164 6335 5367 14898 11163 11982 16010 4605 244 12005 14976 19036
7044 4041 10360 486 847 9579 220 4315 15390 241 6753 9790 17933 19067 8300 2659 18243 5230 6955 5420 12662 10122 13365 3574 12151 5112
12481 800 3600 10910 13109 18807 2586 10339 690 9354 2616 3288 15695 3536 19385 8157 12249 11221 17855 1073 7292 5448 6850 18178 13928 12122
18770 5151 1094 12634 12585 9719 18756 14289 8118 14162 11358 4995 12681 9068 15089 9304 3151 11613 12657 3049 5551 5825 77 1422 13002 14296
13129 12305 14772 6716 4001 9323 12539 10781 13331 6757 13874 9645 4890 13388 754 4464 9767 16536 5022 2110 5475 3923 9829 17652 18454 11833
6357 9147 9037 1335 13260 8373 3887 15027 13143 18639 802 1795 4144 11327 850 9064 3889 12991 8845 1098 1052 18422 12665 11149 4426 10913
7490 14256 3481 9997 9882 10256 14913 16446 12832 431 9062 2327 16637 19764 18625 12194 11397 8792 4482 13934 17634 7908 17637 16295 7014 13448
7718 13348 3525 9814 15566 2903 10796 12406 3775 5793 10081 16121 13486 16396 10204 13871 4191 19233 781 8524 4186 8511 8543 4655 14581 3443
6471 17593 3014 19431 16278 14210 6437 19086 19885 532 926 2229 4589 868 13619 2007 1665 7390 9490 7962 15639 10046 2881 388 7884 145
16297 4026 18066 9068 1173 14620 15985 15282 15999 14947 10754 8846 19971 381 3031 10694 18519 9758 14876 2346 15429 12305 19470 19879 19895 16002
15186 3581 19327 17147 15710 14490 17042 11824 6761 11098 15813 7818 4130 11465 3162 5232 14974 6926 3216 14698 16367 5833 18230 1198 13307 4695
9895 16267 7456 5494 2997 12685 18002 16907 12759 13489 13073 19489 17472 15052 4083 6754 3408 637 1910 16035 5937 16418 12459 12643 3423 17007
2221 18974 2547 16821 1528 2547 7364 8269 17458 6052 12925 9015 14007 238 19554 19858 8955 852 6260 13396 5015 7448 9775 11474 8553 13606
11727 552 12252 9738 4917 10517 11249 14047 2367 3106 16992 11367 5948 13007 5087 13587 12238 16417 15864 19979 19787 2929 10080 7437 3252 7871
6539 9903 5100 7301 1015 6040 347 683 15762 7637 5378 14468 18270 8998 12700 19487 16328 6947 13088 16850 4346 2360 14406 6513 10497 9867
947 16036 14578 10579 1964 8373 15006 4467 16101 10795 9274 10966 14439 1991 9348 10035 14778 5030 19472 12149 13639 17561 12212 17689 10604 17993
441 11125 18090 14129 4054 14792 840 8612 8465 11184 8133 7977 15486 3012 1574 2889 174 18090 7225 14614 277 8539 10579 4446 16398 8342
17403 9401 2671 12018 1419 1956 3540 18162 7996 1614 19756 843 6864 16734 9249 15449 6058 6484 15453 10639 4867 19145 15626 16745 2686 4582
3773 3534 15668 15298 15383 4157 3329 8059 12433 9770 18392 14686 14881 9941 12344 16147 13915 16183 11936 4730 10594 3739 15812 1062 5025 7267
3834 14556 8554 7050 2726 2338 13877 14204 16812 10067 13611 9843 8558 7363 4822 3899 14980 13892 7764 11532 11484 12577 2590 16084 10276 11675
17021 209 17346 5374 5701 11802 1952 9134 19376 11379 9879 3936 1104 2617 5705 15806 13926 15875 8159 5603 15540 5583 765 15275 2697 12735
13979 5936 3952 1811 2750 6758 19947 19503 5812 4759 13012 19805 17987 6379 8867 8994 13242 10128 17578 10469 9834 375 2125 794 3909 7132
3159 11770 14324 1653 17587 9032 12391 6171 17934 14615 1805 13242 15477 17670 10216 4273 134 4644 18249 19782 8812 17591 10771 8460 10165 18707
7557 5120 13493 4268 2735 18526 987 434 5616 8000 6583 10372 18730 6190 15820 112 1469 18125 6847 13898 18615 8222 3275 10456 5750 13856
4063 5334 9687 19793 324 11334 13500 17716 17218 9228 18021 1285 12375 17894 14643 12540 5576 18620 5231 8758 16712 481 6803 8630 3595 5851
2761 8553 6130 18545 10105 11133 9917 8935 1544 2527 11180 4397 2947 6115 10794 3551 1206 1430 8740 10448 18404 17096 13856 15560 9428 14612
18705 13896 3918 18856 8157 8120 8250 14409 17543 15701 6904 17149 16529 5408 12130 1838 7706 18380 14196 14588 17954 10363 3790 17206 5248 2728
13006 4696 1243 9685 18545 2375 11407 6312 8196 6394 12366 13674 13369 184 6153 15009 673 3495 14223 15372 9417 13149 3744 10943 2317 18824
18978 17403 3841 19126 16860 15891 14991 9659 16824 10104 19953 12035 822 18470 11681 1463 6937 12037 19685 19312 17344 16301 5721 5329 3265 7769
8516 19837 3031 9993 3175 13801 1200 9565 2730 12611 2591 18786 3425 4746 18555 12746 10785 19408 7176 2927 6266 6286 17947 1964 1006 491
11120 2876 10461 16540 6230 3636 8146 2063 10934 16527 17679 16024 2877 1764 4733 10552 15993 18474 17665 13639 10767 6840 13665 2595 7442 10488
946 4637 7444 12495 810 17110 14557 16722 18598 4948 15211 2732 184 9809 530 1994 5422 5884 14467 7133 552 13161 19402 19204 3745 17334
8873 4060 14852 2281 3970 8352 15733 13620 15375 553 16323 17678 3956 10322 8214 6981 11902 18858 11769 14875 7268 9938 16688 16006 6346 8424
15949 2469 16213 17161 373 19384 5087 8890 7266 1485 16779 6614 7207 13233 18012 2467 2648 9368 2869 851 2740 17423 5907 8920 16686 6761
18883 2952 5765 18020 14874 19961 14648 2890 6809 2815 7448 7591 1542 14913 1286 3868 1679 18734 2610 11859 9739 16416 12098 2837 14051 4988
9188 10690 12908 12376 3869 6996 2325 7777 16382 116 6962 2474 7830 18573 18196 11776 9723 4663 15135 19153 19125 17373 14791 4887 12672 14630
1999 4763 6620 11101 6389 17424 14547 10414 8767 3575 12402 11997 4940 4511 3001 17124 11776 7966 1774 10498 6006 9475 11289 18638 13089 1573
2917 14275 8071 12388 946 10762 12766 18257 19715 1901 4176 19480 5803 17433 14368 4048 5671 16151 12446 4358 10456 19288 16704 17467 17036 17531
5928 6752 12410 14097 19160 17569 8964 12764 3350 12499 4598 2837 7604 11748 4842 13676 3573 9040 7110 13372 12015 8213 1296 7815 1091 2325
4687 4894 924 3563 8559 18132 15293 5565 2553 11557 9235 16416 5971 3946 10847 13809 16441 6979 16193 19637 14748 12382 14684 5101 5189 17677
14182 19121 3014 4706 6849 232 5347 6480 12451 17242 10388 3165 2712 1713 4257 1814 14581 508 19017 7447 722 18198 9262 19237 6526 10913
13955 15440 18775 4980 10538 17049 1211 12427 7198 2770 5374 18720 14889 7385 11401 18123 10515 7895 14254 9223 19021 7960 9896 17658 7903 10892
122 10824 11166 14241 11390 18062 5707 18624 19342 4944 617 8442 2448 6860 11773 13626 12879 7162 7665 2371 8504 13642 18479 17227 9414 8698
12250 5604 15242 518 6859 7346 9422 3645 749 17506 17372 8743 4141 4556 1496 3310 373 12431 4218 866 16145 14995 10467 12932 8205 15544
9845 4233 264 15243 10678 19978 4800 12662 9887 13791 15860 10236 4552 16806 5608 15160 15280 7829 7535 11763 6045 429 14542 1672 8635 7075
10761 7330 8963 19416 19797 16036 11711 16985 14481 19271 7265 8711 8091 3681 14937 7105 19135 17203 11990 15951 19583 14082 4945 881 5328 2609
10810 16109 1282 15537 7688 19460 19852 9807 17020 17072 15097 2635 439 8311 2446 12188 11642 6388 17377 17836 13 18265 14424 7537 17893 3202
