365
6 39 61 8 57 30 63 21 93 98 9 50 37 92 21 42 96 15 99 66 89 78 65 42 8 100
2110 12763 14444 14622 2544 2488 6257 16005 3456 1259 2753 13299 14437 10115 5182 11593 6685 15136 14581 13094 11058 12542 18239 15309 5115 1343
10850 12895 14677 4053 10317 12269 15671 3657 5978 6566 1646 8720 2531 12412 8980 8668 6101 13844 19574 10505 9271 537 18483 14259 12994 16291
16457 15357 755 19858 17197 19183 12950 16740 10034 18721 10779 19913 3773 1643 15615 17674 10365 1453 4841 8049 923 16712 18056 6778 16359 8350
19328 16997 12672 13159 19046 4779 1799 15526 3863 12839 14710 10886 6367 13987 5871 6900 14195 19030 7282 17681 6405 12303 15141 1609 5480 6639
19820 9060 6458 9227 3863 7196 7341 4094 11197 6370 18460 19790 17882 3124 4275 5496 8278 16684 5946 5017 14280 10692 13268 13673 13408 12289
12569 5395 2744 11846 6853 13690 14600 9718 15051 12726 14924 17778 14441 19128 9521 1688 2236 8449 14840 13311 9949 12562 1636 3376 18672 2408
3946 15642 3520 13010 15870 6118 5847 4889 13169 11464 400 5389 5766 9829 12342 18060 12038 19698 12539 2130 16072 17624 8572 6140 14770 10216
1600 16276 5970 2108 12541 13852 8357 10114 11881 13594 13965 12577 4393 2703 6785 12128 19887 15596 14528 3425 6581 14718 15553 3030 4734 3558
7607 9913 12018 1765 7833 3725 1346 11281 1860 2997 13415 7037 5039 11508 6407 18743 16410 9833 17556 10824 545 16553 9130 19365 3911 11214
8851 9068 301 17940 18872 3635 6590 15100 1015 18289 16856 12792 9537 13959 10854 12904 17066 5351 11209 9045 18318 337 17160 16443 15451 9072
5917 18435 9796 3713 2451 12263 13046 9728 7282 11441 10719 19409 17450 13488 9635 218 15052 12854 13763 6299 2478 15480 11371 17299 15124 8175
16597 5610 5535 179 4489 11130 6697 18866 989 17301 4779 3721 6861 18007 12947 472 17868 18375 11883 7636 13292 8155 18232 11868 9146 2034
5843 15545 8203 11108 7125 924 4012 19468 14907 2184 11256 9892 1446 12523 661 12492 6558 4814 16231 8418 6199 19386 12234 19977 12681 5461
1616 14879 1272 14092 15938 17226 3417 15144 3407 14316 5075 15956 6275 19485 8527 6178 7321 9485 14006 15782 3965 16802 4529 16211 2146 3223
15761 14401 8119 14555 2322 18853 13375 5565 7881 18306 5809 8798 3072 8739 10697 16441 1684 11750 17816 12216 10649 16270 2549 17754 2071 12825
13753 18257 2059 13730 11835 11064 10269 2647 12722 7856 1996 11234 12701 17073 9049 92 1317 1100 12678 16638 6044 5098 3448 15737 14410 10547
11855 7151 18942 6777 19990 13035 6591 15009 15072 1650 8615 917 2421 2135 17225 13312 19587 15254 11702 4530 14140 5226 11788 8346 17267 14592
8148 2625 18161 11031 12399 11079 19600 234 3359 5075 14088 13732 2701 11405 18306 4855 16237 2744 13818 11262 10379 10580 4151 8078 1775 14756
11205 17865 6355 13538 11731 8617 12611 16522 7699 158 11226 2785 4512 10532 19628 697 9332 3405 2464 13743 8570 11008 11426 3657 7563 4646
2794 5676 17335 5112 4881 17627 1392 772 17431 9657 1453 4186 7663 11865 9420 6685 7233 14688 13336 7656 19790 17752 10761 892 9537 2139
9803 13601 12490 6506 18245 3937 9345 7599 13114 5521 17696 15020 18834 3661 4810 4663 9358 7865 12626 6985 6811 4773 16165 16595 406 1376
15189 15424 12948 6302 11114 7250 3465 11134 4492 3528 3363 3145 13854 4421 11122 3167 13565 11078 17557 3589 16351 15339 10171 8086 18932 18412
4080 6967 2941 6248 10119 8587 17421 2878 6052 19867 7360 14658 16908 13074 8718 9007 11332 17810 9030 18126 14231 5168 617 19026 8997 53
2954 18803 10170 12764 14991 1355 10003 7149 15515 1644 12951 339 17240 15715 13014 17487 7278 5956 8945 798 7399 3092 3197 2979 11130 18365
2064 122 511 13751 1495 9434 17832 5467 5596 9166 12057 11672 4685 8972 3912 11572 7462 887 19542 8195 332 14296 1794 9500 1688 10201
5656 16449 334 17137 7771 12876 11293 6519 8086 6047 4712 18435 16771 13415 11714 5664 19856 19466 7936 1170 10019 2019 9938 18276 15912 5720
11724 19494 17012 5201 7070 9212 13710 19122 8368 16500 8010 12358 2478 12076 9449 17952 9261 573 7466 510 7362 18530 17660 16165 424 10988
4751 9409 7521 6957 16691 10653 7457 482 18809 7835 855 14785 12243 17834 19057 11868 13290 2758 15721 9181 12865 1084 10152 10742 14092 16140
7985 13979 12877 6779 10663 3968 18067 3590 1696 8959 9518 10385 18455 2768 8597 6658 3738 10160 16160 18085 5054 10293 15868 13337 10548 12776
1421 13087 3347 7455 19881 5321 17054 13803 175 15808 4462 17733 11351 5425 1781 19257 11192 3459 6921 2098 17740 4730 6857 2293 5830 11886
4333 10845 8614 17481 473 5916 16471 2283 1913 1516 2688 6847 16328 15494 17374 17209 16467 11906 6220 2403 11565 9343 17970 5999 670 1863
5576 17868 11024 168 1661 6493 15747 18354 6033 18109 15958 12096 11205 9651 18761 3225 13771 19721 9808 12841 14554 4810 16398 10574 18599 18764
15654 6882 13405 5724 381 8160 3631 16085 11098 9856 7589 14572 17847 2196 8779 16184 19419 9501 16187 7984 405 14484 12502 9390 5685 4856
628 4123 18105 8892 19511 19058 64 12531 8304 15311 16116 6167 18660 8694 4915 9331 590 2675 15121 15346 3416 8163 12786 9481 7148 19255
4072 6548 4306 10320 16641 6679 7526 13676 12791 5930 17628 6428 4564 9268 15888 6837 10485 8992 3209 18481 18922 4673 7605 6502 8526 10126
13373 13612 1307 19593 15429 17398 10457 6659 16172 18783 5082 19329 12600 6826 10252 18810 133 6065 11015 16729 50 12840 7260 15715 5958 1090
599 18006 19886 1104 2074 4073 391 19232 13054 18539 13066 12229 3812 5493 13393 19684 6939 5771 12843 5741 14625 4907 13582 15776 1513 3383
16207 16520 10531 8060 7218 3967 11838 11131 6570 390 13515 15049 3550 14408 2183 16590 8939 751 17122 10300 11121 5188 19721 6309 11656 10064
15512 8324 9633 16424 13439 18104 15704 13554 9772 10709 8795 10059 9911 17418 7595 9392 10651 4405 4030 17131 5960 9069 6412 17357 15739 4485
8345 18785 10649 3643 10569 3619 9921 13469 17289 3288 1192 7136 17191 8912 659 13561 12734 18601 4216 18093 7088 13286 4761 3821 12145 7412
8905 4508 15994 7286 11238 1666 16083 6757 13287 5251 9313 8969 13132 3210 8854 12281 1085 195 17893 2098 17822 14945 17954 11218 11392 18860
16783 19125 4518 1467 14931 6819 17008 13274 2482 16368 19569 17219 6505 17887 2739 13385 13812 11467 68 18496 4150 15611 4705 1542 2162 12999
4498 396 13658 17543 17965 9113 15101 16790 8408 11194 5645 13388 18610 10368 18409 6866 8735 1458 19700 4593 18277 10976 8956 6174 509 9370
2487 4167 10483 3417 17079 19822 7992 8911 16999 3845 19988 16414 9377 3182 13918 13495 15273 7945 17461 15998 572 4646 9264 2681 5233 3559
8497 9133 17368 14345 7593 12694 7841 7433 16902 7061 10653 3072 12682 3693 6286 7352 19749 5527 9398 6553 4854 11903 14362 19309 3488 3098
11292 15137 16705 18357 8815 4150 19756 7707 3678 13357 921 6859 3099 11883 15549 5630 2417 2150 5778 10686 769 672 15858 10222 15568 3011
17136 6162 15854 1611 575 18805 10406 11271 6359 5747 3809 17661 7327 15918 351 4556 560 8194 9429 12532 9354 11413 13654 9037 8006 14554
18333 9896 18322 16091 8329 4502 2730 5963 2854 2488 2367 13508 9944 11196 1014 8622 3917 15474 10772 19057 9507 846 19396 2133 7696 7853
2472 19717 10475 6993 13060 16089 6699 17627 5893 790 16917 17387 16894 2987 11193 1240 6358 9320 11686 4487 10836 17218 5329 3033 5848 12348
13351 11266 815 14218 3300 4585 9253 9337 3395 13788 8146 12831 8061 19604 7273 12275 18561 17233 5567 12126 16606 2672 16369 11858 18782 3457
15265 5874 13673 16705 15874 11688 14028 7536 11766 11708 14640 8280 14366 6647 15763 9129 8665 2053 671 14905 1937 12435 5443 15565 19539 5877
5139 9036 17044 7564 10554 13295 6025 3445 11814 15267 15615 10389 3511 17656 10759 10656 11096 6494 19417 5494 523 1300 19255 790 14224 6186
13199 19951 19392 17358 16254 15234 13382 161 12274 16654 2767 8517 16090 3227 2841 1595 19483 7916 3143 7532 5183 8126 6927 12313 11676 19235
16390 6018 11006 14554 13851 18537 10608 1533 12002 6698 9807 6100 10853 4409 9637 14234 696 839 7846 14332 6025 11862 15207 13315 5888 5789
17112 17753 14990 19718 10573 10831 5787 6651 17285 5990 12185 3255 18128 6679 10813 1963 4142 17502 17835 12677 10656 12411 7972 7524 12403 7689
3778 1487 13676 7682 13009 12503 14713 13274 6488 15761 4973 4008 1276 13836 15554 2123 11780 9638 3395 7228 6845 11339 17960 18681 13856 7027
11405 17737 16252 149 8943 17940 2722 9633 9155 17556 16821 1281 8448 8120 10801 5118 159 6448 5363 18233 1165 2929 10534 9223 10114 1804
14504 18802 16013 12207 3284 5778 9854 19529 8364 2449 2712 6478 9871 1704 3071 16913 19753 19292 15713 15441 5231 19191 8385 7574 8587 13584
12075 6629 14772 17589 14486 2012 12617 2339 18517 10732 4651 5424 13117 9217 1646 18213 8181 13333 15111 9277 908 150 17872 8241 16900 10874
12982 12792 15637 7205 4862 946 13712 10729 18986 15917 17883 3765 3766 7621 10514 9849 13513 2801 17712 4625 3990 5234 11993 19010 16860 10931
19168 679 16722 8212 11274 8476 12621 14267 4374 3635 17517 2091 15093 4544 1246 1269 13778 6181 10105 13388 8685 17392 4304 5899 2773 15251
1409 15703 14470 2958 18154 7090 859 19963 5481 16691 14392 12364 7828 834 8891 7725 18664 277 11135 1977 19084 17986 4223 16211 11174 7819
8697 17335 9813 6414 9058 8688 5227 6757 13806 16544 10481 11456 9160 14255 16212 8927 2548 18968 7853 18189 16797 6356 5910 2612 5794 2951
12101 8950 19410 7517 11724 12607 15914 13690 11751 13394 9296 14335 18590 13437 1005 12979 16282 19764 167 18030 12800 6533 3050 19135 19691 17562
6002 8678 18397 13318 9757 4286 19507 5326 5130 14647 5892 18401 5184 16738 10056 12512 18050 18514 19522 6545 14819 7769 1585 1757 12754 9463
13057 19103 11679 9813 7047 10865 17004 666 1927 3796 4287 902 3430 16980 10037 16413 10868 15198 11002 5595 9434 2322 8046 5118 19939 2849
1990 7910 3616 11389 3394 15779 11859 9914 2648 19172 7319 15371 14070 17099 3262 1202 16190 17005 11706 2504 14796 10283 16682 6317 4332 8019
19535 3521 16489 4145 1226 5813 12160 8255 3988 67 8741 14063 5673 13114 14370 947 15229 17613 11349 5444 6409 1323 17358 7365 2999 15429
3085 5897 18830 16277 12993 231 2868 4151 8692 9973 13002 19801 9102 17379 737 17280 6650 5257 3035 17862 13772 10941 857 4930 19801 7245
11966 11741 4090 9084 18162 16932 16795 7802 15189 3396 5573 312 5675 2878 17725 11751 8118 2715 19452 1919 17964 13185 5168 3307 13736 10943
2561 11548 19149 2492 496 19936 7545 1514 3662 16638 16838 7337 8666 14464 19709 8606 5936 5006 5803 4354 652 16452 15785 10780 5702 13308
19955 11035 5649 2584 4438 10596 5823 13357 4027 9979 8864 18192 8839 7030 14587 7580 104 7289 12827 19825 7402 4833 7488 14291 7819 11687
15314 6223 12560 7194 18903 17277 3403 9072 19200 12163 14792 10517 14337 3673 15030 10516 5744 18572 19797 2038 10267 14299 6007 463 2691 4971
10642 6757 18241 10645 17105 11791 1843 12075 19379 14774 7955 14353 11116 19606 7479 5247 15078 14167 15210 18773 1746 10276 9472 10004 2308 9680
12339 8600 18608 15877 3950 3370 344 3712 9427 11945 13504 14129 17299 16741 7638 3260 6413 9822 4266 6190 1159 8839 8337 6700 4531 12455
4909 11803 192 2101 13999 14306 2086 14392 2771 5205 18350 275 8898 11388 6989 13654 5935 16243 9005 1976 12700 4042 17581 15580 3940 14769
16957 12012 6411 9069 5635 11637 7405 13656 17544 10659 13579 3500 873 19365 9306 15082 9995 8778 18970 10353 15389 4320 5659 11941 11489 15988
11788 19956 2595 18198 10592 8702 11050 10172 5345 13691 14429 16250 13035 1829 7244 15064 5281 11104 10519 15424 14958 12814 3106 16118 5719 10003
19838 133 9665 14321 8130 3429 12576 7788 18246 1450 2877 18721 305 4782 1707 7655 6043 17855 5557 13869 6002 16967 10390 6819 19046 19074
10677 8670 11249 8314 1416 3253 6281 10166 3366 1734 17448 13037 11838 2443 17028 12814 15432 19004 9733 5740 11252 19032 3468 6435 3178 5645
18490 6152 12590 4347 18329 12756 19246 15628 3366 10819 18596 4639 19445 18807 10818 12248 6999 8356 15776 18754 17982 4529 1140 7960 4414 1935
713 13929 13615 17135 10515 11157 7825 9008 6962 10681 10472 1697 16509 1776 13925 15619 382 10551 14880 11385 5289 6520 1448 1166 2233 14482
6816 17240 1263 14483 14384 19271 10228 9623 7970 13554 4716 1464 6822 13026 15951 2444 11193 19512 6337 15354 6038 14989 11517 5997 18468 5696
14380 1961 17146 266 12441 16851 6507 16450 291 14282 10139 5902 7988 12949 17518 15713 7376 2039 14228 10666 911 15031 9782 9695 13083 18032
1832 9893 17629 11629 8784 4777 8755 2788 2463 13440 14418 10461 2243 18026 2173 19644 15756 6869 10989 14186 15362 19473 16368 1611 7439 9996
915 18753 16983 5879 14057 3380 1140 17343 3674 15247 528 7256 3673 7207 16058 19318 618 2423 1991 5169 3440 19101 12980 11498 15495 12104
5987 1767 7389 16070 15345 10989 9301 17648 16428 17879 1022 15007 8526 16266 9601 6848 18452 2477 8845 8954 17789 15267 17276 2521 19411 6093
5226 18628 18784 15973 6988 14901 8513 4355 4495 18799 18833 12258 548 8070 13836 10629 5372 842 16438 11709 15783 16634 1814 5904 5030 9388
17797 4552 13227 3645 14676 394 226 14886 13956 3101 11612 626 8713 17917 14803 8638 6540 4364 6189 14725 9979 4221 15878 14170 19537 4327
2115 12546 12200 14076 10224 17569 145 12358 17204 16673 7561 7265 5390 11178 6207 12787 16428 10761 12938 19663 1673 14592 14913 119 759 13632
2970 137 16400 9553 1233 7577 17395 14994 4462 6918 15352 8477 17298 542 4793 12023 18235 18651 5841 8312 3385 13154 18885 88 9239 3186
6057 17871 13418 5614 3985 1665 7473 18762 897 94 4864 12966 4904 16554 2169 7557 8250 19358 6248 12708 19238 1331 12084 19210 16660 14116
14161 18824 15884 18890 10878 8373 11456 7676 17967 17686 12409 9537 15613 5748 1526 6641 19116 325 15066 12788 11477 12097 3857 949 19659 7941
11993 4943 19871 7583 16615 10833 10232 1733 14733 4494 10621 4128 7462 6590 12543 19327 5998 6122 12106 16190 7668 17839 16385 10295 1216 5562
17666 15709 5131 3574 12358 14155 2573 3060 687 15321 4431 11524 5148 505 5191 15968 89 15582 5231 9723 10013 11304 15766 19007 2171 18411
11862 7103 12589 16099 6539 6211 19526 3612 15313 15104 5033 13264 503 12454 15519 2480 778 19602 12345 16304 19875 4886 12952 14514 3335 13573
4114 14372 2643 16094 6246 16002 13815 833 6955 14288 6230 14676 17011 363 3578 9383 9764 1933 15761 10269 16177 14839 11674 13940 16964 1552
7861 9979 16267 19582 1908 4200 17834 14905 8313 17456 14335 1229 9069 6262 18441 13695 7220 6008 15816 12360 4216 19983 250 17984 4640 562
12589 15005 7540 9950 9170 3318 6636 3708 16172 13371 9840 19763 7108 14066 2370 15239 5500 3919 18857 12407 15511 19579 13710 3184 3757 10789
14710 3000 11976 18714 1481 8526 6594 6029 5068 8600 15233 8359 8524 13636 10417 18051 5678 18306 11136 19543 11720 16763 3456 10304 14990 6393
17911 17590 16783 4159 1110 15902 6282 11092 14238 415 5237 16499 1808 8653 7851 9037 14923 6768 4565 12706 865 2219 6478 3207 11863 17645
6878 19422 9272 882 1935 15528 17696 4089 3121 15331 14408 15347 18593 19590 10175 11116 10728 18546 5385 10350 9010 6361 13341 11729 1939 1200
13334 13282 15732 14513 9866 92 3228 13249 19087 9404 12171 14921 7240 7368 3916 16098 8740 17101 4619 9943 3623 5961 9238 16068 10287 17475
17958 418 9614 7587 7875 5935 11441 7119 1838 13460 16894 7467 9978 10502 8650 371 4753 14260 19815 11892 1984 16442 6331 10844 18047 11710
1300 12836 14329 6 12883 8430 8606 6090 11875 5980 16940 4084 15597 13713 752 2449 1465 9667 7651 3426 6759 16727 6473 11162 14932 8448
19220 12107 511 6453 1551 18534 9188 11281 19145 6021 12938 17469 13610 12875 19095 8778 15920 8981 19790 3267 16325 8540 19939 4188 9072 6991
13398 3772 18759 4426 19624 6582 10778 19572 11837 3121 6395 9652 15672 16518 5269 16842 12813 7366 12724 12921 10585 13971 5034 16452 17790 13347
7464 3055 8436 4652 11036 4146 8867 9739 10856 16787 19439 16914 13204 1018 16889 15711 11925 12516 7406 17410 17432 4201 11675 19664 5520 18406
1145 15519 825 3891 18252 6884 10848 14045 6870 557 6081 9203 9957 8447 13940 8086 11642 19060 14471 10232 541 3422 10755 18421 18273 14674
5027 17188 303 4783 6471 18363 16 14884 13961 15587 5001 16424 14889 13411 15402 14984 173 9119 12263 6586 18261 14641 4817 6261 3414 16397
3117 10146 15333 4041 11375 5130 618 2019 19677 5477 560 11164 14321 9680 12203 10483 703 3458 2343 15097 5473 19182 7319 10961 16396 912
8634 12878 18867 15547 19340 8015 3051 18881 5831 9980 7477 16853 14817 2995 6110 15771 15248 12577 5203 8331 15515 10349 17651 2922 797 7622
10581 1738 6179 2595 4430 9186 2821 8679 10366 14370 3296 19042 857 3526 831 18926 8422 7405 1515 766 5990 1528 18601 11100 10988 10391
3809 19461 16522 11205 3802 3542 11586 10274 12796 1343 6614 18493 13689 9671 19069 13328 18968 15274 18407 6198 11917 11114 57 6715 18102 11187
15867 12279 2485 5176 9692 16893 18011 1856 2578 8029 13645 16244 16981 9627 9611 4965 15741 2748 10871 10310 14253 14208 503 10089 18341 33
3541 9702 13111 3153 17391 8380 11711 13175 16722 9135 8047 18107 9258 5375 19483 1889 6198 12335 18686 17541 7370 17987 19857 9304 5243 18465
18237 12866 15980 8981 11929 18714 6541 5531 19866 16968 18620 5861 9189 14382 13590 6909 19759 18654 18727 9136 96 6886 3231 9131 11081 6109
8949 11525 6724 11401 4942 18076 8565 2656 1151 17971 17367 12055 18836 8478 18589 10563 13131 19146 17194 18571 10644 2244 3993 9288 4962 4959
9981 10578 15369 1704 16497 4020 5950 19719 4424 17448 17831 4390 14542 16300 11781 11831 393 9498 13393 689 19787 3245 13902 16304 12407 4558
18134 3403 14691 7246 6174 15351 10017 9734 9555 15091 8843 4955 1302 1725 7339 17270 19048 5797 8293 19822 10354 19346 8612 3623 6168 17321
14985 15061 11719 10777 8326 14246 4379 4329 5898 17468 10759 5016 8784 7861 12568 1359 13147 16043 12453 13641 12209 8110 3192 11229 108 14117
6038 6477 598 13956 5690 8655 14220 9445 273 8757 843 3041 7589 5622 1656 12712 2308 697 17544 16196 15481 81 5973 12643 6546 12061
11875 12301 8227 19561 18228 6711 16667 13335 11307 17859 5727 7752 14019 713 6850 8884 16524 14504 1908 18288 5674 18869 673 9760 3730 12882
12005 19753 1577 15699 14554 2404 11514 14111 13824 5223 17955 15144 12661 8732 11656 9692 13498 3884 17082 15271 6070 13188 14256 5276 10865 17905
12049 17715 6056 11572 2450 5234 10284 15301 19010 4958 6203 9849 12936 16522 6440 15525 14399 14576 2179 10606 14375 17825 10088 8040 13611 17050
18968 17768 3019 18027 18613 13574 570 6620 4359 7559 9929 9534 3886 12501 18103 12813 18919 16598 12212 10847 18774 17048 8389 8241 2742 8613
15173 3438 7906 527 2256 23 16922 9116 3070 5071 3431 15858 18710 12995 16277 11573 16512 16662 4864 1274 2651 2645 13767 1014 17734 4812
4399 2418 4986 7354 19076 81 7285 2455 15712 18479 19667 456 7895 8615 6122 5490 15600 2339 2470 3145 8438 19203 4552 9559 14083 345
1327 15791 18828 16562 16170 15345 15813 614 17071 1456 11154 14529 8009 4542 468 3273 15485 11560 4295 8591 10422 19432 16080 17491 5 9386
1337 19759 12466 19247 6859 8103 5330 3407 13322 12553 12573 13185 16449 12540 14223 5285 4335 2320 19995 9333 12389 12435 5095 7722 16898 9740
19500 5551 10168 16703 13696 2188 4269 19799 19349 12454 1855 15324 4472 10784 5493 9578 14505 1389 13892 18999 13439 9258 1552 12560 11004 8743
5702 5422 13272 7070 19972 7179 9913 8865 10870 18553 6384 1654 14362 828 18951 1178 15480 19347 3705 1139 10028 5525 11122 7423 3286 2891
9880 2281 5337 17857 18724 9903 5051 5990 3144 5310 9876 6614 694 17274 11682 18239 13201 1715 7163 18038 13959 12492 12657 17858 19096 2770
15996 16643 11136 13021 14161 18416 2040 14427 12461 15636 7890 4986 1979 19914 3835 4169 9703 7868 11236 809 11931 2200 9517 19622 247 2101
3827 1353 3516 7575 2145 15401 13435 14768 3178 8970 4460 13748 6725 18535 14748 10284 7716 2811 751 12722 19212 4884 14524 16403 4513 5207
1703 13026 1157 18279 17025 8236 8785 5446 6536 16963 18391 7646 17629 3293 15196 10284 17529 14814 4800 15581 14071 19239 15209 17817 15492 7012
3014 16826 287 256 13584 2882 7028 726 12106 17634 6952 3309 1854 11668 18284 8017 16187 2269 17255 17560 19694 8477 19454 13339 15542 12166
19193 9567 9815 6543 11578 13661 11293 10264 10368 19380 16744 9922 12093 7484 166 12903 17729 9636 19630 6070 9419 627 1901 19508 9737 8228
10242 13328 13193 18352 16634 1023 7006 15099 2758 16653 2932 12565 8946 454 18093 12016 435 15125 179 4391 15515 16544 3628 13230 4466 11697
15897 7207 18626 19967 3007 12793 4457 15626 12431 6777 1753 13135 3033 8797 1623 2249 10524 19441 12626 16272 5359 1534 5110 10402 8 15807
3641 10577 17646 4364 7569 12897 19695 7764 16998 1287 14655 18584 9003 10962 7028 16059 6864 14667 19203 19593 8344 18036 3038 18512 7068 10940
2589 11489 10896 3669 17106 14414 4816 9878 9749 2481 184 6024 10759 19829 17041 12636 8955 3901 12101 13733 2096 7321 4133 14327 14928 13779
1790 12784 6689 8852 7818 12497 8942 13432 13740 7571 15470 3111 16652 899 4599 5455 13985 1797 14988 3865 3129 12813 18956 11161 16588 7596
2849 580 5431 15792 6765 11640 4110 4137 13976 446 7849 14025 10383 12289 1462 2072 1840 11846 15817 2669 14035 2262 2383 9122 4538 15683
18929 14062 19818 7 5521 15965 18748 9967 17464 18356 9352 11509 13657 17001 17230 17642 385 16204 1063 16680 1588 11050 12790 5469 8310 15999
13700 1173 13864 7989 7053 3264 14127 9338 15461 16451 14719 8487 15447 15032 18482 16897 17057 17701 9126 8381 701 10205 10706 229 8321 15233
17143 15954 11728 1758 14626 19117 12751 6171 17712 19682 15140 3188 754 6413 13610 16753 15255 14474 4632 2518 12364 12815 14599 17008 13450 17321
4443 8606 19899 12516 15580 6262 2930 9220 3219 16676 8022 18391 2811 2492 16702 19353 7931 514 1253 12836 782 10116 1511 15350 9746 10966
2427 6166 6323 4313 11834 8506 12120 8156 8938 18715 7980 15795 19989 4903 16188 8131 15250 15979 1430 16820 9579 3972 17124 14741 5446 16281
2825 2756 4218 16287 9032 3959 18404 5268 6053 2143 3339 7257 2072 16133 10127 17617 3015 15559 15948 17565 19478 3602 7879 17221 4984 17013
13174 14995 17653 8265 15596 19513 14053 15423 17818 7095 12480 19668 12 9658 7498 189 10466 10651 11332 18567 8559 17342 16861 6303 2039 17776
5327 15978 1895 8577 2787 9195 3135 10410 14059 8746 11597 5798 1848 9434 509 8264 11785 1979 9566 8067 6788 14492 2931 15622 16937 10606
384 17836 19690 1401 12432 3733 7502 17010 10016 7813 3484 18872 11915 16708 18166 11176 10033 17430 7133 11298 427 3093 17123 927 6647 15669
7552 15605 521 9298 17226 1074 8825 1020 3279 15333 4776 19144 13881 5704 3270 14312 18008 6237 2235 9554 16780 12802 13702 4587 19194 6452
10403 12611 10009 4165 7379 2162 1714 19703 3930 2605 16129 8243 709 12007 7053 11715 15895 5657 10158 1879 6482 5543 2728 14398 15665 6080
19720 16935 180 10913 15311 8270 18700 17842 13396 3666 17346 884 14693 7256 15156 10310 16902 10935 12044 17894 8638 6174 11071 18816 7282 5698
5121 9481 207 9554 12843 6171 1406 16051 2309 18384 13559 16216 16243 12203 4146 13827 2306 3351 7570 7548 701 5640 8877 720 11170 12237
13747 17768 2884 9737 7445 4594 12583 2605 8314 15743 1208 2491 18255 15412 16876 15043 14633 3551 7568 2679 1800 11067 7056 917 10134 3958
7544 6667 2525 7254 12871 162 2719 19312 17663 523 291 16364 4715 13298 14907 11366 1463 8166 9563 17500 14784 8797 7384 11299 4355 5098
7891 3012 1024 10082 411 14479 3953 680 16399 8634 3633 15287 17662 15991 5418 2602 7972 12050 6370 12787 13808 1944 15997 14781 928 9670
8788 7307 9114 9004 7449 7361 8913 17238 6432 18818 8825 3225 10291 818 15855 638 1594 10792 19411 18557 4506 1982 10573 8102 8288 1205
17089 14193 6197 44 13037 7969 10523 8814 2453 1655 9918 11347 14470 10138 10346 13930 7571 15534 17917 9251 9425 1196 6906 10776 14521 14153
12197 3114 17142 15385 828 13947 16737 3764 6379 16604 17390 10389 9501 14264 16637 1567 14104 13474 12314 11940 16562 2072 4648 4438 4794 2732
19803 19545 7463 10364 18609 7444 18677 11915 15959 13267 19160 3582 9186 3885 8387 12284 3295 3386 8991 2564 17059 15509 11379 15933 3742 18087
17607 1767 11025 5444 7219 2114 10120 7469 10827 13429 8286 3140 5366 15733 16382 8707 833 2057 6551 13106 14523 17688 11675 14706 6845 9889
14797 13223 13191 6578 2027 1967 194 335 2476 17930 10878 14083 3583 16260 5997 1789 16690 17766 19333 17295 18601 18458 16834 1246 5724 6455
8958 4883 15443 7682 7180 12988 5316 10268 9536 2749 4321 1528 992 11826 5536 17436 16504 5994 16239 364 11237 5695 6075 13894 18809 11714
11965 12781 15116 11131 17740 14797 13692 17768 17267 1720 6925 8584 9127 13652 6957 10074 14575 1203 19545 19540 16211 5658 18963 19559 11940 12629
7392 13549 1338 16764 1506 9947 2023 9328 16605 11782 12606 18571 15529 6187 4049 10756 10664 10721 14506 12585 9317 3689 18669 225 8452 4380
10576 11647 5099 19125 11878 5161 10292 1692 13337 19259 6402 18705 4608 13430 3657 14457 14596 3435 9519 7348 684 10327 10559 13529 9330 13162
17261 8888 18837 13717 6108 14771 10148 14421 5751 10666 8965 696 5700 4997 18925 5535 18695 4721 17195 6151 18011 16528 14570 5388 4661 2161
18310 9816 17941 6862 8111 7352 14014 1621 17038 8440 3361 961 11756 220 8538 786 3224 8249 18442 11284 1925 7097 13822 2227 10371 6270
11938 15625 5839 2464 18738 19118 16480 18921 3002 3003 3240 15285 5486 11894 8738 3498 10176 8512 13508 1407 7622 12907 3260 7925 14728 11785
7403 18941 11996 15627 1542 6381 16311 6618 12347 17290 7889 10096 3579 5609 14351 18177 5004 18222 7133 17329 16337 5890 238 13801 8326 6232
5386 15889 17374 5986 15311 9682 303 16494 4452 11274 14245 12115 4954 12706 15579 6627 7917 17635 15213 3631 5595 3329 19516 12593 17045 2456
15060 2820 5236 17691 16456 17691 2933 2228 17935 3111 1754 11269 3716 9681 2232 13432 17227 11878 5178 2185 10202 13337 18766 17130 13820 13260
7752 2818 2721 2527 13290 5884 19210 1138 10752 4833 7443 16853 9069 19163 18935 13077 5632 19724 9020 8484 11875 14782 14637 4101 1884 10865
15639 12594 15348 16632 12582 3826 13759 18104 7102 8060 2001 7479 11489 16510 5184 8975 7551 16842 18352 8277 11019 3600 4125 13889 14226 14949
16231 12650 6671 18575 17087 19338 6806 17074 9481 4936 15017 4544 9112 3005 11822 1250 1277 11993 13845 3425 19839 17624 391 15678 9816 11989
12160 959 3019 1754 12024 18377 6918 16875 5570 9137 19763 4292 12742 6787 6813 19788 4381 17574 17228 4575 1857 6073 17206 3428 11713 17087
15103 19790 3993 7394 12934 9534 2715 18965 3852 15951 14468 11023 15262 4569 17295 13022 11632 4271 2833 13461 9939 196 7997 1227 18431 12658
5078 9314 5547 19563 13391 15626 11751 3007 7896 18989 13482 7826 19873 3520 11542 6872 10629 12133 12296 4441 4219 4201 15647 15797 12730 10651
17550 5256 14128 10341 17453 9262 5332 16268 19973 644 2708 3996 14049 16268 8427 6864 4212 9813 3401 70 12706 1217 11713 5728 15610 13907
2754 8516 13774 5033 17599 11375 17515 2714 17446 5586 19658 10818 11787 8865 10614 18193 8890 3221 1587 12854 2094 16723 17796 8145 12274 13933
10842 10993 11587 13866 7056 13134 19966 9309 18253 8674 19632 3236 11498 11462 5069 4776 17945 329 10728 4085 10862 16458 12786 12552 10773 1193
16642 18842 8820 6618 11783 19437 2923 4583 16125 6878 16632 9305 1563 8566 11831 14438 7651 7917 18906 1647 75 19341 15419 3628 1901 2449
12473 4779 18988 11032 10514 14716 18807 16015 4162 4064 16914 4305 6079 5981 15739 11124 17266 2838 17509 3915 6448 11578 9305 3852 12503 15041
7901 524 18046 18954 1431 12572 17834 1553 1010 3094 469 2656 1277 3356 7337 14440 17406 19474 3341 1614 7780 16580 18380 16048 14389 19797
807 17559 8571 11923 12535 96 8403 18406 10093 12356 3988 542 8169 13767 7003 17887 15119 8740 12105 6520 18980 2904 15917 17354 321 15463
10382 2555 18408 6917 4013 18917 6829 7263 17575 11200 9223 7018 3969 10925 18412 16631 22 19788 11010 4676 19471 9604 18394 14131 14768 15475
2650 16999 5471 16311 3496 15103 13668 9982 12578 5896 19545 11551 2251 9978 11966 14128 7185 16693 9110 3785 17451 9065 1565 11748 4014 4206
386 4645 9886 476 11279 12955 12315 17370 13086 14614 8257 14356 3539 6060 7150 6962 3201 5910 3662 6257 4878 3724 10781 9779 6039 18942
1869 17765 8968 17772 10328 10685 12112 6304 9519 3763 2453 10829 8725 14374 16076 13157 2239 1242 15904 775 16485 11422 11919 5201 11717 18442
15571 4826 13439 3743 16945 5206 19064 9208 7356 1564 16647 3418 5633 16891 2319 16467 18223 2875 19725 3263 1953 17458 3831 3244 16287 14026
16069 13054 11099 816 11399 8448 10180 1591 10800 3069 3588 4730 16437 5970 13754 3280 19687 10696 16682 11057 13787 19212 6661 14477 1299 705
12327 4969 7636 7743 2073 6195 18988 14960 13484 18979 19522 13165 9575 2255 17503 4432 4036 1694 4932 8225 11361 12400 5058 5350 11451 94
14317 19982 10874 6457 15965 15586 5742 7138 11031 18591 4169 12046 19770 14923 19072 5258 2190 18500 16062 8600 4031 19641 7876 5077 1134 19596
1084 3363 13326 310 8765 16100 3523 11582 6802 11662 16989 16992 6766 2182 17922 5782 4262 2425 710 10208 7069 18311 773 17828 19413 5250
12288 16720 2762 15983 1478 6459 10582 13561 7421 6530 8239 2106 19171 10240 1131 12934 4898 9782 8974 2684 18474 3063 13777 13927 8781 6957
18938 10459 4718 2038 1712 5109 4559 7104 19378 14088 8011 10374 3115 4265 3546 6054 13325 7537 14651 16157 11415 717 10895 17668 7977 9606
5744 2438 15246 1637 17150 11095 8051 11061 6702 7368 17298 8349 8135 17203 9636 5873 12351 15767 1491 5431 6868 260 6653 10216 14615 11633
15523 7681 6049 11932 5257 1268 8365 18107 3050 12749 4193 18938 9235 13036 4162 9586 12733 19502 12605 19962 4197 5598 19833 12389 9461 9150
9354 5707 6889 2976 4235 11995 4441 16696 14793 9895 12979 9379 13867 5073 7048 4670 353 15657 9493 4631 3175 497 18205 18167 2130 12420
290 13740 13191 7059 10722 12927 4886 18132 17289 15031 13208 15305 7511 7743 6702 4711 6031 10206 4217 9748 13000 5942 14637 8229 7297 9871
2635 12625 15240 15073 17633 10405 5848 19762 17135 19240 14249 7934 10851 14648 14375 19172 2766 5025 13244 9652 4476 7375 16252 6121 12960 6633
5840 9039 12307 12338 13499 18990 10853 6043 19403 2783 9533 18160 12940 1414 2264 16689 3185 17484 15345 7988 13968 17310 19688 12343 18306 1047
17146 17251 15434 2559 3425 15973 181 17580 10835 16118 10200 13268 10486 5209 12003 4640 7238 6832 8769 19292 11228 16598 3990 18283 18283 4750
11799 6278 18496 5530 1446 4398 9262 546 4725 3998 18023 14768 6064 15256 5218 4163 12386 7352 1968 14957 8383 10846 17170 8609 690 19639
10661 4848 6880 9101 10776 11981 997 19923 3676 12316 14267 16020 3424 3435 11391 15654 8710 2057 15035 6998 13604 17678 14376 19198 9884 15459
16998 12166 8204 16505 10389 5107 5843 19517 4422 13109 12599 6611 549 7440 16913 8072 1783 11223 2052 17530 11687 19466 4577 627 2570 3582
801 11615 6387 12661 17974 10727 13333 18257 3073 18912 7661 8499 14766 7443 6051 6100 17943 7896 6110 4249 14334 13789 11460 8398 13378 10685
19386 1388 1978 4188 5130 8608 15562 12636 18160 12466 6740 1492 19551 8916 12100 3086 5572 12193 7653 2641 3002 11971 14017 18271 13855 5080
2992 19308 1960 12032 9685 11723 12577 14955 795 15360 772 17253 9272 1766 17682 1080 16161 10922 6534 11336 8543 11214 10134 5411 6293 13714
17243 11485 1876 1976 6822 9039 14903 8512 3157 139 15618 16864 5694 12230 14555 9754 10175 4546 11149 6887 13585 2578 9756 9807 2585 13708
3390 2588 16447 1119 9747 12529 11358 3287 10910 14232 17503 9472 10233 17536 14093 2177 15328 4386 18152 7331 349 18695 15494 9740 7715 15706
10135 10550 11513 13279 8451 11617 12143 4505 2764 19614 9464 14911 1856 17673 18688 2180 17543 17716 17123 8063 12076 13840 15129 10548 12135 1785
8667 16498 16601 11017 17790 7558 5529 8317 18111 19150 12241 9307 19324 6679 9502 16591 19678 17156 7314 4252 5135 13769 7767 16395 6603 9638
6835 10172 13671 15581 11818 7246 13763 18539 4893 4512 4968 5851 19732 12755 13441 17273 15489 10889 15504 11833 2935 5270 8403 9720 19958 12558
8414 18499 11349 19727 19650 2244 7300 14106 12902 6302 8977 11525 8336 849 13000 18340 13346 19426 13743 2037 375 16930 7108 6094 12890 1627
2056 6569 11489 14213 10269 14598 17702 10325 822 16142 1726 10051 7460 19274 2552 4928 9306 6370 5888 6772 18173 12630 10159 7882 3818 2828
11901 18826 2568 15088 15722 1780 3506 19983 11184 4748 2300 16260 4196 9729 63 18645 16541 3770 6962 12240 12908 10563 5463 14621 11354 3639
15352 12606 15790 5425 14433 10654 12943 17274 19939 7401 19572 10120 8238 16113 18579 1778 7364 15160 3677 5973 10114 18285 4899 16722 7642 4965
8892 6360 8271 7719 15435 12654 2368 4126 16203 2822 3789 3441 6543 3730 1707 11034 13567 5172 17702 10075 12027 1019 5857 2269 6835 275
14454 19439 19621 4798 19059 13060 19433 2858 17756 854 4970 589 4322 7332 14733 3584 17829 6391 15573 5844 19663 6859 8596 3823 18279 5118
14583 8284 1184 12421 11420 7600 4196 19837 4241 2054 542 16385 19090 911 12884 10440 17644 9398 4767 7974 8906 13751 2899 17793 8259 19025
9520 3459 18498 6751 16076 15865 918 13434 18344 7598 4527 18242 18728 10256 11665 17234 3678 13985 503 8205 6832 1512 11390 8306 14098 2223
7013 11505 4589 1552 13025 7096 10802 7794 15830 15808 16606 9714 6887 13271 2823 2816 6269 6141 8562 8835 124 15473 7507 1496 3511 1682
11857 1609 9431 4909 8746 10811 7770 18407 1153 15018 17403 15222 14709 6446 2598 1129 1520 14856 8202 6389 15518 10441 9065 3621 17037 5958
14877 572 17840 17836 7257 8036 14335 13444 11445 10209 14095 9473 15952 16040 858 15809 9368 4048 7385 2099 14762 13808 15752 1137 14534 10942
15090 4162 14995 4001 12100 16066 17667 4971 2173 6039 3593 12956 12914 15117 15090 4336 11328 11855 10105 8550 14944 4651 2983 7310 7977 9159
4622 1618 14233 11999 12443 7442 3772 481 16705 5552 16805 3919 13124 760 4765 62 10606 14061 12336 5545 13834 17582 2113 4970 7927 14045
5149 5006 7166 5786 1366 10545 16677 9529 9117 12313 13192 10940 17085 638 7471 11029 5091 19069 12451 5135 10796 16155 8840 6270 19968 12148
13081 3659 8170 12661 2373 7092 8897 19859 15473 5200 8188 19413 806 17882 1846 1961 18579 367 14743 13785 2025 12367 9515 917 4772 772
4513 12788 7760 10959 14720 6203 15779 11605 3014 10671 8981 8671 15654 1836 5999 6168 3149 13664 15191 15510 5389 16478 1565 16340 18804 1137
9182 6795 13933 4435 2619 2657 5762 4753 1929 14647 11785 8305 2336 6839 13653 7706 7416 10755 13978 18906 12570 7135 235 6261 13238 19792
19095 17616 14287 11616 7482 17507 13991 6435 9515 17268 3507 1072 840 6785 19969 17967 15620 7401 13575 10182 3302 19976 14980 16978 8174 1832
2669 62 11790 15587 9632 2052 5896 6495 1122 17902 6394 2830 4081 18349 7168 10557 15315 14568 7853 1072 11572 7560 5649 18886 1932 4339
15913 14133 7749 17586 19446 6191 2922 2434 11267 1470 2666 14751 3119 16361 16192 13197 11099 2014 3264 18428 11877 13423 6145 16793 3805 19634
13288 18836 15795 3583 7173 16406 13659 17806 16801 16202 17597 15485 14503 3235 19218 16606 5386 14160 2552 12866 4982 11561 14738 4374 15522 1167
14679 18272 9534 6559 5772 9175 16422 11648 6070 11514 2348 2792 5817 7468 1007 14008 14287 11219 13299 2670 13597 10615 18969 8288 4779 94
18711 4594 12752 12871 9173 13754 18944 2052 18113 18339 11958 10135 739 15896 13176 13266 11845 9874 14132 11984 5894 629 18083 10053 3300 11341
5611 7930 14945 3113 15373 2353 10627 12938 12695 5630 7538 16968 8544 19788 13516 10715 4219 16363 9343 8140 16092 8531 6260 19354 4395 12335
504 18057 194 16505 8133 14671 18720 12682 19357 3903 5379 18744 18612 2094 7298 11736 6170 11311 7190 7718 7229 1641 8389 15439 13207 14771
17158 8865 9143 17566 16101 3827 8851 8842 2432 17670 18892 3942 16748 17861 10676 11661 15050 15162 11041 3366 1924 6145 11779 15086 7790 435
4175 5373 764 14762 9040 12429 18147 6712 9244 14492 8989 14897 3557 9765 19065 16884 18489 8127 17019 9168 13812 16207 2455 9339 17900 1833
10113 11404 12397 12143 4900 15474 14304 9251 5282 3410 8534 13050 4230 11796 9770 18314 16290 18279 14796 10678 2860 7120 13423 2815 18635 705
12481 2857 10670 2157 10457 15011 19488 10791 15831 4197 1503 7461 14668 2002 6817 7163 1245 19116 10553 7093 18199 2794 5324 18807 13255 3105
15510 327 19663 15595 19034 8041 1593 9549 17001 2892 5370 15744 13947 12654 17472 7996 16908 3606 9173 6314 2963 4423 15874 15074 9177 7949
15629 14794 2767 10798 13951 1975 367 15202 17513 12040 14067 17941 1427 4611 9329 4732 157 17582 13412 18728 6855 13332 18972 8395 10619 1186
4386 2624 11848 8680 13462 17202 11203 5863 16942 19037 11434 8837 18713 12350 2814 563 9309 8368 12628 10571 16159 8524 10889 6532 18276 11955
15921 1164 14690 18978 14466 10592 3030 12740 6045 17893 10083 4640 4762 12163 498 623 12318 6645 6952 17866 15923 2995 4617 5672 9201 2538
8133 9977 8478 9643 14878 0 7387 1101 2854 8618 14711 6300 15735 15901 14586 7060 4780 4540 14302 16648 4721 19027 10095 10661 1421 340
6815 15248 15881 14323 360 17093 490 6467 4180 7845 556 6969 10488 5290 7729 10233 16259 4173 11220 3700 5250 17772 12798 3425 7935 3487
18067 1709 3374 15614 220 4700 766 10259 5961 16596 12209 8770 19437 6842 7430 8964 5476 4500 10000 14909 19044 8114 12472 2161 532 7052
17239 17626 5127 5039 12188 8138 8620 2345 16216 17812 11304 16594 15924 17180 5746 2025 9202 19079 679 18473 1146 10225 17086 19942 1721 19158
9613 1974 11242 17452 10305 1572 18328 19961 7130 8688 8541 6763 11881 12787 1622 1456 14793 10859 11068 16632 13768 11733 14009 8860 14967 3128
457 9859 5697 1689 13369 13362 3192 7632 6965 9750 4852 13947 11493 16645 11483 5938 1780 564 18647 8687 18212 5804 17601 11253 12370 15729
14525 14264 8061 18759 2049 1246 19569 9905 19042 1486 11168 8628 12365 3523 11741 19090 8915 5278 10572 12491 12067 19740 3625 18925 10781 7020
12647 19165 6956 1246 11443 13636 14968 8323 10678 16146 3567 15627 5784 13238 12294 16545 18352 15313 1544 7623 10137 17235 13549 10354 1030 5630
11061 10689 2646 2024 17030 7269 11391 492 4340 12108 11875 4931 8873 496 8762 2726 1738 6460 16332 11164 10783 5433 15954 2507 6862 6534
17666 2506 7103 17198 3317 18433 1875 19070 16627 5459 11450 8705 1744 12004 575 2541 17717 1286 1405 172 2179 17673 8255 9582 1595 17531
6126 174 3042 11369 17256 14375 10863 19681 4839 15741 4044 4213 4016 19049 4832 14350 135 10958 17891 12304 18228 14410 10432 887 5649 12718
18641 19773 8778 3845 12612 15332 6864 760 15709 9972 17414 13457 2013 16661 4303 6638 3898 10263 6586 10960 12324 16443 8806 3475 8890 7194
1700 7430 3842 9904 6480 15162 14946 17423 13356 4404 15005 2987 10708 5704 16891 14947 15969 2984 10461 8908 2085 11600 9461 12603 17207 14264
7247 12075 6712 7927 10592 7487 16479 11730 8611 1754 12282 17993 19002 16009 7821 1846 17695 16514 8622 17406 15432 13756 15126 13095 7092 8715
10912 4997 8057 17736 17551 522 17617 13667 3651 4329 14625 14952 4418 7101 8166 7032 2239 341 13137 15377 11569 8723 3912 2467 12274 1874
12347 14683 10058 10439 8176 3808 6966 9867 5988 1160 1094 25 3265 1811 883 5924 4345 898 13435 12764 952 8133 17794 11795 4328 11082
6130 14157 18593 8759 9305 6605 18987 6724 16352 8333 13367 8362 3484 4100 1421 6268 18712 12737 3168 12948 3434 1016 4606 9047 18909 16203
6064 11603 8231 11104 15474 9376 6969 16883 9683 12716 16563 10415 7561 5049 19260 12249 9360 18206 18468 6005 1562 5244 1882 5942 7168 16995
2282 201 3282 17147 6482 3838 1342 17989 2033 18887 18274 19676 3658 4749 18650 11596 6366 15837 7290 15442 17882 2638 14637 17487 14589 16860
9121 9696 5756 19120 5660 4484 14297 3601 1054 11037 6152 12300 13909 17272 16707 9808 16287 1263 2618 12724 8780 2969 7792 5028 15023 18461
10458 18834 423 5851 3042 16846 6513 19212 13510 13802 10613 712 3656 2885 1438 781 18972 11859 19956 3001 8087 10913 7432 3773 3682 4314
8700 12554 14559 8578 1516 898 2349 11042 9848 13356 16174 12936 7056 18855 641 11626 7637 2279 4399 17928 11942 8265 15943 12942 18603 4591
2306 8619 17905 9170 14958 4815 10803 1073 18287 17760 11053 12454 3512 9677 15760 19975 10062 8352 12512 12110 7819 4125 9396 4656 15869 1880
2437 11257 19129 17733 18929 7493 1460 14221 6523 6862 15336 18242 982 18823 14420 403 5287 11792 16558 11367 4877 14144 10405 9455 3791 10258
4321 4235 3594 11744 13131 13405 16654 1002 3960 4301 3425 17725 6942 17020 17772 14892 19047 5413 9865 15731 13615 3984 17698 14230 6239 18853
2884 4082 17901 16002 12807 18026 7089 10848 1657 968 10478 8933 19919 19536 10901 569 2756 10540 3057 5352 17597 12512 19902 18420 18820 83
5743 9436 4786 2056 5759 6911 8971 8436 10830 10739 3164 4736 15738 3080 3722 4959 11123 5638 6181 9914 16996 754 5023 6062 761 19742
565 9463 15845 11159 2829 5574 5410 2424 9807 11214 16062 16604 12208 3426 6170 1480 10255 1858 3935 1856 4848 5795 1617 14554 7051 5780
9394 14996 3535 12889 9935 1228 3326 7554 17694 11738 13117 10976 3275 13575 5048 12431 17841 3071 9030 16774 18969 2868 5698 6946 5398 15925
14728 11139 2957 11976 8258 3998 16500 1921 12971 12306 14834 16065 18916 9792 15898 8722 10347 9442 16764 17300 5771 14479 18682 2402 8091 6917
13030 2069 5555 19171 12232 6666 7011 12623 2307 12757 9357 16678 18021 19816 5307 16877 17550 7832 6803 8225 3702 6133 992 8418 148 6077
9815 15941 8897 11971 13308 17499 2753 2518 13664 8227 15329 4991 11809 7279 10010 19812 9184 2015 15844 17633 129 5147 19167 9384 18937 217
2669 15836 6421 7239 11243 16970 5215 7980 14512 16517 5097 15496 5080 19777 7866 11379 10167 18144 8955 7116 18202 1400 6495 5866 6524 7886
9147 19449 18664 12293 8607 14082 14115 11013 16986 19375 1207 16567 14866 8469 241 17027 9408 14790 3533 17459 7582 11313 9460 13385 3998 2595
9674 14161 13941 13851 6990 14886 6947 3142 10414 5046 10545 6356 17158 977 4655 1085 19394 5447 14806 10466 10102 4962 11828 19816 8824 10598
17829 8279 18220 17508 3299 6157 18514 5433 3819 2631 19558 2582 10377 3165 13242 3271 13404 2553 2270 4585 5820 15859 4689 7909 7940 10133
2138 15587 11239 4398 19145 15477 12362 9662 18839 5766 13300 7355 224 17696 7101 5885 8083 14456 9882 18278 2723 13554 7569 8075 2841 908
7340 19108 17004 5763 14788 10124 13648 1791 9434 93 13077 3072 18317 15535 12756 15260 4009 16263 15953 9334 18606 12515 17058 6385 6654 5681
9344 12189 18582 4574 17195 10195 10701 17923 19349 14330 13253 12241 17572 14617 19930 10459 830 16323 5795 13109 17879 10014 4266 1768 7800 12959
10940 2244 18949 17126 5716 5544 15882 16259 7551 8906 5748 593 4617 5134 19620 15980 10286 14671 10876 8991 13637 3253 344 11929 19049 7895
9634 6337 9047 19323 7162 2956 17899 11388 19470 19263 19064 7497 6734 11383 10384 2400 16326 16280 9420 7071 13840 5618 18365 11399 11612 14230
15055 15330 12632 8877 18256 9149 17577 9744 2255 7504 16158 13208 16037 13895 4282 12714 19087 12062 6371 6516 2633 19823 11449 16671 300 7786
19993 6860 14013 18351 1865 5455 2016 15013 2541 6891 6604 13214 1643 6488 6217 2256 10578 18320 16970 17909 5847 19879 18448 19467 14145 19362
15592 17809 4585 19242 982 2336 5649 16860 7515 8561 3634 17563 16918 8309 8801 694 17423 2630 11341 1339 19722 1085 9624 16197 12659 15577
18225 10875 17447 1662 17705 13504 10381 18970 3991 14321 7041 14452 9292 12381 4435 4589 18549 16029 14554 6611 14091 1735 11345 6772 8851 14020
1505 12299 5419 6468 16992 6007 14336 9819 4912 16125 18904 18618 18847 18359 12512 11795 737 2409 4010 18211 11946 4494 19946 8017 122 5834
9877 6127 1548 17569 2513 18417 8188 236 18086 7966 3110 11659 13105 19298 18439 7626 16003 1536 4301 8497 3599 12780 10795 13351 7741 11733
5556 16373 3718 7030 2651 3673 10477 14106 12555 10999 13578 10474 16516 3986 17177 12947 9437 14719 11396 17505 5593 9152 4116 7580 9364 11124
19845 8555 110 12689 5001 13971 16922 9615 15464 286 14003 10481 205 1170 12667 7753 11005 17691 6662 6345 19793 19546 1763 17226 16302 18785
1039 14131 7427 15897 678 7853 19653 14655 5630 17406 6026 5991 19288 14413 12394 2291 15745 5109 10683 17663 2022 9239 18688 357 8776 4096
10819 18168 16962 19177 12940 35 4459 17178 11087 17528 8209 6876 18352 4695 15667 16033 5678 14081 3487 14641 6931 11472 18187 1848 6594 631
4888 9320 19853 13589 3802 18891 5965 5909 15498 13545 7762 15402 19415 7395 1147 16221 18440 18999 18085 3041 5253 2832 5841 14476 12629 7190
17915 14353 17001 8514 3496 5757 15365 14812 10509 17130 5831 12848 16690 16017 11271 5988 14697 8324 10809 11403 18623 17104 10025 10018 13096 2119
2089 2168 15786 6987 3771 19596 12453 15968 7854 5696 737 12595 19253 14041 7483 17311 16463 14177 10016 15082 19454 6378 3358 6268 3582 15155
1951 81 758 16794 80 1187 4243 18483 1811 3639 10085 13283 6172 15947 7575 8467 8383 17346 3065 11416 8397 9265 125 18756 11071 358
1181 19491 12553 18320 12503 6102 14432 698 4320 8226 11997 116 15338 13505 14779 7691 8250 18694 3315 3874 11279 9870 12460 12729 1437 9373
6280 3441 10891 17204 8065 9149 1380 10397 17521 845 2188 11846 5822 15438 7861 3609 15671 5514 7176 6698 13223 7020 5078 13913 3221 7721
17177 17101 6844 14255 5282 2479 18974 7438 7402 2054 15306 11734 17120 13755 18780 14702 17381 7692 4099 7529 9231 9922 6763 11645 2341 5573
12296 5889 3003 14866 13174 383 560 7953 2487 8238 16225 15610 2477 17498 9471 17650 17832 11021 19168 15977 1826 8107 5307 18510 18663 4874
6209 16577 8236 17393 12854 18319 18949 10735 5920 11048 15975 19527 10170 6247 777 2860 14698 10836 6499 12581 16077 9562 16031 1890 754 793
16994 19435 8333 18918 7610 13959 19560 17372 16532 5972 13266 2642 7355 11186 8555 11603 571 6024 18994 11946 6665 6808 4822 19043 706 13785
4422 15022 3658 7958 9609 12385 7744 7875 9412 10476 15914 10688 14677 19434 9383 13202 14700 9779 14215 10768 13013 6776 17171 15386 17976 17254
9938 10290 8010 6506 11593 7692 12971 5137 10013 13044 15267 10298 4544 4534 10854 19163 7028 17631 16727 18729 15576 2615 15235 16763 3386 6699
16235 7851 19239 119 2605 10903 8307 17824 7861 1275 10827 15155 14405 14491 899 5223 13688 10240 12972 16354 15459 3512 11913 7862 7198 6231
4655 17241 9165 3484 19642 7279 12994 18902 4692 3358 9087 8730 12788 9450 4755 9523 4207 12398 14297 9493 18485 10560 13676 7757 9496 3841
4266 5816 1771 12079 11778 5598 4999 4470 11613 10076 18026 4184 18993 9358 16138 12357 11802 11556 8253 10987 962 8030 15546 5099 7904 4032
13405 9353 812 3050 4478 4384 2240 4986 12667 8653 8170 8150 8033 8281 17926 1141 12719 5821 4517 15482 6540 731 472 16698 12011 9441
5107 8333 7457 17292 18732 17103 4348 2022 13134 3767 8108 14622 19993 17130 18987 1512 13371 10827 19747 5019 17720 3416 3927 8610 5947 6303
11046 12885 14516 5953 9275 1682 14707 17066 268 4683 910 18985 2982 2592 10892 7856 16395 6452 9676 19622 2515 17899 10514 11031 8919 6298
10973 247 2651 1620 15638 17779 11873 3267 7988 13630 1834 1420 969 18373 12007 14112 12686 5341 8459 15511 9649 6333 11043 2074 5062 11945
2754 13110 6137 604 16109 9488 19227 85 13143 8604 5043 4004 5026 1457 5251 3121 250 10788 7466 2413 1787 4668 18839 390 1965 17623
6024 12050 15693 5894 14537 1501 2210 17107 9550 19731 19476 2142 15122 19600 11340 10187 13042 12688 16707 308 17839 3086 16494 2306 5524 18398
18584 12493 11913 8427 18165 17565 10560 9600 13702 6185 8491 14031 15003 5207 9071 5589 95 9920 13176 9766 14895 10339 3111 17578 3023 14598
11370 2916 9789 14084 17489 3139 13070 3569 1579 6569 7700 2437 1827 8171 2914 13562 1218 7614 18232 3114 5436 609 14795 12093 14354 11442
16927 2244 10822 15617 624 4682 312 2357 12739 7293 16077 3780 18196 15361 15015 6141 12884 3785 15627 3790 2433 12650 18662 17274 11550 6090
4658 17136 5498 3882 1462 1189 3095 19659 8391 15643 2524 5239 16370 11657 10969 19682 13570 4690 13490 19832 13691 5271 10903 15801 12600 19178
1776 2478 17796 1210 19300 11495 19343 12851 2863 114 9205 3825 19973 11165 19225 7081 3169 16168 12565 1085 12604 8921 13138 15259 8977 11609
9607 18029 13041 11782 1130 4034 18021 15050 743 13886 13044 2420 19804 8426 7652 5073 1643 3858 7508 17318 13298 6835 8466 15427 684 16330
4755 14305 271 16106 2407 428 3988 9099 18232 4271 17762 13109 6436 16197 18703 14535 19556 6484 9005 16266 3084 7868 16890 15330 12978 11916
11282 8856 1144 15745 13784 11858 17630 10404 416 18107 6826 13710 14980 13914 1800 1 17225 5802 14954 14533 1588 17342 10973 19886 14439 1033
7667 13363 2704 5297 5111 7774 14500 2282 11276 11702 15746 19445 15800 7137 8580 12958 13173 7396 15381 5405 9706 3098 5744 3562 14369 2102
1847 19315 5533 14137 12884 16587 19274 19517 6800 6188 6019 15633 6287 9656 16966 8156 15691 3902 8536 10818 5200 15025 1305 12195 12755 12897
12169 4055 15010 1194 17076 14295 17341 17206 11373 2999 8749 17169 1513 13984 7613 10370 985 5383 16378 10509 321 12219 3996 105 9436 7403
19183 19514 3377 17599 19417 3265 2298 12778 13888 11252 3859 15517 15350 14647 9919 536 3779 16691 10046 8988 17906 10125 2681 8786 16239 17486
5598 8714 13883 3937 9169 19209 10847 5595 11042 14852 10142 8713 8658 2224 12828 12093 8722 17477 9528 4332 10157 15310 14694 18405 10223 4641
14060 2578 11327 3907 15173 10563 12614 9675 7966 15236 14485 1870 5403 14327 16011 15008 16913 13014 14422 14868 4410 3789 8485 6824 11086 2934
11724 13292 16242 8707 8427 9138 5583 17513 5690 1332 434 2347 14098 6903 9166 9020 10061 18404 13324 5942 19963 15668 18855 8074 9310 11074
16832 12376 10947 13074 14501 16610 11653 14668 11967 4280 16247 16424 17287 19220 16001 8271 3378 8959 16250 18402 1628 18133 8067 8941 2911 19248
12611 12942 11326 7510 6008 11580 19957 2112 19399 14480 14126 5204 9460 12885 15081 121 16160 12137 14917 11690 8334 15455 14973 11904 16889 15327
1053 2967 1311 15698 13740 5148 13826 2261 1229 19608 15842 7452 14583 18677 5058 3048 3901 1935 12958 19859 9199 18683 2789 8949 7742 1151
16589 10912 8117 19020 7017 11721 4175 16029 996 3498 3180 17575 14817 13160 6034 15898 8539 8397 15856 3198 13806 237 16169 134 4334 19139
16402 19218 18851 13803 1457 7247 12526 18532 95 17087 4701 13216 11091 3020 17523 19329 11286 18703 1273 12202 18007 19360 10250 13684 14808 9737
15503 80 18927 6396 19503 10138 1496 235 9102 18164 1089 10161 17409 11023 1265 15056 17626 13615 15320 13178 16593 9719 10236 3345 8303 16622
19040 15607 3072 12867 5608 2942 9549 13159 13544 8023 8611 16952 9420 19374 4433 3363 6576 9746 18933 16351 6709 14393 3938 11076 11958 13204
19480 5100 5094 11016 11320 16441 16088 12308 10278 7734 16771 5978 6701 6283 3512 3018 17431 4643 10369 8996 8837 19462 5888 10268 17290 14787
10653 16896 6325 5178 9953 14879 1865 12118 13324 733 9349 17197 5218 13739 2533 7783 15263 9156 10645 11481 13296 13759 15823 10785 2588 1739
15604 14640 13030 12482 13809 3719 15537 8953 7651 5791 8279 8390 17594 1125 16121 19183 9244 2716 8934 16457 18376 19130 17707 7232 538 17393
2457 17661 16226 6028 5261 16686 13748 5169 11505 2632 19214 14365 7909 18580 18623 1197 12907 11062 2398 8770 2606 445 19195 5554 13025 2073
4220 16130 11354 9209 4781 7092 8272 19667 16741 19658 15292 1002 15537 9705 13625 4192 3471 2975 350 14266 2212 17309 7359 12513 14850 2016
10440 8821 11791 8489 4465 9384 587 10962 8757 11612 3097 4586 9890 12181 17293 6323 13141 1016 2893 2543 5566 18481 13750 5921 16301 15521
12469 9779 1187 10434 14339 8925 10876 18514 10668 18542 6357 2097 14902 11714 9035 13268 13209 13758 190 4157 7155 2247 13499 10587 10884 10408
16324 12236 2600 16084 17918 14313 2140 17411 16819 9095 10871 15690 5722 4829 3384 14694 6713 19218 4478 14282 267 6057 18284 15683 1268 7145
7501 3303 1792 9392 6753 7196 13167 6968 18533 17260 9900 17308 15366 17831 18015 12983 12530 6174 2432 17106 8289 18321 14823 12246 16563 17685
6002 18076 18083 1650 16248 1401 12813 17299 12668 2577 12400 1398 2272 17559 3156 15746 17238 14351 9484 17138 5846 13773 8471 16634 1264 5869
4075 5306 18080 12764 13343 17329 8469 4026 9527 18004 11973 7152 16575 2996 2839 12094 6933 3036 13172 15361 593 9179 12290 9567 9633 4158
9401 17394 1080 16104 15309 3077 3753 4307 467 19283 12736 4951 16761 13323 19268 12182 3974 4259 7805 17966 11618 10952 831 8496 10628 5105
14523 11643 5812 2675 15919 8851 13766 8428 4921 17274 5714 12653 13763 18298 728 1746 13300 9027 18664 7734 19411 8581 10675 18281 17909 2788
862 4301 15961 3207 2181 3683 2910 3192 14574 15713 12247 2350 3879 13830 8574 6442 10728 1762 13556 13032 2404 16629 5870 19849 18352 958
11183 9393 16346 4088 11573 19370 7092 2358 638 7798 14578 14921 6307 2753 12239 3629 6209 12603 14885 16587 6694 11307 3983 13981 15399 9917
12280 6271 17455 430 6102 17285 12231 4557 6853 5285 4274 8189 16113 10281 551 17432 12992 6116 2561 2999 12757 9985 10661 7678 19492 6446
6366 16929 7707 10168 15643 13935 11634 3199 13612 17193 11136 10831 10258 8142 735 7629 6059 1806 17738 18274 10756 4183 19984 6126 9614 16043
13668 14189 19650 18456 12041 15783 3894 4287 14803 14920 11109 5522 19757 11500 19414 16459 10006 16271 4126 12983 16828 18086 14524 10091 14622 3737
3651 19330 18479 9583 2099 10556 9455 16390 6233 2081 313 3714 19738 888 12096 9482 12861 19841 12362 14389 3053 2079 8977 17895 8136 12963
18836 10229 12470 9558 12574 11852 339 10062 3532 5 13904 4551 3910 4905 16490 5649 8173 18194 9194 9641 18774 13804 17140 9553 4595 10277
