365
100 16 56 63 75 10 96 1 29 77 41 31 31 95 27 89 49 93 93 79 19 44 13 20 16 26
6420 18043 7368 14818 6318 9919 3466 18538 10140 444 11527 3245 5644 2112 15096 10430 3914 16876 1504 7798 7176 8931 13411 8093 7164 12158
13962 15983 11101 14623 4320 7161 5253 3688 19900 15601 16366 14087 17757 13754 15545 5913 15544 3295 11720 6940 5972 3549 14586 18685 7326 9104
17399 3708 6326 11905 19098 3545 18353 14596 16698 17309 19265 5856 12925 10163 8589 18229 16564 4833 9551 16557 19095 16018 8966 16363 619 3034
9904 17065 8437 8733 15437 7984 7520 10443 6168 9083 5673 15133 1754 14536 16273 12528 13990 15234 9039 5610 7320 3993 15586 15566 12379 257
14510 16642 12241 12815 15975 9511 6383 16451 14968 24 6033 622 11353 12688 7941 17051 12500 2988 7108 17159 10766 19157 17736 31 12872 4980
18885 10648 3957 2184 15842 9187 16144 102 13938 14715 19063 16805 6969 12494 13040 13594 4909 18609 2201 18817 13484 6724 17007 21 16606 15799
11573 2749 712 16982 4607 15512 6379 5241 11592 12167 15799 4371 16595 7093 12643 16585 3565 3287 7592 3145 8298 16676 1278 1537 10625 8488
11425 12462 15309 3430 4239 15605 580 14140 15715 16790 17533 1490 14819 18041 2669 623 3845 12160 10764 7634 12138 2691 3451 1640 6186 9798
7460 7829 17935 17947 1260 7206 10439 14019 6834 18152 55 16237 9776 1090 6432 11256 10274 2125 7022 14562 3798 9423 17380 6431 12670 10244
7501 3843 15836 6208 16156 10239 11835 4757 14558 19911 5551 5800 1932 1153 2327 450 6378 5508 16656 3615 7999 2667 543 16910 17917 4252
6063 14135 2412 12544 17790 7699 1490 17317 19015 10600 5469 6247 10698 17534 18382 10829 16881 5803 2958 15195 7599 2962 4387 8626 2113 18397
11204 15341 3349 19865 1438 13966 18876 13079 2449 9074 5312 13971 2049 1302 9412 9887 6021 15007 11677 2361 4941 19405 16079 9808 11313 11587
19893 10598 2207 16492 6941 11644 14881 15029 13689 19470 6307 17988 4677 10005 2996 17038 12277 12681 1573 19442 16377 11840 2986 3031 5977 627
6427 16402 12698 7621 5165 2341 7444 9248 14924 9105 18216 4047 7752 7485 7755 6786 8206 17269 786 18805 13784 9735 18427 9465 13146 445
11285 13511 10275 18495 3866 10858 6824 15593 4932 10234 5072 7289 17809 10048 12502 3681 8619 11397 10931 6287 11177 18789 9379 6057 13488 9785
13794 4560 10906 14072 8870 9989 10909 14979 17837 3684 2028 2906 7858 15454 4207 8444 6369 14223 3243 8285 8698 13849 16953 17057 14914 12386
8980 18911 4343 6238 9128 8805 18147 8586 11944 5538 15246 11684 3726 16540 440 18935 10895 7094 13897 13780 2954 5530 14858 1219 15242 1557
8771 5141 4886 8104 13399 8817 3411 18900 6105 124 7185 520 11355 81 9534 993 5398 261 16828 2212 10268 16095 7520 15908 50 17196
15552 18546 13285 8586 2679 5553 3486 702 6052 13937 6126 771 14676 15132 12895 19151 12231 14350 543 8404 11097 1606 6059 4741 16056 7675
11011 18917 1732 19831 11754 499 13701 19184 10342 9130 9656 15873 1533 7515 4198 10020 15109 6110 19822 17981 2748 16696 4282 6031 658 12190
2063 76 8309 11419 17515 15751 15773 3847 6162 14529 9548 2321 8549 3893 5119 16209 8580 3085 4883 12566 12155 17466 1627 785 14635 16659
8980 13473 14617 6719 19401 15825 19989 3416 1411 8102 17344 19240 17740 3472 3623 15833 12135 12045 17678 9135 8997 17983 7358 13873 17525 673
17257 1918 2227 14611 10597 16207 8085 19281 11322 16865 6151 18320 5127 18533 15326 18987 14559 14031 12276 15364 6492 18096 9003 773 8275 3356
8033 17562 14261 16880 15646 4717 13451 14967 4702 3680 17511 8074 17727 8607 11954 3215 8861 12093 12671 4020 18415 19881 9886 19767 16682 18946
4558 411 10790 14862 15814 17160 8038 13480 14751 14023 11493 2620 17413 8100 17352 12503 16840 7083 6613 3577 468 15121 1893 16318 11439 16114
9889 19586 14660 18451 14959 7401 1434 5352 9380 15762 5852 2348 16550 17303 4378 697 1786 7035 3404 18620 3139 1638 2778 11644 9210 7622
13092 8506 8231 16659 15553 8456 8045 1682 11451 1371 6842 8773 11135 13050 467 16284 13561 1440 14464 17128 17428 19067 7895 11235 2350 16201
19135 18000 7946 3406 902 16466 18446 6467 349 2694 18418 16405 18190 13876 14512 14555 17173 2298 9648 6752 18783 12626 2960 17799 14853 1230
11618 17993 4495 2921 19669 18416 2602 16962 7151 18231 11402 14372 10168 10571 6519 11891 19296 3899 5098 7386 2055 3592 19139 14407 9077 4430
480 8120 1037 2287 2353 12468 2180 17824 4468 18711 12661 3480 11055 10333 14166 10451 12782 17967 10944 3107 7138 2738 13380 19305 878 8906
17842 10033 3609 8189 15283 1987 19150 4147 4709 5999 13885 16233 1609 5708 16961 15431 1586 11655 5394 9606 17963 1616 14979 3076 16532 12515
10664 7969 13117 8310 15946 18206 4402 3239 5004 784 5829 7944 19838 18776 12908 9649 679 8613 12309 7592 12924 1521 15648 9528 11240 12921
8859 14908 9691 8618 9053 2422 9218 601 691 10738 7457 1106 6419 18317 18993 15768 15165 244 15152 1849 595 884 1893 7275 12176 12468
9605 2007 16206 5760 5137 1482 9720 6774 2981 10403 18629 1353 9826 5990 18454 8289 8327 1908 16170 1957 11021 19918 4035 13479 1447 14361
19788 1869 8319 14851 12801 6973 17909 14492 19312 2468 14539 12878 4969 11884 14642 3102 3603 15092 6540 16867 12490 17300 9180 9954 6638 1395
8660 6595 18235 5817 8285 11089 10656 2396 10539 8797 2331 14402 4631 18983 12685 1476 8768 3048 6209 1135 12361 15951 18810 1757 1861 13722
1439 7991 2966 10304 13232 7428 19933 16985 9293 16913 18198 17575 11925 2652 15092 5904 17004 13437 7717 6558 9096 11249 4702 7520 6057 7727
10849 4090 304 17792 2833 19136 6430 16924 17627 9125 4786 16106 1531 18390 12152 7553 7335 18365 8827 10290 18989 12321 17718 19881 11746 3713
2329 11671 17040 11987 18564 10709 1243 19317 14302 15583 6205 10654 15255 9130 13769 5880 16447 16247 44 13952 9862 1094 6211 18035 4775 5631
2292 4594 15799 13320 6402 16836 10129 974 8063 18954 12091 13111 17978 2838 7522 4464 16752 13183 14215 10965 18747 2905 2240 10534 19076 17561
18287 13107 17807 9777 5454 13899 12341 15465 14055 10358 17220 4163 3793 11511 14428 4682 8472 3950 15563 12791 9693 17982 19261 2802 11337 6720
17186 1587 16872 15901 14331 11101 10894 604 3151 19091 17987 7198 15310 19985 405 16061 12996 13915 9129 1013 11867 8404 18925 16072 5487 17006
15538 4745 19646 13627 4235 7018 16028 14503 1565 5610 18171 7384 1777 4682 10655 18280 15864 15862 8783 9211 1034 11622 7728 18255 14390 15586
12231 7380 16619 3176 2089 2253 9018 18745 4225 13265 15620 6090 5471 8071 9908 7379 6169 14981 2896 6579 4487 3285 17732 12396 14149 8493
9793 9651 2792 16867 17858 12027 9892 18714 3005 14108 7430 5479 7321 373 9035 7286 17277 14787 3929 16329 4773 15209 11031 6208 14861 17314
11768 8138 12689 3170 2150 2207 13776 12147 10181 957 3427 11538 16008 10980 12058 14477 6010 434 2322 17921 19720 13624 14440 6770 15899 8610
5107 3765 10043 8746 12585 3394 2923 17943 17370 18802 17810 17827 19817 3522 6621 11106 14019 14529 4619 2337 11493 12211 404 506 5255 1588
12713 6097 7842 2039 17021 18942 8817 8431 10105 9752 271 2205 6689 16394 2836 18139 8672 17610 14967 5667 3107 391 9593 2588 14332 15245
5777 1988 18669 9733 10441 17603 6596 2647 12359 9276 10860 5382 14526 7866 5114 10446 2238 12272 14795 4502 6518 9586 16250 18136 10075 18498
4938 7851 12889 5419 3611 8158 8943 13351 8932 8406 4908 1602 16966 8000 6835 15394 10389 14187 10213 2898 5456 1934 9221 19967 4626 15128
3219 11833 2702 5059 4592 16230 1349 15590 19734 19720 15861 8652 12312 18009 13825 11870 3523 6133 8508 13000 14015 17720 17730 14414 9725 7512
8566 1583 18275 855 13522 391 9814 13476 8878 10637 1679 2251 12018 2280 4448 9549 5723 2319 15598 2535 17328 6904 4464 12476 2991 15827
2873 16569 18724 8524 10623 15579 18087 4939 13753 16241 15408 2135 3819 8423 15661 11563 16473 11474 18239 1732 18743 19315 12073 12029 7829 6650
14268 18336 7542 8782 3172 6400 2666 7235 2385 12320 1549 8811 782 11444 6958 10329 10183 10898 6021 5962 1663 18268 3976 11178 7329 18785
6300 14071 961 13768 7173 14998 857 10251 765 16560 14864 17924 3097 6720 10290 19224 17923 3274 6936 16704 8531 3137 9515 5646 19202 9732
11604 3717 4811 8324 695 15844 10664 17864 6032 4617 2381 13931 12162 11152 12136 3192 4800 18609 2568 12886 2602 16700 10398 15505 7125 657
4465 12296 17180 19961 1133 4866 8720 11666 6433 8633 9934 18321 13578 15889 3199 11641 14910 7357 17273 13833 16409 8904 17965 17260 15590 5038
13456 5808 12649 15233 2626 14696 12417 13865 10785 292 8034 3169 14765 7942 15922 2768 14242 4496 1582 4832 2733 10705 9234 10781 17425 18455
6416 8441 14001 8621 14452 834 4825 3240 4917 5087 17868 9580 4233 12734 4197 1923 2015 17058 1774 5149 4961 18246 6595 3370 17296 19015
10086 10367 2131 1863 955 14923 16530 17861 2806 16361 17826 10421 8626 1391 9937 3816 5099 15122 18497 19773 13302 19858 19707 7131 2180 3173
19 4862 18220 18554 6267 13308 9033 4852 13449 7908 14916 3030 17099 12875 12028 92 7688 18303 18611 18531 5252 5308 11085 2578 3402 19560
16436 16553 7290 13423 14518 1800 7644 19009 12003 775 14539 17323 13251 18276 3705 1751 15864 15702 5161 8609 10083 4813 13373 2279 4274 9607
13145 18215 18021 15596 9779 19863 8935 13953 6630 8711 3538 17223 2696 19013 11763 15038 14826 16320 14278 12717 17083 13646 12742 5598 3359 7884
15977 2009 10789 16361 1425 6004 1434 5634 19077 15313 12633 246 9711 16014 571 18764 12121 3550 18671 1605 8741 5352 17062 1871 13836 3017
17407 13961 1051 8390 7892 9658 17459 18806 4444 5161 16021 807 12280 18127 19244 8402 9495 10705 6906 1460 12243 2306 1121 5171 1193 3852
19715 11442 13474 10924 18453 18692 18365 17229 16427 4463 10240 2694 12469 5187 9669 11061 18343 10473 1229 11159 15681 11796 4201 11084 15777 32
5401 8245 1138 17220 376 19731 3273 369 6672 14128 9162 9907 5073 17434 9608 18464 14067 6887 244 9845 4815 7680 11130 5870 18516 17676
1644 8042 14028 174 2663 14638 2659 2370 16276 8451 19289 14361 6750 19894 14452 18091 7099 5735 18506 2787 4237 11844 19711 19475 6793 15745
17192 19067 9610 17000 12096 3744 9078 15270 3573 18941 15782 8740 15274 9583 15909 17910 3693 9139 18424 718 573 7134 11812 11904 4523 12670
9718 17577 17594 4954 11879 17421 3010 15448 11651 11772 177 16548 943 6405 8294 14132 1973 1086 17846 8181 1822 11821 12558 17395 158 565
4476 4053 2302 2750 5553 7041 7864 19115 12742 17000 6248 15803 2241 15226 19369 16803 16926 18521 3968 10526 9223 17962 3029 847 4526 14510
10560 5059 17610 11273 10835 16242 4501 14830 9008 6559 14015 263 6575 9563 1619 18768 13315 16054 882 4331 19040 4368 12930 2576 14208 6640
6601 12606 5196 13739 19806 12338 19924 10578 6015 19163 5480 6225 12670 18074 3886 17581 10798 8538 19073 4622 5065 582 16139 10000 18824 14155
7150 13004 12850 7606 3636 17617 4579 2434 9999 11676 4428 12805 15064 3509 3016 19581 11539 2117 2731 5393 4028 19247 1970 1834 19142 13450
17333 3949 11727 7396 4331 13043 17246 18398 15054 12551 12290 7857 16291 14363 17185 953 13335 13468 1174 13164 18064 11059 4942 5538 9127 17232
3132 9836 18004 15436 1392 19616 3201 11894 12634 10001 6500 18950 10518 4680 14406 2021 14548 6727 12705 16006 28 16016 9457 941 3642 3595
4246 4318 18609 16329 7302 2241 10900 8914 17736 16620 5750 1355 3285 12903 10998 19033 19038 17141 3528 16380 4003 2243 8770 7771 9875 15218
15252 10727 7331 3452 14375 5149 4994 10680 2761 10262 7724 17069 2642 9188 3251 18464 4557 1320 4535 17989 6566 15519 5493 4606 3856 9536
14712 4561 19200 17448 523 2928 6776 14284 4963 11346 4062 18510 13355 1659 11307 8930 10496 15924 12585 18735 9892 782 15000 7617 15628 6822
10970 3250 19230 253 9029 1669 12179 6096 1731 1672 12066 13122 4730 18596 16147 12868 660 578 15591 16307 10521 8190 4339 6112 16736 4280
17576 2676 10937 15550 4229 12643 15632 2674 8507 5212 2374 4505 6205 7245 1719 17959 2298 4579 12946 12858 4575 16088 11850 1444 10085 7363
6953 8223 3829 1638 5407 16808 8302 9149 11036 3633 19234 3973 16082 14428 19106 4821 12863 4100 7322 5800 11478 1234 16235 1919 14498 599
13499 17507 11933 6562 14868 4326 583 10177 3534 18890 9269 2733 11037 18758 11494 10386 4877 12854 10901 4400 12556 10972 12103 4675 2447 13845
17494 19713 9578 3924 16935 9446 5745 4229 17373 975 8903 8138 19655 15817 3953 7152 4768 13146 13774 18433 5704 19192 7736 19666 6763 13498
19315 13822 17807 12093 12362 6858 9118 15830 18757 711 5232 10884 402 17064 1667 12190 4976 13 17167 14121 19910 19277 16591 17000 16207 5336
5199 11291 18693 9528 2782 3080 11076 15113 14044 3185 9065 19364 11783 13148 17228 15124 18325 1491 17405 7844 11245 16378 11203 4459 16155 8612
6323 12438 19935 11730 9198 4423 2727 7829 2863 6170 15822 9541 8978 7898 9913 18331 1103 4671 15085 17176 17174 17410 8466 4418 9138 6470
4687 10182 15804 15706 9392 3546 5643 5336 2799 11423 19162 10045 5948 767 17715 11766 5768 1545 1106 3371 8434 12434 4311 815 18332 10273
9016 8436 10551 7408 7848 10996 8648 3970 19138 7333 6981 9661 18397 7458 15678 15810 15622 17989 13309 5084 19796 19134 7095 12514 6314 7989
6924 7907 8905 18387 15268 6370 19120 15245 6490 2494 529 10443 10436 1593 10740 14384 7794 19998 697 18517 10871 1238 12302 18641 11166 2811
16480 883 3881 2194 6492 8554 11262 12358 16127 12797 1620 6798 15565 3100 18028 11372 10630 349 17478 17177 11336 11290 18648 11726 2229 19004
4300 10187 13573 16744 11095 12978 5063 6816 16124 5585 18891 3393 7403 12772 9910 17148 17330 8492 15897 4068 12994 4625 19632 1688 16766 13756
13962 14215 18322 12261 7663 17450 10919 7787 14719 51 14088 1049 481 5750 9973 6949 19043 4531 9245 2857 6707 13861 11013 15474 5538 11476
15171 8723 1014 7355 7746 962 14389 7495 17612 8526 3098 8138 14333 3330 15347 6698 6851 8102 3264 8823 7894 6792 5316 5230 18419 10753
2473 3622 14036 15834 14010 9173 3751 14246 9194 13172 12120 18041 14751 17049 18279 17369 5097 5756 16611 14707 13940 15934 13914 6551 19747 4805
17114 14193 8601 5373 969 14731 13866 1890 11516 11276 13353 533 17687 13269 11590 7631 18007 6545 13506 13454 14310 11526 3197 1875 10457 2751
7656 5455 8580 13514 1916 6049 3961 17188 7935 2522 4730 13970 2438 1530 8811 4475 10253 2503 17066 17750 14578 216 9826 11154 1530 1561
17947 7611 2440 13876 9966 15894 12462 17194 12543 7638 626 338 3790 8024 19577 7574 8878 13094 13662 18494 7082 15747 5138 1957 7991 1024
14523 5771 8816 18558 17751 7190 18145 11091 18984 16469 7223 12676 6376 9403 2507 6566 1083 10655 8062 3172 13282 11437 3616 16599 3892 3555
5900 9513 1013 12706 14232 15344 3033 14739 19690 9098 2406 18984 12356 5131 6961 7674 6125 3995 4159 9072 1841 7289 3898 12392 13767 4945
8396 15838 18272 13886 8795 6459 3888 9097 14562 16883 7772 4550 7156 19810 17056 10184 649 16185 177 9095 19420 1625 14902 17133 11763 8339
11062 6159 8695 19143 18831 3987 12899 19037 12210 6387 16985 11714 3139 11942 16446 8409 7784 7844 14107 14190 10767 12953 15182 906 13357 10235
11446 6639 2983 12011 4604 5714 2092 11006 8890 18737 18262 7216 2880 9641 17312 4098 159 16356 11578 18259 7295 10959 13832 5196 15792 15229
18804 16339 8108 5069 8992 17033 8681 1793 6992 10926 13727 7327 3387 19598 6293 5595 10455 8346 8943 19347 11936 19579 18973 15231 17188 16772
15381 12383 19530 17191 1672 16516 14438 12217 7003 19725 10078 15099 10023 7933 16275 3643 2323 18764 2628 13189 6486 12253 9687 18215 9907 16741
10325 19207 215 13035 8366 18189 4908 19923 8077 12041 388 11174 17352 5101 11949 12477 17445 19182 1724 11576 18454 9536 1601 758 7019 16856
3520 15629 10914 7374 1627 17663 8657 1710 79 18655 7846 4334 9777 3456 861 7094 13373 9820 13853 18836 4892 17686 2366 9324 6304 14139
19619 3238 16369 9199 19258 5264 1338 3193 16180 6675 16635 4023 5837 308 5602 16699 10851 17775 16507 16911 17577 5533 18762 16174 18179 17095
16762 14094 15240 11033 11386 9418 7207 15746 12124 91 9691 7981 2055 16752 1585 13479 4478 9073 11267 17542 14119 10420 17155 500 6549 18286
14513 18448 3613 10935 9564 3314 9529 6587 3210 17929 16224 6070 15734 2216 5500 13843 1578 18937 1934 5199 5902 9810 16642 332 117 13017
15152 8829 7524 3206 17329 4423 14127 17058 11992 4959 3179 964 13681 16811 13033 2389 9614 5225 9182 9272 12148 15892 13554 4957 14281 17121
16260 7764 5463 3379 2927 864 5423 13264 8607 13012 18897 1206 391 10363 18603 8207 5829 8685 17812 365 12541 13128 5473 5492 12382 8850
1187 10253 825 12270 16595 8078 2328 11714 2122 14157 2812 14813 4621 9751 7775 6427 5231 19029 11293 11921 11639 2282 6936 15715 895 6808
10895 1570 16679 10212 15252 19894 9693 8835 1220 6460 6665 15516 5812 7012 3566 8471 19848 8417 18606 12332 19889 12850 6806 6909 6007 9273
18199 15651 6956 9241 17768 4353 19079 14112 11123 6930 10240 15504 17092 10390 8950 14643 18243 18175 4025 15724 14262 13835 10027 12275 18510 12897
18154 10609 14234 17644 11951 16260 16783 8521 14392 7125 15354 12759 14610 12570 2487 18905 2364 4200 3961 3678 16657 7161 2384 12316 17648 13326
4963 10646 5578 347 6085 757 13232 680 16713 5522 12258 1160 6586 10150 4319 19429 3626 2257 15648 7518 13886 2968 5824 7238 8322 10171
8599 15519 16963 17033 1367 10194 4828 13098 6380 3067 9594 8484 5899 8836 10689 5341 7500 18790 6425 17941 4015 7566 1455 8584 2592 1483
17669 8105 19711 6307 1107 10940 639 7465 13374 446 7549 8367 11508 17100 5581 4127 11187 7819 1133 13738 19346 7813 11727 3269 1413 15013
14372 4739 15733 16139 17474 10896 3350 7950 10770 19564 3372 1543 9435 12077 11603 9386 17052 9018 9334 837 4425 10215 11929 11372 19367 8784
2062 2193 7351 2486 6747 17909 14989 18040 1346 3493 2629 8546 199 15394 7 11547 4003 3555 17672 1224 8198 13363 3701 15845 12752 1791
17976 14131 18534 17570 7155 19 6824 11911 6711 5202 17051 19899 16939 15448 399 3646 16796 16725 3854 12239 8296 3109 18802 11619 17631 72
1782 10633 2401 1099 1796 3937 1529 15994 10578 19757 612 9043 19773 19431 10845 14937 12085 9814 18374 9989 6956 7163 19158 16437 7479 12877
17133 3898 4516 12766 6947 1844 12943 1003 11294 111 18821 10154 1024 12264 359 17584 16366 10120 19008 12895 6623 8171 1987 15142 1033 1475
8984 18239 446 3262 15161 19593 13817 11047 10835 17362 1437 12394 6132 2868 2870 3473 15235 1462 19836 202 16700 8319 8545 1648 14881 14464
18363 473 18942 8109 15945 8363 4867 13702 8079 1722 12000 5376 16692 19599 18260 8309 18905 15463 4681 2121 17326 3712 2072 6341 15903 5576
11269 5960 17346 623 10303 14287 8224 1550 17072 11930 881 17878 10635 2575 11529 19372 19426 8692 10503 7396 13263 15197 2585 3309 18313 1545
1088 6287 1594 8375 10088 18627 7613 6667 19883 5841 13317 18615 7803 1559 19012 6383 10253 9914 5112 19893 3708 7362 8111 9773 10925 8864
12257 1775 2085 7100 12583 9552 683 4438 2812 8611 5206 10442 5212 10554 13069 17213 4573 12842 18638 6632 11450 19513 6767 14902 5744 8435
18987 18452 13769 16229 4181 11928 5096 1821 9513 5524 1326 9014 11646 10660 6351 6961 18451 10763 12630 19324 11090 4495 610 2867 2664 12406
1365 16373 2612 3713 10293 10245 4758 11080 14069 18009 18053 7374 2444 13162 5666 7570 9277 10822 8562 11228 12077 909 5671 13774 19142 14292
9861 8414 2086 13744 10126 1698 7776 1644 122 14468 11305 8974 1693 5732 11623 14302 14443 648 8051 15354 1986 11346 19642 12857 1324 14723
18512 4776 2360 5084 13442 18335 2829 19931 12912 5970 19104 17709 6117 15086 8940 16071 2149 697 9313 2952 18485 16882 2138 4639 1902 18350
7518 16513 6326 14698 4342 732 517 7179 11441 12640 14083 3976 7810 5895 18975 12011 17073 10210 13036 11553 9096 14833 10756 10385 13274 3708
18665 16473 6240 13085 17873 13892 19785 13833 5437 14409 17441 3427 6521 15921 13629 4341 11510 7771 17401 1186 7045 4228 14290 9488 16444 17807
8175 17300 19527 2377 9262 6873 1642 7194 5908 3112 2821 3980 9675 14003 7577 1732 4835 1021 15251 1147 4055 14240 18228 15357 4848 10620
4280 13225 9977 8594 15405 18167 6134 14085 1416 9724 8798 16012 6485 9806 7357 15374 696 7484 17239 1131 8230 4761 6755 8860 17711 11373
18170 5705 4921 5252 16516 408 13286 14956 6123 19278 18914 11946 2484 4448 19862 2940 13983 10176 5839 3523 15911 6202 3981 7064 6654 6207
14360 11770 2576 17843 15614 4619 10231 16457 6155 8252 4570 2388 14118 17790 1797 9575 19817 18202 17612 14319 18803 18176 9389 17698 9661 7861
14577 7120 18893 8421 18616 8910 1368 18221 4500 8661 16934 3826 1548 12151 4817 4743 12310 17487 12634 17173 206 2087 5368 7902 8438 13666
19802 19792 13506 1439 6507 19511 3492 13412 7930 17048 18522 15692 8911 5498 8467 17585 18860 11815 2141 1135 7647 19771 7042 13347 12680 9731
9863 17212 8936 2879 12408 19767 14310 15297 13062 1069 5563 6619 9464 16063 14676 10620 19326 1103 14418 858 4037 18739 8158 16985 17011 19846
164 12205 17759 9285 7905 10944 3564 12854 3868 7700 3175 3834 17975 10925 19089 9333 15366 2532 8018 12046 5739 16271 12688 6321 2369 6523
488 5964 9499 14268 9653 11414 14339 18519 6591 17920 9233 15418 11063 4756 8179 10525 10110 13243 4802 9915 5174 8037 4972 17099 17978 19246
12437 1856 10249 2890 8495 3991 16240 9956 292 1820 4901 14327 16617 2573 10345 8575 15052 210 9348 858 5428 4459 415 12050 9679 4948
14169 1788 1797 4547 4522 10303 13551 7881 1996 2701 5629 11553 16547 18456 18873 876 11263 3422 874 13378 14468 4991 7930 6302 9467 14041
6952 5413 9272 14806 13550 16828 7636 1355 15281 12729 12188 19859 9717 8291 5484 9441 19666 15753 10370 7345 13675 14667 1350 12717 5086 13787
15306 4067 4683 12255 15925 10081 16349 8836 10190 18972 8331 2828 573 7928 8177 8546 19799 4715 1417 6520 16239 1244 13314 18555 2365 2063
10004 19446 1117 10138 13939 4680 3688 4304 14608 3357 19419 16157 12876 15092 19021 850 15483 15661 13086 13368 7709 5383 6634 4362 13233 240
4899 8109 11617 5271 11889 7393 16312 10911 18000 2146 8611 15651 14787 7202 8957 14603 14388 2438 7277 17460 1822 16663 13840 3721 3811 16286
1165 10631 158 8264 17720 12132 18675 13500 6843 6323 7302 6935 16516 1863 11600 9214 233 16588 14057 11004 5925 9842 7749 15025 3072 14707
13920 5969 8085 15137 364 982 15240 17824 12925 1009 11559 14050 4321 17916 13365 1602 10286 19056 16944 844 13291 13721 13672 7469 1287 6150
6971 4935 11288 10039 7254 12416 7516 5822 26 15495 5626 18483 16942 17712 18467 200 4044 13292 12960 1423 13272 3877 19588 4433 7179 3399
17911 16204 8673 17253 16167 9116 1694 10413 15843 19380 4553 7424 13250 471 16789 4892 3293 5356 10811 1901 2333 9197 12206 18141 13936 11924
10497 3595 12088 14422 4238 776 10470 5493 1855 14096 19504 7714 10012 2261 7397 8299 5836 13187 17905 11344 19436 11986 1619 11604 19474 10953
13323 10986 11604 1669 393 16245 12001 9011 2985 55 15428 16351 8613 5702 5477 4655 4116 17388 12552 2366 19171 7778 15232 17123 12315 6420
17680 9686 8266 13756 8204 13219 6882 16727 19700 3168 17140 12169 7864 11810 15471 16413 14578 3054 10695 16831 7561 11591 19647 10803 10908 11909
6472 9643 16306 11295 18942 8642 11747 4204 11747 19276 1724 1582 11092 8141 1646 2924 10355 9060 1081 13133 6374 17773 7280 7451 17650 5259
5704 12380 8770 16096 3017 15396 16851 11152 3925 7104 1726 11812 2059 15683 658 16961 17107 3113 19897 6864 6412 8835 11404 2375 260 1049
4824 14392 6439 19081 17430 11229 13161 9699 2338 15222 1865 8021 15807 13070 19316 17854 14561 5664 6107 522 19820 16509 3139 9318 14858 14141
8856 2595 11049 11006 15260 13025 19857 7990 2045 6975 15329 14849 15726 8480 14912 16720 12072 19222 8740 12426 13823 3944 19977 17468 1142 10340
8810 13009 5722 4092 12282 9121 783 1053 18841 19220 11896 8378 18283 5162 8453 15271 13461 6370 9548 636 894 19703 6250 5243 14237 1365
10139 948 14539 8963 14482 18226 10847 3707 4009 1788 11268 11128 2544 10701 1179 4779 3788 9083 7783 16404 13907 9441 14593 5188 6448 5706
15480 17439 975 10466 6840 3715 9645 8586 5840 2359 6737 18927 11175 1073 4695 372 18603 9384 9789 3853 15169 16887 15481 9064 4455 1443
17275 14423 832 6373 2173 11100 14599 15538 15042 10799 6968 607 17032 5250 5247 1340 1710 9157 15195 15713 11933 14884 11619 5380 12751 16454
389 13555 1851 4755 16647 16272 3110 15821 17883 11610 3738 16266 751 18760 680 12648 14486 7124 19454 8813 4260 340 4265 12719 17868 14857
10520 19807 933 4341 18552 13610 11967 3833 7739 6042 10073 10291 5905 11760 11674 8523 10835 10505 12918 8148 4813 1362 5845 19007 10520 19298
13894 1480 13397 13945 15459 6261 6914 14615 2496 12320 15131 13897 8535 17194 17391 8792 8878 19498 15731 6641 17166 8865 571 12067 13877 2472
304 18214 1716 18588 13486 8178 6859 10344 3938 3735 186 11559 15208 7424 3608 11129 10685 19366 12771 7486 2015 18441 9168 17879 285 16058
8635 16412 1849 921 2558 5038 13766 4245 11593 513 19964 18397 18953 14639 12161 4630 10041 17655 5641 11490 19519 12559 6680 5339 16988 5809
6436 6429 14492 2929 7795 17242 1775 11100 10093 8453 3026 4473 354 10568 7366 13187 1925 1388 3471 19993 853 7514 16922 7301 6734 17257
4493 17629 12775 17777 12684 14696 9373 3833 19688 2835 19803 11811 19565 13917 10582 3165 2637 6905 1885 13867 2130 14955 6429 867 16641 6856
12791 59 16880 19543 2665 18198 9661 7562 16270 5179 19011 1490 13542 4854 5805 17485 17202 15851 11884 7003 9928 17928 8965 16722 15397 3704
18155 7403 7130 6138 1448 7672 12404 1169 8087 2789 17578 1926 8861 13341 18841 7602 16831 1530 8753 8571 415 12699 7028 1178 6011 8289
15336 1271 16976 11017 4398 17860 3847 9979 19355 15830 11693 19076 7956 13068 4098 11499 5788 487 17823 19502 10540 4640 6135 14067 11574 693
6181 19673 1402 3385 12193 17927 13013 18162 5774 7373 3330 19784 12621 15913 38 15499 1931 9868 12950 669 8966 636 13333 3312 18303 4882
6993 8345 14747 18315 9446 19778 8049 15516 916 13726 18309 12033 14602 12620 10274 9537 13587 6056 5845 6218 8741 15357 12053 11890 15568 10633
8764 12679 7467 12399 9551 3769 9518 15260 12376 1239 10433 7838 4361 16014 6888 1460 3631 5968 193 5364 3993 13865 15282 19921 5113 6195
14694 3205 7761 18374 3981 5371 5117 15236 4078 5894 4366 4344 19939 8841 2601 2088 10730 1871 19419 3196 8910 3146 8406 1567 6226 12731
19516 12085 16146 6921 18875 13086 14028 7629 5105 6620 8656 11379 18925 3220 5550 19755 4720 10878 9969 19186 14299 10303 1861 13981 19057 9602
3043 917 8866 3763 19567 2278 14815 11544 237 19836 2728 10352 9810 1589 15259 13032 17514 10802 1302 8610 11104 13814 18137 17428 19513 1710
7637 2201 430 6104 11245 15296 9833 19278 5516 13728 6785 14368 16476 3769 14848 13822 4764 14617 15853 17715 2295 8256 1273 11537 9338 11241
13844 1182 17947 11284 5735 9549 16320 9264 8920 19448 12559 2558 1575 5590 18756 14678 3522 955 18975 4487 963 4883 631 12216 11372 18250
19961 11256 8426 17756 5300 2788 12366 4981 14645 2206 17023 8592 15571 15764 15436 4271 4153 3253 17184 13975 5879 215 2226 13308 2305 1855
5657 7414 8655 12271 4108 653 1720 666 6925 2360 17326 8670 10618 15213 3053 14748 19865 5020 12684 10456 16630 13853 1389 18253 4305 9314
8946 3514 12055 2514 17996 14587 7944 2208 18564 11598 13812 7159 17535 19607 17363 6798 17123 7563 6711 5062 7677 12349 16171 10974 12347 15762
4192 6234 4477 17182 5113 5006 11651 3502 379 1505 14324 3638 15021 1446 3106 11147 15078 3712 19473 3499 8135 11674 19732 11355 16058 4789
18218 5441 1733 19175 835 18329 5619 4078 2393 5882 8493 6274 8124 6575 6472 6453 10393 15941 4470 10666 16931 17804 4300 19846 19526 9438
9311 1364 10489 13482 6265 19922 5138 10876 12489 6959 19250 19254 19206 18408 381 9313 7284 12589 10080 16647 13439 14051 7420 3222 4995 18143
3552 3835 6009 1930 19806 17921 13599 2859 6127 6890 6554 217 12645 18237 935 10931 3495 12728 15149 9813 2112 11168 827 5576 4101 15715
12146 731 9819 18764 7630 14241 14355 7614 15392 16419 18492 7847 13657 5133 9084 7937 3051 10417 2178 7553 14521 12012 17233 4433 4690 12033
7392 6782 4358 16677 8250 7372 18727 19220 1304 1831 19866 17397 3135 1990 16440 4512 6090 10678 6116 14962 18370 4256 4434 16337 16338 14547
1710 16951 7559 3528 11266 14183 10044 9013 11682 17193 12548 16658 7508 11923 1368 8042 7845 17939 7732 12263 19016 12607 18090 13476 12153 11507
15898 646 10218 14066 5162 4000 15342 11461 2638 1833 8046 1487 4793 5901 19084 13808 1906 8583 19690 9749 11983 12803 4261 12637 535 993
7384 5185 5511 2103 8125 12856 1835 16678 12915 18011 6303 12346 2503 12892 3172 13794 2202 15297 18075 19715 15268 9210 17342 16418 17952 15172
7652 17224 2400 5919 18994 515 4650 9281 17929 6487 19000 849 3586 7499 10454 17154 19808 7748 7740 5041 12022 19249 17328 5258 9352 12005
10024 5796 18483 5932 1783 734 10805 18852 17239 14785 4728 10749 11997 6243 4083 14489 18639 17287 13090 11781 9778 1851 4573 11105 9827 14540
17852 19405 10734 402 9802 1355 16536 6596 2688 16737 8339 7002 8146 3165 13683 17710 4865 4531 10283 13590 16227 16785 19416 15696 267 14680
5158 5803 19421 4 5487 10523 8110 4378 15151 6632 17978 1751 7338 1637 9990 12470 12473 6075 9049 2386 1184 7853 2501 3183 5411 3133
3765 15159 18070 3084 3766 11041 10294 8550 4286 15119 12386 6929 15717 10767 15209 18453 11358 4191 19151 2593 12712 8496 16416 272 12665 7013
9956 6597 13330 2086 4411 15311 7650 13706 1368 6033 18181 10599 18009 8401 8814 15048 15794 5723 1740 8199 9050 5254 1029 9354 17195 9618
3521 7282 19475 11266 18342 4048 13074 1633 19642 432 19619 3968 15610 13080 11287 11081 5531 16119 14792 15368 12674 3125 10537 6833 12130 17508
1561 11663 14708 15880 14946 17790 3125 9889 1780 164 12938 9409 9085 9511 13840 14427 16999 14475 16820 508 11481 8871 7175 604 18437 7615
12905 4774 5241 4090 17780 16211 1168 12590 4989 2016 2897 15209 7793 19109 13082 12030 18817 12445 14602 12964 7293 1416 1913 16603 9246 4448
10715 6825 13478 4128 13038 3368 3283 5358 4488 11350 8812 7595 3858 541 7351 13553 18992 13962 19676 7318 19464 12 17264 19347 14706 447
10980 14474 4137 903 3673 4726 4529 16606 16427 18361 8001 8324 13594 2934 10281 5473 2719 8043 4087 13580 6596 11820 14792 8385 3913 7356
5542 11130 3516 15150 2520 9117 15595 6101 1832 448 15119 19999 9012 8607 6695 6549 4482 16528 739 16157 10237 5374 10999 10742 13328 4032
12626 13438 5635 15620 18870 1523 15681 8180 17240 4813 15367 10358 17769 2167 2403 17307 8687 16031 143 1889 13264 17902 13992 3449 4416 8110
16840 3653 18400 16444 14776 8450 4068 3577 2134 5608 2220 17627 4901 9501 17512 94 1800 3128 17943 8511 9483 8380 16504 7247 19708 2941
14847 17623 3594 12411 17572 16992 18158 16957 7956 13102 19434 27 13290 11933 11064 11908 18648 11998 8312 11597 16128 4314 4876 14896 18773 16691
16903 1240 9536 161 5033 19002 14507 54 627 9864 15879 10694 4677 11046 15910 7313 1103 1789 6969 15942 6876 4204 981 423 15673 3913
5280 11527 11183 8020 14883 15748 18616 6213 10781 2493 839 15613 14559 2216 16165 12831 11782 6559 11457 18786 17170 14066 12952 5846 873 4978
16203 12512 8769 8124 813 16059 5398 7496 16917 3979 13522 1536 3087 578 8664 18 17560 17055 2147 8000 7783 16662 15144 4271 9039 15941
4015 4791 7819 8319 12139 19411 5184 16550 19109 11396 9084 6810 19021 3954 1034 16162 19243 14516 12230 591 8478 19630 10053 18569 6340 1875
9882 9578 11684 5685 18931 16883 2895 4426 11927 5120 17735 15342 2393 17602 10147 2778 3532 7975 4950 568 12577 3153 8289 980 11131 17021
10771 10267 12583 6852 3852 12934 10886 19978 7809 13766 12213 9928 1791 7068 7746 18524 6206 2659 5121 3912 9264 5990 16760 13141 5761 10286
15271 18033 6450 9962 1313 4440 17931 11047 18822 2428 9038 523 13633 12580 14687 15995 13627 16683 17373 18891 19880 18909 8859 9880 6980 18126
4405 11121 15185 13945 14100 949 11036 9237 6797 18563 13121 9007 7604 7164 10669 17499 482 8053 15277 269 18073 18845 1207 1751 7823 13843
9234 15490 10249 19803 7478 825 15589 1391 6421 8261 4380 14945 2362 1110 6697 18671 18965 9295 14595 16209 10765 13765 11738 17420 14147 5462
3650 6303 19478 6556 13502 11124 5551 9928 7545 14990 408 17252 7333 16341 5931 6981 9717 19473 6053 1207 7184 11647 6746 17487 15174 13774
17535 13822 14586 8066 3124 275 864 11248 5561 17825 6907 14212 12329 4218 1520 17373 11469 15070 7288 150 6008 12496 15173 18386 984 10272
2440 16146 9236 10029 12464 19125 17306 15417 19070 19017 14934 12842 9991 13327 17231 1559 7201 16887 14530 3428 17488 13802 1606 13228 10714 9522
8845 18233 3464 16367 10856 12567 11742 3643 4749 17127 16495 2976 16200 3891 10918 2561 10263 6999 10885 4872 13111 13119 10768 3435 8512 1641
16301 7114 15394 6416 2049 17034 934 15842 4024 9208 16326 3176 7045 592 3940 15170 11166 11906 5944 14394 10003 684 8033 17825 7840 4702
5905 18724 5332 14356 5784 6171 1420 12915 4779 12389 9580 682 1094 726 13255 14961 17737 12432 5470 5636 5819 17073 1568 12936 6715 19490
14251 7556 1603 17381 11584 6324 9387 4421 8510 14291 14019 13835 2692 4856 5031 4012 17656 11134 1265 19983 16603 7524 11204 5591 2100 7687
3342 2962 7740 16599 2845 14275 17040 5374 14738 8191 18291 475 10532 6774 18243 17805 13587 18703 7655 8197 6021 7781 2700 8350 5577 4425
7127 14848 19882 15820 2184 16390 14993 16309 4429 15617 18643 11191 9872 2192 14781 14837 14773 5646 15310 323 1398 5302 1016 19833 3561 11558
14983 9594 11630 14402 4737 8778 16064 19183 7677 8369 11492 7680 1544 16064 4987 4386 4223 9162 19124 16858 8811 17614 16596 5664 3555 464
6465 6493 10797 537 2648 9750 10612 6314 11174 5002 16631 11565 10536 626 10556 10432 3134 10590 4776 2935 6670 4588 4392 1841 221 9265
4544 2668 18672 6878 18314 13319 8562 7715 19308 189 14733 1635 3253 1504 9028 2653 14709 8793 6893 3373 6656 13047 122 5872 13335 466
4613 3544 11461 3233 9989 5802 3207 1190 3005 7625 19677 3768 14054 4657 18135 2772 17110 13232 8640 12276 5364 17374 748 5497 1837 2224
12398 18188 2772 16608 2744 3743 8698 16082 14203 14444 12683 4195 14735 5284 13157 3147 12757 1128 19281 2200 13274 9373 18164 6695 15369 13910
16648 15449 5241 9775 3111 13164 2909 5089 7415 364 15279 5966 15848 2656 19572 2743 13574 306 3425 18866 6061 10301 866 9865 6104 5630
10386 3032 9251 7974 19370 15927 1566 11350 14201 13769 18814 19411 7265 9984 19226 10362 18550 15321 7784 15583 14399 16659 12178 238 5598 11940
6949 5 9442 4118 5704 10629 6980 8838 17652 4659 3645 9617 13790 10548 19953 11659 8918 10649 19641 9674 4443 14047 3728 9247 1788 7721
8445 16203 4302 6237 15917 13093 9673 15232 10925 7434 17381 2749 8038 788 17153 16289 3375 8269 7254 5572 16583 19772 14123 11238 16985 6739
11542 1518 19050 16227 1388 19140 8443 10501 6956 15602 12655 89 10427 10316 10601 14637 16991 17479 71 3785 17348 14083 11841 1227 7657 10990
17462 7002 8455 12041 4301 4649 2204 6824 18387 5533 19686 2631 10342 82 12637 1608 1924 8108 3089 3301 9797 10468 19025 1410 13032 132
6750 12485 9322 16472 3141 16228 4436 13715 1629 5859 17148 3064 8050 16509 3236 17912 1149 10783 15084 12544 9026 8891 15865 17247 12927 14921
14489 13349 16127 12963 16828 16710 18268 14046 8930 632 13874 9242 10190 3817 14428 2538 1900 13688 7747 8655 17813 13273 6951 3929 3198 5754
10860 12376 1289 1642 5302 9080 2608 19679 13336 8352 8580 8739 10917 11430 5997 18944 15341 1918 5910 11112 3011 5890 13017 16097 7633 10684
1609 19566 12002 18488 16308 2657 9116 17001 1345 1347 11216 10602 17668 8553 18070 5326 5953 9911 19105 14398 1145 11220 7655 9387 19472 19997
18256 8931 14134 4259 6009 13742 14161 350 547 17465 17979 11963 8461 17288 14396 16594 10149 12930 6460 2527 16863 8581 4867 9991 3993 18960
6231 3525 12647 5733 4926 16594 19062 4352 12832 18527 4230 2717 10483 2907 5169 15562 5882 8675 6358 987 11855 12207 1717 16420 11474 10458
18861 14407 578 11983 14128 8757 19916 15192 5072 15529 13967 2876 10801 17898 3465 16198 2760 19745 1034 5611 4529 11458 6410 18552 1750 5372
8702 17974 8252 5136 6125 14781 11583 14498 18974 10015 2179 12062 12151 12793 3647 11373 18414 12559 9486 8313 14079 9120 10623 2369 7700 7651
13821 18989 467 5339 5231 2784 13500 7206 14333 14203 1970 13286 16279 11480 15959 11370 5872 779 7054 9145 8920 11847 3541 19586 14445 32
19983 16362 4125 12417 289 4922 5516 837 13698 16919 11251 10267 17895 9108 8579 9730 13531 9169 5992 755 158 18021 11057 12561 401 1760
7387 2913 15128 12119 12175 19871 8049 14169 14950 3917 5638 9122 9940 8184 9138 14462 17674 16089 9835 18119 18954 13013 8960 7494 2309 12912
12184 7652 9317 16186 12325 3923 6303 15377 12352 12773 15045 1309 7150 19042 9343 13456 7017 9888 12977 1043 2250 10023 16969 7901 12222 5297
4007 12793 10132 7923 4389 1829 10098 12725 1844 7241 10192 15064 8551 3630 15401 7732 1826 2556 15044 18924 15901 11061 16281 2608 3950 15321
2372 7450 13289 8765 17602 1759 1863 5409 725 17847 15529 14848 1246 7197 346 18866 304 16470 5012 1404 2749 19502 11041 260 5495 3389
10371 17016 4301 10926 11201 2426 7821 16315 19220 12658 7221 15692 9313 12940 13333 6044 19173 10863 19907 18373 14225 6527 2833 5537 17787 9234
5220 11277 13190 17541 10242 18288 5815 9399 15796 5994 6779 2002 4065 1463 13819 301 9122 4349 10158 378 370 10950 5338 19128 355 8740
8672 8629 2135 18648 3595 8520 18663 18559 6055 9948 3545 14899 18951 14674 15635 11141 6251 11666 14672 2474 16906 19407 2637 18378 17396 18133
14512 4436 10250 17412 13457 4632 16825 17120 10260 17312 7001 13906 16540 6867 8829 12471 11873 1949 15000 17898 17953 15682 15563 11911 1981 14107
4802 17290 12311 12862 11435 1936 8751 19891 4626 5958 6228 11772 6703 5302 3801 8568 871 19316 19556 470 406 16643 13753 9637 4239 7175
3663 18685 7295 6610 4249 19019 1460 848 2618 18963 12432 14595 2863 1386 2635 1910 13710 16327 19188 808 13862 8967 11670 10585 17377 13055
2830 9431 11476 12587 17532 3720 13224 12765 15874 19107 1859 18152 3907 15474 12644 10680 14151 8177 9383 18702 19492 10869 143 18970 1822 5932
14424 11700 2730 2449 17584 11983 12409 2441 7147 4720 6932 3394 11209 17040 507 7936 16025 12131 4511 19463 6155 7735 5368 8386 5505 626
8015 10676 12121 2250 9031 1089 14193 64 18044 7263 13701 17561 18292 12239 16460 11719 1343 4545 64 19446 14174 15011 263 9774 15292 13552
4189 3514 832 5022 15154 12231 3071 19344 11674 15951 2825 17198 17234 8952 9835 12601 9702 16986 7401 13062 19541 9366 3378 15941 16457 18217
4400 6133 2204 6088 19473 17122 19044 19291 17952 1529 4774 19595 15318 14665 280 6599 8005 4122 3429 3070 13871 19534 4585 7622 1870 5126
3832 11326 18175 8411 824 3664 2512 5814 19212 15631 11820 5514 12981 13918 13340 9387 15838 14199 4605 16995 10548 1803 4009 1175 1390 9300
1398 142 1159 18855 11065 8916 11223 11031 6261 6878 4674 19913 13750 9852 16318 5732 16680 18159 18967 7690 19327 13005 18857 11349 8316 15835
2881 16854 2786 12614 4139 10661 7182 8754 5147 19929 14089 15310 8987 18318 9134 3513 15830 8673 17024 9329 17252 16395 3463 5206 960 4158
5610 3635 7895 97 4301 4106 15464 12985 13414 12746 9145 13298 19964 19748 453 9017 19 18842 7297 19687 289 9408 7244 18477 1042 12869
3733 17398 5998 1044 13382 13080 3163 749 14276 18181 13937 11577 15566 17328 12546 12007 17563 448 8804 7707 8855 2963 7739 11742 845 18917
6047 11589 6369 13211 18182 3955 1166 15040 18384 15190 16069 16134 8623 10221 12468 1070 18157 12831 17040 18403 10865 1205 15172 6839 9980 7894
18749 3188 9860 3513 10045 18646 7132 17931 17395 18227 14490 15025 1845 7959 11080 4791 4156 7595 15876 15623 4787 263 13131 14064 923 15826
4759 1888 9790 10779 15371 7173 13541 13881 17072 16752 16876 7680 13384 12688 2696 12788 13760 11665 662 15280 7643 6095 9786 1277 2730 16562
2706 12388 17688 6266 9071 8437 6246 3062 1004 11420 4743 371 19587 18227 4338 5773 18295 4931 14822 9961 2590 429 8165 16709 5580 2033
2643 901 17657 8424 11875 9634 9680 328 17223 4151 14440 9060 742 17006 2429 2675 17729 3398 18747 7658 3637 15620 10337 11829 1912 19277
9115 523 12413 16016 78 2744 9516 18468 3194 12582 2376 19127 5992 8815 1476 6977 7825 5008 15563 16331 14903 14231 16292 8405 14533 11941
1306 16806 7758 6417 2851 16071 12329 2696 3143 17089 13205 74 13790 8958 14720 35 7022 12796 12284 13694 8373 7241 8638 10503 930 16673
14499 2808 6473 7756 5992 1441 4188 17227 11963 16192 3872 3066 5484 18399 17812 1432 14576 1133 11663 9122 10381 17585 1372 7821 7872 15174
16741 15591 6381 17497 3863 1603 3082 17971 5999 13112 12078 6417 4409 11167 6574 8290 16494 15008 15355 1528 17844 2362 497 11241 2200 15141
16622 8310 12821 317 16131 14103 9154 8732 10316 1537 9117 17217 7383 2913 8272 6541 1039 6481 15653 11793 19678 14007 16149 1455 9871 697
2428 13282 4117 3798 2674 15530 12780 12357 16704 19168 8013 16118 17987 14665 7212 1825 16966 18089 6375 5604 10589 1283 13041 9702 1185 13165
12424 4002 6554 15755 19696 7322 13197 6469 19449 11797 19006 17685 2083 1998 13322 9609 13823 3110 291 7364 4241 12240 3223 15743 9730 14189
1460 1608 2247 4627 17900 14920 3084 7424 13324 5147 14956 8307 19310 18214 8883 9054 1619 5593 997 13985 17726 17595 17671 16458 17978 13479
7832 2663 19705 1035 15687 12216 17328 16008 18295 7197 6109 12257 522 2509 6075 19305 7319 10971 16013 4485 6716 19248 1382 14258 2860 9165
18577 5630 13895 15452 2743 17609 14848 13932 14538 15327 5829 7888 5546 9154 1051 10520 19483 8533 11727 2772 2018 5959 18552 3664 11599 17654
15839 9964 4481 17685 12812 1660 19022 13193 6137 16535 10207 18463 17700 6975 19928 2038 15661 16358 2608 18504 11363 5096 19131 12869 1292 12979
18113 3481 13999 8583 13512 6093 5159 10308 10673 19131 6229 2499 5322 13568 13204 18576 7684 19310 13921 18242 6440 7013 6165 7195 3794 11702
18615 7919 6229 10251 585 3583 10873 125 8269 2433 4651 7612 18095 12380 3274 11881 8826 6629 15869 16233 588 5912 12466 9316 15707 13858
18956 2887 6712 12813 5458 16098 3001 18710 5102 17258 11345 14382 10400 4202 11339 7293 7144 9040 4747 4244 13397 16646 2770 10002 6750 18807
5427 1050 10351 757 14695 2501 17293 2790 14856 2015 8581 19175 2443 4937 19414 11583 15472 5254 14159 2796 5158 3800 11043 6487 19063 11677
1125 8825 815 8681 14839 4342 1579 18290 11169 5987 13275 2067 1139 4537 17756 6262 16863 3503 8618 10632 4280 13820 17058 15338 13543 1169
8999 1561 6436 12292 16635 2836 5013 1578 10153 14936 5822 16191 7099 12374 5304 17591 17988 14601 435 14609 18625 19775 17678 9328 12005 1869
15674 10650 16467 14620 18836 3789 10107 5989 13331 19848 15496 14804 10955 15586 17483 10003 3244 17736 16415 15213 8817 15486 8870 19880 8847 11250
9033 2292 18858 16220 13598 6610 11472 1251 5588 10651 11190 14945 15940 14260 2354 2654 14152 15448 15731 15885 1979 13230 12668 4426 8741 17909
11295 8454 18684 13508 6652 9918 13217 16297 8486 7274 1204 18188 1096 14126 19280 703 337 18271 14134 12148 4737 4310 10957 9979 12243 2533
9286 9916 1716 8998 8808 10390 7257 3757 12988 5814 52 5211 17533 15187 13534 5735 19993 12087 7415 6425 481 11454 19226 6168 13103 18481
5004 12913 5629 13504 2759 6365 14419 9517 4405 15251 10827 6859 15557 7972 2862 18499 8784 19399 4006 1593 10497 13754 15437 11996 16001 12214
12932 12829 7377 14417 11792 4067 10321 15514 2964 998 7915 6030 1552 13436 419 6889 642 5142 16019 8833 4314 15356 532 18925 13535 2342
3500 11682 18681 6436 13514 9350 5217 8916 6845 14051 10796 18839 14765 16326 4540 4856 9281 6469 5743 12451 878 18171 11516 14680 9964 13901
5562 13486 3004 11055 12915 3257 17376 8423 9437 12155 392 9872 6547 13358 7630 3824 15580 6090 8875 17917 19938 8284 18833 6288 9998 4415
8417 14239 4391 15391 17062 16144 1053 1454 13534 12138 8292 5867 14355 19907 743 8068 17094 14965 1282 12008 18955 8849 4253 7292 3398 61
18806 12123 4390 15894 14402 988 470 6568 10598 18440 4360 8474 8265 18704 1353 15123 17752 19056 17267 13074 5291 4504 65 2244 4867 2852
17231 1419 11568 19731 19355 19769 12639 389 5420 8116 4125 7774 7105 19495 18254 15962 8588 4764 7037 9197 11177 10446 6339 3437 9710 15975
4120 1278 11647 19539 6355 1671 17883 14175 10987 13750 473 15239 17720 7471 88 7387 3198 1110 13317 5154 1222 16867 1115 17049 5800 16171
10612 18166 4360 6180 6012 1059 10077 5175 6238 3355 11890 5531 15605 724 2260 2790 14221 5735 1800 11530 7577 18917 14839 13965 16713 1094
549 16216 7767 8388 9027 4841 18775 6521 5632 11392 18739 11564 2707 6273 17132 11442 10316 1957 14129 18239 9893 6844 6107 2775 7985 14803
1920 10764 18261 7564 9449 2184 8557 10902 15646 13697 6292 19977 8862 8167 5540 18477 17229 8849 15471 12003 19541 5417 2239 17338 6366 9335
4522 6948 5088 10891 10913 10051 10185 996 8900 4638 15676 15269 11360 5638 17010 13114 3804 1053 14863 13263 10215 10720 12766 18697 19618 10016
15071 487 9484 6912 17631 13462 10959 12318 18683 3996 4478 16887 4766 15325 8912 16729 7960 1068 13559 3356 4125 8047 14627 10600 17092 19767
19203 35 2390 11114 7032 15106 11355 19314 7691 16191 11674 1976 5814 5580 305 10069 13708 19325 3329 6381 3461 5036 15750 19651 12244 6029
708 3990 19738 1119 17384 6171 7940 14828 5432 8138 11820 10410 14876 15783 11208 15681 14106 3266 11394 778 9172 3384 19073 17208 19961 8734
19639 17805 12850 14969 17835 6047 10712 12612 2376 9502 4863 10336 11400 14697 553 17167 16259 18905 2692 9953 1324 10489 9778 8166 4202 2547
11203 7410 7692 5790 6017 12847 5863 18977 4837 14332 2478 3853 13436 11365 14419 11231 11205 2258 6235 2100 4563 19138 18922 4711 13855 3703
7721 18379 837 11661 16367 18137 16356 11358 3991 11844 17012 5796 18496 11093 19913 19154 15669 2740 6532 6714 10676 4617 12430 13425 1754 14800
9319 964 6813 467 17041 18070 17094 16385 7176 6979 18889 8122 17730 11127 19180 2502 10065 4434 12842 15581 2804 19299 5126 15158 15352 17298
8696 611 16088 5474 5288 16393 11165 4533 7654 6240 11987 12590 17623 16756 15848 4503 8601 18341 3575 253 13797 14894 11229 10533 17184 9142
16974 14714 675 57 5785 14149 13730 6575 18199 18350 4323 5274 619 6340 13773 17184 14225 7358 19278 10142 14875 15919 2192 8438 525 9953
13682 9926 17979 3192 12141 19518 15102 3511 12932 16067 16565 5491 7721 14381 5614 16775 13531 6463 4777 4481 19638 16585 10971 9646 5909 1447
16169 5521 6078 19457 13494 6485 4369 16706 5512 1172 13745 11251 7999 7603 15710 16 7325 4906 17547 19750 15042 5709 4903 18162 5548 19323
10334 1704 9349 16268 13293 18761 10402 17127 17517 9244 3135 18736 1685 553 10627 9773 5132 11166 2865 1496 9212 9168 15439 4258 16868 7545
5852 450 5638 11355 17029 13978 6624 18523 8390 2612 12215 3403 12434 17577 2039 4530 10378 8998 5039 10737 13423 1607 10394 6855 15431 9467
6864 5232 16273 19683 11206 13351 9644 1621 18537 3769 8363 16019 8988 17516 9536 16727 456 5097 5284 15362 4731 2300 18723 9664 14161 12569
2756 19186 1282 17721 14914 15914 11901 6006 9889 17441 12021 15498 19518 9105 7949 19285 11284 2980 16433 1476 18263 1431 15106 19393 8103 7929
11127 9799 18536 13112 8095 3239 11269 6987 12188 15520 5062 11017 11956 17629 13438 2533 17049 14427 7034 17004 11382 8105 11016 2614 19572 14090
3958 12555 7808 9064 16697 17904 3624 12755 16047 13689 11857 19516 7244 17024 3034 10488 9568 17609 17241 12435 16144 3450 11812 5379 14702 1066
14222 17841 3387 17204 2579 9746 19785 17427 263 19951 5487 12460 6321 5078 1291 10756 5654 14603 2242 6056 3242 1344 7510 1972 3542 6661
12811 13303 12066 9732 14220 7550 7451 14910 12360 3801 14031 14811 14266 19524 16205 11931 1987 8045 9228 4639 16084 4791 12498 18265 1146 3434
4190 1961 5518 14959 207 5949 17622 8091 13203 10855 316 10142 19486 415 7324 4656 11716 10706 2172 1743 15624 15955 15750 13531 19563 1422
2437 3135 6061 516 14005 16298 3334 15051 17376 17944 969 823 9649 7892 5806 12585 239 12105 11447 15511 11304 12135 8040 16727 4312 12636
9657 14523 10180 7688 4674 9621 13300 19167 14223 3237 9169 705 13823 2856 17577 5306 19088 14349 6562 8184 19528 17606 8318 18410 10062 12811
4803 2823 6481 4358 18322 6591 4510 8818 8217 8403 12572 16264 2004 19757 3001 11623 13434 18412 1718 12265 18705 1194 17699 19000 8747 1661
5042 6503 10413 9853 1897 12080 3177 6362 6326 10676 9385 15684 16645 14023 17781 8266 11498 17538 5810 15324 2796 13150 8347 19110 18035 12091
2172 3485 11662 14835 3477 12476 13613 16063 6535 15386 3664 6986 17550 9703 11263 9573 16416 9789 6138 19523 18529 10753 8578 8653 6351 11751
11435 5560 5742 17027 17785 13032 1441 13159 14485 9612 4625 14775 15450 1025 18347 15568 7841 15449 2231 10941 12632 11217 17301 12241 12417 5588
1001 17641 2359 18011 1257 18997 17819 12512 5856 949 7864 5951 14168 12690 3495 6238 16643 17141 19345 13501 2976 3447 3113 13824 5102 18372
12066 4911 1691 230 18699 16947 3246 7853 10398 15439 16111 12586 2833 12789 6570 7776 10841 19087 4419 173 19787 8591 12655 9294 12137 18230
7350 17931 9504 1728 16686 3704 7407 15093 11464 17691 14822 6496 14124 435 18118 5830 19862 2024 8527 16059 2789 16048 8311 13673 6624 9715
13675 10464 9301 10868 11314 9937 2084 776 439 2061 15269 7285 9702 17527 19378 8724 9191 991 15015 1810 15576 10429 8182 5943 8822 1647
2097 10630 1410 13244 19680 14314 4028 7987 9547 12943 14359 2098 12418 2727 13041 5002 1278 16654 18163 16305 2927 15348 7609 5877 3917 14877
8957 6218 2417 3535 11199 11805 1114 8035 9869 4809 1927 7274 5024 6831 12372 15668 1229 13891 7189 19288 11127 9798 15338 4934 17154 36
13258 5985 9141 16766 13664 6048 10161 14070 10301 2525 19039 3988 9058 1122 4069 11290 17118 19317 9540 9909 14987 4263 4376 12528 17321 11983
12178 126 1884 17439 4360 17548 6686 4052 775 2114 11292 14329 7187 15431 231 13416 18154 1270 11641 11853 13646 2218 12350 8467 8862 16518
16333 10533 3521 18849 4602 16750 14378 17640 3019 566 17111 14208 15239 15004 16866 1227 13292 8165 1321 17818 3683 17042 318 708 14198 3085
13679 1583 4788 6066 18902 4233 18096 15247 4639 5676 14635 18047 18937 14524 9697 8189 5776 3478 13003 16761 14704 11823 12732 17244 6395 6396
18692 3 5221 18202 6991 12794 10895 14347 463 6441 18986 12905 2465 9533 11004 1274 6557 19879 6269 18336 19659 7074 15823 13858 10711 18078
7139 15336 10644 16093 1231 2933 19797 14535 10541 6844 17816 9794 3251 9837 8270 17848 19192 18356 19325 11843 14740 5743 11242 1340 12288 5661
13920 14012 14820 17976 5584 18398 2352 6702 11015 3313 9334 15676 534 9914 13310 7210 10093 19021 10829 10659 11523 15279 7350 18264 14424 3951
11760 9389 12490 17103 1061 333 3592 15792 16676 12503 16929 7024 12989 7145 13569 4007 15271 922 2929 3194 14899 5671 18292 7855 4881 7567
13593 9676 4841 5462 4409 16746 3592 3876 19470 2765 17200 2584 8081 13684 6940 18040 2516 10745 19297 5925 3337 952 993 18716 719 6872
458 2106 18533 511 16002 10733 4843 16533 19005 1023 4982 6087 18628 4008 17065 13096 9469 18371 5521 12364 767 9940 1526 17079 14774 16329
3985 9168 9145 17471 14329 8749 6182 17901 16543 4523 1378 4148 15931 19691 10019 5459 12863 11889 8082 12044 3343 1066 10098 4983 4836 3924
19753 16380 4379 13967 4124 17471 5383 17336 3673 2015 3716 10381 5008 3197 17464 8485 6609 12836 4724 12836 15316 16845 8387 12046 13175 11836
4256 9283 12247 17784 10940 12936 13791 1076 15354 16520 22 3030 15365 15122 9641 2243 18553 16075 11291 8640 16854 14976 9533 13829 3293 18203
16263 7884 9315 2060 458 8987 18934 443 12325 15469 6721 12151 1748 13321 10591 19702 6554 3095 9906 2908 8798 6967 13695 17494 13888 15093
3026 393 8233 19419 10084 106 15821 12073 12253 17728 19038 1935 13072 11841 15976 5540 13768 8019 18682 5166 19803 3518 6203 11456 19235 15216
16835 9217 12821 13477 11958 4020 5701 14688 14597 14723 7828 15606 17297 14529 9681 3481 17719 2633 1024 10821 19066 12663 13472 17807 4490 15000
8365 15864 11926 14162 15068 11881 8704 9544 17383 353 11389 15881 18272 17185 19127 19226 2426 17670 13949 7518 16843 2445 8687 8595 5529 9247
8526 2202 8466 15302 13408 6672 3318 19767 14871 19271 9996 15130 17322 14910 5757 4334 3393 18013 12410 4543 18338 8125 6781 4189 8917 3513
18402 10924 19943 18690 1712 11640 14468 9292 10116 3730 5916 13466 13228 14844 14467 1969 7182 11580 1624 17619 453 7531 2834 16857 4746 7993
3653 17210 3835 3989 2431 7945 4092 14118 10564 9060 8241 12526 6047 15563 7070 16613 19015 2297 4039 3699 14458 11851 19923 9113 1875 17156
530 4271 943 2458 235 15441 4707 15729 14156 14976 14606 17989 8714 8944 15597 3958 545 3250 3718 14686 4208 2444 673 11244 12962 19868
8675 13292 16744 4807 15850 4786 13685 9302 7504 9865 14447 19112 9704 13897 1166 2713 683 13408 12333 7004 18897 18789 18248 9045 6282 7365
4413 19362 10037 3415 5687 11344 17493 17196 16945 10827 3440 1759 6913 15742 16182 14475 16668 15622 4686 15529 19166 10125 17151 4234 2011 13410
8221 17778 10763 414 9341 17766 18226 3575 5566 8245 4078 6754 8283 4207 7547 3813 18473 5561 8051 19966 1610 5098 18542 6800 1661 4380
5865 903 1748 2220 17640 12859 402 6622 14594 11372 15403 1239 10603 1560 8160 6904 16230 5528 6326 9152 10376 8654 974 17545 13454 4630
4758 15183 12338 10486 6939 1507 3413 10836 4073 16809 16679 17413 13569 5532 4231 4608 2614 9277 10863 3915 1620 1130 8452 15762 6796 2671
