365
27 6 98 20 51 19 67 91 67 47 19 71 70 97 20 79 63 75 85 31 47 8 93 13 92 26
14751 5309 14115 12190 12961 5743 1663 9687 12366 10513 2818 5083 15245 11995 13207 1710 8622 12238 7726 16251 10805 10024 14346 9032 14293 17894
374 16953 8697 19595 6234 17532 4490 19389 13454 13464 12865 9829 1151 7351 293 17800 16848 10398 12706 19367 1391 12054 4393 5295 18757 18239
14612 10535 12626 14109 15694 5564 10280 16556 18077 17327 8398 2625 15768 18178 6723 44 4382 4671 548 17283 15453 11388 6533 17687 15139 12434
15565 7423 19200 7636 7832 9730 9788 19910 15355 12218 4049 11373 6594 11420 15743 8626 19905 13817 177 13693 6446 17116 2071 725 3054 17633
19736 9175 7263 11107 4015 9513 10818 13435 240 11529 5296 16931 3195 15974 19818 17265 18016 10945 16730 7729 18762 13882 15558 2240 1927 9145
19187 9296 9011 6487 13835 12315 6473 2553 18588 12150 11755 6005 6991 9679 17555 6914 5512 4639 4826 5839 6240 10675 7959 17452 4558 14257
18962 4290 9686 5991 5182 2170 11134 12238 8370 11097 7284 3103 10128 2000 14045 13755 13188 9662 4945 11005 17093 8005 318 13198 9120 7592
7140 4531 4618 436 16224 6178 10788 8125 2274 608 14565 2995 2956 8781 14082 532 8213 13703 4594 2844 14049 14614 10886 6536 13707 17840
6442 1512 4123 1242 7395 3903 19663 4297 3948 6206 12034 15811 17538 13624 16777 1590 17677 4 6439 13062 1680 6552 4637 3886 14722 14262
19447 395 18308 7391 15949 22 18886 6419 7260 14987 10892 413 6906 4228 7810 16350 5380 10280 3645 2557 10787 19486 12291 19491 10776 19391
10953 12014 12607 17045 7597 12200 6740 5242 1489 6281 9864 19422 12107 2303 3563 4918 16498 7983 2753 8783 2386 13575 13556 13544 17698 2538
5630 13229 3391 18459 6151 5128 11966 8092 7720 10347 16796 10743 1378 2769 11977 9388 5872 9819 13948 12624 6345 3924 8440 18587 3568 4558
16126 11849 37 2614 15451 11719 9913 3701 6647 12649 18074 6271 17041 16281 13842 17479 10006 492 19290 2970 8152 1527 7554 2048 762 13830
14292 8401 18678 11462 11959 13069 16290 10289 3498 18936 17729 17931 3678 9764 19585 12034 5572 12625 3803 18793 3344 302 4028 7685 262 15521
15879 19661 15199 4731 18521 541 9499 17198 6159 14402 996 9894 8978 7645 17226 6313 12715 12518 9587 7693 11736 2883 8458 11436 4085 14121
17699 8333 16754 18151 9705 12287 10478 5284 15410 10361 12197 10455 7066 8581 14850 8127 17181 16048 17369 3498 17261 4080 10077 6691 2990 7835
14532 767 15454 2889 12518 6293 18244 18894 5158 10391 6773 18099 19913 11811 17104 16395 14161 7232 13160 19256 3572 9069 15858 9504 593 9466
7344 2170 18534 7083 12541 15114 4391 17833 7027 2623 3967 15175 7282 970 5644 18608 14138 11526 1963 18741 11128 12952 19407 15903 14237 9404
15063 5528 4666 15077 10072 6196 10260 12658 6381 3328 19633 12292 2894 15088 5643 19562 18673 13519 15586 813 13045 11192 19278 644 7116 14578
14398 2210 2238 19414 3556 4162 11163 9286 16220 10040 9500 1276 6444 7565 14332 3470 11730 8554 15067 8902 7966 1937 17283 3882 13054 4746
8172 8270 4547 19553 16420 4668 5893 13403 19770 16258 8340 14103 12262 11494 10054 14815 17441 8452 2418 15486 8207 8477 9188 2539 8039 12236
17715 17714 12488 9286 2366 17584 4146 7564 2494 12357 1835 14591 10565 7875 11140 19046 11564 10939 10153 6389 10373 4895 15569 14551 5556 12419
3545 4294 1090 43 3687 5818 9452 7641 9550 18350 1312 1737 18263 4384 12708 16181 14927 3706 10709 4168 7791 2713 8050 4242 5947 18778
14288 8747 9101 12339 4598 7816 13984 7255 17250 12779 8046 18157 5859 17428 17762 763 18701 8102 18563 6565 15297 9111 8223 947 15469 5992
6439 16294 15903 19170 6271 12950 10117 6869 12841 10088 3842 6401 6596 17326 3671 11225 5981 17132 9591 3707 4207 9496 10515 13035 1115 14342
1708 5443 5022 10713 5101 2613 7595 12334 4881 14487 2802 11803 9515 4827 4080 17046 14416 5750 9802 6595 18652 12056 12384 2074 1748 4648
8991 176 18456 11247 7893 16582 2173 19879 5148 13654 111 3756 14984 16015 19211 6301 14645 3168 17738 17135 6143 13532 14743 14419 8557 6579
9145 3982 17321 3703 17583 10655 10495 9408 5207 1506 3593 19636 8519 12761 3799 599 11834 15955 12774 19977 9195 14995 12552 4258 19463 8017
8569 3794 12550 7386 7186 9231 18859 17355 4730 14043 8921 5611 13992 13315 14211 5354 10742 13602 5374 2034 6668 403 10233 17748 7868 5968
10951 13787 1365 12027 16835 17512 5423 16795 10346 6872 7385 7749 4285 4613 493 15817 3770 19916 14045 10014 5971 3137 7071 10824 4384 3852
8163 3487 13430 663 19100 14928 517 5132 8316 11687 4351 8912 6830 11115 1736 15464 9625 15851 4357 18856 15866 13201 19088 19583 17093 9744
16695 16880 3920 10857 4208 8696 8962 5950 16855 15723 18390 6229 8237 10634 2206 7650 4658 4336 7320 3791 3393 3338 5003 18473 1946 12204
5509 13596 12530 18314 16297 4838 19162 11210 17769 1994 17089 5456 6332 8272 17714 11965 11360 6382 8772 15500 2010 12240 11000 3830 17031 3900
160 1182 13800 17085 5955 753 17756 6408 5806 17559 10574 14142 5417 11612 11923 8517 16141 10002 11420 12234 17782 12682 4432 15333 18817 19465
3417 19332 1036 11367 769 9628 8832 8461 2099 11254 12525 10867 19399 10996 16941 10517 7212 10557 10317 7022 15245 6654 631 5223 7420 6226
10186 6781 17848 18361 5152 16199 16652 200 18007 1709 7561 18808 10709 15431 6772 15981 8496 6080 14010 11455 4372 16889 15433 275 12634 8094
9330 8495 15828 19695 11152 4901 11589 11511 3101 6740 7808 12436 14765 18873 6949 16918 12647 8738 13248 17461 12149 11854 11263 18588 4957 4285
9784 9019 14273 5983 16142 13904 9612 28 43 7935 990 19787 15113 9850 3774 2336 7195 5939 12245 14204 6554 8565 8322 2500 13862 602
14075 6408 10025 13633 19676 13689 3293 18456 15380 6114 2267 7331 7163 17747 15870 16970 4371 2046 2362 3231 9691 3249 1269 4087 15644 18747
7589 6335 13606 14941 1253 4067 10326 319 576 8994 16867 19320 3815 19282 7152 18882 2795 10045 4178 15542 3506 4561 14826 16376 10399 19310
4824 19869 15719 16598 17950 12361 8292 1425 96 8561 17765 18976 16070 5483 15660 3249 8777 9178 18049 10172 16123 7255 3088 3736 11101 8479
4293 2367 16545 5796 4075 833 4516 3986 3023 4182 17593 13757 18887 18731 8368 10996 18537 4465 982 8934 11480 16129 1251 16078 16070 6628
3577 18855 4807 11543 3411 12371 10072 9261 9074 1646 15279 5080 3219 19229 17932 14512 14391 2316 9785 12053 1448 10463 4258 18416 14791 11740
6369 11822 1494 11182 14866 15110 17606 1654 3393 11898 6078 12437 10071 16043 17232 15445 18454 9953 5550 18415 9299 323 8748 9529 18639 4415
12495 2280 3348 2903 16157 689 12381 16695 19055 11364 3732 19209 11972 8381 11982 12948 8885 16968 8811 18545 7661 9403 1301 15267 17901 11440
3435 4024 3428 282 17246 10676 17906 4172 3784 5157 2210 8897 8206 17586 12949 516 1242 13109 18124 17312 9043 18639 1298 18833 16741 13138
13727 11441 1429 18607 18932 9309 16674 4416 5792 3742 10204 1273 14782 15261 19444 17731 2903 774 331 15594 14527 9339 18579 19600 5257 11715
6886 9109 9951 8219 9506 13048 2364 19896 17094 9917 2693 1168 12408 964 11366 15916 5825 14537 13844 8845 940 17851 4259 11407 4246 9689
19553 2163 9698 5249 15080 14774 4539 13079 7148 13402 716 7129 14145 7872 705 18440 9822 7249 7684 15142 10611 5692 8034 8487 17967 12241
7718 4512 13812 10348 14545 8937 9348 1272 374 6311 6521 13887 5031 12458 1796 16480 17872 8982 6112 18878 6037 9549 762 18367 12178 11855
16920 19716 8556 15662 17102 13896 7896 19906 14696 12537 7864 19410 18923 615 1596 3644 14702 18445 2580 5236 5688 2370 14388 10724 6364 12846
6020 13550 11248 6808 16208 16916 13595 6050 8766 4147 13375 17177 16660 5117 12905 2844 4855 5234 1614 4590 3383 3268 11466 15044 9559 12872
17309 5580 17509 7031 17255 12377 13197 13656 3282 14326 17630 12868 8353 19241 17746 3801 427 15060 4611 6465 15606 1020 19436 18409 6926 14703
17665 11714 3490 4115 17070 12014 3280 16874 1278 19721 4577 16021 19969 6215 16236 6554 11143 17271 6931 15525 8851 5886 10338 16468 10588 15863
12935 1082 5451 6030 17914 6856 14432 11418 3039 7568 14637 6398 5319 14723 5302 3525 1552 17302 11374 19655 7840 6274 499 271 9697 16498
9060 3988 7776 9 5385 12170 1665 3786 11408 13925 16656 5120 6332 5080 6650 14614 18722 3415 11132 14783 2891 12924 9907 9830 5698 19489
18446 16743 15693 9683 1088 1990 1443 14711 9879 4620 13453 3457 3874 15550 19587 2392 6852 10112 7739 12278 13665 12018 14216 3844 1457 1197
19681 5482 14700 19452 15448 3305 15347 10107 16978 4031 15382 19880 11146 12216 18874 14046 7892 50 6286 18205 2269 11247 5218 591 15778 8095
11082 16665 1284 11873 3677 3501 3718 2922 14390 11292 12026 5077 7569 16329 3218 12535 4570 6445 18619 12087 13997 9776 3454 13392 16266 3114
3085 18189 7561 3703 2711 16723 14787 17246 9733 12898 17757 4604 4573 4337 9221 9995 8970 16999 19331 4355 17823 3649 4184 181 15841 11930
10890 19305 12378 6633 1072 11025 14233 10244 7963 2445 755 3439 328 17822 18327 19756 10123 11599 4743 4596 15942 6949 16064 10450 3701 13892
17751 4979 15631 16445 65 7435 3775 2132 3090 14863 16787 12208 7935 16392 16504 19994 13834 4798 15202 4616 6200 14189 18565 18312 3399 19699
14663 11913 14960 5227 8295 8477 10745 1466 6415 941 2374 11534 18019 14697 7943 1566 16034 14610 19754 15358 13545 17965 15697 14582 5752 7927
4899 1090 54 15655 5984 5366 3530 4349 8159 743 18682 14894 14162 903 19316 5668 14570 5642 3127 7187 5453 8199 6848 7430 17110 1285
17048 19616 12049 15292 9231 4394 10614 8330 3711 13554 14931 13051 3102 6455 18079 5548 1132 14007 205 1912 16664 10319 19752 17984 703 16714
10325 18474 11894 14537 18611 12021 6300 19343 6788 614 16826 10595 7805 17257 549 8432 17637 7590 2827 4018 15889 15149 2403 13258 6134 8331
12608 13689 15338 10168 18386 11792 4549 3880 18364 13324 17020 19311 9629 14521 451 1241 11279 10548 17790 1191 4680 7252 7216 19412 18187 10777
10380 6712 11138 5699 19548 15606 13212 7964 8469 15416 19608 19791 10054 18592 5447 210 1456 13132 2188 3592 2661 18362 18850 7368 7762 12669
6086 18531 15113 2572 12378 15904 15856 6870 1821 9801 19394 5031 8313 2946 10165 11551 4947 2674 16464 12080 3443 6073 323 15465 2693 5806
1112 12544 12031 5495 19182 17637 14190 15659 19395 2525 17376 5977 8832 1882 7847 12584 2432 17347 16104 15980 18079 5082 16843 12156 17418 17639
2299 3429 7310 12251 1109 15106 16373 10672 18813 8980 5367 15791 7630 15535 1835 9647 15363 10910 11558 18363 9801 16540 14278 11028 10834 2247
18539 14092 11883 15959 10614 19215 11625 6956 9733 5558 12172 4474 11209 8179 69 14783 4031 4702 14073 19939 399 4779 7846 5536 19089 4365
1359 12519 4626 12514 13545 801 19112 1098 6126 8525 3296 4211 4578 9036 4601 11648 9478 12058 10603 7559 1898 17695 18931 13801 15580 9587
1441 10851 16203 8976 12458 15337 16500 15261 18660 3205 7684 449 3472 19453 9362 4541 19422 11560 11010 11815 8722 9889 12527 17911 9889 10123
16149 17109 3685 16978 14485 19490 334 12759 9088 18026 17526 17285 363 5677 11527 164 17378 10619 4182 15970 1630 8895 8023 19954 12162 12068
5104 17609 1976 15753 7138 14590 3602 4002 9698 14248 3978 11087 9792 18910 7588 17515 12407 10426 4723 13891 895 13099 16424 3930 6149 19707
18039 7633 8945 13728 9398 786 11966 2730 12986 18143 1999 8332 7970 19067 3512 14084 15362 8657 15683 934 8868 19469 6128 8527 10881 6934
7889 17206 16421 16614 13146 2828 10891 5558 12233 15714 18618 923 7753 12505 3437 1136 10603 55 2415 15692 6435 15585 215 10531 4187 19919
16449 1107 10384 4085 5718 621 4240 16507 9007 13047 19280 892 19055 5729 810 3327 8298 1353 3503 2207 17656 10189 9139 8118 19818 18090
9298 17959 16136 17029 17010 4758 4192 12816 8215 4369 7620 17487 14334 7158 2039 8242 4721 7544 424 4791 218 9019 4161 197 11042 11048
18436 12689 90 1736 7096 2496 7944 15318 3758 17050 3463 16495 1430 18092 4962 14717 15175 10009 6496 16010 14120 16168 15489 12242 16192 13348
10380 10600 1761 17929 18381 3959 946 9735 15467 4820 8930 8850 1799 12138 16868 1711 8394 19023 6988 4006 17155 9887 17449 5730 4452 8316
7144 7325 17264 11655 15676 13844 7888 15140 2691 10589 4545 2458 15667 4930 1984 5978 7965 3698 1583 13219 2533 14465 14969 17605 16641 11989
16099 6642 15655 6774 12691 8028 10665 7147 16461 16471 12832 2399 10297 11290 16167 13411 6577 3870 763 7994 18566 18051 16447 14870 16404 8623
2930 13595 11752 9784 9822 6079 6634 3057 19714 11349 1275 9523 4680 9105 3095 7854 1026 4341 3180 14656 1207 1945 7905 16739 5246 1243
19660 7557 4582 13346 7382 15325 14962 19320 18600 18549 674 12959 5484 16245 10248 11880 9087 11788 14227 8265 19488 8824 3824 6276 18750 19132
14106 6306 3890 4078 13661 14525 3516 741 5276 3807 12032 19730 151 11478 10961 1761 6200 5027 11122 383 4398 15157 4608 1539 3627 939
1623 18258 10966 9127 14829 2116 2639 9748 3484 10919 787 6290 18648 1457 12619 4274 5414 13133 7326 15259 14717 13591 9407 9972 7801 18238
12679 2655 14899 16901 15115 12385 1318 13139 3443 13030 6054 13453 4235 8151 19398 18055 10162 7773 13473 8715 1020 2875 4196 17229 3975 11597
9052 13670 794 13613 18796 11849 8475 14614 10455 18532 2447 16455 18801 7551 14582 4000 15204 7555 7827 5784 19528 16282 8288 7827 6777 1715
19766 8061 3366 6438 15681 19193 15138 12711 8755 8352 2319 17519 4078 7103 15297 15918 15703 18016 1001 7057 19721 8868 15189 10918 6045 3086
9114 9236 6014 14726 12129 13613 11785 1988 3088 12809 12533 13016 9119 10006 4828 10096 17799 12281 2212 19070 11948 18020 3072 6474 14173 18479
9145 12826 10993 11065 5288 1436 547 10627 5654 11988 10622 13680 15963 4066 5764 12360 14357 7401 3112 5525 14332 16959 13291 19956 17173 10544
15710 15829 7904 13589 9121 14113 834 14625 16995 6743 13734 15801 13714 1213 3947 7494 11588 8941 15682 15214 4134 1963 7589 16410 9905 4076
13478 9562 18040 2243 19360 18949 6300 1544 11907 19834 4887 9856 1212 2598 4062 12668 14707 5308 332 2877 11192 19508 4500 19174 15277 17113
12444 7292 14305 19216 12369 4785 17379 8732 1523 12499 16838 10963 4741 15039 2843 319 2228 5740 14743 13923 6023 17699 60 17345 721 2662
4894 19569 4375 120 2511 16471 13318 17040 5157 6781 570 6000 437 11795 16139 5229 7124 1812 5744 17377 18032 6151 10517 4084 4646 872
17698 2722 8029 5418 8321 14092 1138 8590 9651 13033 18787 14889 13806 8791 15011 6307 3512 386 2787 5083 7622 6091 19273 168 15696 9704
3521 3176 4780 14562 2198 830 12264 1695 14472 19669 578 4760 6339 4401 15356 801 19116 13097 12652 13927 12198 16557 8735 9999 4485 8120
13198 15728 19712 2216 2719 10463 11761 3708 8731 465 10564 13087 10997 9875 442 6423 1186 19417 7560 8408 232 16836 2635 58 15004 6533
10690 3239 2114 14364 717 4085 9800 7582 6018 16972 966 8723 8539 9112 15635 19371 6446 11921 19590 13121 2603 16116 16379 10279 7667 7197
3182 19300 13576 2727 1671 13755 14136 15195 9942 6773 18842 16031 13883 9998 10731 18456 4573 17346 12538 8164 14630 1397 6341 7117 14583 6019
13393 13706 14950 7545 18370 12355 14565 2208 19932 12264 11798 19977 12960 877 6885 7094 19137 1968 16176 8639 14868 1469 18140 11788 1355 11206
18119 19242 19980 1915 1041 5827 11605 1991 763 1109 648 11608 8737 6777 15099 12708 12148 8409 5578 14209 5671 7174 2368 6579 5054 13184
15197 16105 14478 17268 9618 14001 11313 11995 2550 12626 6484 1303 10385 3390 13019 7315 17412 12546 2105 8933 10744 17183 5645 4620 14724 15406
12405 11853 12074 2660 14284 7109 7793 19983 13654 19577 6830 6611 5150 18372 13661 16526 17442 10935 1508 11058 18197 14755 10418 12189 11612 12105
18900 3814 1753 16338 4438 4498 4674 16057 16000 10895 1331 7889 12885 14355 12188 88 15058 11521 6484 2450 6545 14858 14957 4473 18465 14373
2780 15305 14153 6685 11192 2776 10094 6257 19135 1863 9947 2784 7568 3486 7648 7752 3929 16620 18780 6969 11832 5603 13220 9081 7271 6799
5751 10198 6826 19947 12271 7551 15896 5844 5876 16670 5109 4874 9254 4857 5940 9956 12551 2685 4638 16891 13615 8309 11081 2397 16646 7733
17293 1810 9783 2269 930 5359 8035 14041 6526 18602 10307 8861 13836 18014 1727 902 17738 3526 11207 13551 10646 11683 10624 18207 7519 2854
2819 10978 2614 15655 75 5951 9503 4792 19739 11596 11795 12082 6328 389 16946 15822 17689 5573 7746 16968 2394 9408 15640 13874 10443 16305
16764 13053 11288 3527 8266 19145 7977 6376 11166 18366 3262 8545 8223 10291 6157 8474 18240 124 1995 4949 13007 11008 9614 2227 14357 4206
14250 17868 15811 12970 659 15808 873 6909 9739 422 19299 180 17156 8384 14965 8189 8426 9817 15906 17219 3562 6548 19107 1495 15544 14243
9927 17048 17680 5415 19059 7014 2515 4799 10878 3976 219 16103 19934 2362 16551 914 5122 2720 6882 3755 19465 19654 5887 2041 19503 1568
14462 8006 17725 3249 9293 19502 13387 15227 4553 17942 13650 14837 7025 1692 4122 9067 1647 16357 13440 4314 2195 2293 9242 2687 10074 819
17959 2724 1167 4342 8988 9180 11366 13418 4749 8981 19717 11597 13398 17531 18403 18138 19122 6491 3569 14827 16295 826 16251 6281 4283 7132
3416 15483 2759 8371 3359 882 13145 10076 12489 6045 3325 19912 14449 10639 16739 13435 12179 8548 17902 17049 14605 4905 16077 4306 13803 4389
6044 11321 16252 10601 3930 16424 12052 3917 8967 11009 3555 4292 7505 3539 14237 11962 14468 18069 19425 13425 15608 11539 19797 6435 17810 11423
13058 18556 6256 7910 6985 5227 11574 7960 2116 6312 15282 13978 9795 4163 12991 873 4858 9109 1144 11154 17715 13123 11813 3298 5802 13986
15621 6752 4106 9003 11520 19754 15683 3092 15169 12951 19978 14101 3776 7760 11840 13514 5802 13109 5475 7400 19588 4322 7641 4931 12158 15933
11994 16866 40 9153 9649 7659 14415 12856 9072 16356 9582 13703 14177 1616 4647 11542 7156 4091 9332 15410 17860 1195 3774 17269 10541 1129
15460 19912 8940 17933 15222 4493 7732 8359 9344 13573 13541 16335 15808 7272 2954 13277 838 9737 9158 12615 5357 5380 3490 9452 11867 3597
14175 2615 7918 14344 4017 15721 10153 8560 313 10775 3250 13671 7105 8419 7620 13235 16921 18187 15628 16507 1858 15348 1530 15285 7391 16715
19987 7185 8947 10404 604 11988 16949 6392 15577 16748 6386 19070 10866 9662 8898 16168 852 8734 19687 16085 12408 12645 631 3464 11155 1525
18002 18428 3556 11506 5403 5364 18509 5384 11109 10685 14790 17573 16834 16989 7130 421 18593 19121 5476 18725 6756 9797 8083 7064 14098 17467
6127 14713 18498 98 1841 2457 19080 5843 9923 17174 12473 4135 10771 12299 1520 19928 9621 15836 5077 12413 10514 10084 8663 19761 10690 6512
9672 2153 14762 7117 19742 16366 4093 6621 7695 17877 9260 14528 365 17178 664 13856 4819 11333 4693 10144 6011 17871 9026 8402 10971 17659
10347 13228 3151 3932 734 12455 14763 60 429 7733 3940 14017 8118 3024 5529 1232 6882 14027 11244 16557 9554 8381 5635 19074 12485 8406
7338 12160 12616 3217 185 2925 2937 4478 5220 9739 3855 12746 17931 14694 4945 6927 6651 12381 1318 2927 5336 207 4872 15090 5492 11415
10985 4232 16987 18048 14596 14592 13652 8301 3744 10015 8246 3166 19232 10382 8265 2590 2471 1605 2674 5512 13069 10703 7118 5613 14603 15935
12087 1995 2756 2278 17585 15474 13502 14458 8872 13067 13081 2631 13298 1481 5801 2596 5798 16365 13735 13407 8523 1507 436 19868 894 12379
871 10984 8198 5583 11823 4680 4956 10724 8168 4161 19780 16926 19880 1454 6797 14453 15370 663 500 17318 10086 18598 18146 10109 16160 14084
17317 17519 9715 1845 17010 5323 4067 19766 5631 17870 9658 16850 9648 3401 7307 86 18990 4705 15451 8308 455 5604 19529 8677 5595 8162
4778 3424 16833 11947 8523 18619 14944 19990 13957 10655 110 4706 13209 10490 3019 3063 17802 3798 17621 6956 196 8007 1610 11163 9679 4512
4220 19755 13983 19116 7729 9726 17370 4784 662 10914 19198 9104 10448 9782 2785 13304 18155 1556 11706 7923 17543 17101 6975 2945 17894 269
6693 4644 2345 14586 6357 13565 4969 8892 6290 12526 14226 11003 9916 2171 16263 10302 12370 16800 19744 3145 16109 13548 9623 6984 2992 5320
19905 11105 5467 3122 1772 5036 6195 9163 8458 18299 3833 18262 13914 15694 3326 17987 1668 19664 15219 16652 1966 18952 9899 17430 7520 17155
7793 8738 5169 17147 4074 16901 2488 12758 12556 954 1209 17092 15390 12692 14674 15520 5880 14358 19092 16669 9886 1304 13374 1458 5647 10152
12690 686 17353 19448 2289 16189 6453 7916 12298 1685 11678 7560 14992 12083 14350 15832 17958 12398 1135 17002 17744 17789 13150 3877 2873 18476
14884 3304 8796 1576 19523 16262 6603 8232 6724 538 1059 9306 2830 4296 15096 14160 14698 14323 19537 5084 832 472 12772 15808 16891 9600
15578 13549 17939 17394 9464 16540 8274 19265 8438 9550 11049 19207 18057 18315 1035 6299 4091 4164 6907 2686 590 3984 11207 10616 14446 16587
543 13585 6606 18218 12410 5066 16234 19593 14934 8861 16820 8244 7003 13866 4131 13403 12749 17600 19362 12724 13105 11601 11151 2397 4746 10086
7209 15849 3574 3609 14496 11369 6352 15812 14974 16985 7339 14649 5553 14716 17241 15756 19462 17946 15194 5426 15444 19018 15893 976 9859 13738
538 953 3065 10067 17956 1137 2421 185 12010 14046 8760 9822 9000 11011 5424 4015 16714 2692 6370 3304 11381 11359 9796 2389 12373 14592
5386 4439 1873 8838 2434 8966 14318 7578 14822 17210 8792 11810 2912 19017 10433 7729 2969 18730 13607 11359 5369 15356 12718 1890 19592 13009
13452 2663 8633 7781 8725 4172 7970 1945 15375 11248 9367 18074 18617 2317 13518 10416 11039 12673 18751 16328 17495 15071 19723 16240 10081 14671
18585 2063 15921 711 461 4668 1469 3858 2178 13550 10378 14798 3717 2689 3773 2710 18632 17929 9122 8729 11168 5869 13798 19881 3230 5328
9064 4104 17068 18714 16577 4549 1925 7733 8584 16402 4648 18131 1836 4815 2599 18483 9204 18405 1779 17036 936 9495 9133 12786 11755 1660
14192 6979 10334 15822 8068 12242 14276 4149 232 14377 17929 8253 10435 17204 19165 5319 16823 10444 11923 14562 4492 4416 17423 16001 1869 10813
6137 14141 12686 10352 6257 1502 7959 16906 1854 19033 10869 15497 19508 770 6443 16176 7820 9870 16398 12852 12373 17380 16179 17792 13794 5170
1063 19080 7310 18605 5613 4843 7366 19095 18187 1746 19872 7253 16376 137 19652 3655 9872 19631 16684 2704 3518 4372 18346 5858 3257 8024
18335 18767 4502 17171 19579 13361 1928 4073 6931 17919 5546 139 17065 11065 16961 2653 8522 13671 3111 6655 4237 3245 16115 3490 3355 19026
16558 5915 8068 17216 8913 15789 4496 14311 7272 16329 19848 3457 8374 2396 15482 132 2742 18678 12086 7474 5009 9033 13909 16969 8899 4286
10185 19062 3535 15161 13322 10544 5814 13839 10083 6037 3424 8603 13379 2046 7129 4128 4662 4180 17062 6140 13817 6485 9584 2590 14889 14182
5793 13274 15652 4990 1244 10717 8512 176 14009 4647 5365 17052 10216 14150 13483 4030 3380 17614 7478 17946 4133 15053 11276 4451 3619 9871
515 19934 17456 9479 8462 1704 16651 8921 19780 9061 10367 16733 16374 8028 9439 17635 1241 18476 10529 18160 13790 7388 8031 8247 3696 16412
9273 9660 7449 11690 1844 7726 10275 12478 3592 2666 9204 2303 392 8645 2711 19436 5452 13495 13294 9768 9320 6876 9766 17757 15103 6734
1584 18186 19602 3750 12615 2494 7884 9053 5315 8184 16475 7326 3834 18564 1958 14220 11604 17926 1595 1335 3865 11265 10534 9388 236 11680
14025 3875 10193 19120 37 10770 15136 16369 6005 32 17193 10470 7679 10742 12128 14444 1956 7276 14619 14085 3191 3788 19436 12329 18981 6346
3335 17807 8768 13449 8085 16179 4648 19781 12101 4824 4400 3941 17800 13879 9332 19430 9746 5244 928 10856 3160 19102 6365 7323 8631 6319
11308 13531 13103 6340 15801 19877 12859 10616 8474 4637 11476 13928 12551 7795 1065 12105 6158 12680 14867 14215 8053 2616 14694 18083 16934 3632
5046 13939 12344 10072 15084 2501 2921 14385 15299 19130 18658 439 6354 2209 4417 14112 11924 19190 4958 2924 15770 10402 11953 16052 11001 11459
6862 16464 17679 5314 15314 12631 17518 5722 10622 17699 5241 8941 9850 11334 1634 9273 13423 9493 8559 10775 13466 9927 3178 16082 17354 1206
7470 16679 15385 18050 1196 14440 8064 13152 9806 6138 3923 12995 17403 376 18817 10286 879 7676 3836 8563 11669 19078 15376 14930 9339 12971
11420 912 16653 16314 11203 17972 14018 14256 11182 13389 19541 9727 7438 11891 17860 3039 15402 18285 18308 17192 5566 17510 5428 16904 2254 17496
9800 1107 593 5067 8763 16315 13001 10060 8767 2472 8711 11131 5727 8067 12142 16437 2548 15166 1783 16960 1056 18030 17369 6822 4451 6480
15377 1456 3875 19068 7540 4005 5641 11111 390 19006 5652 146 15899 8702 1165 9860 4613 17207 12044 16305 18500 30 729 7095 3160 12646
2820 11370 19837 1482 18222 18775 13159 5817 11865 10511 15753 8701 3520 4625 8287 10590 18641 13007 4812 14355 324 16133 4393 4700 7342 2098
7691 1952 15093 6269 8003 7272 2160 2696 6652 16652 11077 8806 17089 19763 12087 19352 11259 613 16308 4360 1186 16363 15756 19847 15835 15265
12287 10562 9500 10723 10028 4704 2751 4876 10231 1674 1141 4791 17245 17720 10089 494 252 19934 3411 1357 11267 17402 18239 9363 10773 16213
10015 3055 3570 7771 16700 9927 17526 18221 18195 9259 1988 3491 8559 16981 751 12096 2330 17467 10050 2609 12060 5205 13158 19058 14320 5732
5910 10735 3434 7500 7595 3142 17099 19014 9583 7879 1812 2000 6432 13611 9618 18341 15212 1047 18629 11938 4832 6935 17834 14772 17768 18735
13946 1830 1573 13533 936 15448 11032 12724 3526 8206 7956 7319 3137 12592 13699 13016 14145 8841 8068 16268 2974 2576 6804 3492 8855 1282
4544 13457 11393 1398 7657 6734 17987 19457 10064 12540 10651 10320 9323 1546 7945 16049 6183 15638 3143 14096 3919 6558 1329 6678 17212 15861
3254 14315 719 19130 5507 8787 11508 8236 14399 12274 3441 16697 2341 17203 10545 10559 1011 14119 2972 7837 3174 17135 280 16931 19074 10931
412 8349 4504 871 11613 13276 8389 15660 10524 4640 3307 4518 7119 7727 1776 4343 8812 10211 11557 15716 12828 1562 17111 10723 16611 4750
6396 777 8596 7578 2063 14178 11891 7614 11658 11208 1508 5507 8590 7674 2396 12728 2340 12185 9917 17020 16175 11931 13789 7539 14866 11194
18180 12538 9835 13745 15704 15081 15256 13700 4910 16897 4791 701 17363 15438 10044 4017 1254 16252 9456 666 15207 18911 13148 5963 13956 11596
5947 14245 3511 1131 18010 13966 2827 8363 2195 17928 6451 8213 7865 12187 2174 5020 5289 18041 2727 238 959 17666 16322 13949 2184 13223
1048 12159 955 6795 11341 10837 4483 200 17773 15395 649 1326 17408 17027 17100 19888 18504 5866 14707 11006 19218 8570 12940 3670 1085 10311
6253 3473 5294 17951 13326 6411 17623 10360 1804 14289 2017 4119 16057 494 10827 15734 10567 1038 16511 10538 1424 6713 7977 18961 9531 16977
5798 2613 8814 11634 19871 6090 1760 6603 3982 9425 11173 2052 7022 13546 4676 16353 11712 10936 6337 3949 11591 13156 14892 8978 16113 9628
6671 11718 11557 19706 17737 14903 7898 16637 16778 19840 6743 2059 1215 18291 486 5159 5060 19348 5477 11771 10677 2404 751 4628 6642 4888
6977 15747 5814 3431 15475 14082 11132 6473 9766 15891 15568 4654 11737 11581 16711 18677 2655 5518 2108 8969 19188 14131 2604 17144 14089 15411
10392 18258 17121 17071 13518 2975 14400 837 12414 11218 1622 18394 18829 8890 18138 420 5958 1361 3092 5181 7030 4345 8982 5793 14411 14235
10281 5020 6282 14815 12827 15511 10613 19675 618 17047 11072 8629 1429 1168 14297 12024 2396 10149 2789 19075 9431 13286 6004 11075 4339 17337
13567 14895 12809 15444 12127 9211 15046 18093 10997 13399 18896 15969 6087 14038 13291 9096 15901 16172 18783 12042 6691 5280 11084 18826 10492 9507
2953 10169 18879 3722 19192 9218 9376 19335 14575 3802 12414 10468 12619 11694 12127 10809 9935 449 5948 12588 13362 4252 6502 12927 16415 9730
10648 11998 9112 2484 13032 14730 6647 14085 11819 10601 9627 16452 2659 19337 16461 1823 5509 16159 15886 14471 1544 13838 8969 5963 12313 5407
13060 4343 18924 4809 1719 2717 17312 2400 11872 6579 15045 5509 4645 6341 15720 15876 19685 12127 7893 11966 13018 12185 14219 3145 2386 10003
1481 17488 13518 998 4167 16153 8505 15775 6398 1511 19313 5525 13754 5561 13871 16228 12629 18402 11177 19745 11456 8358 5111 10397 7348 15416
5446 18469 18334 18885 335 16327 11553 7317 13415 16939 18015 13322 5608 154 2008 4157 4631 1397 6594 17766 7045 16437 18775 19439 6247 13433
3868 4789 4603 17667 11772 6499 15447 9780 14417 7821 16032 7311 18809 18634 17767 5481 4118 14925 4488 9845 2850 12371 8055 5839 3167 17913
13063 11911 19406 18526 9940 5024 10241 11704 19821 1804 12565 14268 15434 9981 8188 3420 19936 10946 801 16140 16739 15729 3616 12308 2490 19441
2878 3848 8489 10531 16758 16741 3369 7962 3706 6479 10129 9548 4617 9402 10258 1620 7626 668 2337 13019 5940 2497 10589 15635 11801 9096
11173 16862 5891 17710 5151 7267 1299 5943 4975 2653 9542 836 5606 12054 7430 9263 14257 18274 5479 8510 11941 8059 2711 13533 10892 6594
14269 1780 19275 503 15954 8359 14024 974 4508 18866 18428 1413 7429 14895 7112 17977 13702 4204 16968 19298 18277 1708 11117 17288 14800 7499
19609 10270 7255 13157 13646 18066 13331 12009 11052 5015 18797 4363 6002 12056 15765 13879 19988 17685 352 16871 8021 13006 13081 11665 9579 10509
2921 11895 15053 1980 10166 1784 3667 9794 15060 9214 9970 14638 18184 3585 15996 17056 2376 17318 12217 8439 7331 15060 13918 5543 14610 10530
1691 731 3909 4810 9808 12382 2974 1383 2220 1470 10721 1598 8155 14198 1614 16757 19996 5765 5120 10379 6139 6775 19726 422 7405 3326
19592 7585 12285 19997 981 12808 1817 7078 16585 1088 12368 9945 18591 9100 15854 3354 11694 7128 2609 14951 18662 13235 6656 3145 8456 12064
11401 6990 9300 648 5261 16328 10870 12658 4088 1486 7294 9328 13484 12358 16647 2631 2365 18433 12078 10036 3484 7990 15442 18990 17739 3484
5516 9445 9419 10026 14375 11867 9228 18948 2187 18786 19133 6675 7732 2504 13140 13143 1482 1340 2657 1662 8156 10323 13805 5529 13449 10938
5650 8306 18698 8875 7338 14988 16034 10998 7479 1942 11839 19773 16161 345 4627 17981 11485 5744 4491 18483 12040 2847 9295 11934 10885 5869
16286 7420 713 10528 11405 6469 17037 13306 4691 16037 4292 10367 14593 6622 5414 17531 15082 230 6205 12676 13896 11149 17425 2366 3054 15443
1176 15276 17626 3008 2185 19359 10727 13195 14621 7644 15441 449 14184 13826 5244 16164 11873 10589 3094 13574 19017 9066 14618 6668 7994 19894
9198 19336 6029 11259 6948 18306 4311 5686 3289 7322 3254 16523 17142 5573 9264 8300 4204 6504 12303 18910 19183 18219 16240 10723 16801 1075
15264 11753 4953 16578 18525 8978 7587 7134 1643 1545 7691 7577 1651 16652 16142 9965 8997 8413 6993 11932 16713 15751 1981 7259 13497 2348
3970 17459 6351 3224 9212 11480 11734 7136 19536 937 6156 5402 13493 10681 5056 15029 10898 15231 16822 15181 5719 19765 6211 10629 6924 1134
1742 12290 8886 1342 13370 9889 17097 18686 18932 2648 18708 3294 2945 18106 5114 4273 13475 15888 3134 12253 9221 14900 17627 10318 4873 4506
12028 15108 14259 1015 49 18378 5970 261 4005 9785 493 953 15604 19085 17981 14462 4605 6840 295 15513 1901 17956 14658 14772 519 9127
15545 6487 2980 16868 18521 7894 13207 3874 4757 5317 13212 13154 5194 10792 14116 4791 14163 5724 14858 10755 5898 9269 12826 19300 11249 15829
14709 16541 5101 16346 15320 8727 9983 8420 19613 19484 41 5996 13432 7711 11258 6818 10126 5562 6456 15993 17530 3510 17419 6790 8329 9504
8072 9555 10019 8297 2256 7734 10553 11269 19532 2631 1368 8126 9289 15579 15635 7506 4214 14624 8087 15994 10042 1489 9581 3391 8160 5507
2434 5419 7256 16493 558 14898 1167 4828 18554 2764 3862 19930 5954 2268 8525 13911 16888 16113 18980 19048 5852 2121 9533 14025 10785 8145
19994 16206 8628 4652 790 16557 5903 16885 13877 11918 17669 16859 17855 18955 3273 3163 8594 4181 16458 5638 17031 15678 8592 7798 18238 8507
17637 15262 7056 18536 14105 3132 1219 7894 11479 16287 12757 14293 3137 2316 13023 19480 9345 511 326 11300 12291 10547 3990 1513 2278 1305
2166 15797 18303 5173 3865 19287 6238 15272 7899 14524 7524 3722 3983 3121 11969 11551 1344 9279 7304 9099 17595 8852 16900 6564 909 15628
2953 6089 3377 4849 6615 3788 18006 7711 17765 15690 2397 1128 2124 15491 5372 16040 446 4700 3803 13820 16535 8863 10748 18392 17843 15322
14695 19285 9663 9271 15645 8077 2399 7450 17949 10904 1869 13529 17738 11704 17000 5609 14953 13264 343 18406 14662 15160 5856 15756 11121 1901
10038 16061 5126 5464 2148 9560 17149 1199 1767 19861 2751 17176 17521 5028 9531 5185 5307 12229 1727 11371 16259 10337 7927 13146 384 14399
17785 19924 18650 18678 10530 13629 7589 14054 6663 15902 6721 2782 12130 8875 11441 906 12461 9301 10894 5816 11722 4705 15239 15810 9198 2085
258 13412 15515 13609 16197 6820 13512 14179 2618 18600 673 5449 1275 2467 5298 17038 10633 2458 12727 2138 12322 17980 19371 12560 18192 11631
18397 4746 9675 18682 11621 12341 8490 8603 3419 8860 3059 4324 16848 11919 17287 18464 15143 10 9335 18940 829 9177 17302 5524 14191 14305
15097 11187 6649 10798 1031 19847 17150 9755 3495 16514 8465 19831 7306 15092 19925 6192 13681 3167 11664 10028 15823 4298 15617 1604 8854 13242
1012 6549 10724 19920 17032 19916 1626 13591 2052 733 9107 9669 16956 3140 14933 15889 12172 9218 13812 16175 14407 10783 1947 6661 10944 19782
1915 18958 15007 4886 5027 7788 16669 19765 8568 5181 16276 16321 7388 12629 12492 9032 16060 6753 15439 14178 2507 7795 7274 1439 11677 13083
10968 8759 9758 3726 563 13413 3134 8155 1064 4095 2237 19046 1263 7889 1732 13636 9131 12006 19939 5593 12341 2654 17158 11350 9269 12618
12971 10606 4997 8133 2661 6023 8568 16196 8445 2208 6370 15367 10397 7387 19326 4646 13126 18054 5869 17575 4479 11398 12710 12289 15031 5038
1060 3713 12069 5041 2161 11257 19605 6452 8424 6958 13135 8308 13186 17208 3216 16539 10813 11130 14045 12258 5473 4682 15541 7122 16059 6495
10142 3556 9042 851 4464 18768 1251 18735 7163 7206 18137 4959 8499 14177 18446 9335 12423 5131 4676 8709 5789 8720 17700 4816 19628 920
17423 17903 3905 12918 522 19929 11971 10763 16564 4260 12278 15706 19590 12574 9537 382 15841 8741 8925 19263 18143 19423 5219 15840 16129 10363
5985 18262 8181 13826 4352 8894 13915 16642 4327 2563 7719 18566 9577 13786 10540 16478 7956 3304 7290 8499 15477 5625 8890 2663 3271 12815
4937 5289 1745 19828 859 5840 1037 4252 5024 9778 13923 13566 2447 19163 15700 8061 5183 6135 14627 4616 19013 9217 2962 7109 14305 7784
17239 14241 15114 12402 18153 216 9903 5584 4898 17834 8629 12465 2822 16748 3399 17901 15319 3186 7636 24 991 7564 19989 9156 3699 12273
8923 7658 7415 4097 16720 12226 15979 6582 17830 6073 6800 11086 12450 15439 3115 19528 10580 4185 16513 1901 10782 7912 9473 1313 15942 8970
9927 7986 2721 4380 13208 14552 1610 19775 14152 8486 18992 14994 10717 18738 10820 9704 12293 14597 2575 15377 1187 8314 10354 4893 11941 6173
18266 8600 15550 17808 6910 16978 3218 3090 19629 14647 17294 16078 6088 3648 14013 10487 11440 14840 2159 9687 19374 2577 16817 15443 10504 9707
19260 1600 1171 8524 15127 5325 13639 681 14900 6638 12808 12774 3028 3946 14360 18901 18311 2208 6879 16312 14315 11212 19605 1203 9682 15322
14057 11085 19946 2957 13501 5969 9030 17068 9965 4701 9245 1597 8158 19627 15425 9976 15163 2841 4048 12120 17435 2617 19132 5857 208 14839
1441 6681 4456 11826 19915 3170 55 12779 18904 16914 10973 15347 17982 4835 5118 4311 10508 12472 7031 2723 17036 7656 10579 4445 17055 4926
13303 11042 12855 19699 9742 8269 17957 7264 9839 5128 14657 7224 15328 13282 19343 13163 7111 18333 19093 3045 4182 19435 11394 14229 13118 1327
18814 11300 5725 18215 3364 12907 16974 14370 13543 2754 17006 14339 1564 4764 6000 15852 13192 6937 12766 1528 8776 13377 9768 1764 12882 19031
4655 17280 6069 18595 14988 15843 2916 17720 5377 18473 231 4189 10734 14551 14300 17229 11811 10633 4807 19346 13225 14341 16144 7061 10262 11635
16706 8315 12596 320 12281 18869 11395 1190 3827 9087 5495 15209 19792 16801 853 18775 19514 17686 17597 10931 16413 7726 9159 8608 3421 14187
8972 3760 13690 17560 8345 8666 6053 5387 15386 19218 9776 2488 19776 13346 6794 18005 14037 4725 10682 2654 6409 13075 2088 4361 3610 922
7012 13312 11764 7734 675 9473 14747 13589 12740 2986 12379 7464 5993 12065 4238 790 18095 12643 10479 16353 18419 7788 14452 18301 3594 5946
2688 14894 8705 19549 6890 5705 4738 19602 9984 11008 18279 2466 17351 2978 8990 18002 3621 16045 3280 15119 17324 11028 11172 18553 5824 12966
11391 3108 14757 14599 4336 6520 18901 14101 10496 392 12265 6908 8914 1147 10283 2363 11537 11278 19825 283 16301 5327 2222 4649 5571 12658
9886 266 4955 11860 16071 6401 11993 17695 991 4729 777 11109 8165 13242 16454 4694 13701 2830 3800 8060 16028 259 17008 1847 12853 8371
9549 9273 12410 2723 9891 3632 10591 8405 17833 2566 1243 7732 17510 7736 505 12170 19449 6102 2884 8750 16268 10777 16150 19894 16908 16523
5842 8269 14014 596 13751 19321 10167 18017 10171 2069 13328 15774 13523 18482 2234 17488 3236 9338 7155 32 6507 11655 14905 9481 627 11473
18231 11021 6271 6529 3623 2081 7312 7458 13576 10772 2745 10432 3550 15972 15129 3149 16536 10491 13018 18435 15963 2874 10787 11918 8763 11561
16739 2771 9386 16379 2578 375 7066 2862 418 19055 15897 15921 13726 16105 3496 5874 19284 11806 10893 12438 18540 9015 15586 7405 15009 14997
4989 11918 1491 8873 312 5785 14401 5691 13639 9901 13572 1469 6082 2024 16495 13185 10739 3586 13653 8156 15012 3272 14092 19649 8673 14515
3503 19915 17703 8217 7491 10303 17393 19342 17834 9958 19006 3229 2623 2396 3066 13732 7684 15772 9296 9029 15679 4551 18701 18619 13114 14868
507 18071 19282 398 16764 8844 2251 1745 9488 2699 8974 17380 19245 9447 4061 6669 10814 15903 4525 18971 5412 11570 5617 1049 12768 1740
9988 13830 1841 14238 10308 8340 14979 9402 4942 13841 10626 14522 8339 11711 6127 8286 6836 13459 6958 2163 17814 15852 14155 4286 4040 8285
7289 3006 10313 1648 11804 3209 115 7498 3066 4818 19511 7091 14945 18859 1741 10548 15365 9161 17577 17325 5419 7128 12494 16005 1526 17672
9542 12636 6478 7946 6206 19100 13507 7463 17299 4199 18364 7086 19419 12413 621 9523 6472 4533 5925 3438 11390 380 7352 16774 6463 15979
10656 14703 15240 3195 10777 8450 17107 11853 892 912 12994 829 17134 17950 2002 17554 11681 7864 17481 12861 4811 13453 389 9298 5737 5105
15585 16952 4207 2655 1955 8033 7277 16469 16679 12357 8834 7325 10281 7332 11366 5407 8481 7811 14585 7133 4608 7301 11592 3469 14738 3714
165 12786 8566 11081 13903 8354 14341 3311 12250 16213 9389 3258 8458 12750 7039 11448 554 19326 2155 5024 10288 10729 9208 6809 12588 6997
13347 8237 6876 10428 13264 2850 7959 15858 19619 6112 14132 3428 14330 778 7926 15225 699 8607 7310 13069 7828 11740 11686 2106 19694 13697
12018 2531 18854 6490 7953 5384 3959 11388 19102 13578 17987 16549 15018 18971 9909 4184 2781 12017 10016 2181 11587 3217 14417 11026 2415 10006
16030 8373 12449 2513 15450 6288 2332 2064 1303 2957 11755 7271 12811 3199 6936 5176 14298 7792 380 14387 14855 19512 3884 6888 9161 17230
10294 19568 5748 154 14325 12799 18777 4723 9652 5079 19722 4028 962 5620 12695 8056 644 3107 10934 12093 4347 2136 5900 11938 3526 5990
1966 4084 16605 4875 13687 5586 9332 19965 10226 10460 11303 1166 2669 5884 8686 13514 8710 2617 17017 5769 19618 14512 2978 18876 19111 9844
12813 14359 12721 4341 5075 13597 4878 11559 3805 15971 156 13643 10719 17172 722 10212 493 2922 11621 16242 7958 10281 2533 3138 5354 10349
4586 15104 18626 12421 16105 5928 7640 13108 1604 16935 6424 10171 2862 4669 16210 6010 10356 13695 3710 1261 17003 6784 18969 1331 13348 18965
10383 2862 7049 5765 7303 18743 9320 8605 14643 9387 11505 17025 7982 17397 14995 2198 7114 6800 15644 17687 8819 3175 7745 17557 1813 114
17510 12477 9009 16276 15273 9681 3947 3971 12783 95 12698 14809 19671 18848 6885 16043 18570 14456 675 4993 19205 3816 13886 15594 18184 13105
6704 19408 18147 1837 4368 12960 11096 11407 15614 7161 8412 19394 18762 12900 11176 15511 12400 4939 10534 2431 4385 9584 12991 13581 6135 17165
6432 7350 79 11326 2552 1015 3328 2730 17276 16064 5794 9862 18312 11220 17914 16485 18198 10518 595 3776 2220 7618 6975 12869 15828 6854
9028 7159 10548 1897 19306 11429 873 17237 3003 9623 19368 10497 19788 18243 10887 17981 7981 1229 8478 10975 6628 14404 6628 2502 6012 15638
3695 3849 14901 18152 18450 12927 11969 19045 18495 6388 3108 1586 8144 14018 8650 1326 14443 13390 17374 18720 708 5323 16290 13126 2293 3661
17226 6439 18174 2932 9976 7875 17090 6590 1992 16813 14018 5316 18607 5837 11889 12373 16800 8415 17351 392 5149 7709 16785 9346 13738 11590
15999 10207 11519 8497 14681 5884 1333 10693 18425 13348 19419 16585 14202 19108 14716 15271 14005 7354 82 9149 12437 1620 1613 18296 7656 4428
10866 15821 15208 4666 19793 12988 13401 18461 14662 872 9384 1238 14122 15056 2258 14026 17749 14030 6479 10229 8841 9061 16437 7508 11129 18154
2652 16700 6310 400 12589 19878 9257 11310 10260 16024 18208 12375 1892 9929 6115 6250 15537 5661 3271 16186 11100 9149 4034 15568 377 6213
15741 6308 14433 228 9661 9350 9488 14886 13978 16982 3734 10382 7291 8494 19923 257 16183 8106 15137 18606 17669 1872 11147 2451 10178 10190
10735 1729 7860 4393 15514 9644 7729 11113 5105 2334 14957 3953 13527 7717 2203 8976 15048 2149 18465 19625 2766 16914 1640 12204 16537 54
8118 5891 16553 17786 19339 13396 14317 11672 2963 16199 16490 6652 10813 8177 14372 19030 9084 11214 19417 2704 15695 3472 4405 1458 11896 15583
3380 5098 5762 9316 18898 7509 17972 5109 7945 2306 10558 3916 9800 12388 8906 18242 11489 17970 7472 3139 7268 14520 88 19213 7799 17525
6079 14429 12167 18388 7850 4888 5336 11553 8269 9890 2530 17970 12846 18611 6460 2275 10394 17665 1248 18085 5317 9350 6582 11660 8727 6081
11410 15387 14299 18604 5280 2310 9219 18218 17636 13915 2364 15358 9001 19149 107 5160 6915 16558 7319 12152 4374 19269 18958 11079 1461 16249
14044 3851 1692 6707 2069 15263 5353 1893 19787 5578 18455 7390 5563 1057 18482 2137 15025 18767 14771 6846 9145 13657 2149 8862 16031 430
13296 18959 11958 14403 15100 6089 12047 16612 1300 2499 7891 10217 19876 9358 4444 17624 6790 11699 15743 14190 19151 8160 17152 16332 6633 15813
4213 3964 16854 4758 7406 13736 10042 15885 6492 6136 1831 9447 2595 7146 11098 16824 8951 8713 5252 8448 7419 8912 279 19912 9514 3391
9759 16151 10029 8229 1634 16727 3966 12158 13295 3961 769 19693 1674 18011 1897 2262 19004 18255 10393 15626 16883 18588 8650 17760 4196 17635
15348 19671 14434 12217 1235 16341 2876 211 19666 2921 9809 6875 16217 10420 17894 983 19692 13694 6738 3283 3044 5513 4108 7333 35 18868
1900 15345 11585 16851 14630 12571 7458 17425 5801 16428 6062 643 14151 14904 2705 8205 18922 12659 10236 3399 1918 5479 2724 14788 8494 17311
15645 12957 4229 9855 3680 208 1988 1403 16654 13867 13663 10932 2960 4487 4470 2960 13516 14401 5186 16920 5986 1979 17224 15894 18008 11612
13088 9759 15378 17954 2555 7890 15472 1035 8792 13698 9908 11312 3697 15903 8954 4239 2414 15422 2203 4295 11522 5876 4447 17112 18660 1677
4418 5620 12823 3808 4717 13734 6979 12641 9749 15973 8877 7340 5329 12304 139 16343 1460 11947 13518 8953 2910 3083 8622 17560 204 12638
5816 19981 2053 1888 2937 8868 148 10292 7886 14116 9720 6424 8116 18669 1530 10984 19488 8687 9733 12660 10190 18932 12802 2184 13691 16702
4192 3066 1530 6885 10107 13602 7864 902 13670 16245 819 17229 14021 13513 19539 1108 7992 2603 9737 9491 11904 6333 4467 15855 3271 13139
15608 189 1952 2912 19843 2076 10041 8225 9861 2603 6346 11462 15373 12040 9680 18242 5549 18730 818 13607 14228 1870 15421 17558 3476 2862
3827 5678 2170 5510 6392 10657 6036 8352 7103 1925 6379 18036 6741 10144 13102 8122 8804 11213 8490 12771 1242 9609 5603 12923 15167 13319
4338 2054 16188 14004 5467 12661 5707 17470 7073 455 12567 11676 12465 607 13808 9747 12128 6907 5070 13933 3619 15508 15135 905 9468 10408
7021 4615 662 7740 17263 6696 11935 15521 11177 9282 17114 4428 13482 6833 19957 2362 14644 9289 17409 9294 4810 5854 11094 7248 7638 17683
17412 4515 3781 16352 3698 9224 12346 154 9833 1111 5107 18077 11447 15297 7355 12000 15448 19636 10457 697 4225 1713 7304 12938 16985 13332
3386 12520 18282 3094 14228 12920 4023 527 1591 15004 8494 1248 10538 15201 16997 14380 10177 19575 5550 14295 5761 4183 5232 19458 1952 16214
19917 12366 4607 333 68 11564 15999 7278 2864 17706 393 13458 14567 12498 4223 4836 18244 9254 2790 4956 2241 14798 9679 329 9539 8282
2959 17344 9011 16876 14229 14816 7788 15826 12509 3540 6890 16589 9261 14222 12237 18862 16161 7133 19006 15669 10579 15932 18714 18005 3967 18621
11883 12494 7602 12309 11215 8426 12620 12163 10570 476 17698 139 16550 9113 17496 19380 13325 2838 14980 2304 3092 10045 7689 11756 13320 925
14711 14748 16358 12694 4923 16201 19700 296 8896 928 16536 16189 5682 1383 14836 9170 6759 1541 17016 2615 7907 16185 8799 9623 10581 4840
14669 1956 10410 18589 266 11792 16454 1447 6929 19545 1950 5651 14909 14997 12676 2009 18811 7523 8209 16569 2732 19973 4412 4018 10008 8944
19807 3733 12455 4289 14214 13946 1830 18105 8160 14453 14363 19084 4932 4799 14286 6661 10830 1573 14320 9524 1201 4358 3124 125 11470 8734
8397 12986 17388 15142 2676 18102 1647 3483 475 12914 12019 4883 14779 8432 941 352 2472 19609 18889 18380 9323 19920 19401 1284 14905 17969
13050 19979 11804 18430 17280 7899 8608 4986 5481 5230 15715 12791 19715 14703 14010 14285 1073 2886 17489 10605 5460 573 11696 9288 18896 5099
3978 12873 9464 6417 14369 3258 2889 1802 14960 5649 11447 12517 9714 413 18620 19904 89 7098 3988 19271 19130 311 17331 185 4288 16300
16381 8241 8185 11514 6870 9960 11545 13180 12041 2126 3040 7915 16118 15420 18680 682 1040 16065 160 19225 19267 987 2997 14846 3867 9610
9165 12256 4778 4718 7741 14047 16553 12956 11512 4687 6001 15978 6304 14108 14395 6726 14032 1482 10167 18475 10070 14219 111 11203 5875 9974
13062 7185 13752 8978 1590 6980 13596 11006 8154 4581 11808 15877 18652 14788 19995 5612 19254 3108 11660 10482 6387 7487 7425 15847 5615 12107
18439 7545 9837 2765 17458 1854 2987 12552 19198 13917 18938 10778 17154 3630 16363 1604 7155 5491 17541 17266 15910 12308 18090 3483 5506 7520
3367 4100 5074 1876 18374 15182 13009 4691 9919 11353 10690 2480 6254 18333 7804 13508 6568 8687 1381 11542 18684 16698 4626 12383 17686 13113
18818 13392 18064 11265 11328 4086 14192 1440 7942 15289 2317 14072 1061 16052 8898 8872 4871 15080 19892 15901 6335 13470 7736 9108 11122 570
18994 17513 9340 856 14071 14442 5020 13535 6754 3903 2408 19343 18598 6135 6876 19993 17651 8079 12004 18967 11174 1266 4827 576 2882 11907
12123 7878 10553 13127 13451 12588 11624 15565 3708 7892 18811 11365 15243 12652 16244 14973 11201 19956 590 927 16675 409 2621 19456 1085 5364
12270 10275 17078 13643 3590 13893 9153 6675 17083 14737 11737 14661 11078 5421 5112 214 7757 1106 19973 18493 4902 16956 12267 10004 12579 15890
18309 12476 10605 10332 3344 4131 5623 12295 11501 15032 4660 15612 18005 12794 13158 9224 7723 19681 17229 8456 6839 15845 6174 2575 3787 2956
16780 5597 10968 12296 15258 5554 11752 14825 14539 7731 17896 17941 11403 18832 16814 8008 12270 12000 19965 12695 1092 7674 13729 2551 9847 17876
16486 12298 921 4338 6471 7363 18310 6342 6589 9245 213 4288 18777 14558 18926 19482 11455 10266 15499 17785 9496 1953 16661 15091 1636 10605
19364 19120 11986 654 18593 9556 2806 5738 3337 6407 18257 17838 8527 6327 19480 2490 12615 11898 4003 18464 7380 19684 17771 4434 11981 16251
5084 14438 13327 18669 11917 3545 10565 16207 18634 6851 18324 2824 3335 7022 700 13461 16961 13827 5209 6242 5966 8200 6129 13645 6336 10294
16377 7293 17487 10374 9377 11151 19822 14119 19014 1129 16596 5010 10225 13346 14055 4731 10257 19131 4743 6594 13226 13626 12625 15478 2646 4308
9435 19263 713 1920 14070 5816 9001 17032 19256 7249 2497 5784 10326 3568 3157 19193 11922 6752 4500 15298 6977 486 17418 7024 16380 2464
9025 11383 12141 2104 13522 71 17631 6698 4646 15699 6700 15293 13185 7497 6080 12105 3532 12675 7500 3464 17670 8661 12991 14271 5515 18368
13859 15681 8215 19845 2346 15361 16441 16163 11010 8843 12205 9435 4260 7930 9584 17580 19850 10270 18149 17843 16914 14010 10786 18960 3425 4549
12867 4882 816 4293 14716 13360 17178 11940 3232 11717 5990 9749 11131 8303 7018 13470 1388 12535 12722 1270 12253 3684 18440 12662 8735 13356
8615 17016 17689 12827 19495 15034 1211 14134 9486 10766 11778 11128 4705 10356 19790 10008 915 19050 13607 7999 19228 2769 5410 1623 16078 4448
16697 13288 11802 2660 5114 19996 7502 4853 8960 5910 12101 18174 3435 11759 17789 2511 7073 7296 9398 19878 8479 8763 5589 6289 1435 8279
10788 19232 19251 12610 4502 3728 10503 2634 4679 15572 15940 16986 3106 6018 6160 3865 8780 135 3328 3719 5844 1975 16202 7129 5083 4411
2599 13785 3848 7779 17308 3067 16149 2364 3178 7506 11075 7922 7678 5601 16883 17853 5894 4780 16783 15573 8122 2534 579 3054 12394 17281
10359 15607 10222 5759 6381 17100 10902 19382 15094 15566 2130 9500 4854 19729 11682 5040 18532 1423 10257 19956 4381 17760 7544 6010 9594 14646
1339 11090 5023 388 17662 13442 3963 12323 6224 16548 16547 19949 19178 1836 3676 10585 2095 4336 1897 3087 4197 12441 19453 5921 1872 5132
12565 7241 4671 16331 2867 17674 19662 4316 8409 16627 12954 17558 5582 14184 3459 8168 7848 3438 18907 15031 2036 19727 4573 18035 4158 14702
11194 14647 2472 2027 16504 10037 3659 4487 11187 5620 1844 11126 3349 17787 17623 3579 13712 4338 4761 6952 2396 18446 19993 15038 7855 18825
116 10719 3235 12378 1654 12499 14221 13863 19039 1275 6608 3801 4354 8745 8878 14494 13660 8544 18556 1326 408 11692 13053 10140 17161 4957
5995 5417 8169 314 344 688 19524 12833 12706 9762 6938 5841 17425 11361 3545 2268 9952 4551 4268 13677 15672 19444 1688 2044 16563 12368
17035 13817 9301 15674 19309 17442 10043 19611 7078 7577 2827 8646 1616 11679 13391 15496 11623 15758 5646 9973 2781 6912 19075 14517 4904 17967
11121 5490 13797 12898 7198 13159 16313 2896 19143 13886 11798 4684 19449 16689 19303 14319 16272 4711 4907 9253 19886 19056 1732 18329 14541 2660
16875 18479 9472 4749 9840 16356 1261 16506 16942 14767 3046 11837 2930 13876 8068 14033 7483 17092 13170 629 6087 16708 17420 16131 8398 10124
19061 18920 19887 7072 16055 16661 6300 3816 278 5428 3323 16315 8518 12919 18763 17850 9204 6804 9742 13913 6387 627 3789 12854 5870 10655
335 19918 18093 5149 3004 2622 5038 4753 5540 7023 3589 14550 4179 18094 18934 13954 4817 7412 12426 7204 9956 14822 8473 11926 17661 5187
6156 15003 15395 8391 1896 7374 2768 16228 17127 1980 6366 9913 8978 19095 5964 17197 7188 4272 1275 8194 17775 12196 9647 2627 1754 15821
12581 1022 11709 2544 6039 4311 18425 1420 17786 9514 7152 5025 18500 9571 11064 15285 6444 6227 3785 7542 16584 2217 890 14672 4344 18117
15964 12720 8677 12897 10312 11456 8330 8675 4358 813 1997 7676 3509 5172 1438 15103 7807 1792 16566 4554 17144 5718 7655 4461 5911 15701
6091 2934 8031 10024 12604 939 12416 248 6820 6043 3408 16725 10385 6042 17790 14602 5900 8590 6012 17748 830 15827 1612 5803 19911 16337
1149 19019 7807 11119 11464 7139 4691 10496 19164 625 17496 13308 1389 15523 15003 9063 13081 6700 734 316 4676 2653 6725 17359 3939 10724
14795 12095 13589 17639 17725 2309 12115 12362 19138 15583 16053 4524 1403 3614 7439 4300 19734 6174 14950 7240 7261 9560 9235 8502 5090 13702
11501 4610 17991 19687 12737 4396 16208 10156 6134 658 10588 18729 19651 8162 17640 13331 18059 18939 3830 15058 5071 3978 8141 945 9778 14737
5367 9014 8948 11104 8633 14146 14283 4605 7552 16946 19608 9826 2443 7060 13976 17521 5005 13419 1459 14145 15603 6965 11864 2772 5890 793
10917 6515 8639 7576 2473 19499 7201 4190 7441 6500 893 10386 13953 17059 6164 6284 2111 19774 2714 18066 4461 19418 13313 10504 19093 14165
444 6549 13974 10767 6854 6527 15404 1518 15707 1617 3067 2782 12028 8189 11141 6873 19599 17918 2765 15162 10105 17262 1758 3234 17801 2221
15023 531 7535 15327 2334 4687 5625 11615 11766 16164 437 2444 17383 11077 16236 19040 18737 278 5364 6004 19338 8577 143 12208 9910 16285
8917 7466 11631 6780 9175 18496 5150 3647 434 17093 9100 9906 4821 11827 16589 10208 15502 18093 731 11675 12215 11584 19099 1752 3693 3108
8683 19296 1966 10008 499 17353 5893 14353 2279 4631 19615 7509 2591 17824 9435 19497 10830 12979 15219 17363 19590 9511 16920 18145 14914 16851
17785 8574 11668 3167 15596 14369 13410 13006 15603 5960 12571 973 17092 16505 14720 17057 6934 5812 6845 8980 885 11720 6398 9492 5844 2198
3429 10985 808 10378 15649 11552 19852 3288 12048 15353 5043 18656 10774 7445 506 10647 15033 1918 19617 4515 8489 12517 5741 16793 2624 16147
16812 19768 1332 8007 16059 6735 14788 15636 14133 13701 9297 16406 13761 9336 8805 18355 10626 19267 17618 9709 1923 5297 2474 2765 362 7964
13140 19986 2680 4360 16305 11380 17200 17017 5281 8577 8573 18823 18842 18564 9589 17483 7803 10238 10460 1955 2133 3634 4255 13175 12083 3022
2644 9122 6664 7239 17657 19126 4115 16103 9062 3601 2777 2156 13434 7664 7542 11930 18425 17433 3175 15549 17044 13541 7007 4931 8420 11734
3661 3326 14168 8967 10924 8179 17549 7452 4775 1112 4900 13129 5749 5200 7677 9918 7979 6702 17364 19476 6261 4479 4279 46 7844 63
