365
2 13 95 44 45 78 47 34 90 88 1 93 75 2 22 35 18 81 91 78 85 26 26 94 82 37
8857 12483 12732 7041 10383 5691 206 19805 4 14133 5550 1106 2418 6273 10114 15496 7186 13744 4721 7376 1640 18265 10798 4690 19842 6538
8072 19462 17653 12994 18668 8862 15480 2520 4387 10920 11447 16840 11823 19528 686 5899 1464 1364 18030 19818 6127 5734 15468 18087 19478 4268
264 4505 3179 18576 1903 18391 3773 19786 17998 5600 7716 12255 6708 19238 1663 18668 14645 14847 17890 19990 3962 8213 1843 301 16286 8505
1361 4627 7931 9166 2086 296 15416 14289 8433 8590 13305 1339 9930 6487 6863 11397 1030 10871 9572 13020 6546 8530 17176 10106 4902 1163
1028 12894 10362 135 15651 6570 10710 12068 12795 1224 5979 11526 14015 372 19812 276 2006 17242 15013 11169 2835 18304 7750 3984 19144 14251
2581 1935 993 12049 15802 16245 14732 3647 4824 7214 6934 19587 18076 19962 2101 10419 1690 1855 640 13343 7229 2031 2788 19856 10489 7507
2614 16300 18766 4874 962 9796 17435 14933 4112 12870 12700 31 15824 793 10512 4931 17788 3459 139 19975 3525 10485 14055 3897 4123 4226
1588 13257 16373 4310 15283 13809 15178 8818 9456 13023 18999 11150 18982 18548 2557 10834 9957 17743 16975 4100 1513 12841 16442 9729 6410 1539
3650 7509 16589 13190 9136 3189 8895 5855 18447 1973 16617 3051 12522 7875 2014 19418 8805 18753 13429 8294 10580 19599 16781 5089 19663 19397
1856 11659 19331 4249 4077 18691 19993 11681 19769 4207 6076 11021 17381 18315 9573 15002 1619 6013 17011 5750 8933 6316 10966 13676 18532 15454
13720 14463 17416 3352 336 16953 2887 1706 8139 8434 78 12423 14302 7165 580 1372 12799 11058 9099 13607 3724 2713 9561 18235 19545 4475
18448 13664 16243 9694 9770 17263 1058 14572 463 8599 8482 8849 19769 1203 4787 5963 18136 17990 9962 10585 14949 501 7566 18907 19580 12330
11854 15688 13849 14997 18405 2948 6464 3758 7404 8602 4161 17449 7187 7467 11335 7799 13254 10508 12629 13954 15081 11634 15455 9500 1788 230
8867 767 4442 14734 13228 7859 16319 19712 8747 4050 10411 19614 5529 8491 11116 9541 16432 16097 8650 17199 10091 5851 10395 16145 5087 299
2528 8694 14325 10630 19035 9681 7637 13742 5547 18166 13724 11421 15275 8155 9127 3243 8663 11111 15279 11119 6997 198 7657 19164 2769 19165
738 6264 19210 2689 4959 9875 9774 8932 3309 12224 3354 7831 17389 12339 15633 3502 11143 18207 13368 18852 10346 17271 13757 4321 7801 5824
6950 1622 3788 10037 6780 15872 13650 5901 19994 10616 8775 5646 1398 18472 6784 7546 12948 17441 12740 290 16192 12141 14695 17010 14675 11550
14313 11219 17612 8210 14331 16594 3891 19583 3375 12377 14973 9623 5542 1873 18565 8449 5278 11233 4935 9556 2690 468 1862 12166 15178 18041
12479 817 15703 18987 12115 11794 3283 5240 17389 11474 13480 3408 15508 12279 15990 10800 1485 13164 16859 14210 15859 7496 12040 18358 7905 15514
16196 1378 10696 2801 722 9310 5119 838 14274 6783 18976 18196 16267 13834 18016 9123 137 2083 3627 1796 8401 5451 17140 8327 13844 5136
13236 12627 498 14021 18978 3187 5715 18243 19394 8035 5034 2290 9593 16626 13786 19113 19880 5819 14391 9989 2966 17420 4034 9383 9949 7703
4374 1571 469 17637 17367 9742 14028 3409 8196 18727 19437 3060 17627 3826 4395 12543 17212 15441 11827 254 16225 12649 287 12920 1861 2924
18657 17608 15650 527 5749 8063 13072 1243 4533 4250 16358 19930 4196 13045 16120 2545 8457 14687 16019 16881 4119 2640 18800 19027 18160 8252
1346 3794 2214 4838 19932 17437 9656 8085 5544 10296 7575 2589 17830 14619 1806 3109 19703 10279 2181 668 13833 6977 6378 3749 9665 3513
5380 7093 14195 6668 16449 17743 1957 15423 6898 5543 15329 17227 9042 14432 5624 16362 15057 5499 2609 16260 5928 18303 15794 1817 18136 8399
2936 5789 17655 16349 11698 18735 11821 12908 18712 12865 7472 13337 9889 5787 10167 18551 4980 9263 10924 1707 160 7367 13477 975 14149 16958
3413 11274 16013 7795 6836 17791 3297 19691 7175 14461 4382 12992 19770 9436 1463 14530 6268 2981 13491 10342 5535 8646 15163 1870 8869 10842
6515 9518 437 7782 6352 10128 6845 12501 11723 227 4478 1858 2144 1364 15710 14474 8297 18534 14410 14774 8796 19458 10646 8902 1071 3008
678 6568 5849 10908 5184 12633 13361 1597 13577 5467 11796 11551 16943 13016 14419 11093 17777 5796 16414 15963 14836 1333 740 18287 200 19035
1662 6441 4970 17248 7205 19105 9457 18630 1963 645 9813 14185 1635 15243 15507 16418 19685 1556 15539 1099 1030 2278 6536 3568 17018 10685
17593 18690 13801 16304 1153 14472 7882 6810 2083 19133 6300 7886 6285 18236 207 12737 19345 7163 11932 1243 11172 11854 15740 12288 15716 8249
11965 14588 19748 14211 1647 13253 16847 11657 9591 1570 9571 11624 17955 5129 18426 9981 17181 16194 11957 9077 7679 16338 7840 6509 19616 662
4404 10515 15950 10822 18957 8332 12465 15788 8621 3587 17550 4984 15907 19488 7628 17868 14876 16504 15883 14505 11042 19917 423 3212 13573 16717
17905 8138 2756 6170 4909 8886 3110 12701 12237 17565 16649 11367 16149 2531 1905 5430 16922 13299 8462 14241 3171 4111 5956 4582 3075 15044
18798 5695 15319 3540 311 10973 319 19007 1451 11803 9872 18146 15375 9944 14769 5386 14994 16852 4861 2392 6713 16557 13614 8397 11278 15465
18922 522 17584 1279 56 223 11116 17861 15930 2680 478 11222 6530 6971 129 14668 18813 4934 18223 17553 1216 9915 7435 19659 5971 8430
10910 3389 6685 643 3831 3645 11462 6742 5813 5125 8119 13321 2074 1451 11409 6666 7757 17173 13653 19050 10418 18854 15758 4608 3933 19863
17820 13610 17722 2288 11738 13504 16592 17498 5019 3416 15567 10843 6796 9087 8386 8390 3298 7850 5060 5176 12939 3312 3749 9272 18537 12200
11311 11740 359 13940 6910 2155 11949 17924 2522 12050 4995 10135 17817 2796 15403 1591 17851 6655 682 4008 7229 10731 1636 180 10853 18436
2898 16471 11871 13863 13232 1371 17888 17970 9376 13062 6126 1130 14491 13857 9035 18120 17910 5817 6238 18244 9889 12539 16107 7315 13738 13155
3806 3057 3609 19974 19086 19820 19541 8807 11283 2197 3814 5061 1576 5346 6002 4814 8410 14763 18044 11283 6319 9384 7579 19927 18578 11186
8375 10862 5233 4135 15245 14789 8139 18689 4249 6704 15235 18060 17651 7577 15230 520 16911 10645 12731 15792 1644 3195 18264 15137 14486 3331
473 18523 14747 1305 17620 13309 12602 19921 18453 12408 4666 8545 8456 10640 17328 11794 7695 15934 10561 11093 2514 6313 5110 15829 17718 12538
4872 10723 13185 15309 5375 7486 606 2678 18805 4516 4868 2192 19323 12809 13958 1509 15321 11209 15766 10845 18418 12766 10233 2913 5938 5765
19251 8277 342 8168 12831 19710 8040 8855 7271 6766 13605 5485 13603 1256 15246 9175 6988 14619 2057 2948 7539 7116 1974 13202 10379 7322
15410 19257 15942 5204 19273 15701 1972 632 754 811 4634 12327 15534 7511 12174 1244 7292 6756 3501 16359 16330 8686 14825 9945 8223 5431
4798 19377 14068 10152 19388 19034 12474 7790 19045 15259 13456 18259 433 4870 15318 4591 1438 10822 8894 11226 14377 15422 3350 3634 4104 16545
13451 19664 4313 19911 10402 12960 17079 5015 7513 8469 6606 9099 8084 16905 12833 6822 16186 17496 3807 18515 1574 1893 9543 18045 1541 14498
6950 1178 15644 703 577 3312 5511 1777 19422 2791 10612 401 8758 6847 7810 9640 11889 8226 3334 1434 15809 11728 18898 10913 10068 18091
19514 9067 1865 7283 10367 13670 18275 13439 4906 19813 17164 12534 6495 3398 4611 455 18411 10002 18096 19854 4817 15837 17989 1048 8965 10438
7816 17971 7565 15711 19652 3820 15422 8917 3015 18017 19937 18125 3888 6813 14076 9382 16991 830 16154 3640 13540 19396 16474 15536 4255 14846
6209 2836 435 15092 13709 3892 2512 13658 13874 2203 11829 5911 6693 12465 15293 4581 8030 2539 4307 16708 15528 12079 7352 2171 5361 3973
10209 4880 5030 14990 10194 19944 4353 6499 10426 12681 8605 18495 14532 4305 1242 5963 4866 2229 16636 15882 9996 5384 8507 16648 17777 6176
1579 15108 4464 10686 15364 15110 11937 17165 3802 6770 2224 4471 7568 11693 17390 10282 7761 19097 17244 1450 13770 5582 10429 17001 13574 12046
3202 5766 1176 9314 8206 6747 18289 13588 14404 9998 13576 19844 15928 12294 19871 7662 13468 5191 7322 6407 2832 595 728 4317 5450 18520
2740 474 4514 6438 15742 3551 10620 2986 17984 4750 5568 4197 5341 6596 13726 7923 18098 8383 18832 5006 6983 12556 18287 17963 15271 14510
5748 12561 11975 1699 8506 14303 18454 464 2821 7386 17049 2520 9561 13251 11208 18866 13169 9837 18984 11119 19135 319 5650 196 6408 14492
7757 9768 1756 15225 12916 4398 4829 1709 4598 7206 1097 1528 3746 6803 1799 12927 13566 5760 16796 1679 14369 7206 8320 3240 6198 13451
4599 444 17526 10323 12160 12541 10384 10095 18661 2436 9203 17647 19645 9600 11163 3512 18973 16532 5456 3695 13450 5125 18928 377 5825 13605
5228 4001 6344 14067 12920 7100 15880 13683 3570 14025 19492 13158 10567 1447 19348 18003 13659 17219 2741 11821 5420 10186 4819 2043 18187 12232
10946 9437 17203 6995 17399 18683 10914 12797 15655 3219 18948 884 19641 3236 7285 4338 11522 4017 11942 17012 5141 2318 6886 14137 13067 2066
6577 8080 6074 14796 10491 16313 5780 9184 9647 15019 2820 3035 19839 16842 1022 12141 7975 669 7898 13061 778 7968 4106 8785 2156 1382
10155 16195 13877 18788 3407 7927 2715 19940 9483 8594 6441 12886 114 2326 13306 7134 16310 1208 1606 8696 4479 582 15079 2526 17770 9168
11440 9899 15286 4206 11478 19937 5040 11847 14104 15239 13105 19237 10432 5950 7099 19056 16461 4363 5789 10075 1185 18855 12987 18259 12392 2739
17835 2435 15296 12337 15379 11877 3845 928 16484 5332 3667 14956 11544 1799 13154 16937 13444 9449 16697 6819 13328 10429 18606 3636 19701 13257
8447 19257 14523 7923 14915 16253 12896 8427 14324 13849 16367 2063 12901 2138 12670 5478 18759 417 3754 18615 12355 6588 15951 1788 8889 10923
16236 16704 14525 13379 8315 5211 8908 19780 510 18715 4151 9309 19194 1713 9492 18106 9020 18728 17554 6164 19742 17677 16869 484 2414 5103
8015 14536 15461 6470 3883 8796 7536 1887 9413 7387 2819 2252 15942 3533 11301 10584 3527 7196 6990 12640 27 3300 14413 9415 1104 19267
10468 11560 9522 750 1082 19641 4305 16013 8944 11134 18619 18733 17047 9928 12593 4336 17979 2872 16498 18201 17598 1170 13757 14897 16392 1384
18405 15189 17998 6076 11288 11873 5547 10306 7276 2566 2450 10214 17348 15309 235 16897 6195 11894 19191 10252 3843 17436 1259 12326 1811 17674
15290 13381 11173 16214 14240 19487 16205 2786 3057 1224 19877 16053 1857 18557 19684 847 6311 9117 5091 13215 13183 8662 2847 4368 19389 17309
13834 8935 5675 6776 14363 16777 11361 2709 6911 9070 7864 8729 9409 14256 7077 727 2638 5752 3929 13435 2109 17458 13672 18972 12009 2192
17380 3642 780 12744 6057 8617 12389 1523 13876 15061 17511 4254 5703 820 8183 17526 10212 16625 12541 11915 12514 349 10267 8450 732 6684
5351 16747 18092 5874 6303 3849 15222 16952 14614 13719 7539 11373 10483 4827 9819 1730 12513 3018 8277 17362 8600 19603 10412 3926 17337 2586
11836 14787 13891 5682 8955 6905 17504 18739 9903 4418 18527 8459 19692 2196 15559 2783 19848 11302 17126 844 6950 3162 17393 17732 7622 18545
19981 7729 19464 1546 14477 15851 14890 18009 9080 14966 19467 16096 7306 5481 11511 6643 2586 13243 12945 17800 19053 4838 12723 12473 16169 12430
16278 14953 14243 7529 11903 9222 4002 10703 9551 2047 4223 3275 1812 14820 12377 1397 7288 19715 4171 18180 7907 5038 16863 10931 15019 8246
11697 17179 12265 13321 9395 17769 11464 13727 5568 3232 2181 15293 12349 19871 17079 1206 1935 19797 5446 13049 9092 5424 6530 412 8361 14400
4194 9651 9196 10933 297 4149 8050 4717 6709 10609 134 13362 15663 11298 9833 14786 416 12688 2304 19173 503 14963 9800 9684 5631 14474
2035 10044 9949 14205 17956 6699 6340 5111 517 9566 13069 10800 6572 7991 8414 13164 7761 19903 19101 15997 1798 11853 555 8203 3440 9625
17074 10657 19290 317 15926 14085 12127 3625 15262 11937 16478 13258 8892 1498 9198 1483 5699 19275 13157 8011 11186 19025 10094 19099 16420 6498
12588 1359 6552 15095 4124 7181 8549 7561 5607 12169 10669 8167 18596 19420 12837 13116 2225 5459 15088 11994 16434 92 4531 6332 12768 10206
16947 17722 6067 12638 6172 16147 5208 8323 17134 787 13312 10783 10346 3866 11184 192 10433 1814 10375 7213 7429 4588 17448 5689 2179 3588
4466 13321 6652 8904 14398 9783 18059 4826 2517 8449 10975 4704 15765 16591 7665 3709 2463 9553 15623 19090 7792 19396 120 4247 17194 16542
5784 1806 11672 19662 75 6332 5719 2147 15010 9591 15087 9829 17210 10138 8881 7801 11931 14931 11142 14301 9928 18361 750 2258 5608 2538
15552 16098 13563 4117 16776 11971 6672 5317 13579 13884 913 4679 11888 12866 9327 5139 1404 16070 3201 10402 7705 9920 9669 13414 10573 5006
7402 9547 19505 10416 1389 12390 16367 15393 456 1094 4918 16105 6986 1954 8530 13238 16310 3780 19286 4371 14745 1281 7530 5151 8072 10741
13768 14648 1547 13714 9834 2661 4820 18136 14851 7375 1912 19175 14201 4721 11075 9407 16522 4846 19241 19532 4154 12888 1631 15850 5747 8371
3166 6178 10953 5606 889 15422 4268 2692 201 2448 9606 12884 19887 5018 7522 234 6636 3955 6981 17539 10191 7818 8074 10726 19283 13331
1111 17308 7006 4630 10880 18282 4559 9764 9203 17696 8398 13475 10418 15407 9391 5798 2168 3416 10731 7190 12498 247 17857 13518 80 3890
2852 10113 2583 15939 4951 19069 17393 3108 19169 15744 919 7941 649 2109 6050 1242 14756 3507 10354 11879 19665 6410 17115 7133 3181 15167
12691 9114 18734 7521 4790 14200 19107 17453 8710 11802 9486 12126 4636 8916 6706 14460 9052 12694 17612 17190 14003 628 1797 2713 5842 18612
18655 914 19960 9173 19481 14390 18083 7908 19459 11261 281 16045 134 6033 16726 19680 8456 11301 19384 9878 12478 12595 5317 18401 17222 1894
10799 2144 10140 5720 8209 16265 1372 3192 4552 19089 18697 15095 11811 6967 11053 17012 3580 9035 4476 9225 11047 2849 2900 6897 18160 15909
11472 10334 17079 19769 11923 4424 10865 17934 19604 7480 18736 4967 15066 19711 12987 7248 10723 2035 8949 2050 18624 19920 10070 8343 10025 2175
7924 5659 14836 10338 10578 9410 7747 3834 19446 18825 17292 9872 3725 9356 12927 14048 15173 2912 7626 9032 13433 12845 8457 14845 1514 9821
9051 8139 12560 9840 17873 5680 19352 7041 13340 8612 7711 17027 10513 17478 19019 2498 10610 12674 11166 19210 5325 15980 1973 14833 2009 14781
14993 11250 17877 4014 2177 15809 6066 14891 17289 16994 15638 18769 11345 13213 5068 16233 18131 7665 5309 2050 10942 16317 5755 11880 10798 4549
4050 13599 6775 12065 17939 12541 11810 9789 5041 17915 9306 460 19345 202 9365 4972 13750 16358 19514 13154 6390 9394 4885 12103 11200 18042
2136 12211 3428 19469 11667 8533 17128 2110 13930 13900 7924 17264 11270 1054 1339 3449 14610 14619 5085 19211 18323 9186 7565 8982 15711 17155
8796 1738 12643 10473 5687 1160 11365 1130 9907 18277 4245 2126 5383 5342 7366 16659 965 16929 3250 10302 12875 18872 11686 19707 18262 16256
18712 13449 4598 8186 14939 15357 2891 15477 10756 4301 3734 7821 4685 4416 11578 3755 10351 1644 12906 3412 17439 10355 3375 9704 8137 8646
13758 8667 534 5181 98 1155 3907 4133 19465 8959 3744 7792 15874 13005 12238 7396 12259 2639 11281 3911 4224 15958 7490 12122 9607 10921
3617 19375 17014 13392 1002 18184 3776 1431 12477 15529 16354 5792 8396 1140 12779 15127 6664 15624 10483 11355 17247 16152 15778 7705 3991 12986
8828 7125 3372 19308 7436 10006 6511 6205 10062 19358 11843 1075 11607 15652 6501 18937 4704 3803 9902 11269 8155 7198 14453 14955 1898 19477
2248 4087 3382 19210 10197 7176 14702 4105 14662 14284 3755 14359 18911 11160 11625 13678 922 5521 9563 6335 6386 9473 18537 1074 17756 7832
6908 7153 606 8302 18952 304 12772 13679 7182 11275 14892 5161 1323 8292 1205 4988 15546 2807 973 3767 3879 14594 5619 4481 12428 8297
11423 15123 18366 10293 15292 7854 8783 12536 6919 14053 9883 19144 25 1252 18778 10619 10456 14630 282 9118 6301 4399 7716 16437 11311 10050
3230 12266 19045 4544 1462 19341 9505 9032 10764 5549 8554 10567 4442 16180 1441 14607 7047 19163 9392 14125 6624 7714 6964 2500 4104 5226
7730 8223 18004 16837 9658 18734 1796 11345 3663 12453 16338 12563 16412 5303 10263 13632 12314 287 14571 12904 14917 3009 7943 8617 15968 16069
11746 5555 7697 11557 457 5222 11245 17531 9672 6251 10503 17887 8238 19329 14197 4879 12425 4946 5582 5684 9120 14120 13888 19561 3824 14571
3962 9181 10463 9928 17577 9809 2190 9841 610 19679 12394 10472 14838 2662 16540 19450 5577 1578 10556 6616 12045 14638 18451 13631 16085 7603
11887 4225 18501 2207 15106 10402 5581 16507 11513 10961 11625 17390 15220 17396 17362 3160 5524 5992 14885 2331 15835 12031 18184 15432 295 1383
719 13685 2900 5905 11786 16678 9760 14256 7858 14631 3756 7030 10518 19189 1160 8275 9928 8044 12310 616 19818 2349 17626 2172 6264 9779
15171 16783 13659 19349 18550 451 6468 9871 8644 10893 5078 12066 16914 14474 14469 10569 18429 8900 12127 7640 3801 8763 12829 14778 8330 12644
17846 9882 17127 8346 12692 4279 5022 6450 1212 18884 11545 16953 11402 1595 5329 16014 12532 4693 1004 6161 14364 19992 12998 622 7139 416
2439 3254 12260 7220 1052 18574 17362 4513 14214 6954 17218 9457 10273 12427 7288 17227 2405 4308 519 14664 13418 2198 10001 17699 4843 4930
10727 7638 824 14038 11880 18556 3902 12528 15222 10386 16142 2572 17772 14439 16665 13475 15506 12401 14070 8266 18104 13100 5281 8028 2756 6801
11680 3488 4375 19240 5140 12670 12377 1404 2767 10250 6954 2815 16635 17339 5378 6027 15862 13509 1111 14151 8425 6138 3085 6269 14492 8616
286 10436 2110 10111 2532 1326 14028 15533 14463 18299 1324 12850 17488 10677 6371 10761 14755 11617 17028 277 3098 19777 10931 4482 5740 515
18947 14161 10546 19324 7254 15915 19441 16797 14937 2141 4306 6057 17670 18209 5656 14888 3884 13052 674 6113 10527 10177 6410 17982 5546 4071
4705 3761 12942 8848 643 9668 2728 14423 37 19169 19626 16331 12381 10998 15002 2811 18256 9608 13576 8486 4014 16144 11682 16939 9494 1356
15203 14813 7847 5709 18337 16619 12339 13656 112 8204 6982 8056 3183 15509 7274 15906 6031 3411 19696 19967 18557 13436 6443 19307 7667 6731
898 18319 1109 3870 2747 9248 19676 15775 7687 4675 1873 11839 294 11585 18438 10998 1338 11006 6536 12095 9315 2634 1411 8814 16085 16061
6546 11070 16441 10567 14 5129 3130 16556 14607 18295 18867 14519 10787 14980 19013 12865 10452 7230 11894 2761 723 107 3072 17692 9466 14561
14796 17749 7749 1778 10100 114 10219 12770 12083 6470 2082 15413 17674 7757 9943 7916 7598 3968 4402 3153 17933 6137 178 18212 4104 19008
12541 15516 16532 13012 11725 5575 13099 562 6476 16364 14608 2477 4816 16097 12432 630 19294 1342 3903 12293 8615 1379 15055 5538 17942 13349
15697 13185 13429 9494 7913 4690 14375 13836 6720 5394 9348 10560 4857 18654 17208 12371 6380 19307 1004 7179 19562 14580 2803 19461 5842 12088
5499 8017 8059 14493 4311 17641 10950 2414 16230 11155 12551 2631 11692 3223 15923 11399 7248 14203 12915 5244 4153 18919 17585 17946 15033 5622
12089 5826 4087 1729 6756 333 11159 15734 12924 19319 16292 2591 1214 16436 9184 245 14371 7390 15656 3953 3602 4700 3615 19070 12362 13906
16035 9551 4478 10494 19562 19918 9932 12332 13030 16732 10680 7905 5120 7533 720 10542 1072 17679 10121 9052 5917 18866 4978 7705 133 7624
3287 10120 549 8596 2161 5182 18281 14416 18945 4509 810 17224 19887 4561 6051 17754 12750 2408 7194 13172 12852 7227 213 11654 17989 1417
4882 17840 12879 10215 5509 10955 18887 9501 9487 14812 19788 19730 14381 14851 3050 8682 17875 12115 189 11997 12187 18828 13368 12240 6519 18565
137 16337 4116 18118 2143 17988 10810 4886 14433 19005 18125 8514 12898 19329 3950 12108 15049 9466 747 16095 9168 18040 4466 18805 15447 18931
12473 16447 1537 5960 19763 8393 1991 3736 14230 16212 4484 5549 1633 17981 12941 874 14156 17633 11989 12010 8812 14053 5988 19106 11193 1141
5884 7581 9970 16403 14443 2560 19804 17568 14734 14340 4311 17729 6258 5773 6296 4802 4263 9403 9611 14570 19822 13167 6870 3644 17381 7350
15086 19352 10640 3095 17410 1724 19785 10847 10405 5545 8693 13187 18105 11537 14387 2166 16555 14724 13008 11269 8498 12615 729 3042 5973 2956
13947 1955 4050 10302 18965 17142 16249 965 15395 4803 13432 19436 14035 8107 73 2319 13380 2066 16051 18868 8661 11957 4532 11691 11686 18659
11762 2274 13794 11683 13241 14315 8485 18961 12150 12574 15914 13159 5069 5548 8049 11199 8643 9339 6727 6396 16279 204 8915 4002 12811 9591
4825 1725 1821 6528 10069 572 2625 19329 13120 4596 6676 16358 10129 8282 4583 16410 432 4795 19132 8603 11767 12556 19368 15301 1765 15818
7659 1893 10907 477 8950 7230 4586 9870 9313 2454 10693 11085 15353 9110 14297 11829 13776 6684 10180 5975 2512 6452 11979 2796 18708 12500
12629 19052 1912 4564 3862 1847 18238 11891 3216 10828 17586 1975 13489 3434 19318 7821 18940 14719 69 18457 7431 9339 11748 8932 1178 6541
937 17737 16509 6763 8819 8965 5815 16234 18331 18429 5568 11371 1338 5895 3456 12803 210 16835 17292 15792 7048 6931 16295 17539 11255 16432
11958 9358 1622 7334 5074 450 14731 15054 10327 7266 11684 4313 5 18561 11754 17881 8701 4966 5319 10501 4594 6985 11013 18197 16440 13330
6613 19910 3885 2030 13774 747 12065 13331 13579 295 18788 9474 18826 7280 3230 15653 9566 9317 12430 13458 18246 13643 8935 11178 10493 10495
7352 2660 14481 10662 6937 17859 3379 13368 3428 11304 7841 3229 2608 12652 7862 18466 10635 344 1917 15175 2845 19275 18418 7106 11626 3696
5098 5799 15865 16153 13364 7817 1682 18543 17500 15978 14811 19402 11489 15491 7274 2529 2175 1204 2012 9459 15352 17176 13039 19667 2057 8687
14246 18514 6204 17418 1692 2835 7365 16957 16175 1122 2093 8194 2289 13150 18472 18163 6129 7821 2475 4994 1597 19564 4520 1584 7466 6533
13649 2176 13630 12141 2414 546 14333 16020 16012 12468 1149 16380 8124 13719 19258 2503 11466 14047 1728 11246 12739 9536 12373 18001 10689 9568
8674 2696 15662 6942 2096 13782 1584 16687 10105 16531 18191 4735 15564 12888 17129 13587 418 3393 17878 14079 10149 18571 17130 17981 6584 13691
2203 14377 5750 19953 401 12667 16604 10812 10162 11362 2715 11040 10148 3436 18815 4671 13687 12575 6704 15410 18403 15626 8392 7605 9428 19927
3648 1163 12233 6641 10301 13847 2921 14887 2901 5732 8401 8888 9723 17627 46 19929 11444 6295 12052 1782 11654 14318 2141 14491 16336 13407
738 5468 9458 192 10482 8048 17534 6777 13167 4612 18574 14820 13086 19854 3448 14855 8249 337 9047 1939 3367 5767 1076 10804 80 14079
16451 3759 14557 9079 2533 9539 6592 8275 15770 11519 4219 13652 18283 3687 110 15430 3199 6112 2001 4901 3210 7405 16794 3777 7171 19276
6057 14663 10620 15353 1783 9708 3990 17918 17743 3927 2583 12707 3690 14577 1663 5592 4754 14183 17089 8527 2031 10734 8281 9852 11132 10285
10235 14610 14766 17360 1067 15267 18364 13331 18351 10184 17324 18503 11837 1283 6188 19516 6716 8484 8755 7541 3237 3442 8135 10422 19384 3773
4685 13956 321 10397 5126 16887 3180 6083 8429 1253 13757 2041 8847 15415 3284 1273 16075 13937 7667 17420 3769 9300 10020 13325 15747 3716
13300 15609 11877 7928 13204 18723 11711 10628 18603 17981 10398 12611 11374 15 14918 17992 2023 11804 17753 8081 5013 15734 12933 12426 9370 2822
9670 12710 19920 10064 3090 15633 13674 16486 14923 7004 12945 18755 9720 8198 16178 6092 16652 18798 5912 12824 15976 16204 11436 7361 10847 19931
3808 1933 836 3739 9976 1927 17928 13419 11361 1443 17871 17698 5119 14018 11499 1150 12210 12184 16792 19431 18994 1398 3801 7673 15636 1992
10989 10564 933 18536 5847 19294 10564 19125 1466 11293 1258 5623 19244 15007 5152 7488 11331 16742 16705 15932 5749 19409 7837 19822 15242 18502
9721 1904 457 8625 1919 16400 15608 2878 18102 17289 12476 19498 6404 17173 12943 7518 15975 18482 18204 1591 15728 439 14119 7650 3750 11119
14275 7268 15438 19956 8423 10636 12391 6371 1158 1747 19109 12369 19781 7935 5337 13417 1211 19430 4850 12241 8293 7269 8087 1718 4887 19832
9603 1543 10456 17612 9417 19870 6409 3769 7255 4354 9241 16861 11579 16574 14395 2092 16988 5594 11329 4530 16873 6595 15635 621 5074 15512
9382 7818 4641 18285 5687 1605 15433 14849 12946 19605 12671 14264 15295 17854 18213 13974 18743 4229 12194 8615 7613 902 15086 4809 2064 8939
13848 2916 5319 18128 4613 2377 11555 7078 19839 12303 14418 10314 10799 11587 11855 7844 14588 15702 13989 11761 452 10755 6535 18150 15177 19685
596 9567 6004 17968 672 18009 16938 16865 4186 18254 13044 1653 12808 6915 10325 5356 17904 798 12230 10507 12345 16117 3436 11520 6431 16984
8061 9977 6756 13958 5397 11262 4592 18604 15629 16630 9764 5481 15423 12622 3399 7820 7434 3969 11428 11485 3955 10397 4322 2356 18625 6647
9366 17502 6300 19941 4172 16201 18570 18354 17493 6977 6119 893 17220 10026 16369 18647 19054 5595 7057 16648 11579 429 189 949 14606 6303
13995 2469 14007 15004 8736 18549 298 11389 5514 9910 15917 11756 189 16261 17413 3064 8979 15447 8909 9193 6695 4169 15643 6328 4386 3066
2247 12941 313 9690 5979 4776 3834 982 5923 1912 6828 15842 11452 14470 6947 8740 9511 2905 1598 6420 19818 7129 7757 1043 28 6987
2985 18272 12344 5079 19696 18867 8473 6525 7885 888 7847 3666 3795 5822 2406 14980 11449 16919 2463 8574 5908 6974 16974 18661 5816 2164
9761 10695 17213 11159 7345 8559 7321 9034 12768 12470 1476 12446 618 10731 7365 11499 3029 14207 12207 3163 1004 9570 10983 11315 14023 1485
4227 5673 14314 16736 13118 12016 13025 12941 4389 18811 17399 6321 6272 10050 14983 4949 5151 2470 2958 17196 15371 14271 12028 5750 14496 8679
19259 14709 523 2835 16828 2579 6614 1327 3125 195 19723 11559 10543 14037 17635 9930 5453 18858 11547 1697 11676 5230 13571 14223 14193 3895
918 3746 16338 132 7427 948 11252 13552 11731 6858 12462 11674 10393 13501 12420 9894 9083 14521 14819 8615 16488 7270 4790 8218 4408 3206
1931 12611 4544 6938 14378 10397 19780 17390 18107 7009 4094 8397 17959 10165 12770 14514 4580 6146 8572 3946 3416 1452 19240 14119 9029 17557
3290 18738 9009 2570 5532 7815 13372 12358 6155 7760 10218 15530 1050 8989 10972 16612 16956 8514 13258 7392 6482 714 14582 4170 14291 17202
15026 1772 8116 18448 10042 19714 12870 11190 13132 153 4352 4529 16903 6511 488 4361 13918 502 4730 12956 3105 9628 379 11425 17216 2869
16714 2005 8445 6033 10876 1794 5910 4276 5642 10021 12004 4551 9407 17457 17396 13636 16447 19846 16530 19872 1769 18590 15906 98 932 14496
11608 13898 1209 14023 2655 19099 8463 11948 12477 17194 2759 15658 18870 7857 10729 12272 6192 9156 8985 1007 12643 12630 7569 13057 6701 9960
14807 8361 10783 7111 19942 5150 11077 15397 6053 7886 19430 120 14358 19434 19156 15181 18411 17726 14549 11307 1001 8191 14672 5686 18431 9645
7267 12592 8177 7685 2757 5241 8848 9625 18913 18171 16506 18702 19217 11439 14725 478 3704 8581 4602 3441 15141 14362 14489 7781 14541 5665
8822 1546 16032 9382 11720 12728 19987 6562 9465 12305 14529 1363 5150 9760 6022 15751 19136 17115 13756 1748 10007 19986 14920 8126 18106 5537
8941 9285 15345 1709 16124 9583 2644 898 604 16070 2518 13873 16088 4141 9569 14944 17592 8348 11964 19508 17614 9755 10791 14580 5507 4138
2204 3469 18786 979 12674 2948 2693 14738 8756 19849 10262 11574 7830 19388 18809 11469 7161 907 17384 6231 12369 15030 3249 10884 6508 605
13827 8251 19789 4496 9943 11148 19590 2236 12370 19038 2688 15841 4526 2707 14797 10377 16601 19684 15900 11371 19011 872 3415 10551 15805 16187
37 216 664 7330 5944 452 7380 15844 15019 12909 15036 14080 19261 7009 8346 16544 781 504 18367 10230 19205 16317 4354 699 610 8321
1256 12396 9718 13839 542 15490 19399 6388 2755 114 16430 5430 19529 17996 1963 6669 14943 8385 6943 18806 10591 14556 16961 7424 17735 9706
13062 13506 11157 12623 5489 8275 14476 14437 11081 6623 2755 1533 9560 16764 16224 7976 1152 5329 18366 8961 5630 753 13804 18831 19176 17474
9497 12624 3953 3116 17469 8737 8145 1666 15074 834 4703 6324 14065 18710 18326 19711 1871 5901 4069 3984 15562 3187 879 9608 14037 9639
8065 1179 13484 14564 13841 25 12290 1153 1349 18601 16408 958 13285 14980 16196 13221 19363 9376 14147 18227 18035 13233 8855 10768 3612 9477
18209 13 16770 12192 18776 2475 4070 9295 15149 3181 4298 2429 6664 15300 4438 5090 15909 14433 17815 10369 15189 7525 15245 16972 19116 14010
8781 12621 2957 5341 1546 6135 14461 1570 3981 12314 7459 9805 8784 19682 9083 11478 14044 2204 14559 9687 509 7934 17713 3406 13259 8443
931 7515 11238 17821 10001 9270 9448 18514 4611 3874 12582 3919 1537 5163 4455 4512 14254 3070 4450 11248 9746 9149 915 7042 7295 4005
15228 8876 7913 4411 2071 16647 8438 728 15521 10150 18413 17407 12828 8397 15354 9004 15498 2383 2013 18965 18882 7690 8125 19919 16621 4172
11096 10226 1222 13911 12539 19089 12774 19807 6483 15294 3243 12616 7642 12802 1089 14440 13677 13308 9896 10464 478 1417 14951 9972 19711 3053
1723 18170 8017 2803 12917 4879 6136 13045 5593 17118 14520 11756 18800 9538 8202 10467 18121 17887 7505 2871 2515 9246 7867 15488 19056 8446
10332 17055 9968 10402 10676 6473 17535 4173 1914 15205 12559 14262 927 14959 9190 11047 17891 11386 19065 4375 17650 15975 6828 3615 9245 8196
2170 7589 14349 5913 7335 8163 2304 8870 16994 249 8925 15654 2434 8675 12971 19023 14230 6780 1840 43 19074 1508 11899 12890 16090 2916
841 6605 12366 5090 18351 1681 12048 16771 9746 9891 19616 8467 132 12169 12591 7959 19306 12168 15761 19433 15879 4643 16955 9170 13423 6962
5785 858 9135 17991 3735 9343 18462 15608 13764 13783 9959 19825 9558 18824 1943 18673 5150 7308 8055 19629 16932 15875 847 9392 9706 6314
13336 15555 1841 8615 11223 1760 5848 8792 19624 6712 6859 16561 230 14314 15047 1531 13975 11203 2619 16503 18356 15815 8601 4510 19693 5850
2746 12085 10620 1223 10106 9008 13770 11310 3541 12388 5967 6940 9702 5695 10861 14266 10052 17106 18138 3046 10385 7319 5533 3292 5774 7547
4923 15062 17295 13660 15837 16323 11223 5177 13359 12184 16288 5834 4144 19742 3044 7085 17326 14003 4343 5330 5809 19931 7638 7190 1062 9051
10776 13899 6840 6958 3031 437 8355 15257 13777 10929 3465 4837 13958 10944 18462 12410 15455 11715 14947 8138 755 10223 16520 7417 11040 3329
18937 5160 10062 1838 11037 5303 10022 236 11417 10455 14439 13411 9549 7059 9498 11627 4637 19543 10721 5828 14499 6669 6895 6054 14751 11372
13766 19323 9000 16295 15319 19328 5775 12001 13145 15290 7776 19527 18803 7381 9223 16822 14051 368 16941 3802 3177 10863 17333 16898 19625 1336
979 5822 19076 10536 16981 968 10508 6925 2183 12540 9090 1672 5762 2878 15634 6096 8452 18198 10885 2407 3521 13037 10450 10478 12705 10808
10675 9891 18067 4431 15594 4601 15416 18025 7750 4827 10577 1271 491 7419 7032 6551 9686 17495 5754 11260 17675 2278 8308 2962 13762 16700
13680 11206 3392 17216 8525 533 9721 10789 6009 8223 16489 12385 15669 18358 12115 14510 19752 11005 5420 14584 8013 12987 10600 9140 7357 19258
9522 7589 2509 9788 18274 1410 2637 9774 16884 6970 372 18813 11465 1000 14862 11534 7862 9669 14104 17812 17942 10412 2054 17392 8340 2852
8639 4306 2045 8956 5201 1140 5257 8898 2126 8159 19990 2378 9150 7995 12914 11693 6100 14390 495 4632 18518 13686 17730 9039 6132 6345
7999 5873 57 10040 5971 15253 17008 16326 1477 2692 8376 19673 18063 9933 7646 9391 12573 15160 10954 1155 19459 1436 17309 18359 14578 313
19339 3928 7170 5172 11259 14085 4706 3586 9752 5114 12989 12353 3788 17269 1101 1144 9433 3318 3617 18942 19068 1474 15930 8248 13959 16748
3412 5034 2507 2285 4490 5469 13952 7749 4222 15837 9914 19604 9804 3935 5095 7903 1737 1393 7280 16998 9699 15409 35 15757 5997 18325
4515 10146 749 19798 8066 19331 1953 17384 12118 19904 1419 1766 10106 18931 16094 11649 11149 8571 2099 18629 15046 12334 131 12761 12749 5541
16570 14169 4854 19028 1910 10401 634 12879 15883 13544 10417 5138 4662 11769 19660 16766 2624 14066 12354 11771 15875 7646 710 2689 12285 11199
19243 16840 8323 10881 14926 17652 10173 15192 5154 6367 12960 13160 3919 8814 14905 5585 3404 7050 11166 14090 19737 17353 14323 6315 17308 10694
13388 18333 1989 7552 11896 2052 19396 16823 19268 12030 10388 11828 1824 17750 16958 18312 8828 4906 8043 378 2166 1245 7600 16357 16298 16619
18023 14854 13890 11886 12180 15332 1010 14328 4601 14516 6499 3345 9928 9183 11561 18110 4807 3390 13014 7194 19703 18567 17516 10623 19936 5950
16767 12483 11648 1299 4282 7724 10074 16654 14050 4057 1810 1450 14886 12162 18807 13435 14153 11760 17255 3252 11206 17397 527 4134 12337 5995
6602 5100 2480 17802 18632 13543 15628 9710 15614 1659 6302 19485 9276 7535 18272 14823 4487 7529 6494 15505 10166 1354 1728 12478 14628 2810
13687 15660 14252 3915 9189 10633 19897 11622 10861 12523 13913 9000 14033 1165 13483 7251 13614 13946 437 17067 8617 7603 8715 19858 14190 4169
11834 8477 7333 14822 9334 15721 908 1025 6751 10231 16406 5757 817 18758 3498 1784 9824 9103 11125 82 12761 15406 9911 13788 16360 2071
19122 16054 4616 6577 19385 3201 9297 7931 8742 14032 15347 10582 1680 10662 14827 11171 1765 5294 14033 15430 10725 15205 11512 3291 8672 1079
17218 17401 5985 18133 15093 9530 8285 6632 11023 16287 12774 3380 11461 3985 12328 16 10152 11805 9161 11437 17026 15499 13353 460 329 10576
11898 13523 15435 9269 15168 18747 19969 4640 3845 7463 12583 18866 10775 7793 734 6824 14672 9708 2969 13090 16539 10659 2227 14080 11486 6998
13459 464 12265 4754 17281 12087 3020 9112 17903 9134 1162 6381 11694 13307 13473 18649 16201 16138 4151 3503 3911 545 10714 3741 16710 5109
525 10926 8617 10222 13214 17705 14705 8931 9942 16668 2153 881 8826 3704 7106 2283 5145 6024 17992 16639 13458 11904 18435 5283 5972 15417
10277 6330 18173 12440 15788 16918 1044 6898 16630 5077 321 6630 7036 793 2904 13991 15275 18754 8566 3888 8064 10070 15497 7535 15571 6290
5027 18952 14197 11097 4838 3046 502 9197 16906 10431 15328 18829 5309 10596 2574 12329 2059 1188 5628 5491 3247 11373 14988 19 17201 1095
4389 1672 10236 15180 7795 16262 5281 8055 9115 16373 12345 2511 18234 13073 1795 3006 9393 14976 5164 6639 9687 5072 4032 5885 10560 9149
4415 16252 16651 2570 4217 7250 15552 3099 3351 15403 18264 13561 2581 1154 730 11213 228 5838 19442 12700 13734 12988 12070 12335 5481 6397
759 11577 17410 781 17226 7563 11639 3895 7220 17238 6693 9479 3614 18308 16347 15479 4614 16326 19662 764 706 16617 4791 7051 828 6581
14089 666 13771 2903 16673 3676 13249 2042 4405 3930 10799 10854 19964 4530 10469 3202 17862 17460 6944 7487 2800 3555 3955 18137 3558 10167
17630 12211 18168 10639 5563 9622 18078 11446 771 579 6950 13400 9418 19338 16176 7100 12328 10689 17277 5559 18423 13907 17872 17837 4819 4258
1132 8986 19075 18304 12079 6034 17991 11130 13893 8374 4917 9868 5928 7727 14796 4963 19660 12849 15229 7572 19597 7276 8887 3690 12763 6330
6323 1079 11203 10764 2916 3045 17946 16428 1442 8322 12170 6192 7811 6185 18475 11526 14024 15025 7672 7226 8966 4554 18340 8716 14958 4406
11743 2440 14079 14123 3350 17389 241 17646 13677 11155 18886 2598 19695 1800 18458 17158 7761 881 3096 19300 13624 18622 12515 13176 3318 2450
701 10071 6268 9590 13283 9285 15822 17068 8793 19349 6229 10957 4719 15714 15879 13322 2141 4185 77 11376 13252 13861 4428 2995 19905 15812
6578 8621 9822 3481 7250 8884 9060 12596 11890 16668 4378 2301 11370 7475 14502 12181 17496 18337 781 17421 778 15563 6355 3176 7686 14729
14587 8212 10461 14953 17014 8766 11738 15381 13422 4505 8335 11501 6454 2725 4061 1900 2314 13482 4260 2128 17543 4986 10768 701 11791 6696
1821 10991 19568 3899 4172 13645 10184 11337 6156 12981 11115 5476 1841 18406 14867 10931 16823 3417 10175 13468 13849 10181 2527 3429 5400 1614
9046 4151 5280 664 2872 4322 1361 16311 12121 6038 3857 14180 16710 16223 16294 1435 17177 521 8544 18218 7900 19819 12213 3664 16934 6195
12617 3127 8321 16069 13774 564 10987 8820 18826 477 7068 5348 9117 8817 18605 16372 11772 19326 1676 15235 4158 12558 10788 8673 7071 5904
10468 8678 2167 10979 18465 17605 15685 9685 12000 3089 14146 6802 19487 10817 5587 8905 10307 2166 16332 2482 16601 2937 19599 5703 19981 526
11211 1340 16877 15965 11710 2836 2559 4063 4015 15935 9607 16681 12131 3117 17357 6887 7904 8690 5049 4084 8135 2192 14193 16058 5083 7479
13014 12441 3948 6211 17991 9152 17795 14385 18972 13481 1586 2866 8810 13009 12949 19916 12788 16639 14034 7349 14520 281 12838 14272 11266 16191
16724 18594 6029 2836 16430 15104 7275 3597 15552 17681 2837 9890 9401 15328 18772 8152 12450 1568 2924 1302 852 18115 332 6219 9481 5003
7606 3575 19541 11592 17810 19348 14805 12679 12384 14111 13650 13643 16029 7291 15046 8263 2010 19369 3629 6569 5318 15805 19020 3619 5190 17262
18506 19296 10844 10993 13513 16577 12183 5263 4799 11277 14863 774 12230 14332 13683 10184 12733 8360 14680 19343 16606 19734 8321 10376 18042 16707
11393 6757 3533 19789 3716 16325 316 8238 15354 14811 5225 17339 14770 19998 17012 7306 6479 11272 2598 14619 17071 10989 5446 1767 5682 344
5793 8776 5473 14251 9585 13192 18402 5791 232 12798 5969 18179 19669 846 15685 16065 4985 17315 14493 7508 16100 13179 11588 19478 138 4040
1172 979 6073 15154 14008 8696 16412 16629 4886 1864 10314 19310 17331 4475 15964 9233 14459 9695 2708 18924 16945 8160 13090 16120 16387 8560
11557 8884 12734 3252 5272 11752 9581 2300 19213 7710 15714 3638 8207 19219 7308 7329 18134 9311 16848 15205 1613 9407 6332 3849 14747 18324
4939 17983 6006 7605 16126 9932 18585 6531 19019 9839 15214 18894 17853 17278 13075 2299 8427 11194 1042 19434 4326 360 2339 2564 18921 13471
18294 10707 18562 15829 14060 5919 5252 10256 12967 3182 4783 18047 19340 13750 10640 14902 2463 5991 11249 6205 14904 13974 10189 18618 18667 14682
16559 12767 11998 15458 7648 12937 5164 10263 1544 13059 2430 18990 7467 3453 17991 14302 5657 17693 12782 2306 3102 10131 7587 3847 17799 2623
7142 3575 4004 9752 17969 9213 18114 10649 9483 8080 14978 10051 15207 13349 14247 3375 6694 1919 17490 11880 4728 11760 1157 1988 3338 3577
18791 18950 16949 11029 12558 19959 14595 910 18975 18967 10915 6270 14421 14917 6936 12119 19374 3341 928 2757 19572 6082 3076 14983 11111 7317
14770 7885 2545 17838 13060 2047 16852 5623 2837 5850 9215 5199 19992 11347 1012 5044 1540 7761 14981 16324 5234 2972 18227 8230 18340 12105
1381 1586 8918 3237 11670 10276 18687 15884 17953 6029 12220 8290 15593 10149 581 15246 16555 6492 11769 4360 14737 5734 1645 18951 7564 12169
13167 13922 3738 7145 7604 7105 2371 1407 302 3127 14945 17958 9884 2314 9978 8142 11524 9152 8510 2556 1604 8534 19945 14168 13468 12197
16533 19951 14816 14905 5728 13623 16018 13288 4771 8220 16955 10669 5571 17044 19123 18970 10482 12145 13942 2826 8597 12239 5304 12417 16386 10851
6708 12531 12145 19115 12685 17887 19621 5797 10763 6903 19254 2210 9118 7564 8535 2907 17733 15540 10763 12645 18047 12469 17893 10361 6693 17581
2056 10852 16257 4665 15033 9755 19090 12080 11214 924 1064 19912 17365 5021 12548 17009 14814 14470 17486 19693 3373 15832 6923 12295 19203 4061
15438 19411 11269 3970 7967 1151 8522 1711 231 13186 15084 13412 3121 11410 19959 2601 4931 19242 9625 19423 13044 8022 7299 3031 4959 16215
15314 5118 14586 17223 372 16296 18397 15733 17777 12162 15551 3836 7620 5638 2535 14308 2451 16314 1488 15277 1695 13249 8624 17616 12510 15492
16784 12131 1422 7771 13162 4487 7413 12020 19759 6374 10719 12902 5756 2790 19642 11123 10895 6672 14426 5247 18232 2518 2494 4579 13154 4497
1186 10422 1949 2988 5810 6248 5301 306 13487 4972 5104 8236 11011 780 3960 12156 17098 9084 4956 16016 557 10722 17834 18443 6257 14492
2420 10212 4015 18158 16054 4143 316 4225 7645 18284 14797 3378 17028 9596 17110 12138 10994 10932 13349 13962 9001 7874 8157 14606 13063 9702
1811 7217 10874 11969 2873 12180 16652 5876 7418 15992 10304 3482 13244 10166 2307 13772 749 6931 11588 11922 14859 9284 1774 793 15842 5087
18046 17591 2750 5794 5912 6705 19774 3478 13483 12274 6800 1062 19414 1039 15167 18559 10443 17881 14123 10019 3656 18006 18685 15012 19748 10604
13816 15843 434 18826 2208 17109 15326 4305 17025 10693 14500 12006 17685 16421 19468 1313 13679 1233 7068 15680 17053 18417 17092 3949 8078 10883
89 14580 15313 10742 3066 436 4523 6026 13400 13369 16105 16295 10630 12890 2095 15177 9530 7759 1489 19013 1559 2989 1345 16518 9573 3356
18768 5777 9619 18258 704 14501 12362 8093 14233 17906 9692 4103 14518 8498 12389 14202 241 10474 3726 13726 8808 15618 10235 2970 19425 8816
13810 12188 977 999 4318 17263 15449 7673 1324 17800 13047 8420 409 8830 13635 6980 3327 13829 17493 5805 4748 11112 4049 17102 7170 5924
10130 5887 12287 7497 12801 5766 4421 7100 17740 651 4212 16125 9083 1017 18254 16767 3954 2480 14739 569 10641 6047 1171 10596 2993 11845
1805 17772 6798 14074 5980 14069 6388 15773 10676 12987 14454 12487 18664 12588 6971 14367 3822 15274 15204 13686 6501 1504 9879 1856 901 17287
1661 3390 1849 15537 3864 5705 1120 17321 3483 3576 3749 4588 15003 11135 16347 14377 2660 13008 6401 11087 14701 9245 7852 14195 18067 12121
1768 10270 14096 1908 8077 7469 2715 2274 9824 11117 17274 10447 18237 13422 1712 13810 11457 13885 13166 16264 16941 425 9781 13850 13771 17964
5547 8070 15490 19668 18186 18661 8405 2432 7763 9032 4838 19528 4626 8734 4789 16175 469 9977 8556 4174 11657 13708 6822 2236 8268 15460
2831 7034 10313 3335 2884 12866 17407 5268 1002 9729 6528 17782 19779 15396 6067 17805 11215 15007 3657 9622 12199 2280 14907 7285 9322 19364
6849 15128 15389 17635 10421 15184 17869 6399 19885 16305 5716 9548 10004 16728 11547 19245 5875 9621 19704 8102 19807 11176 8813 19383 4077 9007
4015 4264 283 10525 6548 6672 17643 6038 11195 15261 6975 4073 16188 1086 2679 11875 4704 9425 10180 11467 3814 17032 2864 13942 17134 6856
1046 4211 17667 7101 12051 3099 2281 19929 17274 3826 3293 3447 4962 2962 17994 18046 15107 17235 6761 12607 7833 13655 11775 11179 9634 17346
1512 8723 13291 19060 9773 6028 17817 9883 6893 13533 6226 11743 9497 4953 19451 8294 4013 19797 4601 3752 1230 7487 2812 3520 12303 6801
15868 2372 10752 13859 698 5374 10733 11988 6162 19452 4104 7683 19922 381 3206 6211 11669 2000 10487 13071 19596 12156 1728 10859 18068 19597
465 10566 8703 6334 4410 4714 20000 14418 4049 14738 17869 308 418 1732 861 14789 2332 8325 2842 3478 12288 12517 1631 9576 12050 15109
17807 7778 15182 4063 7500 6363 6955 5233 16442 9087 11129 16872 9829 12769 7276 3062 12985 15481 10501 15830 218 4199 9911 15055 12432 2504
6059 4985 413 7233 14908 10765 16949 14639 17629 4891 3189 2328 5454 12605 12631 15870 3673 24 9918 15113 16137 7501 1250 15648 16950 13075
411 14521 13188 10446 5251 18318 6771 9500 7268 11476 5723 16077 16970 16735 17132 7578 9041 4435 16775 13033 17401 7751 10944 3537 4413 10051
14549 5058 16661 19472 2428 8909 6914 16867 14844 1386 17762 19755 15240 16710 2492 18306 7862 7499 17555 8373 14379 6188 1854 3184 9945 4458
18952 19267 9663 14920 48 2168 8375 6924 14399 14647 6164 4420 922 6689 16559 17838 5750 580 2699 16638 13510 4589 17362 1954 5147 1550
15154 16494 994 1914 9097 8284 11526 17064 16686 10660 5603 6884 9973 6147 10008 18176 15728 12871 15391 12418 14653 15681 3101 1664 14517 6519
2668 3109 19967 2448 5994 19988 13738 13564 12378 12476 9236 10359 875 5115 16795 15313 12313 15373 3273 7181 13692 2141 14979 7280 14829 14497
62 10092 3775 17718 8318 6615 4612 13941 4572 7627 3211 13906 13444 3129 1529 1326 18764 18129 557 16399 15899 5895 15142 2766 15850 19627
8414 18045 17236 16634 18013 13814 6278 6828 13720 168 4546 18499 10497 12631 10636 12096 9283 11514 13634 4689 13452 3335 4282 16104 19387 13481
8225 4791 11162 16164 9056 1573 9906 3460 8886 13964 14560 6063 11958 1414 19293 15592 13056 7156 10826 16543 1815 7176 11248 1831 8388 18521
10442 17246 1886 9949 17219 2344 11803 9946 3051 12927 4578 12166 11581 13888 12041 16520 16728 19402 12716 16224 5061 457 15220 4149 10979 13927
3759 3426 11808 14134 17126 2262 3314 16100 19631 939 12360 5482 19524 16984 5208 14657 15270 9753 3316 10118 10715 13071 7508 1398 7298 9337
18208 5552 7696 10322 1650 15653 6481 5648 12263 809 12564 8624 9704 11837 2149 6642 2525 12305 12564 18297 2462 12093 1671 18861 9766 19997
19032 18843 2768 15242 19154 14913 17321 15498 7383 5939 5405 4503 16956 9320 2697 985 7820 15094 14906 18821 2950 1459 17238 15567 2669 4019
8061 11823 14053 3549 9465 6422 15703 16059 1814 1832 16312 10072 8008 14706 8559 18752 5881 12601 9847 16418 12483 1935 13650 5474 6526 7639
7837 1316 13147 4985 11396 6993 10301 17978 15671 1736 1337 2792 477 19630 10683 15754 350 17277 18029 19963 13758 12807 12785 11162 13655 10096
432 5892 18068 7238 3418 2461 5246 16246 1590 19459 18656 18198 14665 11106 13522 15304 14759 4750 9911 3018 13565 1026 11149 9132 8364 8697
3434 3127 12857 17644 6914 14725 14954 6436 805 3770 7567 711 18792 1764 12013 6690 16090 7168 15160 14207 7 11808 3721 18782 13782 15921
5887 11383 3576 11980 19946 19928 12193 6818 15477 6363 610 7926 6547 13104 12286 5607 18915 10014 9812 3815 4119 4917 3881 14384 12555 15013
6623 17245 16239 2253 3258 5309 1759 13498 4906 19513 14909 11123 12378 9743 13588 3033 6255 9954 17661 9591 10931 11821 12702 12354 14290 14534
509 13623 11949 7933 13312 18265 15275 1475 16468 10124 7623 10382 1610 17602 12925 3367 136 1294 2512 10981 13785 17912 6830 423 1683 11248
7871 12028 9648 8047 12345 9724 6111 316 13152 19929 6795 8111 19537 15117 4875 11197 8111 13524 16492 8355 7338 15229 11979 6175 13405 1323
17824 16056 16132 8575 14642 12232 16320 16401 3874 7074 6233 17298 7389 14591 18965 1978 4309 11852 525 5034 10506 5206 10905 18076 3537 11374
15238 3926 11217 12633 1043 17062 18849 12714 16732 484 7460 8090 15020 1804 18489 12398 9131 17870 5120 8140 13827 11155 5408 17321 9436 10135
11095 13055 15034 5254 2678 16721 5933 12483 7119 15651 2538 11866 18165 3878 2095 3132 2681 4619 2502 13889 14417 11230 8103 17695 16597 3996
14395 13976 328 3062 571 8526 3211 15405 11448 12927 1354 2163 10458 12289 2064 2810 12862 14805 2296 1653 15422 6191 1775 4574 5388 17310
10328 9168 9984 8848 14220 4158 17096 12011 652 12546 380 14750 3698 5310 15673 3598 15883 16624 12392 11557 7806 6483 2964 16726 7921 7019
2288 6405 7080 2853 7099 1679 15414 9270 776 6028 2979 17599 10785 12845 16720 8226 10287 5107 14569 9033 17316 18511 8828 8733 13730 6234
2234 1935 7832 17510 2997 4491 3747 2893 16471 11940 6853 12056 1673 17695 7198 16547 1417 19309 12923 1521 4559 4970 19400 15713 18830 18223
428 11928 6532 17455 2626 3768 12065 3154 9659 2804 18021 13943 13115 1195 1713 580 2884 9628 19019 1894 14449 4076 1323 17455 14753 11159
17549 11832 15364 5563 9644 2389 12554 11156 2835 8942 5530 10719 16015 15144 13959 11438 19689 4591 795 13905 8237 13795 12032 1415 2806 12299
7865 3461 13702 1674 18917 5673 6944 13603 4101 6707 3090 4510 3211 3351 13475 19183 8614 19719 2290 3890 13205 17236 1877 8135 5430 16176
12391 18539 7274 17501 13061 1399 6654 15897 12051 7479 5691 6889 11017 4154 9145 9285 7157 2363 13428 5376 17887 19898 11656 10773 18910 209
11059 12311 2608 1428 19014 9775 19543 16406 5683 750 17548 16320 16524 12542 5601 6087 6969 8165 1626 1318 8319 7727 8107 18391 8185 9713
6230 18775 8366 497 6182 14908 625 6873 1561 19158 16404 10983 12264 19248 16488 4142 477 4653 2002 14182 11227 2052 13258 6634 12547 7650
16080 12823 1197 804 17181 17049 6970 18558 5195 3063 5153 19216 7111 6362 15310 19599 39 15698 8182 15178 700 16031 11520 14130 12158 3840
8131 18657 14905 7853 7858 437 14562 17413 15349 19833 1728 14748 2835 17052 16980 2372 16942 11713 19689 10454 5447 8656 16801 15220 5573 10887
7112 9895 5115 16329 6513 6897 9082 11012 13695 8627 9924 19729 4582 5250 10973 5152 15723 2536 10154 6979 13105 965 11898 17808 10419 7578
13148 37 16909 13741 17468 6194 6348 16125 13541 1523 2138 14491 107 5454 14311 5648 9479 7340 7760 12333 13675 11399 19986 8804 4730 5257
2083 3157 19857 8285 1989 16644 10229 3931 5152 7731 5986 6288 14607 4336 18207 14202 4880 11265 1903 7798 12495 7881 5401 17696 19060 17714
2371 9802 2665 676 7066 3622 6153 18788 5348 10272 19622 1091 10405 8866 16586 310 12387 363 11185 4811 9189 3741 3640 13130 3336 1409
3041 19903 8988 17489 17349 1796 6704 14397 18023 3301 11366 18257 13914 18526 556 11991 16606 768 17379 5503 8413 10873 4791 7441 17371 9552
12658 1120 11297 1963 3498 18022 8778 752 3473 12071 6757 11173 7662 3361 1302 5327 425 14081 11856 4333 10400 14217 1116 2555 14026 5209
6607 18461 7648 12880 6059 750 14023 7718 2213 105 13842 8386 14382 8791 18511 19723 11487 5116 1566 12864 11981 14601 18690 15362 6137 12608
12956 634 2150 13297 264 1107 2723 6611 13694 16447 7850 7755 1253 11919 16744 8080 16073 14431 18832 2005 2593 6545 16951 1120 4963 3406
14483 10793 13194 19402 17900 273 3310 19797 16720 17327 14421 10904 3808 16120 6999 14614 12292 7215 3458 2677 9410 413 10446 6581 172 19120
3350 19840 6276 19132 3083 8608 11374 8055 19229 18766 8505 2194 14865 4802 12525 8959 11106 5777 15409 3639 18468 5643 13742 12096 8763 14189
5410 8942 6182 14256 19804 19490 9533 4065 6170 1115 5889 11740 8662 19966 4529 1091 14629 17862 8952 9916 17091 6432 19443 18391 19932 18047
21 6136 16177 18706 18745 14130 533 7827 12308 13934 10391 16072 1195 16110 14956 5343 656 4428 13477 1953 18746 1128 16687 11586 1947 17525
220 12428 3134 8255 8759 6568 325 17383 8870 15936 8986 5581 270 16027 16278 1969 3131 1427 7005 15882 11896 19958 14633 2285 2352 17944
15692 1464 3410 947 1852 6651 11803 14990 12045 5368 12816 10680 13018 3834 8925 9622 9595 14575 2064 13308 3198 11078 10531 19667 18869 11788
10502 14527 18466 15227 16914 1117 16702 11143 1769 5742 5849 16253 7832 14653 1227 18444 10811 7034 1409 4108 185 16991 3155 10383 5921 12648
3940 7402 12555 9368 1954 17959 6727 2145 181 8102 18207 4144 10170 145 9186 16523 336 17228 1047 18350 2216 333 4423 5122 6667 13723
15368 18673 13725 14007 59 7672 7786 7247 6641 7273 15543 1636 14219 17493 16680 10510 3794 15400 18033 893 13759 7178 8458 9924 8754 13620
17527 17185 2931 7849 7486 155 15709 13988 13676 4403 11880 3204 1050 6010 12777 13577 17815 16939 19663 1173 18037 6165 17122 6777 6928 10182
7892 8729 5589 6871 1500 19999 13483 2279 16181 11647 11649 9788 13206 9143 11263 18047 8490 10269 11575 5171 7114 7253 19133 1873 9585 17917
5150 1225 703 6436 2430 5863 4624 16581 17995 11895 14417 2014 5100 3443 19923 6472 2132 16339 10233 13043 16597 7131 12458 375 5680 14203
11972 6628 12248 16987 2753 18344 8423 3970 2860 19575 6253 19780 7965 5434 15983 17109 1228 13039 3151 2078 7923 6792 11924 9092 10057 1973
11771 15610 10896 179 19278 1806 6288 5136 3560 15589 8137 19739 5386 1121 17386 11017 14056 10888 5404 2137 16408 13762 350 10126 12612 5355
19 11721 16426 11964 16988 19957 2546 3539 1047 14143 11775 12387 628 11511 7801 671 18966 3265 16404 9360 17977 2642 4142 14055 8398 13727
9150 14290 7089 3181 6389 3815 13886 3816 13464 8044 2023 13833 4519 17458 13537 3172 8441 962 2024 10045 3314 7287 13942 7898 4253 3756
16902 5962 2508 1469 18695 4788 16452 15450 18949 13728 19382 5609 19900 2552 40 18586 19812 10392 4367 13422 7217 10976 14665 10272 10045 9564
15589 5843 6324 2227 2623 5854 19852 2187 8319 16959 393 4119 15127 13034 15023 12480 18716 10547 6595 19925 16757 14224 11345 1193 15960 15329
17475 7650 16695 16749 18310 3677 5993 11723 2019 2021 5500 804 9920 12110 2168 7919 782 16299 14482 12608 6975 19049 7736 14364 7509 579
3937 6921 700 9618 2669 8975 12570 11411 8321 1051 10288 13983 3849 3162 10667 16266 4985 12106 7823 14991 3501 11689 19700 4984 19423 7823
11286 15601 5872 18555 16842 3142 1351 5686 16733 4960 12440 12932 4698 18764 10804 5568 9571 6909 10970 2765 17993 17271 15105 18914 11353 9244
15021 3581 13756 13272 4069 9435 7245 9485 7467 19052 4263 14579 9566 14571 17171 8032 8749 16862 1626 5919 14190 5412 6154 14110 3143 17947
8871 12470 3151 2886 8241 11789 5689 11496 15742 12026 2908 14201 3913 8632 3104 8520 19892 5793 9932 18473 4179 9764 11750 15492 9101 13116
7340 14408 11237 13447 5434 8642 19153 14141 12640 408 1540 9030 13604 9496 13449 6673 10201 948 8905 9916 11630 13064 448 18128 17035 8358
6407 2346 15330 7626 1662 17528 8470 12712 15658 17743 8360 17567 10752 16275 9403 15116 16650 14751 4893 13858 4277 2256 1104 847 8515 2559
12815 920 9046 5551 11805 6117 9154 3970 6553 7683 1662 12495 1571 10163 15347 12070 3219 5673 18405 8023 11687 10581 19215 17711 18909 10064
15659 5363 8336 16657 13234 10488 12499 12556 9863 9087 12053 13798 13827 7660 14669 1778 18714 11158 10329 6961 15503 7523 3835 9953 19437 15523
9322 5620 9300 18558 9288 4722 3771 13213 3989 1177 5154 11990 9473 3001 7919 7589 15389 9711 18380 13792 7465 19985 13089 6973 7098 4906
17550 6805 13109 6528 19015 18014 10069 19218 3414 12083 16076 11382 11121 7459 14397 8123 17703 2047 14162 15443 16487 2306 19611 1494 4661 15561
13948 6488 14796 10995 7485 12755 6864 4960 3295 16456 1648 16610 1213 12475 817 6707 8268 8955 180 5980 2569 18436 7790 5145 19111 5310
