365
10 4 35 7 22 89 55 70 62 18 44 44 13 9 30 71 73 26 96 18 96 12 49 88 41 3
12581 7217 11231 16763 5301 2187 18282 14518 8149 18794 11219 5521 12346 4451 18469 5545 17225 15851 1686 12086 13584 17769 17533 12074 10319 4555
14268 12672 4515 16653 6711 5992 11190 19063 7885 7318 9440 9259 15963 19205 13767 16114 15666 6220 10495 388 17929 18415 5341 16021 14039 2519
14743 9938 4699 11822 17624 10105 14739 13959 13450 9102 6852 5973 8148 7288 12975 12748 10363 17192 12720 46 7243 14395 10279 14497 16013 10127
9446 12322 5858 2230 13613 19203 18814 17710 539 12853 2461 6780 11494 655 8887 7292 3289 4865 13363 2121 16226 15171 18013 613 9215 7747
9782 11704 5983 10195 11652 14001 7785 8783 5691 13457 4451 12484 1804 10379 19347 8465 4889 17067 9160 9643 10934 6676 6087 16821 10992 19210
193 12580 7729 2244 16463 3820 13185 7518 12726 14424 568 7992 10949 14556 18922 15268 11597 2472 4031 16063 12021 17664 11373 9369 12762 16294
17877 16712 11595 18579 8546 16668 14558 19515 1424 9880 3686 1928 12055 6682 13801 17485 14355 7954 10118 16299 646 16093 9707 18754 10860 10072
17951 530 6674 18637 1957 16704 8251 18761 2610 16806 16986 2860 1255 4492 6437 15066 9681 8887 7627 12605 6570 3607 16674 9525 10569 257
19491 14541 18763 17963 19051 6342 10658 14470 6676 12099 10412 5367 2194 11457 13812 13569 14722 8037 13028 8719 3500 5893 8530 17895 11790 2821
132 13619 8397 8820 8597 9236 19839 19559 14849 9096 9992 17978 19516 15522 15667 545 11074 267 5030 716 11987 7281 8175 6142 9252 8863
19891 3230 12647 5384 6499 7152 1427 16139 19105 15118 12700 3417 2484 13852 14098 5985 1271 2415 7600 16591 5247 3468 961 19468 5653 6477
4065 1215 15968 15814 16415 15475 4703 15203 476 13799 8694 18241 19153 9002 3358 13957 7336 13440 9767 1166 15729 18816 19338 6722 19265 13893
11327 5305 2167 2733 8394 13683 1198 12802 2292 446 34 10621 5863 14621 8252 18538 12449 15351 16602 13035 3089 5279 6748 925 9464 6685
7270 8035 3543 13900 17349 1214 9010 18767 6745 5376 16722 1824 17553 18039 13700 1202 5456 18004 7785 4534 16879 15735 9875 10951 14046 4528
14410 10526 3162 11979 3792 3588 6745 12022 17240 2040 4241 15150 376 4011 8229 16057 15050 14699 7420 16114 12546 5183 9548 8856 7495 19309
16425 12578 8188 17412 19357 8780 11105 18550 6723 16243 13303 6610 7497 4716 393 13863 6655 7931 14676 12621 0 18167 11762 11438 19087 15640
7267 18036 18723 8019 10634 1249 3512 9670 19441 12353 16309 10882 16776 14919 1580 5244 8506 13112 3896 14616 10041 16538 291 16240 18541 1435
10561 14006 18839 15911 9674 6789 16413 19615 5867 6094 9833 6945 6047 12496 4450 12475 6498 6204 18960 7624 9730 17720 2461 12659 17036 5797
15995 12058 19873 16026 13277 3698 18272 1215 1667 17449 13644 18356 10140 4704 3650 6135 10961 2897 17661 17023 2752 13416 17228 10125 8686 14784
17388 9119 19181 2837 2941 6105 6416 18910 4312 18440 3266 1967 54 114 2548 19777 4354 18869 9230 4045 1526 19985 1188 13240 18755 9055
7724 10115 10560 3279 13952 1331 17254 14303 8565 18394 17981 15174 8164 9999 13344 12538 3498 9001 13899 3484 4837 9710 8402 2259 4530 9495
18310 18617 17042 3937 3610 16403 10023 5365 18468 2898 16898 14068 9141 12146 8166 10810 8606 16138 6695 17218 11166 15033 17903 6765 4308 7897
17096 5519 19829 4421 18621 2983 6186 14198 15520 11613 5577 9623 7684 12372 11356 5790 5414 16135 15843 17836 15059 16579 18720 4858 9772 5854
16268 13120 14740 12759 19788 3192 19541 6237 3547 5974 8734 1759 3963 18206 2362 1698 13056 9314 3057 18866 6763 3309 9871 13452 4476 7500
8368 9400 9540 445 3621 9497 5106 1101 6267 7409 1656 18066 9249 1237 8974 914 8624 3496 18612 10127 17228 6123 8273 14018 6409 8262
7692 7621 672 6391 4756 1390 8150 19588 1237 16941 17145 194 8647 17340 9606 13420 4824 19934 16140 6808 19191 15645 13470 19315 3832 18334
11931 14072 13202 16292 15089 8063 5907 19811 11922 10558 15387 1198 9343 16782 9041 9111 4188 3447 15635 16980 692 813 18667 14746 14102 8219
7692 12162 10150 12450 6388 4231 19165 16647 15696 5096 992 10999 10142 16875 3862 4382 9837 15636 17326 8029 6327 12142 10459 1501 18541 3156
13376 18953 11497 4727 3906 13260 10162 11009 11403 19942 78 16676 11181 853 7637 15723 14602 3767 5243 75 1118 14999 2053 774 1071 9213
14141 11834 17009 11137 16888 15201 13348 19091 8022 7835 13005 14497 2725 14571 4293 6917 16178 2314 19144 1005 131 18227 2330 16591 10860 15285
4687 16844 9160 9993 19294 17796 15662 18067 4175 4709 1467 5366 19846 3195 6011 16558 6398 15614 18981 8966 805 16246 1738 4731 10009 15476
13528 17667 3024 8944 11577 16583 12754 7329 1104 14476 9035 730 19744 317 1968 4361 5344 11277 17668 4154 2903 19616 12829 5836 16587 14150
13329 3351 13306 1610 1281 10675 12376 18818 5894 9004 12991 18024 14026 2023 14504 14913 10350 13018 8006 1742 4323 5254 13534 16371 4591 9825
1320 2168 15921 19966 4837 7301 5845 2292 19314 17 10872 1494 835 14057 9840 16137 14698 16271 8881 15004 19594 10299 10399 15530 19409 12715
17902 4048 16142 14090 775 15813 3858 12257 17710 13698 14058 15444 3374 262 2231 2591 11672 6940 13590 5564 16048 4327 2200 4217 17750 3582
12525 13962 19906 8564 13427 12456 19147 12910 9560 15822 15596 8261 4779 14819 18858 2581 121 16344 2721 3044 19665 2663 19310 1446 12209 10295
13225 13345 16085 9648 1024 9840 11869 1362 14061 1095 799 19908 2251 162 11418 12695 15803 6136 7314 5739 4489 19081 5025 14191 81 11841
18098 5784 19467 18474 5794 60 758 2924 11334 2694 11546 17748 1267 14997 9825 14930 17098 10731 14057 1064 4350 19243 13881 16602 7293 17850
18482 10808 2103 1347 1475 16414 13553 13499 7201 13179 8137 1134 5 6840 1291 6335 4325 14401 3148 10365 3171 4153 14768 1718 17815 2904
572 3699 7082 19420 10071 18308 1307 19371 7188 16989 11206 16663 6140 6258 10463 701 17344 19727 15257 12993 11817 17477 1611 10501 11655 11112
1393 19375 10224 16450 9283 19824 13848 18303 18537 1281 16828 17053 3350 341 211 18621 6916 8534 16658 13318 7645 10745 5923 12244 6280 9664
9565 18748 18846 12805 6665 17582 1553 2215 1710 535 8035 17478 10446 2605 7065 6502 17959 3948 5750 353 12188 13411 11236 18769 10099 213
15321 11957 1519 15360 10407 2171 5258 5288 8099 18275 14175 9284 4231 5135 7796 2788 5556 11472 11858 746 9805 11512 16608 8479 15681 7635
9481 8216 18246 9343 7456 1349 9233 18948 7922 5218 14640 4705 3345 17790 12231 6205 17308 3284 8917 15341 19512 16551 18200 469 1036 11616
11877 12304 17567 5154 4701 17116 9877 786 5930 15341 8145 5321 5697 6793 8478 14913 3929 13162 9710 19078 8927 2015 4745 379 4058 10942
8705 9094 10458 726 18885 14986 16328 6396 16419 10216 662 4580 11439 15865 11058 19913 6009 17511 12417 2542 16533 14863 18767 4807 6558 3608
9085 799 5515 7952 9846 11773 5312 16965 2586 18198 4190 13964 1524 16134 5731 16622 10458 414 7911 2442 19236 18639 16733 7077 5893 15430
8718 18988 11432 5073 16677 6868 14365 14110 5006 4563 19343 810 1810 19302 10925 3784 10872 10816 5402 8436 480 19585 18822 7504 8507 6008
1260 9642 10265 6256 19771 6741 9862 16695 9629 17642 16442 18363 10968 7470 13368 5211 8981 13306 17655 6391 19076 12015 9339 8112 18373 12369
6942 19520 18002 934 14467 12520 7088 16597 17651 12239 19989 1052 17089 12670 16293 1254 19964 2541 4135 18621 18022 16971 10692 9219 18831 3953
11214 19117 3674 17976 17359 18789 12085 10966 4752 904 19232 12960 12013 16819 6315 14826 1441 17178 14567 16124 16887 3526 15156 10164 13530 8993
5345 10416 309 19767 11145 1088 9537 15581 2247 1679 7572 8550 13396 8431 2974 8626 9821 5975 11414 14687 5858 6571 882 2515 7453 6187
16364 18501 11698 13855 9692 2639 9740 10013 954 1310 6478 10535 13305 10021 7986 6385 11632 15850 12917 10313 4244 5352 10649 2029 4044 17226
10348 7224 10775 11828 8432 8435 4148 11844 18865 15473 18553 19142 8723 13882 19138 11065 1404 4272 10036 623 8193 19325 18577 15283 10225 17816
15707 9589 9801 4538 5555 18788 4799 3279 6957 11708 17414 5755 11902 11129 11577 16879 9438 8905 16650 6419 11633 11057 7517 10587 13928 8900
16815 10177 5058 6238 4868 2168 13376 12843 4497 17101 16675 10311 5518 17481 5319 11811 16563 14821 11582 15248 16099 7358 14338 3558 9936 14107
5675 5687 6561 10255 18894 7560 1849 7923 16163 15588 3174 5992 19355 7559 17420 13435 4323 0 1198 2310 2673 14856 7569 15408 15984 7770
14896 2665 1427 18657 19463 14542 2067 13129 12363 18217 15634 19488 3072 16830 10682 12699 13074 9423 15747 1827 9760 15811 6596 13559 18093 7195
4199 7539 12903 7853 1176 18604 17339 133 14173 1530 7199 10075 2319 10209 3906 4450 11981 19418 3224 11973 5634 11244 9421 4731 8043 851
7768 6076 5192 10167 11075 6513 17019 2179 4863 4716 10807 1302 3759 3757 15008 8538 19181 6751 11241 17917 6711 13187 577 411 13526 13164
17280 2195 613 251 1067 11447 859 4056 1726 161 16199 2404 17165 889 3241 874 11405 16928 17181 9427 17703 1578 10034 5718 2971 14411
19107 19252 19078 7795 2065 16748 6365 14932 13475 18668 1779 3074 199 14590 12220 3174 8751 9010 3232 14291 15870 10690 12986 3290 14018 11757
10374 2742 11775 6975 4867 19909 4652 15209 3728 18065 18225 5579 19955 8839 4441 16478 3913 13623 10275 19043 5768 998 9726 7814 10701 1339
5682 4125 6366 1531 13825 8166 12534 10098 18669 13215 697 4924 11250 15613 4661 12217 15567 4344 14276 6431 141 13445 508 12141 2695 13818
10638 16830 9236 6783 3821 19312 7896 16913 18449 17760 17083 18746 8900 8674 19200 13535 8736 8808 9580 14306 9402 11730 7998 19263 15198 19292
16134 4441 12744 19177 12976 8954 6217 17195 12919 4039 14995 4893 16499 11682 3763 12605 17624 13804 23 17608 5928 10632 4567 18054 13937 6076
17790 17661 17685 9019 5784 17699 15339 12203 10088 18661 3793 12629 2859 16586 2230 12361 1768 7866 17525 16287 5059 7975 11226 18828 13060 16677
19220 16564 4998 344 14941 8606 8810 14526 13597 13431 18650 16741 5193 17929 4982 17219 11102 3607 7831 3412 8829 10387 3132 19807 9192 19918
8549 17388 12326 17986 9874 12010 19457 110 3732 583 15827 6652 7481 5721 13784 9433 5561 12955 19712 5476 18326 497 9239 7084 16651 5596
7719 8369 15627 18324 3739 249 15663 281 15909 13612 1852 1625 16460 6013 18722 13137 13597 13129 18519 9406 11179 14872 8201 15873 12300 9553
18496 17476 19597 17361 9843 9494 1664 19333 9398 13976 3501 1460 5801 10579 14201 16185 18807 19362 9494 2745 1943 19733 10509 913 15743 1676
18577 15894 105 10554 10968 15718 19385 15861 9391 3032 8531 1513 18503 7881 9198 552 3673 13014 19367 19628 19166 12032 13055 11586 7157 2899
15223 1044 9258 19433 14507 7701 10551 19327 7392 11569 4301 5510 14266 11660 12322 11035 18607 10149 11436 16317 17072 8394 671 8198 16329 10486
18714 19472 4065 3737 847 5497 8630 12253 12917 3790 14531 12558 10228 7212 7604 15339 6210 8563 6648 18325 18866 862 5668 8955 14493 7008
4640 10502 19829 15533 14260 7876 8536 11172 14222 14446 17857 15656 10398 19314 13526 8370 5875 8564 4351 18244 6412 4141 7502 14215 19867 15773
9936 5929 9438 421 10075 8781 13337 13706 19338 17061 3887 19002 9780 561 8941 17759 681 3557 15999 17029 12452 19683 17463 13013 4942 1999
3793 18798 17757 4226 359 10826 12999 14862 13400 9717 6736 12780 13942 18076 17518 2094 11410 18664 8418 5797 16899 5218 13916 19170 1930 18539
5317 2425 15661 16372 14863 12531 364 7403 13479 18330 7414 5250 11422 13938 19109 3440 6952 5509 6789 8646 11643 19803 19326 6415 14433 14304
6932 15901 10877 5154 10212 9998 18450 12982 12387 7759 8529 14770 18351 15452 5350 8839 10965 13576 19179 18472 16747 16804 2724 19796 16073 13633
13149 13052 12357 19954 7122 19543 12223 5490 16742 9394 18299 1656 927 11231 9061 16442 6288 12169 149 14330 19869 14588 19071 4192 12977 1266
9653 4831 15742 3824 4728 11371 965 11429 832 959 16027 3054 13607 17935 16821 17967 10071 17428 15646 5815 7945 2146 1971 1760 3495 12350
14790 5935 18029 14856 19012 1719 14345 16248 18791 963 8738 18235 10712 13360 3851 19984 4307 1495 7249 5264 7618 16537 13221 12796 6238 14593
9001 13671 1240 1230 16262 12404 15780 14980 6153 3165 19506 11103 6466 8226 1709 3026 28 19788 1119 5692 14705 13493 5346 11561 6228 7939
12156 1335 13374 16823 11327 4634 8457 16003 13192 11557 3118 15576 8517 8483 18077 953 5467 1698 7906 14339 14985 404 9042 19529 17277 7876
16313 2885 4645 9461 13788 17060 10388 13538 102 14004 6666 1810 2689 3134 10829 10773 19728 1766 12967 125 4929 2891 1427 15172 7910 4199
5203 984 804 2256 8028 168 19241 11171 18993 3927 13589 17468 13500 12215 6060 13820 15987 6691 2025 1451 7908 3576 4595 3876 11542 6821
8965 18202 1333 12488 8265 15145 16212 11511 3569 5905 12494 10770 17871 12525 12944 12079 8831 15357 19388 12439 8369 6685 4143 13301 13653 13159
8176 3776 4710 2325 4780 9729 11101 8624 6278 13005 17322 14515 10959 13008 10103 8554 6211 8054 9108 18474 8287 9506 14640 6885 5412 1186
10841 10175 9442 2881 15572 11793 10735 963 9176 17114 5444 2272 8685 4681 7426 4160 19485 684 869 14760 9842 2488 16264 17234 3841 13020
3389 2841 14606 1357 16784 1850 10024 7304 8223 11906 13353 12281 14810 8958 9342 18456 6789 1966 8085 2105 18176 17492 15008 11380 18303 11025
10903 10106 2134 18161 3834 6218 18425 6059 13562 3962 10091 5905 15643 12086 17638 3180 2238 11098 12156 15894 19714 9093 8903 8145 17952 11641
13880 13501 3547 4964 18680 3091 7172 11429 10482 13636 12718 5668 1067 19841 1733 4569 17721 9992 18182 17902 14722 944 12804 8301 12988 18133
115 7649 8964 10589 14401 6663 2301 16987 17626 9009 19619 12086 7029 7490 12056 16360 19341 18320 11652 5272 1543 18458 3946 3842 15749 11362
1164 15898 13329 129 4596 15119 7026 6274 6126 18794 6918 14186 13169 3773 11867 4400 1240 11026 4638 1673 11770 16560 4873 12651 8789 7056
18165 16871 818 18462 19756 2281 17822 8451 13307 7921 7808 6898 9654 2589 13453 16855 6725 1610 9661 15383 12401 6440 9606 12727 2399 10027
3068 14714 15768 8678 3956 8281 894 17504 17569 9198 14067 18183 12110 7262 16202 5395 8207 15404 10517 19989 1831 16 15974 15502 12079 15451
14366 4577 11354 12492 1015 5462 13079 13402 19540 10425 14740 402 11593 13857 16641 9726 10161 19112 15911 14151 5008 2686 10195 19160 11842 5397
17116 1968 5287 560 15839 11372 7310 8479 19809 4831 1355 5198 11194 19799 13581 19772 19188 12309 17872 12429 13568 3374 4363 3262 5766 14719
679 16734 19563 6023 17993 19006 5580 13790 12019 3173 9553 5092 15951 5942 18685 17912 12856 10067 7189 4284 16370 14713 9704 13920 14695 12457
5461 7947 4499 16101 17313 13424 16525 17703 5867 11287 4221 1932 17701 4014 10941 14486 18255 17559 10941 17389 9408 7531 18711 8350 2397 15536
10484 1520 18555 17008 13608 12060 6472 9850 10539 13866 8226 11025 7077 2828 4646 19236 3191 6943 15122 416 18302 13908 19934 6961 6285 3157
16625 14259 3231 18942 13073 11021 9845 11991 16365 15829 15116 7580 19355 19010 1402 2709 6938 6734 8871 14019 15992 7003 16221 1563 2322 5756
7171 9601 19084 14164 7 1776 5198 17756 7373 11178 16383 467 18325 2744 13641 14770 9437 17204 19529 16170 221 16892 5625 14909 8699 4796
8894 11881 1560 1658 3225 167 17911 17581 16841 15569 9065 15928 12892 10499 13401 13274 6458 16670 14298 5699 18861 12130 19698 12994 16039 3259
17044 2209 11849 16947 10282 5670 16143 94 3787 12518 12031 6351 11454 18064 15809 3994 16648 4523 8098 4158 7149 9013 16719 3898 3033 5255
11585 9536 16154 11592 6434 14929 4288 2175 13798 16110 3500 10298 4085 13788 18262 13743 15188 13475 5291 451 2042 1793 3934 3966 12476 16066
13730 18900 19574 14610 5650 2181 15323 7191 12858 13143 8571 3556 7951 1966 2792 887 18749 16179 7924 9693 17379 12579 5387 14159 8459 13359
12671 7894 2949 18285 14312 6568 17562 9689 6485 2984 18104 12401 9223 5661 7411 14139 7706 11014 7976 18828 1077 7623 8606 19987 12932 6874
13185 17101 13942 12461 6324 18568 14739 15470 6113 9338 8201 8971 19642 4964 16617 10038 6832 13589 6985 2233 13007 9971 10034 6115 9379 14786
11559 9953 7946 2565 8221 17420 7877 2629 16095 3083 13026 2738 9033 16587 12250 4126 14551 10079 15150 9588 7177 8025 19384 19856 19624 17144
18341 12839 741 19126 18004 6027 478 10103 12701 3275 9881 14426 11306 17190 2504 16171 3671 13233 8813 14165 14742 5762 9364 7192 199 11024
12462 5921 15955 12719 14263 1265 18943 2032 526 2328 255 7257 3351 8403 13311 4980 7586 1725 10310 13253 19785 16654 12224 17537 11146 16453
9210 9349 10052 6814 19861 10860 15008 17651 11059 1374 75 4360 1834 2376 1545 14954 11841 5991 8178 8759 18450 11800 3116 19178 3596 11988
9909 19671 7721 2729 1370 15403 7253 19233 402 2116 8257 4617 14835 8442 13622 11340 695 3499 13323 13176 14021 14643 9183 17251 3335 13291
7576 2498 11869 6912 2532 13596 15182 13712 14995 16268 3682 2567 1631 2510 7109 14762 19792 3186 4398 319 11937 11790 2328 18165 12423 11237
17442 3712 16478 5529 16539 4848 1495 6680 13530 13645 18929 494 9971 311 7558 15826 17237 930 2896 10927 3596 15522 12005 5526 8672 4102
4425 41 16997 7379 18866 3480 2711 17802 2081 17752 9159 6047 19295 10138 11872 12964 2422 13175 6808 19549 17067 4871 14201 13865 8538 15635
8504 3509 7255 17751 13224 19018 2126 7836 7106 7270 17795 12765 1112 18404 18255 5750 5974 16617 560 2841 15209 18943 3143 18329 18408 13208
16843 8226 10873 19183 13860 13152 5582 7987 19030 2539 4280 18439 9342 2063 18557 6045 17962 17953 12269 2950 6815 9700 15052 9453 3685 2170
8512 10162 3064 3778 4813 16781 8807 8720 8794 10301 6976 11372 11258 47 8063 3052 7000 10019 5725 19084 10986 4732 17952 10788 19306 14183
7977 6378 3064 19739 15581 18453 8633 16852 16100 6043 1731 16369 18761 10892 14117 7000 849 5215 12261 9012 19612 8840 10151 507 15852 2235
10136 6685 3856 11029 6390 130 10228 4576 15135 11522 6129 15342 8379 13216 7822 5445 2291 4503 8929 8736 7273 16209 19214 3257 1274 16401
276 4037 15866 9306 18315 4494 15427 9465 10514 15866 9185 17963 6103 7197 13349 18611 12472 17978 3898 17993 5250 18612 4857 157 10676 5350
10115 10355 12706 13846 18176 2328 939 2993 4691 4220 7281 13235 2573 11872 19835 17319 15403 10117 18470 2482 9538 11081 8772 6769 4353 4364
14435 15980 933 17180 19548 10204 6048 11810 13926 465 7018 260 3997 18380 9186 19612 16546 9042 11657 18018 14964 10194 19599 14408 2987 14727
2911 12726 8550 12848 11695 19510 3936 2215 10043 15643 5726 18819 11958 4170 18198 5982 16007 11686 1678 3634 18404 18086 18366 1271 12477 14791
14170 1910 8355 7600 3094 19681 15287 4579 13721 15388 5373 4711 17771 11843 10157 19035 17421 12704 6516 1075 5016 14636 12902 9839 1248 8817
2324 18104 14346 5025 8847 8073 18881 10493 5070 11004 9131 7999 1740 1255 15146 11608 12420 12677 7293 7641 3742 12825 6433 16631 6834 3107
18595 18979 3360 6562 8464 14182 4450 7641 4114 4016 8360 6618 4276 19904 15574 9511 8883 17707 10179 10049 17164 604 11430 6314 11802 13612
11748 10249 10117 13711 18543 5915 3893 18315 15678 2956 4173 12376 7763 6728 5168 11082 15613 18383 12866 13688 16903 12773 18548 242 3953 1378
1562 9155 16006 13535 5068 1072 6217 10806 5520 10068 12364 5711 3410 13308 885 11325 18441 12899 12747 10503 15613 12164 2546 13020 18796 4349
12047 1574 14553 16187 16405 8232 19955 3464 5109 11625 5222 14786 12481 3369 3761 9274 6284 12399 13649 11186 11702 4644 2210 6652 10469 12133
17432 11846 11362 4661 201 8275 8048 12133 17549 18644 16600 2096 10250 17765 8077 11184 327 18666 14132 14535 17162 4243 7198 8734 7414 16628
6266 7828 19858 2472 13817 12937 17435 720 14431 4030 15351 17420 10272 655 19547 8786 17087 13281 10936 3655 3102 445 10174 13494 15668 9843
12708 6070 10664 14397 12316 10892 16031 13512 13506 18870 13104 15032 6051 11769 9955 17605 3477 15398 5041 16721 13570 585 4684 5613 6290 4775
5663 2614 1890 9898 14525 9131 11898 15026 10919 19747 777 13478 4100 6139 11229 6672 7870 10002 15276 1987 14253 15662 7084 11896 17891 456
4988 19813 14860 9214 15576 17029 4262 19603 7457 6684 6755 8566 12440 4009 17566 13917 6252 16141 14547 12327 1564 16733 13144 14374 1783 13221
7965 14708 16777 744 5459 6827 16630 13773 7670 3484 3970 19172 9360 17096 7032 16020 18283 9742 10945 12625 1526 1080 14618 787 3188 15221
7991 8096 15154 6528 9140 45 11641 498 10132 7651 3648 9549 4022 19725 3152 2737 12704 18368 1128 19020 6243 1815 13009 3281 5938 7924
11099 3790 15882 17448 1603 5206 14737 3022 12821 13068 3955 9666 16809 4795 2103 10443 13768 5865 6432 18499 15956 6252 15185 11553 7988 6429
16825 1546 3416 6669 9448 16873 16024 9157 14271 9954 3732 17296 19014 14617 15303 17236 9880 12009 13756 10044 4816 11354 3898 17290 11785 14843
3496 5295 6014 8848 4912 14316 905 14345 234 18751 16724 7649 3732 17158 12133 12167 17733 1063 2246 979 13221 13168 3182 11576 6966 6576
3452 15262 4139 7068 7394 16022 207 4445 5918 6315 10247 11009 3322 1777 16487 7669 13602 19255 4514 18747 5326 4483 16407 501 13390 4835
8467 13753 15643 6999 6327 11879 6664 8049 10494 13315 12337 18243 10588 13704 10537 8107 13975 227 5541 13898 16565 1218 6079 3098 5258 15223
15526 10256 1661 2517 3515 16006 5793 19795 19698 10717 15779 4555 16554 19506 300 6876 14638 16942 14635 18287 7428 5049 16211 16802 10771 8276
2338 11557 17837 8394 4156 7331 19463 8306 13125 11858 18632 1098 12294 3329 15431 6313 13536 18394 502 7600 1925 15908 11278 1137 5652 10720
11943 13316 10832 16817 7899 2324 11858 3957 5065 16309 144 4423 15603 8689 15316 9334 12445 647 15297 496 17218 3444 15215 9396 17442 8402
3812 2252 937 11836 9243 9446 5459 24 7365 13800 855 15219 899 493 5300 2106 6780 17645 4105 10667 18332 4172 13047 3076 6503 1643
12208 122 14288 14731 13733 13113 1014 14347 6822 4949 16944 8550 924 4102 5173 16197 2356 12734 12724 18341 13889 18367 1957 11810 13042 11551
12621 12046 471 12971 3917 12541 57 4663 15100 5027 16435 12005 12700 4536 11205 14576 15575 17745 2806 7676 2705 10956 230 6309 15312 2965
11123 10023 11752 1707 17655 9282 8710 10299 51 14935 18277 14369 19162 4191 11175 15470 1953 14910 5243 1153 10362 3110 2925 4279 1433 3088
3281 11241 2923 4007 8141 7558 4193 7529 3181 18856 7678 7719 18909 15408 10112 9498 14875 17778 18599 2318 16748 9561 19064 3923 9106 7018
10999 3339 9312 16009 11534 18064 4909 15494 16752 17341 11234 9641 6918 12876 19950 3431 15873 2869 13908 12185 6661 8515 3613 7431 2806 5240
2880 15986 9546 1191 11584 10848 15883 8321 11000 4100 13561 7773 12678 9533 1090 15325 1459 5868 16280 4220 19324 7897 1967 15010 18511 14072
13650 4261 7358 18002 6980 7690 18916 17441 6783 7956 12151 9228 15669 3941 7191 4842 1765 16945 7848 11189 19534 11809 12187 14583 6669 4447
14262 7851 1571 707 16544 13178 2036 8798 18119 5299 16097 12982 10552 6696 16587 13331 8510 6461 4953 3937 3807 6148 17090 290 18843 6702
9940 991 15983 12192 19135 2988 15058 11423 6841 8110 17506 2153 7603 4440 17280 11285 14608 11857 14918 8733 4878 6097 2719 6047 7443 17678
12702 12184 747 2451 11965 11321 8393 18734 10360 1727 18069 8544 1986 14732 17367 855 14728 14449 8991 6819 18142 13135 9356 13837 16199 6063
13274 11699 436 17940 9327 5496 17849 14690 8405 18916 18261 15086 1154 19846 6882 5514 10434 7874 17210 222 8113 911 10765 15438 15607 10167
14358 11253 1259 16801 17499 10179 13401 17997 6145 1868 18071 9817 744 16869 11388 14196 17212 9659 4695 18262 18120 4789 19307 16304 7273 4299
3650 19881 6024 13401 3718 615 15397 19818 16335 7946 7447 6647 2531 14019 431 3895 15974 19019 14282 17197 11701 15849 2138 7780 14548 10098
2558 17286 2414 11254 13227 17880 1508 13698 5316 10745 4655 1626 17584 17939 7727 15899 14540 6170 3765 9783 18973 9946 8739 17911 6006 5299
14788 18886 3124 1951 3713 5000 5609 14837 16525 7288 18582 14827 10341 14768 14749 16669 3970 13631 17609 16666 2322 3999 3825 16462 10762 19637
11801 933 18456 12033 16364 1714 12703 3796 7164 11999 17591 14518 985 9522 6478 5912 5115 433 11358 14748 9276 10068 5329 599 16982 14101
16958 12818 19005 9519 4026 4174 19046 2990 8738 8242 11560 4667 7922 19120 17205 10092 14552 16749 15121 3355 6595 18238 8605 18098 8480 8141
18607 17263 722 13837 11210 18941 18290 11744 12828 18157 8643 18635 578 13936 4900 16640 14269 6728 9134 12925 9329 12061 8791 7023 18889 19206
9165 6249 15609 17538 7085 1655 5828 10881 9228 2398 6558 14206 1806 18728 15718 17894 18347 13365 16751 5225 10465 9126 8292 8758 4439 10891
18690 96 15753 4915 186 12251 8817 6161 18413 2393 10584 9041 8961 4589 19414 15121 10872 1150 4312 9482 4128 15645 36 4886 10931 14938
12170 603 4365 6992 2646 19887 19157 15485 9937 473 11326 14205 2683 18017 18892 3509 2621 19754 903 10353 19321 13168 1287 14765 5450 11450
1373 1962 14624 7211 1665 16598 16547 16130 2074 5220 5878 18051 4104 10881 651 13509 11136 14830 15422 9190 11162 14932 579 19444 5123 2212
2661 2158 11918 5758 6377 19527 8135 11743 13220 4642 8871 2102 848 12540 12648 3652 9649 13834 17765 12968 676 17110 12491 2913 15204 8248
8788 6287 1876 12548 10644 11002 16544 16682 411 7998 443 19348 12929 14613 15240 13719 9981 11951 8690 12014 18281 19591 6753 16146 10763 3215
12270 16607 14727 14876 659 17467 4038 238 13195 9904 3706 16674 919 5152 4889 13063 14901 17289 8841 19727 1498 13616 14569 12795 6818 10487
15401 18731 15745 5914 15742 11860 9805 18381 11297 714 6094 13304 4813 19803 2513 4982 4863 3208 11301 11657 2350 6646 10376 19558 12808 629
13782 8056 1777 18518 894 19212 14270 6611 3319 17528 4307 8405 9645 11339 3905 429 15154 18513 19440 4915 13189 10562 7110 18980 6872 13633
13668 14569 8623 14613 10586 4161 12321 15013 9317 3697 18682 3926 3114 9245 4062 19984 7813 1483 16256 7814 11468 3718 17205 15251 10442 3317
3369 5389 4250 11541 14828 16193 19079 15562 11677 1128 13517 4826 12209 19789 10182 7363 10697 18896 8228 5683 12963 17024 6681 5903 19280 9434
15256 13008 1894 4922 11800 1686 3167 14064 13536 1181 13544 18661 5501 16417 17114 14562 2190 173 1792 18276 7704 13258 4090 12733 19337 15070
17172 5280 1962 14934 4490 10524 16303 446 15901 3979 9535 18600 4500 473 15616 19062 4965 4528 15931 11503 11817 16271 784 15626 12653 4497
15200 6843 14368 16532 18007 3936 11507 3553 4513 394 12589 19664 5801 14433 17951 7296 17937 17968 6891 8149 10938 13548 8716 14550 9120 18732
13040 5257 7946 9657 19176 90 13617 5774 14688 11353 16547 2234 8331 12 16121 16180 9083 4135 9728 5824 8058 11163 14620 2809 4334 7924
15989 19212 5960 19809 17679 6466 15351 4249 18851 3863 8391 7833 18848 15870 15057 1364 12555 5923 5387 8056 10734 1850 12180 807 1038 17253
18812 16425 9116 2867 135 14189 6132 11353 8396 7107 7218 7947 9098 10945 15788 8193 16041 1696 16558 8283 11302 1380 15958 17326 11244 1328
14997 13861 14173 10026 13461 6467 246 11463 6101 4578 3727 7693 17472 18002 12295 13227 9496 19359 19527 18433 12304 5274 2811 19037 17187 9172
19641 19557 12578 7897 11516 16841 11773 14350 19002 10690 15469 308 18734 7618 17717 15402 2053 17425 19895 6113 16261 14506 15808 3070 15893 3818
13156 3319 7445 15093 5301 18315 8773 16267 2080 11140 5458 4665 16624 10981 17315 19269 4564 12009 4957 14893 12742 18757 15130 16403 11330 4902
17933 14883 16426 17318 2426 15803 13209 8663 11782 13446 5046 11376 14663 8873 19007 19479 10792 3793 3215 15676 9672 8579 16021 5829 255 8755
7001 9231 9892 17728 16171 16831 11508 3343 11662 18091 14977 1250 6577 2809 10874 3996 11845 7471 14841 12891 19717 7363 7281 4676 14530 13346
16862 14518 750 19451 5769 5701 13630 2467 4609 13837 1171 9119 3204 12076 7149 2067 6476 9371 12928 3886 1981 15760 9176 16900 8318 19361
10918 9574 4568 10436 13246 5226 2447 5239 8486 15205 2327 11247 1361 11922 2331 13887 11197 19262 15485 7211 5854 8970 1187 11112 15685 11572
541 11050 10132 11235 13311 15171 16016 11231 3152 8125 10419 13430 8366 3257 12033 1809 12956 5411 6534 7785 17024 19459 13174 17148 14867 19535
18720 14932 7998 407 17540 11547 16754 19654 884 19312 9918 17407 3773 17180 19671 8023 15471 1329 15510 2504 2124 6123 11081 14958 12858 3003
11331 17679 5307 17670 11717 8933 15057 18876 10463 3552 16177 14836 2258 12138 15659 16342 15422 17708 11142 11037 485 12223 3111 16739 15545 68
15924 1422 12208 14144 17881 1396 10634 9448 6840 2218 15578 12279 664 18661 10265 12477 16775 14220 2311 14009 18656 6089 13040 7499 14206 1834
11474 18615 12151 14571 3505 16074 15095 5705 13801 10331 2390 15758 16969 19599 16041 16785 14374 6734 12844 5903 18455 9724 3542 9928 8086 5381
13439 13961 16195 5865 10758 9955 2644 12651 19337 12035 1425 9956 16574 8627 14234 6494 19209 15061 18345 6363 171 9079 16742 17307 3213 1579
19817 8604 10893 16148 11312 3524 2934 19130 1998 12175 4388 3822 10277 3750 9709 4848 10374 2362 10493 16630 10250 2876 19260 9011 14680 9384
5912 8498 19090 8841 18641 5887 17355 5787 11429 19773 11128 7347 14927 7358 3573 1691 9991 17886 13078 14183 11434 6375 5474 11979 13993 16834
7906 18125 18441 19113 3792 17013 11508 10019 19905 10488 11201 15673 5628 6406 3864 11549 6626 3475 934 18069 15307 409 11710 19298 18575 18025
9184 9169 7364 258 15648 677 18369 14374 12259 16582 17802 19627 7838 11311 19401 3126 19055 5088 8657 8980 13211 13986 13088 1272 4354 15961
19946 17602 11563 18426 11561 2028 2648 18328 627 8464 11633 18127 8275 15258 8723 16593 19340 8393 10646 3573 9439 14334 577 16229 9415 2078
12823 19819 19007 9517 18321 17419 18819 6043 7524 19671 11182 16224 1008 15195 15033 18513 13035 1818 17515 1904 9888 10062 18441 18909 784 12238
19113 2505 225 13655 15802 10947 9189 13164 9156 13722 9759 10786 10055 19380 10020 18357 10651 11513 7294 17424 3591 6050 12101 224 2527 9915
8153 15351 13650 14081 12195 6122 15237 14012 19243 9374 4178 6244 10242 1363 17440 6240 4207 6036 5954 1576 264 2486 15958 12538 6214 924
17463 6534 11211 17498 5269 16136 1813 276 13943 981 14136 1982 18980 18220 1348 12092 11486 14913 19037 2841 13157 11695 8399 6776 5783 16299
9195 3963 10248 4699 7678 2533 10803 5321 10161 16803 5645 4061 10606 17479 10476 16576 9956 10290 19719 4228 9120 392 3358 17359 2947 17143
5124 840 14588 14204 13331 1110 6925 2376 3022 1416 18204 7034 9110 5162 1711 13595 19444 1179 10175 3838 15150 2556 13357 12002 10028 1312
9556 15968 3179 8435 1046 10707 19190 13329 13566 12671 11316 17087 14043 19224 5030 19751 13826 3135 13563 19327 13251 9300 2387 6233 10622 9484
8893 10725 18763 4876 3612 12644 17510 8689 11852 12902 5097 17070 8021 10591 15586 668 13315 12491 14535 9404 2928 2408 16345 5972 16763 5279
18128 3787 3316 16033 2863 6861 17466 16022 13862 3276 14594 1385 11465 856 11457 17116 8672 12413 6647 18627 18648 4852 19239 14426 8306 10605
10584 3963 10097 15334 16192 1075 15240 3691 5852 17091 11306 8129 18400 2291 1630 18575 14975 162 10574 13573 991 19600 5892 4993 17083 561
2637 12203 2898 3614 16904 12190 7010 3785 15354 11033 7841 9060 12682 9008 4380 1147 18177 16459 14413 16836 15525 17469 1466 6430 12972 16600
14268 5028 6954 9926 3356 1126 9142 17198 17534 6444 19396 5728 2361 7235 15929 10797 14152 12414 863 4049 2111 5943 15363 17954 1795 16764
2086 11235 12475 6262 4171 3645 10624 11976 18680 9342 4521 5799 6701 6151 19182 14891 299 10295 19826 13846 19685 19530 7386 19709 1779 5409
18669 12919 14599 11096 10860 9153 24 974 17332 11584 13574 17907 1851 19065 6725 12917 635 9233 4444 59 5320 7797 5367 863 11763 10724
16437 19168 3262 15430 19301 10642 10999 2509 13423 3270 3981 1535 13747 13701 9891 6118 14414 9742 15759 19315 18652 3997 11586 13428 3817 9202
8436 17665 15433 17701 19343 18792 19804 4762 18539 8575 10714 12788 13762 13101 15532 4155 7996 23 13858 12308 2023 1079 4429 4429 8178 5745
3077 7654 14468 7007 19025 1052 9361 11103 5796 18539 4863 16383 13076 357 5060 12840 2449 15935 2161 16309 3260 9426 5090 6923 18333 13467
11933 14976 3357 11228 1175 19253 12287 17746 4041 7513 8524 15741 7446 10851 13776 14497 7641 4641 9918 1236 12144 9422 16979 18697 14089 300
6042 17314 6550 14798 6550 17595 12704 16714 12428 339 15022 14784 17318 7484 278 2116 3579 13037 13176 18922 12434 422 56 8720 14243 18076
19251 16096 14839 7169 254 15923 22 861 15694 8019 4570 1048 358 13441 16714 14094 11018 12166 13557 1342 14418 17122 9503 729 17537 8300
1753 18560 9622 17091 2390 6390 12838 8872 2518 9634 6250 2857 7357 2176 12475 12132 10400 9873 11862 2131 9181 5705 6751 15029 14789 13805
8276 1981 5766 4660 10080 5496 3321 7977 19415 1856 1253 5052 16516 18237 3758 10461 8232 15297 18151 641 19148 8626 10083 13218 3601 6345
13181 13418 19511 3121 4098 15485 15325 12218 3254 6873 11340 9730 8825 11065 1891 7424 14527 15309 17756 11329 15299 19077 9912 16952 12881 2345
3371 16251 12142 13146 16899 19002 2292 4384 2179 6781 11647 14601 2077 14023 3423 18512 18548 19991 18301 942 14333 17509 271 4570 15052 4391
8081 16674 15827 13194 16346 17815 11315 7590 16454 17073 11399 2546 17469 16470 16880 3932 7949 583 9721 8504 18638 16039 12860 11086 9709 14885
9439 14625 5931 9722 8 8714 5058 4414 13 13547 19 18708 961 1595 12189 8299 3114 8617 6600 391 9472 11800 4384 13689 18477 14691
11296 14169 12145 10434 4547 8677 13287 16466 18716 16532 641 8192 10382 8469 11239 8015 3420 14614 3748 13082 13176 16979 16898 14085 18161 9034
2555 614 14452 11326 12129 6106 17663 3480 19828 12609 9090 13103 18795 12522 4769 1116 13170 10977 7075 15928 1189 17838 10345 7525 11028 19507
5396 11854 10450 4068 18086 19670 3087 12843 18650 7217 4530 8561 2178 12335 17432 14674 6944 3048 11279 17848 4200 3957 16045 7376 6283 15459
16713 19578 4223 8254 10314 4674 16603 4176 18509 11456 13378 12600 16938 17675 6895 7233 833 5089 13427 800 15347 7807 6541 13988 15003 14768
3072 4601 5119 19764 11344 16537 11497 1017 4175 10340 14138 3087 4193 8197 9685 1482 18871 5675 13669 10221 17248 2395 13311 10027 3500 16090
7944 9680 18677 3632 4324 15833 19833 8089 3587 17324 12636 9827 595 9425 15508 2222 12020 2081 6287 2807 9177 2051 12948 6141 12612 17841
6757 3303 13457 13763 8044 8017 13882 6683 1037 13352 10759 7069 17182 11772 14158 850 1681 16753 16883 15440 18374 3855 19489 1723 3751 127
2455 6383 19282 13433 13742 15542 1628 11787 2992 3858 4687 15670 10439 2144 10183 10036 16341 16572 16588 3135 17554 10245 19292 16808 2077 4684
9712 3512 5994 7015 11581 6103 12867 15439 2128 5519 18432 9610 16793 1184 12214 17743 1508 17251 12538 18384 4678 1932 8685 1149 9803 6137
10475 13365 14925 13357 13559 14706 5661 7014 7272 10241 15925 17742 17527 13094 188 11340 8559 1274 11426 1618 6142 5866 12212 12048 19001 17683
9186 19564 15989 16890 2281 5716 5264 10009 814 400 11776 18930 4105 17705 11610 14446 5514 16162 10650 15994 3312 6364 18518 247 1225 15851
752 4776 17779 11502 5177 7716 10460 6621 13196 15076 6660 3158 12509 16504 10443 5719 12646 6795 8619 14791 12847 12041 2954 14709 8170 14393
9010 7187 1697 17748 2850 8499 16705 14846 16203 6771 9811 9043 14867 2529 16123 83 18821 16675 13498 9203 18527 6423 3981 5225 15445 16988
4019 2848 12623 6213 1276 3987 12943 19810 9611 789 16798 6100 10996 16362 19853 3378 19186 18014 8814 12391 8115 3645 3679 2436 10623 12242
12962 10861 10705 1285 12658 12632 8551 8410 16788 6861 14096 6679 5046 13858 19947 9235 4737 2650 16345 14950 11379 10351 14042 11484 16954 13220
13756 5821 16056 7619 6416 3342 17928 7379 13380 10209 12728 6505 11584 12852 13929 14750 6536 4754 14663 7250 7872 7964 6628 3980 5702 14617
927 11546 5847 19363 10536 5415 12746 11439 4555 17974 19525 15478 2830 18517 4822 12661 19766 19884 6681 17480 17682 11946 14811 19929 88 17515
1990 18069 9341 7682 8164 4728 2843 1186 3418 17464 9675 17542 19119 11837 8106 10461 7036 6140 4688 8081 19196 15266 4768 5881 7377 19876
11222 13919 496 10224 1235 5594 17066 14976 12492 4389 3386 18667 5373 6606 8161 17316 8258 406 2250 1453 18128 398 11178 13244 8065 14917
5783 15337 17899 5806 7517 6942 13589 3624 1200 18421 17780 14886 10866 459 1194 509 8877 5794 7443 13721 5189 1295 5960 5948 6974 11433
16599 12523 3106 7035 875 6733 16880 10208 12330 11358 19637 629 7906 15162 12083 13166 11463 18848 2857 7523 121 6357 14845 10114 19148 8768
11153 18364 265 10811 1501 10553 12045 14856 10759 19599 15551 18290 13966 17235 5582 13035 19538 2208 17447 17836 11548 16150 19924 9031 10248 13940
685 16775 17709 18160 1884 7726 171 19310 6471 4790 11543 18398 6414 4350 1890 2929 5282 13931 2747 6994 15927 2098 5108 10139 306 1452
10472 4631 1656 10320 5286 6386 8923 16161 2905 10289 2807 3558 16425 6302 15087 9428 9137 4791 12649 13024 16194 4451 11724 14084 7843 9972
12819 1091 1659 8423 19026 9268 708 9999 7957 11116 1595 9021 3043 2213 19393 14736 5298 13706 4851 12678 13483 9095 11256 12012 7478 9689
2976 5028 17678 3080 15291 5746 4481 1684 6519 16972 11156 648 8430 17014 3457 5230 11085 19020 18393 13619 1244 13736 6570 18895 1371 18218
10280 851 15502 16192 1841 12921 11512 18824 7467 3224 15445 15293 11417 3399 10621 3284 17337 14245 18814 6602 76 15262 14843 5619 7163 7751
11084 12382 844 17252 6463 8996 12702 3944 8770 4408 18166 10119 4438 15061 6948 10547 18545 9026 8304 9507 16502 372 17136 16047 2622 10375
11535 10500 15835 6898 8414 15072 18273 18168 2943 12086 6649 17896 11693 12106 4463 9252 12574 10972 3177 19098 5877 18379 6578 19585 11944 4336
8337 7736 18840 3049 2561 12828 5106 13318 10541 3090 18561 5692 1194 12426 1511 10770 10086 12685 2105 3394 975 4141 8570 19563 8719 1041
1315 19131 16878 12742 19277 17445 13855 10320 1569 9149 129 12954 2249 12393 1429 7594 19722 15211 10589 4283 12056 17125 17672 8545 3043 15529
796 12699 11976 11704 13744 4377 4030 8537 9208 7468 8014 15177 5996 12132 11401 16278 6794 3084 733 40 19692 1118 1954 11740 8748 19791
6044 1490 8704 3202 5959 12603 1871 781 17774 6999 2824 12869 5059 3709 16550 10939 69 9457 18042 15703 17356 18787 5985 5228 14843 15391
4802 3365 3928 14514 10051 6596 9539 290 4018 1097 50 4930 14858 1215 11940 10697 19749 9729 10787 5104 10968 7015 18813 14128 11254 19874
5219 19146 6853 15766 19569 5989 18635 1429 8276 18879 19603 10834 18007 2771 6871 18729 10788 6348 13311 11530 1536 12158 13922 9360 4704 14571
15209 2577 9333 17666 11683 6958 18636 16820 15368 2177 4767 4697 6775 5670 15416 16240 2115 1464 13999 4897 11630 10921 10055 8591 183 14959
9147 17708 5521 2395 12651 9816 447 8064 3125 10513 16574 15340 10484 6713 19941 18294 15969 11686 13946 4604 5250 15473 4250 8051 15656 15772
13696 6281 13862 14547 6252 16550 14387 2763 19732 12566 16768 16315 1588 18741 7095 10485 9738 13689 2576 17662 12623 16596 601 8477 8172 16366
3350 438 17431 2734 7820 10501 15760 11650 13878 14612 7131 2697 15523 6223 2226 4408 11566 860 18543 6510 19773 3683 10156 6002 17992 3316
2242 11981 15279 10187 3053 11607 10622 17766 19070 3379 11046 1200 13364 11733 2006 18217 1646 13752 12948 18142 7150 1921 1364 16295 4975 17053
714 12656 5416 19470 649 12346 1541 11184 4279 14939 15836 17845 16781 2633 8158 8186 18877 7975 8382 14909 3993 17325 6482 12350 9716 7398
510 14730 19499 12831 3116 2601 13049 6765 19398 18633 182 17271 3526 1878 9507 11610 14857 12696 2135 16739 11860 9264 11270 16401 7132 19833
12088 11766 10758 18660 15189 13464 10693 5689 8707 16885 1510 8068 9513 15216 17815 1684 8508 12523 17442 3705 10329 12910 4782 4772 6383 8230
467 17078 7280 14248 822 12625 16938 6089 17202 4748 10727 19732 6698 3657 3378 17375 17020 16719 3088 8814 9129 881 16959 3873 678 6305
15548 4038 18593 10736 10107 1619 759 4229 13183 3016 2334 4566 8607 19959 19083 5832 11728 19716 6666 4135 8989 856 18115 11915 14146 16867
1188 11464 15198 9728 14362 1817 16778 3961 2478 16451 19419 15349 16856 5393 7420 4827 8073 481 1478 6445 2990 4815 11569 9926 19014 6358
11576 10742 4653 14428 4595 625 15238 354 17640 3158 620 5083 12273 11053 5868 1732 274 1863 15310 16567 438 5335 15754 7358 8608 4751
9891 3879 19539 1507 12553 1983 10194 5242 4127 18538 19024 14246 7219 9621 11081 19699 12012 7883 6421 11230 10397 7653 8731 18091 19895 18985
17729 17939 3595 11456 18688 6765 14675 3745 634 12171 4383 15934 4573 16153 7712 12094 4228 19305 18794 9031 11648 30 11664 11735 18613 16703
8738 12909 14039 7776 19965 16166 17373 7200 10861 13511 18592 11235 3452 960 8663 10685 311 7068 9219 4504 18621 13370 11914 2775 17271 15531
16689 11338 52 14989 19646 10258 6561 5728 11898 6866 6741 12046 18451 18309 11680 7265 3059 7429 1012 2162 6866 16575 4329 14294 15433 147
13748 13271 11974 6966 12473 5157 15579 3957 18374 17630 13948 17069 3569 17821 3726 16760 13193 4688 2741 14093 4545 16095 10752 7270 17015 7777
16533 7530 18998 5703 5945 9063 9090 19555 3101 15932 11202 19433 12985 5901 18697 18349 9387 7050 2597 2693 1056 10463 19194 16784 7560 9679
10646 4237 4537 1108 7346 5476 13982 1703 6661 10562 10401 8604 13374 17626 1016 8451 9306 10437 12943 2913 8546 14280 2259 9852 7129 12009
1346 11941 17249 4352 4858 18226 4935 9618 6445 10495 10724 17490 13344 9080 12944 3160 544 6757 230 18545 19764 6521 18315 5896 10686 15148
9566 1122 3458 12430 13670 10687 13361 11782 8310 10413 13805 2485 3837 19980 14712 6268 12979 17480 5735 10890 4309 17425 7554 6949 295 14935
2525 5814 3227 13017 16563 13220 1565 12863 19526 19924 7862 12928 18386 8416 14057 18893 11278 922 16380 11850 8572 6984 4840 12857 145 9327
6731 17971 13493 5897 50 9444 6857 673 18819 18591 4819 11311 4485 7778 11242 17228 4037 1788 12984 11851 7046 1282 10511 6309 12300 3314
17409 12548 18324 5730 16168 7129 6806 9784 19380 15282 16327 3493 4018 2903 12954 14476 18545 875 1243 14211 15328 3309 15236 7048 2521 15040
2709 19268 9665 9766 10941 3206 11037 19235 9861 1258 387 547 822 13356 17405 16534 18682 3878 357 19757 12120 10081 13118 17237 458 7349
782 8785 5489 9913 14337 14618 6949 19058 4893 7970 19882 1867 13119 14498 12210 17188 978 5980 1626 9461 8686 4891 8011 14994 5951 8546
19202 8585 16437 14040 4600 5746 18634 4726 13687 4021 3896 2064 19980 4309 8546 41 7853 4328 290 1085 3011 11030 10775 2237 6772 9261
19316 17422 1204 17408 18102 5738 14727 12112 10689 17849 9888 9164 2517 13581 16307 3406 13691 5393 41 18301 15209 4425 16596 14963 18830 2063
5924 1969 6857 11342 327 15861 18103 18269 5547 3812 10775 4484 19756 14934 2016 3246 1465 16272 2130 15407 13367 8279 14996 17821 19 7776
1699 15574 15227 6080 7357 9507 1712 19534 2347 18193 8427 8979 18849 10622 19564 10582 3331 17463 5541 13792 19224 11795 14736 9422 10437 17413
2114 14776 14007 4781 10011 1575 17745 19136 18492 17938 15348 4183 2480 10632 7365 6634 1674 18902 3066 12120 2164 7368 12266 2407 12018 2653
1857 13484 8810 1604 3287 13604 7225 14458 4132 3871 7914 877 5687 17550 12523 12721 19754 16699 5803 2176 76 19326 15482 17764 13918 6468
7195 14075 8661 3241 1997 12373 2611 13908 13846 10284 1206 9443 19618 4355 6526 18139 16066 19546 8572 15081 458 17687 5298 1224 5926 17249
11615 19507 9362 14272 11121 8775 5868 18216 1208 8612 3489 14783 6395 14497 6771 10504 16369 5676 14759 11828 2578 6811 17939 13381 10752 17218
6350 9162 16484 1733 11277 2467 18746 16785 9569 19756 15641 2188 8459 6571 18297 18550 9770 10587 13759 3080 4885 4444 4267 3572 2674 4722
19579 17194 7713 16785 15176 17519 14566 11134 6137 18361 9069 6123 17961 19352 1687 8915 8298 18549 19937 11621 9806 16042 9686 6592 19648 17935
4125 1080 5603 13267 16108 12163 175 4667 12034 9774 922 6836 19464 18539 17760 10076 11033 10503 16886 18279 17826 6356 11553 12331 18757 14215
1771 5692 3046 7751 18448 13065 16882 892 13117 17311 6869 17497 7948 17051 13825 939 550 15944 3622 1860 7114 5648 6087 13908 18840 14965
14477 13816 11337 4821 1562 8640 19143 11696 7689 12983 13139 3360 12476 14747 13742 19093 8340 6966 3100 1291 8381 47 7534 7585 12906 16844
11537 5989 10709 7749 5426 3817 13205 5338 13264 4619 10224 12720 7600 9422 18951 11774 3086 12386 8808 14937 9287 12098 493 11924 5281 4246
14452 13960 12398 18957 8558 11768 2776 19412 19927 5948 14886 6225 6953 8875 3331 3731 5945 15440 66 18526 19034 39 6175 4664 16290 11026
6404 3694 764 5199 6881 5875 1329 3222 4358 19360 1691 2173 14646 6828 3897 16852 10476 10113 19684 11915 1798 19781 11192 8387 11684 6274
14799 12346 15478 17233 472 8054 10684 9714 4483 17916 14059 16729 15103 15962 1396 9108 6309 4040 16615 11987 15932 16773 11737 6872 2132 18615
2524 1509 5923 11838 13550 16063 2051 11596 13424 10527 6603 6941 6286 16823 387 16940 16569 254 6616 1989 511 8033 11887 15709 9507 11943
2131 9393 7377 10966 1252 11319 19046 8006 18105 15613 11059 767 17432 13584 5441 10765 14708 1604 13972 756 10384 13823 12117 13923 14754 15620
5994 11571 7510 3749 2632 4148 12315 6781 19452 12428 7264 15693 19126 15487 14133 1743 639 8593 12126 19017 14326 6802 7173 19300 13088 10648
18386 6378 888 10857 8751 7178 8872 8869 2014 12378 19722 18370 6307 4984 4346 10881 7212 3478 16964 12757 3665 15415 5271 13802 19587 1375
18288 15788 14977 11097 12284 9668 4745 10196 8959 11309 18401 8134 19815 4724 15106 1138 9047 14755 14825 14942 16884 5031 18727 5777 15101 8260
7743 19625 7544 2500 15012 19436 703 7811 3296 8043 4063 10640 2065 3475 18957 8488 11482 17255 12672 7619 18149 9686 18677 1068 192 19854
6960 18755 7563 7516 12091 7477 6555 16051 15514 659 3699 4210 9446 11432 12314 10529 8209 9648 10826 8790 6828 14997 6598 14209 11914 4372
19647 9446 339 3117 6698 13451 9003 7501 7773 16076 16313 17247 19710 17751 18269 1431 12610 14113 1811 4226 966 16702 9330 10486 7564 15150
2363 17087 17263 6267 4809 10253 2541 7719 15091 14211 698 13736 10658 6795 7613 5027 19339 18438 2321 19396 2593 8561 18130 4580 19088 8052
12691 7000 5248 477 4601 4650 19513 10436 17861 8511 11489 14568 7919 10943 17739 17300 18231 18500 2296 7964 8936 3558 19330 19702 13529 8810
13994 13641 19387 3109 3234 14328 5510 12739 4511 18283 338 4030 12691 578 7063 3164 9640 13627 7108 5841 9019 14720 11516 16836 10536 16950
11485 8325 11576 8138 11664 16769 1176 11655 10448 12656 19272 19288 2899 15431 11510 18934 11552 1581 6197 5311 4901 14945 3288 6262 5794 15489
16710 9519 4158 2831 7154 12563 12779 19409 10355 5882 6854 3074 4968 81 5376 19188 1517 16066 17622 12637 15038 8635 19662 569 18972 13022
3838 1251 7335 3953 3677 14544 10570 17531 7131 1392 10329 2465 16763 584 2051 10413 7369 1378 15042 16978 2906 13569 18654 6809 5979 19889
15769 14867 10992 280 8229 10000 11562 910 4197 12874 11159 1695 7093 5230 3087 1320 17614 6466 15362 7816 8814 13272 4040 14627 11235 9035
10061 18919 13129 14312 1413 1387 4051 10765 9736 17063 15248 6933 8276 1611 13203 18416 1603 8557 8128 14142 10204 3792 2598 18922 7350 13759
13105 16101 12364 2213 16249 7060 17597 3649 1283 10352 14789 19855 17612 12653 13192 3016 15044 19579 14895 18329 15652 2810 19467 18927 19100 19550
4877 4875 17945 842 10364 16641 16275 9381 8835 13993 15225 8452 10137 9188 8743 11573 5300 18382 6101 17181 17853 19132 1642 10577 12741 11825
1177 18136 14458 15746 3395 7603 4989 1665 3046 8738 3535 8299 1357 19072 15892 15930 2994 10606 5536 1701 1774 12004 16918 130 11641 8642
19709 445 19236 6280 10694 10002 9452 13862 8584 14680 9162 9579 4418 10232 18314 10339 8345 5864 2708 11500 11384 11996 4864 4276 7523 8815
12464 1515 9269 13971 3309 10918 16156 7203 6915 4178 2424 17696 1223 237 219 7248 2010 11488 2891 522 16132 9940 784 17917 18920 12480
249 19707 1863 8106 13479 229 4289 6420 8854 14868 16784 9999 13049 16705 434 10154 8977 16615 7822 17872 5887 4731 16819 5197 294 9824
13802 11752 8010 5292 15512 16080 2270 17676 9515 2132 10120 18615 3374 453 14048 4427 499 2352 4363 17344 14434 8280 13506 12 975 6131
17621 17303 4627 14056 14499 12350 3759 16768 2323 7855 6427 5187 2430 7840 5702 17351 19850 1130 236 14057 2767 2213 9764 16031 418 15822
10159 15872 9981 6882 15594 2633 6239 17467 14952 19268 8072 12467 10085 10018 11084 4066 12815 10774 14873 18115 17216 19329 7394 4070 5109 16340
18408 13206 17989 12632 396 13100 3829 19273 11659 13045 14912 2718 15615 18922 3996 8925 6882 4174 3821 15903 17501 19209 5373 2894 14427 14653
12525 10482 455 13390 18736 10362 14365 4770 1262 10183 1856 9399 18024 19596 16524 9624 5212 3291 7009 13265 13243 15560 12892 19667 7618 13573
16722 2052 7214 431 16134 73 13461 12505 10035 17103 14608 18239 8817 17123 19900 9184 14912 12832 16195 19404 2826 19744 15955 7779 19052 14781
10625 5486 15196 12134 5634 9378 2521 12729 18297 11679 10063 11561 2930 9846 3723 17659 10378 15137 18784 8753 3108 2333 9655 7873 3814 323
4408 11093 1453 240 11945 7004 5557 13543 14260 15619 2005 8574 4606 19368 2389 1900 13722 13685 14400 14205 15531 19139 17346 11756 19620 8554
5045 2068 16249 14906 1534 19132 10397 1458 1126 16603 6670 8077 4020 18731 19737 9103 10745 3647 3263 19366 15533 16655 4535 18233 9635 8466
18526 5073 2884 10776 3676 8306 14302 12630 9946 17231 12011 6386 11605 11832 5275 4685 8227 8598 14299 602 7280 9769 7213 18570 7384 15793
6735 8183 14791 851 9037 10374 16522 16435 19069 3537 6296 19106 6813 9680 1087 12684 13405 1018 8959 15753 17002 16337 4324 7885 15110 1050
3053 7825 5224 13142 5291 12336 4511 9293 13066 3348 6280 10148 15718 18032 18343 12623 3908 673 12144 16622 18163 13632 12398 10753 14582 1827
10442 6830 14009 19337 412 14876 15056 4342 14972 1826 1115 17048 14435 5851 16096 19266 19291 14333 12725 2360 7608 12821 286 4890 15072 178
14857 3405 11256 5619 14352 4572 8447 1693 17380 17398 11947 2253 1042 1608 16456 10592 4555 14160 5208 6777 14298 3894 17294 15075 10986 4047
5698 11803 9369 204 17059 1879 4774 13091 12151 7543 6113 15717 14222 8039 10824 9494 939 5937 5028 19441 13540 4506 11408 1972 16424 971
19167 8947 17284 2441 2669 7539 13601 1996 17429 5528 1684 17597 13133 3948 9384 411 19075 16014 4168 8877 12769 5461 9725 3631 4374 15310
11757 7208 10584 8831 2714 446 16192 17873 13937 5219 6405 9079 18098 17776 19943 12690 14453 8982 2777 12838 17472 11338 2499 14118 15790 19312
3119 12014 13342 11414 17148 9852 3860 15053 17432 12465 15486 2802 9064 17309 4000 15658 10785 13042 19808 15560 14338 10515 18183 2367 43 1935
19727 12530 13368 13150 1592 12295 7523 4869 889 13122 14418 1229 19768 18484 16751 14916 1148 13917 7790 3477 14439 2000 8980 11316 6774 14644
6268 19718 8282 2244 18540 18331 4708 5369 2984 4034 7921 345 510 5913 2299 5162 1341 5938 226 13241 265 14468 18879 12388 13539 8259
132 1104 9560 1535 18451 9983 4727 7431 17102 16596 16934 7969 1363 14939 7438 7083 19744 2332 8977 263 5733 12013 9390 4824 617 6402
17651 11467 8498 15702 446 19382 8066 13882 2630 13858 9934 11062 3147 15570 13051 12280 16180 19915 9860 19690 14763 15045 8974 18563 11024 4658
19650 13203 16084 8030 16935 16163 4608 9019 2369 8292 1457 8555 7763 13071 19902 10234 9871 14910 10924 10071 19727 8774 8589 3769 8654 19234
7751 15439 13560 18282 446 3641 19681 12333 14625 9134 10537 9414 6610 13488 12376 17384 8472 263 10456 2158 3633 16323 1051 14125 8231 12963
674 9248 3576 1641 10380 15284 12494 17999 10275 10921 9175 11039 13805 16800 4161 17372 16991 16502 14931 18399 10282 19274 13517 11673 430 12275
18370 14512 18486 4107 11397 13925 18612 5553 9216 11997 11837 9451 8258 9069 19371 12286 2326 5338 13928 19697 1668 4281 8837 17122 6153 19931
4853 10414 2074 16775 13560 19555 13926 4177 11042 6958 2346 5075 13754 2020 13729 9242 3133 780 3140 822 14414 11872 19541 17341 890 13181
10777 10929 7873 16841 2419 12651 9092 18284 15670 19742 19088 3564 16891 7424 1244 5783 2725 14777 5803 17012 11860 19326 9827 16832 13728 10730
19858 1404 7803 1015 16444 3600 11773 2615 1304 4650 6052 11506 7658 8536 7092 4422 1562 5464 7533 4296 11106 7884 13047 15884 9903 15375
14311 6164 6025 19014 15764 15729 15345 17147 1351 3420 6616 500 6159 15020 1006 18891 6344 13435 8562 18133 11624 17442 16026 3360 12456 18552
9256 2754 17208 10653 5211 7177 15127 3911 335 18171 4320 18504 1507 5103 6857 16961 15948 3508 12978 6314 1951 12221 19130 1477 12660 8231
18777 10377 4936 3783 19477 6728 19038 2306 6015 14006 925 19025 17143 14746 9168 13191 14652 16255 18705 11474 16352 1850 8093 9832 4550 9793
3425 11519 7355 8281 19495 14861 13703 2377 10174 18356 11882 9114 14059 14009 8616 12123 16913 14717 370 5610 13190 16405 11146 18486 13808 5395
8927 1456 14586 1300 11582 19201 16061 1676 2069 10940 8759 9630 3041 18640 9384 7409 16473 16175 84 13449 19387 14626 8079 12099 14637 17357
15583 16697 18351 5254 7756 1973 6446 2049 15757 13876 5488 6230 16375 10957 4266 15330 15443 12959 2041 18380 6719 11634 1685 7843 9917 17817
10772 4597 12867 2645 14585 3861 7406 9051 5133 7080 1881 17010 16178 16073 9982 16754 9826 8148 5304 11807 14934 6253 4327 18780 5241 6461
15752 11881 4789 1062 16923 7141 260 18624 3930 11956 10264 4008 12159 18063 5076 17702 5332 14945 14427 11764 10428 12103 10631 14722 147 16615
5190 6194 3430 19846 8350 10231 10630 6697 8662 14411 8391 8950 13230 15817 8056 18816 17314 2799 10705 10826 6143 2832 17897 6814 7249 5335
