365
7 61 87 49 62 36 49 34 78 85 16 39 65 5 20 25 84 60 43 79 68 57 13 32 33 21
16010 18487 6713 12747 11013 4537 17656 4442 5936 2612 2684 9012 2633 9460 716 2503 4825 14989 15054 6344 16735 4855 11160 19915 10144 13806
14569 9603 16312 1692 16494 17267 784 5879 4004 6957 5718 7205 19484 12879 3506 10059 5699 3375 14155 15581 12381 15578 814 3028 3497 1563
17594 1546 14867 3539 11350 11331 11658 13687 4070 2401 1598 10233 17479 14815 6115 6310 16567 12992 14814 5198 18121 5827 3191 8465 5637 8153
19529 11702 16485 15934 14935 11531 10388 3909 3328 9712 19546 18740 13271 4497 9682 14467 13959 18998 17320 16419 267 4229 15501 5805 13749 2283
9681 18474 4214 10349 13402 13878 3579 1757 7097 4342 17034 15708 10117 2858 8985 1786 9276 10698 16069 8566 8713 5882 4617 9918 10893 7461
11547 7730 14677 14715 19110 13787 8470 16197 6385 15772 15265 3491 7841 16877 9836 857 1060 16811 19077 11204 6651 16050 12599 13612 7481 3080
18981 18071 14902 10985 6584 5416 9473 6765 10037 9411 7717 5458 6977 9634 14357 15444 2864 1977 17657 17686 6460 2342 15430 5980 19950 1418
188 11292 9913 9212 14637 15012 8611 11810 5483 9472 12083 5379 19123 13768 10696 13898 3485 19085 17416 8678 11730 15353 15171 1895 4876 1600
10465 3612 11963 3793 1517 5541 13464 3881 10228 10088 10159 9900 14144 18252 16656 3799 2030 11651 8299 10587 15704 2015 4905 12313 12133 10561
7401 4222 2117 18131 16843 16204 15841 2402 18967 9527 12431 17718 18912 14585 14388 18296 16527 4276 3376 11232 15879 17450 14481 19489 18481 1637
8908 15914 1941 1169 9190 2019 2480 880 5819 6838 6408 11403 3051 18875 1052 6194 16949 14126 18970 2783 3078 15580 16736 19074 1799 15929
8985 10912 10896 11510 8690 16392 17595 15308 14793 4056 3588 2987 5707 14414 853 2370 15418 3829 14479 16028 12265 3987 14795 4980 18286 5494
15154 1249 11390 13295 17927 19828 7995 17770 10859 19702 1905 7614 15197 13017 10980 2070 5226 12981 5575 10053 4239 353 3607 17339 6083 17881
7339 15517 17788 18225 14135 11106 10944 2735 8936 1621 6947 11644 10851 7025 4513 5767 13697 8138 16797 4533 6496 12601 7383 4468 6935 10592
4508 10380 11476 9332 10996 7954 17371 7406 17864 1105 6773 19184 8996 16500 2085 4886 9193 382 16157 17492 16860 8499 5004 1656 3120 15578
18584 15005 12781 112 12032 39 2683 1648 18263 17265 11957 15593 2946 13063 3557 895 11501 16276 10906 6279 3456 162 6424 16299 14449 665
4926 10874 10994 7941 16085 14968 19253 12020 5060 19456 7020 18848 16900 12660 4556 19533 3333 8454 13703 15087 2554 12086 9907 14161 12940 8031
15531 10025 9116 18272 8083 19489 14646 9910 9135 11158 15367 6092 10727 16211 18623 140 19668 15886 10871 17449 9516 12801 1095 1006 61 14125
17385 14353 13161 8603 8241 13808 9897 8824 10579 9851 8638 15826 5723 7107 16795 10011 19630 13880 10603 10772 9115 18972 15086 13490 14945 19178
19083 9790 7281 4773 10175 2053 10631 1912 12401 19230 12464 6676 17652 7353 12855 17414 14558 13544 13163 2404 3391 8881 9022 18089 1831 2434
8549 12504 17806 264 134 3898 15029 11614 7955 5700 5325 11509 14304 11407 17586 15529 1540 14304 17872 13919 6412 8844 11792 12109 17368 15017
148 16423 1642 7471 11214 9813 2092 11868 10388 3287 1339 4939 18515 16196 5410 7356 7667 11865 16457 2765 3619 16439 4612 16524 3345 17183
4707 7185 9120 4638 19385 14690 1894 19094 4308 3980 3012 1081 10214 5426 1815 10858 14728 1597 11969 5739 3828 12463 8107 13315 13173 10538
13866 150 4977 13776 14376 7033 5287 6409 3433 10538 4646 10773 5614 13591 736 11821 1275 17318 16990 2250 17695 10721 16756 18545 12909 14665
11374 7585 16801 16326 14374 15722 11835 3210 3685 6506 10786 14522 3067 11730 4977 3669 10007 10753 5844 11971 90 18598 11806 5330 6009 13756
16152 13704 3155 1524 17484 14178 2136 4051 17113 16791 668 8966 4083 10593 9437 3785 2223 695 3477 3344 10699 16299 16368 16182 13001 8662
19087 3496 18331 14821 17237 1698 12211 3423 4817 9713 5895 178 1324 10857 18945 8242 17790 3053 16943 12489 4597 9675 19930 10246 17961 234
19998 3566 5556 17073 752 19920 1643 14060 3901 16523 13960 7837 8461 15921 3608 7788 8001 15298 4409 6701 6640 5105 10284 9538 9699 12531
9843 3609 19998 986 12163 11859 18186 17855 5362 4191 14611 16336 5556 5665 5439 18144 9421 10524 5339 1883 12798 12800 15079 10475 9371 14453
12811 13083 3417 18167 16585 6656 12251 402 19324 428 8011 16323 9711 5199 3280 3137 5751 6627 17147 681 16396 8809 6450 4989 12280 2009
5469 1498 10020 2732 1603 19631 14252 5844 4058 3028 7398 4716 3753 18594 5623 8917 16541 19050 14870 18597 14678 10509 233 8618 8933 2966
19854 12054 17955 8835 19425 4089 2163 1421 9254 12746 12965 10157 3695 14051 16412 14873 16405 9021 13791 19268 7784 15771 9826 12253 11563 5388
12589 113 18182 10501 14077 4852 2193 2284 15486 5990 1997 6657 6045 2689 141 8973 17305 877 13271 5899 18667 8309 2309 4042 13305 10704
7775 5159 19215 5658 11454 1251 9559 9224 8735 13393 6729 4047 19676 15793 7926 5431 9561 4051 3763 18044 18537 545 13820 10140 711 5336
11062 19863 17931 1854 1799 10787 6068 12783 12534 12394 3259 14618 9685 5091 10614 1049 4658 2049 17719 10810 18208 14777 1188 3684 3765 18166
7269 9371 13149 548 10286 8969 4379 3756 5716 3957 15564 9410 14121 14518 17316 4629 11841 6658 6452 19868 8127 7561 16963 5976 18873 7294
17349 12785 7766 13303 10360 6739 12702 6484 11603 8668 19020 14462 1046 5298 18997 16218 768 14610 4020 16302 10528 13627 10742 2935 9986 10321
7089 7402 7069 914 12742 6579 4674 7291 19129 10390 6131 19229 15826 19771 12210 1806 10820 15786 16955 5801 16272 9188 19180 17064 2309 772
10808 6071 17899 13487 19862 15976 1842 16750 11914 4803 9992 6545 18315 10027 1560 1462 14226 17643 10522 2493 17294 18703 6810 1979 10298 12652
15248 12340 1428 15441 9732 3649 12621 15317 13572 10799 10977 18761 12535 338 17477 1638 19056 2110 7382 17760 9967 9158 15755 10278 3178 14098
7652 585 1830 9353 5281 14996 5720 14195 11165 11215 6676 18918 1928 18297 16315 3797 9250 15901 13634 19977 10090 467 15437 11774 13917 11587
2161 1619 8911 1432 17736 19066 16199 7531 18615 13738 11333 6889 7996 7490 16789 4554 13940 18219 14151 2951 347 3868 5927 1684 17947 10233
16842 3722 12177 16841 10326 15386 12363 3068 3467 872 295 12772 7201 6883 17908 4893 19758 12988 12253 8973 17822 9176 12331 4064 3717 6202
1477 470 4562 9848 14503 9926 2332 14891 17791 19696 2374 12083 11498 14678 15551 16315 11828 7178 13207 9607 13267 12949 197 2690 1445 16655
15779 5130 8384 3039 12891 12147 18135 9291 4970 10111 11128 246 17775 2201 18424 4074 10510 7894 15637 9571 6822 17098 17359 6370 8164 16198
17097 1735 460 3289 784 13727 9871 13802 15966 16626 8316 15041 1291 78 809 3606 19470 7590 8050 12033 19102 13609 7838 6325 10661 5105
16234 13537 1906 10262 18686 2678 12804 19618 10265 1656 137 19616 1567 11664 11090 13771 4496 13289 28 8772 2224 4372 227 10694 14493 1858
4832 14063 722 137 3027 11984 3360 3102 8604 4808 12401 2829 15006 19257 2103 16794 18888 12337 15772 19816 1453 10757 11143 15442 6089 878
14928 6405 11050 14062 9930 8862 10453 13890 1415 9497 13251 19371 14289 403 9779 12239 12122 16128 16501 5512 3614 10160 14630 13845 5553 8676
7931 12470 18877 373 19170 13265 8597 231 15318 13437 9421 19393 14731 14671 3856 13818 10967 9703 19238 667 3998 3460 15118 9270 1686 4399
10125 5858 13193 14381 11390 6586 4153 10366 13501 14329 16111 3366 18471 12108 10156 15533 5774 551 6370 17638 13224 6586 18700 1022 10158 5949
4564 18045 5585 10544 2247 3403 7626 10080 15714 7550 4041 9280 16944 8589 9379 5183 3971 741 12347 12228 54 1685 18582 14051 19204 7457
2155 12039 3840 9610 4681 4835 3081 15004 13004 14846 12047 18238 2290 1506 7540 1029 17740 12960 7436 8586 2892 26 5657 1572 1403 6907
10433 1622 18592 14232 15270 3934 17020 18726 19362 16669 19426 1517 3069 5703 5142 1600 13302 2011 17091 15573 2403 17909 5341 5409 196 2710
18014 1302 4267 12137 3364 2011 11231 9744 8970 13069 12722 160 11661 16033 7393 12758 17693 12418 7555 13383 8805 15787 4081 12707 16512 13778
16998 2034 8479 12679 48 12961 3810 4026 17873 3197 7339 11068 1333 5563 12443 9111 15282 16500 3030 7438 2355 6294 12304 5133 8489 6628
2582 1101 9298 19761 7753 4432 11097 16278 6420 1305 18411 18218 12576 17029 19338 611 13280 2730 19665 46 13616 11458 18952 9121 716 6664
11150 8037 15919 15808 16216 19100 8225 10679 15395 18838 39 12093 6311 14675 15452 4306 16669 3802 10976 17622 4033 4586 5256 19744 3336 11635
12160 13700 12356 17287 14073 1403 1064 14658 11243 15222 14211 13809 7168 12400 642 19667 19578 13597 19586 15437 19077 9872 9103 1005 12911 11620
3539 18854 14973 17667 4761 19157 17774 4804 11887 19947 8375 6486 7116 2916 13132 19761 7318 5980 7254 6993 16947 17079 4856 8931 15809 14858
5382 1214 17475 14929 11810 9181 19396 868 13593 3228 17524 2298 8444 10948 17470 8668 10772 17818 13722 4384 2843 17842 2613 4197 8290 7155
6872 5816 15700 6054 6364 14773 2074 4377 5049 568 1594 1257 17225 12210 17360 14860 7437 6310 10266 408 11200 13524 3516 3549 7436 3716
3902 11168 3287 2376 5529 15393 7094 9118 16887 3651 11188 6021 7912 15133 5114 5885 12214 1463 12609 8348 19035 17384 15607 15926 14764 18298
17711 12509 7124 4410 16683 1181 13904 660 11631 3075 6619 3701 14538 17287 16436 9710 11372 4601 13773 5051 1534 15708 564 9830 11291 584
1694 3963 2023 12245 15282 13025 13363 10628 15586 4545 8365 15108 5829 19827 19798 10721 7230 10822 3579 9028 13265 18100 6387 19012 8730 6140
4907 9711 18501 1329 18887 5526 9386 11719 6706 5647 13184 3573 17678 6343 15601 11900 8366 14185 18706 8671 4960 1470 7879 16020 8732 17933
7432 5223 4538 3141 19935 10645 18972 120 10442 4294 5063 17516 62 5720 18037 2249 13956 5086 5817 12000 10445 17497 15606 11241 14711 13215
1133 3283 17492 8426 6706 7633 14191 8493 9850 19966 658 14320 8402 12709 9521 17954 770 10119 11865 10077 16479 19506 17260 16627 11515 16429
17109 8068 12358 12770 13931 1995 15854 18795 7157 7874 11104 9130 16166 11126 18985 17850 2104 1603 9905 17972 4894 10614 7237 1693 16708 19020
16680 15237 4299 12869 9435 18649 19929 277 660 7707 19204 6914 17888 9308 5782 11469 11747 702 149 2615 5415 15227 6271 2439 14639 7875
13942 17774 5834 2498 16350 9295 1662 15615 10443 18413 18986 5508 4353 2163 9705 3819 13684 10437 15632 11043 7111 11909 4018 406 3570 16925
7019 8584 11796 4938 5662 12638 15942 4465 19143 16765 14765 13246 780 17547 2177 18749 8055 17691 2602 12976 11806 3130 13070 13597 6995 10261
5764 15928 8121 18431 16908 14519 11981 7702 10969 8716 9156 1951 17995 4752 18038 10868 4490 1761 2831 7718 7872 8454 15362 5310 2760 11796
14377 7223 7321 2460 7459 9446 15164 7899 2744 18051 6476 5197 2459 2146 18357 9361 19526 17635 7465 10019 6126 7748 459 19559 9731 17933
7903 13105 17833 335 855 11654 3972 4315 16717 15929 6210 650 4258 9999 16646 10033 112 15507 14622 16064 16143 1205 18556 3472 18950 10279
17052 11400 11585 13604 19949 4454 16621 5883 3584 17663 19280 12955 15930 4947 3090 8267 17499 4518 2858 17282 14285 7152 15325 14533 1310 4600
13977 8647 11891 7435 16796 15024 3403 11805 7191 18115 15754 8871 11284 7922 2956 8134 16116 4568 16520 17531 8830 1074 6732 19890 17635 17219
2573 11428 7956 8736 6038 10436 12011 8338 10107 17582 9828 757 12727 13142 8009 8428 607 13550 5644 5622 8075 14950 12165 2726 3509 2612
18293 11418 9051 9185 9737 7259 18705 12758 4612 2548 17784 3835 2345 404 5398 12738 3968 15420 623 17695 18734 12777 469 11188 10659 16146
2105 14500 12057 9342 3808 9949 17940 14471 17696 17831 4435 6633 14146 9021 16138 11277 2660 13272 10907 17256 18615 3395 7257 5749 4058 17655
12832 310 12171 11814 12800 19564 1870 15421 11232 1290 5189 4606 9241 1841 13420 12413 19087 1619 17599 16199 12061 13753 2771 1413 19630 3408
4781 1281 5790 12294 9497 1809 1394 13925 13709 9669 6390 17307 15446 17497 2495 4515 13021 5439 8232 19650 5811 3530 3186 17455 19405 6626
11627 13169 173 10100 9600 2164 3764 9891 9637 19840 8672 9466 7075 15398 12907 16097 17981 3497 16350 15232 2726 14253 14873 16840 16716 8960
16245 12843 8118 19693 757 1003 9322 1297 10417 2452 10050 2978 14675 18462 11599 19141 4168 18689 10834 14135 8701 8713 13507 15453 12339 10801
8985 3358 3147 7031 9631 16141 8950 9519 1060 799 11241 12416 16023 13473 19669 14742 17380 9219 11622 797 11518 14281 12185 15179 10660 1477
5015 13737 4060 7563 18380 9715 9533 18551 10291 10488 12226 2480 9061 4535 11489 7404 18620 14453 9484 3721 2298 18385 9996 17484 4614 8011
14457 14131 11004 9265 7597 7680 12987 10938 15843 416 5902 19017 2384 3583 16982 2933 2695 17146 9706 5591 18332 679 748 1786 6044 18729
7680 13543 19034 83 13932 2477 14357 3532 6962 4457 1253 12143 15452 6004 5781 15872 6977 15695 3216 16442 7254 5033 779 9321 8907 11598
4294 14040 2557 11484 1781 14340 1781 756 6946 15596 6559 1528 7310 19097 16958 5416 4204 15063 14230 14566 6970 8824 14862 11485 13583 19077
4642 1815 12359 3731 7600 19187 10625 6812 18607 17574 12350 8777 15643 3336 15597 1254 3924 7247 5567 16995 17854 878 19546 2039 7072 10114
15250 9163 11597 3003 5438 11483 13875 3207 19528 13855 17412 12317 4212 16323 15342 11358 7135 1341 13547 15789 5180 3414 17402 5824 10252 8111
734 19639 18748 2450 11618 9450 15129 3907 1712 4719 14922 9374 18186 4000 4214 11826 13544 9297 13640 6869 18700 395 6340 11687 5414 8453
2399 12299 5465 4426 749 18964 9429 16269 8914 9794 17410 7842 2330 8770 5506 9087 12815 10656 1876 14996 15767 7171 10046 12720 14638 331
1030 18825 9116 11788 5027 13506 12289 5240 1758 13239 127 8256 10068 10574 19203 898 10229 9301 16689 8503 8780 7680 9551 9970 9327 14986
12419 18939 5868 9586 4608 17968 2049 16134 9250 14874 19233 18579 1014 3059 12899 4350 7091 14944 18998 10066 6581 18275 3649 4866 15212 5210
12520 2752 14789 7326 9595 8779 16007 9708 19115 10679 12088 3057 18014 16801 17140 10608 3436 17471 8719 13937 4657 10833 16378 16381 7032 14681
11960 12368 240 11450 18374 12858 5492 4505 11901 4278 4069 5023 10918 15318 2024 9330 6186 8876 17157 19375 7090 12902 927 15959 3973 15899
11670 18093 13192 10561 13140 8542 16359 12613 12739 6261 19676 2552 4377 17377 5968 13718 8877 15056 766 18248 7394 1023 2868 8076 6584 3155
16880 19978 3789 19919 16618 7696 11410 10827 10811 16971 13488 1697 17117 17267 12139 9113 18113 7451 879 8392 17913 302 5593 10724 3699 8655
18001 9747 16676 12273 1201 15897 3935 8944 16901 15577 16721 27 17749 13945 16657 18500 11916 729 8394 15639 11604 5866 4848 7539 4843 17610
6476 16107 6857 17382 9265 17779 10579 17743 18123 8548 10529 5956 5526 9349 8829 12818 4062 8363 324 14457 15762 13333 8088 14552 3669 4800
15453 333 7529 8775 2458 18446 5645 12909 18380 3404 4504 12289 8804 18807 9276 14583 13678 6772 12378 11303 6112 14027 14456 13796 14861 17246
18688 7068 11605 10616 3000 10609 13563 10302 15280 9290 18013 2277 9769 19645 18832 9593 13335 8096 8329 3117 9569 13558 13409 234 8688 14698
9193 17107 18711 2192 3839 1938 4211 4159 17317 12936 1956 1938 9786 10387 9728 5929 8398 4053 13216 17506 14427 815 18674 8592 6276 12762
13138 17705 14358 9818 17460 7523 4557 5712 12403 6009 15896 18551 15461 17486 4341 10355 1584 2832 11149 6257 11214 16870 12474 17311 8567 9274
2763 6005 2879 4835 13338 11236 6993 13939 11553 1061 16091 3869 492 5455 10575 8888 9150 3282 14298 17214 17616 11349 12110 5003 15854 16433
7698 863 10442 3573 6645 10552 1142 4705 11976 6243 14224 19968 6139 8323 12606 16490 12520 8520 16617 11450 1641 10278 2104 646 12266 10293
15170 14463 955 5194 17845 19673 4933 18974 6512 182 17067 19269 12542 18542 16379 15087 19304 10372 2211 12544 6794 3685 14469 4129 11089 12421
14220 8896 4487 7525 124 14796 569 10636 2859 1440 4708 5404 6177 13081 8000 1494 1250 1345 10882 11543 5479 6321 14440 11788 557 13258
15865 13233 7369 6831 6582 5279 3315 4191 12696 3974 9291 9536 18934 11903 11028 12682 19682 14320 10782 8643 4929 1194 19554 3801 8132 5533
11578 3891 9270 19355 12925 15427 5367 6320 2271 17023 16263 13 5968 14028 14385 16743 6129 6299 2471 17529 3333 1280 11138 13206 13937 8605
5614 9775 18134 5741 14359 3222 1321 9617 6989 19442 18696 3352 10049 2984 9063 10834 9909 6773 9406 15340 4256 4583 7999 15148 671 2904
18759 19444 19885 17811 7737 6668 17041 4840 11043 14272 16594 2835 1868 103 9422 15066 5910 2409 2855 15065 18356 12085 15960 15386 372 1679
7686 19004 934 1493 4382 19465 13826 10277 5647 17322 19357 16663 17068 12756 19625 4721 11312 18294 10280 3952 15344 18316 12470 7476 14571 11368
12725 14937 12328 11423 19085 5081 5106 3119 4729 6738 1710 7050 2266 7678 10409 8920 12409 1914 5790 4444 9187 5464 1696 7187 5629 527
14604 6419 2822 7286 9379 12556 9279 9452 4528 10036 7249 17920 17985 189 9036 17456 7353 12458 16537 14255 13448 4694 17926 10303 15140 6882
9882 10122 8009 12421 11970 19140 4410 11613 19632 7443 14101 11909 5993 8466 10711 18788 1188 17506 19783 9167 4753 7064 3636 4847 14528 11891
2738 18032 10149 19123 1500 10206 6891 11433 10707 7467 13800 18066 13074 14932 14209 7942 8127 546 17245 16891 5704 13456 8679 18325 13729 12688
13655 19813 7392 16947 13450 15190 11938 6311 11768 870 6691 2049 8137 16545 3184 12509 13299 17397 3084 14926 11142 16223 11842 9034 7601 5111
19227 3011 15926 12480 4433 19497 2465 8742 14429 19266 2280 3783 17213 19762 15874 2460 6185 16887 13237 3803 19966 18265 7603 12442 10448 4398
14780 6385 1226 17730 816 4784 952 17747 18005 13353 3311 190 8331 14973 9521 6675 1117 16644 3326 1740 7243 1068 4649 11273 6228 17533
7645 14054 8519 5447 11526 10157 8894 12540 6046 6575 16185 19115 13469 16518 15910 10208 5715 1698 15321 4667 11219 4587 18224 14861 5260 19693
15984 5947 4466 7473 2823 5848 9485 1380 7219 8169 11376 6830 3770 8799 14746 7748 4148 5571 19831 19360 11782 1443 7034 8324 19802 12687
592 19542 15961 3241 4131 14223 13598 3551 11657 3525 14499 12726 6526 15462 12762 15039 16884 14379 5404 13231 13446 2672 5663 17656 18167 1447
19537 4376 1809 4703 4471 1202 18806 11206 10938 784 18587 16224 586 2050 8689 7580 6567 14471 1997 356 2846 310 1377 13777 3638 7157
9435 4144 10 12667 7895 18294 9619 6596 18926 10712 11457 19783 10161 10100 15148 12180 14069 7225 1790 15808 4432 4289 14034 11779 4302 4574
5986 13046 12362 9265 920 9727 13391 13810 12791 3327 15379 9316 3633 9619 1684 15235 12253 10637 6944 2437 7725 19932 12755 16526 576 12462
11605 460 15739 2664 16519 13342 16696 13118 13139 19920 221 15818 3892 5830 5116 5412 15482 9811 18075 19376 10978 187 18812 16795 17804 11857
12985 9746 6216 6783 2536 10444 2979 1287 7104 919 14199 14722 5960 11814 10729 894 2854 17536 11413 5697 13775 2215 4363 3561 1921 12481
7814 6981 10553 17308 3484 1496 17636 19739 9754 2949 440 1159 656 88 16038 19800 18267 19810 662 7371 3237 14645 3450 2089 10738 229
7486 2394 1202 16962 1796 14780 273 14382 4338 254 9051 5155 2493 3523 9561 2546 6811 7825 11179 3078 6338 13012 16596 6695 19199 14448
7546 8273 13647 3936 8994 19727 110 18348 2523 18434 3417 6358 12287 19291 10657 12139 8481 15615 10792 13247 19065 18241 10938 11247 13488 337
14483 13458 7550 12454 5831 11809 12180 8839 18167 11139 19883 15744 18624 3266 19648 11366 3588 2415 10106 471 17377 4604 15307 6370 7750 8389
1986 17950 10988 8812 9730 18709 15314 6701 17067 15972 16158 8164 8024 8812 621 12236 11534 6596 18221 13681 15681 15165 12225 14665 3366 625
17217 19832 3478 16546 1830 17248 6165 17122 3804 11934 16028 5168 8695 12131 6207 6064 11593 6018 15205 18928 13077 18938 11568 16316 12791 10908
18158 22 4200 12660 17356 12996 17842 1879 15149 8767 11929 4254 17642 14278 15203 9665 18849 10072 4916 13741 7930 7153 9772 11277 10963 5247
3457 17723 6703 11171 371 11241 13729 5235 12096 9456 14325 14198 7901 9323 18258 16024 3830 11811 5739 17817 15655 11523 9636 3313 7249 4411
12832 5881 1094 2168 10121 4798 7566 6182 3487 8340 10803 12530 18229 7076 13849 8146 9339 18488 19259 14204 6617 6358 1376 14536 15333 1106
7227 3537 19356 12014 9575 17621 1498 11977 17688 13617 14614 19324 602 2509 16125 14084 53 9235 10300 7873 9845 1465 13144 1887 1808 13920
15250 9500 2776 1784 17508 2740 16171 18963 9020 19243 12188 13769 10524 15374 538 1822 4359 1550 13953 514 16019 10524 6203 5039 16375 16534
1979 8939 18057 1989 11962 15202 1299 13138 15891 8316 266 8023 12878 15438 19528 11386 9262 19284 16356 17460 3343 13099 9625 14164 2371 134
5381 15151 9781 6231 3516 13978 14767 15169 10873 10063 1348 4246 8320 9244 19771 18868 17646 3393 7622 19379 9380 2305 9635 18853 16564 9664
17201 12838 6812 13814 12559 4276 17345 17827 10971 5755 19999 18889 5782 19188 19346 2189 19379 2090 11962 4753 17546 1608 110 6302 10885 5353
16667 16264 15698 7206 7604 3171 12604 2771 2083 18079 11080 17223 18534 19850 18079 9877 2244 3179 5988 15182 11865 9907 494 6932 2597 17613
4830 3092 3686 16882 11881 8009 165 5714 12573 220 12735 12566 12685 1813 5948 9691 9966 6009 13775 8797 7864 10930 1922 10930 3240 338
17714 14207 15853 233 19200 10670 8383 12340 17688 1064 2519 6860 18387 17511 11056 19364 9662 15357 1947 9194 15102 1257 6699 3408 14810 5396
15673 199 15882 12941 11952 3120 6566 11923 5345 16423 5269 1456 8494 1756 14339 19949 5035 4646 3617 18417 19179 12629 8703 4998 3503 6394
456 8604 9405 1588 19983 552 4143 18866 16571 6173 13338 4877 13150 5774 1585 9675 13432 4172 11380 2618 226 921 16662 2580 16766 1337
4394 10644 3965 8375 19035 8754 12221 19909 16390 9893 10496 13085 12895 5514 1543 6049 5614 12594 1672 9899 4790 7452 5937 3647 13275 4284
7449 11505 6470 12257 11984 4535 17106 2552 18041 6425 12548 6058 12844 16257 3836 2642 14375 418 19297 9576 18647 15356 5878 11774 5948 9213
6224 8711 19221 78 14456 15790 1107 15295 1844 9774 16042 17656 1981 14365 6816 13506 15574 14583 1389 19122 9355 3688 2406 4173 6628 2659
8396 11418 4488 10151 12627 15897 14302 326 5913 11251 6268 8497 9343 12897 3206 12123 8366 14176 857 3079 6827 736 4969 9776 8228 8713
15008 11541 9911 10085 9647 7351 3476 5413 10840 12095 12814 10789 17725 14917 6334 4795 6149 8149 14417 700 16085 18337 12913 13143 17287 71
5158 12479 15825 581 10389 10155 13420 8524 18828 16340 19350 8120 8971 8796 16585 6626 17674 2113 11477 6959 14358 3911 11611 18860 10857 16612
6710 14371 832 14063 10422 19378 19283 19425 3441 10312 9134 18706 3494 10446 5604 11563 891 1085 5383 5820 18107 4040 1167 8391 8192 15142
10339 11916 17347 2515 10671 6472 782 10056 18417 18621 14733 12807 3868 938 4237 1682 15377 1503 14859 13162 18919 942 13317 5490 10235 19805
3713 8897 11014 598 19190 1224 16053 4616 14833 3441 6303 836 17289 7852 1771 4388 16288 13629 11315 7966 15187 6408 810 14125 9260 13096
19563 6842 6776 3166 17896 18240 8360 17653 2964 9510 1857 9852 4623 19892 17264 1364 8103 11563 6998 15350 16939 9922 8870 2764 17771 3430
15753 4986 2207 14453 5210 19348 13054 10655 2064 5879 19197 17064 14641 364 4732 1955 2281 599 10984 4548 12843 5999 3887 11888 3866 4891
8559 6713 4449 6776 10602 8591 6461 13676 1961 14209 16981 9517 6753 5252 3474 10399 12955 10345 2683 7268 16995 19381 689 5841 1163 532
6649 53 6230 4430 2121 2188 3271 6997 16539 7010 10682 19580 13237 16861 14882 2151 18603 14688 16100 6894 522 7978 12984 10138 16967 15872
4294 12189 13574 928 18837 9956 15056 17131 4502 13481 8908 15633 19774 6261 19510 6156 19715 10228 8375 15095 19727 19202 790 7895 1097 6060
3251 17417 14291 18190 19449 8703 12351 18404 7047 4934 2889 5318 4893 11771 4449 1149 5340 2180 9444 4522 13148 18669 11231 18197 4328 13963
11618 11436 1650 3860 2637 6651 8895 16228 15540 5031 4511 14026 3252 8896 18228 5336 4051 9946 14618 19921 15019 8400 551 3151 1114 7037
7339 13836 14573 8862 17451 2561 12536 15798 8023 7089 13192 19733 9192 4632 12070 2650 7060 5087 8781 182 4645 13149 8576 18712 2207 3588
10587 8564 7989 17244 870 9049 329 8679 856 1107 866 8767 16287 772 18703 8492 9242 2744 7883 13824 17576 7943 4531 6466 10512 18968
3789 939 9998 16634 17176 2732 990 17642 12592 7868 4034 17352 15615 3832 19772 10275 2017 1031 17990 4276 13451 16553 9537 1250 12103 1031
3770 818 18127 3390 16959 12746 9621 15047 13452 15813 10612 1300 10908 7270 13941 12508 3798 18509 8058 19162 5531 13266 6472 1891 286 7475
15284 2274 4445 8028 5803 8 11614 2799 3621 16647 3505 4554 16925 1299 3251 8000 2720 951 13882 19712 19487 11337 3377 1360 17642 4125
10587 1426 15723 6450 17485 18410 2191 14038 16818 1241 18935 387 17929 4457 10692 16410 11107 10630 1858 18468 15382 14088 9558 16730 7906 9517
19785 14219 7942 3567 15582 9897 14 7285 16697 15095 10067 13243 15906 13933 7732 15462 15954 9679 927 3655 15739 11699 6036 17776 11464 10089
13657 9543 9887 15726 7644 9597 11889 16537 10843 15966 5346 7792 7878 3205 19497 4925 15785 6270 14609 7193 18813 6961 9588 15557 10812 5816
7953 17881 7449 8041 7447 19535 4313 14867 9912 5958 3303 6862 4897 12002 19529 13784 13546 10236 19489 8295 6772 17053 15755 13435 12412 15192
15170 17829 3939 14604 4738 10669 5045 18295 11744 5414 16757 833 15630 16183 11136 12269 18496 3544 14448 10531 1396 11766 4508 15278 14973 953
13273 11480 9468 11646 8 3530 15124 9183 11274 18957 17203 19553 12908 6777 7682 862 14911 12167 13020 9860 12331 267 15404 14014 7411 14826
11404 15084 12292 593 18254 732 10858 4629 4482 19825 4993 637 9911 16352 16438 4899 13370 732 16106 3008 1174 17809 11868 13610 5626 17439
11271 14223 3817 9742 13872 1790 629 16992 10272 6866 6261 5381 17533 5831 7877 4341 9571 5122 16186 9407 1380 9028 18655 19807 10077 2586
9630 1539 18298 7949 4212 785 2695 6794 13910 11260 10801 1075 18564 9054 13760 8705 7859 2009 5228 14374 17273 1023 19897 18012 3080 5887
5645 17958 4624 9737 19217 13794 18037 6468 14877 13322 4591 11398 10250 6915 6326 11076 1136 16989 13630 14193 4585 5371 17082 10497 6432 3374
10708 2119 4327 18245 6139 13953 9775 15157 3522 321 9690 3000 9458 10462 17825 6784 12869 19523 9848 7842 9568 3160 19135 3061 14881 19478
12073 14961 5809 4395 4105 9505 7294 17724 17153 18411 1229 3258 17751 7973 11577 1475 18815 19600 11617 19291 5692 16225 16677 7586 11559 12544
15645 8685 8761 6113 17347 3334 15114 19541 16043 6243 1325 10076 19252 11118 11780 16938 134 12625 14196 18023 14918 7967 18737 13210 7627 13408
3782 5015 6976 1165 2055 10177 8608 12917 2083 15518 5265 13065 10236 11656 10043 115 18642 19509 11388 2822 2327 12695 1268 5259 1506 11260
4443 12065 9971 19248 9963 12397 14914 9263 7210 9791 18708 18708 13145 10060 336 19270 12747 5362 5649 7009 5427 17269 17639 12983 2796 6860
19776 13046 2153 11818 19318 7695 3691 17093 2470 8256 1448 15447 2749 9600 2736 3127 10404 8908 1195 14368 16704 12974 13904 11323 2206 14229
13417 391 17098 9845 17153 3475 10229 18200 15053 19021 43 11664 9769 6436 9717 18141 5808 3239 471 6261 8209 328 1144 15801 17766 9995
15350 8992 18141 2465 10294 2017 8260 17720 19025 12699 12444 2186 9660 560 12220 881 843 11223 14634 8933 10131 6182 7538 15070 3490 10730
19659 13918 482 12036 11576 13161 8690 10815 2949 11860 2648 8840 10629 15120 218 11293 723 5605 10783 10164 10913 8354 5055 4750 15466 12439
1453 10938 13068 14198 12886 3000 11708 18598 783 258 17505 9110 12298 13200 13654 9962 616 19834 13393 1207 18461 1320 16236 7662 2281 9035
1054 17242 11122 15686 10082 13371 6368 652 15621 11957 1464 10898 15756 15205 7905 4364 11037 7830 18920 8445 15360 5292 13962 1533 10797 16210
8517 16020 2920 13916 2092 1306 6271 4891 18141 14780 7058 14721 8841 18714 16258 310 12575 9700 13935 7015 1184 3804 14148 15557 15140 1395
4944 6412 19974 17219 9842 15709 10825 11600 3053 9477 5109 7521 18841 10271 11057 6023 4711 10026 3735 15464 3952 234 17405 16503 2586 5710
10208 11485 19490 12817 5399 432 1031 2622 15808 2519 5550 13046 2088 1346 14398 9213 12654 14763 7971 15514 1464 16760 16729 11891 6882 10761
13658 16933 8296 5694 5936 18481 9547 15711 3548 2880 16861 16583 8548 16558 16414 15205 5159 19038 11934 15413 8044 1682 18040 15 13570 13232
10425 8136 19854 904 15347 9036 17449 213 16711 10445 6306 15261 12864 2991 18282 12574 16230 4241 17270 15081 8558 11119 402 1331 7731 10
1225 17504 14102 17728 7325 18783 6159 5611 7193 12305 5540 15348 17394 16194 18736 15865 499 17139 13371 18352 3666 14072 19288 973 19162 19683
7550 1634 17502 153 13762 17235 5408 13585 7667 17323 3913 443 10289 17997 19587 5123 15801 866 14009 5501 632 7502 13156 18473 7490 2133
8611 12167 13684 12424 16293 705 7029 8212 7584 2039 13077 5433 9849 10443 10947 10271 13700 9238 13104 3392 12589 3542 13334 15774 8665 7530
1575 7647 17442 6374 9978 16349 3878 12185 12256 2780 4960 5654 2710 19621 8019 18460 17716 3250 15930 7696 6362 13747 5983 3213 8259 19152
7486 11798 8228 7963 2839 4890 13688 2297 8486 7693 10448 12907 14528 11069 51 849 17584 1826 11244 13401 16239 15153 4538 10165 16324 13318
12436 15259 17715 16382 11905 6363 13935 18938 12066 17317 6820 324 17519 2255 10449 19652 13742 4693 3471 5183 2487 11719 9295 11986 2114 1164
18917 5095 1809 18726 2663 8749 6577 9364 19907 3011 12559 10679 16760 18027 9871 8814 5329 6792 12942 884 12244 4134 7435 11214 14739 1280
15017 19906 5048 3159 11285 5031 15392 2906 14496 19836 1840 18665 13607 18465 19334 12318 16060 401 16526 3148 19668 14277 10852 3912 7179 5303
8944 19846 3139 10483 6298 3565 123 8597 3279 13382 16771 12988 19345 1280 16300 8505 3331 10115 17436 19326 5146 3412 9078 11416 16617 10218
7886 5013 5092 5529 12518 9176 8670 2128 14874 7150 15865 13609 18168 6705 17679 9539 16931 14318 6997 1331 14173 14187 16247 16774 15089 214
19537 16404 15011 14309 17965 18475 2670 9092 8542 14945 11485 5587 7527 19440 18537 3407 2630 9822 13807 10586 14395 15499 4376 6314 4130 15782
5773 1921 9003 1045 8005 3202 12891 18382 1696 976 15566 19612 110 17191 14257 19326 3821 9801 9431 4987 4301 9035 385 11066 7721 7176
4820 7392 19042 2879 14929 7972 12113 12369 18876 7247 13295 4878 18075 12374 6738 14692 11697 2032 11309 2764 4939 5303 10575 5629 17847 2510
16021 14688 10628 2239 7656 8721 16232 11803 9412 16681 10925 18975 1811 15560 13342 3589 8300 15816 348 9243 11374 530 16845 18689 8153 7503
11999 2582 9261 8576 1867 9820 11388 14614 10721 490 11678 11542 16856 14286 12181 17313 6189 17626 19327 9162 9578 3737 11902 8147 4508 18214
6503 18150 3001 5973 1907 18029 18014 10260 10417 3856 4027 13517 1771 9884 18348 16631 1862 16172 2812 10745 5374 6937 17172 9139 17621 17409
11911 2510 7062 14370 9761 9030 14863 18003 6843 1871 12736 396 4482 943 2582 6000 6927 16706 13297 2643 15527 1522 19732 4375 790 848
16609 9555 18882 10136 12260 7542 3393 953 1023 10101 6330 4753 10727 18876 17444 17506 10914 13645 18336 5559 17892 10439 8113 17254 7595 11984
6582 1316 15545 19839 18656 334 1487 66 1992 8224 16661 5510 13748 12985 19358 7827 10195 9777 10220 198 5302 16032 1423 8877 19564 13100
9002 11958 8490 18044 5320 15260 14448 18146 2033 6881 1676 4299 9569 6243 5808 1805 17201 18474 12696 1283 2566 2557 19429 1301 2906 15250
18474 19525 5521 15157 7974 10756 4326 6904 3328 7917 17842 14038 2510 1255 3797 14927 17137 5053 2521 18669 8193 4056 15424 7722 8041 5313
12339 17722 6242 9857 6578 9198 13133 13879 14930 3889 4324 19176 19643 5286 8734 9245 13338 8895 816 1343 4423 2593 9668 11107 4 8637
16518 13279 3992 9664 8090 5721 2658 16137 4376 1232 13767 11176 18724 11135 9303 14271 19312 18308 9091 18140 5619 4275 270 3927 14021 16490
9014 11879 17747 11068 15844 15970 13884 1329 12151 12040 11915 18069 17142 8159 18165 553 15611 2750 12026 15830 17419 16204 7222 5353 8607 8886
12014 2512 11267 5727 1336 9544 7752 11406 11001 10964 19407 10822 18454 7429 11157 4201 14451 12983 15451 10274 18250 8830 5787 10146 19163 4901
4761 13712 14341 688 543 18925 3594 903 618 5111 4652 8919 17312 371 1725 3691 1092 13495 18797 2988 1336 19023 14917 3208 7452 19376
4111 6924 1802 13887 17099 16425 19630 708 16077 3672 8452 1247 10399 9492 4941 249 17178 9165 10222 2682 1133 1945 5471 17786 13560 12392
10948 866 10744 15098 16708 987 5028 6863 8141 8880 16093 6332 11089 4732 18950 9971 3073 14175 5065 10031 12513 17846 19399 13144 16994 18732
7368 18206 1682 5769 5494 7883 14736 10124 11131 4564 1995 10233 9662 14926 10806 2956 2030 6775 14426 15938 998 15960 17169 14109 17861 15299
2111 14706 18486 11815 4308 13900 17142 2488 10445 3128 873 3128 5422 4496 11297 4246 16505 19278 7320 16780 13712 8437 19454 16362 14933 8593
18102 897 2042 12934 2112 2079 11339 1388 1210 4167 17082 11041 4036 4368 15336 14685 668 3276 18394 378 3921 7735 16380 2195 12142 9406
6150 18915 16405 8716 17640 15444 7465 3594 17079 8100 8229 16694 19078 12478 18434 5519 15701 2130 4988 16655 4771 8782 9407 11595 19078 11413
6760 2468 1561 12958 19409 14782 3590 11802 10036 1313 14389 14219 3155 14458 2588 9627 15708 13266 10015 203 15525 6009 3154 3562 11559 18627
9952 13416 3549 16223 12724 7187 9820 5853 5180 17796 7053 17753 3159 15429 9554 16430 2402 6580 4782 2867 12810 9977 977 16527 13501 15030
11276 9291 1085 2983 1489 14419 14940 19347 12356 572 7012 4189 18486 16714 18196 19659 14008 17541 5477 583 14138 734 18942 8047 17240 3101
6435 5022 14972 15740 10485 1306 8428 4922 17525 9170 13169 4610 5285 10131 18004 11412 7182 6813 10738 10747 15368 19052 18968 8728 17070 11782
9228 17444 16465 7523 18850 13773 19456 6322 9585 9347 6863 19343 19607 3125 18907 13862 18036 13350 2818 2858 8233 6600 11122 4102 8918 2335
4373 3685 3136 18159 14489 4638 4797 2785 6170 9268 18681 17892 7786 10775 8683 3561 8488 18967 19598 11867 16998 1222 11018 6009 12188 14946
9239 11792 3139 18210 12142 5036 8482 2743 1622 458 6966 10018 1043 8125 13993 9940 5639 1008 11204 6421 11343 14315 4089 8119 13634 15577
19177 11579 16031 13056 7869 7826 13810 11065 12195 10084 5500 11968 7090 5585 7917 15550 16167 7214 7381 19185 14694 8538 2467 6292 8732 4360
17160 2085 10933 10481 1686 4143 2409 6095 6678 10620 7216 5675 14077 13684 7340 18811 12832 5387 8684 18651 8166 16676 11944 80 16948 8453
18706 2724 18644 2603 12795 9117 8516 651 628 11837 10324 10503 1452 9947 6115 17928 16057 11657 16964 9754 18097 14980 11854 15306 6443 16909
11979 12939 5930 15557 5495 1983 6255 18897 576 1651 910 15820 6208 16404 14147 705 435 17254 14488 18601 14403 4875 687 13625 10463 4559
16397 85 6706 10925 12761 15399 6856 14144 806 10634 11434 19522 13731 12540 10447 1630 16604 4926 7677 10347 15596 17085 9800 12352 7170 10115
13261 8459 17068 19195 200 3910 1306 14533 632 3668 5072 9650 14722 18243 204 3311 3671 9004 11558 4165 4646 10317 15881 4900 10899 3323
10289 12199 2421 9858 13172 1952 6624 10227 16323 12296 15808 3968 18539 6973 11883 9809 3564 4149 15105 16317 7981 641 11926 18320 19558 148
7977 7190 12619 15915 3123 4459 14479 12330 18707 5849 19713 15531 12393 10814 11881 19140 14143 15312 6119 19992 3551 8199 6435 1851 15871 18076
14511 6991 16083 5455 3887 7783 4272 739 2645 13084 15924 1259 12083 18737 9203 9731 3186 6557 1595 11662 947 6996 201 18529 18500 4751
9541 11336 137 1298 9275 17484 18804 3002 17342 9428 13559 15049 2014 16029 9723 8370 8772 3638 7814 3840 11778 6054 10274 9639 17139 3321
4634 4832 15806 6273 7139 6145 17073 15138 11106 12973 1440 18985 7675 9528 1235 9921 13652 17540 18127 19185 17297 6140 5704 3867 17850 15747
17614 9593 543 3628 7945 963 10473 11537 13225 13095 6001 1647 12334 15564 4500 11242 9682 14769 2083 5144 16099 15920 7645 18597 15157 13974
10272 6427 5948 13895 19803 8454 5771 10171 4924 7986 3891 18081 12984 17589 16747 11016 3627 8142 1003 9880 11523 9996 19278 14047 13967 10649
1986 17443 6819 7956 4721 11434 1376 18518 11712 2289 16368 9357 16618 8363 5682 16256 8967 15705 18934 11350 5731 11357 12555 18265 1027 3726
4530 14636 17829 15719 17554 8211 5094 8274 15666 19061 19550 17911 18983 13725 2310 11038 14964 4002 6909 15984 4683 16209 8161 10950 11131 11736
1896 9693 6903 12940 15575 15152 11504 2433 12448 6186 4995 13842 9939 2013 7417 2027 5516 7937 7014 16033 6702 15360 1037 6478 9201 14734
15769 10675 19047 18553 2262 4902 6448 18666 14048 9513 19504 13010 4323 6783 17157 12974 7587 5149 9365 1734 14131 10970 18588 384 1373 11670
820 19669 6295 9265 4127 3033 3342 5004 12270 18878 17467 1000 9843 17102 19542 7590 5282 17076 12264 3624 12454 59 18028 9255 14049 10483
3822 18744 5034 14209 5934 12366 19653 6890 4986 14725 11144 19162 1591 12490 336 5600 9612 8002 13444 11093 10418 18012 17974 4499 15958 16188
11090 17541 3432 17303 3430 15117 10804 2383 2975 10902 19364 5133 7467 3684 19523 16671 4364 690 8510 13691 617 14010 8498 5740 4116 12665
8232 1157 19878 17440 12753 9078 7847 3619 4546 13056 18759 10426 9650 18134 3110 12283 3846 3465 12153 16082 19719 18116 6245 14415 10745 16549
8323 17494 13236 14191 12727 16486 10258 9692 19956 15517 11457 19057 3616 67 9578 5155 8129 5260 6721 2131 18459 1985 3189 16270 13356 15839
7936 14216 18552 9591 11430 10977 3584 2922 14616 3460 13129 19485 8801 8560 19474 5918 10934 1799 2462 13283 15836 6398 9857 9257 17548 16948
17050 3070 2013 14498 15511 7758 11553 9204 7787 4879 4963 7352 2692 1369 14683 622 2833 8516 5766 8991 3189 14612 18201 12748 14616 1953
561 2285 12923 5104 3434 10643 18025 480 2374 10289 13914 14375 2162 16387 3803 8059 2373 2142 2795 10992 101 13652 5856 9289 16832 6682
8954 17229 16340 17798 11470 6172 15682 501 16398 5557 7189 17260 12016 7947 10324 4907 13210 18747 11467 9404 17300 1720 10303 16577 17199 12857
2938 10793 19214 3193 10893 18631 3364 2341 4641 4148 12 18721 17159 6557 19833 19156 1819 19547 10982 18954 9809 9547 18221 6819 11274 1391
6631 5504 13592 5931 19295 10647 15232 8043 15820 10633 7954 18027 15788 12162 3833 12785 13302 9120 9095 17365 13882 8576 15031 16697 2345 10757
19047 10905 6055 226 19888 13568 12454 8550 5910 799 13380 2442 17219 19692 1981 19086 6388 2931 11065 12231 12120 8108 1156 11904 18620 17575
4952 6464 9121 8636 18808 3642 5452 7285 5988 10741 16930 10973 14684 1377 13111 1462 9465 9335 10785 16616 11154 10787 12941 15454 18681 19284
9543 13997 10571 18763 6096 9355 11325 13374 4211 19940 6975 10038 3056 13750 6625 6961 17768 16545 8408 17055 16365 16750 4100 10447 3235 15703
7253 9432 7 8268 10283 16047 7115 3421 15090 16658 14707 17135 10323 10571 18386 16602 18770 16633 7754 7821 11950 12720 3411 2217 2297 6532
5218 16792 12223 15579 11048 14522 17152 1476 16895 1341 8912 14039 6820 9983 16785 5201 2810 19118 15547 10505 1771 10012 6372 12000 17613 19515
14342 6465 7080 3476 6535 19620 18761 15838 14392 8275 14070 4819 18707 13941 10671 2750 9981 11156 16172 18212 9798 14964 19064 16978 3049 9945
1472 149 15985 10582 2590 10769 19563 2270 19099 2947 16520 3585 12566 4906 1209 14096 3619 5875 18794 18398 1684 8527 17420 13363 8896 19808
7083 10870 16303 9258 11415 19299 666 5715 15042 13463 7247 17761 17390 1305 402 2700 18771 9745 9313 18724 12268 9641 18034 2984 8153 12463
3345 12956 7367 14623 1579 7789 6850 7536 18390 11114 6286 13147 3934 6591 11571 4394 13458 15157 5494 16340 13125 1119 17613 19032 14765 5685
2593 7433 8309 4102 9513 16142 2461 18669 8020 14801 16190 2439 15236 15742 6473 3722 8117 11188 6945 10669 7586 16010 8130 10339 7395 10764
10081 3678 142 3353 7164 9515 14082 12294 4119 3614 2371 7764 1288 15533 7456 897 16666 7574 14082 5603 2730 13740 4643 18366 5528 8431
16488 9226 7115 18989 15906 10341 6590 17015 11589 18987 7736 5211 1628 8181 18624 804 1936 16895 19103 3968 2951 8581 13745 18338 11510 18745
1230 9497 17416 2084 18441 392 14993 9866 8891 18727 14422 17744 6192 5251 9394 14638 18147 13069 5844 17854 7126 3945 19204 5006 6062 11802
10590 12051 1125 4965 17019 10529 5198 3359 500 5476 7437 8558 14741 10149 17270 10485 3202 18908 17225 6791 9265 10025 4564 2602 1026 2495
16728 2895 10162 13716 16648 798 10401 3609 18122 18208 12659 19522 11091 9856 9785 10933 17989 2067 5504 1044 3040 18027 18278 16217 11055 16987
8997 16272 14285 15771 9578 10190 10017 18285 12190 2290 612 13373 15908 11762 5956 2536 6518 6067 10109 4862 7548 9765 14966 3459 11232 19940
15874 12523 16553 4985 19303 12866 9894 15204 18885 9782 6836 8093 7317 11268 4199 9922 12481 10021 402 17586 6679 18070 19175 15969 4636 5247
2866 16657 8996 15111 13008 8 16853 1759 7448 5296 13457 3644 15055 9951 14453 9373 2335 7074 294 6358 13917 7159 1892 12016 13533 1881
9010 12448 13610 11684 18762 14352 10543 10052 2960 13214 2688 16183 14830 6112 12387 10979 13014 356 8616 10983 13966 19237 3947 5691 12319 17481
11755 12716 15780 10548 7813 9656 165 7556 14150 17378 12860 15064 4572 4880 19031 11978 6127 8057 3990 1891 11408 9148 5911 18553 15921 7947
15619 5650 16276 14227 17964 8648 7118 748 14210 3591 744 7082 2298 5728 9704 8780 16099 4508 12026 12621 5411 1328 2513 7024 9143 9095
658 19389 18067 18 5827 19537 2329 17054 11435 2930 6084 3866 8349 7051 15857 2588 19202 2627 13506 9677 8957 3752 3973 1853 13672 6246
17999 9870 18456 13917 13613 296 2208 9921 6116 7754 19627 17160 8558 8679 2932 15990 901 8020 9396 15435 14567 19977 11389 5985 7531 10964
4485 15344 11707 596 15405 390 11421 14571 13150 160 6813 11447 18980 9080 11661 2170 5568 10339 18099 12670 5360 13303 17457 19322 16616 12615
5201 14028 485 3380 10346 10594 12906 11195 18302 5421 2158 17103 3245 16780 1542 11542 3682 1923 12986 9360 6758 11186 12999 6951 13753 11480
19914 6604 10079 14932 373 11347 19458 10587 9768 8886 8358 18320 2007 10569 7350 2091 657 1001 14809 262 5895 13708 4810 12268 4699 6002
9068 5445 11214 7236 1059 6743 7881 799 14569 17526 17800 13646 5050 5201 10441 8655 18654 11981 12074 12621 5283 8213 569 3568 5474 1045
12130 5801 16410 17806 11373 13752 2533 8820 5844 12977 7692 1160 9147 3729 17645 17069 6176 13075 62 10015 9443 19094 14687 14167 6207 585
11820 1149 4376 1173 14523 6149 4956 1478 14393 11089 7190 14361 10216 19841 11070 18171 19765 5419 21 19514 4835 19906 309 13197 19865 16203
6699 1169 10060 9122 15076 3880 522 6229 7855 11213 3782 14533 10545 10411 4747 9679 4390 17045 4419 1163 8633 8861 13377 17583 7855 19459
13430 7360 6723 16617 13311 8236 1814 241 10802 15071 17613 10534 14933 13675 11480 2304 3867 4744 12364 11646 12976 1593 13012 17498 11876 5312
14402 10833 7655 9324 16335 9021 15328 2487 12620 18562 8470 16797 18374 9255 13443 5060 7835 4004 16311 4586 15465 302 5054 10141 7884 7021
12390 10511 10085 16151 3864 1164 12124 16770 3952 15071 11788 11971 14905 7648 12987 1441 6485 7217 14912 66 14941 3004 15211 893 19710 8185
17016 14561 6931 15792 12721 2295 12653 2435 4431 16102 3028 15460 14305 5758 14730 1053 12572 17803 12527 2465 1197 10614 5030 11721 11252 7057
3728 6273 4738 12091 19357 7396 2812 16287 1834 14221 2909 12759 1145 9137 9800 8237 9048 12582 14057 8489 132 17126 5056 1880 2347 10640
3341 17232 2731 1114 822 14258 14705 7346 11486 9208 8668 13586 19693 7558 14569 8258 13275 10857 3205 19269 2942 2054 7659 11185 14983 19304
18654 14659 5025 17061 17503 8832 13378 17610 287 13558 13589 9710 13569 11170 4210 9031 6168 7791 7451 3110 3204 13713 214 4544 5398 9000
3973 1624 1295 1018 15332 6755 18240 11023 19199 7247 5079 6873 5709 1468 19979 9748 10795 13861 19705 13533 15520 8725 15500 13865 4168 7489
2578 13044 6458 800 5594 5208 2078 15079 14345 5323 15409 2327 1565 18935 31 9100 19546 6801 19107 18415 8987 12564 14015 145 18095 10105
16387 7791 14849 121 19669 3079 19081 17064 10933 8093 9546 17305 16165 18812 163 8646 10325 1447 9184 10170 16195 856 8905 17660 3070 16063
12073 13070 15192 16314 11881 15488 2298 4331 18818 10212 4126 8020 6263 17779 11607 592 19411 5910 1860 10989 18639 17766 17809 1964 16007 8617
8164 15269 6234 18816 17867 174 9288 1868 6340 3620 1872 13117 19765 13147 13199 19180 11580 9634 17507 19781 7025 19619 5290 4202 13167 15933
1571 17372 2074 12598 509 1138 18738 10984 13640 10604 10489 16319 11536 19700 13575 6446 759 6938 7144 8907 2923 19974 15496 8019 14672 10013
16327 14528 402 13065 1247 14325 15392 1256 10101 19454 9231 1812 19098 2317 8873 16367 692 12316 6396 1147 19665 7003 3273 6765 8720 10547
7789 14558 518 19249 17245 14990 5506 8269 14385 19732 10250 9106 5924 17155 3345 4649 804 9366 13279 3106 3399 1276 4687 859 6514 2221
17159 6585 17432 4504 5140 11483 17868 14447 12083 4966 14424 15240 3640 441 9366 4780 4914 15591 10454 3634 14972 18349 18294 5729 6315 14390
1129 11254 18592 318 7411 14300 3167 12340 16135 17530 10386 10318 9306 9473 9303 9262 10252 6092 7288 6139 9505 1238 19016 19511 5016 973
11381 14817 6448 15198 2871 6957 9861 6707 7694 4244 17178 16630 4327 13499 18339 11997 7235 9374 15198 12734 8995 1821 16020 18218 9541 7842
1233 4269 17219 7532 19949 5857 14116 13508 4321 5003 3249 15803 1564 12258 994 13897 12897 9624 17697 2184 2668 9564 725 16948 233 1991
9600 19080 7962 10091 6120 14552 13631 12955 19491 13357 4882 14738 12313 63 2655 3011 3128 2499 13139 436 1058 4648 17928 18025 18594 3921
3726 1180 5472 7965 11375 2821 9550 4554 9136 15574 10734 10888 1339 6288 17896 3819 13630 3695 9431 4509 13827 15364 14282 16939 15720 17270
19615 16349 1288 287 10342 13948 14728 17526 5191 17505 16285 14862 8512 12661 5009 5850 10142 14634 4572 19012 8608 11043 16721 2330 18251 1592
12007 10010 2726 14120 9505 5330 8756 6606 9286 7214 2919 7857 14240 3888 19450 19042 7853 8794 12892 8382 4661 16896 14535 13631 17812 11392
19295 10155 4979 7916 103 18250 15540 8526 1272 1259 13505 5468 4671 17595 8777 404 18750 18603 3392 5954 8299 4374 3441 16241 15787 4735
17148 1323 7333 8193 14616 8173 5265 5038 10733 13691 9143 3856 19154 17538 19870 16961 9863 12194 19071 13011 774 19222 6330 7079 13798 1908
16086 16585 6963 13743 2022 3742 2911 7123 10034 1648 8258 19708 11535 19624 3109 14050 19136 16644 9936 17509 4374 736 18921 18098 12380 10387
614 18004 14160 5362 2517 18184 17000 8252 17087 16790 10210 13064 12707 8317 5423 7755 19663 9621 1141 3214 3537 17659 15956 15314 18402 12400
7187 4322 4131 2444 2461 13520 770 2697 9775 18396 3157 5375 7191 12065 17702 11659 5351 17570 15760 783 9636 17726 6350 8769 7669 4045
8237 1416 9163 1787 8051 13971 15913 11605 18375 10591 316 7631 18407 11818 12116 13805 12827 8236 16098 13431 11363 16869 4840 9941 6624 1709
10856 3908 1971 16995 13310 15611 16027 4956 13382 17423 4000 3916 13442 2297 14403 16289 16298 9796 2741 6896 13697 1309 1766 11348 11593 12842
6594 6032 1069 1494 427 1813 13616 10990 19210 3409 10666 8561 11441 17774 1164 6417 11355 11562 13684 8654 5102 14874 5165 1069 341 8192
2386 11598 9830 10621 1606 17013 10125 7247 1780 15731 3197 11687 19770 7255 4057 18700 17816 14998 17443 12316 11647 15152 10013 4855 10689 15998
17195 13222 11130 12272 2930 779 16544 15993 1933 10084 1104 7086 6856 805 15114 11295 6853 3184 16127 19131 19962 3409 6074 6921 1935 4789
18277 12829 19658 16833 15647 14676 12905 6452 15655 284 5690 12632 2553 19145 14200 17724 7633 18061 9830 12625 3208 13935 15083 958 15215 16950
10053 17866 18074 15973 572 4558 2127 7286 13744 1590 17142 3352 8593 15893 16330 15119 8093 17062 18038 9073 18022 7341 16676 5881 393 8638
2892 18561 7627 18958 14431 13108 13195 11883 10584 16715 16973 17258 7896 5954 9061 7830 5563 15763 10375 1736 17302 9531 1944 5962 6518 11371
10259 12785 7520 5102 13964 19882 473 11876 13214 2422 13989 4367 3189 4933 17673 10159 15827 9837 19667 10446 13885 10958 17455 3821 18147 3330
10975 8518 557 17064 3198 15848 3426 3403 5680 12926 10427 9525 9903 15173 9890 1982 15220 1063 13689 8716 17355 5535 14679 7993 9829 12206
14944 18503 8118 3473 13619 14328 13994 443 19037 1779 18083 17772 14305 6787 19139 11281 2601 13467 2677 10013 16920 4378 9007 8262 18843 12197
5201 3248 8259 23 12976 19051 17047 14688 13914 2582 9624 2108 15290 11207 14518 18328 789 8209 13646 8881 19276 15845 14230 17028 19202 13573
4083 15682 9942 8027 12854 5598 19628 1074 19766 6697 9783 11003 6774 10034 5412 5739 5343 18165 5010 13339 13608 16807 12652 4787 18923 18183
16807 7280 4924 11927 10672 14785 11168 3724 3333 9178 10688 14212 18899 4259 1363 15325 4426 936 5148 4233 18011 9014 18295 5678 9572 19654
773 15739 1918 1620 8639 12982 15728 8731 3308 14801 14718 5226 7763 9439 9233 13506 3334 9262 12816 12616 9713 18402 18615 9576 9417 17265
11733 1259 8364 18409 7642 7442 3589 12999 2118 1477 12610 3226 19186 8957 19329 17964 4743 7895 10670 2890 17135 1666 18017 11437 5731 7137
15649 17013 16003 2662 13024 9540 3357 8905 285 19830 636 12968 3146 10411 5407 10394 11211 10330 2055 3069 18884 9619 3474 12085 180 12970
16572 831 8357 16523 4364 5777 15843 4374 13606 15111 4393 17180 9669 4863 18913 9897 12150 16686 10304 8474 15564 1557 12783 6758 1677 4692
16246 3806 5726 8230 7174 10050 13528 17026 15422 15210 12938 13096 210 4506 15099 7798 11011 16426 13492 16621 17183 9781 11935 10138 12139 10664
9363 14688 13225 523 16443 111 13725 2241 6595 17606 6171 366 15280 7585 11484 14440 12221 1255 4539 11295 8663 8949 19136 1766 2212 8065
2377 8635 17373 15877 2857 18464 17262 1249 14902 877 6639 265 13053 10849 10895 6604 9002 12578 4814 17870 11473 5557 14470 4360 10692 4349
9671 10408 2924 9943 16087 6118 19785 8272 18099 6637 10950 5082 10017 14589 2079 13052 10878 5564 14033 15983 6464 4522 11307 10824 7242 7855
4562 2184 11920 1021 3116 14597 47 4360 16264 9257 5817 5499 10829 7668 1111 15486 6463 9989 8071 3464 2336 3585 9698 17566 16554 17082
7268 16151 2207 13507 8332 5543 13050 8998 13118 327 8205 2141 13526 7437 18408 13514 19025 19587 11013 252 14845 9863 9711 3360 2322 15360
2107 15795 18230 3960 8010 15126 4787 5027 11418 5191 1340 361 3095 12692 11221 10340 11494 638 11422 447 19487 16373 5902 8063 17116 15965
10940 11535 5480 11437 18187 198 13659 16301 14469 18016 18536 5260 4468 19201 15240 6953 6830 5269 11315 18105 4858 5782 8379 10793 10878 15450
18583 2434 5187 14000 14467 13173 13404 13970 17005 9542 16799 3263 8090 5919 10483 9082 14308 10980 19799 6161 6172 6160 19289 19165 16671 10861
14889 1524 7641 12399 12073 5013 2205 18723 6023 14327 3042 2864 16901 18833 2143 4821 13208 12422 9066 3426 2415 6776 9581 506 16626 18468
7413 12148 17834 17954 14672 15281 15788 6039 10901 2849 19658 8683 5741 10227 15532 1253 2816 10791 14839 5018 1104 13682 15121 6624 2842 2289
18584 6149 6468 16241 9204 866 4065 13274 4628 11481 3858 15906 17348 8184 8242 19522 14156 3500 15906 4921 4052 13672 1504 8051 13239 4946
13580 19137 15630 9504 12805 10795 19912 12176 12463 16203 18663 1703 15827 11963 9175 6201 2067 1560 18740 9099 13783 7487 15874 1098 19193 16535
18691 11595 6563 4937 15562 1977 9405 17004 6466 408 10060 503 8803 5256 1332 17901 1480 16785 219 7967 3984 4752 3099 3986 7682 18181
7018 7996 15401 1140 5404 4815 13607 2676 17992 3609 11538 1584 14264 14549 7410 11111 8344 7381 16928 4644 16779 17174 11809 7007 13321 1297
1937 9499 1373 6711 15324 1919 6394 6951 15772 12035 10234 17052 8683 15262 4675 19413 1264 629 17643 8397 9290 13019 5143 238 12475 2859
9600 5523 8329 18923 8825 1718 2022 15661 4023 13978 14003 6162 11263 10690 4433 2097 15507 17805 5790 12567 8880 12243 16625 4873 7204 11743
11266 5354 4505 4702 10962 13363 10996 11577 19924 3579 10032 6671 13622 5994 14430 4942 15215 8957 9806 19682 5531 9827 12671 1180 14703 10622
11797 9408 4997 1394 18940 10130 5575 17417 17667 2128 15438 8256 1008 588 524 19890 4128 18327 12586 4432 17499 10689 204 3199 1464 4064
8321 2956 15774 1223 16095 17568 293 3877 16160 7440 12399 12411 17374 913 9447 727 2126 35 15673 10925 16317 18464 10288 16641 2513 13022
5862 6733 18687 6737 2658 15255 8523 9538 13730 5145 1362 4834 4072 1955 226 13930 9309 2298 14593 9994 5244 6834 8561 17932 12135 18534
5067 1892 2766 434 4014 3147 15940 19858 1309 2848 10485 10649 10965 7691 1170 13140 511 16205 11520 16549 2600 2760 8682 14544 12570 4620
9476 7518 11728 6880 19816 14957 12655 1527 19878 12252 12443 2336 19444 8154 264 6045 14091 18976 6681 1742 8000 10369 6718 3713 10019 6719
1115 4106 9917 2522 12827 4607 14360 4478 16619 12694 19805 7028 12916 6183 12341 18614 2178 15431 894 14282 15721 5312 5687 11672 18412 604
14923 9754 5387 14721 2315 12214 9256 6677 16050 13909 15366 11207 9562 8953 11936 6396 3767 12172 14802 11847 16810 7626 10153 10303 11188 9785
296 19381 10177 10503 9958 1802 8995 17324 6345 2671 110 11655 12544 17365 15852 14278 10003 2389 1007 10836 14431 3590 14489 16347 11082 7164
754 15119 14231 12798 2232 2152 3439 108 18401 3128 14339 3659 12625 4220 7604 5022 10675 8615 694 13874 8718 14728 11906 18876 4320 15818
