365
74 47 35 36 82 94 8 65 59 58 45 11 66 42 12 60 52 53 28 48 71 5 20 30 72 78
6606 17440 16676 11834 2124 10888 7541 558 14122 1616 14295 16080 13571 8827 4017 14162 9529 1259 7001 3439 12273 18500 17511 17889 18468 19030
15985 9259 19368 15514 3306 4344 16591 10744 9929 11008 16962 9304 14344 4598 12963 15944 15242 4989 8383 17776 11188 3720 4165 17172 4256 17030
10597 6775 7292 5334 18646 6765 8016 19060 6608 4878 12355 12859 19029 15072 6035 5977 13336 12425 6342 10068 16205 5361 12338 16181 10996 11436
18294 5644 18466 3946 15633 15529 2232 14282 5077 18996 2814 3381 3881 18150 14398 6858 16751 8927 17487 7694 12442 14102 17507 12309 14874 2196
12948 5332 1243 10030 4751 10869 8055 4377 5623 13495 16239 8397 5223 19660 10879 1958 13275 9648 19680 14463 1741 7749 1598 12289 18434 858
19914 17279 4533 7335 13054 2477 10364 15463 16418 19069 5694 19689 4890 2493 19433 3832 8740 16484 10680 5258 19627 12517 4191 15332 13849 15306
3942 18892 3491 5460 506 13697 10842 8046 17155 8534 2800 7723 2550 3938 11299 7296 278 14321 18700 947 5316 10753 16302 8426 422 7616
7528 13723 17773 9950 12501 8729 11508 2310 9718 9231 5608 16221 12219 2950 1976 14994 1509 9794 12003 2893 1902 7008 13448 7349 14821 19922
19538 9286 19833 2619 18870 9344 9036 13435 15357 1817 16067 5325 6155 10299 14217 9387 13298 8856 14997 10557 11043 10049 9235 14705 10758 19365
12870 8077 9117 5711 10239 2217 16614 10458 1407 1639 11629 6938 1011 12896 4659 18450 6311 16724 15227 1511 18511 15558 13852 19726 12938 9915
15230 18651 13152 11444 17675 7217 3961 6180 11912 14422 1432 17426 8088 18837 13198 8238 17042 8197 19976 12922 12865 11444 2806 6610 9066 19067
9154 13116 16159 1815 2701 5617 1320 1805 15239 11538 11124 15986 2816 19498 14695 18338 2929 10276 645 5934 5242 7037 14345 15676 4605 6726
17722 10940 15284 11214 12673 14492 6870 4965 8544 3812 14768 18588 7898 16981 14136 14733 17192 13532 12029 6864 16477 1029 3619 14363 7469 12759
10694 10625 16245 15575 16723 19684 14341 5206 8812 9725 18569 2999 11344 11997 13539 8847 4162 19684 19342 15033 5611 12700 15090 13587 12021 12190
3809 11871 7552 17700 2436 2179 10359 9077 6549 3548 209 3543 17720 10634 10769 13816 19158 16326 7589 6497 3046 1012 12232 19806 18588 19448
15213 16497 5032 19722 2271 13490 7447 4581 7976 9162 8064 18210 14844 13277 14809 10606 793 7302 11138 3642 11633 11942 14017 10105 13551 16237
3917 1143 14784 4052 9569 9771 3800 2980 13924 8989 17656 6679 5477 6957 13660 16277 8425 10487 13832 19885 8795 17511 6125 3258 8443 1736
9725 13285 3175 14016 10212 13446 13370 9026 7875 4388 11319 17575 16961 3776 17729 8534 5183 16499 11762 519 4659 9508 16743 9901 5128 11380
12106 8441 6572 10953 16931 10496 2943 1073 1700 18 18741 6321 10148 18995 13918 14628 18316 8593 15931 6427 3114 7373 5446 7547 17091 1783
13054 10088 2525 3073 4823 12255 15320 5416 15912 8680 16535 15063 1666 12305 4120 733 5633 3308 2199 12547 14096 19001 11437 14961 4745 7618
3720 11120 14544 12514 11835 13268 7364 1474 19106 17155 7163 10598 11676 18582 1337 2688 5732 4288 15353 18338 7612 16499 11603 2663 17609 14512
11249 15865 10932 18280 13284 5427 18771 12570 17785 1318 4820 36 8513 11187 4582 9703 14562 7368 6225 10395 6538 2268 14652 17920 12666 12897
19187 11801 460 4722 2499 9007 8645 10131 5730 1404 1124 6051 10033 5029 18927 16910 16615 14203 4270 3509 16497 19456 9597 14362 18922 10091
12591 8307 634 4818 14422 1119 5284 10055 3326 388 5769 16231 9784 18990 16623 13449 16288 18986 17250 17156 11659 4778 8723 10449 3475 12862
10680 17266 19571 8489 15630 19686 269 18234 369 17777 7425 944 14306 6018 10558 2049 11090 7733 10122 16192 6657 1175 9505 816 16019 5669
6530 15601 18470 18586 1058 13486 19416 1464 6250 14580 8145 8597 6936 5176 19200 15769 6355 13731 2777 13440 10583 4960 4578 14632 16886 2991
508 1523 8781 14928 10944 19824 3160 7165 13786 13008 36 1422 13048 17860 3254 11781 15320 700 14878 4084 7611 5528 2515 13711 19177 3842
17140 4305 19716 15338 17669 2681 599 3172 16041 10541 10876 704 5529 12022 1012 666 15141 8364 2976 1884 17271 3892 13730 19111 883 3115
6041 17432 10510 7857 7212 1546 15563 12871 1242 15377 79 10070 957 3317 14292 10042 17213 9345 15815 18605 16646 11338 8792 12861 15149 10527
13575 6834 5742 9077 7101 3940 10202 9123 962 8577 6059 7161 2987 6997 12905 4258 328 17016 3982 9331 12448 1511 1493 15627 6633 12192
2268 14522 13697 13638 13827 11512 17843 11868 4295 2592 3082 2506 19715 2830 7270 3295 19767 12365 5344 4061 6751 16986 17750 19286 4471 2607
4161 4808 943 12234 3301 13020 10251 3672 3257 8775 18365 16858 3869 19998 6056 2311 11471 16795 10748 15340 14666 7860 19640 3138 4992 10777
18890 5042 10922 73 3282 11619 17533 14343 10400 283 11337 8557 2442 16154 14585 18013 12759 17315 12239 12343 3890 5807 52 19821 187 244
5772 3241 532 14341 2727 1491 355 5538 12354 13512 14553 6273 14268 6039 16752 15853 2046 14200 11392 19994 19885 13605 7863 8788 17907 11568
3092 16053 2003 15157 9468 8725 5849 8393 4598 19225 595 14839 5755 16532 18962 1199 1499 15855 1740 1955 15429 2757 17872 9839 739 11389
18895 9066 15271 9492 12148 13255 4697 5075 18126 16563 2908 19990 15212 9267 6407 16824 7435 8666 11718 10771 12641 18876 5495 2513 13172 8570
19583 7601 1615 5504 746 8577 15359 18137 19516 5757 6869 10215 18944 7858 510 308 8555 3021 2714 10873 7313 12805 7920 2139 6352 3850
8101 11539 2018 134 8325 2761 559 7473 5363 18832 12291 15160 16068 11170 19140 15962 1250 11711 9067 17447 3563 5832 10020 10253 18709 4452
5993 17316 325 242 15766 16864 8783 19484 2115 7654 5072 4925 12912 11998 17054 14824 8183 13936 8860 16819 18383 18667 5495 9736 6143 7251
4229 6093 3877 19639 3026 8137 1367 10127 19918 12828 8497 8594 4486 16235 15131 11236 7752 794 13719 12825 7159 774 10268 17989 3580 3750
6643 4465 14322 11399 18153 17894 6494 17356 8965 6941 13452 19288 12060 13369 15208 12001 18484 13387 11273 3143 16679 8352 16698 17279 11256 5639
17190 11049 9638 16451 18686 302 10385 1993 5247 17827 14487 16838 671 16994 1557 10855 16027 12903 8518 1415 14951 8281 501 19091 776 4641
599 3808 10578 11441 13212 9786 10693 4119 733 5331 14041 9614 7345 6410 17153 19189 18705 6417 1818 16827 18346 17664 7961 11380 14952 14646
16318 11622 7734 18959 5573 17293 15511 2445 18787 10197 11278 17987 2316 3948 13022 9644 15820 7884 17883 16009 15790 4840 18100 10122 14120 14424
3572 16843 19759 11492 11766 7566 13472 1798 5808 15376 9239 3933 19699 6464 12570 15205 256 9960 391 11547 1420 13890 13836 6690 4000 799
17958 13108 5531 12746 19672 5439 8333 18724 3421 15271 134 4832 17837 5373 14466 2144 25 811 3176 2319 1612 6458 6712 13456 6892 1688
17320 15179 16937 14043 12985 15816 6562 11475 3099 16969 8735 356 17177 12932 5030 2632 8632 224 1578 17983 17711 9903 9655 10313 19679 1109
11213 2939 12814 12740 18440 7176 17090 18802 19538 12369 16181 12819 5319 5297 18793 14779 2399 8296 14953 13710 9256 13356 18436 18712 8492 12680
975 12250 15694 14670 395 16063 4228 10010 19917 18135 9228 13877 9739 19197 9995 379 12773 16709 1093 1392 13970 16950 15796 9125 2561 6550
19125 9367 19096 7303 17076 3236 15130 19589 1686 12522 1656 15884 6987 2305 18831 13983 3742 14115 14377 1543 14167 2733 1718 4933 19897 19423
17101 15711 3597 13155 11110 1820 9446 603 18985 13608 1623 15371 16796 19381 12540 17262 17381 7244 6246 15800 9677 13360 5909 14014 2557 1315
15752 18069 5942 1385 6265 19507 813 15153 7052 14650 10560 3439 17488 15022 13795 2348 222 872 18372 386 7673 6035 7492 5632 1437 4333
5270 6808 19508 2897 580 8316 13385 12362 15197 3231 18902 16390 4742 11572 15326 18131 7428 16452 1748 12528 16202 6564 2174 13721 9408 2316
9318 7156 1680 14952 13068 11389 14837 12957 18234 2590 4744 5779 6250 18964 5073 9432 14179 17515 5482 9109 5845 17542 3563 3596 18266 8652
12545 5103 4830 13619 13275 7 5905 3243 2389 7412 19414 4775 6960 6084 7959 14628 5594 12247 5568 4897 13305 16100 7761 10937 12834 17791
5102 13967 12561 7634 11133 12598 19569 7408 1731 9665 3213 19922 5375 19285 11373 4839 12630 6924 5271 17751 8028 6943 14213 6718 14138 3157
7028 9718 5070 2281 14326 19128 3674 14167 19422 14983 11602 4729 19188 722 12917 3443 1441 10629 13211 4242 19549 1766 7566 10374 6875 1821
9644 13587 3265 8106 1530 14482 6671 17807 13702 6264 17213 12704 6362 18488 3348 8428 14138 8310 4335 9282 7047 2971 5189 16123 3460 7090
4868 10025 13084 18260 19185 8091 11759 17787 9759 5290 12096 8836 16175 4678 8504 10947 3281 19823 14059 1717 18245 13183 9613 2653 11844 10492
9068 16384 3571 16077 4649 13938 15879 20000 1530 13755 1973 1279 11293 18281 8610 11709 62 2912 7357 17651 7765 9233 1943 16536 444 10246
5433 15568 19912 2980 2588 9007 13706 14701 7041 13482 18077 1536 19945 19725 19691 14302 16352 8246 12041 638 5157 7591 9056 8383 18186 17258
9977 2071 1780 15070 17278 2111 17734 6816 12035 16341 11433 525 7845 5102 2492 13925 14126 11737 11186 15281 8917 12069 577 9307 13324 7662
17506 10172 13626 6035 8099 5985 4814 5255 690 1735 18755 4200 4217 10644 3428 18009 1623 11645 1478 13440 15108 14669 15950 18074 14595 7922
18647 15689 13036 455 18492 9849 5265 13078 17854 12080 18417 12928 8328 6141 15446 17556 2175 3539 11603 13154 11443 4458 18497 10766 17757 15148
17012 18579 13428 3719 15808 16822 18256 17290 3482 14597 3408 1832 13210 11149 13717 6709 17913 2169 18330 12941 18914 17072 10441 15103 8207 10527
15826 19482 3667 7996 7246 13924 10647 12246 10654 1828 6584 12690 2864 6503 17359 14664 11073 11513 17002 11163 12221 2507 14631 19216 19433 5106
9257 5154 10885 2816 7573 17255 13067 3488 4289 16493 15734 13045 7228 533 19068 2705 15014 12641 17723 14521 5759 6770 12668 9004 9629 11278
16714 12266 11269 14806 1180 16641 6778 18827 1826 14890 2641 7410 19250 16062 1755 17976 11165 6175 15816 15526 4660 11746 4377 16240 16132 4687
9390 13939 8338 1980 12945 10967 990 18165 19458 18700 10227 13493 11268 8232 707 5329 1828 7891 16824 8665 377 10788 7522 11997 13773 9101
3690 13998 3544 6361 8305 9690 16496 1473 2684 8375 1580 2764 9785 18071 18181 4212 16000 9093 2901 3286 15025 17749 13175 19054 2525 8262
8874 275 5296 526 14356 13204 7647 16887 4984 6901 9495 17292 11234 13240 13155 9539 487 10837 9772 11234 776 10211 6907 4350 6878 7993
5492 1154 10987 3839 4855 4526 373 4862 60 5518 11679 1558 4844 5223 4798 16300 15547 5636 16395 5548 13844 18391 8422 13245 19548 15608
8038 15735 15290 4926 3033 19070 5830 11994 15951 5999 14452 5724 9091 4307 11502 13910 15853 10740 17215 4294 17117 9348 17697 8282 1780 8287
13411 7768 1371 8645 11670 8109 9921 14333 671 11270 14340 1286 10676 3351 9768 2484 9649 15509 5884 17170 17295 15925 15852 9310 8934 4140
12801 16630 16628 10788 7375 7827 17136 8639 12164 10162 6060 19446 16077 6406 6130 2008 161 5567 14674 5031 5784 17422 157 4445 9295 12275
11210 2604 18639 2621 14196 13747 9196 18844 3268 13679 10807 14694 14455 7761 792 5970 2108 3112 9246 4044 5477 18601 6806 8067 8966 17101
14443 7586 511 15424 6128 13533 7942 19937 7941 10145 211 8086 8695 18446 15820 3910 7825 3044 4433 3833 16054 13831 8653 4275 11953 3891
15639 14879 16262 691 11071 6062 11497 15780 1271 8502 2037 4176 14444 17635 11774 19230 3499 6717 7212 11924 2214 2917 2366 19271 19584 19772
11046 7863 12988 4414 3925 19418 8491 13856 10342 8132 8117 17711 6640 16526 13627 227 12018 4194 867 16533 4521 6622 9903 1353 11609 3193
16051 8617 1379 16669 2317 8377 18064 3223 10803 16807 10170 8464 4046 6091 18988 17817 13646 10386 15849 15360 2441 9787 18304 6779 4870 11359
13865 6773 4521 14871 1204 9726 15251 4301 2797 17231 7884 901 16546 2129 9917 2157 7135 7369 10306 14961 2596 7823 15283 19848 19145 19341
11516 15128 16743 17175 12629 17382 4223 6828 11297 5751 5991 3952 6515 17387 9172 8473 2316 4504 6077 2471 14433 330 17603 12724 189 13435
12548 14561 17959 14665 19638 9068 4938 6760 885 15679 721 5617 9073 15652 6016 2237 9215 12221 1795 13487 9037 10463 7106 1594 9083 13132
14073 197 17701 15251 18200 2995 12477 4773 2658 3678 9117 6160 9290 13116 3886 16245 7605 19100 4959 19957 14056 8503 9005 10937 5493 12089
7701 2783 11046 10753 16816 19009 12506 274 9839 7463 6996 12047 7102 17256 4032 12214 4653 10947 18420 3262 15377 1472 12986 2324 421 13900
1206 10506 5496 10769 19236 8764 9877 18584 7819 14855 10270 3448 18857 13694 1001 9578 5559 8407 15636 17944 12927 3901 10466 8391 2186 5798
16348 11087 5464 15888 10282 6372 7541 4142 1993 3250 15517 13541 9748 12101 16044 1577 4180 6922 2039 9351 6744 12368 16811 12485 7721 18505
17132 1143 6101 19226 6099 987 1666 14617 298 16517 4102 6805 1278 12329 11408 15604 11742 477 18066 7889 2150 2470 6246 1319 11018 1123
15487 3899 10327 584 8226 7518 15919 12695 695 4066 15546 15454 19763 9082 616 8562 18505 4372 386 9457 18830 1623 12414 5876 6329 6742
3807 846 2002 10816 14888 15637 19022 7122 10851 12193 10818 984 5121 9948 3637 10675 5203 5622 19583 7135 17461 10636 13617 2837 18210 3645
2461 15008 2138 10190 4654 16287 5024 4622 9891 15905 10280 406 16436 5298 0 3795 8126 5650 4950 6276 15324 11937 9038 19515 18262 16747
15389 10734 16645 2908 3066 7180 3133 16060 19215 357 14557 9887 681 1830 16129 1808 17533 8415 1805 10883 9543 3869 16269 14755 17877 16048
4634 6886 9928 228 9190 2909 2059 8553 2011 12541 19461 13398 15260 1386 14730 16988 7470 5147 15734 13943 19418 9190 19737 14328 14473 5506
16143 17614 8136 18759 11353 14782 16431 1763 5415 10317 4671 14305 16687 7856 12908 16138 8452 18797 6045 13466 2983 19132 15229 12516 19479 17772
12087 16587 512 6022 17400 3159 2007 8337 12444 9333 17740 7634 9812 2495 17783 2725 3965 18840 11635 2356 4137 17646 4961 3458 5206 3177
19735 17573 515 7428 10535 11021 543 2887 11400 91 1364 2478 18221 13530 14383 14485 11294 2299 9614 13317 10839 3797 14031 6126 16331 11281
4911 6856 5914 9318 17736 8864 13449 250 7868 2705 1806 13499 519 11235 295 17157 13099 12290 2791 15441 1733 12961 9842 5928 17225 4207
12847 9683 3183 17725 16529 6372 3778 19991 6038 13215 9060 3123 3398 15566 8523 5119 10067 8518 11613 14600 1969 15797 270 18300 13710 1433
14660 4198 4100 10607 14571 4505 7884 7357 4757 16273 5809 2990 5979 1624 2599 14411 5481 3990 12775 19593 11044 15310 13025 11924 4337 9917
19354 3386 3786 3361 14930 4734 7317 8862 2449 3 202 6260 16951 15193 5753 5918 15394 13381 18841 7976 5513 11490 2514 8262 10624 13927
2489 7793 5633 15408 10222 17215 8419 18119 8010 9323 18123 857 216 10404 13861 9669 17258 5738 12827 14405 17247 17789 7700 9935 17372 419
17930 14761 9161 14181 17897 16679 19842 1477 18766 9469 1733 11385 17321 12940 9427 19272 8447 19614 6407 14520 6381 10641 9456 16287 18699 5686
16650 9761 18842 19321 16238 839 4802 19741 3189 7921 19580 7481 14378 4845 8969 8200 19095 19498 9058 16697 6146 8521 6972 1597 11913 16710
6011 15210 15158 6147 2681 4347 12428 17623 4259 832 5289 10609 16386 17477 10867 4960 5761 15929 15950 19595 6423 18939 15037 16883 16347 6645
838 9758 15518 17527 11285 11713 13317 15929 14409 4615 16267 19632 8790 828 11530 7810 1727 7939 797 19813 12681 279 8485 437 13319 1874
5915 18795 11814 3064 1115 10480 10249 444 516 11127 7233 10394 18370 1259 14416 8735 7881 10181 6373 14680 887 5349 4112 9472 17077 5289
15101 15942 6386 18732 13285 913 5007 8900 7382 6043 6818 1901 9654 8265 11189 11623 14109 5490 12125 16687 511 7184 7148 8091 7817 16172
12438 10647 12082 17400 7376 19149 17867 8336 19738 14143 18057 6083 15627 5001 4468 10786 7209 5382 16779 10843 10061 14162 8843 17723 4004 8940
15115 18345 13256 9185 16267 8006 3769 12034 16755 1547 8197 14704 2616 18917 19944 9571 7608 8024 19344 17450 5730 8725 2604 10131 7246 14110
5137 704 6697 16186 15367 12700 3315 17158 10539 8035 14835 1685 11383 16766 2793 8617 12181 11358 6225 10328 9843 7859 9130 13886 14236 4246
3351 18732 10843 990 19183 7203 12997 10569 12228 13313 19364 5937 17545 13629 9596 345 17249 16144 13730 7222 4769 11622 3879 1701 11814 14495
17752 9923 6423 7809 13398 15099 13592 1448 16254 5312 5525 74 2860 1912 7731 7740 9759 13525 13412 17428 9031 12563 3156 8962 14501 10188
4284 19614 18123 18571 11353 451 15055 2190 16552 6326 12960 15114 2003 13640 11002 15803 5704 4680 9388 8544 15989 6329 1013 19519 13834 4546
3458 2181 16708 6663 579 10471 5517 15766 15226 9923 16940 2764 11815 15693 13374 7806 9279 9921 9049 19723 7513 8592 14238 19817 8490 6289
11459 5465 4913 13696 17250 12389 17895 8445 469 13319 2236 7380 8607 13277 6202 12483 8060 7652 4318 877 11797 2627 5825 10951 205 16354
6004 2853 12286 12011 14975 5521 18340 18724 4798 12683 2686 6022 18628 958 666 4998 10768 17393 13389 11131 10686 16934 2576 3918 605 17612
10437 12961 12529 8010 4794 15949 11471 10286 392 8942 6930 13292 14753 10538 14298 13352 15601 10311 3534 2905 2632 19274 17836 14909 13641 2269
15699 13400 7027 5998 18552 17924 10098 2846 13301 14751 6730 3870 18817 16497 9195 13270 17282 15844 4940 6526 5776 4753 5784 11956 3287 2553
12574 6210 4272 1255 4162 1164 12189 4286 16579 4047 6820 4395 10167 7649 14743 5269 7828 16835 9548 3601 17262 1471 17556 447 2029 5872
3847 17154 9152 5810 19613 6785 7594 1942 1816 1447 11561 8370 4246 17069 13011 12404 9540 14866 17602 10453 6446 14858 18996 2273 3995 14870
3202 3887 4479 16399 7697 16041 1149 1825 3263 9556 17162 6391 13720 9367 15923 15791 4912 12137 11671 5031 10281 6248 8348 5937 15249 1092
14709 11 4142 13546 18411 15517 1215 1493 17106 8216 17946 4668 10036 12814 13079 4623 8903 2228 18125 15589 17704 5436 14696 15968 4928 1365
6534 17547 6505 8321 15810 2529 5029 5731 7563 12773 12589 7202 7647 8724 17815 15920 6320 8693 9743 8402 18883 17102 2421 9951 14185 11548
15343 17139 3003 14546 4187 4818 18518 8142 1826 116 2483 10481 13880 6326 8257 9433 8961 9635 9409 5622 10159 13560 5682 15460 10885 16492
16674 1826 18122 6932 17792 14144 2593 19234 16749 19074 3577 3605 10856 13321 13695 6460 18030 3655 612 13844 16850 5770 9773 4510 17279 14840
793 190 12147 8971 5875 2315 16321 17702 5726 12771 6528 15061 3282 5039 13509 1665 219 768 15251 18207 16298 11024 9183 10832 12755 14487
1787 12930 8694 13562 4688 2281 15553 15410 12892 18593 18670 13003 7979 11825 18130 350 3049 11982 11953 17330 19396 6212 1480 5114 4856 16007
5419 5465 8463 2470 16155 2544 16954 7778 16107 9586 3773 5366 6698 15133 16468 3671 7831 19224 3817 947 3799 12659 7007 13889 14573 11298
150 6425 5594 17449 5847 13009 12274 1657 8164 1378 15402 14427 3837 3296 6308 13132 17219 9137 2964 18860 8991 2823 5606 18539 12177 6698
13911 10659 1889 17543 4784 3528 4118 12567 1764 5494 6005 10672 11079 6051 11022 9335 873 16691 6629 1312 3326 14124 1191 1202 5916 10432
15552 2527 8395 8469 19411 3572 16160 5658 2358 13989 5702 1542 19598 8178 14686 9720 17393 19306 12225 3902 10847 504 380 19053 1155 7905
17044 12141 7906 12519 7199 4959 16973 7627 16198 15321 18021 11143 283 15361 6257 10583 10617 13157 11058 3356 3690 12037 13195 11952 14791 17677
17710 11973 182 6365 1096 10051 17814 11658 12707 4350 16941 16294 12533 9033 10540 9259 7813 16715 2482 16823 6036 17062 8757 1323 8640 16315
2128 17366 15060 7659 9880 3896 3410 10902 11293 15386 4751 11519 14526 18711 11530 300 2828 9330 7023 15318 6168 13711 18984 14354 17850 19803
10601 7404 3664 8484 11571 15902 3593 6355 6723 19050 1216 6056 19194 15413 13228 8448 1567 1141 7572 18862 1325 9890 13968 6632 1472 19076
5336 10160 16778 13773 6617 2214 15442 2517 6658 7367 13613 13226 10583 19364 13353 14951 19460 2756 4353 12459 4154 9483 906 2093 4598 11303
6187 6894 8054 5508 3885 8007 2588 3181 2741 3561 349 12087 3001 15179 13213 4648 8473 6293 11294 4339 4563 6872 1073 8861 12764 15803
9809 5731 2157 5780 14284 12661 12634 8001 9839 17482 19264 7433 5866 18698 19942 4381 16224 17611 19175 17777 16096 2595 18509 18255 1602 10327
2530 18789 5309 3522 4194 19956 9646 18613 17701 9173 16610 9586 19316 6232 9684 3738 7431 7735 11331 5183 8862 5740 7572 5511 15378 3465
8177 10620 14658 12762 17342 19023 6008 6622 10745 4657 10557 8939 1206 9667 2473 6326 9773 4127 19837 13012 5118 3126 18835 965 16493 9855
3777 10302 4431 10049 6178 18052 7951 5426 1329 7512 5949 5509 11407 12642 6938 8440 3724 4762 1287 3452 10781 16778 14710 17614 10036 10621
15700 16722 6089 2230 6065 1888 7561 19911 9731 13658 4373 9064 11482 13937 9574 13364 6755 13866 9259 13134 9446 4554 8592 16814 14027 14367
18613 7139 1292 11115 14631 1841 155 2755 6909 9956 575 17538 11134 19921 1670 7128 13352 5842 9372 273 19223 1872 8822 12378 16716 20
7721 7106 16671 3484 10996 14689 683 19044 9176 9246 17949 11995 13211 7137 6263 8183 7982 7202 10409 13966 5234 6274 12096 2784 3957 18771
11950 16589 9523 1823 10254 13439 523 19384 19799 19005 1113 16396 2954 17939 6312 15394 13659 16570 9159 6066 6388 11742 11180 17295 12778 13263
4947 11354 11572 338 4775 18680 8599 7409 12632 16280 19008 15884 10223 10921 12937 15703 6428 3746 3339 16312 7059 14565 2442 15176 1802 13546
17436 13128 18055 19013 16830 6732 5539 10199 7446 10497 16630 8051 8658 5583 9463 4080 15380 19077 1126 12804 935 12882 10675 4685 1509 17431
5266 6670 19408 12739 15618 2590 8284 280 11155 4046 8138 2586 17721 9617 2986 13850 6874 10289 19839 1653 10555 3373 4300 2071 8271 257
3124 7550 17574 4077 1900 13694 8900 7252 16698 6300 8799 9037 17431 7031 15985 17781 13597 7698 12483 4612 15226 14242 8266 643 9628 13962
17578 17492 10 18757 7692 2958 6941 15563 4688 2994 15944 9254 18870 3827 19502 10114 17493 15875 15565 2247 14333 15022 18286 19993 11846 10899
3588 1405 8865 9070 34 15617 8943 17558 49 15492 6700 12390 14560 2572 18466 7536 10207 6836 11167 7044 5419 10278 13530 7634 1525 11213
729 9889 4124 16592 9690 13240 6492 15234 7645 597 10234 12630 5866 3326 10051 18031 2737 3075 12564 6954 4864 11773 10821 14947 628 19570
1284 6267 11508 13608 17694 9179 17107 6418 7856 8049 18659 18441 14046 19776 1220 9046 12121 18661 6036 5645 6201 4831 15331 17848 13485 10579
18729 8232 11810 8020 159 3496 5491 10875 19733 10131 17664 5951 4191 17110 18150 1376 16871 11258 11120 1342 5005 4637 2861 12358 3895 2876
10516 3473 16114 3984 8275 5531 16353 13731 9135 19461 3279 6316 19236 4591 10633 7424 17381 3897 10783 13618 14069 3574 16819 17488 13030 15542
2556 11540 2778 2787 16162 19722 16707 15369 12077 19718 3949 1364 17938 7154 3849 15040 54 19178 2046 9630 10209 4853 15127 18625 15291 18336
14460 14621 13125 11217 9442 9437 11178 12438 6969 6146 605 1675 5684 8282 13518 6250 2668 14177 13767 1637 5779 410 13396 3334 6629 17876
6967 4661 18692 6673 4528 6986 18725 17433 15449 9521 8829 16448 3300 13338 15713 23 9379 10431 14779 7671 11861 19914 5376 14010 2484 6973
17508 10583 15489 11993 19841 15334 16635 6301 17892 7504 6148 14167 15052 5119 17435 11137 5291 1582 15550 13126 18672 5222 15924 6533 8343 10148
537 2739 7262 6021 6410 9665 4938 16366 5401 238 2701 6336 10717 12147 13729 9281 2408 13114 7890 4065 13102 1264 6838 8935 18893 4474
16803 11321 10022 2471 17705 6805 1645 4726 11201 11983 14405 9544 665 16811 4620 8149 6234 4729 15003 10123 9061 1543 11658 16889 12501 12897
15357 15870 11024 12781 1765 18922 19027 9393 14979 6106 18779 4710 4101 16259 1702 599 11750 19096 3664 1394 12499 4991 2695 12889 8444 16263
18607 9212 2699 11879 11593 16813 1551 2688 7201 1465 8689 15166 19562 2293 10643 15927 10176 9957 11292 18797 6639 7487 19837 1772 18234 4740
324 14971 2720 14871 10143 16166 8210 14241 11808 16339 18710 11053 10583 14229 5722 12683 19927 6004 18599 19348 11410 14641 12015 9018 13259 11157
2537 3859 10534 4559 13946 2068 15428 1500 14795 4190 3049 14558 15175 6136 10545 8588 235 3981 4831 2051 11920 16516 15821 11215 11684 9134
2229 18914 3950 9422 18377 16995 213 6994 6150 8525 3530 18307 15036 18343 2045 11226 11558 14632 5164 15938 12070 2521 35 2452 11050 15825
11670 15061 5558 13288 3589 12283 3325 3667 10067 5684 10567 12502 6761 16330 15389 13717 4948 1678 6544 134 10701 653 17472 8745 19664 17203
9997 17225 5695 10588 19178 10243 17872 19479 604 6048 8595 15923 1103 14323 3182 8047 4308 17707 18625 19839 15394 19837 2068 19053 7477 2847
838 2199 10852 8856 13266 14985 19729 3693 5132 3186 4865 19443 15344 12753 10679 14338 18897 1241 1182 4920 13190 15152 6209 13386 8614 2215
16539 9869 6596 6898 16817 16282 2321 14341 4091 7107 18623 6631 8838 9861 280 19404 10540 14959 8119 12334 5379 1367 730 5961 14420 14577
2489 6225 3827 10076 5141 8587 5902 13199 8021 6779 8546 4955 10494 3015 7728 15623 4873 15814 2157 11328 15118 13612 7629 16376 19566 6358
11802 16536 14 18151 413 989 4497 5543 18553 8299 19554 6119 3601 3390 3240 16488 17631 10453 4365 17636 11853 18575 6615 19816 8459 9614
2021 16767 15151 7186 5111 17521 5317 19583 8397 3157 12860 16743 12634 13908 6771 17147 3738 10732 14242 6143 10311 12343 12324 14549 3742 9146
14609 17081 702 16784 18424 7496 16834 16525 7188 911 1628 19394 19466 4402 18227 1908 6010 15380 9215 13556 14557 4394 17258 4757 13817 19907
10025 11986 18949 11320 9981 15118 2246 13749 18983 12357 17585 261 19409 18366 5795 6536 14417 306 13047 5240 9587 6383 15946 10575 17075 17183
9731 10052 3697 16647 12249 4109 15259 15950 15867 1922 18053 1516 1267 836 20000 16563 19821 12144 13099 7241 7243 10914 4401 6861 11636 17845
5573 7136 12305 14517 1024 10060 15817 10505 2158 14354 6337 1827 9552 4170 4412 14966 11030 7164 6112 4901 12444 16916 13058 11365 16983 4675
6061 8824 15871 17898 8942 17663 15186 5388 15286 13564 14402 8294 11477 8380 9621 15918 4693 14080 6722 14755 5745 18018 18192 18331 16003 2284
4687 17743 9671 13148 18024 2299 10900 16575 19995 4333 12116 13015 2461 19620 59 3819 12332 8667 4664 3576 10419 10908 8277 12974 17406 10630
11286 17523 12148 18806 6320 6942 7886 18611 4424 10912 3390 13395 18104 12610 410 11754 6033 4940 676 16197 8854 16991 1035 18473 9997 19591
12584 14310 6807 12569 11969 921 3368 11061 3816 8460 8832 4387 14506 3866 13569 395 739 5833 7074 11071 4489 15466 13077 4378 9666 16100
5935 11967 14506 3702 16560 9538 2859 15249 586 1469 18266 4017 718 13576 16958 18436 13394 3891 18603 15085 4511 3525 13834 4989 9839 19773
12490 4616 11982 9182 18260 18933 12950 10921 1902 15896 1644 3526 176 11351 5632 13676 17878 14141 2342 7354 14810 6476 16617 9737 10075 3269
14053 11947 12552 2028 7760 11054 11337 4577 2372 10702 16741 16330 9923 7464 11881 378 19534 9084 9277 14353 11412 1322 18641 996 7889 13831
300 7744 13771 1703 6321 11211 11471 19907 210 18340 7432 18521 5502 10162 9552 753 1218 2165 13262 19728 574 7137 10805 15420 8193 4129
4269 9253 1590 14496 10391 13467 9807 12130 3555 17280 6972 15638 16348 13228 18591 2367 11167 3334 7509 9726 7412 13822 2706 9337 5287 13186
5226 10939 14504 14564 15011 7495 14339 844 18261 8672 1805 16933 18018 6058 14505 4615 9816 4060 14087 15720 9066 5982 9470 2050 16107 4587
8822 10585 13040 4712 7386 9732 2456 17078 11234 15057 4286 14349 8055 8115 11301 1337 1900 8443 16126 19841 4778 11347 5260 16414 17373 7223
4005 11971 12073 9758 14274 17175 14745 13737 16073 11905 15887 9485 19437 9737 12017 1654 5624 2391 12711 3552 1292 15868 9228 4326 5083 12157
1479 336 5549 5040 6921 2722 8355 11299 2702 16999 17719 18873 14587 15769 3559 18668 6554 19405 19708 1953 10633 7079 611 18087 4985 18251
16983 19601 6905 5959 2742 18899 556 2601 18778 6639 3857 19143 17440 13699 19228 16704 6444 10413 17180 15688 13596 10893 4700 287 14500 16959
18034 6798 4827 14857 19010 16887 11286 14552 1407 9822 13543 4994 12982 6119 8648 7561 19144 2022 18272 1449 12081 16116 18851 15850 7367 6144
8330 13618 16863 12697 4091 6196 10909 13766 3707 18249 1026 12441 19304 4863 1994 3 12129 18230 8942 6398 15072 5327 15702 2109 16937 12351
6127 7264 19816 6332 4253 16956 5244 8143 71 16770 305 15832 4636 18892 7402 1468 8534 3509 9486 15279 11961 6753 11024 8013 170 16455
2686 16900 8178 2192 2534 3730 4134 19055 15471 17220 15066 2614 15581 19342 11159 14060 7208 19652 5184 3834 9636 10763 18620 16614 5422 9719
13565 12777 9628 45 11105 19990 7605 9673 16564 13389 19040 2126 4815 1709 9095 17137 5958 17363 8984 5891 371 18955 1480 10738 15278 13801
16987 2160 8719 9215 15171 3200 13183 13079 2019 16754 8812 14251 7059 19836 15870 14384 10471 13754 12594 4889 14687 6778 5970 15699 5538 10737
17501 7959 15454 284 12105 9277 18890 6268 5718 8595 18946 2984 9691 4030 8481 2253 13504 13649 18814 7349 15677 2714 7368 15784 19523 19149
12780 17507 16405 3598 19486 18048 6894 4062 11897 4122 5629 4611 5716 15348 2905 18235 12064 7137 12913 11547 12647 250 7037 4613 16238 16985
11483 582 19107 16393 9823 16216 3410 2433 17103 13216 4030 7700 16007 11696 12114 13512 11102 2562 18073 9271 2383 19440 19398 12471 16857 17109
9203 13615 18870 15123 12750 9341 11713 7639 119 17686 15283 7280 5917 18380 1146 10299 4711 10280 45 8575 10665 764 1666 9116 13929 17906
8099 16248 7701 5851 9241 18746 9086 17375 14828 17064 11897 6201 13998 9099 20 18219 14527 6019 6804 13389 4623 4823 6820 13487 15920 2212
14653 18671 205 9534 4596 7269 2401 13989 1217 11800 19832 7668 4433 4483 13408 3859 5545 6831 16301 14000 4275 1164 3002 6716 19801 1502
11289 9827 9469 14381 8771 11792 17824 19641 11527 3188 15479 10239 3133 18430 2018 4176 6483 11662 16288 1944 2105 13755 3710 1239 16585 8076
9587 7201 9232 8894 6486 1223 13008 16851 12769 14216 17021 2406 3462 19980 17085 11835 10897 15538 19637 14823 600 12428 16069 17420 2759 1849
11316 3818 7919 567 11690 6180 11251 7264 8273 15808 15808 3304 1404 1986 9928 10909 15344 12495 1762 13190 3146 18563 13164 2685 17411 3140
3266 12863 14573 4582 5042 7950 7802 7638 287 4101 5497 6178 786 631 14817 3793 1627 16664 7420 2527 3612 6853 5242 14778 10167 18804
13306 6130 19211 17888 5011 14354 3663 9792 7504 15266 8521 13263 9274 19405 2552 7410 11230 9757 4014 14793 4915 1681 3717 19961 8441 11838
12293 18089 17699 18503 4227 1145 7850 1173 6978 17910 6710 16132 14259 1676 13112 3322 18001 1958 6839 434 2760 8087 15855 14747 12601 400
19825 15775 324 16265 7116 11832 11177 6158 9437 2959 19544 4417 19851 2788 8334 1159 4471 15543 11133 5739 14669 559 3284 12877 65 6652
4048 5488 8218 13047 16077 327 14883 10729 9190 14854 12505 18432 11085 3304 1579 3856 18911 19926 8589 7142 1261 18454 4165 7453 11991 8685
10762 1036 684 18785 10026 12072 4372 13327 11064 4813 12368 6424 15808 13721 18604 19295 4150 14412 2612 7545 11001 7595 10299 4807 12548 7138
7574 19333 10830 16115 11269 4168 13896 13971 7397 15897 16157 1271 9056 9835 3703 14879 2759 11656 19011 10084 4328 5638 15758 13342 12991 16586
2824 7886 13354 8743 12331 12260 14107 19572 4490 1862 12178 12770 18470 3524 6828 11477 1496 10900 11331 4891 3512 5825 15270 2627 14238 311
8432 710 16041 10401 16897 12864 11049 13734 15132 7914 4427 14080 11329 938 11053 4556 15452 15877 11837 5890 5032 5287 834 12188 5419 13049
11802 7238 11940 19603 19165 15482 9204 4618 2265 6108 10147 6540 951 15180 2355 12524 8958 9678 3552 921 17566 1791 18570 12387 9140 15873
19186 5971 1931 5835 4054 11247 19416 14122 7470 18114 11763 3409 16587 5336 7791 1209 8519 588 9144 8181 13491 8006 6705 19830 4894 2504
11280 9548 3350 14803 9124 16941 8712 11995 16710 16093 12345 16862 18304 7659 6995 9233 18322 136 7471 9358 10746 13461 18544 8529 18411 361
14786 4751 15138 13660 8055 865 3313 17940 4472 4518 11966 19810 19924 2924 13151 1427 15281 18771 2809 14349 13892 3779 13907 17165 15067 14394
16617 11988 16693 15968 3865 6384 1273 5588 16658 16120 933 1888 16756 10937 18089 2710 10359 4920 19482 1240 15548 8069 19638 629 18477 2972
13954 3102 9182 8218 10370 15580 4904 7587 13960 6365 4970 15860 7649 18504 8181 19938 7185 16348 237 6918 15388 11671 18231 4259 15755 10611
17898 14233 12710 9987 22 3102 1066 2229 13554 4739 6808 14046 13558 3374 565 9491 4570 6264 6280 11368 1123 5540 10809 6447 8203 17963
16350 13218 4214 11303 15213 523 9579 8031 19856 15517 12431 506 15039 9181 2648 13706 3156 16164 17772 19405 8117 15715 19275 12175 8031 6333
4961 8836 14269 5079 17081 8687 16536 44 80 8675 5497 8 10343 2852 15167 8608 15499 3161 12384 12685 18404 4398 17622 5331 5359 14562
364 3541 16645 15488 10607 19179 6392 7347 12937 11844 7497 9311 8910 7647 17780 12667 5158 17466 18040 4291 15699 4700 4128 16988 7209 10294
19297 9794 2804 7786 2739 4825 15422 2893 109 2482 8190 11767 15029 2235 14312 2468 15096 15410 18902 6728 11176 13879 9050 12550 11972 11317
12885 3425 2645 19647 18784 14741 13347 8814 1175 14236 3719 4643 4845 16938 7779 17890 14171 14754 14553 9975 15460 1538 13796 279 9646 12265
14263 10012 11307 15192 10805 14503 3121 10357 4259 1980 2424 3228 1226 7446 11588 6123 1802 5640 15334 12718 10588 8212 1905 3012 18432 1234
2755 3271 5126 17884 7197 15167 15400 4569 7639 18319 2184 3125 8299 3179 18094 1894 9706 11116 8006 17181 11452 17285 9417 6105 833 10454
15924 4110 14116 9895 8680 17924 14588 17057 14745 15523 19694 19127 13319 4697 18376 18056 1554 17819 5842 13280 10605 15346 4503 18794 17435 4091
9423 7523 10504 3256 1120 9562 15803 1640 8250 6502 6721 15810 14705 15658 225 19831 18541 16145 6580 13564 11892 10651 9696 13003 13956 7420
6690 13106 13725 8146 9413 5455 4583 11054 15157 2730 1487 17694 11796 5655 3601 17044 6824 14837 6113 16174 10547 14869 6418 7569 10848 6490
14328 6961 17333 2560 9869 15876 16685 18262 9648 11767 4960 852 2715 7772 7883 4812 765 17078 605 11340 4782 9053 2690 878 18592 5291
2506 5191 19766 15798 7419 13634 18718 11432 931 10118 13383 15032 3320 11349 14733 18422 16877 6695 1000 13237 8270 246 9050 13095 3293 10960
15888 1431 8595 10372 14141 17571 13600 15382 18889 10823 12528 7304 6509 4190 4198 12527 10547 11974 4912 18088 13603 18650 18282 11838 13014 12352
11674 690 17038 1502 16218 12593 9948 1201 8667 15459 16382 19933 19930 12692 3229 4641 14146 19364 2134 9673 13341 14008 5796 17411 9499 6749
10689 16377 18013 15560 9035 11615 7083 11233 7441 13488 12764 2553 15527 17883 17987 4996 10416 2658 4395 10842 15471 16697 19529 4460 8768 13200
2562 19063 10334 15181 7494 7478 7075 15820 6139 9183 14863 5907 5163 17855 3078 15470 17873 324 17352 8437 9778 9414 11799 3112 3590 2166
17929 18475 2776 14297 924 18032 12443 17945 13736 19073 15843 18006 12027 7104 15109 16963 13832 1455 202 8991 9553 19987 16115 16813 15663 9775
6385 14050 7220 7057 3323 2646 9964 18490 14814 3558 14030 15381 16119 11700 7203 5983 19739 11125 2009 13591 7650 13068 1148 6667 13637 17441
5142 14157 7238 1809 19672 10977 11542 1359 6651 1823 11633 4175 6404 6530 10149 19008 14660 13872 4596 6944 13466 2242 269 9239 5705 5924
1164 6472 2660 13511 707 11446 18813 16086 8524 2616 19376 14114 11662 4872 15198 2399 13620 11100 19656 4340 11158 13800 16204 9838 17067 7206
1185 8365 3513 19007 2117 14091 15543 9260 15465 7792 5664 12758 11731 17589 4718 6848 1539 18163 7367 1051 226 6735 4593 5731 12893 17836
831 12735 5376 2834 9722 1067 19842 11000 10242 13982 11271 14378 8216 2623 9604 6055 2108 19713 8318 8070 3642 16012 18874 1501 4465 18882
6126 11565 4644 11823 12907 3544 4274 13158 17610 9639 8730 16399 17067 10557 4634 9057 7574 17959 16133 11909 12854 5303 11350 2034 19179 19652
7606 18138 4728 8945 16499 6446 9098 10356 6052 18865 6623 4980 17211 19769 4092 5598 5007 1690 7244 9950 16066 17145 6927 8269 9130 10296
15995 19063 1529 10019 13151 15773 14649 15325 9154 4273 3712 6705 18258 4365 6772 19445 13788 11708 8113 3874 5994 8634 17230 11668 20000 16412
16202 19404 1687 10944 18402 7123 1754 1305 6371 2822 4589 1667 18113 15108 15581 18243 6025 19950 11024 3455 11468 4335 4330 9925 18392 7182
230 4333 16204 1010 18551 11026 12328 7639 13003 10856 16124 16325 5911 379 1911 8205 1606 3843 11424 13525 4883 3680 7603 19251 8162 12598
15859 16057 579 537 3596 2677 6763 700 18029 8279 19873 18287 10275 3018 954 17095 8442 5037 10831 9960 16028 10890 14613 3888 7766 18529
16751 15127 3713 14750 7582 18939 10945 1222 18575 19444 5656 8769 927 16103 14589 1218 17359 8491 13494 6319 3087 759 2950 2727 5748 18284
11459 9065 11277 14391 5253 10907 5783 19704 17197 7697 11141 15201 2999 10669 2036 15531 5782 2398 932 19741 4071 17433 2449 1620 12614 10564
5469 10013 3654 18427 2059 3010 13090 12665 18434 7569 1817 13473 12273 3560 19733 9315 7495 14962 12949 18119 19620 19672 8529 7259 9157 18200
16469 10340 6492 3730 1088 9145 19010 19234 18620 9959 16034 8788 8885 11214 8185 4948 11871 11302 3411 1969 18227 13564 13847 7387 10307 3211
16332 10150 4931 26 18026 11706 12709 6760 9086 8926 3794 3173 5106 4025 462 2355 14159 5083 9560 17677 12921 4493 4058 13450 8841 17571
5254 16334 13322 7926 9857 17434 18449 5289 19770 15743 16344 8769 9847 14942 18416 2239 17194 2545 2552 6288 7320 8573 8307 6296 17207 10992
2102 10841 12877 4250 11787 4840 8122 12702 17957 12191 19096 15707 12175 11273 5960 8408 12585 15075 16540 17024 15723 12777 15600 14601 10800 4527
11615 12071 2454 8844 1287 10953 3564 4439 9490 758 16455 13092 867 10462 16450 11115 9539 448 13125 1882 6974 2095 1670 6090 9361 16520
6044 7984 5982 19801 13958 6153 8936 1271 10162 9855 13234 16697 5290 10344 14879 13645 9263 10752 405 3555 14914 12302 1103 8248 6837 6418
17374 2077 15089 9496 338 14722 5270 11131 9386 4244 10104 19444 13249 3581 11655 10455 5628 10046 2100 16559 18960 948 11919 18460 15694 2164
16146 19057 19692 18414 1743 10445 17406 12295 17581 13587 13990 14818 16386 8411 15519 15097 7184 765 14927 1267 14323 4536 19237 18602 15872 7718
13442 19568 10544 19088 732 90 19410 2548 16621 2998 1836 2809 19683 8042 17091 18338 7365 14517 15207 14988 18376 19344 10704 2369 572 18799
17138 14839 1115 2420 17053 9104 9102 16417 15244 19046 1895 1279 106 2275 10339 8813 11599 9294 19564 385 8356 16104 7353 12816 19173 13318
19108 2038 12001 6760 11187 14010 12620 16474 4463 14190 17084 13679 19578 7655 10703 18661 19666 17161 18509 18474 12637 18910 2475 18226 8196 2815
16425 2427 2898 9477 12012 12633 16555 4954 5795 11500 18928 1498 19391 17991 19182 18940 19570 8935 18275 5127 17333 7936 16852 3714 1119 9661
2531 8051 375 15110 11000 9041 17115 6893 16048 9885 372 13021 8164 9348 4839 11778 15063 6404 13829 11698 4285 15554 13393 1450 7953 2974
2204 9594 14245 17744 18005 8316 9735 15178 11875 2177 16838 18754 14462 3109 8399 5060 1835 13475 735 3230 15999 6443 459 1172 9795 7644
14090 14739 6848 14157 10784 19150 7167 151 6895 17581 3952 4792 16333 8466 10025 15755 1937 8986 6325 14963 1609 4821 18365 10131 2783 3169
5699 12961 18165 9594 18801 18766 17207 14935 17712 4173 1040 12230 12574 2672 17407 14596 734 5110 2442 7209 1738 11382 8713 10731 15120 3747
1212 15732 13893 1614 2619 19912 15795 18231 10042 7052 16228 13922 2220 18978 8874 19218 12105 2522 3107 7731 10201 16555 2931 3075 17387 10092
16167 4545 6422 4091 15934 14457 3470 9388 13561 18197 12005 19769 4548 18778 5867 2917 7652 3064 14894 12945 1619 7551 6874 9729 2558 5149
12224 12145 822 9082 5296 7414 308 13828 19425 15317 740 4450 7969 728 12728 7796 10246 1584 9879 6664 16961 1632 7576 12749 6018 9387
9984 8220 5742 12868 13088 3178 960 1247 5262 17050 6468 92 16217 19970 17876 10477 12503 15644 10708 3786 16928 11037 4656 892 18167 8612
7125 16203 16754 19911 18037 7100 4933 9149 3667 9768 11430 19390 11822 14703 3336 10803 16779 87 4080 16278 6521 6812 6715 16993 3760 3141
1901 6056 10056 16128 1632 12758 15177 7772 4986 9105 15521 543 8335 5442 17624 6197 15541 4722 1847 12980 11076 18283 18836 5590 12427 6457
16957 10639 11873 13529 5371 10024 7945 8698 15612 2122 5976 15618 7522 17929 8408 8537 5423 9826 11638 16988 4392 18494 5369 6623 19310 8480
11873 7934 4734 14564 19945 19361 10421 19257 16818 375 10649 8324 3895 17396 2514 16079 18478 2057 16820 10098 14656 15495 15678 448 4366 8690
6827 18773 19531 15772 9681 17108 18384 17427 2584 12802 19559 10367 829 7578 10990 16207 15939 13152 9999 18806 17665 7841 450 18518 6810 15722
1611 2668 19497 100 15617 10952 19572 457 14393 12447 5859 6778 19052 9481 2379 15242 1429 6506 15482 13401 16348 3913 12865 5325 11348 5681
87 6021 6721 11271 1241 18362 3181 14248 11354 3415 12827 18435 13493 2068 16852 2132 15914 12384 18808 5192 14654 315 19931 17821 3752 16385
10242 2356 12048 14976 14181 11374 8415 10190 19840 3 11247 5739 14492 7336 4822 19707 9102 4268 17445 17573 7013 7275 9693 10350 10806 16627
6114 416 12502 1239 14722 10916 4392 13633 16059 6684 14714 6990 10202 18486 9680 19535 18517 7236 17676 5550 6966 7961 8118 18557 10381 15277
16967 4524 9621 5348 5254 10804 3025 13154 13469 15020 9315 15918 1126 16644 14758 15619 5543 241 13239 14146 11057 7961 19330 4984 3037 11932
11156 19726 18882 16407 6195 12928 162 2903 7085 7699 8710 16516 17577 17006 17866 1641 5625 5574 19783 1099 13944 15882 8817 18463 3000 17168
11192 18521 7082 15059 10875 16655 3872 9865 15118 11717 4785 17939 16384 13582 10003 18889 18883 6570 16194 3479 11350 474 2040 14885 15132 14988
3809 1647 11357 3485 12439 17086 14281 19112 11726 1473 8694 2699 13130 8808 968 18301 3871 2347 16926 10689 7017 7208 7810 9377 4376 10359
6688 10083 15086 6336 9574 6287 18656 18722 14588 9400 10179 16910 5031 8655 14112 2294 8906 17314 5216 3976 18753 18500 8309 8847 10979 4563
14674 3103 11468 13556 11290 5025 10575 4399 13031 5021 9320 15868 19650 16654 14852 14506 6901 4380 2699 18211 19884 6037 9855 1575 3065 16415
6574 17994 1270 1005 12866 11794 9439 19361 10244 10263 13771 2121 9320 3902 7354 11163 9692 17122 5220 1364 9912 8561 14559 5329 16129 19414
7116 1837 14643 17768 16408 7857 7237 17832 16933 13164 13266 4396 5966 17210 10980 18911 15016 13877 6243 6448 5078 5206 14116 16966 9930 6884
14885 17809 18630 7786 17512 3915 17286 2902 17504 864 3438 13679 10307 531 15050 4656 13641 6935 14445 9294 13277 19142 15538 3628 370 1134
8337 15562 19860 1877 4612 14289 2652 12143 19407 13462 12894 7860 6840 19030 8435 19321 5469 3594 1075 16434 9936 17160 4718 8826 4145 19592
17205 13131 6818 5179 2363 14578 10995 2176 4678 14732 7097 10682 16113 14276 11760 13222 1474 18183 11220 13389 16783 12120 7320 15863 8069 2816
3490 11369 12342 11651 13322 16997 6403 9457 9332 7879 6980 6291 15785 8899 5342 9785 5424 8934 3704 10837 1901 19890 10778 3008 16134 10586
19949 4725 10373 17783 11125 14916 18377 10852 17677 12390 6852 12261 14369 5111 4896 8533 2215 11457 14303 13679 5796 19689 16815 32 5223 16386
4696 4280 717 8603 12862 6051 7601 12141 11310 14090 14357 18461 1224 6765 6893 2456 16516 2751 3545 3039 18513 19774 5532 17998 5262 8217
17898 4883 9180 2883 9538 16022 8600 6499 15649 2459 15086 3210 16446 3292 2442 8586 5083 7509 8634 13429 15 639 19608 18267 9167 7422
9427 14195 13062 851 13924 1633 9414 13340 4315 15971 19239 11292 18681 13754 6489 13490 11321 11456 1485 17911 7095 8879 13614 17851 4614 7499
1305 2717 5593 8924 9380 8313 4531 2848 5441 5563 9737 8479 8203 8415 12974 18543 14489 6285 5052 18355 18310 3835 7040 11943 969 19531
9083 3830 5069 15587 14287 16526 12126 9264 18372 612 4209 3375 18475 772 5166 9090 17362 3426 6200 16089 14154 15807 9015 1365 7850 4438
3583 18259 4726 2876 8996 7379 16082 9780 13515 19880 8169 1071 11256 8490 2951 8409 2507 19696 7898 19133 12520 3235 4918 2169 6757 3495
15890 4453 380 7744 2776 4188 3696 19948 14392 9451 3696 8083 1035 6265 96 16904 3357 6969 2968 10103 10622 4116 548 4214 18830 13227
18951 418 16019 13167 18496 10259 4662 14554 16715 17420 9285 9372 18315 948 2938 6160 1096 589 19397 917 509 12455 611 17935 10683 19049
10787 19699 19002 16511 7753 3668 510 5450 1263 4049 3663 7844 13792 12442 10206 11744 19652 849 14953 15700 5310 3593 3158 8444 13305 1407
14256 12218 14175 11536 15321 13336 8742 18081 15020 17280 19688 11045 16392 18667 11579 10367 784 5330 18299 12824 15929 11818 6923 16093 3737 1178
5933 6303 4480 12378 12873 12976 12579 15908 14121 14002 17200 3219 14807 10594 7051 14227 10393 9777 16880 18493 12819 2538 13437 1662 4279 1758
17346 4910 11908 8902 15271 18778 5413 12312 16455 10507 1942 4159 3550 15439 8661 11985 6401 18141 4559 19418 13006 7335 15 6129 2738 842
11976 7039 13314 12452 16845 5303 19438 13766 7780 17301 19778 9514 3017 12614 10044 3899 1073 15580 11886 12328 3795 8856 5332 18409 8263 14010
15620 6642 5354 10814 12821 5584 7923 15818 19004 10775 10947 5251 10232 2582 5240 15000 10314 9816 396 3956 13279 9065 5948 16642 10355 17401
10302 7777 6828 18855 17219 5839 11469 13296 3018 6128 14665 19761 15667 19129 3228 13312 12183 3818 2741 9570 15735 1560 7443 6080 10150 18939
5796 17397 15012 1974 13349 19610 14072 6597 17051 4928 1230 12439 9980 11674 3058 4022 5478 11025 19099 68 9545 4310 17412 10038 1209 19250
15394 10712 15391 6366 9825 19004 14004 8570 19767 10031 372 10800 11653 8193 12770 15238 1378 9390 7670 9476 15925 5607 3110 7220 6163 8026
19560 15735 7264 14784 17855 91 15869 1329 15422 18092 10051 9331 5355 17691 18389 11155 2280 19078 12056 563 11925 18135 15149 16857 6090 6447
3756 9217 19859 15652 8407 8173 2785 16896 9127 5405 75 8066 9916 12068 9919 8978 18176 13671 14195 10434 17323 3934 14583 6573 12655 16313
14482 3844 8540 2948 9191 2444 18547 2743 2413 3186 18683 18780 19191 12390 4285 11634 6173 4887 9919 9857 6753 18944 17922 16144 11527 14522
8302 10336 17329 7612 17415 2509 19280 5679 8973 9125 12242 14765 8845 14627 14667 6593 13098 13420 8892 17124 15966 14015 4476 2196 12033 5600
12017 5230 3179 7961 17014 14744 10039 6141 18360 3571 2929 4924 10993 16871 528 6466 3251 18802 6485 12135 18764 9710 13907 8853 14321 9992
8125 15968 13890 10933 8395 10345 1549 9451 4897 2025 15240 15986 5226 10624 6417 19758 17278 12257 11550 8496 11727 11893 3759 14426 15027 16239
6170 4485 13530 3493 6540 5097 12929 6692 14725 15410 13120 5090 17110 15892 5870 7177 6751 5112 1589 770 5199 2597 3742 12336 8453 16493
11780 9064 11457 5991 18854 13012 13347 13964 1746 12939 13961 16043 6960 2643 9501 10698 12520 15848 19139 826 2998 14900 3101 18399 10765 13077
5246 8438 10633 854 201 6366 15604 7468 18169 3325 7417 3729 6902 7698 18347 5347 7165 7278 14035 2319 4576 16851 9936 2776 18651 1085
5814 14527 439 8286 15814 14703 665 14745 16761 11750 12679 8601 9394 18273 1307 14496 5759 1841 16397 6720 19093 16908 10424 13312 14001 10657
5414 8974 9646 18485 14632 2413 3154 18517 1971 14925 13766 13478 6975 16030 17723 520 377 5023 7118 19529 11965 16487 130 12774 6469 13343
11189 18582 15591 18529 9269 18984 2008 15081 1995 19723 16264 17753 10698 14242 1845 339 9820 4188 17672 17645 8651 16156 13993 19924 2926 13618
2723 7569 7998 10864 4466 7140 15733 9711 16535 9535 13236 4658 14358 7479 8025 13835 16700 6158 7208 14643 2121 1477 4042 8561 16234 15413
11727 19867 5194 5507 13803 2114 15611 8235 5203 17282 9328 15281 7963 13458 4265 9477 3307 6531 12126 8316 6443 4598 19611 4164 373 15180
7828 6754 16926 7088 996 19390 15616 16950 19210 10577 18537 10511 11086 4015 19560 8488 13961 4979 19620 13259 15336 5620 166 9626 17525 8434
14400 17699 12435 7412 6811 7390 19661 11135 10045 3205 13704 12486 18177 68 905 11699 5271 7858 8694 19927 10072 15025 7722 19703 8760 9137
18822 2708 15304 3567 17192 17207 6643 14397 18157 5198 19634 1320 18977 10404 1254 17861 6390 17492 7250 16802 14810 19840 9414 2907 13032 14968
15397 15181 2079 4617 11804 9555 4032 998 749 9884 2098 13912 8124 9652 17302 4506 6017 8836 5350 9807 15162 1108 11561 9006 13557 19723
4317 16962 8337 10027 8419 8506 6374 18485 5709 5374 2663 8280 3008 10116 1671 2985 11401 3901 14833 17260 14462 9190 11422 17628 13380 16556
18053 2962 2913 10441 19929 195 10428 18619 182 19115 16759 5108 16573 15587 14273 9082 10604 15572 3258 8176 15719 19580 15494 15576 1932 3381
16030 1661 18527 14390 5258 5208 5306 7489 4770 8750 12952 12863 6757 5740 2407 17219 5797 18533 4421 10832 13514 10715 5842 210 15206 1166
9298 18454 511 18803 15706 8162 5018 1994 549 16804 14883 10532 12096 4212 13067 2211 16684 18426 9538 556 18144 7219 13705 17963 3147 10804
9903 11151 18876 17465 8775 3968 6201 10051 9087 13429 13847 6832 15715 17061 682 13944 4326 3687 5861 16839 13699 8841 7598 2720 3335 2765
18265 1840 9874 8110 18695 740 4331 11271 1864 13687 19617 1721 17102 8644 17751 1328 14225 8123 19611 4865 16435 148 10917 7677 3255 11095
5514 15693 11182 12821 6568 13773 19806 123 15294 12600 7764 17844 7892 17367 10055 525 10470 17359 17260 14427 8930 8285 8588 13997 11707 18286
10199 2759 4174 16055 6464 14229 943 3900 11233 17867 17699 18727 4163 17392 15736 9716 10428 1597 3232 4445 14181 15384 9590 14343 10692 16813
17750 2677 14929 8235 11637 4855 16228 12773 13289 1769 17560 5569 6707 10746 5185 18779 10773 4338 11182 15002 11389 12901 16067 11911 2676 11681
7468 5462 16164 10275 11549 2307 5328 18323 6062 5956 3329 1382 2879 12227 8385 2538 11475 2081 10190 689 11028 10480 19600 11216 6862 1040
13927 8422 2691 17759 13446 824 458 11351 10140 2933 17016 18103 16286 14916 19087 12906 12328 10574 15198 11826 9607 12364 15934 9037 18129 15531
13133 15037 10280 15576 2273 8141 4478 5268 17092 11046 12817 3938 1717 6314 16802 12749 19984 6453 187 14229 7876 1295 4035 2266 6784 2981
9840 11238 3413 2566 10688 892 11871 13893 6617 14424 8022 7304 3448 6913 11872 7168 7765 6346 12669 5208 15986 18543 1972 19338 17466 15122
19769 19051 17920 1416 4172 12803 5835 1764 5909 13767 9854 17216 17233 18197 9410 16119 17566 1930 17915 11328 19217 4213 15730 2183 16493 13047
10700 17804 15659 7644 4780 14525 3474 6259 5275 12315 18532 4347 19671 8321 15576 19832 7675 9945 7695 7712 11275 15252 18295 14597 15831 17722
16770 9685 14703 12169 4466 17252 14918 15080 17987 15464 9294 3232 11002 17895 16070 14450 4039 3878 13302 19568 8079 8134 389 17116 8506 19274
12925 8740 6577 8935 6391 14024 1501 1442 11510 19661 12139 16637 10757 7878 14724 7516 9802 121 416 2741 19503 898 3344 14632 13462 7382
19776 10388 8879 11719 1631 14586 9528 12867 3424 10546 18202 2087 806 8602 17376 6475 13369 18956 19094 10360 13752 10500 12898 14084 5699 10039
7545 855 19713 1767 14811 3425 1104 654 518 4525 3498 3981 2738 12989 678 17165 1691 18855 7185 10069 17162 7611 16647 15195 2463 5715
15388 16736 19039 18037 14857 13334 19004 9192 13196 5082 9045 4852 16247 3110 10194 13469 15163 6415 5087 4081 13264 6785 8247 12627 4185 3688
12750 1572 10689 15353 11084 219 6682 5841 12229 18990 14356 5562 8743 4083 12937 11861 5951 10839 11703 11559 2642 518 8355 1894 5239 12919
14564 18072 15984 10204 18153 2172 10267 5734 16999 14790 6996 17304 19402 4769 4486 13708 8424 4762 3066 12664 19488 7639 14164 16066 12582 7348
19831 3823 17796 19000 8255 16351 13255 9246 5704 4297 1533 4244 19556 3005 7013 7317 17 18858 16158 6602 3826 14164 16015 499 18179 2555
14831 15896 14000 16040 5690 5994 13293 18365 15398 16583 9569 3771 9452 5550 3980 16861 11215 409 19619 1714 3903 4357 14806 2984 18734 5204
15331 19138 12471 11980 7430 18371 866 1598 12741 16781 2606 658 1889 4016 8298 5355 5455 6856 663 3317 10489 6664 980 17301 6490 15971
4466 17768 19912 16920 12979 9275 17121 197 464 7004 13080 17477 6546 9317 19094 16602 3655 16894 15268 19640 15652 12686 1094 5333 19099 12003
1596 17789 19226 17908 1230 6153 4892 7200 7899 14726 19141 18434 12548 5883 4979 4038 15916 14711 14948 7037 13400 19490 6227 2141 3343 2232
14175 4386 7397 529 16717 2781 1830 18295 4634 13053 15203 16375 10388 11553 12490 12160 1177 14409 12517 17482 46 5591 690 2742 8570 19580
11817 3777 12918 9502 12237 18421 18107 17475 1048 18027 9460 18495 950 15169 12085 14753 539 18950 5846 14301 6727 8623 2326 17084 9332 18206
5861 16655 6216 15125 11223 17745 9333 19402 18088 10528 10106 17318 14632 6724 13724 673 42 7376 16324 10028 4170 8154 3502 10440 5779 6516
17935 17691 16412 18172 18091 11027 19873 15704 16005 13761 428 19473 18930 17293 7537 12736 15006 17918 16424 12109 1678 14270 8237 4671 16401 19720
19367 12160 4924 12255 16680 18219 5351 6799 8226 9394 16586 8943 16855 12616 18294 15525 9658 6446 11774 802 1908 12025 14969 5120 11239 16309
19670 19957 18709 9566 6184 9558 12087 11551 8691 19509 7911 12186 15969 10583 7530 6804 19099 3737 13290 1371 9351 1239 12582 528 17360 9333
5432 15107 5021 8689 14119 8078 4028 9905 11032 13494 2115 16439 5258 11235 12237 18031 7274 15021 6184 7978 10779 10423 17982 10198 17795 5779
16160 13045 10283 19444 3439 12907 2075 5348 3677 13655 6423 403 1609 17587 4117 5226 1206 14251 9811 11779 17052 6988 16047 16032 1536 6703
