365
26 29 47 55 9 19 80 45 39 96 28 6 55 87 47 13 35 4 30 59 40 89 5 99 17 40
10924 17597 1343 11493 15465 8694 7417 12050 7731 16021 6442 18105 2632 19390 3578 12437 10863 11255 24 16023 7874 12858 2296 12641 3986 1411
1724 3111 19022 2804 18600 6643 8963 12709 3276 5909 13165 9198 18757 4428 19135 18129 12475 13652 1046 2831 5725 1016 10437 11029 2012 4135
14067 18886 14825 3443 1427 9727 14919 2162 4256 18617 9117 68 8440 2292 4208 8879 7800 16654 2915 5387 7425 1083 9156 3833 3625 1120
18910 15907 6866 16009 3781 1532 3061 9795 11782 15211 13739 6182 4991 10086 14221 5787 14290 12938 17233 13737 11736 10849 4484 14458 16131 4941
15364 18206 9562 162 6080 15783 12440 12197 8471 2360 11230 4529 15458 4846 12569 4991 6500 7608 13932 6927 3793 6338 4695 307 8008 12998
2485 1475 5057 9935 12076 7564 18206 8041 1752 11997 17881 11581 8924 5537 18004 5152 6921 11771 10870 7707 16849 2054 14701 7412 6745 14394
10034 4698 137 10388 9710 19558 3418 11415 9847 1161 7094 10925 11297 16586 4534 1569 9287 6803 5747 16836 18792 19147 10867 1363 1978 16862
6778 9357 9348 1790 5085 11484 9943 15468 1264 15906 3881 9533 5090 9309 11620 6701 419 16621 14753 5847 1875 18196 1649 4590 5767 15664
294 5551 19585 11419 9522 9169 17092 9254 11200 9264 19659 10365 446 11221 15698 13339 12892 3966 13710 2941 6667 18888 18259 16462 1540 18793
19935 10244 13255 1309 3503 16786 84 9974 17355 8989 17961 16303 4168 734 18700 2562 5811 17310 15188 10938 10654 7117 6951 15020 2352 8966
18183 8044 402 18799 5855 10805 14599 8061 17830 18765 16730 9821 19673 15166 18400 18573 7140 13228 13201 19090 5818 18234 13753 8313 478 8320
29 7018 10625 3626 18439 3115 17986 17379 1910 11291 8217 8525 10567 6286 16447 7075 15693 1095 43 3867 11600 13060 2068 17138 11545 11071
9553 8533 17129 17943 437 7967 10762 17264 6560 12831 5200 6833 628 8841 8414 4549 3204 8431 1915 10966 15067 17907 16357 15966 1860 3845
4953 6298 5517 3765 15614 17347 8575 6779 5417 6912 1528 6489 16483 5289 18260 5627 2598 2825 6492 14600 3082 920 525 9646 5434 16341
13229 7518 18666 16923 10698 1733 6575 9633 9430 15272 6216 19171 11830 809 6285 13747 15787 5372 6617 10882 4539 10578 2723 8005 19236 13955
794 7251 8956 10373 15386 2005 4415 13840 18006 19936 17596 13273 2008 19028 9907 19342 3004 8313 10086 7672 11949 18145 3726 803 7357 2224
17170 2145 6027 18065 8713 9934 13182 17993 14300 9599 5866 9163 2547 18863 5933 3865 275 5676 7349 13574 648 17992 2804 7545 1697 7107
17661 15231 15323 4196 17079 9967 5213 10681 4349 8536 17413 4112 18191 1682 18126 4152 9426 19012 16575 16059 13333 9064 8698 18304 9378 4273
5276 7361 19034 18453 10754 1369 14053 1544 1387 19151 4317 18564 9261 3694 691 1655 15404 14129 18477 19634 13636 5130 11149 4039 9029 6845
16927 2365 18358 5765 17065 4740 1522 2499 16965 17369 6863 1162 16100 16049 18626 2362 1634 16045 14134 3310 2378 3333 11488 10377 10113 4475
3592 10651 4512 14986 8359 13964 7692 6643 10051 18033 3928 16911 4573 12412 6381 11824 5094 16280 17091 8666 8958 18521 6677 19963 18894 3003
18427 19808 1106 10867 19846 17453 9704 3956 18551 6571 5051 18869 12090 1660 12728 12884 7276 104 18157 10339 1274 13724 14105 12950 17213 11948
6187 655 11530 18428 18562 3210 19772 19378 11701 5614 4284 11362 15346 9897 55 12896 17162 6125 2834 2061 3098 2447 8218 7369 479 10237
2845 14148 2836 15242 4440 4958 9929 11866 17061 3912 5715 11731 10430 19097 4117 9614 8096 17816 17765 19199 12169 12085 17346 10451 15303 12420
7277 10656 13330 8995 6765 15949 13534 14311 6832 3875 8108 3915 7259 10351 1071 18853 11399 4599 12444 16454 3951 14263 6142 5789 3655 7493
6577 8827 12817 6331 5568 19322 8461 1570 17947 11594 10075 7688 18242 5594 10047 8869 9805 1023 11690 18441 17367 8139 6219 10459 10362 15370
12305 8410 4021 17599 7054 15641 15591 3220 997 8767 12997 224 13084 8321 11929 11451 16915 18444 16554 16249 13261 10143 2706 12879 4498 960
1592 17123 16890 3610 14268 464 17023 14071 9057 942 13092 6475 11821 6231 14103 12588 17242 11313 13495 5979 3894 3883 10142 7953 6565 16405
14796 12925 17309 17073 13618 19254 18029 5557 16214 789 6283 18190 10130 14940 12865 3222 18038 4157 16551 18442 6472 18970 17635 11534 13081 10817
4643 18988 18710 2581 8027 5731 7863 8836 2849 4953 18629 15057 7387 2353 10088 13992 19437 1130 17108 9240 13097 19212 4957 668 12504 7770
14446 7526 10675 15128 6882 2801 17274 7952 9151 5003 5568 2009 15905 17044 18351 15591 4364 17819 9675 4359 12421 5566 17880 20 9494 7347
12186 6058 19299 18699 14518 15069 12794 4611 3986 12046 15565 18634 11515 2224 14631 6151 15735 7100 698 1265 3630 16940 1381 2537 13978 13111
2496 5725 10248 19617 2676 13395 4153 5569 2782 6931 4428 19653 15386 373 13623 11591 14073 4416 13431 277 16613 10082 7333 6798 1600 5664
15490 6286 17235 17458 4740 4543 14196 12092 6034 3704 6188 9693 5092 5209 15635 14205 10736 19411 19483 4144 18446 12187 8448 10029 15448 8684
7678 6027 1624 1175 14633 1390 1877 15467 5342 8295 269 658 4068 15744 3453 6155 1739 4001 5200 13167 4682 893 4427 3996 4998 12210
10139 775 8043 2194 11161 5188 4280 1204 4496 18471 6099 17142 16807 612 4044 18331 11527 3128 19074 17193 13076 9606 14874 4960 16026 7165
16183 9081 10936 9704 16955 5755 10870 7899 11512 17370 7644 13746 16758 19902 11708 17400 1305 15897 14279 6557 6551 15777 6128 6809 19316 7562
6660 11717 2201 3200 4514 2013 2661 2588 187 13709 15822 12414 1677 5181 9777 10521 6210 387 17143 4972 7737 5682 13415 4337 1326 11419
3479 5988 11291 1570 10257 18283 15759 9800 259 8216 15154 6671 6553 1029 17014 15845 11347 18691 10925 9687 18453 5148 16503 8036 17950 3999
5679 14668 17305 1748 17662 4129 10811 10981 4477 15474 8005 15011 2795 10348 7898 4078 11688 17230 6510 174 9653 11520 7771 5306 8459 14317
12353 11535 2826 6121 17965 11506 16351 4446 18155 818 7449 11944 14884 4548 19592 2547 17289 12381 15240 9751 11063 6041 11644 12341 6780 12345
12665 18804 16426 19519 6038 4098 15523 15002 14956 4643 13164 5829 11603 7701 7494 7077 3578 20 6223 3067 11194 7773 7892 4133 955 3378
5856 13558 14086 2210 2022 3121 5644 18082 6344 7855 7239 4341 10912 13831 2803 6600 12639 3599 264 19015 12481 6092 8282 652 6615 18861
14894 9432 10028 13213 9159 12041 8578 1702 5578 5028 19491 161 17015 598 2459 6060 11790 12460 8081 14149 14955 16514 3496 10266 19104 13401
3112 10328 6181 11723 10009 11097 5323 6423 771 17742 8320 5820 7821 5917 18649 2475 7735 2553 10073 3372 3173 7878 19014 9779 2450 1399
9768 8477 11838 2701 6814 19096 14633 2910 10852 14717 19979 14702 5655 12155 7561 19570 15032 5674 4062 12447 8600 10535 3023 10536 55 5306
10837 8129 6482 6222 4241 10954 11907 8939 10230 8690 16646 14930 8106 1702 5210 10278 15017 4576 12437 2225 1102 3752 16425 9120 9694 10096
1002 9251 16644 10870 17735 4426 18372 7902 8265 5696 18861 10121 19212 15460 17258 6004 13339 1222 16530 15634 1088 18876 19132 2016 10873 10437
1124 4826 14919 916 14781 9799 3881 10043 18234 11615 6521 11155 8569 12281 11382 17952 9042 5893 5481 4075 16493 17779 7521 17248 5595 628
15210 14017 17912 2243 898 17101 15820 19151 17835 16974 5516 19531 4745 8259 13942 14100 2721 19215 14439 7115 17919 620 6384 537 6652 8436
13082 81 6834 12902 15394 341 2813 14586 7080 4630 3479 9006 18879 2829 13574 10346 941 18994 4760 16783 12599 4233 6969 16152 18409 4953
4201 7145 7321 5022 18351 10569 2916 19640 9424 14881 4105 3383 14106 7992 15501 10090 18893 3733 353 18147 14318 4279 2929 8339 11320 6821
5277 881 3037 14445 10850 941 16226 4686 16555 6735 16359 19521 503 17243 16573 8298 15698 2293 7968 14990 12260 11065 5586 7476 15133 2145
7932 4482 4701 13375 7679 2372 5618 9832 2518 7305 8854 3835 17182 8988 8525 1285 13694 13154 6016 9242 15168 8603 6021 2196 5497 14114
13617 1390 12414 5123 15160 19227 14874 4087 10716 19922 10392 19083 15794 11171 12981 11202 2448 6390 17369 10858 16142 11585 2161 4571 2551 7355
19320 15807 13061 13831 17791 14897 8459 14747 15588 3557 1609 58 12171 15041 12388 935 2300 10304 12764 1279 14264 17184 685 19842 15210 9846
5295 16701 8468 11705 12738 17552 3370 4064 12851 178 12043 5609 18192 569 14202 18922 8145 18259 13279 18303 14529 13100 7707 8778 968 8834
4585 79 4230 4181 13514 10707 3221 6594 14019 15529 10930 16104 694 14101 18464 3722 17457 12917 6672 7363 15865 19802 2079 2389 11184 9200
13880 9366 2914 4118 10929 19727 9185 1254 16571 15496 19388 11051 18153 2802 17252 2447 16813 13803 15140 6610 10916 11833 18095 14604 17229 4748
14154 19519 16902 2902 10520 9415 10573 5938 14316 17309 13719 18436 7240 11716 10547 10240 14491 10827 11578 16798 5749 671 3578 12322 11430 9978
19599 17578 10616 3598 8682 19257 7593 10030 2534 16698 11614 8836 4848 9454 12453 9565 3968 17388 10832 10709 15796 16785 9422 2572 9349 18413
2414 12345 11334 225 19924 7232 5339 10547 6561 5531 2154 18772 4863 18929 7336 17396 17795 5494 5084 15027 19383 10230 7967 12380 15464 5357
2159 3237 13977 18327 2746 13394 17452 7872 4189 18580 12882 9219 15601 4105 16146 19214 13229 19128 5934 8753 5089 15193 16971 12946 3845 6611
14559 4133 1076 16043 14736 3661 16520 9487 4847 17838 3301 10581 13987 4623 12502 10103 7756 3581 17875 4053 11351 894 9446 8284 701 15775
3147 19440 11603 10018 5357 9534 13944 11140 16069 16758 19703 18622 7741 4462 6955 16764 17475 16382 10761 12681 17273 9580 7878 10473 7825 14612
3046 5962 17738 11567 7079 9546 10232 6474 16785 13307 19718 13314 2290 1943 7174 7969 7446 1583 4447 4120 12684 1113 5658 7775 209 12437
7805 15561 1947 6322 12706 11652 12213 1582 9735 13361 8533 19072 14946 656 7232 9968 8899 17971 8671 10723 12983 15976 6599 7345 14977 12038
9852 3190 11338 15580 5960 9092 16758 9413 13443 10857 11834 14721 9168 6353 2385 16430 14660 15740 9754 4177 1089 16589 19107 13367 4608 15525
8336 5580 9259 12547 4555 6058 12784 3602 13355 15899 13988 14165 6598 21 13392 3893 16211 10137 18426 9683 1878 12908 19875 12991 19226 12407
17118 18025 12807 11567 3653 10343 7182 12556 10633 15974 16041 19646 11174 12010 3182 3203 7727 4787 11866 11978 9284 5919 2440 8237 18177 12464
2801 10426 7898 18199 14424 14643 13996 15062 6551 6447 6568 4121 12754 17308 203 19966 5503 18587 10555 13334 12254 16945 3533 11907 6334 8172
294 9388 18863 13628 13798 9165 6597 14291 17325 14020 6587 921 7860 15270 15539 7455 18219 17278 315 10904 8054 4960 11615 10086 4013 11952
19092 8914 14712 19316 4518 5245 9288 18758 9965 4833 19196 8526 13588 15516 10851 12355 3772 5516 12802 4177 102 8022 9739 16627 12807 9509
1659 6986 4039 13903 538 2317 13926 13225 3667 2452 18822 9662 2387 15951 18819 8248 11815 2792 1604 7973 11413 12762 14525 5906 18314 6822
16543 9485 7051 10162 6596 4031 13859 18161 18832 4705 15766 11713 6783 13152 13328 3037 7493 17740 15304 9622 2903 3174 2877 3594 18421 5700
7163 8348 10069 18617 1564 19530 16772 11522 18135 15686 16183 7482 7149 5788 3994 8255 15054 6105 19865 1666 2639 16977 11940 2770 553 13460
15076 13118 4801 18911 13808 18837 7741 2146 19185 7362 9221 14781 15869 15951 11113 7564 3793 7684 5771 18380 9882 10771 5806 7674 13846 10156
8782 5972 12678 3002 6142 18823 14610 1416 8223 4722 13876 17467 12626 8880 16112 17108 14727 12454 2531 15893 13509 15763 18948 2420 17228 9763
8728 18942 14531 13709 8299 16539 5825 12575 5090 8213 19086 740 8243 12372 3130 7269 12807 1973 8089 6391 11874 492 5285 4967 3031 4210
8514 14502 16871 1616 4248 19860 1205 19779 1940 12384 16674 14622 14624 3073 16049 3176 2712 1196 17353 862 17037 5620 16345 8540 1469 10630
1084 6739 6386 10799 12612 16357 11556 11228 16850 12550 94 14531 8163 15735 1860 5755 11023 8865 14751 3783 3949 15368 13207 16346 8283 5186
109 7891 3133 15171 45 4522 14088 7448 14700 15840 14074 1447 17823 4574 2220 9679 871 15540 4735 5490 8315 11349 18820 14486 6239 8938
12721 15800 8197 11265 16544 8811 7591 19918 3725 11657 14860 18467 12226 924 6719 15910 5432 5979 8389 7774 1936 6525 1204 4006 14967 6231
17379 2195 14913 7897 16756 14632 6940 13812 2293 14416 4934 10168 18612 16689 4095 8114 1678 2222 10336 11536 1662 17365 5382 15963 14042 19218
16044 6899 15307 722 5700 17777 11922 11768 5830 1438 15879 3041 1468 13499 10256 19291 11718 18 12087 13703 19166 5890 16073 11491 18356 9828
9472 6646 19452 16216 9046 17846 1766 8736 4150 13473 7219 6799 9796 9718 4046 7226 13403 17626 7419 7144 1002 11835 7100 5300 17666 12873
13670 5508 14496 13758 5982 4743 10179 9541 619 17349 13443 14163 720 8648 13364 5834 4386 10143 7026 9212 14409 2884 18314 6458 17402 742
6417 16581 9468 15788 2827 3083 16171 11393 10679 19677 3194 17101 3433 7798 16500 4999 3375 12415 3796 8066 13176 11118 18108 4879 8586 16830
11512 7197 7431 9921 19564 6553 19525 6373 13194 8973 11578 13879 14705 13067 12523 17745 13221 19156 24 9584 12246 11190 8749 19607 12710 3874
10768 14208 18923 7889 18789 9771 19211 12437 17117 4478 1759 30 5090 10126 5618 16692 6304 16751 12052 968 8737 19820 11736 1643 9824 13886
15316 1473 2836 2069 18724 6479 1848 18953 13948 14960 1616 6426 677 2161 6705 15973 2622 10650 12635 9424 2084 19050 19733 19159 2234 11028
14597 14700 8814 12107 15441 18930 8326 11493 6220 9299 17027 10895 12929 9258 1714 1568 5878 2586 6364 9664 14333 16955 2559 11233 14545 11064
18855 836 7397 12237 2692 19071 16102 599 12417 9630 17866 763 14863 268 4163 16253 14098 4044 4955 9618 8908 19095 13524 19924 7336 5952
11641 8972 4946 4192 19615 18508 4938 6776 10416 11454 9813 19996 9136 15152 1334 13507 8386 18637 6811 18268 11676 5091 16 10309 12651 11454
13442 5440 12899 11571 1671 16190 7716 2732 18530 15690 12117 3758 2632 12320 3340 859 8451 19837 14772 1595 15784 11318 1862 11799 154 6995
6534 259 14220 15307 8730 4714 16341 4377 17048 5474 17936 245 16715 2486 8943 19382 8517 9719 2163 12140 12816 5270 17637 15065 12924 14689
17972 15489 5471 6377 16792 354 18631 4422 152 1942 16219 16966 8614 9437 18216 7435 16124 17953 10604 5582 14515 14870 15134 4011 258 8679
14349 409 7066 7524 13035 6055 15859 17921 19086 18953 11209 645 8973 6864 6509 2709 3139 9640 3165 7162 16540 14437 4952 8029 8545 14954
14474 14795 19766 7844 17123 7024 3077 15710 14090 4498 4690 2795 14187 12600 10079 15119 15184 10758 1095 15124 1657 1376 216 10239 15811 11519
9611 2457 13041 6069 18034 18818 17817 7181 5167 19760 12830 19287 909 18674 1662 14409 17119 2368 3282 2801 10110 13221 17756 12493 3876 9024
12871 17693 1786 14107 5002 7764 7665 9090 2386 3718 15909 19534 11833 10031 13669 9060 15508 17460 2372 12167 11606 5343 1643 8475 4403 9312
19029 6637 13783 1076 14443 13422 6597 8583 13709 19339 12456 16134 4972 1490 14731 10331 8313 18049 15174 686 9409 18221 19058 15190 19226 16946
18541 11067 3563 15633 8334 777 12913 8720 16660 13199 11049 1325 14442 6515 17836 222 9290 1055 14438 5283 12976 16916 3176 651 13988 5108
19730 6860 8540 6836 9421 4103 1635 5301 7009 4316 4399 9840 14088 6709 14896 1392 6868 16092 15514 7621 98 9195 19931 12253 3045 18342
12161 7092 13531 1138 13556 12788 203 655 11648 9332 3318 16202 15041 15293 4733 7627 11971 3319 18703 19981 19686 3529 3171 9252 17207 15400
13819 7311 242 18633 17076 9585 15947 8736 1506 18583 9529 15782 7467 18157 5052 6644 18918 12511 2830 14482 7411 17046 17312 558 10179 12734
12284 2850 1912 6435 19936 10482 17855 9945 10514 14396 11963 19870 15975 2042 8508 13129 15975 7376 11512 6689 3449 5097 14998 3429 12507 9573
9370 10139 2727 17204 17301 9220 9090 3745 344 451 10683 17245 15062 2968 18135 15017 10718 11057 4204 4972 11994 3127 1547 11123 8228 16092
422 2127 17650 16220 1832 13989 1620 7562 12751 11100 6914 1249 31 674 14816 15202 18204 8508 8330 8151 4297 19927 9128 4544 12369 11658
14631 3207 18636 19143 5143 19904 18731 2247 17971 17072 14292 10027 12933 6325 19187 11652 3085 15752 2493 19022 2619 817 6374 2353 16630 19769
15593 14511 3235 3724 10133 17342 13304 12699 9547 13223 3467 12149 8661 788 18355 5961 3137 10474 11390 19150 8956 12620 12973 8496 10359 1027
4777 7817 17491 11344 15139 19467 622 8911 5820 18358 3445 1354 16875 11328 12896 5420 18519 15010 19938 17924 18663 12996 14367 13585 3951 5956
347 1290 8180 2689 7206 11280 18887 9986 12351 12642 18602 7546 12290 10451 2936 1029 4672 13111 2965 3822 1935 10181 11266 18838 12981 5741
3599 1498 2754 13641 1399 11063 4613 42 328 13175 18932 9232 2247 12219 6488 10172 4923 6666 7342 1852 17656 14267 11897 109 10436 18518
4012 8641 16846 3203 14900 8262 19437 5389 2714 18134 12247 7546 19472 4231 18122 9624 8502 7612 14811 8285 575 12657 7215 10417 12815 14380
8140 16576 11343 17116 11193 7607 14275 16340 403 18387 19483 7088 15326 10734 14128 923 2382 17455 19358 15855 10102 11559 16138 14780 17361 15906
14592 2614 2406 4315 6521 18952 6860 19307 16181 3631 8552 7843 4718 18652 14368 13966 2780 7990 12073 15624 9928 13048 10183 15969 709 1602
19690 8163 9927 19853 19658 16430 12367 2106 18409 8745 11050 4945 17784 10687 7216 17375 13090 14490 11380 9855 13719 6950 4387 7584 19195 16676
15065 9505 16404 1937 16045 11596 19075 11509 6903 16863 1885 450 14409 2963 18762 16706 16025 3079 6309 18377 8461 8345 15260 10450 351 8609
13325 14153 14358 18436 7537 18792 19872 16896 4204 266 1718 3653 13599 19637 12823 433 4380 2578 6938 4822 177 5012 16518 12309 6352 1101
7678 19724 7712 15621 11078 2019 9715 9804 13991 17606 139 18225 14639 58 12051 18364 12720 17425 19214 15482 13442 18190 3946 6584 12236 12237
4663 14750 900 13165 852 18135 11496 6984 14864 14272 5208 7053 9197 1677 1021 2434 7538 4651 2975 2269 16875 6317 19439 6241 19534 11528
7802 8091 4064 19748 6713 19343 14908 18959 6195 2163 6249 10758 1559 9156 15530 15480 6295 512 11541 339 8721 9874 476 8350 4824 9791
4559 6303 16267 8673 6700 833 12018 17070 10485 1869 14213 16694 18851 5833 19657 2077 15293 4436 6713 14941 16521 5190 9079 10689 14262 4886
13258 13856 11881 18235 17009 14974 15664 18346 400 8833 10983 115 16560 13258 16299 1475 11977 12105 611 10389 5394 2431 3264 1628 12051 18916
771 15908 11895 4819 17788 16627 18022 11531 667 4953 13893 12312 16641 15510 1973 12600 10368 6300 19454 19564 18384 3605 7890 14266 15515 13875
18072 14484 15910 9907 12369 900 14055 19735 14614 13461 3373 5956 16830 11642 3399 3723 9107 7720 9799 13969 8563 11886 5783 10359 8364 1489
6175 6730 9875 18543 15362 495 2532 13243 1786 3538 414 10405 1221 18925 11801 14685 19093 4713 11164 19603 2213 6308 7660 14119 10560 18332
6646 4519 13106 174 17143 14811 12916 6187 15786 18755 18118 14176 200 4209 3134 8584 5639 7296 14485 8747 1022 2379 1021 13934 13204 4473
8612 16671 6394 11935 8659 2395 7707 12187 13233 9622 19257 2456 19913 9315 9993 5808 10379 2110 9464 13910 10327 12533 6542 15710 2866 7743
12809 15569 6954 14144 13843 5427 1438 8419 3730 8638 4299 7694 15748 4445 9512 3218 7819 3422 6043 11962 10334 1767 6885 3488 3771 6318
5461 5141 10597 17294 2981 679 13826 3304 3377 18097 6785 11292 14738 7248 17923 12018 2243 13642 10283 18946 3824 15525 17371 9343 14569 474
15537 16217 4514 5311 12318 1358 15490 16873 4084 11489 13537 7439 18871 2656 13155 14751 2111 19010 17877 7016 6758 10148 15035 1565 15097 4862
18656 10220 14027 16454 14375 15994 8206 14064 14541 4251 14112 2516 3161 16526 8771 15909 8557 10710 4386 4134 19108 17132 1942 15290 16424 8684
13708 4988 4789 11145 3090 12118 2934 14734 7659 6219 14518 17790 19805 2871 8174 2023 6045 5378 15778 14051 14256 4681 8911 9563 140 12361
14512 3265 19310 7102 15841 16765 10457 9181 15180 16719 12987 17182 13682 9816 6219 10214 15619 14584 6054 2239 5610 14944 19204 4034 17896 14213
17287 18314 3365 19091 6492 18744 11131 7165 6334 19582 19639 17430 19971 8718 18762 1981 14697 12885 19497 19142 7886 8132 11077 14766 14127 15156
15162 10885 9453 11009 9308 13867 4270 9064 19721 64 15689 16491 13503 11571 12274 11108 10212 10118 6302 12345 19530 17010 11563 1427 1296 3416
510 4129 1247 9844 17060 10290 3988 18269 4911 144 17091 16630 15968 7029 5402 1946 16098 8984 13583 2423 19895 10862 12172 3173 17855 8907
8420 430 898 11584 4333 17126 2431 10550 16890 16658 334 2055 16030 14611 1807 6072 14855 8298 16530 11787 10565 397 2800 9119 18831 15629
5783 589 15897 7058 18835 3132 13875 9171 12585 18371 12353 16047 18819 10859 9104 15860 11565 2202 15708 7528 5029 768 11461 8380 16025 1840
19976 17056 4086 18248 5172 10734 8161 17218 581 3211 15227 9391 10784 3521 2691 15305 9623 15878 11618 14230 14902 19254 2275 13418 15454 7568
3041 3862 3115 15671 18113 2385 15079 10583 16983 15806 1585 11454 9608 16117 1350 3704 17570 16320 2170 1835 15550 402 14798 15510 17048 1510
16808 69 9379 9929 5121 451 11322 13877 13923 12224 3387 8359 15697 5275 11970 19502 3728 7606 4083 11618 19264 5690 1882 1088 17894 15109
11512 7643 1491 9511 5594 13438 1887 8228 13484 17523 15453 2050 18691 4109 2715 6223 3647 18995 784 8201 17457 7391 6481 17495 10481 16588
2629 9902 19003 18492 3166 14288 16984 263 12643 3173 11149 18 5385 1969 14775 12850 13010 6840 18521 6433 19481 10093 16316 3319 12937 2586
1328 2011 1056 8973 5067 5072 8693 12462 6620 9582 5494 14389 5859 11898 13299 11425 15449 18308 10692 8709 10571 8296 3448 14114 10284 19626
2159 1009 14037 5708 18511 6134 4265 8725 1722 14754 7960 17721 2686 19220 8135 10245 290 11079 9935 11771 849 3701 10567 2906 2789 16067
7809 2188 13966 1956 16466 12420 3674 701 7735 3113 5431 174 8941 14343 10488 13372 1871 4971 11076 12070 2251 18885 10690 14311 15333 9359
11102 3955 16925 16150 7473 16926 790 8482 15311 16441 11164 10193 10219 6576 17204 3590 14353 18862 5717 4503 926 14042 14696 6901 12119 12758
4974 15884 14373 16347 11782 13138 10545 8287 6146 18110 4964 12532 4006 5067 13071 6806 8109 5502 3912 16238 11566 1164 6047 391 11698 17786
19675 13264 13766 7987 12164 8648 17997 12136 5612 12427 12101 19234 7777 18064 17493 7489 5376 514 9765 6865 965 4292 15410 19561 11778 15693
13805 4199 3813 7302 16184 13085 15479 7133 9943 18514 4356 17997 1603 9479 5634 8403 17170 2357 6606 7493 1244 4069 17194 5116 9970 13080
10231 9305 5895 8150 6979 8678 15948 3597 8409 7473 12795 7040 14243 2824 19998 12317 9896 5844 11922 17246 14853 3915 3877 2856 14417 13926
11760 14495 12091 13971 1063 295 8140 2280 10030 11750 4185 10936 16251 14383 18592 6093 12906 7655 2565 3429 9863 14383 14061 6194 15154 6185
10891 5837 11368 2421 7318 19417 11668 18198 16308 18270 5595 11233 19762 3311 3097 13296 5318 587 10754 17792 393 4495 3616 7037 563 12028
17494 2301 11247 9281 12925 16812 18098 7639 19868 16297 12577 13524 5564 4956 14558 3294 18824 9024 11996 13200 14256 12349 4012 16625 2350 14970
3578 11643 15013 11251 3009 3785 10428 14799 2138 7231 8726 7344 15334 1455 5771 15591 16990 3549 2455 11607 12104 2097 1830 6565 244 5428
4526 13131 3134 308 10689 6178 3303 17232 6473 9021 9190 15689 14841 7332 13579 11141 13138 4298 16050 14574 10813 14898 12960 12010 16017 7527
1648 12338 19297 13010 12735 17508 17865 9960 14163 2057 17966 13605 18628 17698 13664 16308 7069 13078 8250 13276 11540 872 326 16310 13032 16303
4247 14995 16510 14850 23 12441 17555 8182 5938 274 733 12425 16514 15257 9693 1893 12767 17928 3836 89 4952 3911 16384 6777 12081 6428
15579 16375 18891 18847 11168 17722 2056 19289 8098 14439 7114 14809 1996 18851 4908 19873 2054 18555 5546 1476 15100 8798 13896 846 9465 17422
19795 16629 17380 18593 2082 16720 8234 7899 8935 19192 16296 18191 2201 4046 2612 6590 16775 4936 19509 1541 3513 18734 9802 14829 19678 4304
10696 11918 3523 15284 4489 10596 16493 10240 18346 7019 13378 17024 13825 1935 18198 7973 19929 6647 9109 11570 689 19413 15848 7627 13079 4820
10935 3626 5671 481 1478 19133 19304 18380 1415 9398 2324 12931 14894 10869 10742 19087 17631 19654 12123 14515 17959 19556 14437 656 368 6120
12843 18435 1270 1977 10672 9876 10663 15917 2675 12862 2437 10070 3800 18911 5164 12919 6910 17827 2012 337 5627 4225 7148 12835 12967 19459
9090 4329 15900 16897 12483 16746 15862 11508 4342 17697 6840 2302 13067 12862 8504 9901 18632 17632 9816 6600 15479 9034 11635 18641 18261 17917
13054 6222 9444 2117 14836 15748 14029 5460 6081 14739 3269 8524 19988 6916 6708 3128 2540 4330 18525 3584 4382 17498 4158 18794 9486 16548
6085 18852 12505 8227 8418 10830 2615 5870 2556 16009 19152 5528 524 3069 4195 2129 12915 2569 10870 8356 19959 2553 14062 2926 12197 14645
6308 15200 7241 100 15595 12607 13696 6382 1108 75 1592 18910 5871 10317 14537 6676 7643 3333 5218 3258 2875 15075 13367 11316 13012 11896
6186 9880 11637 3750 14028 9056 18059 9968 17423 11794 2773 5859 16508 13665 7343 9758 2119 2786 9164 19849 14487 18413 2915 6583 2287 7702
7522 5165 13720 10129 10377 9666 10569 12655 13151 18571 2185 3361 9258 8734 17062 704 6841 13681 8962 19889 7730 2450 17358 9137 1242 17418
7171 5348 6744 17614 17341 12126 4185 3455 11375 2793 14076 5166 3865 4617 9046 4941 3813 879 6800 18250 1091 8601 17921 5669 1649 17257
14964 13850 6428 7546 1163 2373 7772 9316 15963 18498 9401 18353 7180 12033 1093 6591 761 14507 10455 10037 16237 11943 19119 15439 9718 1215
15868 14131 3073 6190 12200 9674 9534 5130 9372 11898 1749 18165 9132 12444 4049 7980 3194 8425 284 15951 5551 15274 6251 16691 6312 11608
9151 13184 14469 8080 18269 10827 18292 6572 5140 15055 1242 5402 1226 12576 10817 1492 5393 15044 6944 2189 16780 13232 12990 9587 10689 133
4488 16745 4811 18626 8911 11070 2156 7209 11037 6325 7808 9741 17409 12096 10039 17153 12523 3777 2621 8602 3694 3418 6135 1908 2444 5882
10990 4933 11197 3513 11399 2659 12741 17352 868 18923 351 7835 7998 17283 14725 7997 8883 18923 309 17848 10280 1125 7782 3387 2217 19244
4968 18901 13623 2083 196 11335 11051 17353 3738 10310 9555 17133 16486 1615 6801 13808 10445 13734 3210 19404 4580 9084 1511 5299 19839 14722
8323 6127 578 15122 6541 12775 1303 11889 2121 18608 19262 8049 5285 2083 8192 10108 19103 585 1125 15793 8913 16499 3312 3652 18142 2482
19604 19037 4949 4655 7737 13166 14743 18967 1416 18048 9688 8564 12244 17166 6645 10492 18745 6747 2814 15404 19846 9567 10439 18352 14267 1150
3620 7007 3790 6694 18124 15388 16969 19503 6174 3954 11518 5262 309 7118 6299 19790 19233 17690 15776 16520 19408 3485 6541 4729 9040 13392
15663 15204 7748 5377 339 3528 13793 14169 18147 3234 18450 9257 19044 16613 2438 3363 254 7172 13602 9308 6359 8425 6681 10605 13061 3023
11825 11571 9667 13312 2069 4932 940 1387 6855 3546 10278 14182 10833 8250 3401 11729 5209 13526 937 147 638 17551 18610 12683 1959 12940
565 14855 16877 6997 17799 7548 10448 18547 1547 7212 18983 19268 2417 13560 10771 18117 10525 6925 9251 9113 205 3300 15216 11498 6376 3703
3575 14193 12062 2813 1561 10310 9939 3372 13971 5032 19115 1740 15807 11603 815 2890 9149 17357 8940 10537 13676 13782 623 3078 8692 1662
1805 1442 13622 4644 1631 6508 11668 12361 8951 6021 10507 6292 9471 11744 3671 19153 15725 518 10512 12138 14945 15455 609 13265 13885 9297
12942 13245 6399 16966 2913 6428 894 3421 16357 5795 1828 2513 15642 17670 19345 13571 8140 16376 1690 4126 13931 13893 4785 11296 18152 4451
8252 10942 16000 8203 14179 1334 11506 465 4029 2144 19888 9923 3969 3013 19851 12795 7611 13884 8942 2953 1251 19855 5059 13723 2658 6345
2305 9754 4653 13276 6885 1797 2831 12955 18233 2484 11638 18221 9500 15343 2544 13853 2006 16748 9004 1167 9912 734 10681 19823 12386 9368
18931 17051 9900 19116 15935 14358 10981 12542 13669 13106 1384 14334 9132 7770 147 12446 8399 2872 19556 16072 8241 4574 3920 1798 2983 3711
7314 19767 10315 10282 14153 7761 1665 6423 4381 15083 14462 4066 15221 14762 18215 4923 1975 13110 19381 10028 13305 8457 4402 15425 13081 16060
15717 8102 2412 6542 12413 18173 7139 12125 8215 3514 4932 12140 16977 2869 1992 16391 9998 6951 17476 12851 4707 12962 10054 9472 7571 18238
10518 10256 11020 15403 14835 18816 7610 8654 18122 9224 15163 13610 14614 2358 6080 13977 13494 3034 717 15874 14614 6355 11262 5398 2635 19839
7898 14701 453 14291 13481 1449 1195 2724 5111 13492 3278 14613 13046 8596 322 11465 12283 15248 8078 10586 4696 823 2760 3473 3120 15455
12757 15259 12392 13756 15531 13656 4433 18681 13626 18448 11947 8809 13218 10989 19030 16901 14018 17897 3691 2246 5626 3819 14732 14791 7918 6336
12833 9855 4539 14293 9832 10531 958 6967 2592 2740 16713 5718 13917 12528 5318 3635 19374 4072 4126 1754 6400 17148 2172 17836 15931 10634
11199 9724 9916 9706 6568 8675 4034 13202 17593 19345 2647 18377 17390 13051 505 14886 14996 2912 10081 11387 15963 14725 5322 17000 19011 12703
12955 16212 6905 12355 14061 13291 5696 18298 9872 6974 13284 13289 868 19052 6655 4040 10593 11389 13989 690 17230 2822 11116 12127 13962 4690
6758 961 17770 1592 3146 17193 1318 7203 6654 18245 10652 10798 14972 1179 10911 9260 12958 15727 18274 3988 10774 16354 2668 2001 4587 13861
3818 5992 15017 13638 8499 5192 12181 3723 12632 9447 3096 1568 16290 11283 2880 17401 10114 1112 2222 5644 10156 2477 13125 6583 2491 6763
12451 13572 5796 9757 11686 6245 362 8687 9166 3062 10806 6504 15285 5469 4607 10846 18873 5572 3544 10075 15287 1759 6299 2561 3115 3223
372 6445 17815 9295 17932 15419 7142 7431 30 8396 13248 13485 8627 12024 504 10912 6759 16278 16259 1585 15021 14123 1916 15291 10755 2964
4372 18784 10904 15093 18244 268 7875 15415 1279 9947 635 927 3783 10699 3651 5416 19085 14871 450 7026 9851 6117 270 2047 13220 163
18813 503 11753 4343 9351 17200 17157 6810 19177 5210 8670 7538 13325 14190 4836 10994 12579 6745 18821 4573 14953 2469 4028 9584 13983 18367
11994 12120 3490 1927 14663 8689 14699 2802 16657 7996 15625 14747 17017 5201 10254 14942 15133 5713 18708 14828 6913 10198 17001 17987 61 3038
13713 12203 14377 14700 6420 954 7076 18928 17508 9197 11865 12615 17192 18508 6585 342 6327 14993 2960 14749 10589 5573 16644 8816 19283 7459
2744 11342 13050 1462 18956 1866 4419 15397 16681 3011 6227 6717 17918 15480 7943 6143 16538 4321 3609 19018 3533 18844 6515 4056 891 16827
11435 19581 12785 18958 4957 14527 4056 7495 12007 3096 13240 11007 4061 12535 7283 1305 2128 8437 5210 7082 16081 15042 1375 5812 4078 5488
7000 19537 14536 9607 3030 7238 7608 3824 18033 17916 10982 718 6022 3374 18278 6314 14236 5096 235 7404 11024 10844 11637 12966 846 6829
17994 13134 10779 11322 17574 9310 12760 19920 4374 18433 8700 9341 16506 6211 10191 14340 7890 1333 7912 11036 5929 12759 8290 4770 9162 7431
9970 15174 1535 7433 19568 15862 14423 4098 5637 18258 12068 8333 7722 13688 2015 1756 2875 6169 19517 15846 8059 12949 11776 6455 10419 2650
11980 12749 8945 4587 18022 13199 14709 8536 16411 7271 18785 18662 19813 4994 2083 14980 11649 2517 16818 2364 1166 12393 972 13525 8777 14224
6834 4181 18915 14287 6191 2207 1205 3792 15550 8137 4418 18572 17469 14080 13275 8303 8285 10130 6509 2283 4792 19497 13270 9845 10454 12671
17168 15396 15918 13782 5296 6981 11343 12166 10778 48 9087 14452 12254 9420 12792 15968 16793 5503 5729 13662 2074 18232 19884 4021 1193 13182
19602 19374 764 11414 1683 14991 16701 1776 9347 5728 11055 2708 9398 12169 15380 957 12967 19422 6436 18561 6594 9144 7221 2208 19644 19420
4253 10332 17497 19665 10438 7296 17335 7246 6241 19444 10411 10485 11001 11961 535 19590 11545 18586 13671 15078 6197 7909 12863 3484 9040 4132
9915 16870 5327 43 14958 10340 11971 2267 9738 18990 7420 16572 7910 11200 4219 19764 13308 4966 18066 15235 19468 4082 883 9725 14439 15297
12147 6550 12851 14991 3218 19088 8499 9840 8418 13399 17981 11241 19636 2856 16078 9302 6953 16416 7460 3888 639 9511 9279 14236 13961 6916
3915 10461 8013 13445 9366 2306 8831 10900 11358 6568 2638 3996 13723 12365 15648 4817 9118 9737 5357 7333 19498 6942 18933 14903 4451 13058
16384 14136 8604 12459 8134 2919 181 1270 15702 3446 8410 14234 4942 12108 3919 16829 2444 17737 9696 11837 15927 3164 8899 9759 8783 8269
14605 19927 10355 242 13725 594 14294 19755 1084 15509 6447 18155 7414 3988 18954 16568 3726 3526 10173 12401 2493 8205 7013 16187 7878 11055
19466 10214 16037 1161 17551 3024 10169 19537 3946 16635 17499 12861 10314 7326 18732 13496 7155 6518 9151 12512 13356 12396 16703 8758 4196 10224
13615 6598 19797 2650 17112 8819 19719 18019 5616 14187 12607 19199 15963 13157 12364 9198 3776 3914 11169 5784 6782 18048 4273 12417 15628 15824
18439 7628 9255 9121 5509 4732 4350 404 11494 18020 18243 16908 1176 10648 4475 3856 13904 7505 2797 1874 17146 18278 9880 4154 11741 11471
10708 100 19880 14190 4182 7310 2801 16600 1149 14339 12591 1138 5814 15370 11725 19343 2034 10895 586 4611 13582 11274 11429 3358 13421 17995
1613 6798 13981 15240 2657 14912 14410 9146 6085 12596 14428 3949 9020 19066 14879 2072 2204 5541 19920 14248 4535 14772 5239 2511 133 2625
16675 2287 6473 6309 19285 14559 13997 14421 18967 10866 15255 14332 753 16617 17144 11432 8240 14701 16965 8566 2626 431 8844 9013 4862 9064
17245 19801 13523 7241 12882 5492 17603 4831 560 1671 1976 11863 1280 8057 4922 11524 6772 16105 19884 11954 10869 75 3367 11891 4654 12892
4348 10546 8237 14657 10926 15130 18227 552 5371 11396 19517 10609 10821 3935 19877 4169 19051 13073 6895 11124 19837 12549 15387 11350 5073 13426
19674 782 6986 15929 1138 15786 5072 8475 13337 19503 6780 18282 16998 37 5854 9287 6653 4585 15298 1746 15460 11189 12987 9063 8291 11015
7460 3560 2646 1164 6477 8272 18630 5694 19257 17182 16671 6749 12659 5679 4125 16821 4673 12938 17994 9015 16094 6767 12149 4973 12185 12685
12652 2005 12989 15507 17027 16588 2302 19322 12351 2040 1405 12436 5683 15245 9840 5389 5498 2901 18445 12326 5271 971 1534 3633 4374 16793
144 12840 12336 1036 18992 13539 5491 82 1988 10220 17294 1305 5733 8326 18146 10341 10287 4793 11046 2967 17021 18681 9654 15679 11527 16876
18061 8507 7738 3046 12287 6182 6385 7752 12638 5185 7715 19387 8047 14707 3896 1868 14139 1266 1337 12701 13544 265 10768 15666 356 9846
19458 6543 9361 11851 702 19615 1855 10160 15521 17351 15508 18606 17096 11581 15431 6505 19046 3566 5580 7555 2494 11126 19518 10877 17653 4801
18905 15402 6311 12447 8724 7235 374 636 17047 17889 9831 18821 4090 995 1960 13416 2044 12907 18510 2219 15442 3196 796 2208 6940 18859
7042 13851 1604 18972 448 15627 16742 5102 17985 864 18908 12073 8466 389 16537 7556 7830 17422 69 16745 4219 19836 16187 13883 4775 8706
12011 10805 9499 4567 2369 12092 5877 5261 6638 9619 13362 14271 8237 2962 12546 8203 11580 15015 511 5990 691 7191 11857 19697 12122 8693
3833 3248 3821 2186 9234 18647 4271 14250 17923 12761 6171 11407 18238 3774 10825 19505 4730 7282 13306 360 1547 63 4936 6188 5089 5446
15943 16779 19259 931 5965 18758 16863 12232 7879 14415 7634 3595 2216 3445 17673 16941 14923 768 15614 6336 17557 8673 5413 6359 8921 17181
11878 372 332 1357 12075 5602 16314 15430 214 15370 15213 3393 18216 15098 15944 15666 16494 3223 17557 14098 19826 19955 11299 2359 13965 12937
2732 14153 7072 3251 1185 16450 13479 6800 3130 17746 9656 7613 12175 9829 1650 12794 13710 10856 10329 13910 6811 4180 14582 17225 4916 12145
5936 1106 1956 7927 18651 17116 4923 15271 15841 10645 8175 7335 10215 1212 12297 8659 1601 8241 2373 745 16097 3762 4353 6516 3691 6904
16275 18975 13533 9574 18681 19080 8014 6857 9556 14028 7057 8959 13980 6638 2115 9682 3583 12371 488 16316 8907 3081 19782 5062 5029 3772
19598 2455 14204 919 15628 3703 17512 2018 5136 414 12344 12461 5888 13010 8283 15166 14871 8124 2680 14550 5922 3119 3011 851 328 3619
14729 14595 17708 4537 17576 15767 900 13107 16941 2042 16950 17312 3840 7968 6360 5686 13595 4863 6304 16172 12613 18126 985 9437 1628 19428
16287 16265 19351 12365 5226 11545 5645 14741 14387 16898 19662 10802 13918 8730 11350 13491 14292 4770 10704 1734 13287 10730 5330 608 3114 1682
5101 8788 15683 7128 2577 6172 7249 8313 12853 19871 16541 13161 18641 10990 8198 19717 12219 10001 10356 9443 18771 18596 13072 16034 453 8581
18299 5744 19363 19172 12979 16391 13526 17225 6221 12376 3373 19500 1675 9383 19203 18504 14725 17059 16685 5132 17283 6280 15179 15741 9329 16692
6272 2999 16651 19260 8155 5593 5302 7298 12480 8555 7335 19072 6793 6966 9628 9828 11130 5529 16205 6288 11709 18211 17605 5636 17647 3532
5365 12327 2020 5423 7707 16009 6040 13419 19284 17857 3603 10976 9293 17471 6511 17904 12335 11828 11488 3110 19943 17327 13578 11255 10294 9961
14752 16774 5099 3184 2555 8596 9793 18753 14878 2248 8203 8934 14523 3837 14415 17852 2884 909 16230 13789 19257 19463 4042 18116 6209 10802
3375 4475 5380 5135 19885 2479 11213 16090 13505 2223 12255 10993 6110 4329 3894 3775 4963 5820 6583 16842 17663 7094 13258 18796 10127 4875
6139 18811 14494 5421 9175 2139 6028 911 7340 18955 14747 3752 18181 4973 5450 231 18280 11438 15278 17055 1688 1685 5243 836 12384 17361
18823 8540 2494 13109 4219 6014 18840 18720 10868 7434 19762 952 12602 11857 4930 9767 13210 8264 5653 14570 19252 18686 9217 14709 4806 6885
14492 3883 16445 2860 13064 14546 6327 3586 15674 12909 12952 4919 13016 4230 19489 9701 7909 5982 14194 16743 2990 13957 915 14700 18862 10914
13395 17240 16252 9262 4906 14526 823 9837 7678 435 6097 13687 4127 5335 19159 1429 7460 8557 2678 16254 10866 4354 7018 19183 9092 4623
6004 261 3573 997 11480 18700 15944 18245 13616 7700 5857 14256 8105 10257 15298 8576 4775 16359 15449 3997 9590 4046 11976 8687 16338 18998
11065 15535 10329 3327 10927 5847 18374 14063 15886 5587 19664 19485 8967 15892 4298 11801 19045 19862 833 3750 19327 17066 9352 17898 3964 5059
15255 19076 9053 11418 2269 5496 9889 2020 6307 400 2221 2582 611 12349 9211 3134 3054 6293 15678 9129 10489 13704 9572 11311 646 12504
13836 15006 13099 13457 10701 14254 17904 7905 15864 2343 5734 14968 5474 14188 14547 19682 11980 14395 4107 6497 17536 14513 4268 5387 8381 1926
18839 1391 17248 15172 9450 17257 8392 3720 13461 16295 7328 7425 19251 10666 11374 16466 9550 16953 6900 1200 5733 8353 19445 15908 3159 9614
8011 2034 4353 12006 13061 247 9339 15815 6185 11534 18035 236 11944 10870 9875 745 7791 931 158 10801 6055 7736 5900 19251 3230 8279
17846 8403 1317 18480 11987 12638 19814 1651 14147 8551 16400 3356 8071 6998 12829 17446 9343 18606 11460 19071 5904 3889 12691 8483 14865 43
14222 13953 2149 11008 12518 4529 14652 10727 19691 16413 9744 18605 17598 1394 18392 2659 3513 14116 3632 5124 3585 17571 13720 14357 4155 9648
9735 18676 13910 16846 2946 2250 3206 8131 2438 6018 3691 5006 9213 17424 7651 15855 10503 5216 16194 4670 2781 15985 7587 15616 5550 9402
18976 3304 14221 1837 6209 659 7551 16120 11556 14279 5416 2923 18572 4169 6448 8068 17988 13463 6970 19871 11661 8972 2204 8731 6034 10117
2645 15186 17812 14296 9241 7135 1021 8696 4697 5020 18977 15237 15724 185 3226 17409 7636 923 13976 632 10047 19648 17559 16968 3956 170
12026 14238 10077 9562 865 2971 18220 17417 7516 1141 3745 15352 4160 11368 2703 3713 1960 10714 9463 9551 2821 1624 3853 17918 10646 10332
17538 11554 13330 15045 1612 16726 4759 16658 5331 225 5935 8117 1310 5768 18870 11134 8667 11170 15701 2139 10859 5439 16701 9103 6578 18903
12321 7629 13765 9857 18654 7061 13977 1241 7934 7417 9603 2036 15197 3034 11345 7258 1534 7399 8900 19397 16396 2826 19130 7266 7586 11099
1217 1779 14411 1411 11822 18471 9985 13196 14377 1210 2903 16415 17652 16556 17534 10772 18468 3306 19876 12733 7308 18026 17085 13513 7863 6243
8513 3034 9428 12532 18297 5573 3522 15421 19694 8093 36 10795 5275 11254 6000 14052 1947 12034 2099 13989 7037 3499 19381 10801 9644 1171
12048 8550 5870 10641 778 6648 15234 12505 17052 1283 12174 11160 12495 18061 15671 4170 8943 17371 17553 6410 11985 8612 1636 2817 14891 16336
6805 7346 16814 9544 9534 14086 14725 11137 14972 14056 7802 5594 10878 13118 5740 11166 7195 18294 16784 11347 11675 1443 4219 1511 146 18518
6805 3095 5681 9676 3686 2828 14441 18400 755 10689 17324 11358 10391 7093 11675 9283 7857 15608 17419 11840 18138 4751 12715 19753 3197 17977
8064 1602 875 1228 5400 17029 7476 6425 14967 13442 11767 16230 10756 16663 12089 15584 17699 19845 12367 230 14101 17917 5959 7333 11077 11662
6350 17631 4859 5648 14040 18802 11928 9788 8751 13258 7775 9251 2415 18765 17414 10593 13710 18610 16378 6794 16661 19862 8494 11634 15961 8316
3873 3809 9015 13666 14445 9610 5725 773 8703 7787 17569 4358 13111 13809 7503 6862 13453 5810 3037 18749 5806 856 18052 6286 4442 9551
6660 12792 13067 10463 14763 1556 8029 5961 14749 10816 7665 1670 17822 3555 13313 16616 16650 17033 158 3645 16764 11657 18694 6196 13659 5774
6332 3829 5936 16245 14203 12250 12778 11055 6354 7964 18478 3485 6567 8925 19744 9929 5830 804 2621 17625 12695 269 6062 14516 9918 5933
12143 6135 15370 18639 725 13049 11965 5241 16304 4762 7197 6982 19312 808 5162 12876 11505 4416 10029 18891 7784 5317 19437 768 3653 2435
13241 7151 4150 14453 11484 3320 17876 17058 19933 17155 2003 15667 9981 5664 17961 18804 13883 14989 17329 11583 119 4228 9566 4154 11883 19624
9013 19637 10810 16392 10843 16588 14365 10788 18516 10032 4366 15606 10866 16467 6846 19565 4588 5201 14896 17634 1400 821 7778 3612 8589 14942
17377 4299 15529 3610 9896 7297 4725 14737 10222 13191 3618 15530 12031 2388 10529 12799 9926 19612 12401 17688 14561 15590 16162 14004 17164 13732
15440 8698 19773 10781 8661 17768 11421 14997 4301 16954 11483 1882 19330 6349 3124 15083 11502 5969 8308 1029 6683 16749 6839 5088 17686 13073
7248 17486 2131 460 17958 9858 16003 16661 18831 2760 19863 8897 12373 11379 4975 13615 18205 15838 964 9263 3009 10043 5322 6056 5773 10915
11694 11312 18963 1076 6558 12626 18021 10016 1432 10379 7363 13619 9474 7677 10070 18532 11527 14268 2910 8588 3397 13971 17477 13577 8781 7415
14890 6934 4958 15978 14239 11391 6312 5260 11386 12397 6002 4874 14317 4368 5747 18985 3142 10585 15087 10228 19553 14319 7533 5310 17621 3582
83 3680 1972 14676 6708 14654 9382 12645 5140 7421 13259 14571 14775 10346 1082 14284 12876 4040 18955 10180 4029 8206 5100 3737 10233 11394
19690 3373 8082 9298 10284 8417 8522 17799 136 3453 10125 15121 8957 11315 15555 3888 5305 2162 18370 19372 18239 3017 19952 11208 725 15049
6691 17496 15552 19623 7348 4586 14323 19935 8369 10656 8989 17734 10696 13287 6025 7206 5956 5729 654 18230 3616 150 2780 4735 9520 17292
10830 18866 18105 8935 15611 14616 12808 13994 222 5115 6566 470 5997 3467 10377 5792 2790 7453 6449 1692 19091 19026 1229 2513 12716 14502
12469 10772 1286 11182 5559 7088 15441 9502 12590 2633 18841 10782 14409 1166 12441 8378 1189 19934 11657 12793 14329 1669 16687 8660 10650 11528
4131 10480 1655 3946 7479 17058 12 13104 4226 15104 6977 12433 12921 10230 19697 1176 223 3024 10721 10822 5640 15760 3694 8693 2035 629
462 1354 14241 9415 4395 6191 13305 14317 15012 2075 9095 3128 6322 16728 8545 12259 2966 18774 2010 3629 6911 19707 18293 2502 10638 12889
17212 17907 7931 10416 19086 7486 5879 2201 11434 10994 5727 12375 3263 5663 7178 14663 14548 8868 17708 14953 12297 7441 16040 9022 4677 18660
8109 15292 19987 18134 784 8644 7685 1182 15742 19619 445 9151 5333 15996 2737 12918 6793 3344 71 10267 9274 3858 5765 1398 4163 17996
4339 4986 18168 12220 3268 19435 1087 2753 11950 16211 8110 12149 19078 11457 8901 8675 3516 6081 16530 10961 17455 5810 15066 1516 19966 12422
16405 10657 12599 11570 19580 11546 5735 4718 14446 14049 15637 15192 6793 8802 15217 15780 7798 8315 1000 1891 14832 6219 1916 1119 7449 15725
18252 12970 3444 14188 2429 16645 14947 12543 17705 10282 14596 19826 14714 16644 4339 8303 9594 19316 17348 19245 9264 11392 8558 17689 2928 7213
16552 15617 18701 965 1299 1133 1108 14133 9080 11308 13122 19586 10065 5750 5547 14397 7001 2132 15977 8876 5201 4843 1893 11914 8593 13341
14519 2073 475 6291 6910 17622 3871 2725 8732 6869 11870 13866 16501 13843 17701 1724 2400 11187 10868 15699 7926 1011 9779 5020 18201 8881
3761 8393 13660 15884 15714 16180 15393 3377 14909 13221 2133 8972 5824 14028 1619 8211 15722 3930 8848 3200 18818 7011 7771 10281 8704 2729
11512 11752 2702 15591 12915 4941 4549 19767 17166 5612 1159 10203 3523 9416 14615 2226 12633 9621 8591 16957 3368 3787 19703 4894 9518 10577
1834 5012 18309 8975 1973 8416 3378 8119 9409 16442 2368 9103 6628 8415 2131 19696 844 2484 14054 6249 6287 2241 15026 10335 1819 16936
16629 15518 5072 11932 19307 12624 13684 15355 15088 1680 3176 7863 9169 11984 6305 13580 8670 13651 11571 10430 17650 12699 1297 11215 10695 14647
6510 3539 13373 6942 15582 2537 4609 13931 12348 8689 15387 5857 1523 15694 10632 3942 12718 237 16535 7251 3361 395 8699 4792 15116 16369
8905 17335 1197 1108 2837 8651 18168 13808 16619 16848 9401 17206 9217 3334 14572 1528 19330 1697 17837 17782 1076 12278 4079 17029 16200 3088
9668 6891 14752 10328 11939 246 7442 11641 7543 6724 12908 15990 7159 17031 8004 11439 3342 6804 13259 18985 18406 5297 10497 5094 11495 14190
6828 9247 11129 13366 3236 17183 6933 12535 13529 16773 18124 18942 14556 6355 3485 13287 6479 13418 1086 4180 3420 9375 19390 1245 4696 7010
16320 10476 16327 15513 18674 14761 11728 16581 8215 14967 13211 10885 18841 9042 4390 8970 646 15298 15600 2425 15601 15747 5933 7482 15219 14971
4355 1142 13091 911 1632 4498 8709 19937 6179 12810 16850 808 13158 14354 2717 6264 277 317 16974 16922 14022 3690 5891 6018 15969 11516
12233 12013 16326 177 17240 6099 16107 14616 541 18655 19287 3448 5019 14621 1144 12092 5509 14385 7491 259 824 1363 16428 6047 15923 16818
4782 10535 13598 14367 16612 7082 11091 18957 13828 9682 12644 19619 3054 17358 186 14655 10881 3512 16346 5906 5599 13872 13102 11907 15320 11320
8429 693 3622 19775 5134 11518 10537 5053 1483 10427 17554 8134 16336 10752 6229 3873 2950 10849 17043 3929 14214 11111 11463 16917 12392 9722
15872 6718 17749 17195 5956 9584 11732 8547 18573 12971 11651 18197 15673 13757 3259 8437 15430 12028 16374 14013 15939 10448 6472 11538 14689 6403
413 17402 14151 15118 6166 8631 13187 11007 15671 7139 7565 17763 2623 7523 14624 18788 12405 3373 15437 3018 5188 4170 11914 13082 19598 18089
3260 6120 18346 8541 2610 5927 6779 1143 9726 14618 364 3654 14671 15717 9761 17127 36 17252 179 3254 18681 8496 8167 17679 4911 3879
11628 10420 9590 10590 692 2072 3293 8745 12191 8675 7348 12592 7022 5808 13298 10498 14711 360 8043 150 5992 16893 1301 10016 18173 3630
17185 15720 17677 17680 16310 13108 16191 13556 16751 802 13933 3347 16601 2484 6890 2557 16876 1764 16353 9364 17803 6361 19812 12076 8870 11282
16810 18745 6644 6840 10216 13090 4059 5757 18234 18050 4634 13020 3384 1448 2098 17866 11243 7221 17774 10338 5219 11337 18962 7420 19806 8584
18267 16434 1352 13 15441 6694 3913 4666 3267 16756 13936 13493 4012 10764 3341 2431 4313 4439 7660 900 1156 4130 10472 7506 3057 13179
19289 13037 18436 6362 785 7912 1659 13750 8561 8924 846 12578 11448 19562 6495 17478 18290 19621 13779 2319 10791 12004 6221 14241 5254 14549
8719 11407 7908 19273 2351 4151 19476 11649 18401 2684 16675 13616 4602 7280 6776 17463 2071 11964 4717 361 3008 16328 10509 10169 12641 3489
15101 12885 7995 16759 746 11775 2650 7616 854 17385 14569 492 1150 6174 2332 963 9780 12246 12901 4511 7348 5067 11659 17904 12841 13692
15927 14662 8312 476 6070 10443 8869 6045 16816 4940 5595 5701 13472 19513 1112 17326 10673 1090 8694 5839 16946 10208 14242 3041 2734 10839
18030 5053 8434 17098 4090 12673 17980 14546 3101 1427 12750 1048 7014 16061 18106 9858 6404 2017 16893 19127 17312 12665 11313 4038 4394 11851
14359 10284 15806 141 9235 14802 2095 2818 16665 17843 10097 17437 162 14215 14159 13479 18452 7907 10166 1810 4695 15743 12274 16574 13292 14743
4310 3173 16809 12777 15837 643 18661 18497 9847 9571 5198 11300 9210 15263 18831 13333 16344 8051 19625 11785 5397 2012 12947 9080 4309 19468
903 4817 7364 16107 7650 6780 18709 10760 13571 18851 10369 11812 3414 1355 16333 1687 18221 4125 8023 4650 13545 18644 4518 4832 8719 17760
17859 6389 2847 5899 12817 15742 1732 16785 8505 8560 18356 3939 14650 18663 2061 1859 3376 10151 8758 17910 587 6633 16952 14377 16020 2844
10609 4385 15917 15934 10159 4748 19783 5374 8741 2075 1765 14510 13155 6910 3058 2327 5666 13436 12558 11730 14677 15329 8765 15948 1360 2576
12720 896 7792 18096 2317 6040 8604 13262 8615 13938 961 14314 2058 15849 7586 18142 18949 5478 8658 11038 8023 18381 16573 8870 15326 6633
19655 4063 10677 13403 8607 2398 14768 15551 3583 98 12780 1567 3792 17797 18969 15976 14966 11865 8379 11765 11610 6228 16838 13707 14178 13114
11398 9795 7372 10091 7416 10853 6895 7633 4548 8823 6257 9995 15748 12715 1212 2601 2882 13097 6192 15598 3333 584 779 11931 1510 10356
1113 18697 15518 4491 16127 11220 12511 1955 181 4621 2163 16564 19600 11059 13530 7855 3919 14040 2866 6726 15509 15038 9827 19683 12874 12263
4379 10742 4456 6232 3498 8537 10095 18613 2963 17497 7141 8055 19969 9035 18046 18093 2926 7384 11449 14808 17396 2105 1152 2731 3338 501
8187 16418 6819 8046 6692 5863 5961 13560 8812 983 15669 3979 15127 3351 6212 4900 22 10889 2047 13666 2759 6424 17754 7883 17004 14234
5361 10799 14692 13637 10451 7574 3573 13655 3161 10495 5013 5436 3305 13216 10651 7670 2861 10768 4831 8921 6297 3778 3817 11011 15391 4852
13316 8063 143 16533 15155 7085 5176 13023 13877 12490 7728 9523 12776 8825 17298 15205 18127 8097 8855 9242 10364 647 12455 13712 8284 7732
5315 16199 11763 8044 10832 9596 1105 13886 12789 19074 19713 9149 6446 8959 16992 4887 18770 10929 14405 4264 11209 10700 9221 11401 7653 8309
14675 2260 10959 16665 19693 16840 14269 14126 14489 1656 11518 18505 7340 12231 17292 11256 9048 2891 14094 15537 15704 4044 4503 13631 5617 14523
3971 14787 1514 4957 18891 6543 10917 18113 5469 7553 14736 8590 7464 17611 6670 13126 3495 2435 9348 720 14217 13653 14956 17637 1217 15924
10686 10499 3359 10300 5077 1489 1004 7179 10374 17234 15991 16072 4392 13239 18102 6837 17568 1075 6696 7214 2815 15458 13751 10058 16593 18474
8890 14823 14998 11427 9065 11764 16224 17752 19002 3846 7367 7803 18209 2890 8470 9246 3864 12388 3885 11460 9666 6536 18684 14342 2471 3507
14216 11405 16853 5280 9101 7393 15354 1923 13445 16192 7366 8579 9048 5337 18479 4796 17497 16229 18414 3861 9900 365 13056 16417 14781 8116
11035 18891 2673 16817 3134 16670 19057 9269 1696 17805 15412 17018 19483 14311 1195 15056 14284 5838 12417 14853 10773 5257 16087 16772 1657 15236
4110 17532 8052 7577 506 17003 1948 12163 19394 13254 257 7067 15831 8907 15072 11081 987 18840 16320 1865 19051 15179 16060 1951 14426 13395
2206 4533 7643 25 6797 11066 16153 19853 2665 1219 15817 10209 10634 5764 8473 9485 645 1233 7162 12986 15393 19638 15920 4272 2765 2824
16529 67 12942 11440 13634 16136 13633 18490 19934 1423 13955 4787 6933 16408 7235 1013 753 15761 5797 8573 14291 9821 19887 16919 14865 11395
19933 17257 13834 19668 12906 2386 16915 2225 16544 16614 9727 1096 2642 5710 6986 13122 6742 5276 8201 17127 12612 8870 9054 668 1773 15584
12066 7184 12268 6516 6486 1179 8636 5299 3400 7208 2989 9661 14897 11452 7493 9423 5015 19863 16044 1550 11697 1643 14096 19167 1601 3917
15516 12696 5585 615 14513 14220 10834 17215 3035 15224 17673 4796 12929 17855 18008 17258 14130 10577 7838 2471 15699 11010 13138 7859 1878 16220
7404 792 6136 10659 15491 18988 10262 10781 12342 4625 9412 17901 18594 18471 8773 19915 5994 18932 1293 13229 10379 9334 7688 18799 3199 7878
74 9525 19345 4987 13091 10361 7315 11690 17922 13505 9152 1318 11733 949 3925 3471 273 2627 19477 18479 8961 10368 7941 6685 18412 12660
6104 11570 7291 11726 16356 19807 9285 16197 19701 1454 16418 11549 732 7310 2847 10285 10538 2666 7668 4068 7175 3578 8629 2404 6168 14034
10960 4042 1111 19393 10348 10475 19755 7107 19424 148 1961 14155 15058 17996 11068 14483 2507 2070 13563 6434 17725 5430 3949 19244 5272 12303
2723 12520 16626 15597 15543 3051 1107 9681 3754 10966 4220 9646 4546 6631 296 7393 4086 17651 8665 10489 12371 7729 2705 10678 18453 17505
16230 4582 8160 18721 6657 842 18598 2176 592 5074 4139 19981 15415 4942 6449 4526 16251 17831 13918 17551 324 14744 19556 942 18180 1405
2493 5771 5531 6724 11180 9397 30 8403 960 4600 19660 15107 2860 19318 12926 18836 15237 18817 14727 9734 8515 17324 16693 456 17882 314
5805 3334 11178 17073 9202 11107 1363 8428 15984 13300 10048 16502 11958 7053 16419 12279 11912 13260 6635 12627 8290 3810 7397 5124 10433 15004
9549 19079 6850 7731 15035 15717 7158 2053 6417 15920 12717 15889 17019 8956 79 19750 17873 400 16575 14497 6287 19143 5191 18328 3208 6402
14372 5030 3802 5776 12697 10009 6550 17740 6638 2110 9923 1565 1875 9544 18011 10591 16206 6185 14013 18651 11297 13220 18583 16730 17921 18275
