365
62 0 98 46 62 34 3 13 83 48 45 31 27 50 65 27 25 16 98 6 5 98 51 72 55 7
8631 15842 7918 14189 15501 416 5178 10575 8553 17666 11334 7291 17373 7315 6899 16372 2877 14469 2575 19957 18587 1312 12808 9749 6185 10518
17138 16174 16245 14836 9887 18505 13942 3927 11725 12568 17511 6358 2527 5998 19296 5515 1986 15992 16268 1768 3441 12360 201 17482 16062 18009
13201 10637 7313 2733 8915 1824 2612 14864 14607 9126 11314 5725 6628 16604 7722 14029 15829 489 7366 817 17894 18934 2181 10909 15601 8921
11037 1079 1436 18661 2299 6241 5654 15086 4447 11663 16551 2611 9256 13205 9168 8652 14694 14773 6473 10912 4234 5516 1779 17719 4848 13145
18041 5792 6723 12219 4963 17727 7860 9479 1987 15070 3965 14724 19797 12997 608 4797 8471 10326 18898 4932 8722 16886 5167 13697 5223 10267
5045 19141 11907 10299 13783 5677 13666 13626 9641 11763 12878 143 18359 1269 11520 8135 15371 2657 15392 8121 9268 19149 18849 8375 3401 11651
7701 11378 11161 4576 10394 1512 8460 14230 5474 4926 19173 1040 7908 3101 8737 17363 6132 15792 17871 10774 12238 5366 16386 12671 3739 5023
18255 19168 15715 3017 19231 7181 4300 14093 19036 14628 16048 18475 5022 14248 14925 9105 18766 17598 9972 16959 18511 5359 1302 7113 1567 18435
19829 18548 3396 19605 10551 15712 8273 473 19695 9574 8100 11418 17324 6916 8483 14873 3973 11680 13772 10678 19841 1621 10968 3211 4901 9983
14130 17742 7429 14493 19581 9793 5512 7141 3859 12287 3547 9593 14335 4694 7558 12442 6931 17644 12267 12664 16093 1569 15963 9898 9626 19188
12537 8460 18471 9779 14780 3587 15684 4590 6019 17249 9303 7197 3176 19181 1306 12032 13123 4427 1261 3318 14312 7209 8481 8082 87 19614
4172 19136 18502 15238 11163 8202 18092 1498 7385 11869 19330 702 17754 4833 5965 10991 5484 3989 5234 10041 19446 834 19689 569 3774 10890
2791 2102 3690 10873 10495 12355 3423 15154 17666 18095 2503 17687 8716 3225 12819 15927 12623 347 542 16523 15751 10405 12776 14964 18650 8809
17521 5093 7626 17612 19124 4872 11305 19104 11120 198 15356 11322 11406 16099 13129 2959 1564 16048 19400 12837 18983 5515 8603 9391 18935 18347
7024 15947 13219 16855 11840 5866 5241 3021 11842 1545 13143 14609 5463 12293 18413 10156 764 5277 10226 16400 9591 9520 17958 18265 10411 13318
9336 2845 3813 18589 10717 2871 3030 9719 3340 14448 11085 6306 1127 3806 12628 18504 18079 13398 15488 7800 2691 15347 18766 12884 10777 251
11929 12605 11409 2676 7298 11220 3886 17731 10373 19903 4607 16689 15591 9762 19770 17034 1573 2354 5478 17600 7997 17351 18201 6366 6312 505
13585 16653 4449 8724 7011 5315 10416 11470 7449 4587 19583 19265 914 13055 12989 8537 7010 10141 14115 17411 895 12971 18609 16342 12617 7062
3083 14617 13740 10042 8836 17921 14087 2388 7392 6145 15815 9456 6654 736 17463 5776 8415 18755 15777 13662 14393 10967 3528 14008 6626 7500
15260 2445 1291 9774 2138 16327 2112 2844 9155 13969 16028 2967 561 10837 15845 298 17702 5666 3696 10479 10636 7999 10663 10488 14226 15747
17984 7147 14857 19603 14896 7617 17227 19917 6259 8683 13480 9560 6110 5658 9042 14908 12772 17640 4096 14580 9443 7736 14109 10132 353 4754
18594 1133 44 14366 726 14841 6989 14614 69 7224 581 4409 2782 2841 5729 2206 10591 10721 8182 8594 7596 1351 11108 7068 12430 12880
965 12936 10676 1871 8998 16402 2486 3775 3413 7275 5231 5649 18785 11438 5859 14421 15646 2054 14464 18836 15725 7797 6237 13720 14427 4080
2939 13318 11012 2884 6325 16326 1347 8333 2273 18803 17388 503 10682 19419 8388 7301 5250 4725 5481 3671 3582 5729 3764 11195 19696 2595
15080 18499 5605 6979 4748 12636 18448 16307 19753 1541 8316 18052 18237 9239 2611 9542 3218 960 4963 11225 4836 3760 380 3198 1155 16772
42 18073 4364 2937 15153 13856 2654 14001 3930 17355 10321 9348 11854 12178 737 8217 15867 1498 14797 15201 11416 657 5445 17854 12649 18489
11978 4668 18338 11983 6685 8695 11284 7949 8668 419 8553 7029 18177 19995 14941 19845 10191 6141 11745 11387 17363 17464 11603 3124 16809 9217
6227 12276 3116 4362 12524 6257 12782 2065 8006 15939 3491 3245 8710 8988 8446 2536 9425 6158 2467 1564 16501 9874 9550 912 9504 12184
16595 12780 18943 1321 4004 3039 18025 12969 13903 11607 1458 14987 13007 15778 735 15135 624 2178 5188 13500 4382 1586 19751 1312 14983 7501
6349 18709 3230 15112 13060 13319 6894 16241 5048 15652 481 8920 7430 1990 3641 8858 14519 4246 1654 18973 10101 566 10020 14413 8013 2765
19708 10575 11154 18672 1320 10447 13453 6808 18447 1504 844 4547 2112 19557 5181 13557 7506 3782 16702 7348 19480 12835 3693 1881 15133 18521
11641 11390 10883 19209 5739 18333 4731 2599 6794 11116 12721 16550 10952 4873 13083 19378 16033 4317 10631 9464 6651 6016 12435 12332 15891 8010
9995 2525 8710 766 11339 113 6008 15236 9264 3788 6953 1810 9947 19628 17861 9648 214 4612 6813 3361 10767 5275 10901 706 19841 16793
3544 6169 18980 1650 19911 19950 6524 11912 9221 10677 7790 10177 4490 13395 4149 2379 766 337 8629 11079 18081 3331 16246 18395 8211 11484
3416 4464 19106 19321 17781 700 7396 3812 267 13820 17446 14591 13637 9987 9569 6452 19144 16524 10938 11312 15473 12403 10298 5123 16849 8229
12406 9761 1197 19414 17606 10402 16014 8245 7132 7662 18352 11216 14870 3248 8025 16457 6393 18022 5339 18516 11645 14277 19714 1499 15266 4349
3212 2952 17672 7717 11377 7221 16260 13373 88 1179 7066 11698 19992 14428 8568 2704 1254 7575 6344 19029 13434 8452 3737 5694 14634 17845
3036 7183 7629 17611 14377 2210 582 113 4490 14966 1864 4791 7964 19041 3129 14233 10025 14610 3957 12304 14535 11329 13640 18034 14372 15610
13125 8551 11086 18400 1253 4778 19804 5714 16109 721 13507 10042 1692 1518 17792 13721 5509 9955 10767 16297 614 15946 1585 2608 2822 334
3003 15648 14746 4949 14396 6615 16221 10994 14697 7114 15885 19285 16325 6090 12266 15949 10290 12815 16132 14469 5434 3538 8908 17699 3327 19773
7506 19427 2009 13281 19207 246 19816 13136 4850 14211 14683 19750 1274 13076 10456 16095 878 17532 1468 6918 3604 11032 1732 16748 8711 13158
18538 12578 15721 8686 11729 10755 11808 19060 322 12467 19325 2234 18697 10214 19553 8169 14405 15948 4438 6312 2984 16066 8199 2368 5463 18832
13246 4302 11210 14003 7624 13930 10858 3153 9295 17459 5116 8835 17401 4644 12250 8321 12558 1081 8302 15766 18425 7130 6038 5345 1885 13392
14903 12396 16597 3271 10628 4400 16219 17715 16954 18658 8989 5587 7821 11721 3384 7647 156 17615 13490 7483 5272 10231 15858 8763 19135 16363
6069 18422 18310 9708 6258 13030 3178 7276 12725 10474 1614 3630 6299 16287 17338 12338 9050 2791 6325 472 15160 17331 11668 18893 3473 4112
17147 9062 13261 12818 493 17804 11253 11547 6399 14745 11136 13174 7511 7489 17733 6191 9411 3467 18220 9956 8068 19071 13039 62 6266 14959
8935 19082 11247 2225 5052 6463 3325 6881 5687 2309 6278 10277 7751 205 10656 8395 14693 1946 17086 6454 9475 15660 3647 7219 12784 2626
19151 4247 9683 4257 12491 18675 18279 7275 10417 9759 1079 5514 16225 18990 13312 5784 5596 18346 4142 14686 3779 9753 12187 2061 16050 9366
5927 4874 7663 16200 10574 1397 12125 14270 13961 18738 7622 12518 5574 1051 12719 1092 16068 19114 16161 2753 14796 16919 19114 5996 15347 7572
15530 2152 2909 8271 7990 13272 7705 4797 7050 18380 893 11904 16097 2257 1629 11970 1786 1864 5950 9928 9763 16849 6413 17376 18431 8140
18904 8368 9820 2209 14582 13017 6096 9784 19009 10857 4040 15764 5965 2258 18516 3233 15070 17080 8781 17369 6747 5140 6902 1202 15918 1720
3517 3987 8273 2066 3301 17826 2348 18247 8763 14625 17205 11749 16814 17137 1443 5455 8587 14997 6556 4590 9596 4031 7884 12119 13198 1247
94 4721 14879 7702 14855 11584 18853 17708 7008 13053 8006 16883 14244 12979 5601 5332 15343 3386 9724 18987 1481 13568 1680 11644 19397 10731
3051 9050 12065 15890 7237 16938 17130 15060 18445 6320 5720 73 6952 6583 7518 1838 4924 4112 1600 17714 5892 6153 7836 765 11731 14573
933 4928 14018 15717 3018 17772 1351 10820 8304 5270 16653 5488 2464 16736 17504 3161 10290 2759 896 6061 14403 17868 15956 3719 1818 10839
2936 18772 16536 16993 19011 15678 18985 7181 15967 14677 12010 8627 10384 12054 3067 12798 16347 15613 13524 8278 14929 19214 3789 6655 16404 18544
2994 3451 14075 9686 10164 6159 18642 6586 14748 9729 7616 19965 4158 19310 9955 19042 961 17580 17571 8060 5980 13687 18510 5773 3524 17896
19958 3537 12800 302 13364 15349 11173 11614 2235 1501 17665 2787 6672 17413 4751 13406 811 5050 7744 9887 12141 12288 7365 7203 6521 18246
2078 6581 16588 5017 6823 7154 12070 14986 4347 12629 2789 285 14603 5935 11776 1987 14316 1564 10975 16757 16325 13956 5452 10565 8312 15161
3244 7642 14193 19436 5830 1952 19885 1747 9670 17871 2396 8999 16557 11986 13650 4503 6469 10395 14339 13896 10356 19863 7796 3980 7373 13721
17659 9821 2219 5609 16038 9070 15871 18405 13365 6260 11838 12060 4503 19987 15518 5663 18783 1628 5301 13801 8541 5139 14600 3844 8134 8327
15705 7112 2815 17171 8953 14703 6119 18417 1161 13613 6025 614 18646 13581 5576 3292 13408 11020 3545 16374 9235 4827 1772 14708 2310 4550
19374 11035 8405 18779 5244 9259 13836 10811 14580 13769 7318 19981 9704 15077 19203 19417 4092 6866 1234 4931 3377 15585 8443 13459 16020 468
3208 3426 19969 7990 18448 4200 19511 16120 15738 12206 13214 2272 14971 7855 18217 8962 2681 15052 4883 19625 4494 17619 18417 16357 18136 2194
14793 5528 19390 4546 9127 10918 11134 2733 4139 16048 6322 11971 5475 18950 7845 10412 19992 18831 18071 5650 3790 10854 11514 15309 15271 3048
17118 18181 18493 3011 7332 17115 14894 8669 10168 18286 4498 1891 5628 966 176 3603 19065 4662 11130 8397 19331 7994 9177 8443 18064 11247
16255 466 10613 15089 9522 6857 5418 967 17415 11601 8012 18773 11058 10778 64 19720 19258 6539 15105 8734 4826 7959 19338 2263 7416 18006
11030 12752 1715 14057 15009 653 10118 10799 2912 3418 5739 3243 17625 9766 543 16057 7372 7236 4502 13627 12343 5017 9236 1985 19799 11881
18897 17113 14052 12204 2665 10878 767 19565 13184 6195 14031 18090 19032 13513 18602 2130 1278 8697 10618 175 3940 16339 10391 13031 19701 3836
254 8704 7256 19809 12306 7521 10130 13035 15250 3455 6189 10879 5598 14827 6386 3447 19625 14349 3265 14854 6599 7048 6948 19275 10200 5779
1398 18156 12363 3006 3425 11956 10439 7186 6223 2799 1237 4011 11827 5882 3740 13056 5540 18151 8908 10159 17634 3928 5460 4709 11503 10384
888 10035 11562 13260 19197 14483 12536 6394 12171 18021 3248 11937 14449 10521 335 1381 17800 14534 2598 1702 11016 19457 11805 825 1175 8962
244 18665 16705 262 18061 15387 10632 8825 9394 4950 164 2338 6111 6508 19901 17334 11481 10094 12575 18028 11422 15175 8001 10653 1702 8893
966 6535 18006 18819 4627 6 19030 7967 11996 14720 442 9362 14551 3522 13801 11863 6002 2917 16654 15396 19420 4522 7646 2549 9203 4026
8387 763 15985 16020 2596 7422 2502 13998 16921 5830 2005 18504 2722 19826 6102 4534 5227 14442 16762 2955 14425 17098 16544 9267 5318 3068
18745 17003 17280 1290 8602 4957 16355 8101 17397 11746 12834 17549 7903 4941 5296 18671 6719 5090 18587 17931 2930 2559 10649 7283 9020 16410
16811 596 6823 12336 17555 8847 8311 591 11686 511 15351 2090 11136 7664 18103 6406 13365 17577 11843 7912 16737 11306 19140 1979 6037 2271
10083 14292 2115 5593 1286 3009 10271 16511 5143 2975 15745 12328 7202 2481 14478 4492 8221 14431 5252 17335 18463 18785 19836 15461 17963 14239
351 18262 19849 12927 2231 14718 6546 11899 16521 13759 5380 1594 3753 7093 12637 4635 623 7321 18451 15809 12097 2451 14228 285 8730 18864
11915 17165 18400 14805 13977 2702 5376 18056 12551 9036 13322 8220 8083 7985 6559 6819 7804 13479 5753 18411 18309 8648 17232 10584 15673 11380
4177 7279 19406 17655 11288 17481 13188 9574 3610 5480 11290 11289 4654 9785 8376 17694 7074 11993 18906 1870 5525 10857 5960 13244 3417 13209
4648 1853 6967 9134 4511 14741 5135 2546 18698 16789 16787 1182 5042 13086 3001 12399 1820 19601 9917 16188 17330 10615 9734 10496 17866 12033
10797 3946 1509 8174 15718 18513 15237 4607 7542 15424 8335 3595 5020 579 13305 8613 12528 16005 17306 19543 7740 17093 18087 8348 12176 9475
13563 6551 11052 5902 5511 10268 6765 18961 10706 14514 6689 8700 515 18264 2362 9683 8727 9162 12017 1587 4896 2025 13216 17007 18017 13775
13631 51 14985 13585 15576 4466 18442 17686 5040 18711 14770 3147 320 13632 11442 2846 18610 6596 3696 1241 10431 17916 14270 4219 15057 19755
13401 14475 4793 16895 2673 9496 330 9339 12808 4814 4479 12947 3379 17438 16692 5158 9158 3180 12980 9386 9186 3477 4131 1227 18954 19579
8570 923 10202 9890 16183 1882 15638 7819 11314 17571 18961 6237 16992 9354 14526 17341 6266 3022 13944 7440 16194 2588 11097 7322 17259 18438
10932 4310 18109 16027 19859 4066 1436 3915 9720 1571 5137 16589 18608 16459 17487 5117 19781 11605 18426 4237 1480 17451 7536 9841 1202 959
4067 4893 16678 7924 19229 15564 5606 6515 10420 5744 11257 8324 2661 17335 15582 19949 2344 15684 15593 19365 8982 13176 14862 7720 10623 15643
13988 15379 14267 11497 15811 852 357 1411 18985 19842 13067 3246 12725 17828 15867 8139 35 9030 13294 3095 9524 15686 14409 16198 1585 5607
4375 15626 9501 5203 16446 1932 16401 10327 3037 7861 11227 6437 2209 19933 6671 14087 14288 19830 3852 16262 4032 7269 3742 7748 15424 13147
19653 16325 7311 14305 18421 10296 8530 15980 5325 13416 14315 5705 10883 14375 3824 3625 7974 4933 1933 17853 14870 954 3658 6373 10472 9248
12196 16243 2190 6630 11271 15032 4112 1766 12881 3616 9279 16790 570 9613 8583 9131 2607 17452 16331 3763 14975 13935 2989 10052 4297 3779
15160 12891 12042 17142 6278 16829 12652 7541 19823 19691 2699 65 14632 8646 18367 9617 7277 7737 17620 10702 10073 6680 17204 2879 8544 1446
16740 18376 5331 15909 12760 1881 1234 16109 7794 14520 11849 899 13471 3533 15336 17062 9104 2967 17546 10480 3803 18716 14368 14589 17838 11919
5529 14862 3576 13406 10829 15586 1378 5240 5022 14711 5016 2098 9110 9097 19725 14835 11905 4922 7720 10634 10609 9290 2887 17487 13070 19614
11469 12650 640 9504 9852 14328 6706 6697 14353 13089 17274 3866 14459 694 19063 3108 11596 5982 10553 9025 5256 10092 11167 14295 15500 17318
7000 15521 17302 9502 16283 5364 2458 17642 18065 17878 5663 2937 4748 12901 11583 14224 19101 862 3131 19098 16696 11155 5420 908 18777 5582
10953 5198 1376 363 18652 2803 8877 15949 19888 9962 17823 2326 10899 2497 8850 19235 10081 13537 12742 9222 3986 14720 3248 17661 19216 1956
7082 9899 4723 9226 5625 7367 17691 6266 13607 6680 17118 16781 10538 12699 12597 16440 8916 3044 17908 8677 11457 12535 9504 1110 945 6813
12725 6460 1962 6269 5877 11260 15539 6287 12985 3905 2602 1522 4186 19506 11159 11029 948 13353 18826 10756 8735 17966 1435 18693 17384 9093
5094 7897 6595 9223 333 3898 18930 5045 6883 432 3336 12696 17023 16508 14081 18219 9425 18501 7368 1466 5010 19361 17691 2988 3334 7662
6124 88 19608 16461 11526 2436 12372 3309 9771 7884 11707 4237 10158 1882 4265 13625 17757 13533 12588 19372 13803 9863 17206 16581 7677 4646
9130 11217 13988 17116 11958 8191 4179 824 10570 2941 16754 7797 13684 17056 12821 13808 19880 18253 17878 12947 15106 13832 5337 13659 17632 17784
5993 3285 19379 2038 17341 9513 6037 19427 16558 13271 5483 15995 10862 3799 503 14179 7865 10977 12828 12233 1238 3664 1982 6695 11370 13232
10412 10235 13790 8352 10303 11569 13876 5858 3564 3863 10100 8848 6430 1084 14139 10706 5264 13879 8202 15102 10731 15940 18524 18861 13560 11915
9103 4891 12780 135 2990 4812 6378 15405 16705 16405 548 3237 6842 6299 16219 7203 16973 13335 11861 11983 9949 1189 16132 12039 11247 8055
7755 1683 891 4734 1292 153 13135 13427 8106 1942 8562 15698 7747 14083 2357 381 9997 10557 19302 2913 1943 6594 10713 4029 5497 2032
16121 3963 13520 11134 17651 3991 17656 11461 14854 11104 7558 6660 12732 6859 19454 3449 12393 9523 9946 1430 15442 11191 13576 9305 18925 15736
18551 2783 8433 2072 13171 7612 10074 6592 15880 798 2086 8197 1439 19629 10245 840 1743 8509 14183 5863 15217 3795 16944 5812 17870 17383
18089 19318 15092 17531 7181 17816 495 12457 13852 1706 13572 1110 18273 16299 10898 17937 18644 6727 368 1654 7701 4201 8135 12821 16845 15269
12830 11327 18867 11616 4966 3365 5713 6999 15999 15840 6855 9679 16691 7780 826 7476 6398 8422 17332 9095 359 5667 11427 15594 19221 2617
9278 4228 15995 2282 16557 18823 19832 3905 9370 11001 12198 3219 15800 1531 19913 2215 14908 1349 19778 8614 10286 6266 18350 8953 16981 18493
15056 9000 7107 2483 1200 13274 2975 2829 9217 1060 3776 4438 1401 8204 5332 18393 12532 3881 18528 15138 8199 18550 13213 9203 3626 11720
191 9305 6461 11334 3703 9561 14255 14191 7912 7712 3869 14496 5960 18351 12985 6602 7868 10813 11711 19428 10265 4990 14014 16408 3571 19978
768 16453 6585 6248 11894 19181 18094 5826 8839 14296 13276 11342 3834 18124 15398 12125 10780 16856 14566 15711 17376 9148 1256 14283 15786 19344
7710 17142 3777 18570 7671 17075 16432 6638 3212 9078 11503 9805 4445 3935 14641 18078 16462 4504 13006 9904 681 19521 15846 16452 16647 11021
4329 2254 19762 18317 15651 12850 8653 10292 7168 10951 7807 17359 8461 14396 5255 14111 15719 4635 9501 19890 14862 19470 6026 16797 8869 17844
14052 12299 15043 2530 6601 12672 9199 17716 11512 7220 17367 11255 10228 7985 9690 13411 17390 18057 15820 17583 11325 5136 4249 4188 9338 5587
1850 9523 7878 4070 17095 7525 7301 11247 9122 16206 8004 8300 4187 15619 3426 6198 9622 960 17137 11902 2796 14020 2239 11873 2274 8494
11852 19317 400 15877 1154 5471 10695 5314 6145 13301 14935 10357 1255 14091 2595 15658 10031 217 112 6843 17117 18241 15840 6533 9639 17412
6313 5278 2569 16940 8925 15700 1256 8950 18223 1747 1604 10789 7401 6381 17735 16871 7674 18494 19024 1264 5417 14826 19111 13280 19438 5572
12172 9334 10166 18227 10648 7512 17006 15501 8934 10306 18691 16923 18327 6374 11835 2365 17510 19613 6381 915 12381 5779 7829 8242 7639 3306
7002 16842 7708 11258 17691 17563 9179 14753 16946 7710 896 18496 16147 3571 14112 8799 6298 1220 17042 7193 15324 1148 13928 9205 2215 6394
7954 17911 17653 10550 7069 11470 5102 10910 2680 9203 7203 12494 14821 2292 5259 15589 4966 1196 9574 5332 6455 3422 285 11873 16887 785
6450 12905 10802 14040 10101 1775 12076 10388 5683 14874 18836 6526 18557 7372 708 17268 10796 8535 3688 5638 19246 18696 14445 3963 15704 1020
7831 13715 14443 6086 13814 14548 6826 12202 5933 15840 9195 6400 3507 1614 4043 13267 16878 8153 3889 19738 19159 12048 7696 14058 14674 16292
17350 14102 9733 3337 14372 7331 5264 7328 19807 5946 569 19074 1292 9930 203 3342 10903 13576 3914 2494 5936 5335 14519 12748 8856 10305
11980 15811 8560 603 2277 1878 7477 11837 3699 16931 3050 1060 16282 15079 4694 3049 4125 17896 19723 12418 17658 18369 14663 19461 7375 124
14448 7411 492 12318 12754 12381 13672 9034 19462 16374 17464 9243 7654 1639 17190 17131 4227 4196 18696 8125 9222 5915 6335 19062 11717 12017
1716 18811 6488 1558 10199 15227 17501 16820 3297 14621 167 16927 14057 3114 1459 11382 12889 12154 6214 9056 503 9882 13395 10515 13281 1726
15929 1845 2339 10488 19098 15274 7104 19850 2334 19442 7005 14137 2155 16210 19195 2235 7796 9952 2785 6652 5988 3721 6590 17812 925 14543
12428 8959 5695 10786 8460 12699 12725 7683 10308 9891 127 751 11726 6467 1729 3930 19377 3731 10980 16113 1087 15492 12963 19841 15277 11902
6552 17619 7922 17358 855 16653 12418 11026 19232 4220 18128 15 6639 1361 5767 7647 9964 1701 3278 11556 871 8761 18213 4893 17239 18240
13390 16685 1967 19589 10838 4245 9087 17729 5415 9442 16793 8071 16931 9250 15502 6706 8080 1760 9919 14064 8295 2518 1673 11419 11724 8914
9550 10667 6158 16628 15382 10575 17225 13882 14138 12808 5260 1564 19772 4256 18122 4465 16785 2940 16374 1255 147 17079 12528 9408 6239 16546
7973 2001 7962 7471 6858 9529 10940 16942 3465 18017 18761 4160 4111 13942 995 19316 14504 12473 16282 6496 15229 12910 19760 15608 18688 13509
1664 14195 8828 1781 8202 802 12104 18828 724 17851 6170 3197 6372 3084 7213 15722 14565 7966 16903 3222 977 8640 5447 3393 5322 11795
7448 13021 10482 2145 2159 19628 11008 15578 15389 12584 16553 3622 13756 5211 16293 13132 10363 15101 1685 1494 16831 10447 14117 10506 39 18938
1565 16056 534 17097 9777 15481 13575 2251 13689 11985 14347 18819 10790 18935 1557 9920 17543 536 16226 12282 12466 19569 16669 14340 10128 19436
13270 17419 10979 2228 3965 6211 4889 3973 3626 19769 22 13119 9250 12011 15287 18454 14087 3839 1924 2785 17345 2443 13214 1026 6451 9023
10380 17384 6706 14584 2113 666 18946 13137 7368 16005 18703 13784 12793 1739 12360 10471 11786 19473 3499 17725 1559 9829 10557 569 7308 16092
7297 18884 2965 6679 4998 7729 3681 1136 15733 15065 1556 5600 16626 12089 16840 7116 13523 2479 4565 13878 3882 5840 17418 6429 13519 14855
11203 5208 8145 11218 532 733 8933 2315 3551 10944 3545 6905 7596 13248 19738 14313 10559 6644 7193 12351 19749 768 10219 6737 18 410
17811 1271 9723 8013 3703 17835 14731 2739 16641 7659 11141 8200 1560 9657 19706 4242 4667 6468 11220 6132 16769 9414 1817 11637 13282 12983
1710 4414 6880 1873 2662 15464 1124 3230 17177 12170 7317 18130 5111 5444 3159 10717 6321 9808 18345 6965 18401 4055 9182 17564 1474 18283
14052 11271 18576 1252 13316 6157 154 10038 15535 349 18101 872 8951 17815 19045 4966 8541 15430 6571 3177 1778 3964 19097 17042 1286 19243
14141 8630 18134 11634 7900 8013 8433 4595 14076 19547 13257 17550 7524 13609 12434 17598 15079 8363 6633 17796 11437 11565 3129 13812 8820 2324
13275 4328 11710 8708 14707 18235 1925 19547 15146 12868 4325 19086 4024 16034 4286 730 1859 13394 6114 4275 19252 17842 8981 2608 12025 17962
1180 19129 10020 8282 7417 11834 3880 14085 7726 802 14419 1270 13669 11407 3818 18929 19417 11815 7868 19646 10571 9021 11730 1351 9408 16801
17725 2359 4618 5921 1110 5736 5060 13499 19499 1044 16325 3303 13160 10643 15228 9689 15579 15818 13016 6683 8682 7716 16418 10710 16232 17628
12817 15885 16099 13117 14024 7349 9386 8603 17030 2351 19518 3745 324 3513 1780 818 10554 14722 17818 11667 4248 11078 10410 19868 8867 5208
323 11353 633 8843 11812 741 4775 17466 3438 16625 4048 12903 16995 11297 2268 2019 7974 2569 3642 4112 14038 11722 11354 18151 11938 10700
18171 7723 5026 14321 4508 15073 2076 12110 6603 7470 6877 12567 4732 5073 10720 3418 2111 19413 13397 10283 18248 17141 12255 8447 12248 15520
7102 13155 3056 18981 6925 8627 15168 13081 3989 5152 7983 3072 5328 236 3283 16230 19759 3099 16740 2453 11293 13428 12652 5447 5853 10142
11912 18043 8870 12772 12373 18574 17844 8585 16182 15613 16035 5995 13047 17512 3930 18505 7001 9992 6101 13477 3502 10810 11273 7082 5717 883
13261 18721 2107 3455 18799 8790 5559 15132 15471 16266 15385 16054 2031 10840 8228 421 14649 3454 1287 9973 11596 1733 17224 6141 283 14761
15587 12762 5754 3763 9024 10526 11212 15324 7683 10592 901 4546 8332 19505 6841 8151 14228 7963 3604 6726 5558 19665 11251 3662 14944 15178
7905 11029 17516 14843 943 8431 3174 8504 8071 6341 17448 2432 5767 3822 10085 11725 17515 8220 11418 9406 18152 5753 11445 5166 12117 2827
17601 2911 9061 5487 4808 12350 15269 6965 3566 3342 8900 5823 16914 1958 13814 4948 13874 5900 16229 7481 19452 110 5589 7465 14622 3352
13752 9975 7345 16416 4498 19117 18327 16865 1654 8306 18744 333 18533 530 2342 4127 18582 17487 15965 11045 5272 955 18673 15332 485 7434
5560 2082 18867 1234 4652 18971 8055 2567 6245 13569 482 12384 12662 15475 4201 15940 12443 4952 16836 19740 6662 7455 8718 5028 4393 768
16992 3442 5734 9917 7496 2330 14953 19393 89 142 11240 4082 3128 17118 4231 12917 17823 10113 1715 19598 15310 14618 10981 10973 8294 1695
6403 17433 9749 468 16145 12748 18047 14151 7101 4577 17824 16447 4630 14292 4273 242 6753 17526 19523 13857 18166 8100 9381 3338 11643 15841
1761 14691 6387 4072 9741 17156 5552 13237 3795 2454 10420 14505 10818 12908 13435 2427 2441 11281 19156 18169 3268 16216 2473 7006 13550 5159
62 5196 15093 480 11234 11701 15579 2157 4523 3431 13266 16405 13561 8534 122 1887 13030 16175 13119 17775 12951 8143 19768 12602 2626 15557
5577 1525 6691 436 10829 12262 16726 19520 6924 3193 16174 504 1936 11509 17437 11615 2360 2226 625 2512 14332 1934 19201 13458 9453 13779
5379 5595 14304 18552 10300 2279 10345 14056 15171 6356 13703 16194 13811 455 5879 6693 9141 19447 15852 14763 10885 4158 7330 6623 18925 8096
8462 14986 12397 16777 3423 7285 84 3222 6136 6354 7589 8276 8271 6784 4639 8537 717 18729 17962 12129 15750 10778 541 5115 271 7752
5130 6006 14992 1899 16612 11365 11166 7492 9657 9155 9433 7287 17256 16859 9360 15290 11945 16065 17162 10549 17831 19631 7974 4318 14782 827
12735 13741 11039 13166 2673 10970 3395 8045 10596 12335 15419 8918 12251 17112 13767 16356 3024 11645 14798 3111 551 17948 14892 476 1300 1749
13656 10288 7932 18662 14058 7403 6001 1150 15769 3473 345 7247 18306 3232 7126 3817 9860 3798 13401 19925 1393 5238 936 2320 16892 14460
4408 9506 18419 15811 5434 9611 13907 9860 10832 10953 19569 9130 16161 13977 4388 17024 4520 1303 12961 9317 8759 11192 1644 680 11616 11241
18834 6974 17916 8943 15767 10882 7522 12528 16566 3701 11510 3716 12295 8604 8970 13268 17064 5546 11541 7620 19616 15651 918 6880 9630 9365
13741 1613 15320 1538 1280 10915 15367 19953 10098 5049 5951 6107 6510 7477 11489 10215 15620 9691 4690 2560 8448 14808 3968 13806 4726 8457
3625 14092 6764 8821 4140 166 8439 5615 8325 17124 10233 10018 17535 10172 14222 15492 5225 8967 10587 10950 10362 3815 1658 14470 10338 14817
11584 11457 17094 15765 18408 14601 19398 13984 16185 1458 14029 17406 3521 5674 17770 12886 12110 16422 9900 19871 1851 15433 19398 16865 12187 1239
18583 15628 4244 18254 11812 5092 6372 9969 16935 16277 1530 8777 10218 18796 4048 1838 6430 90 7316 13523 15686 9297 3822 8579 2883 3702
16231 12213 10877 7521 1535 13097 3638 6768 12776 16716 17208 947 6089 8698 1828 6793 17868 3877 6035 13054 11781 5025 17542 16338 19532 1287
19424 4837 250 1512 13308 2921 11307 5425 5176 13830 13670 406 7667 8705 6390 10316 15613 15231 12382 374 4113 14627 12553 4825 10662 7208
11199 19395 11561 3689 13876 9716 9460 6135 12941 13669 10484 11986 17725 16066 4328 11928 16570 298 5867 14771 13371 14298 1927 6809 17473 4517
5190 1847 2637 13851 1609 19208 13369 5751 18447 1703 10426 11843 12802 12339 2881 11100 2350 19316 1334 17477 7288 5870 6914 4732 1736 9190
17374 14804 19696 577 18445 4317 19407 5419 14061 17090 19321 12470 19727 2927 4836 13638 18974 16661 7409 13651 14851 8156 10778 6363 19178 17825
18092 11293 12570 9874 14688 2552 2837 2892 13050 18977 19845 14383 6385 16367 19050 3066 1991 16950 13222 2378 4311 12470 11300 18425 18543 12961
13931 4921 10757 2519 2357 3431 17664 12033 7014 6607 14656 16546 17206 8146 9831 5767 13331 15226 18598 10439 13271 3329 2769 6995 14660 12572
3417 11662 15770 9606 16859 19883 949 10945 19396 16542 13099 8164 14315 5382 8953 4680 1164 10564 17811 11111 8659 90 17928 9615 17226 11332
13003 13123 7037 18905 15423 11921 2527 15872 4797 5404 19141 655 6963 5091 3484 561 15855 18205 8771 243 5231 14129 4995 15376 5649 10991
10762 1417 3453 1596 7453 5629 13792 10954 9948 3612 5720 5726 7542 1428 8471 5345 6347 9560 11173 4337 13637 931 15672 9331 9583 19536
12016 5300 1230 1715 18406 1150 6736 7244 5522 16194 6968 17689 2917 13786 16932 4270 18468 10280 19796 18502 3880 17427 254 12100 3608 10283
6978 3949 9997 6510 13663 12545 19920 3818 15670 12131 14842 7645 17570 15893 8989 2399 1065 3950 1702 4805 253 12135 5271 14228 4255 3296
7992 8455 6704 19248 525 7401 19806 5056 2111 12705 9730 14792 16513 16605 17995 6001 18012 9618 6364 14895 19422 9643 17262 18726 19166 9374
5590 18952 202 9460 5658 17290 12828 3027 12652 9017 7443 17133 16983 2850 7377 8488 5515 10392 8826 17944 9615 14103 5378 5300 13562 1455
17168 1477 19828 9892 9420 14117 14095 8963 6935 8397 12694 15734 4233 8406 1103 11665 6346 15004 5314 1745 14870 2703 12257 6099 6437 8658
12502 5967 2158 12758 1646 11776 3635 3543 9388 17075 17740 7264 16401 3513 8824 2547 12087 4776 3488 6578 9998 14206 9741 7237 3571 8389
15372 10529 18321 3840 19107 10376 5556 7827 14187 15231 11116 6989 4 15172 13526 9762 2285 14916 8419 10641 17676 5508 19629 5981 2967 4051
14066 3024 4880 1505 3999 3335 7102 8760 6324 12198 17460 5462 5542 14037 8346 2626 4239 18221 5339 13490 19734 16715 10757 9554 734 9499
6398 1518 4179 2871 8433 15294 10545 4770 17076 1331 1705 10 17396 5298 9945 15595 5568 4020 7520 10895 2965 16790 18448 18034 8792 8321
17374 14678 18550 8590 7598 13175 4508 14288 12019 5444 9259 415 15573 15369 4781 3287 13537 10292 13938 12075 5405 16602 19256 6781 10045 13759
13101 5198 10392 2411 8332 5484 8873 1453 8546 7345 14142 17362 5909 10108 10382 6454 12486 911 19154 15712 118 5325 1819 7020 10310 19967
3256 10475 9416 6411 13354 5149 17055 1064 8201 15574 8274 1440 6326 8368 12374 2551 19253 19046 11747 8548 11076 3077 4652 7026 17286 18549
5019 19129 11390 13233 3978 14691 7340 8901 19944 17927 8723 14233 13012 16076 17253 6994 19509 15988 14326 9734 10954 14868 306 19292 4044 12445
748 2449 17940 14917 14446 1298 3596 1432 11377 12937 3978 18564 9633 16195 7723 15937 10699 4598 12893 683 14800 10276 10476 15238 10279 8982
17060 11583 2921 11362 6892 7112 10279 7222 19012 5059 204 15166 18366 614 10200 900 10466 12523 19486 14803 6678 12618 13307 5012 4275 967
13336 17669 5046 5980 12790 15679 8425 15922 10444 3019 1326 8142 13626 14576 2166 15525 4143 16498 15575 19937 5723 11975 6150 13536 16975 18905
1648 16915 3841 2124 5854 13205 4273 19781 15558 16596 11841 4201 11136 11296 9117 15533 3027 6728 16924 7665 7272 11714 5874 8821 1313 15603
10499 2112 12603 5310 18016 9041 7155 15508 18618 17275 2504 10549 7829 14525 5582 3913 4122 9976 5346 3772 15771 14960 5312 6044 11695 6631
12673 12815 15384 9750 6298 6785 3850 12864 19791 18886 9803 485 5446 17614 2403 12345 14363 10431 1227 5933 95 12990 8789 6109 15513 3450
3451 15730 12318 4690 3976 13999 8602 2775 15933 8360 16941 13986 2321 4214 14810 18220 13284 18114 8053 743 14256 6818 7717 16811 16686 4730
6982 1733 3804 462 16140 3343 17946 2709 9008 9028 1756 1238 7043 3381 6520 11231 12268 12002 994 6864 13987 18154 7893 4460 5937 18630
15849 3939 15706 12154 16378 1801 17973 8913 10506 15338 4134 15842 10476 137 11708 5487 1622 13368 2667 17942 1125 14078 7979 13125 6425 4627
10194 7671 41 16742 3248 2416 2725 1696 15510 1148 16022 17619 12046 4496 7915 9111 18000 5544 677 15034 7437 19907 13128 2820 19801 110
7423 19077 12364 1891 12467 9387 5942 2457 12880 12323 308 15820 9009 10351 15667 19756 9910 10677 9788 2692 7319 17112 10916 11263 15817 6226
14324 10596 3439 16832 15781 9087 1027 15488 5502 3543 3118 6330 19922 12727 19750 15473 10551 10835 199 13838 19635 16034 7775 4616 11424 6351
1286 2064 6186 13040 5374 2892 6385 14533 10607 1674 928 980 17699 18852 791 19491 19798 2709 3821 12445 14938 7603 764 17829 7740 10028
1395 14132 13923 9460 3637 11823 463 4860 16790 7448 18814 19244 12788 10600 15977 9959 11171 7520 1795 17801 12307 8260 19730 2927 8666 12177
18896 10358 8612 16457 1583 7620 14856 3601 10599 4960 3574 13698 13401 7529 1639 9876 19427 5631 3146 16585 19967 14577 2343 6177 17659 12724
3352 18951 14321 9775 1983 9378 16013 18433 12688 8447 15574 15419 2020 4532 17067 10610 8231 11169 9958 12626 2417 9532 15085 16516 8144 5273
18688 17560 7788 4920 2972 18853 3044 4873 1965 5895 12907 16085 10263 2372 14681 2862 4657 5278 5657 11975 1885 7596 17382 6445 16494 5131
9999 1035 18886 1991 2542 8136 19132 3928 8524 17728 260 5405 19346 19963 16549 6783 3285 5243 15067 18377 17693 2413 1159 2486 1852 10251
17696 194 5527 15916 15094 179 16295 598 6223 18950 6930 16742 9263 11807 3741 17771 7603 16541 19313 5476 4925 11427 11571 16345 12661 3053
1027 2362 6803 2683 839 9367 12186 4782 11232 8577 13103 17310 1963 10635 14904 5433 3727 15208 8595 17857 12712 13772 12193 4203 6207 14364
17112 15098 2083 15199 15488 15951 11118 17736 5763 4361 15006 10700 1696 18406 19864 1712 14177 1142 15271 7315 9532 2137 6522 4906 16765 16742
18552 4623 12751 15877 18569 18621 19863 13387 19158 2685 6021 8894 3624 3683 4313 4656 9006 13387 18106 14579 17214 18953 18959 14769 16388 10751
8175 13766 9901 17996 16247 3420 13739 16126 13718 13538 9253 13973 6740 3802 6489 8489 10453 502 8304 2663 6724 16818 13842 6069 4873 8166
8514 7227 16510 5047 3583 10234 3495 6225 16397 14057 15470 17774 11904 15127 4221 14513 13438 17780 18210 2113 12805 19245 13114 13942 10387 15200
7438 15133 2330 10437 9884 13227 9507 16271 2146 3165 14636 10155 3003 3329 8628 5760 2804 16733 11393 9973 6598 17647 4345 8224 1673 6621
11117 11500 18506 14866 7377 9753 8905 7492 11173 19979 12072 3301 11741 2535 4590 11848 15915 1679 186 16710 19071 7133 9472 13614 7852 13006
10183 12103 9155 10183 15626 3460 12620 15284 10079 3232 2996 15273 5649 12849 11787 3902 6929 5032 4876 11628 18872 194 4630 9832 5977 6261
8574 15750 716 13931 15237 19042 14064 7261 19174 7552 13308 15116 10888 16991 3896 8920 14517 1605 19571 5319 14961 12616 4263 9727 9244 7678
19290 15361 15206 5936 10489 17554 11890 16341 8474 6478 8650 17514 1975 4359 9175 18376 17387 9784 12500 6965 4214 10209 9228 4164 6577 12020
11064 8572 15699 3834 2653 1541 17813 5564 8004 13300 10861 13049 2992 9612 11089 701 4517 7164 10829 19029 18229 14427 8719 16140 2209 18673
9614 17152 10957 13575 15289 11069 5763 1674 1400 17572 10025 13032 11075 5336 15841 2426 5403 1550 13437 6562 15128 12221 874 3644 19150 549
3887 17906 7803 11438 17150 1501 10141 10557 14833 7847 2017 13453 12028 15677 7581 10159 9825 4332 17317 7265 15565 14725 4729 7569 11636 14742
2432 5800 6353 9037 8689 6267 10052 16230 1420 16433 12178 8334 5067 5254 19605 13775 14699 25 14013 6614 10286 14377 17369 13318 3233 4417
5654 3084 3684 7345 18142 7144 19951 311 18673 19723 895 7649 10173 16291 15364 7034 10692 11886 19150 13364 12784 6013 7110 756 10641 3779
9937 5704 11446 3295 18854 4760 5382 5408 15826 14000 13980 5515 14440 6669 8358 5003 3523 14424 9551 8845 2725 9068 5252 10720 10648 19095
12978 15236 10076 14338 978 15341 18151 8057 5040 1444 15540 19672 1899 293 13864 2749 7597 17024 6793 9722 19161 18145 2429 11659 1026 7913
9812 12127 7091 7612 4297 16042 4877 11248 18549 16079 12365 3009 6824 5099 3723 5078 15905 5985 5019 9221 5893 10455 5070 6666 12501 14848
5851 5938 9347 19492 8531 15147 8728 11221 16810 11058 16855 18502 7315 4481 18694 12639 10993 12224 17759 18635 8124 7187 11314 16845 14325 4083
903 13914 6432 13644 5067 12423 16084 2492 19601 18025 389 11622 11197 18611 8902 4948 4528 18901 13294 1998 1210 16269 6475 1564 4998 2096
12008 5566 10099 18392 18814 765 12554 5019 1071 7897 14061 1689 519 7085 5285 3069 9540 13503 3532 12293 9700 2556 6821 9982 6501 18196
11577 945 5628 11476 916 8108 183 14778 9 15542 14155 16651 10765 15810 12227 7577 3529 19783 11709 5715 3781 8580 7811 1464 6333 4687
4020 13103 13839 1594 14392 7239 4474 4190 17229 2825 3761 13851 11108 18183 954 6336 18181 5887 4528 5213 12004 9778 19244 1432 13736 9558
218 17961 5303 17477 11133 8578 3816 12346 5330 14639 3424 7386 17958 4542 8940 9066 16983 13332 1511 6420 6032 686 18452 17482 17784 14283
6292 15580 6222 7736 19313 18643 15372 11351 6158 3388 6151 6459 18751 3483 16104 5038 12587 1527 19778 18007 7728 10146 10711 8666 2561 19493
15580 3868 12948 19876 16812 16848 15793 11729 298 19770 12427 6383 1407 6157 6919 14064 17838 18416 3894 12839 5570 8098 16147 6836 771 523
10854 3724 11598 10355 2930 10270 15910 6158 5849 15049 9538 2915 8608 11780 19518 19744 9914 15527 17730 4578 13885 2053 8756 16588 11601 11922
16514 347 6420 15006 11718 10172 13314 7181 14295 1848 12676 2640 9761 15953 4094 11903 12427 1669 11474 2827 7896 653 5603 6557 15009 2012
10211 9047 8088 14000 11504 1861 17757 12903 18282 10797 6602 13707 13718 3793 1731 15827 14348 16986 5773 16896 14813 14501 3691 6764 17914 10581
17786 7669 9916 6583 17386 11744 4299 1217 3224 12664 9241 14118 6263 4608 6810 3889 17334 19013 9644 9773 600 16053 13587 14483 817 3329
19491 11201 4589 10584 9804 4039 7794 6823 9627 8448 18633 18328 11237 12292 12704 11048 16490 7692 2953 2165 16875 10716 7527 12755 6336 6971
19640 7484 11258 6066 17882 11813 12924 7669 3494 19947 4248 18214 18430 12525 10453 2260 14356 7067 9181 14313 9824 12758 18398 3770 2042 8681
11785 14894 15469 6973 5590 1087 15924 5959 10232 16864 16445 17433 5691 8817 15756 11949 5824 13141 6293 9140 4942 13980 16864 14707 6255 18258
15133 19869 16173 14037 14300 1039 12068 198 4737 6163 6987 1956 14805 8824 4287 19800 14152 13806 2384 7291 3287 9769 6746 14536 17538 13010
18577 17274 11147 17272 15747 19729 2390 13542 6464 17686 16118 18996 5644 12364 8031 18592 17612 6282 2583 843 4680 14099 16499 8270 3671 15221
2684 7076 6173 5646 3654 12580 3361 6936 18409 18097 33 14300 13476 16320 14091 6946 12376 10832 17365 11979 7207 18028 15847 9531 3333 1326
18 14750 17843 15544 11004 13904 218 12082 905 1017 19994 934 11872 9167 3836 19648 7999 5470 4320 14893 10239 19089 16405 14102 13059 4202
8291 9025 11239 11446 18995 14468 7515 14094 6382 154 17475 1692 9346 15956 17619 6308 4927 18267 6993 477 2121 3973 17238 17073 17 11739
6455 392 2037 19545 12092 6489 10973 7484 13402 19673 15942 2795 790 3195 7619 3925 1549 19868 11072 710 16763 10521 15931 9197 16937 11040
4032 10992 16855 3111 18814 13227 14034 10159 14142 18283 12436 2388 8932 7067 11601 11918 1547 6875 9681 4366 7601 14481 2983 3515 18108 1536
12516 5922 5983 16888 3108 15164 4695 11550 12522 8943 7868 15138 18830 11086 18949 5084 512 15661 8088 12383 7625 3102 9243 19253 18967 17424
4901 1282 7490 18578 2051 16528 9567 11023 10496 18896 805 11291 8344 7199 8203 10412 16830 12540 15065 11676 312 16396 3272 16229 11831 16475
13397 1975 11988 15207 13776 5761 19872 14025 10427 11163 10263 18704 1900 7822 19984 13382 958 10419 1136 13836 13751 6477 8600 10170 13136 7642
7076 3373 8868 6100 10839 11005 1468 19103 5229 13597 14263 7782 16428 13533 6558 9558 11132 15119 12551 17406 3792 2617 5041 7076 622 13522
19651 17870 12167 13708 13279 392 12719 16043 10824 5900 11806 8304 1422 5000 8723 10613 347 173 14891 13399 10247 10107 5151 2018 14345 15050
1016 5635 13167 11562 7522 2307 14004 16020 16952 2453 2440 1196 286 19588 13771 10978 2309 2155 14336 16013 9112 11657 10078 2511 6026 15522
16753 10108 5814 13329 5764 15319 10788 2602 19094 16163 13183 3397 18451 4100 17489 8628 15619 2374 17331 2327 9789 13036 5243 11759 15083 4280
1455 2635 1061 467 19697 9984 7471 17209 731 377 3222 3552 16828 7958 10831 16102 9345 2176 11959 1000 14199 17745 5974 13637 7882 12559
360 10390 10465 19473 13603 5513 7062 17423 5974 18818 19001 13163 10328 13459 15110 7572 3188 1376 12431 19781 7627 2109 2346 9647 15144 3527
9025 3812 15063 19520 12344 5292 2703 12669 469 12812 2109 8278 2749 308 1351 10799 4323 7110 12124 8665 2331 3357 19452 6301 11700 6478
17050 2313 7442 16186 7483 12101 19861 15132 6754 13484 17924 16127 7507 18217 4900 15708 62 15739 6463 1211 15043 8984 9055 17277 19111 3694
4107 19854 7318 14743 2972 13793 5293 4361 2130 11433 18495 9008 9065 17590 7119 16013 16318 19422 2366 14161 4561 14928 5928 10380 7376 11347
3181 19945 8847 17349 5390 4595 1255 14660 7209 15477 7395 8687 627 6954 9731 11950 16459 5115 10533 14210 14580 16949 1304 8184 12372 12781
12221 1025 16602 8754 6495 14636 1038 7517 4706 3681 17941 11352 11579 4417 14864 7867 19894 9823 1222 19308 19962 15858 8522 17263 17866 12531
8730 1575 8889 10927 388 3781 6921 13541 15466 17214 10291 17768 14774 13591 8333 16169 9600 5449 14654 9175 500 9141 13221 19694 9184 13791
19764 5326 19464 5113 15653 14700 19374 17779 3767 3763 15491 15447 4459 16059 16042 10721 19698 17369 17557 9730 13986 17753 3077 17921 6628 9986
10507 5579 5963 12649 5090 2820 12048 4728 14085 9308 13723 1980 3255 10713 9389 7863 15358 5759 14908 19162 538 1882 10284 15438 13502 1530
8516 9909 745 14498 4325 11011 18724 19726 18148 11088 2252 12269 7250 15822 14047 15600 11901 11657 13705 18369 4320 6303 134 13612 8332 10739
19583 15770 11318 16834 19918 11183 8858 14009 3999 8011 5834 11205 9247 4145 16873 9557 8004 11221 17243 1923 15211 6166 17902 17452 1383 288
7588 6273 2660 19871 11734 19822 9751 7273 18629 12852 9449 18238 16406 9151 5159 6180 6973 9611 2904 4288 8075 9053 14393 2581 6638 18996
1617 19925 13908 3905 7568 3481 460 5027 14158 7122 3960 12067 16414 13937 12232 16330 17582 8640 8454 17498 3953 8047 541 12437 19118 1987
5555 11868 15832 16409 7118 17443 7613 14332 15277 5832 7243 18998 7103 4494 10820 18932 13700 7339 17093 8705 2385 5523 14064 8961 14210 9877
10872 11756 12440 4240 14590 10265 19639 16665 15233 5171 19560 8413 18739 5161 8518 14869 3916 19685 9441 490 6453 19233 19003 15391 10456 5971
2436 7673 6746 152 9814 703 3766 2647 9401 1559 11186 12474 1462 10939 3776 13560 3305 8275 19817 8213 17299 3742 6273 1789 3548 19675
15448 8599 19888 3417 13220 3264 19718 18100 15344 11485 691 4647 14511 1649 18251 4201 13357 14522 16850 11865 4551 11621 9739 13144 19291 14772
19454 12711 17934 13356 176 19773 6508 5016 14401 11114 15284 19129 11034 19665 10165 6443 4007 2645 16469 1788 12198 18362 13648 18539 16663 14236
17193 10903 7344 14187 16848 9578 19141 3407 11922 2198 8477 9620 8426 15620 11478 6816 2319 6041 13309 10129 14331 13573 12949 5547 6800 19556
18653 1830 4946 3976 12291 7503 10574 6455 7995 18249 15959 15252 1438 1266 5514 7746 10366 12227 12762 12009 9108 6024 5340 2199 16138 11868
11370 2559 18406 7303 8981 7736 19173 18885 19250 19169 13958 8759 5628 15737 10938 7216 19599 15269 6562 16933 15458 15104 15385 18786 7775 4290
16769 3092 10907 1299 10655 2162 636 9951 773 12508 17272 19391 4959 243 5634 13640 78 14936 9797 7241 15889 2626 17637 2849 18189 12431
11245 2054 16763 1460 9695 4940 9417 18250 3985 2667 12794 10417 8553 5763 2356 8423 1643 13591 495 12969 7451 336 9774 2073 19961 19547
7617 11384 19272 7168 13106 16006 395 18629 3189 3192 18402 2457 19531 11462 8204 19282 2863 15397 3912 16380 9832 16517 15923 15373 14397 4698
8583 5435 181 10810 758 5194 1577 9608 15709 9572 10195 2714 7847 11353 12386 10723 2807 8061 14576 14148 6464 7072 4281 5987 2160 16761
12222 386 8305 3299 8514 1302 6299 13937 11265 10722 5149 18914 2063 14077 12061 14790 2080 2757 18121 462 12857 2694 12575 9251 13916 9153
13548 17229 9787 14721 14962 17011 9777 11336 2519 4822 4767 12623 2553 12990 11661 4928 1634 8910 10801 6613 16220 12929 17947 11822 547 9822
16602 719 6925 15563 8688 18304 12823 8024 16044 7020 1181 13412 19881 4760 8202 10597 8315 3157 2522 5669 14200 2755 2728 1997 7250 3110
9282 13659 19707 18194 5666 7989 2537 9701 10820 5640 18382 2775 14765 9135 1269 1980 15598 2644 15828 18286 15390 13700 3462 17676 2662 14065
15536 4129 7337 10843 6238 5088 6936 19938 10268 9751 7095 1196 10 16078 7307 3663 2715 17804 11797 3574 5502 13257 3335 16144 9575 8873
8327 16264 5953 7684 1292 1555 3067 9748 17042 15373 7013 16576 15519 19394 13200 13638 896 8201 15845 6891 16357 2247 12945 19613 17417 18864
12777 16254 5584 16728 6037 4390 1043 16128 17109 12157 9147 9408 12011 12124 12185 7437 9108 13963 18233 8492 2067 7923 18985 15997 3942 942
15482 8056 15252 13487 11807 18354 13930 10234 15954 1692 4046 10233 7127 12423 15409 17407 11638 7868 17047 6744 11298 11201 6609 1348 19661 2450
11272 7472 4349 11300 9195 11250 10283 4489 17571 2838 16425 19489 19695 11145 17891 3526 12194 5142 18128 13578 5019 7944 7489 5525 16061 5658
811 2592 15002 5422 9399 12480 15101 1169 15610 8639 18967 16050 6466 13029 19665 14937 3811 9044 6878 3675 1181 14925 17166 19014 14580 4829
9349 10916 17059 18974 10351 9086 7507 6589 327 8452 11206 7466 5162 9039 18281 517 12648 1953 4825 5773 4314 1759 2060 15991 14280 12640
9611 12384 13756 2551 12849 11711 14265 7095 18678 186 8912 2480 4019 14568 10682 2517 2440 18455 1731 11846 7145 14029 4829 2066 377 8052
17739 1935 1467 5234 15736 6384 14256 11918 13266 10418 16843 5913 18227 18368 7224 12871 3314 1767 8768 8094 18752 3967 2059 1408 12273 8604
10550 9969 4526 2183 9915 3517 14194 9259 7172 14548 4648 3216 17924 17740 15243 4777 19788 4109 5839 17199 1103 5555 954 10996 13825 12928
12359 2701 1030 9278 13852 286 10134 5588 5665 15374 12451 7211 6685 1482 12313 12661 2446 13738 8347 14333 10444 1032 3191 7146 603 17369
14101 18623 2075 3715 19571 8692 1794 10596 13933 19834 8309 13986 3737 8533 19519 10039 1501 3314 8583 19469 19530 12162 18494 19200 1991 3550
16877 2585 7053 11762 13807 1736 10544 17576 9195 686 11004 11002 5006 246 4077 9746 17343 9245 15071 7854 18124 13737 9766 5116 15904 4647
6858 16637 12469 18912 14857 7339 5807 18091 16948 19732 2474 14267 4366 13087 5819 3727 6492 19205 11237 8605 3869 588 17058 14947 6180 4967
6696 3327 7349 3813 12304 6993 8729 15391 14667 17502 10535 3719 4574 12927 5526 5605 6300 17288 11120 18366 11414 18913 15621 12494 369 14566
487 1490 713 3765 16698 4955 11879 6785 3384 17032 10753 3530 19450 4282 17105 8011 6609 14453 15143 2893 8517 4170 8638 15301 13889 6587
12548 9749 14523 10035 3084 14255 922 19481 14137 16656 1887 245 8531 14065 14315 19633 2884 7755 6051 13783 12563 16908 5266 11513 13404 10859
4226 16392 3606 13427 13040 16200 12853 5110 6674 7917 11243 12382 10565 7002 16437 5963 4080 16347 15313 3594 17162 19829 12507 7665 10567 2124
13397 7969 8768 3241 14942 1443 2031 1664 17365 16431 2715 11813 11748 7605 19956 1843 16938 14220 6928 16057 1649 12581 2427 15938 3342 14746
9110 14246 9365 7461 14187 14061 4495 8417 8456 16077 7244 7576 10865 18054 16943 13239 16570 7915 8272 18211 18786 19564 6806 5279 8259 15200
6777 2251 9077 17857 4304 12693 6814 16070 8340 8329 8920 13329 5619 11586 8847 9802 11861 10561 13209 13108 14926 19100 17217 12589 4116 7615
1576 749 23 8693 6461 19171 1650 8768 15082 15904 11717 5549 19753 3874 12902 1093 4710 3034 10579 14560 11141 4905 10018 19540 9963 11413
3044 15887 1567 4725 15119 2884 10313 18130 10918 13338 15107 3508 10230 3983 120 16922 4185 9196 18680 4403 910 8226 7823 17834 16647 7273
11290 1363 12427 8865 19093 768 5048 9697 6445 9219 19773 16412 9178 19810 17759 11062 19840 16052 9394 8402 17161 11158 15924 10974 9573 2902
17235 1066 15095 19421 143 13102 9175 4353 9126 11736 19095 1161 43 4907 19153 8244 3445 11939 12577 11386 18569 15903 8043 16440 4414 12557
16302 18583 4486 19661 645 2934 19813 16313 18249 12290 13232 9412 1829 13779 1835 18749 17859 18710 9868 5570 15844 7028 6422 9503 13394 9500
15754 9190 1439 3386 8687 13911 14200 19372 8506 19618 12272 1887 15507 11133 7892 15689 12495 12558 12597 1990 8397 14283 3017 14606 1447 2230
7125 6935 6228 10512 577 11321 14717 631 4896 8085 14910 609 4469 6554 2735 10032 16159 2466 932 4769 7634 3242 8222 15646 4063 3627
8172 5929 8660 4801 8617 8295 9984 6587 10829 7965 5931 15533 10502 18063 4277 2148 1731 14247 15179 3103 8135 3978 12297 11214 9502 9060
13480 19505 14610 17592 7238 12412 5093 13399 5856 1703 14608 4018 12253 7469 7875 18706 5259 17711 12419 16184 18608 10694 15069 18374 11650 11491
7769 14371 12019 9228 7351 7865 18048 9500 17259 12890 15118 12837 7244 11269 3438 3678 11037 19433 1767 4138 13129 8678 11395 3703 11782 14740
13382 11053 12381 9862 1514 17514 17028 15769 24 12280 12076 17008 14697 3164 10503 17689 16025 18283 12226 16761 14392 5243 10254 1051 18921 15241
16665 4128 17804 6018 11436 8104 8252 16347 13827 6120 19198 2366 3626 14800 16424 4744 11578 7844 6767 5516 16314 18430 10590 6650 19132 12675
17301 11667 7514 18538 14401 5084 11551 17545 11493 114 15746 16478 16039 19914 14262 7401 10180 554 1370 7426 12088 13823 2307 2042 13459 15269
19632 18042 18954 13378 11137 10867 9918 18667 5166 16199 10010 16144 4974 14192 15433 2000 7014 5477 5705 10155 186 16285 16881 8935 14420 366
4956 14477 19884 546 15943 3117 12631 15233 2540 3109 12346 13878 6792 3317 17712 16758 17581 11057 18968 11434 9333 13876 17223 13717 10944 2228
10376 10192 6525 17113 16867 1123 4445 328 3300 9373 12768 2835 505 14760 3197 1545 11318 17939 1746 4895 8950 18467 15405 788 5286 7088
8445 13028 4682 2231 12734 18656 7384 17103 4776 14435 18893 293 3396 1329 19559 4944 1049 8568 4829 10825 3630 1954 2021 809 14459 3955
12018 16724 12513 10268 2636 18312 14342 12034 19870 6676 6837 1771 9915 15787 8058 10298 11571 11619 2857 14370 9792 5681 6895 2175 17586 13935
7785 10041 4205 2741 14550 18087 13220 8029 16318 18506 2374 1946 9113 4686 1485 2679 6963 17280 4190 14500 1483 2359 15581 1328 10554 8018
9904 6159 5610 2315 9185 18884 3771 3432 1182 19972 16596 8687 3681 16316 15932 15538 3564 18714 15091 17408 19686 7603 12840 14515 7622 18903
6 18859 15513 8205 14293 15502 10725 253 17640 600 13356 1393 12597 9100 11993 3003 3124 12206 871 2920 6952 12121 17479 6707 7019 1842
3700 17781 808 10126 3123 14393 10510 17681 16738 6685 7102 14073 12351 6669 10469 10317 17047 9197 15138 5222 12363 19665 4729 2157 2912 5629
12096 5518 12676 8569 518 13934 10552 2954 15282 18876 11691 13571 18104 6303 13638 7748 6824 9998 9495 18288 4028 9528 2382 9211 3677 6821
4798 13538 13303 7355 10717 13554 14048 15142 9610 14290 7515 6587 5010 9937 17263 5506 1116 12506 15708 12543 5063 17356 253 12378 7214 2782
4343 11298 4126 55 12947 2113 19844 13158 11785 17181 920 18634 1454 10410 19983 11279 4641 13598 19723 17644 962 6258 6962 4116 11110 18960
9404 9209 9901 16936 10061 4399 9308 2625 10989 10530 6097 6597 2218 3881 5873 12615 1063 5654 12254 12807 15110 12343 1457 4947 19092 3898
3063 10486 9738 6585 936 14724 1662 19885 17894 13351 1480 19262 9665 12111 11252 3847 4199 395 17290 16917 8623 18985 8776 6663 19622 14084
15702 5103 3249 11031 15851 5182 2840 6752 3023 17221 18909 3114 15798 7435 16507 4024 15131 19711 2225 17295 8213 6476 1735 7796 17164 1059
10587 9903 6977 3515 12829 3544 187 10735 917 18544 2024 8034 7289 12232 16640 13434 12830 17575 7425 10058 7807 10374 7656 14249 9246 1332
16447 1472 5932 12539 4265 19038 12868 1323 11446 15424 6992 5723 19381 4549 15776 11991 7116 15205 7963 3022 14626 9317 2220 14122 1620 3175
6096 3283 341 6855 3473 10804 19618 4048 1727 12098 10911 5477 8934 8307 6213 16739 13297 10379 9089 11737 1062 14494 10675 6259 5934 5436
10173 11008 16478 17199 12548 13183 8895 19965 3805 1621 10977 204 11144 8477 8410 2370 5126 8438 8032 12564 18838 16138 813 14063 5632 13185
19551 6550 17199 17254 8214 3694 13727 12964 18805 18673 8182 3026 3993 8405 3704 12371 11472 10421 2761 9858 19878 17638 10261 3854 12432 6658
8428 12264 6654 4073 6791 19595 16390 9432 3147 10430 18403 9212 171 9072 11044 13551 1998 7810 16800 4490 4802 16894 12656 2633 13924 12663
3984 4055 12073 18282 16668 9419 4781 11318 19083 8528 4708 10544 11746 18718 18180 17616 19776 17403 13604 3903 11321 13686 1326 16755 9590 12251
17381 1452 16184 13677 18087 3955 6284 3682 13141 15490 4227 14454 12021 51 2303 5031 10805 17312 15461 2076 267 1328 10206 16006 695 14307
7089 13082 6962 18403 16740 1007 8256 18646 10969 19394 4970 12641 16303 9668 9635 9333 18791 15934 17767 8035 19675 6101 5377 3733 11672 19122
2303 1317 2558 11258 5847 9346 595 10972 18191 16941 1283 17083 1214 9620 8147 9042 3800 6112 3898 1644 6144 18978 717 17616 2365 6304
2175 16366 18065 1701 19503 19907 991 5924 16567 9489 13848 8804 16599 18923 1101 6785 17876 16420 504 16176 19001 7723 9110 16951 6740 15273
8744 13971 5322 2088 9940 7201 15887 13109 19432 11557 18253 16678 15079 13785 18974 7093 8469 13171 8730 10986 14771 7684 6507 5572 18802 16386
3713 15261 17715 15841 16355 6582 3069 14563 13192 9851 4077 13921 1974 11024 12409 8145 12053 9458 4876 1878 15218 9195 10060 12724 5397 6093
14627 17150 6946 11633 3067 2806 11850 1699 11352 3998 10565 11769 17473 13640 185 8841 12744 3158 8988 17570 13648 14479 1795 5904 11920 13280
242 9406 9771 9208 14432 5384 3517 11944 11800 8294 12609 4457 6869 9560 6146 835 4228 2557 7423 18974 6169 7466 16735 1915 14853 2671
7165 3308 16417 4640 10981 16913 15994 5445 12907 19012 2824 15979 920 3018 5266 4386 12189 8974 5296 7631 1768 14180 15184 2220 13408 6457
11776 957 8337 14972 9713 17951 12384 6439 17200 10764 8364 3544 17376 2292 13337 1938 3813 18928 8433 6596 6706 18878 12129 11979 7043 18778
14986 150 9435 192 2805 17862 14953 8015 17576 15516 7651 17181 11407 1911 19791 8016 17381 4092 12308 8105 9542 9981 11568 15483 5588 13286
9449 15882 13065 11475 19886 18481 16493 1443 18153 8907 25 4486 6842 18175 15290 19383 5974 441 19543 11127 1271 16714 5877 5983 18487 13798
