365
59 65 94 2 100 96 23 46 59 39 65 75 33 27 89 76 8 14 11 16 60 62 6 83 3 82
9618 8692 6381 2159 5196 16325 17576 9804 14680 4947 10964 2931 18045 2165 19204 12834 11162 9420 89 17166 17445 18749 2698 8021 3790 11343
17501 12239 15380 19746 2337 16178 16847 8444 454 13910 6435 11668 17644 8796 3170 2086 13699 10734 1479 4233 9428 11573 6864 10437 5847 15672
17607 11419 10716 19371 2393 17930 19684 18304 7895 4120 6171 19513 13524 17755 7710 11112 19340 3946 9147 18591 1981 12887 14669 11081 14957 590
9988 18733 19172 17799 12354 19484 12646 10191 10724 10263 6089 2402 12812 8994 16152 14588 4062 12773 2585 16283 14541 9604 18575 5568 8098 13995
3688 4048 5015 97 8080 17353 5383 9915 18104 4516 658 18479 3088 2526 724 15682 14244 13717 14240 11011 11342 16316 15352 1209 13933 18939
13622 18412 4754 17306 11596 7404 14390 8297 1901 5877 7070 5433 11785 926 13365 19645 19795 6441 4033 1907 13416 19349 7561 14066 4599 10837
17932 7081 14852 15681 8726 6399 19594 9966 12281 10849 6236 2977 1080 6612 6790 7502 3426 12119 16294 8207 15693 5285 7053 2581 3721 3224
3667 18041 15876 6046 9594 1780 7208 9789 16688 5056 3784 5376 16707 9133 582 11928 6251 17681 4826 13766 5951 18388 3636 1121 8827 8644
13242 8076 164 7038 3650 14327 9439 6920 18376 8277 14135 5224 9057 3214 18630 2646 11969 14529 7404 8404 16677 13073 17064 15388 470 15618
11529 9967 12595 16365 4971 7193 10558 8327 16789 19323 5503 18148 19260 8334 5669 5100 5031 18824 8218 8794 587 10059 14391 1034 10789 7145
12297 15813 19843 18700 2847 14723 13860 11523 8433 1695 1819 15514 807 10615 9066 2970 4715 11515 6771 102 17143 6916 4785 4201 5004 6454
9728 4938 6613 9072 7718 3563 18502 4750 8180 1630 6381 12386 1312 18271 4526 2367 16678 6527 4732 5588 11264 8264 16350 14752 18030 7426
17762 7284 4668 16819 5571 1825 4180 15511 13610 16980 2596 1019 10737 8437 17902 13949 11384 8103 19296 9756 19923 12993 7638 7158 9586 13477
2936 7418 1506 8773 13687 13024 11509 19801 10171 4373 6951 78 2305 5189 1463 15981 1047 6976 493 7422 12759 10540 19923 13131 19076 3900
19315 6555 19185 3635 18623 13516 16440 9610 1240 15862 17585 19908 2136 12084 3327 7963 9538 1587 900 4187 9283 15878 16279 9750 8734 1890
11985 8926 3985 19069 2416 12846 12043 16821 4005 17334 7857 13239 16279 18488 15257 19789 15625 9652 4968 14521 13610 19024 1021 4263 13992 9471
6001 14715 11234 1846 18813 19369 701 16222 8032 13379 4989 12113 13631 14927 19764 12395 12764 853 19680 13173 16942 9873 17587 1556 9188 2348
13637 18383 9563 28 3273 6648 17988 9774 10206 9620 13082 4720 703 15292 10846 14967 1798 11989 8059 3412 13663 4038 5017 10751 6697 5734
16658 11757 11665 10060 7292 13867 14564 1227 9763 9079 296 7060 12313 10980 6354 7367 9756 10411 5221 2339 15501 19446 4431 4055 2959 8580
11082 12362 12866 16984 11123 15451 17629 10113 4899 12898 19861 13382 2801 11933 17627 14602 18167 2215 19406 19268 193 2039 3105 6885 11768 7772
98 12677 8001 5906 16796 16048 16191 10706 18118 2917 2282 14007 10982 11235 1658 9251 11982 2044 19337 4126 10007 6428 17833 5816 9284 7159
17141 11390 15025 15127 17939 3896 13824 14071 19719 8380 12714 5400 10336 9415 9844 2322 3351 11244 19067 19990 13924 4452 9469 6439 16021 12855
1539 4475 18798 16067 7513 2357 1487 16561 1198 687 16215 15816 9184 16993 11941 18582 5488 10301 868 10947 19092 8466 12876 9537 14705 6539
2506 7464 14767 3925 19129 18383 9576 4223 9685 15209 10079 19048 5161 6412 13889 1869 17525 15996 16531 5893 8054 13058 9130 10262 17424 9105
7564 14439 7999 17150 7220 18619 6230 12208 3285 17903 7508 14033 1073 15369 13180 17317 6479 1219 15300 18181 12582 2803 14786 16611 13206 10820
18050 8138 3965 19659 5625 18967 18264 17793 2815 5422 6482 4491 18864 18518 1855 14924 5035 10724 15785 6051 4362 6744 10445 5083 14801 13894
1027 16001 19248 13329 17506 6842 6959 1656 4146 11815 13857 9450 8111 8839 3861 5523 13688 6748 18139 9646 16177 18495 7790 6471 16994 2830
13081 4749 4244 13658 44 10812 450 7628 12782 11363 12504 566 403 2734 15843 14502 1496 12268 13508 9432 14644 9803 14861 4315 14234 14516
15510 1764 17130 15466 3168 5643 4526 10182 6008 9616 546 4676 14896 11818 19675 15440 3355 17698 17767 8419 8052 15553 4039 5310 13064 18716
15456 6238 19694 19028 11309 18423 16083 8541 18863 2171 5297 19177 3496 15780 11954 7168 5025 10391 9615 2346 18374 8075 5325 4442 18491 15108
6311 13629 9201 7965 1686 10301 5602 2856 8420 2502 2874 9071 3809 15595 16856 870 8057 19905 17454 19639 3506 15047 19241 5117 11897 8110
10164 14472 14120 9689 2849 3701 2397 10045 15838 2321 6011 2986 15647 1407 15170 13954 1968 9430 17461 4485 16522 11462 5735 16872 4575 19786
3412 18400 5531 9400 8984 1434 16536 12610 8025 19789 13812 16853 4109 11324 6878 16885 17475 11596 16886 685 189 10513 5253 14603 6229 1451
5939 5363 133 2394 9804 17384 18194 9664 5806 9386 3290 3647 5790 14327 18656 8792 1813 4431 17425 11000 5950 3466 15459 12171 11372 2710
14515 7254 846 12886 6040 11148 12586 2527 11759 13210 17422 11968 7512 18327 14492 18647 1372 12188 17132 14824 4303 11912 10772 956 8734 2589
14315 14495 1667 3977 14964 18409 17694 12145 13623 11680 13150 15979 13132 6183 14961 16870 3552 9656 12356 14074 9633 526 4827 12934 1287 2866
7098 5946 4129 19602 18485 163 19878 13788 9710 9852 9127 19875 9113 492 4234 12499 19764 6751 17756 2338 5174 3151 9058 10655 19320 19172
976 8008 13149 1341 19412 12749 8896 14273 15280 8602 19469 11046 11345 16918 17047 5379 795 8800 10683 437 7392 18403 19703 8201 6259 1650
3784 646 3175 10958 4091 7440 11073 501 516 78 385 9851 3657 4405 12083 1082 5035 14467 13517 14579 9844 14267 14633 2720 12616 11452
17641 5890 11511 2983 16138 9365 122 4246 5113 4459 6381 10313 7690 14336 7053 5430 17743 11165 11611 200 5719 15577 12276 17920 17100 16391
850 13855 18200 7970 5091 5642 19921 14021 13810 5965 6853 15473 13632 5970 14252 6873 16460 18638 13370 17021 16404 16596 19865 2344 6327 2548
13024 18937 7120 6028 9743 5218 12232 14804 2670 15253 4964 13592 8236 9444 7570 4195 8157 14731 9945 15815 9349 18499 11399 13551 8609 7919
1726 1086 8235 7229 4500 1403 4661 6566 4546 4246 18270 5316 7735 6222 1217 10701 11567 19912 4596 6223 2417 15439 14973 10346 15826 1190
15372 12693 18195 13311 1050 6195 11882 11015 16266 19465 1532 4091 15718 3318 13055 9861 4547 9091 3014 4871 3954 10181 12465 3358 10630 16738
16281 869 951 11310 14265 8412 15708 4252 12657 12866 3801 12186 5161 813 15051 7202 7324 10189 10201 15183 5490 12364 9546 4862 19462 11364
1223 13534 12070 8925 16504 3769 5313 14312 6169 16380 18824 3830 4302 561 3905 2406 6273 2203 16568 13922 16235 19343 233 11692 6056 12706
14399 12829 7074 18106 6293 8697 3362 10325 5786 2899 5787 10520 19669 1817 16090 15982 5742 3199 19004 18889 11097 18823 10149 14105 13459 168
4210 3842 3705 2532 4727 3393 12720 20 1207 11194 19924 13884 17231 1113 2607 15934 10160 13383 8261 14263 11445 3314 11148 15678 5199 19550
7888 1830 2509 6034 5313 13911 12786 5075 9986 8939 9032 6427 14862 8042 16551 18675 18357 3757 8886 8471 4005 18786 4630 17385 16947 3096
7374 4225 14544 3731 17710 12015 10152 16339 11199 11993 11198 15470 3467 12865 2700 14156 5337 2647 5461 7807 19577 13150 17533 19069 18410 9291
4900 3721 13656 324 6116 8104 14622 9514 5033 8974 4971 7944 18250 7184 4473 6711 1023 223 2100 2529 5371 175 10170 5951 3963 19270
4444 16404 13890 9927 29 17272 13636 10248 78 9982 4098 12241 2839 4539 15114 11342 9554 17391 935 11825 16756 10254 19385 6873 13707 9180
15123 3309 9104 12005 6114 3945 13195 582 7657 1537 16238 11802 19026 12010 19990 2780 2009 16775 8803 19628 18561 10893 1781 5043 9966 6368
6583 5300 994 3920 12302 1666 17475 17537 5725 16671 11128 2320 10209 12505 18715 19360 91 11931 9527 17698 12434 9886 16968 506 769 11988
115 3276 873 11211 14604 14736 932 16639 6935 7515 8568 5698 3856 921 5598 12193 4547 14393 12230 10009 9973 18780 4067 6899 17010 15021
13416 12135 19102 15044 3038 12651 18157 9833 6917 14952 6402 9550 12093 10926 19952 13648 3980 1374 15846 4106 10541 240 4113 10596 11056 4599
14059 17966 19983 2075 5142 16994 11535 6960 4430 4944 9769 9728 7504 14042 5140 8145 8420 2808 7432 16635 10782 7039 6261 901 5178 11447
2605 18242 15553 13502 7935 7365 2441 15568 9259 957 3982 6149 7741 9756 10712 934 13824 16793 15404 6339 10326 7077 17951 9304 1515 7540
10771 13225 197 11480 18384 17097 15325 6874 10139 12355 11115 15992 4933 17713 9984 10037 7730 10561 10879 150 6045 15922 5208 9712 14011 16275
3604 14767 12292 8862 1433 10145 15056 19252 4303 17350 16964 19575 8492 14093 17931 3026 7142 18776 18451 6183 3324 19740 9562 5844 7818 19021
9554 15774 1397 11406 4107 6399 7974 4495 2139 18247 17577 14389 16117 9651 3802 14407 12801 18467 8934 9544 8831 7082 930 11413 8143 13784
4164 17613 17133 8091 3210 10680 15366 16108 3572 14233 10969 16084 8467 18775 6186 19384 10661 1296 14460 8688 16824 1926 17463 12972 13394 2145
4412 2741 7816 19848 11551 16197 5922 8994 10141 8589 15834 9594 18093 9806 1957 11632 16091 13729 7253 9529 3434 16317 16620 7207 11344 12579
6938 5291 7389 1083 14139 3506 2614 2936 16089 9812 8172 19747 9510 17618 15233 14058 54 7138 7806 8437 2474 8910 18779 2199 10049 2600
14796 7523 6158 13957 4711 15442 6673 14430 7794 850 19650 17193 13202 11959 1742 15303 11305 777 16831 7539 10042 15537 2486 3720 17907 17319
5085 11341 10505 10607 15795 7280 3480 12722 9228 5383 15406 9192 7732 988 13631 17618 5123 14755 5692 17536 3314 6764 6842 13672 4328 9813
7335 8980 9445 918 16517 17977 8492 15957 19483 16924 10381 1131 282 16206 14537 17494 7750 15313 5879 17064 1622 10801 16892 1640 13065 2373
18887 15008 7166 21 3005 6327 6694 8512 15427 18361 1085 5704 13393 191 2375 5382 3495 486 19645 3697 8930 3388 18815 11953 11147 3824
6772 938 14983 2119 3839 3599 12254 18290 6315 6862 7554 11555 15511 14132 19501 14105 9295 4705 17532 4173 16947 13431 1375 3928 7558 15762
2754 15629 8141 3831 13007 12735 12589 4666 1543 15165 17520 12011 3034 5110 15230 3585 9142 19217 249 14318 12573 7208 13050 5109 2888 15165
3062 15655 13436 1705 19464 3689 17633 7170 17171 7930 15075 3413 16307 12917 16274 5357 13318 4415 19470 5283 8930 14584 4582 4391 16920 2483
11699 16167 3481 9256 17489 9488 5529 471 5879 8502 19634 1076 1544 13905 14936 13363 1199 8549 5182 15780 7459 14179 10845 1581 12935 3540
11305 13726 15818 8997 1499 14359 664 5567 14590 11509 6019 12291 5241 7518 12323 7481 8725 1956 15574 873 17297 7482 19425 12223 7705 2678
4475 14889 13576 15654 8014 19857 7859 7301 1308 6552 9347 15407 9037 10560 2963 18128 18983 7414 6853 5029 19888 6904 10673 9653 16650 16744
18448 18053 15545 14518 1188 370 19824 13310 1104 1330 7173 10896 9505 418 12007 17750 11281 9897 5984 2779 14951 13409 15750 14544 772 14542
11039 11681 16095 16975 18081 4809 14421 1178 4320 11269 5680 6522 3381 9424 14180 6768 5724 18522 3710 5902 2483 10379 5069 1394 8649 14276
12905 4022 7068 14285 2851 624 2184 5078 13504 18117 8835 19651 5542 13916 17924 1041 15973 13481 16329 6369 12819 8782 231 15457 8379 843
15444 15916 6550 7499 16251 1525 4415 8495 15632 4597 10070 1018 15897 11207 7625 3309 11041 18510 16301 11560 17753 4426 12020 17776 9829 14075
16756 4831 12224 2266 10210 3360 3243 14482 6911 3482 7686 8593 2228 14759 9416 3721 16518 9546 15218 370 13172 14679 7611 15515 15264 16406
3728 13122 9827 18498 4238 237 9882 12565 1092 5002 1514 16144 4784 4149 5219 19555 19714 8648 15102 2163 19591 11176 18347 3623 16641 342
391 14654 5932 16720 6558 8706 11819 9978 7995 14654 16393 9737 4493 13439 19611 9403 13107 3961 9106 2299 6860 2364 16377 6363 16180 2086
15387 15888 9808 4970 10819 19721 17537 13438 17523 2807 19974 697 8375 13766 3243 7271 13801 9087 17893 8539 10805 19356 6007 3776 12397 15766
14538 1834 12103 8585 14700 14656 9060 3340 7837 2109 19211 1087 4173 17813 1173 10447 7966 767 11663 11719 12517 5623 2999 9050 3708 3522
17596 4145 3237 13778 13295 14735 7215 3378 14333 2850 7038 19831 6374 14449 6800 19628 19387 10943 12020 8680 9443 19845 13163 2065 5776 12040
7647 16476 2565 11606 16374 12574 14559 9187 6087 15805 15830 6889 2930 12645 8518 13648 16889 15107 18876 17509 12932 3852 16145 12057 6283 1410
15974 14583 16710 16170 1286 8050 18287 13986 5261 7554 1252 1453 12333 7398 19088 3127 13064 19445 2473 10172 14763 1916 14369 17916 13306 8214
9372 16957 5785 15258 3366 3333 237 14660 16785 2294 12961 6847 3425 14682 17233 11648 1593 18181 1144 6763 15641 7111 10279 8702 12941 2021
10065 5736 5996 11770 16784 7501 10066 18101 11892 4333 16568 9964 2383 5322 5359 18825 18989 14534 17260 7946 13730 2903 19869 4063 17223 8655
211 6612 1891 6107 15218 16530 18781 13361 10915 6180 15477 3890 2434 1618 8651 507 1979 12692 4362 16648 4430 14914 19476 3332 3166 19599
10903 18090 7460 18150 10984 12795 15247 5835 3236 9685 16612 6772 13998 4815 543 2248 9694 2255 16962 4277 11693 14393 8794 6059 12119 16128
9442 10309 18810 15141 15521 5918 14109 3738 18137 16620 8516 5642 4715 13977 18116 7300 2531 1041 19483 18028 5484 5766 19737 19572 5216 12363
18732 10134 8576 14988 15766 15905 8740 11348 7611 13303 740 10177 15246 19829 12668 19325 2168 6847 13496 13856 5744 5846 2177 6523 2219 5120
10145 5722 1273 16834 13852 1598 12706 15264 1668 6100 14262 4051 16708 4809 16306 17516 8509 2380 8697 11838 4191 18912 2177 11042 8296 13250
19584 12217 13760 17374 1446 8072 14051 18951 16832 7064 4962 5037 5929 3280 15466 14213 7142 430 2346 5865 19420 1749 8849 8723 14311 18492
19313 17603 1524 16493 3342 15417 3340 1905 17736 11068 18223 3503 10549 14707 381 18466 10463 3570 7419 9603 15544 8821 11342 5992 16391 9271
16241 17751 949 14437 7474 18506 13027 11275 18227 12999 12609 19057 15556 10198 12751 405 13978 15724 13467 15314 9050 16746 17240 1617 14172 18417
13504 3830 19712 5020 13187 10592 9606 11335 8390 16284 16413 4334 12560 6891 5903 11380 401 17983 14047 9043 16273 851 8538 5633 19103 10572
17637 13010 4214 13743 5174 14762 14970 15202 12862 19782 5852 16115 10190 13955 19382 10808 19440 5360 1904 14471 10799 10850 7402 9670 12988 11743
8468 17409 750 18672 1456 1181 8694 16070 10235 16960 6648 8898 16983 8121 5088 12563 15130 211 17449 4266 15770 13786 10240 9783 11397 9529
19575 3849 9480 13491 9793 4513 307 18190 4193 7376 16757 7826 670 10927 7206 5667 5003 18322 3065 1545 3611 8032 7954 11217 16600 326
17514 18009 15167 2901 3280 4548 15494 6860 3739 12015 7688 2424 1479 6525 13852 11483 1701 17618 15753 2912 19952 16161 19367 11222 7340 13702
2241 1510 2375 18255 6692 2680 16776 16976 542 10623 5820 18491 2236 2782 16137 13100 12130 9770 334 6629 3094 10034 5493 11257 18438 12171
8601 12297 11256 11608 16082 18930 4504 1747 1953 5299 16999 9891 14288 3957 1514 1226 10889 14490 5276 13079 5864 10128 4323 637 7071 4814
16447 13852 18331 5660 16990 18105 7454 15814 10037 6432 16756 7764 11705 8508 18819 2596 9515 19701 10321 12028 8501 14334 16140 14220 11250 6730
6202 15677 14481 2267 19284 4479 6451 1043 12061 6817 4657 415 19154 14520 14180 13416 8459 7017 11083 4574 13069 10605 1436 8079 17861 10672
6925 9009 17403 12188 14048 14824 6106 19478 8606 13214 3508 13616 16362 5027 4881 5043 12332 13077 4150 4371 9010 11179 16035 12456 10692 2520
8294 17970 5770 18858 7818 7542 12600 2031 14903 15545 11492 6408 12065 17575 17200 15929 18641 14640 9746 403 17655 16460 4483 12701 1201 18354
19710 9913 18047 5088 11402 291 15019 2197 18028 10632 1835 5781 3482 6781 13085 17808 13610 436 2737 9900 11704 1936 4297 4913 1205 10994
19527 11429 6252 5179 2364 6592 4367 3011 16381 2047 18643 1179 8406 17138 16658 4226 14672 13042 17850 16700 4575 6002 19772 10300 19075 9452
10224 751 10221 4061 12707 5781 10890 3617 19518 3616 18756 11720 6858 11314 4244 10207 16382 12191 8113 16407 10466 2604 19847 4693 12733 7635
1279 3086 10280 353 12607 14619 7024 10360 7631 18681 11606 2316 4999 13065 7378 13544 12378 8937 16034 10833 16604 3760 7268 146 15131 16760
4179 12631 3373 9450 7798 3957 18099 8168 1675 8153 8291 14028 19532 8091 9983 9675 1722 8731 8647 14556 11410 1739 19234 5962 1308 2736
14851 17257 17440 12469 19454 15543 9535 7820 19568 8721 1029 4386 19222 12537 16635 1963 17128 14116 1958 7023 2026 7881 6464 1646 252 10414
9474 17264 6337 10994 12250 13933 11380 14717 3838 16150 2689 11113 19401 10706 15297 3248 4687 5553 13163 1563 14526 4303 8314 12334 11183 10601
8142 8678 16101 2234 18150 12187 17892 4178 12583 10205 3104 5058 4625 13769 12859 10242 6089 19856 16650 19512 14946 6368 5796 10866 19315 8674
14316 1296 8534 17031 8580 17480 18059 3374 11922 14976 6281 18706 3526 9496 18543 16498 1715 18065 2343 6848 2722 5073 16384 17289 17829 3156
9159 10172 548 9538 5176 1948 19588 1327 12151 4969 19883 533 2281 5175 19116 9012 17105 6854 903 3232 19193 7823 18815 19323 5015 9343
7214 10020 6031 576 18821 18360 2337 1192 7740 12078 2054 16988 9684 7819 9360 5153 5721 181 2940 588 15429 23 8191 9367 999 9752
1803 4364 11195 2586 12921 15829 8269 12264 4093 16129 4604 12004 15405 19193 9242 7242 5915 17069 8819 19553 1511 8040 1650 16537 3276 10590
14840 7794 475 5471 4839 8720 10933 17246 16198 7676 9168 13412 12199 4312 10519 16774 17898 18811 18504 13291 8379 1456 19329 7214 9905 18232
17414 17851 17520 2763 17432 8997 4535 10930 18905 11364 16451 1631 14854 4945 12834 18438 7516 7589 742 16050 5284 10246 17620 4137 12850 16775
10595 16759 17994 5593 13251 8697 9025 5391 16985 4514 8146 10086 6939 12959 6216 18161 12738 3631 13771 10888 2874 17753 7048 11347 16888 1257
884 5929 11057 11768 17827 4653 11394 10062 15888 1289 8137 7131 6057 14195 9852 7322 16508 14962 8118 17766 52 18225 5375 13039 4422 9339
10604 12535 6829 4380 11894 6145 6130 12176 6090 14584 7463 10482 17054 8458 6240 2519 19927 8709 8080 17094 19283 15052 6233 16077 10828 19509
17071 8747 2367 7200 6593 5418 6357 11131 3089 7907 1730 9779 18081 15697 9145 14872 1462 273 2025 845 13393 19444 8170 5312 17903 13016
7649 8724 8055 7592 3987 5675 15198 6140 6514 16351 14859 12177 1288 18495 17389 8 4722 3971 2975 8588 510 4782 2617 11435 12551 14699
3528 17921 1476 6840 4154 7627 406 19271 8415 12436 8061 70 2735 1891 13155 9932 5274 6536 14732 19766 10526 15911 3971 18894 7472 10549
2675 14083 14110 11489 19929 12435 17888 12389 2748 250 16766 15011 15007 18902 14647 7507 17155 16600 2488 17761 18654 7162 12241 1566 9631 17621
16123 6042 1512 6030 3463 11661 5557 6292 15631 10513 14146 9425 14621 7918 13253 16483 14072 17443 7463 5186 3376 499 18747 17594 11944 10772
2159 11940 279 15149 10481 15981 11806 14860 17199 5156 1515 15482 11854 14834 13300 12290 10774 4274 5708 553 14069 2832 14845 15171 902 12077
9056 13689 1434 9392 12646 15117 6088 542 9879 10710 6249 1779 3549 17457 9406 13092 16829 14209 18858 9929 8680 9657 17144 17081 5383 6711
4551 13129 16059 4778 2594 8364 7812 10107 5578 10668 19496 9871 15025 13533 8564 13835 16096 2876 969 3763 13838 12005 18414 15416 5500 8565
6637 4663 1637 10814 4344 5350 17276 10109 781 9240 16767 19854 10938 2130 11450 14013 8085 16772 18286 110 667 10834 8796 4040 5679 3429
14573 1569 8045 17546 8945 18222 1956 18539 6941 3348 17025 2235 7812 5552 2573 6773 8454 3638 5270 8236 11455 7499 8041 15859 2462 1999
19421 17675 8454 16729 6988 18571 13381 14990 18020 3913 15239 13580 97 19553 7256 11697 19193 9723 10623 85 16352 12040 3888 12658 2516 7530
5430 14233 7295 2269 9554 8281 10287 10048 3697 9879 13410 6104 14733 14021 17926 7995 17793 18035 11071 12537 19347 13748 906 14186 1240 12005
13958 1682 19021 10370 13652 7045 2346 19767 17404 2427 19990 14452 3567 17817 14466 10373 160 8413 13902 5719 7089 5091 11282 692 17715 4418
10473 15844 9026 16651 16329 11321 13121 429 10375 17567 993 8418 9479 2793 7411 5131 9543 17543 12474 7486 11310 9825 11948 11343 7712 19941
9379 13606 10769 10219 6122 13525 5054 19315 3829 11085 5512 18315 11193 19209 2205 14147 8484 9719 9859 12402 19574 14966 19162 450 14300 13388
14198 3600 19440 8070 19570 15941 2694 12457 11672 17831 11175 5993 3211 19336 15525 12807 9238 11587 19290 16946 1183 4874 5781 15928 11885 19556
19522 6961 5777 7134 12763 191 8237 19760 18618 10985 4523 10189 16518 4860 9093 8538 17869 6829 4932 16773 608 4194 6785 10388 13232 14809
16624 613 16462 18225 17952 14671 17765 19301 7677 13119 5084 7146 16553 10336 13148 1680 4896 7215 10537 19192 2160 4956 7480 12355 732 7772
11078 15364 6260 1206 19583 17887 19438 14082 18691 12912 19871 13173 6311 1115 2740 2811 18203 13801 14709 12346 19273 7181 8493 2482 7797 5341
3038 4708 8927 410 11650 15656 7972 5192 2868 8885 11082 4982 16855 3816 6099 8353 14812 16179 7805 9959 19816 13233 16226 2820 5775 430
7632 591 9367 18284 17224 11824 5690 10184 4846 8415 14573 6613 3856 5381 872 16691 9396 5429 12362 3082 19521 3799 1354 14126 14347 1636
4721 2124 5434 14962 4499 8983 7189 19593 14028 699 13046 1381 902 39 17526 10553 5173 18482 8291 16025 7386 17580 3352 8222 7907 15096
12240 3719 12146 13817 9503 8574 4338 4831 10952 4892 17289 9515 2556 7708 19740 3194 9059 19280 12948 10952 7325 18654 103 252 16237 18251
2929 11784 15895 11161 16674 13486 9779 19508 18208 3961 6356 5432 9144 18819 4760 4425 12397 9894 2506 1790 11877 385 19804 16267 2563 320
4789 5773 13781 18755 5201 9433 16776 6479 1383 13983 18250 19522 9581 7253 175 2995 18244 7066 11606 18594 3497 10062 7936 9360 5848 3591
5097 16686 15289 3328 11424 9400 13976 13663 19029 9515 11481 15622 16857 10791 9870 17521 15235 95 16312 16985 5029 7503 2978 14371 8461 10948
6107 4616 1833 19202 6948 17157 1065 10976 6349 19581 12745 11606 11928 11098 17024 10875 14439 3077 10572 14573 16025 13659 2041 1693 3440 11574
12215 15565 15032 17496 9896 13052 17732 1812 13976 18410 16649 15602 17370 18378 18570 13174 18198 17780 12585 19528 5498 19701 16238 12509 4949 1298
14352 8922 16878 13763 8610 19587 4715 19683 17398 2839 13534 17810 11273 7000 13444 2105 7724 13501 18168 10320 9629 10829 5692 3135 9398 16780
5757 7836 14541 7100 15767 13986 16943 16986 19100 16381 15655 8573 13894 5670 12731 5948 12149 3001 15623 17391 12345 2930 684 15773 19050 19076
11166 14919 3803 2153 3044 8209 5137 18033 7566 14255 15156 1090 6226 14158 17822 8653 15193 813 10642 4126 2746 17357 12509 18816 1219 640
7479 3482 5652 15831 11925 12977 19818 13912 11627 13299 15282 17522 3620 12197 6858 7662 17854 58 9239 6985 17647 12069 13095 12290 14553 10024
10064 16321 19088 7907 12267 12599 8141 7357 2854 13276 3024 10317 4186 12832 12031 12578 7823 5901 6861 4775 16716 14520 17302 451 18941 3172
17729 8826 18815 8636 3818 721 12899 8705 12575 8290 3638 7276 14003 11710 16706 3513 1317 7179 10249 8872 13357 9651 968 10421 2914 14396
3862 3191 655 13227 12036 12659 3306 9268 18788 6834 18946 2804 3814 15588 2522 11838 16627 10041 14399 12093 6871 14082 19101 9835 3955 8504
8020 565 19504 6464 17255 12382 2398 8341 15803 13052 19294 3458 13727 10306 1216 12840 19015 9799 8973 12154 16672 17807 706 512 15242 1787
19337 13093 5262 19339 15330 17290 4969 16196 14558 6696 3497 9340 5261 1012 12364 5066 12269 4605 3751 126 16548 9615 9676 7537 5512 6833
17572 13464 1946 3256 8311 3660 2215 13491 4494 818 11442 19201 8867 16744 18913 4259 5324 14860 13289 13368 19189 16232 18131 16593 5941 12455
12918 5881 8134 2171 14141 10332 1080 18889 6307 16899 411 16579 12816 5683 17340 10768 5694 7254 1807 883 3776 429 6213 7267 663 17302
3496 10234 2931 7587 7396 17005 14564 16341 4524 9717 18300 17714 15136 3571 13595 19993 6003 8171 13482 2573 3890 11865 2170 19271 14776 19800
12785 984 5576 10805 19595 226 11696 15042 6366 15504 4529 19823 8426 6238 16806 5511 9152 8411 6896 5864 1179 9706 14413 2840 5194 9819
3890 18892 18112 3706 9508 5467 5725 18370 11770 11284 2725 938 1835 10601 2947 6361 14676 7887 5527 18191 18706 11662 19466 10116 12563 12209
13563 700 4476 7866 15894 9890 9790 6592 10105 7653 16707 2249 16685 630 12570 16709 11696 3509 19558 4938 527 7337 3989 1982 13963 5938
19655 3638 19236 10373 18565 908 19309 3881 6103 5977 17227 14656 7746 6564 3026 7055 16054 4697 19878 18154 14486 14917 18266 15356 18509 6682
2829 9536 15139 15089 6123 7362 18389 12949 8947 12552 2739 16860 16900 18804 4651 6603 18813 6750 16219 1439 15658 529 5462 825 8139 10160
18110 6271 3172 16866 9052 6410 4145 16231 11010 14042 12224 16199 10809 12760 9409 3492 9112 4704 10588 601 17302 4311 8503 10189 6231 326
19116 5296 12662 17688 1500 15065 9123 10195 16293 15743 13120 9118 13603 16073 19908 14070 3232 18476 17988 6598 16423 1457 1378 13346 13356 19718
980 19424 238 11348 9968 12967 19770 11902 5166 15893 11393 744 10669 14428 9067 15942 1228 18062 14388 13010 9918 15166 10878 17573 1928 9896
1694 18828 4441 18639 10706 460 5611 12953 18144 3409 9862 347 2128 18053 7167 19797 12147 2409 16516 15297 3902 13571 19154 12216 15762 1882
8930 14814 9799 1094 3880 9685 833 5925 10379 4508 4184 12756 11067 18611 7190 4852 19660 14492 5289 4773 12080 5471 12788 7100 11223 14713
3534 15756 4758 11599 13640 13945 11567 11946 13284 10750 13874 4877 16778 15749 12365 2894 18870 13911 18903 997 16220 12359 19017 9380 1989 145
5613 18851 409 10539 15991 12956 990 225 10958 6073 7561 9972 860 17279 16557 1291 8654 14512 348 17597 2026 4028 2612 9862 3811 17720
7706 10499 3721 13435 19286 17951 14363 5334 11359 12682 14832 15506 1838 5107 2856 11280 11177 10662 12826 5945 2626 9970 3706 4320 83 11719
19277 17165 19550 9898 2612 19111 6487 17271 4861 11850 17951 1455 18073 18773 7099 16040 6271 12953 1336 1691 7681 4977 10700 2592 15431 9846
18201 8982 10941 6719 3783 4027 14552 8504 1288 3909 9890 6355 4816 5672 18432 10406 10863 2178 11526 17091 5099 7948 9033 14843 16171 9033
5688 12925 11095 18862 14319 39 4340 18527 14959 15659 11152 7196 9890 11358 19988 11495 10592 17017 17694 3761 9015 12936 18213 5001 13720 6504
4046 18424 7429 411 8249 15660 14935 5593 14746 4403 6143 3225 6639 16764 13114 8186 11362 14218 7099 9664 14168 9772 12021 14303 10808 16373
19478 19815 2205 17292 1740 5685 15130 18265 4245 4663 15882 7099 13144 16500 10838 9014 11349 9730 19227 13406 11245 13802 19395 6703 6570 4411
11228 11385 4031 8427 7715 3025 14511 15450 8453 4534 1029 352 10837 5674 13210 13813 11651 7481 19338 19525 5599 6116 19738 18407 13775 13494
6431 18194 1443 11933 9886 973 4889 3541 11500 16685 6239 17429 2278 11896 6315 1037 17579 7578 4088 7853 8707 11843 16385 14085 10690 6567
15501 3092 17875 3088 1825 13227 10106 10851 15108 12779 901 7831 14281 13445 18067 6256 12045 14566 480 11917 10717 10414 2446 11845 10700 19434
2447 15606 379 18306 18566 4147 5501 3250 14740 17901 15756 282 9005 7438 13836 8420 13911 1575 17637 15557 18338 18775 12919 10019 6194 6916
192 1783 9218 6260 104 10324 3998 12739 9701 9404 3371 10896 400 3500 242 11716 6087 1377 8674 886 18213 10379 19831 9278 19700 15063
8550 382 6637 4900 314 13921 6020 9819 9790 10631 16135 15649 6655 1838 11546 18583 3240 7227 15140 19515 15509 12418 18073 12000 19329 17539
3931 8747 11249 16244 15866 921 4248 18224 15243 16555 18701 17999 17211 10970 10728 7915 6495 219 18452 15147 2138 4689 18175 11188 13491 19609
16534 521 9959 11373 5991 15891 6736 903 19801 7847 8569 2933 15981 6828 1208 12100 10304 14403 11670 399 10549 5723 18827 1817 18465 3463
16944 9547 8879 7364 15146 19523 5529 3268 5775 17253 19208 10331 9728 7363 330 7563 10465 14601 1964 8913 4798 1887 7541 10491 17993 13185
17635 15273 13700 18152 18550 7884 12648 11928 6831 16933 7619 3401 8809 6808 16905 17171 3966 10132 17229 11378 12637 792 14413 9610 7848 2300
11 4132 1057 19705 1309 16691 14284 15771 12425 9621 19581 11404 6587 11417 16411 14991 4277 10244 2289 5547 14686 18700 16753 17130 5647 10916
7657 8940 13668 9753 9060 8161 15906 5576 10878 5940 16503 18529 6585 9294 12746 10976 18108 1792 3893 13006 11407 13739 611 1490 5134 7861
14841 1123 5322 11876 16673 16599 4696 8523 2668 17211 4975 4875 10015 9453 19180 15997 17424 12276 4412 408 5183 3719 11707 17274 10152 11726
9871 13071 14687 11454 1478 4141 1977 8943 10719 10331 19980 14655 7437 11745 11595 1403 6002 19736 456 13923 5788 18737 17962 19773 2085 637
15045 2385 8654 17120 1873 5695 3996 9225 7389 2996 7419 7533 13955 2080 8362 14387 19896 3634 4207 17922 14586 10791 17513 9139 779 3537
1902 19622 2218 8032 1856 14079 12289 9318 13495 11381 5647 8993 19929 4819 7866 2972 5788 14853 4214 3917 10491 16954 12195 471 14693 16891
9175 17454 17810 10229 9953 8140 2016 4976 12783 6038 19224 10837 3585 6423 12556 7634 19664 14026 2786 1981 15331 9694 13776 4597 12861 15161
7068 2964 14045 3019 11118 772 15856 10615 5578 999 8893 5236 16842 17375 13547 603 12324 17623 15513 10484 11433 8168 9414 5703 6960 13179
4309 4185 16217 3485 9553 4913 437 4480 19511 17163 19840 16466 9643 19681 16424 17775 43 19409 15761 10027 11024 18944 1662 14847 1493 16415
2336 17989 4694 15470 5257 819 11537 4948 19123 11298 2608 4304 13285 19728 8417 9039 18929 7183 4535 6980 3940 11099 17847 2587 4666 2591
357 4882 19149 7967 6776 13379 19146 12250 8047 16201 5597 16642 12752 3424 19943 5049 18140 6458 860 678 259 14197 13212 3176 11435 9274
998 1557 19739 12152 7867 18476 18891 1318 10115 18486 2953 12616 15463 5446 16206 5964 6164 2846 6703 7466 10873 18326 9325 14489 17715 10106
9546 6064 19637 16571 14819 13133 2745 10742 2959 11387 10313 17017 14604 8386 7811 17885 504 17610 4179 17501 7457 4611 892 9143 3636 17650
6891 2356 9838 12192 8270 4655 17143 3160 719 7909 5533 18646 6032 6558 12728 2791 11296 2587 12731 12578 2458 17624 8998 2306 9946 12239
6574 17076 10303 15027 15783 11535 3256 15785 18830 14428 19742 9353 10261 3139 17350 2004 528 19765 19492 17712 744 434 6658 5060 18208 18838
617 12136 14736 14235 13563 1103 9670 4809 5347 19566 4156 5937 15172 18604 4268 12662 5125 12000 19297 16276 16358 1128 19695 16617 12899 12677
3716 4457 12249 6136 19252 16168 7241 3733 10334 6423 4525 2106 7433 3133 1887 7357 11083 5 13985 19405 173 2758 4984 19140 9866 14700
12989 1846 19317 7220 1844 4220 16681 3578 6764 8599 18331 15162 9036 15590 13409 11300 5942 13396 14998 2352 5309 14779 3890 15297 8453 1500
7789 5510 15637 12283 13098 5820 18369 4171 3159 103 3016 1406 15430 2198 790 11166 14565 10656 1288 9967 14317 4385 9380 6729 12207 19688
6787 9812 17458 4139 2187 2351 17989 9281 3583 7522 1362 5423 6673 8205 19272 4322 7235 10283 3660 16824 13342 7116 19820 15652 6303 19521
9469 6166 4902 16901 11341 3522 7201 6517 2680 15467 13281 13463 14453 2972 13769 16551 7655 12479 11416 19015 19908 7260 13329 13445 17521 7441
8607 13864 13012 9814 12247 2464 16349 1128 9726 4287 4696 16407 5810 18104 19429 14370 6425 11507 3085 15555 17944 6697 4675 8282 13846 2825
16223 18751 6231 15459 19846 18840 690 1057 798 1870 9686 989 389 806 4810 8803 6121 14760 6051 5566 6595 309 14145 5619 7456 2670
6482 19657 1560 10933 2841 12747 19360 8764 4317 17606 19500 8066 354 907 1643 15594 4826 14922 2857 11264 18681 6824 14035 15229 7395 16105
3889 7612 4758 16355 10909 70 5603 6797 12246 12134 3523 15642 4524 17688 8916 277 9496 9590 17373 4072 1930 7280 7650 18490 19930 13478
4884 7540 2547 16315 831 4666 16482 11040 1217 3831 5466 11463 12819 7256 9241 13791 4461 13996 10474 17869 13964 17477 13600 4934 11340 1503
19463 9856 18791 12962 9742 2585 16407 9878 12941 12129 13130 16827 17698 14445 5230 248 9744 3333 12890 19562 14807 7200 9877 8790 3509 18849
170 9213 15148 8469 6561 860 6274 4413 10690 7421 19543 2631 14955 17732 12223 1304 2505 14448 15201 10174 18151 14014 10595 19084 5244 12626
12938 18106 19924 2834 1587 14124 2783 18347 96 3821 7884 13953 16505 12619 1535 3491 1104 8325 16825 16282 13907 13120 10534 12501 12219 19019
5668 19620 7696 18062 5397 16541 12629 10569 6050 7338 17880 5604 2461 10677 18886 2019 9671 16031 2084 7690 12975 6904 13166 1270 5647 3731
17198 2567 11792 3379 17310 4756 2381 13523 7806 1040 18870 13153 9458 6154 8811 19804 12558 6628 5844 13205 5054 11754 5385 17945 5820 16650
2573 17933 6424 2003 17426 13106 9646 6024 4802 2774 7631 17438 19861 3556 15918 1349 5184 17017 312 2105 5510 16343 641 9144 9080 5493
1501 5617 5597 19566 8450 11125 16435 2475 6946 16050 10917 4467 15373 12697 18832 10624 7616 15796 5455 9765 14794 17445 4265 7479 13115 14157
8728 19283 5133 19886 7806 16322 11727 17243 8270 14156 16073 10817 19877 767 15336 10420 17383 18663 18199 2047 1011 2334 15226 14212 9372 13182
10042 6791 11473 1235 9229 15113 6170 867 13571 10961 16606 363 1971 10429 16830 3049 14110 15434 15279 8727 7860 13089 15607 534 12422 1885
19457 3821 3010 1620 6133 1742 6888 13441 17444 16650 1411 16192 13589 2781 18819 5632 3969 3765 12999 1177 12044 8225 16145 14931 14240 3931
5750 15203 15585 11325 14032 13129 6445 12043 2685 11646 6886 8698 16093 18897 13301 3464 11656 11836 11522 10967 13108 4774 8420 17908 6610 11582
8563 6680 6218 3347 15440 17700 13831 28 10422 17244 10757 12733 19965 1556 2939 18353 2618 1139 5196 7930 10263 10836 17353 7891 17344 3052
10803 2744 14507 16209 1380 19129 4708 6736 13795 19981 13272 589 3869 16865 18046 13579 18861 255 628 6777 4517 14599 2113 13362 2402 1484
12304 17079 7493 9212 4934 5402 18088 8510 18488 10395 1569 18650 3690 17524 8543 18747 5761 3166 608 19901 8257 8609 17392 1063 13501 11414
5312 13092 8295 15259 16739 6836 2002 12981 12672 6228 17460 740 1516 5910 19752 1533 2625 8369 3030 3032 14137 6221 18007 2631 19477 2067
12677 2115 14507 11982 15804 1243 7406 3064 5313 18445 1579 18029 15857 4989 9552 321 12470 4005 9439 2795 18049 17559 13317 14357 17643 18675
14981 19315 17971 9899 1766 4430 16373 17424 8549 11216 14699 1247 3859 9241 18809 6644 3331 4147 9274 9004 16709 18830 17752 19845 4786 12660
9914 11303 6597 17606 13374 6371 13022 12651 10828 15606 5341 3043 13158 18821 4232 10601 17062 5488 18069 16621 5212 6834 9952 7724 15365 8865
11212 7997 7038 16625 9602 8560 18856 8450 5955 13418 6116 8605 3148 16660 8246 2178 17602 6773 19390 18528 19817 17381 18819 12357 9693 1468
17459 2679 16011 10696 19141 2041 1611 10528 6630 7789 9938 19860 2356 16202 15046 17781 1954 19755 9652 7402 14939 11402 17510 7828 1402 4436
18258 5697 9398 13579 6976 636 13366 4282 12651 17351 5603 6211 3149 14697 9679 6949 4704 4876 14644 13850 12392 14453 12035 17067 1134 742
10263 4499 11071 19413 1506 6767 16600 17703 5941 16492 6473 14876 11537 9735 6114 8778 12237 5038 14898 14713 8807 5930 19214 2123 7524 2871
16867 10064 19674 16125 923 17270 12936 10173 9884 12753 7601 7216 4928 10273 6626 19462 6463 18490 7878 11350 17735 12284 2480 19347 16894 12006
13776 17904 877 11642 12558 19440 2672 12459 17511 3603 8616 9835 17564 11913 8791 12716 5879 11306 9849 3928 2421 16338 2792 5613 18029 7022
3099 17317 17154 18042 11840 10110 12896 14029 18047 14594 12648 17561 1065 9562 12233 14779 19050 2890 9566 19868 5909 9986 14489 14015 19187 793
15181 14205 65 19308 645 3786 5687 501 16830 8786 6754 5280 10903 6070 5845 17779 15395 11284 17138 19600 4918 4809 17089 6425 8451 5805
7732 10753 217 2018 16155 17156 1700 2010 4955 8009 10452 19900 12039 19878 2914 13837 4325 6979 17152 4202 16511 14196 13296 14036 19068 18335
14088 4661 18952 10286 6408 13023 15741 13554 4988 12111 10246 6162 2795 5115 6722 17303 3276 9002 13368 7540 12298 1042 10220 17430 16541 10133
18255 11553 2387 15305 8752 17833 15525 7130 9473 8428 13382 13234 8195 12199 8918 1629 3846 10921 17050 720 11980 13140 10428 6612 3546 2375
2744 7529 19429 1839 2531 9107 12219 4087 18395 16758 5404 14579 5342 11579 17872 11786 15538 14308 7561 9160 17573 18587 4889 2085 17998 18296
16875 17810 4997 16560 19205 2465 19494 2678 18244 17443 9028 19947 396 3504 8234 3069 16548 10998 14093 8321 1007 15490 5154 3118 18010 15550
13333 4673 9977 4244 3945 3789 18601 13321 823 10198 7825 9671 11649 9647 14974 19120 12694 755 18741 10305 19802 4474 16200 13807 14064 18156
11340 18972 4791 19113 3197 6535 5332 5619 6852 16808 6965 1034 7670 5082 2419 10034 18249 7080 1719 19580 7358 12341 18724 10909 8537 18367
2067 3416 14778 15434 12072 7689 10731 5469 12397 3277 5589 16415 3683 10339 19844 19648 18863 16173 16110 7174 8964 3337 15915 3173 16354 18064
3602 16600 10051 19409 11599 11583 14505 3950 11302 12667 18134 15703 5042 19608 2034 2337 2047 19204 1960 3335 14079 19370 4504 10084 278 1182
255 6166 11145 8570 12899 15087 16122 15267 1269 13217 4015 19002 19358 8796 10120 12374 17359 5775 8274 3477 9118 7843 12587 5645 3106 17051
19527 19187 18295 7296 12152 15492 2146 9645 4812 12517 1706 9265 6690 7442 15108 132 5824 15708 813 19247 19646 13060 1277 2371 15745 5843
5401 13230 10842 7782 14062 3964 11728 10689 4060 4914 19909 6083 19995 1614 15067 9450 16437 17829 16212 12045 3405 99 9108 18683 6012 15953
2814 5787 4771 7225 19100 4400 9802 11153 18192 13710 17155 14997 14762 9357 11445 15556 3784 17771 17538 9169 616 7026 11077 18143 12018 16753
16481 12396 1791 7048 8700 17030 6785 15839 4998 18649 11152 18983 10628 13637 995 12097 19162 8442 11403 11122 7905 18989 19962 2733 15817 6334
3596 9419 10520 2905 7596 7115 16862 14255 7816 18669 8977 18171 18205 4956 2610 17921 5382 14702 8689 4031 12016 2804 7487 11755 3845 15220
13769 4653 1938 18672 5864 7930 13128 9800 6917 12283 6605 13721 6444 128 19267 3135 8452 7922 9488 3930 8905 6753 13994 1360 786 13609
6658 17612 2126 3528 16741 13716 18320 6533 3208 17274 11724 11359 13676 7097 9880 7242 4153 15165 18925 7846 24 16835 16087 15787 4859 7101
801 16719 17130 9992 813 12600 408 4326 18451 298 10344 1711 2076 3496 17175 12609 17443 4895 19378 13796 14832 637 18160 2526 16605 3669
12065 3515 10162 5243 12771 18464 12023 19719 12460 15886 4452 9896 19657 5546 12982 1245 2790 2333 356 17405 14375 7609 11661 400 6038 7591
6689 9508 14431 10784 10949 9215 6143 6334 4698 12552 18003 6301 19253 5212 1306 4730 18269 5254 8283 9798 3430 19865 7565 13138 15804 6967
17168 11823 18383 1699 19648 7138 248 2196 11579 17809 12931 1696 7979 1158 7415 4916 11596 12632 6101 17985 11048 17158 8705 18388 828 2315
8397 4585 11562 7140 2283 5851 19961 17701 12804 14660 3332 2992 3525 378 7742 5327 6126 4971 1235 13106 16936 7026 5813 19789 19487 4761
17879 15358 18869 16083 14411 8905 1665 3014 14802 4925 9820 19073 9168 11271 10338 6482 18189 1970 3967 4695 2868 15025 7704 16365 11368 13358
19261 2066 6242 10143 17240 15098 2456 1335 3468 17436 15739 16829 1473 4405 5527 2401 16970 17518 13987 2584 9670 19763 19042 9125 16859 1485
17553 11937 7172 3932 11799 16469 7626 3007 9388 6465 2368 6084 4439 2059 13441 12744 12095 3396 14236 8133 4097 8390 2279 16170 18468 13921
1890 10811 16111 17810 9670 12579 3660 17031 10648 16224 7811 14291 4287 10286 15981 19376 3791 1790 12084 7893 10901 15153 15815 18061 6873 15802
11021 591 2575 3149 18805 14167 16038 7777 5087 11018 4020 6927 1485 16283 10835 19803 17981 3478 2696 1762 15073 1891 12665 8947 19276 6156
3441 7677 8902 13074 13550 17810 18036 5632 5751 10648 6537 8771 12708 2726 19820 16630 13129 13997 9297 17561 3822 10357 6978 15800 8656 19
4794 15046 15795 420 3354 17910 14977 1526 2650 11503 16927 12286 19888 6500 9046 3716 8957 425 6903 2743 9194 19316 19927 15664 10628 6684
18639 1460 6120 15057 9248 8196 4068 12127 4205 1051 6012 16501 16565 1662 13000 1639 13103 3797 13513 14197 19373 17173 6660 9758 5518 13981
17726 16710 11244 2642 14217 4832 19205 12507 17182 11070 14556 994 16534 4070 7343 13168 17380 11833 10996 589 7443 12748 11021 14200 5414 13465
10550 6062 9681 1492 11716 3783 7688 2124 3801 2042 14853 3066 6898 16173 16409 10062 18837 4242 11051 18627 1764 5400 8752 4199 8848 3619
4886 17780 5593 14430 14252 7018 6934 7284 6294 14492 5611 15684 5534 19731 13858 5104 19071 7088 4852 9641 10106 8982 17038 18427 6602 15794
5899 2143 10618 15443 7538 10512 13792 15115 17289 899 11663 18811 18844 15765 13406 11380 7725 13651 14057 19690 8276 12934 2335 101 11265 12748
12991 8404 14748 13470 5557 9709 5014 11741 11256 6493 13788 11067 3811 16871 12472 10454 16763 4757 7809 14010 8921 19757 12507 1292 3713 17557
818 11491 5663 7874 17071 11745 5259 14028 13788 9755 14044 3923 8521 10677 3121 9708 12215 1870 11809 16950 7820 1370 7132 1215 11316 2947
6583 5980 7041 10351 16050 12615 1065 17730 7057 13163 3760 8963 15196 19377 15753 5324 3748 16071 14137 2245 3923 5160 8445 11015 16621 17205
16070 5545 14651 14565 10448 1153 1309 8335 13708 12801 16357 16139 18209 15927 13899 7955 6752 12146 19920 12624 1838 1996 18630 5164 14484 9916
19018 19158 10091 11872 91 6474 6989 13450 13720 1715 9066 1306 6306 6435 12444 7806 231 1430 19628 892 7943 8616 13214 9689 9019 6528
5970 11427 10188 3871 143 11315 13598 2329 14372 3784 2034 5138 6111 8890 6701 1994 12474 14770 8174 750 11227 4764 14301 7976 8307 6728
12873 19921 10814 329 18038 17566 18882 1696 3539 6257 17305 5798 4815 11687 14003 18794 3329 16092 6615 1622 8909 17877 6362 4694 13316 19093
18029 14983 12766 16034 3638 19921 16726 11733 2582 11657 3568 1186 11488 17905 9524 13157 19979 2546 4392 17344 1272 12426 9574 7200 19407 3622
3118 2184 17986 19419 9847 3483 8926 6155 17561 8053 12310 17067 15586 1282 264 8822 2143 2306 13773 14889 9747 11498 19838 7719 18053 14006
1331 12545 5757 18611 19969 4787 11889 11281 9209 5005 6058 11476 15266 358 13858 14040 6518 1326 6809 17529 4177 7572 10882 18689 18727 18042
17512 3217 204 15645 17780 1842 19676 1864 12123 5008 13913 27 13098 14368 12683 17414 14131 13147 16544 8953 8405 13385 9457 18812 19190 8192
17651 12691 18953 7984 10384 7903 10541 2043 7785 15653 7540 1202 8897 14667 12801 15702 18401 4515 4257 5252 4387 7630 14261 15142 2543 1603
1213 13161 6595 5867 4109 13427 4963 1486 12743 15555 16496 11861 18785 19973 5600 11196 3158 10139 6010 13366 15657 18014 8167 3212 9780 17752
11855 17897 6905 5579 3279 12508 9738 3257 19039 8768 15939 9736 10982 19009 3273 15445 18465 862 4251 14073 18144 581 14230 7427 10922 3622
16080 8767 15694 2183 15366 699 6047 10133 5778 13264 17618 13224 12867 105 17907 10792 19490 13463 6361 8466 11475 18006 16173 12037 3126 19463
12163 663 10745 5524 10460 11943 14896 3959 2873 7744 15421 4736 7575 4948 19388 5994 12594 1490 11019 6910 4884 5973 2798 8615 2217 10345
15738 2187 18147 15137 3930 17071 4546 11126 10993 5985 19391 16059 18322 7946 10776 2144 2072 1040 6853 14468 3104 2648 14211 3669 16320 12150
5073 3289 5417 18932 7802 10557 15004 3633 5589 15473 12051 3317 13945 19094 6043 4662 1164 9451 10233 14013 15226 13503 5577 18392 4340 16133
19610 17826 444 5719 15419 14991 2111 15829 14311 5507 6589 13192 2541 8902 15910 8272 8502 3389 6692 16931 1250 9839 7255 16420 16978 11626
13037 17898 10504 11242 3641 362 3058 10485 4308 16785 6016 15893 10729 13550 193 8145 18037 19380 489 12513 10126 18741 6140 8174 10657 6180
15082 3082 10254 18081 19200 6312 5848 1910 15918 5535 19462 17047 3889 6897 3658 414 469 11187 4484 4326 5105 4365 3904 14752 5467 12748
6486 2012 10379 9472 6266 1292 18339 4001 5476 13808 13989 18406 14221 5181 9897 5884 7169 2324 13106 15166 7508 7631 2483 11098 12781 12777
7715 1057 14693 19199 18742 1969 962 33 6832 3079 8210 15042 676 13515 19661 13684 14736 10317 16947 19483 11323 12053 9107 19764 1783 19607
503 8197 18278 3209 13389 15480 6904 19336 12605 19947 14121 362 11942 7445 18085 5051 17388 5438 10167 3115 15187 4428 10316 17571 8415 12376
19118 16055 14731 16475 10371 4104 8111 4838 6644 16027 18641 11077 14765 19626 2004 12317 19549 1433 5529 12658 18825 9401 10150 5339 3208 14561
9910 15454 8073 1034 8128 15783 15350 3380 13144 7142 14317 19998 12911 8321 11624 3084 18951 11234 13405 2527 17720 18992 15327 6771 18168 11602
15464 19893 15163 18287 4787 16860 6625 3816 12920 2736 6315 7535 13115 4650 7730 16831 38 15861 596 14939 17794 13953 15229 2499 13638 1334
16865 12415 7337 17938 8555 4819 2160 14849 4960 10908 19234 1050 3592 1801 19942 12199 19059 13296 16680 11243 5342 4025 3606 9606 11716 15353
13459 19496 586 16677 19535 3616 14642 3467 14514 13840 19480 4724 3688 1542 17805 14384 4160 17430 8799 6778 12758 10218 4107 9953 5322 18255
3022 11056 6912 2276 19062 15653 5217 4071 11470 861 2529 15542 1212 1742 11328 10990 18357 14630 16136 14304 6212 8070 4814 7346 7591 6170
2463 4744 7082 11096 14524 14370 16373 10511 13607 11266 10500 10867 2294 10149 3642 11901 15723 12656 19198 4585 10916 17703 19549 9797 1222 16402
14623 4781 12584 2462 18433 4583 11199 10309 1316 12752 9316 14077 1324 1917 2610 13194 5083 6779 10623 2869 13524 10861 3273 985 7788 14977
2089 13907 4009 16884 14187 4383 11525 7540 18148 18395 10236 10181 17209 10505 17488 1492 6484 4693 18481 13314 14891 10126 4295 13194 10269 19157
16018 19000 4707 2662 15166 15638 2553 5069 13345 4399 4637 10554 19024 13821 8196 18938 12496 19255 14118 4619 12066 3940 9359 18156 1445 6787
14355 672 2724 19039 19063 1716 7297 14010 13244 16774 12151 6142 4437 15397 11143 3788 10005 11662 6745 10511 15408 13328 8880 17118 2948 7754
9806 1736 15078 2994 11022 163 860 10780 899 18055 12786 13040 6497 1999 3155 141 15994 1469 5954 13390 15223 14727 13283 4206 13121 9172
6681 3745 9714 12633 10608 4290 8347 13202 588 6224 6196 10872 11395 17446 6602 7653 9952 15528 14308 7877 2935 12498 8635 3127 9388 11522
14994 19955 17484 2176 5897 13266 15018 11362 6887 15964 12811 6604 95 15382 16073 1613 14881 5148 13061 4911 19878 12832 1570 15882 10777 2311
4706 13344 8646 2372 875 15484 15347 4935 19857 2223 13488 6500 12583 17509 6518 14030 6813 1920 896 18106 15945 2978 9236 2366 17383 10668
6597 10080 115 3132 7473 1684 17169 12130 14217 14585 9170 5951 9476 8040 11511 5264 5217 8221 15452 1760 14449 5141 12078 1568 9967 19395
7612 3640 6723 9326 17858 4284 4770 14984 2079 2209 4334 13645 18038 18890 6337 10562 11831 19652 12061 7078 7188 19860 9679 15562 16075 8184
3965 4728 6901 180 13546 13884 19790 14825 15061 515 12024 14041 13092 11415 19539 3500 14707 19923 11398 13634 12476 1709 8405 15030 9965 18846
5993 2490 369 16124 7179 8467 13498 8779 1819 9178 11402 11714 8634 10150 5961 2308 1760 15721 11343 18674 10989 12286 9769 6821 3879 4715
14939 19059 4854 13511 9277 6944 4617 14065 10094 8285 554 13845 6910 17016 1418 12934 13376 17049 12961 14945 19367 5698 7071 6707 12403 12322
1490 473 958 16232 1301 16915 10545 12875 13941 3558 4210 10391 4323 5565 10933 14070 18009 9756 3522 11916 16168 10312 19148 2766 15051 4075
3122 11829 13478 8180 1796 19148 7342 5822 17380 7048 16266 8927 4043 15921 2784 8412 6295 17723 8340 6180 14079 18680 13121 150 19150 1923
4064 14753 5911 18809 10117 2719 19946 4473 9314 4132 9763 13455 9936 4427 6105 17662 1416 5855 14677 16210 3270 17002 5093 5646 1212 6352
5365 5151 14166 19139 17861 10397 1550 1306 8229 7024 16752 10841 12290 17531 5326 2954 8102 2471 19673 17670 16496 1354 1253 18442 10078 1643
6510 9272 13266 3013 7277 11994 16356 13272 15763 11383 9504 14064 15247 2569 10093 14002 17443 15802 19774 16146 7654 59 4421 3188 8183 1196
1991 3681 15665 3902 10249 6440 12657 1028 12547 9783 17672 10073 2683 2157 19052 15703 10335 942 14439 12184 7917 12436 13931 18359 10090 16951
1061 2801 6380 8839 16921 16821 9687 10926 2882 6712 486 13091 6618 5753 17250 12736 9975 14695 6840 19292 1817 5574 16793 1586 510 7659
19386 760 13226 11662 15127 7305 5041 10917 8894 8722 11809 10842 6317 16131 9280 16000 9709 15754 4058 188 10286 12897 11325 1008 8963 222
6618 5046 7588 13839 2607 18300 378 17568 2836 1742 1061 12497 8817 17165 13167 17991 17365 5186 4593 6630 4579 14920 8597 18436 19491 8753
11603 9679 11848 9847 12797 762 10265 18823 4597 19744 459 18168 3255 14523 2228 4082 6786 19955 18206 9877 2472 2109 16796 19482 15159 8787
9989 406 12115 11372 17239 17203 18928 17450 15427 9801 791 8929 13287 1170 17767 18716 4471 7391 4719 4096 1152 10297 12285 18166 11830 2266
9156 8071 13580 3889 17330 8971 19059 3797 5348 9990 7876 1662 17664 12595 8753 5423 12938 5181 3515 19675 11784 2231 12135 2751 7172 12667
3147 5823 7290 12506 18762 16695 16605 3746 18625 1823 19411 13297 4999 16286 6041 16750 4804 5170 5718 9450 14929 2140 1116 1886 16406 19896
17051 8572 1568 15855 11359 17929 18955 13088 10594 8186 7782 10445 6330 10644 384 18359 7834 14317 17018 14011 3141 15394 5723 17464 9848 10107
6859 4366 19666 4767 16518 14601 3759 14800 9010 3978 8808 7302 4854 15310 13984 14181 9640 13232 16565 16538 2093 18243 10263 19750 993 16148
1735 16364 4550 18693 2517 2838 17764 4618 10035 18905 13707 4874 7867 13448 19344 16146 10687 10990 17714 6413 17441 15660 911 1279 3016 1208
10705 14987 1884 5993 19664 18390 5544 12546 5744 6770 1417 2926 8894 5027 13935 1114 17447 9213 8368 13087 880 15791 15461 8199 4215 18930
2317 14742 1296 6055 19480 18809 3052 5613 578 1920 9241 568 231 10209 1490 13106 5574 1929 4152 1813 19570 8369 4463 17098 19886 19730
11230 1726 7903 3087 3818 9996 6450 7155 986 15967 5946 17764 10876 11696 11843 18482 13113 17983 16853 7349 18384 15813 11651 17392 14600 595
18344 10777 1998 2443 8423 5578 11682 18956 12267 16614 9316 7373 8941 4424 12761 16731 5603 7346 19291 14706 3712 5442 12658 6689 16186 5685
6112 11855 4542 18006 9026 10842 12165 14689 5038 14914 14515 18747 17521 561 10653 9551 17770 9189 12904 5981 1418 3263 16520 810 12102 2140
18242 14947 7485 8408 12463 13307 3179 15931 17857 13349 1926 14319 5211 17626 10470 3051 12281 9668 10405 15284 14033 11534 12706 14139 5851 16375
2417 18021 3471 16177 18598 1388 10942 14758 7986 9616 11984 5491 1889 15760 6100 8283 7992 15382 5057 3163 1368 18054 5615 6652 2110 10499
9334 1970 18975 14107 17405 8101 1132 14210 8592 5966 3193 17808 5292 3449 596 14235 12989 14729 468 10367 4332 7650 5917 5181 3555 17971
14822 3296 12769 1044 7151 5287 14962 15952 4398 12080 17490 6512 561 10429 9209 8349 9681 7084 19188 15591 6168 146 17790 15235 11695 10939
10905 17754 15398 14812 4456 11071 8987 13612 2751 2339 14304 3718 1091 19181 10942 16726 384 18067 13033 3371 4635 15445 10686 8201 14764 4890
14259 12119 16635 11537 15892 15035 253 13118 16758 9120 10183 13708 13673 19474 11897 937 9686 17589 1312 13853 7108 7843 7683 17746 2819 4528
1829 18037 5446 7116 14700 7456 19972 1054 13757 13045 5440 16166 8137 9076 4544 18361 15759 19406 9596 9495 3494 13894 16577 13551 16303 14594
10308 9354 10178 9414 14130 373 1128 16360 18628 3702 11775 11134 19394 5062 3096 18865 10039 10019 8738 13458 6792 11199 14621 11811 13516 9174
4083 13399 11838 113 7669 3835 11604 2918 10851 12129 16025 17733 8156 1742 718 11182 16090 9759 2879 15423 7511 6009 1666 11670 17750 11761
13443 11055 17206 1424 12730 6243 16248 14453 8102 15340 11549 11667 1610 1189 5799 10754 3217 2200 10728 15192 17830 3968 14704 5171 3907 4069
15039 5751 18187 477 3286 11881 2515 19690 14664 19276 9581 8709 14671 11967 18420 15436 12623 15655 8747 960 3891 14500 15648 18997 17602 13201
816 18992 19570 4477 10268 17932 17639 2074 3888 7210 7614 4325 1058 2097 8316 7282 5863 6465 15309 14047 1122 13594 5388 10925 4712 5546
13497 4683 8528 13516 13239 9789 9110 11898 19474 15914 16224 4248 17513 10812 7971 2394 16300 9242 243 4727 4918 14499 9868 7684 8027 2845
11319 6905 10750 11152 3501 12745 18969 16774 795 10796 5681 17679 3181 10292 3750 3340 2517 15358 2799 11746 3654 6927 8820 14491 316 4896
1483 13045 3455 19864 16712 17922 9192 17848 8977 3078 345 15837 18015 10030 19849 4212 13732 193 11947 14784 3248 10169 16544 19636 14420 18376
8908 12177 14136 15251 15729 2299 11087 14322 18314 1801 6265 19907 10559 16331 14932 13862 2207 12863 7547 5952 13833 16471 17466 13915 2774 12262
4144 12481 5355 4327 18198 13734 10069 6677 13769 15310 16502 13868 18885 13930 7077 9736 747 16111 6648 15214 8521 19768 9064 5500 5058 19980
5418 12081 10683 6438 9545 3009 13762 5183 17972 9965 3898 6812 3920 8822 17791 5781 14668 3103 10159 7893 16762 7235 5422 14549 18197 713
9969 18445 1204 19507 6937 3643 13368 5433 19340 18035 408 9891 2682 10883 10569 6723 6576 6709 8747 18916 5758 3015 2098 6535 17236 3145
9460 16230 5964 5004 2429 1826 15020 19230 12383 278 7115 10805 11917 1688 11493 3782 10472 633 1412 284 8414 6070 251 19667 14949 1683
677 13753 8089 6370 18915 3145 18027 18789 12400 15165 838 13160 7183 18366 12915 8621 17665 1902 4650 19261 4924 15423 3944 2286 17247 14310
5079 9818 896 554 383 1787 17547 10655 4882 15596 4433 1000 14556 916 16481 6091 8811 17555 8551 19278 7392 6356 9478 13097 16867 15532
