365
30 1 79 88 50 67 57 51 44 81 40 15 12 7 30 32 97 24 3 49 67 33 91 64 6 10
18539 16191 4518 17038 11242 18972 2302 742 16180 17385 1311 8122 14498 9982 6244 1025 7032 6110 8418 11151 14225 2553 9007 16462 1634 19179
3778 19101 6407 7439 4460 19752 3977 8420 14337 12124 5166 8284 4854 5533 534 5193 1406 16488 2452 9142 12532 16620 13785 69 14151 6667
7904 10217 9626 3228 15484 33 5803 4018 7327 13675 4381 8744 18612 10576 5063 16226 5655 19227 3872 12553 14494 5661 8622 8930 19567 3011
7084 18773 14678 14332 6021 460 15827 11973 9496 1536 14763 18842 17231 17438 15299 10482 9496 13292 57 19569 8937 7355 12715 14968 7823 1872
8076 14158 1639 10449 17812 47 12411 4054 16802 3836 18180 5221 13373 17120 842 2134 3525 1693 19836 3652 6252 6403 12104 13529 5811 8272
13097 15056 5037 13188 3202 10885 3642 8550 12402 11405 7332 11756 16079 3396 11770 8546 6366 11059 19243 3540 13952 6185 10923 19991 12693 230
9812 9521 13246 1041 2895 6062 12070 16893 17815 541 17481 5352 14231 5611 10137 2208 19013 14080 5484 13188 16994 2743 10130 7349 18502 6792
6010 3343 360 15022 17590 5455 14760 15889 811 4615 4748 880 16450 19570 17384 19540 18678 10727 549 6310 15861 15583 10327 19830 917 8389
6072 6409 2703 5146 17914 6340 4531 12860 14432 417 4562 18816 8253 3572 3481 19631 9910 4573 5337 13177 9625 17388 11963 17124 6583 18290
267 10410 13056 9020 16691 10884 4903 11532 2725 275 3536 9940 13788 19416 586 13364 18514 5845 11330 1637 530 4394 1941 16488 3615 12903
7862 19667 13003 2371 453 14810 2333 1093 11262 381 8682 13977 3584 2384 11786 8950 9012 1017 8449 3306 9601 1043 5395 16356 64 7256
5559 10865 5928 982 13122 7367 4701 12265 12994 10399 19751 17575 5442 10912 12682 2763 4361 11506 1503 4251 712 5034 8558 2329 19133 5686
15120 758 4231 17700 7675 9241 805 11268 12159 16198 12774 17668 17555 11530 3852 1578 18337 7610 18644 19710 1782 15518 18085 10618 595 11819
4847 5587 13968 11070 7839 12412 13186 16740 5975 18031 10046 4539 16164 15413 18992 12360 1598 9323 6581 7713 13354 15247 11867 3963 2132 19834
15272 8245 2614 7571 11400 8012 6915 17327 17582 16667 18406 6612 19539 10416 12930 7076 1056 19169 9776 10273 9252 5356 4597 8326 1853 15143
5073 7500 2449 2262 13124 15297 903 5003 18824 12233 1572 261 19070 8307 6418 3121 18855 2814 1960 11487 15955 9258 3285 5175 15838 3445
198 9444 13703 14984 11060 4137 10404 16742 17272 3646 7132 15484 15555 1961 6602 13888 17856 16945 11952 14257 8909 18262 1549 13016 12226 17104
8209 8047 19358 1850 19675 16369 16029 9358 4487 16127 14938 879 7619 969 4402 2579 9909 5677 7587 15357 5991 17024 2677 1060 9561 14428
16119 8151 15345 18327 15914 14838 14550 18210 14095 1641 19196 7221 338 2695 17213 3140 7547 12672 11507 4201 3651 19196 6174 4488 14568 13036
18873 2241 4106 13162 3375 16236 9280 9607 13040 13824 947 11319 18027 17101 17117 12575 13074 11848 19106 14057 12030 11893 16877 12679 2927 3452
12026 9738 4342 9951 10479 4666 14732 2844 431 1491 13935 5461 2121 19119 18118 6611 16462 3925 4292 10968 10256 4204 1213 945 19822 996
3819 3416 17355 5476 1361 12166 6275 19102 1247 13852 6166 13082 4941 10706 7904 1411 4347 3759 14744 5233 13306 15502 8122 6844 7978 8382
6807 13186 6439 18137 11932 7777 2883 8367 18437 9910 15100 2672 10332 2267 7070 18158 9048 13854 5833 3392 9957 10555 6794 10290 6543 8054
16128 663 1963 9246 1800 3075 13078 10866 9832 15551 3986 12862 10727 10464 6503 8962 19301 12357 12922 5700 14405 13579 1713 16901 15434 18740
4175 8245 16475 13549 3310 3665 8902 4953 5394 1322 9659 307 8681 8788 27 12199 16233 6848 12765 14614 3514 2502 14611 13852 16147 17825
8943 16205 9334 10223 18554 14817 3371 3809 18223 19452 13576 4222 13616 4576 16305 5511 10774 6479 11851 8749 1463 1914 19706 15767 13040 10145
2597 7773 11129 7148 19463 13631 15317 11457 8644 2118 11445 4078 9325 4503 18032 14813 12545 9232 3727 1083 8401 18944 2347 3436 19865 10060
549 19992 4287 8234 14810 14230 7457 5228 4060 16896 9812 8542 7629 2550 10662 2673 14500 11604 2284 11800 15787 13927 16552 18897 19382 2484
1181 3336 6934 10399 4757 3759 8110 11447 14930 9541 1278 3033 16577 16178 6213 1136 13024 7170 14028 7088 12332 8167 9283 9976 15027 13079
1627 19611 16664 18609 9648 5917 8482 2716 17439 2773 10635 6628 3137 14630 165 15830 13820 15726 5832 207 1398 14269 15557 19522 18349 19153
3990 19743 4798 15708 12501 15486 15052 19267 16371 236 3327 3986 335 14177 5430 170 8690 17202 14027 3646 3315 7120 583 2121 12322 8743
4955 11341 1726 15484 6406 5223 12313 12716 12198 1321 2602 8653 6885 14499 9791 2908 9419 11198 16133 15771 7865 1835 10364 483 13999 16216
18692 3426 1970 18219 16757 7051 19366 14599 16311 6592 759 4881 16426 12885 14772 4263 1381 9576 11618 14971 4052 19176 14490 6148 7314 18592
6118 8887 18613 4673 2445 2118 18637 18489 3985 3801 6193 17364 13479 2247 11967 3785 16581 1655 1465 9205 6750 19966 1905 9496 9237 16580
12472 14044 6624 16535 18743 7477 585 7084 13413 10827 4805 7309 15513 2322 9195 2983 16861 17420 11054 2856 5303 17378 18515 17883 5754 1326
6526 16288 14439 4386 7516 5670 19509 16970 12332 17205 1242 17952 19060 19319 10950 12959 8873 3235 16055 11521 18097 290 16810 4885 6158 13309
18670 9680 17141 7332 643 6562 17748 10691 16941 7724 5275 1 7288 10262 15840 3407 3724 8913 5978 8946 2549 4307 496 1043 6150 15049
6290 10024 12534 15757 14583 3879 5394 1982 13858 9704 9968 2087 15382 13398 14594 13629 4917 2163 13103 9633 966 19767 12301 3317 18402 2132
1945 3533 1083 5476 12248 15981 9652 16333 19573 15995 17796 5852 10214 5633 11359 6542 11189 18426 10223 7129 13297 14942 18494 10790 1714 10098
3600 15998 4713 11212 14706 485 9690 14274 12584 3051 18043 5874 15336 13442 15924 12527 12668 9511 17732 14977 814 1448 6742 8724 19044 17102
16757 9047 9695 3715 8825 6230 9254 19192 19855 5331 1857 13240 9336 18270 6729 16821 5821 5490 12993 13952 14371 14944 6524 19584 8663 19638
12089 6134 17462 2728 1765 18938 7588 8006 13592 5094 5692 6327 9531 17755 9759 2212 16856 2171 10689 15133 3481 5873 11927 10782 16948 9732
261 14178 2639 3452 13332 18290 555 9965 12939 12963 14238 17230 14958 7808 14066 6817 11576 18129 19708 5822 5179 5124 15267 5726 1411 16864
17404 16844 11154 3767 14253 3614 7816 16303 12034 8720 838 1398 18203 7524 14034 4045 14361 16522 19168 19660 19009 1602 915 7983 7812 14049
16115 2265 10723 7612 6227 11643 16002 9560 1501 16625 2853 19924 5989 3933 6144 14255 1289 12308 18365 327 14652 17078 15170 19263 8148 1336
16769 3586 5280 4836 18437 6684 11293 1985 13447 6413 11963 9699 5881 18757 1932 13057 8301 5238 10963 18554 14503 17125 8166 5897 11179 5362
18724 10924 2348 7513 3137 11464 10516 9593 1669 6248 3194 10114 7448 10671 367 13514 1227 10424 910 9885 7347 17923 17110 2557 8350 19585
19082 9290 10340 19396 14804 10745 19091 6171 8723 11091 19201 8753 3780 3536 11633 13152 16888 10403 14518 6675 3606 11045 2038 2881 10772 4115
5874 16306 16911 15042 2852 19453 19437 14175 10045 18207 11238 19464 9608 1709 4162 1245 1254 8806 13882 4698 15972 3302 8832 15956 7431 7197
1124 8260 1412 10650 1296 17027 7726 10818 12030 16286 7961 8202 4290 8030 10952 12282 17938 11887 13260 8224 3504 6631 13060 12973 14767 18811
1190 18127 9357 13273 3581 12947 14075 18432 1748 16596 16796 9900 13054 13354 16494 1357 3406 10854 7015 7433 10724 16862 4282 58 10278 14651
4706 14824 14337 7205 12083 16367 16025 18034 7783 3115 9180 10896 1120 2835 1714 3570 3878 7481 4455 16476 6225 8236 18848 9754 13629 12549
6387 9568 400 15509 9840 17942 748 15159 13108 11210 866 16281 17525 6904 2568 16351 12571 14966 16094 15489 6349 1763 9466 16708 10702 2149
8984 6539 397 12265 13090 8883 770 15818 9958 1867 16738 11084 8055 11829 7425 9873 9783 15676 18396 1359 13308 17132 3547 17771 17139 2412
11574 1664 19665 11705 13591 5992 15893 3588 4413 3677 19086 328 19955 6583 2589 12956 9973 15859 6254 13796 7128 5688 15440 14151 12344 8350
18201 12634 15690 13521 5756 12398 6810 14842 447 12808 19816 14848 6355 17745 15929 16165 17402 13003 5114 5976 13665 8708 6281 9357 9538 14879
14173 6773 9911 10944 19835 12512 3858 5779 10301 5009 6537 1031 13676 17720 15248 9300 19719 15766 4119 12386 17562 19507 5646 13723 16885 14324
12463 17565 17245 19253 15253 7872 15628 5770 18714 1069 8980 8160 6625 7240 18879 13874 13194 4312 13211 8375 9993 12474 18918 15744 18030 14768
6028 14326 19221 616 2720 2079 9567 17711 5083 18638 8721 14 8416 2293 2045 2934 6059 10675 9549 13727 13240 17972 6025 10078 351 1877
770 2522 16470 7470 15026 12461 1105 1596 4184 9068 2965 16810 9175 9390 17672 2792 19970 6050 8683 1463 13334 10514 1271 13522 10785 17262
14326 15481 25 8290 4443 14921 1620 1155 19272 1159 9440 5336 17820 12381 3437 17952 12899 112 6657 7468 10443 17628 5994 15354 17860 16539
7870 7045 19417 17673 6946 5646 8715 466 6408 187 17166 2771 3646 13595 8683 17528 3304 4451 8127 5546 326 14091 7425 15855 19032 11790
15240 9579 7512 14577 19179 16712 11623 16410 7168 7702 15297 3940 4843 5347 385 5134 17418 6484 3214 9727 8416 4523 13558 7312 16945 18983
8775 18639 18531 13002 8973 9287 6317 16961 2445 3094 3729 16126 2742 10329 3528 6909 19340 3827 5790 5209 5862 400 16071 8184 14945 12362
8495 11962 6219 12725 2890 12982 2730 14484 4698 7471 7382 6543 9989 9423 9336 6444 8998 10689 16854 10231 17890 9480 602 6100 3643 14247
15880 5834 7272 2589 4816 830 11489 16190 9423 9518 13705 4647 5674 16518 4732 6305 9465 15858 2444 12093 18889 14819 4546 16163 144 13417
15080 9842 7573 5863 16221 8065 6903 2528 965 16503 19930 6146 8796 7151 10315 532 11826 16098 17752 2576 12023 5375 8666 3051 7758 7917
18132 14007 16903 2479 19621 19356 12337 18199 16019 2522 19184 6881 4740 8820 8338 18798 8180 18252 1797 18192 9932 358 17664 3307 18316 19368
14865 4854 10849 15865 6665 17156 17768 16101 14057 19114 16877 3672 17062 10026 5580 7328 15902 12355 10560 13093 2958 5957 7083 17245 4838 12202
12178 15885 6196 15380 8633 8577 12357 7632 3635 13241 15335 8468 8204 16943 12084 6715 11378 9704 14570 18633 3124 14775 1099 16522 6492 19962
2285 14789 17845 13305 9959 12311 12358 15048 16615 18889 7350 6016 11996 1039 11612 1109 5405 17563 16341 14137 2372 5228 18763 17462 9844 1140
12123 13961 5185 3783 9079 12424 4690 13003 19515 4101 15486 8596 6161 18437 9449 2146 8736 16399 7470 14870 11758 4116 11899 19068 2826 16819
3392 14503 656 12718 9309 5862 1735 18015 14348 3024 17269 4250 5822 1884 9541 15667 2571 7836 7375 18483 18041 11043 18019 15535 3515 4418
8914 13176 13905 11247 9026 12427 19133 9627 1975 15498 15928 7422 6239 17774 19545 13370 9939 19068 14809 1492 420 4155 3014 11054 17853 4019
4969 158 11023 4076 10472 10586 9485 17072 14918 3331 6545 10671 15334 10520 16677 9341 2033 17456 3278 7756 11792 1367 482 6503 13951 714
9521 9784 564 1164 8215 1802 11757 4346 11440 9059 6571 15652 5703 2563 7690 16280 19488 1152 6701 10506 17791 8078 13343 2072 19750 19908
16751 4067 1534 16896 18330 6558 14180 9168 9916 14660 6104 15667 15700 1899 15611 19479 5339 4143 3864 16082 4213 13763 12341 7717 2855 4913
12946 7998 19441 2493 18097 6639 5052 2705 162 1293 6940 19069 2904 839 10607 13204 6111 14911 1989 18101 4140 3042 7690 11532 8990 3690
5157 15173 7164 10905 5326 5975 13082 17149 969 18212 1575 5808 17312 8084 11646 7416 13405 1274 11735 13985 7363 19189 5819 16440 4612 1797
1383 6657 10444 16571 16969 8242 7908 13830 5809 15133 7552 3097 7882 11211 1691 19612 8604 11679 2736 7822 17853 4679 3138 12605 10437 16836
7102 14957 4075 14544 18773 16915 10818 9081 18731 15027 9959 13119 7663 14899 13989 14968 16508 8327 8561 8376 2115 14859 11675 16305 6895 1849
18980 9240 2783 19717 9567 3963 7061 18751 9031 1136 6760 17479 5219 14027 6637 9862 1285 4307 4386 14860 11015 7218 15224 5524 16219 8827
19696 4130 337 16984 3547 10517 10363 16353 5933 9017 16130 7376 2241 6839 7352 7716 19630 12305 13267 12589 6146 15756 648 14800 11613 18991
6585 19409 13788 13884 19897 13729 7378 5271 14983 1437 8465 11160 6927 17569 8617 17349 6541 12185 16132 15117 19170 3445 17472 9560 6239 11997
16676 11307 16388 14355 15824 7655 10406 8659 4936 9099 12274 3815 15748 12943 12156 7347 9695 10126 8777 12807 7136 16134 5641 4316 5405 4074
8065 11802 9253 11390 19870 1223 4266 11630 15892 17260 19767 2081 8171 18366 8015 15766 3064 10761 5319 4115 18452 14027 2977 2839 14679 3189
5435 3710 11904 19549 11570 6007 17074 299 3041 15135 15788 2553 15324 11090 19970 6296 17236 14430 12401 1559 6130 8460 6388 10512 10602 3834
1046 6951 2734 7639 8354 10181 12261 15023 11220 12944 6349 12868 2761 12259 19261 3573 6321 7023 4382 13125 2075 14480 13812 15824 14970 17268
10751 10959 5651 12592 13910 2273 17700 6317 12720 15984 11029 19259 18711 5326 14568 5261 18969 8485 13521 11268 9721 19878 15342 2713 6501 11100
16366 11858 10388 18262 12685 17307 7531 14090 13759 5235 13764 12633 14413 15583 8266 11082 19418 8238 11340 11359 4950 3808 3004 4854 19113 16555
10011 12409 6553 2311 16865 10668 18957 9308 10259 2415 14621 17870 146 8512 2874 19294 19351 10796 14832 771 156 7617 16687 3489 3662 3634
2240 12857 19306 16076 3631 8584 3208 85 2226 15585 3647 7720 1891 18202 19561 11875 18452 10551 12799 14796 5803 14028 149 187 2848 17854
18097 14152 1740 1026 6867 8748 6396 7804 295 10881 4939 9328 1866 3838 17872 13902 19616 19944 783 7160 14415 5706 12451 2763 11029 10663
17461 14925 3628 7704 3778 5046 15514 2054 200 13222 3891 15745 13222 14972 4407 11474 19471 6089 8462 15005 18859 3794 15024 9765 8597 6748
4777 2920 4335 702 14523 12877 8873 12436 91 6074 14381 9853 8430 6634 14158 8332 15997 7708 5979 2964 9639 12009 8367 3416 5699 18892
11638 14985 13194 4103 9979 5170 4374 19629 354 9527 13736 19809 17847 7503 272 7100 6329 11325 19771 3674 2550 7625 17938 11447 6357 2259
5652 16029 18889 13242 3135 8346 14571 10802 15578 10716 17678 18359 15744 17818 6028 18011 6922 14266 13672 16214 6414 6750 4033 1823 11317 6471
1118 7719 18764 5171 14593 434 16420 11123 14056 5358 16601 19729 16948 12001 12259 14012 10334 15121 1527 1318 2287 19710 108 11864 17436 4474
16040 15564 12619 12644 9185 4153 11774 12212 16352 14308 8428 943 12940 5010 14845 15652 16419 6011 10836 6131 3487 6675 14484 8218 7235 9354
14570 3057 7742 18112 4505 15312 2519 3639 6969 14062 6820 18576 12151 19832 8288 10717 11513 15114 17039 4842 1442 897 14321 7729 281 10178
5743 4445 618 10357 6117 2919 18894 10669 18051 13612 192 17869 15934 13467 15193 8562 6518 1682 15806 5001 14321 6495 130 15404 17699 6708
18980 16584 13237 5413 13634 19991 860 7183 12073 16922 10866 9631 2732 7322 17422 13182 16947 47 18502 1022 14499 922 8160 4912 6656 17307
11819 18229 16866 9958 9521 3381 4384 3637 7675 15165 8431 18581 11609 17959 10713 11319 3955 17905 6872 10658 4286 2402 2998 7295 8686 10094
1377 259 15537 7570 998 19457 9528 1295 6440 15035 14395 19354 11586 18661 4551 12756 1705 14880 19050 6909 10482 5264 7199 14512 13415 1770
2768 5134 7617 4575 12786 4871 11825 4202 7901 16002 5596 3488 3212 33 9497 14069 13565 13346 8043 12250 4467 15681 4865 2819 17367 11710
2390 13076 16446 5928 14104 11077 17574 14088 1974 4792 19604 6501 7212 11668 6610 7259 5028 4424 8455 13025 13260 1729 16770 13618 3853 4939
12800 7327 7305 13111 16852 19748 8073 14899 1826 16909 14671 6043 14711 18876 5344 6575 12265 6315 2930 197 3568 7662 4410 7549 4271 2817
2258 18502 15661 482 17696 17749 12271 2009 17749 13511 8395 19158 17885 14081 7767 12407 1565 5635 1805 5360 16195 4942 4878 3400 17046 2846
9715 18407 7568 7391 10159 16141 16660 12319 18636 155 16393 12169 12612 18896 7373 7263 13876 16513 19413 5592 706 9471 9309 15343 2999 2225
17064 695 4640 12545 13360 14668 16018 16466 10070 6004 18793 7759 19994 3392 11090 6172 1023 10049 18369 9244 5132 5329 1284 2930 11542 3206
18399 8882 7240 1427 18759 19415 3934 2751 11960 7629 8886 12209 5786 1639 6620 2323 3688 10605 9323 13221 8073 8618 15989 4137 16229 7707
18725 8766 3425 11669 15100 18005 10670 13734 15185 8478 12051 15819 213 18729 17735 7810 14389 279 19817 11210 11020 6592 13628 3216 5297 6695
16099 18777 13892 6764 531 10770 16274 10268 14678 1091 1767 1599 17193 7845 16225 13594 7527 18828 18215 14356 5587 2557 5854 3844 19739 10231
16923 3569 9237 4132 417 13114 2366 6695 18494 13073 7031 19664 5313 13912 2701 17563 3731 3335 18175 13725 10219 11785 8426 15818 6094 8875
7174 8548 4539 14149 13344 2691 7760 18331 6125 4529 5897 6290 16062 2462 10033 11338 3139 3771 19566 12786 15368 7422 7957 1309 9530 1346
1514 5337 1542 12696 3468 12755 17945 17951 5568 6389 6502 17569 269 1167 14435 5469 2041 5095 8717 13845 17330 6500 17379 8492 4299 9518
15530 9635 16486 12653 16338 9000 9415 13713 5793 10860 5676 19288 7872 6176 2434 17521 16440 4253 5891 7653 9870 15648 5578 9284 16770 5073
19246 15290 12835 17442 4323 3036 9622 3029 17000 19896 3802 7725 10384 7933 8469 9128 19326 10557 15357 5090 5162 2482 1102 6053 14938 8742
14958 11655 11088 9109 10880 8144 4393 1474 18168 1763 9232 17474 1993 7796 14881 19335 13532 709 6398 18609 17917 10103 5607 1517 6854 3303
1052 11110 14174 1648 18211 1694 5607 13145 3673 9311 1822 10008 12108 18617 16407 14082 12863 5868 181 16743 13 18142 4424 18715 13800 18457
14868 15428 5448 10894 10341 13290 3428 12294 5715 12197 14712 10481 10903 12794 1423 17598 12980 19007 9574 5873 5866 3300 11288 13299 13488 5397
8644 5712 2527 1055 16614 2248 12766 17991 15219 3186 16619 906 15264 1599 11882 826 209 12897 15321 4451 16836 15397 1710 7954 15012 18094
10829 7692 18319 8 14076 7623 13400 17368 2747 9059 17135 17570 17772 12549 7459 16611 4891 15420 17934 18320 18519 2494 932 19054 16140 15931
15766 6199 3259 9371 2284 18553 2233 4664 8906 9841 1080 8107 17630 8258 8008 11183 870 6656 1839 1578 14092 5696 12513 5181 12370 6742
13139 8177 11045 19884 15320 12441 13596 14866 19339 3874 7168 11483 10036 15924 8440 14139 5930 16604 19650 3124 11788 15896 13308 17364 14485 17652
19006 16929 18001 9120 554 13392 4393 6784 14145 7176 3078 18474 154 7366 11177 14719 349 12802 7657 15777 15482 3732 2309 10555 7650 14991
16250 19234 15446 2736 2052 14113 15758 11984 6467 18973 17375 2241 17561 12493 16359 11673 19017 1223 10138 550 3012 14023 2703 12917 2980 17525
19121 6681 19822 16419 8053 10416 15305 7900 10963 4392 18422 13390 9834 8635 7853 1776 18959 9680 1432 6473 11695 3439 6517 8072 10889 14064
16681 16911 13605 4012 9356 8335 5136 7799 14893 14390 8607 1834 2780 11741 13740 13719 14923 12348 13533 14981 5306 10953 10488 10114 6846 1102
9710 3042 12257 3134 4490 9981 10989 4693 6601 3018 5809 2852 19095 7607 14815 12266 6426 18113 11812 4002 11815 15962 4142 19748 18261 12353
28 1410 15595 2968 7707 9857 8083 5947 9724 1084 11660 2715 2775 11211 19872 7108 18042 2540 12741 5793 3156 15487 787 11970 6257 8604
19934 19313 17749 2469 3045 13090 6704 16083 1474 17374 15694 13093 3762 14362 6208 16188 4926 13148 5488 10954 13621 7160 12885 17962 16376 15699
12601 11893 9616 13082 2872 9729 7250 2647 5673 19354 5407 7029 6641 12724 16590 15391 5236 4749 9006 4161 16293 5020 2761 8862 5670 9286
6208 3422 17118 15252 8829 6772 12710 12991 5232 7815 16035 15149 1710 841 17644 8661 19486 14444 14104 16067 8397 3421 4537 9411 12110 7775
11938 15460 2544 1758 19849 13318 8536 1913 15385 6461 1530 11840 11039 18329 10610 6984 10579 13609 19821 8298 1970 16276 12295 12891 6737 18551
10198 15577 19730 13405 19175 5495 648 2063 12353 6979 2708 7824 11146 9730 11048 9268 5080 2395 14158 9870 8070 19227 1997 19431 10701 4279
9104 2210 9373 4466 9037 11573 7698 13372 2704 13362 15332 8238 6138 2147 5073 15337 9763 5086 11780 10018 3797 1926 9363 5034 14347 15310
9308 2706 647 8029 5831 15647 4516 14053 16151 17823 16167 4259 13612 9106 5689 9772 6967 14145 14040 13921 102 3753 953 17251 165 19180
16846 9715 9977 18962 7297 15467 2866 11787 16644 2448 14418 2137 17299 17016 12713 8863 7122 18004 7852 7916 12604 19750 11080 19076 17116 9965
1581 5572 11588 3071 18971 11450 5385 18242 1068 12123 15766 6961 2838 14830 6875 752 7459 10736 11540 13936 9749 14942 5604 2175 10903 13586
586 17481 1623 3391 4942 981 15922 19310 4353 15425 8879 3313 222 17434 4976 501 5063 17870 12472 5076 7858 9889 4393 10343 5984 6141
7494 9140 11294 3354 13994 17880 15958 4764 15687 5518 11151 17203 5097 2407 15601 6692 104 13269 13887 9145 1120 1194 7318 17059 3183 2602
14905 14108 9770 11548 6602 19535 11173 8184 11411 12621 1168 11175 7271 2209 4133 4729 10986 19470 3503 17573 10924 41 12777 5729 13299 17501
16676 14512 8694 6244 2530 14775 6458 12343 19994 10909 1310 12531 12413 5609 19123 19784 1476 7744 8527 1417 4427 263 6301 2125 16177 16118
3467 5864 2818 15144 8338 4465 11540 15151 2741 18579 11401 983 2025 8459 13064 9167 2436 841 4245 8011 624 290 1766 1183 17605 10562
2004 17660 6865 1173 12643 8556 17754 77 15702 14846 9788 17612 358 19399 6248 5996 457 9321 16171 899 1512 6365 3669 13313 14140 18973
5163 5468 4126 7518 17184 6866 15226 17377 15740 7867 1128 17546 10624 13410 13679 8950 8745 10320 10746 4516 7997 15410 826 1394 3443 9500
11060 10513 6307 3799 8620 15432 18642 19592 3276 19873 9202 15979 6859 10037 14718 14166 11666 10255 14992 15221 10228 15178 1009 1573 16068 13790
1754 7070 17592 18849 9339 9927 13547 4652 18682 19204 1855 8388 14607 3532 8539 4307 16003 1479 601 19337 7331 16201 6797 6084 16479 8730
10621 850 12922 3749 13659 14278 4584 2688 16801 7987 2634 5422 3254 1099 10695 12396 533 14778 9744 19833 13733 8088 19308 8969 14704 4633
4018 14327 12190 2232 83 1155 6038 3571 7632 18050 10180 265 17640 3916 9958 5006 4206 2600 9922 281 13665 7169 18612 8868 14756 11008
2998 7547 8648 8467 17034 2073 2249 6811 5621 3472 14313 6727 1461 16035 11497 12315 3527 10232 16851 18528 13131 18288 16072 18865 6799 7405
13506 5244 14322 5694 11338 10665 501 2833 8793 1604 12978 14795 2585 19643 4918 9189 12010 8274 17606 6728 11507 2784 3966 11370 7003 6702
2999 16894 7083 6138 8175 2608 10066 18378 1440 1316 2061 17684 18696 12972 10709 7335 10702 5772 10244 14157 13678 18436 1189 18662 16764 3170
15599 3552 2374 18443 13508 3596 17027 11142 7168 19724 17772 1134 18437 16381 6361 5648 19278 10576 8434 8857 15872 6426 5735 14992 10778 9580
5602 9644 2254 19607 15495 6569 19850 1892 15963 7498 11298 17140 14826 3448 10775 13254 1044 863 6776 16632 1444 16015 19335 17275 10361 15970
13025 14565 11779 10650 1594 6706 17146 18945 15019 9065 11218 11290 9271 15947 14791 7400 3741 17945 19246 16171 6672 15817 2107 19519 10571 16237
18102 11088 6334 177 4406 4297 18384 552 18442 19755 16486 5515 9964 4708 947 1749 6080 17928 1684 3074 6829 14118 9912 15142 8442 9799
7242 12363 15146 7775 17970 12459 15126 5485 5263 18585 8368 13389 12471 13297 5945 13049 19038 8789 9982 8991 10423 6723 1863 18057 19430 19105
19670 18330 19116 2532 17775 15350 8592 7759 13937 18442 16530 17134 19155 10177 4274 17042 696 19832 11080 4119 3249 14922 13357 17442 16108 5954
16689 12573 13271 1933 8294 1654 17566 11503 9427 14000 4297 447 11264 2890 6668 11721 6241 13049 15137 15078 5767 18202 9628 16886 5960 2784
2322 17522 5199 13066 17110 4925 9743 16835 1454 10164 18034 1878 19745 12992 16834 16062 16745 13047 1436 14118 15485 17228 8475 4530 2005 2907
141 99 7339 4464 202 1727 19130 1435 19631 18416 3011 1783 1830 1156 15308 10381 3983 11010 17055 10855 17134 7025 1937 3629 16303 1740
17978 18608 13004 19381 12881 16579 6138 14521 10556 8227 2759 17017 13962 17814 14811 10289 460 11783 1032 8298 15614 12546 17907 9471 16213 1623
15839 18224 845 12219 7159 11515 18083 3893 3122 10514 4344 19312 11570 11879 19742 19063 6632 3274 10482 9680 6145 2649 13957 421 17238 6447
19796 15010 2223 18423 4026 12742 8110 11958 64 2936 7438 3613 13589 12775 15398 7499 10161 8994 15483 18400 14837 6137 15638 14319 13021 3116
9174 4689 11855 18272 2483 11979 16498 7821 17657 18387 18000 18179 7442 13384 12896 12525 15048 7376 3524 7337 19999 7332 4018 3016 10502 289
9499 4550 17672 10129 10549 4022 7884 17410 19362 16705 10556 6806 8342 1787 15435 13645 7105 8712 17384 15879 6798 5634 19506 4720 13518 18773
819 9922 15772 14554 11620 9413 10647 12688 16635 6816 2820 3506 3866 8081 18418 51 2951 2364 3309 2709 12754 1092 14622 5960 18428 4343
14879 16964 14560 13270 11842 9795 10498 17462 14260 7516 2451 3335 13499 18288 3973 6657 1120 15246 7021 13415 19686 1343 17370 19440 3250 12464
19293 3660 17 5737 7557 6254 10413 15389 1024 7868 9148 11168 14492 15839 533 12445 1912 15758 5096 19441 11663 1082 11380 3474 15628 4039
17208 3716 14906 13460 10747 14690 5716 7078 19083 12017 15738 823 6714 5325 19231 4595 19868 3636 19907 2591 13495 1529 17702 1949 4761 4651
10903 16096 7578 8578 4020 18262 17491 4026 3700 7393 19393 18099 14540 293 13177 740 4467 18218 2120 8583 15497 14748 14229 4302 17142 19148
3605 1879 18742 12700 5215 12186 11054 7066 4033 18884 19024 19025 16437 16729 16545 12870 19294 4801 6139 9711 15187 5211 18115 16710 7450 9172
7004 5094 10045 3346 2819 8330 15674 12046 10667 10295 14181 18157 14848 18497 11155 2832 9747 16730 8258 5106 5990 13911 9263 16003 14028 4023
12335 14749 6455 862 360 11652 12357 18300 6541 7870 687 3327 12655 11675 17323 11386 16492 12927 5244 12713 5461 1018 4939 14535 19849 1050
9319 17551 111 15842 19931 16404 1479 13380 19824 2814 402 12200 871 15390 17186 7126 1564 5751 10221 626 15017 11909 16490 15597 2224 7618
16581 9028 8425 17826 10175 18635 11675 16465 10261 13138 12705 11257 11268 9203 14967 1218 16533 1497 19641 1346 13887 9266 8348 15246 17182 10920
8175 11055 11708 19152 1491 10583 15593 7828 17493 2660 19044 730 19511 8621 14103 17908 19069 8280 17845 18307 19324 11349 1784 8871 13436 11857
13235 4785 3633 17944 6073 11659 14757 15679 3 15466 17305 11298 12302 14209 9512 5037 12551 17253 4000 1934 8425 12443 8868 9534 15399 12827
15200 8224 1352 1405 6452 12499 18489 10155 1996 8638 1242 14336 7769 2566 616 9332 4052 2557 12698 13206 6025 16340 4202 12674 12690 1220
15468 3347 10301 5689 3378 9388 4047 11046 5077 1619 15907 2480 16457 14675 15867 7749 17492 12938 1363 9045 18844 1180 13810 11634 15970 9654
12890 3201 5732 9617 4447 9965 2234 4977 3759 6094 10261 10723 11441 2325 2768 17556 11793 13847 19774 19347 1386 15817 11080 15954 4881 15929
15933 16176 2699 15685 102 3094 4462 19582 13453 7236 7835 18166 14852 16752 9906 14728 15543 16591 6551 5305 13893 18307 7763 6623 52 7010
1244 630 3554 12445 14094 13511 8043 19828 4425 1043 1381 16277 11256 7542 9410 6581 17627 15829 17650 426 5185 11253 2560 4955 6659 12615
14784 5615 16583 7566 13106 14396 14573 2886 15880 2278 9271 2306 4323 4613 11139 3405 19797 3883 9770 14430 7728 5859 9680 7211 528 279
14796 8078 13455 11029 1910 7031 3538 3182 6995 12853 18398 10719 15198 6816 16754 17484 2848 13551 15582 9040 14572 10536 3429 14021 3199 3965
11641 19829 4284 16911 6603 8542 18219 6587 19997 9851 16613 9560 16304 8083 1671 1038 13953 19218 15763 15061 11011 14850 15207 17559 4403 13363
3357 11923 16886 2580 1723 18464 13837 15982 4688 7985 3578 19188 552 5979 6395 9082 7431 12473 11649 15686 4601 5154 18972 14598 7173 16151
18543 5926 10787 7401 2012 4308 10561 5771 14544 10792 11399 12468 15569 4908 2331 19360 9956 17864 3601 17510 9920 13883 14502 12301 1333 12594
16713 19948 10860 7369 1019 11639 13067 3376 13881 14961 18366 12370 19051 16139 6095 1127 4321 8589 6478 17918 14585 2023 2816 13825 12437 17895
9849 7618 7640 8664 9611 4781 15556 19432 10519 12534 7954 5647 9481 13411 14342 14058 12713 101 12644 6899 4125 11701 18464 18572 5348 13534
2915 6087 10814 8279 17447 920 1189 10883 16190 5783 6374 12288 2674 19669 3741 18835 8626 19278 15311 13971 16140 14640 15123 16907 17906 11653
13399 17683 17808 3607 7818 7393 5713 2779 15774 7302 9501 18089 12371 17303 13400 8149 11849 7123 17706 12338 8964 5738 1391 14630 12078 19057
17055 7123 1072 10039 10154 16060 52 10654 4365 17660 19173 11062 17517 10391 4572 12895 17367 10049 6730 4270 9044 4207 8529 4782 19669 18450
16454 11699 7961 19018 11322 15637 947 2787 9895 19798 5892 10971 6203 1416 16599 18002 1151 12194 6247 11450 14722 10103 2851 9778 13414 6349
14713 4498 19733 15999 6361 4462 5023 5027 4577 11871 12004 15891 5875 3904 2602 12208 19505 5296 8712 19837 1516 15580 2856 7603 1715 12255
17029 14270 16420 2506 17481 14939 9740 13918 11378 7603 9288 4206 5763 10139 1722 15119 14311 6778 1806 12851 4012 12458 11289 6894 17405 3520
7739 3600 19006 6709 5959 10049 13569 15479 15063 1773 17860 6493 17958 1685 10539 2800 19339 14477 19863 15340 10080 17501 19652 16217 9511 4683
743 18122 16126 6003 3505 10304 2252 12245 17895 6092 2763 6970 19811 10962 18018 6767 11155 18491 7501 16507 12299 15089 8135 11152 16931 17195
18399 18747 7463 19955 15718 18964 10982 19020 7830 3586 10303 6017 15716 3849 3102 18507 10840 16126 14015 14643 13707 7969 9572 2710 2357 17384
13839 12506 11403 4289 5863 2709 14399 19552 18145 14457 7378 17661 17741 14868 16969 5723 10508 8112 13971 14695 3963 18580 16937 785 18832 18170
6047 8653 755 11470 8544 11421 11515 12884 9728 19476 15112 7481 18192 15310 16909 6176 17942 17895 8825 5548 13273 7590 17491 6816 17980 10467
7687 7944 8683 1659 12348 7165 4302 18750 7938 16723 10244 4011 18106 2158 18106 7978 18436 11546 4663 11087 8128 19525 5366 18930 11282 12285
5984 14415 16782 17739 6681 11142 5323 6216 11874 17084 16913 4346 4681 17051 8016 17303 6495 724 3983 1642 16971 18581 9015 2157 2454 10435
15657 5039 12725 9065 11240 19327 18403 8827 4946 16590 3410 19922 12869 3175 9681 17705 2155 1735 3246 14733 4687 19143 2171 19743 12865 17095
3985 14450 1324 3806 8322 7067 3931 1860 9314 18476 12564 13495 18472 8445 8623 18349 12951 15305 4302 19602 13171 10437 12709 16927 13261 1728
11194 17886 8844 18122 5202 18030 14213 2050 3774 16315 17485 8301 9430 5874 6758 16572 3407 19947 16359 12020 19739 19744 3892 474 10228 18826
13563 16041 6645 16925 10821 8484 232 4840 2950 2308 13380 17272 11595 6007 17705 9092 11934 1983 17588 15790 8982 10302 1613 7851 9005 16837
18218 16664 10160 10651 2505 7123 15460 15035 14168 13080 5464 1763 1137 19913 12152 19382 6940 18588 18012 8168 12739 17965 1284 17269 5439 17583
5665 18576 3087 19407 5970 3226 8330 16923 16395 17297 9996 9539 7504 13018 14060 10396 4004 7417 8755 16889 7232 17731 17523 14815 17368 10252
15296 12604 9612 4382 291 14397 6312 2748 8430 2525 6297 4425 6245 3408 73 4596 17678 17490 17572 1716 5358 15388 11790 19276 2874 18484
14849 19738 6216 16980 18876 15303 12401 8222 10598 11478 14686 10775 1619 4345 16872 1709 885 1184 11072 17527 14075 12377 7600 9671 10230 7295
7241 5481 2812 2664 16510 12839 13395 17828 11258 17778 7908 7836 11238 237 68 18168 1220 3981 18650 6187 8679 6981 2304 16973 16312 4740
1781 11959 5804 484 10155 5670 6453 3327 16756 3643 682 8177 18171 12750 12435 4928 15600 17433 8033 14498 2075 13922 14689 10207 9954 9433
19872 19505 3143 19536 3201 8253 13634 8157 5821 11712 6431 6736 4534 19404 19491 13141 9999 2388 6821 12448 17114 4925 4869 19792 12171 5581
7381 5191 7622 13078 7648 6270 1121 5033 3422 8665 19508 3426 5052 16685 4170 8561 1141 15081 12988 12063 15546 6438 671 14324 12547 15634
4519 14525 11610 256 10602 13069 18653 10677 5793 8677 17392 12130 16751 17244 9019 6544 2373 345 14756 6049 15835 17296 18575 15406 16540 2254
14995 17338 5657 4551 1492 17938 9817 2761 17343 12228 17164 6074 9952 15381 3107 13220 1585 4091 15611 11819 16645 5312 10439 6013 14306 12282
19692 18367 13353 97 9901 5341 13772 14163 3136 12675 11664 10512 11988 16864 18816 16132 5258 5125 9270 3379 17272 15752 7433 7346 8803 3750
6560 5180 677 7928 8605 8306 13181 11191 5918 16000 14716 15348 18700 12179 9276 10823 17095 6110 17338 13310 8234 14359 7352 3833 10907 7251
2796 4150 6061 13395 16689 17580 19550 9027 701 11495 16023 12718 9939 15456 15220 10725 18823 19467 10170 14328 6320 9783 681 1048 9077 14925
1528 12282 8654 1490 6648 18768 11090 16938 15339 12295 9271 807 9024 16835 16403 7389 404 16756 16708 4525 13227 12139 11631 11093 4030 12423
17002 14816 12919 1345 15604 3627 8118 17723 11810 11560 8527 17427 16910 19941 16192 331 148 2352 17203 5424 6115 17853 11591 10226 10582 11666
10297 2632 15185 8409 13925 17770 673 13040 7008 3574 6925 10205 2560 14778 16998 8781 3807 6009 12138 158 7276 10419 5895 18408 13391 1908
11668 38 8389 12412 13118 10318 19867 8332 6350 12648 18664 3798 281 809 13850 4131 1224 2583 12799 17098 10218 15862 11336 6743 2909 5444
10670 11897 5803 3906 10169 9225 2259 8052 4624 4300 35 16495 17304 16061 7790 3518 6566 10783 3012 17614 9993 15904 10805 5279 10503 15976
9400 8940 11566 13954 6338 3895 7842 1720 12539 11215 5110 17208 9832 2683 8376 9261 3838 2466 2592 2655 18508 3062 6618 13532 16297 4780
4954 8751 5933 3084 19689 1923 7111 8271 5675 11106 8814 3292 16417 10746 15667 13666 2952 13199 16796 9741 4224 10966 793 5532 3595 14554
18327 8937 18912 3553 13408 1034 14722 18833 13194 14599 3769 9148 9652 2017 8473 18899 11728 6939 10103 15582 1104 1126 12389 18108 1555 11917
11382 3069 19964 15400 3466 6823 10008 8524 9779 9987 10290 1745 5933 16709 16768 15696 7706 7948 7578 19291 10467 6147 5846 12200 429 17792
4481 12760 1249 2142 7060 10921 12668 3687 15285 16219 2836 258 1857 6285 10478 10820 5722 12477 13933 151 10116 19564 18805 19137 7202 11397
15774 11276 10653 4520 2417 2665 12078 7475 6308 11352 11839 9724 4505 18271 1900 17841 16347 12909 3289 13743 8584 19240 3295 11975 13191 7940
13542 15765 16542 13666 7629 2741 8737 1526 19519 4135 4960 5921 14360 11351 16298 18326 19286 12659 3244 1706 4306 8797 18031 8123 15484 10363
12184 2232 357 18868 8037 6843 17302 15167 7507 15159 3923 1398 10265 11202 10360 14596 4220 12468 277 9207 1763 14839 1425 19012 10162 19684
9327 8368 5479 6174 19060 14573 1351 17808 9482 11562 12810 6082 17524 11509 1278 5972 16659 7976 16245 12046 13194 18782 19560 16801 2198 14959
16364 5735 11373 16870 7122 16128 535 3442 8784 3742 5870 18294 11505 7009 1732 14746 12753 11992 16009 11459 7761 3729 19028 6531 12220 227
4822 2251 3967 16933 14094 1876 15152 12450 18315 2765 8335 11470 12801 2075 16849 7011 15328 336 15244 10683 1969 8221 17372 19162 10915 2784
11457 7811 16287 19940 2936 18128 749 11857 13173 3086 11484 11609 10459 4952 19467 18221 16336 11176 12616 6077 13939 4455 17435 17679 8034 13116
2788 13528 11092 4395 9467 16718 13460 4149 6734 13075 13716 6320 15567 12238 17569 2458 4780 8944 18458 12573 13552 18070 8282 18184 13648 12215
7549 1321 9622 6695 19984 9170 19088 19631 2851 16608 2262 4881 4784 7395 5995 11300 10848 9965 17054 10716 16355 18313 13271 11723 4687 14799
6550 12390 1362 17917 14808 18201 3961 10292 19035 9445 11258 19058 8641 690 6801 6258 11083 18636 14731 272 18299 598 17143 10985 12566 11279
17367 18229 19064 1553 1945 18471 4596 12831 17158 9872 11138 2340 10177 3781 18718 3944 7054 4782 3097 14451 12918 14740 1971 17291 13211 1128
17088 15947 6562 17172 15901 12529 13049 13704 9751 6910 9165 1426 15427 2345 5078 9466 2561 404 13471 4847 6770 15719 14797 17896 9902 4518
11055 1766 4644 18030 10536 4032 4034 798 6259 8868 6715 5934 11098 5557 820 17272 16542 10302 1106 7722 4250 16347 801 18586 11913 4375
5615 5862 15027 2108 13164 6914 6093 4819 1572 19286 16684 14982 16813 10202 15155 19837 4162 16700 17240 19550 9555 9834 9235 10448 7608 14014
15167 4394 3375 9109 2380 1683 10233 19633 19344 4126 10799 16408 14747 8885 18301 14825 16209 13600 9426 15895 14873 1300 11824 4097 8642 9938
17934 15399 14052 13151 10834 5517 18028 3121 7528 15496 3178 13731 11165 4697 13404 19314 15101 15011 17011 6771 4197 19401 15520 5595 10925 3807
1660 2551 17350 13832 6174 8391 10557 16169 5616 11974 404 16016 10026 11053 11449 12384 9706 13123 6237 4508 8916 7359 16434 16689 10175 7537
16597 19334 15849 11791 8764 14804 3456 11094 14133 11094 13675 18273 10911 16102 10581 19931 5158 10319 19603 11170 3125 3344 3600 11372 16394 6363
17994 16041 16816 6236 16043 14254 4206 13314 11175 2152 18150 12685 9696 12120 3149 6876 8191 735 4245 15861 1603 15115 4926 17032 10067 861
14322 8957 73 10197 12417 8810 13364 9257 17416 16914 16704 5502 16572 1586 10772 17275 12929 11551 18967 11824 19468 12815 9917 3833 7783 11620
14386 13917 3824 16986 9469 16659 2909 7335 9344 5995 699 7793 13719 3672 17349 17316 17637 4109 9375 6132 1800 19706 11809 16473 16623 19782
1924 11241 11304 9791 17678 12350 19431 9193 16123 11284 6779 18001 6463 4844 13585 11834 8703 465 4447 16921 18753 19097 3828 17345 11746 19562
3993 12690 925 15839 1495 11655 1435 18371 8198 2881 2109 6686 9266 14991 8416 16974 5981 5392 19405 10756 18240 5812 19820 11881 16460 13159
4161 6204 1146 13796 7568 9751 1101 14605 14226 13462 468 16601 7973 9056 6177 12391 5332 2775 1401 14908 6225 10265 16496 13287 17996 10691
10991 13559 3000 19469 17539 17166 9813 3681 12561 10494 19497 18582 18612 2568 2817 2461 12788 5436 19921 6150 2735 19392 13980 8464 12334 16187
17749 7368 7944 6145 19325 11698 7955 17533 15067 19828 19761 2988 16951 18090 9523 17593 10261 9778 14869 288 12361 10269 17953 19138 6588 9745
2269 2232 7840 9638 6161 7406 19854 14483 5294 6936 10992 2840 6852 13309 3564 5120 17398 18371 13624 13303 12623 11478 11307 17866 5807 1574
17241 3809 1614 10700 15550 17143 19741 5726 14298 4513 3829 5254 19030 9731 17255 5871 18567 11385 17041 6872 16131 12731 11219 2216 8784 16758
9292 9676 7255 15860 10495 221 2535 7157 2876 4671 2984 4141 14455 10459 2442 1605 3835 7749 12341 10119 9067 9740 2557 4788 9568 14433
11413 15803 5246 5720 677 3643 2224 5711 16490 17498 16339 5955 6888 15964 7909 2414 17899 5083 10319 15872 19609 11229 11381 19334 10764 10534
15365 325 12005 10967 12079 1427 15396 5654 17046 13667 19118 13570 19468 9862 10686 12253 12591 11832 7704 17526 21 1582 8030 7422 3733 11554
19013 15851 798 3697 17622 9807 6048 5076 965 3895 17729 13807 10632 2807 13175 17157 14953 12798 1468 19009 12431 8924 1320 11128 900 11773
188 12938 13113 8462 11692 5560 14013 18011 15006 17324 646 3803 8758 9757 18111 15751 9627 3527 4249 3822 19074 3715 11219 11957 19254 326
13345 3001 11239 6548 4347 3180 45 15650 16984 17017 17916 8020 5352 4604 3779 267 13504 5134 4413 15344 5783 5344 6909 11808 15702 9903
18689 2878 11551 2947 14109 6738 6343 10757 3918 7848 16410 14072 19661 276 1767 14796 11083 18444 15330 17542 19419 4553 6836 3867 10326 14735
4893 6958 9813 469 9702 9914 4015 1311 2345 6811 8833 5165 16860 12260 391 14192 17119 14136 4801 2550 4826 12207 18748 6325 4651 7824
3491 8565 1744 11124 17649 14301 11491 366 7599 12019 16602 8555 1542 19767 325 13465 295 3428 13974 14452 16729 1099 5874 5349 11465 19524
14740 5699 16558 19136 7643 19751 15223 8248 5544 3611 9880 1848 4376 2381 1795 14694 1195 13307 7920 17595 18959 13050 16120 861 4475 1944
5620 3744 4912 16838 18565 9709 5890 1257 711 7263 87 19680 1233 11511 10892 6156 4710 9166 19896 136 1490 9357 3169 14208 12165 16435
12861 19606 16254 11946 12883 6577 19394 15859 4568 5177 8502 8242 7629 6410 3863 1002 4921 3750 4784 5490 17271 244 14694 19698 3558 8124
19882 19658 15024 136 6865 3542 16387 8234 18970 4370 18817 1907 9148 3561 12731 3348 5772 19948 2968 5798 4816 15551 6500 12333 11840 4306
1594 637 9742 1290 16137 6872 18597 3785 7192 17906 15601 17790 17002 19511 6038 5218 12105 3671 543 135 486 11598 16865 2269 19665 7939
871 5402 9751 7351 5797 10900 17116 14165 14432 8921 16404 2040 12989 3668 6235 8306 11269 10764 9536 3107 15965 9092 7438 8787 18174 3898
17840 4083 11326 18153 15385 1256 16046 3350 14031 18718 7061 18807 11140 16084 18173 6119 6971 16998 16025 5749 10002 13158 3891 934 14236 7215
3804 8074 9422 18205 19336 5953 19543 6549 6309 13527 8419 1961 16844 6653 11373 10913 17187 18933 2910 6377 1813 6609 12198 8928 11243 4522
5918 353 13745 15995 3540 5905 16549 19033 3883 14454 15941 17325 17643 11544 9847 5910 13526 13134 11140 14408 9536 16107 12793 13508 10566 9738
3522 7082 14033 17667 17280 17326 8803 18090 9571 7681 712 2446 7474 15842 11917 3402 5710 12841 15153 9644 15334 11517 15655 14476 7671 9338
1396 17138 15920 8177 7497 3289 9918 13421 14752 1120 12029 5245 8080 3564 14139 9676 753 8944 6069 12023 18455 14027 18385 19138 2690 3559
2227 7018 7619 4983 6887 12838 3212 11817 18209 17870 17410 3892 16593 13439 3433 5916 8900 19060 10097 17729 7622 12630 10026 13992 7008 11207
12832 509 19213 15906 7660 16300 17513 2059 19088 19504 10767 18542 2583 903 6484 14377 14103 13110 17434 3068 920 15052 16387 12476 3754 587
6809 9903 10286 11967 18741 17839 16529 18305 9039 5656 8946 17039 10721 11441 1603 14277 17308 9614 11599 3152 16405 2974 9986 9432 9810 11709
12169 17250 1525 11022 19036 14635 2955 16741 19072 4477 13564 13630 8230 16808 18363 15075 13206 10894 2144 13692 15157 7808 7702 15953 17720 18069
7646 2091 13350 142 3047 6796 17420 5921 13381 6007 6051 479 8528 15167 7113 15973 4159 18776 19925 7814 459 14555 15035 19500 7269 10076
9542 17932 5279 6745 1763 18945 4919 10916 18505 7828 13450 13516 11433 13826 9171 18631 787 9510 19988 13670 17535 1484 7676 15952 8056 19994
1605 19837 4218 8832 6492 19255 11085 7348 2218 18584 14803 9404 2828 6565 3393 2955 4905 5024 16552 15683 5551 916 8524 7446 7008 14093
10703 19954 8351 8493 6781 5987 14894 2008 882 12903 19694 17656 17496 18859 3109 10458 11805 7515 67 16439 15860 11189 1132 9068 11897 17891
17154 9312 7380 6649 5845 9049 9564 16162 10531 15981 14790 320 7316 3193 14460 9234 9967 4399 8536 427 16601 7453 15112 16516 15870 10007
1685 18722 8552 4889 16641 10857 13317 7818 18971 18772 772 14038 12747 11501 3877 16447 7342 10071 17404 19200 9461 13874 3232 17415 13519 17542
16831 9856 8160 122 19207 3755 4057 18957 5565 15080 17257 10908 17411 16827 7096 3042 18688 11316 4789 2711 12845 9931 4017 5810 31 13701
482 17105 12823 11515 17137 4377 2274 11358 8569 13085 19458 14497 17596 16485 9181 6665 12509 15457 18519 19021 7779 18875 7568 8963 5174 18312
11569 8215 17897 14979 14661 7658 14876 4501 13310 5959 5645 8928 6495 563 5657 3393 12409 6460 10908 2100 2015 2291 9312 9909 15513 17056
7566 12850 2467 3343 4601 4875 1960 11923 8522 12296 17626 16129 4018 13055 10239 1608 16321 1713 14277 17980 10410 12749 10396 10557 167 14027
8049 3882 17215 19952 6050 6214 9825 12889 9902 16362 15737 11427 611 9013 6140 5684 6887 18136 9501 17439 1259 12401 11209 15036 11507 9789
8661 8959 4634 4789 13997 18969 18636 8895 966 2598 10531 9759 11606 7681 5610 12002 17125 14152 13557 18151 14114 7596 15081 5445 6958 17738
16975 17216 8838 16880 17115 5096 17113 19407 4141 6301 8655 9531 8080 716 15706 5397 13739 1317 2423 2322 16005 10625 15692 5223 17386 14547
4229 3905 13803 5791 18087 17211 2762 4800 12271 9926 5632 2865 9390 10912 4725 24 15285 17448 17081 751 16639 8940 6436 10749 4215 18810
12922 15858 8538 2616 1301 14944 18553 8868 15373 18303 5966 7633 4156 9958 19286 2455 15785 3409 17947 9006 12020 494 3021 4661 8800 15631
9480 10203 9987 9682 14881 3888 4951 5032 13875 9737 12561 18491 15687 9354 3718 8263 9681 13729 16771 16184 17985 12477 6441 11432 1546 17875
16024 6300 4128 18208 7237 9277 14162 11677 19244 12887 15357 631 18878 356 18130 13489 1989 3930 9165 13130 10626 4196 4176 5566 7088 4161
2583 13121 13851 4195 9283 1137 2497 4841 3193 5343 3746 17655 15576 6277 16100 4887 18427 285 12258 8513 1908 352 6434 11725 1804 19306
9902 5536 6099 10655 11017 8527 10452 14145 15938 15559 1532 4659 17554 7266 12265 12099 17661 3877 10840 15515 13899 9850 5099 11496 10557 9082
19867 14401 17393 8262 16855 16200 8676 19691 17084 6577 14085 9831 5257 2131 15551 16565 13721 7649 6218 16720 14196 4614 18025 7336 4083 18107
11089 4821 9200 18405 9378 16654 7017 7765 15001 14776 15402 1747 9752 12117 19894 1994 10598 13797 19421 18323 14846 3759 19015 12130 8157 1943
18478 5326 15480 7959 10151 4014 14031 18497 13137 6516 10141 14352 12401 15824 1264 13268 3629 11136 3652 9283 6529 731 14854 7493 10212 6442
9352 19015 7470 1836 6363 14262 4287 9570 4361 13862 13386 9615 10151 14580 1683 4732 14827 7842 17129 19937 14823 7454 3270 17366 17503 11460
8462 5526 5113 6135 11979 9424 17330 9997 18254 1126 11189 2008 6439 2965 3622 6420 13847 417 9498 1040 10252 7644 3816 13068 10043 19171
12515 11274 9201 19672 7513 7590 8149 15318 19239 19369 11692 7592 19585 18487 11024 16422 13714 7627 7878 6389 7371 17874 16920 16192 13007 16058
2006 3988 1139 13239 5268 11523 639 8337 1146 12669 11037 12295 5817 6703 19855 6360 1340 5683 14033 700 3264 19463 6086 19572 6457 8974
4388 2625 10813 13499 18370 18339 11764 2614 8984 606 9368 17367 1553 15404 6791 2249 2800 17953 1105 16899 17913 13224 817 16983 6535 18626
11559 3404 7326 1538 1398 6089 17059 4056 9524 15410 4668 14169 18154 17551 2035 18059 12468 19985 19087 19797 2415 19122 15826 8315 3237 8253
2129 17695 5746 332 992 14358 18602 1293 10780 14973 11573 5138 10993 9667 2384 14544 8894 5173 3041 3801 9506 15209 7542 12569 7819 15810
8915 16843 6973 13696 5093 14047 2678 4026 5997 14406 12076 15674 8676 10622 3700 13327 14503 9916 12929 5881 13289 1646 3811 3330 7905 9282
7396 16434 10112 5131 11546 526 12282 13281 5345 4790 12385 1849 19814 11997 395 12561 8355 13612 1462 11213 6545 12131 18993 11702 3949 3392
6384 19435 7288 5258 13319 18944 7083 5425 12372 7677 17462 15898 8 8308 8047 7937 7233 16081 9991 6693 3347 19996 17317 6084 18008 14529
6698 3604 10330 2447 4417 14540 17806 7437 19425 5892 2050 1268 16215 14024 13028 12067 9981 8855 7047 15467 9137 15211 12029 341 4192 13761
2893 219 10536 5743 16901 4292 15121 11979 7198 2171 10731 9282 7962 14345 11127 729 10708 10700 3239 15034 3210 16495 9904 12432 16318 12991
7780 11024 18530 11700 17290 139 5927 15519 7806 6116 16542 5805 1717 2921 6970 16707 8239 4783 7651 19114 8512 6122 9267 1628 6014 9159
12028 13416 7307 6528 5169 393 17068 11578 9023 14199 1958 9362 8284 19006 9759 12514 11901 4865 9609 11445 8727 13958 6654 5262 19010 617
1353 14513 6892 12651 17732 5631 18788 584 14024 3106 10707 13989 14101 9325 13436 14064 345 15060 1028 13177 6607 10076 13938 3101 18365 16924
18113 13788 12656 8100 8412 16962 13674 6537 16137 9932 15760 6771 13445 19681 15504 12072 13729 6601 16041 12914 2199 12151 17905 9758 3334 17851
10269 10613 7320 16419 4245 18999 15316 10110 10273 16184 4216 121 13948 3459 17796 11190 3354 3515 1087 3585 12557 310 11963 16172 5580 3545
3153 14905 9822 6785 17232 12524 12089 9238 12528 502 7456 1825 1273 7017 3966 16081 5550 19734 346 7710 4025 2640 1890 12573 9784 8946
10933 13629 19657 4086 1474 6320 10988 9803 280 13632 19247 2599 17898 15684 3967 981 14027 10612 15592 11413 9357 1475 19615 8323 14905 12441
2736 9931 4340 46 14506 1945 8772 1589 16771 12922 9652 1730 4701 12990 9809 2988 4702 527 9982 1802 6806 8291 233 4084 17627 6820
4230 9294 3425 12989 13264 16330 12015 16732 4691 15703 10540 904 2858 14199 14078 1369 19773 11366 11819 2644 11687 1354 9807 28 3609 15221
16599 3832 17151 10252 10627 10941 6326 2225 2027 199 2017 203 225 106 16146 9258 4664 16840 11145 15853 6668 5354 7502 5661 4610 14039
1000 10772 3642 12865 2495 5592 9550 5511 5553 10813 18374 2131 301 6398 4831 8578 12432 16154 13922 19675 3610 7148 4495 16023 11003 13727
13541 17849 16534 9596 1630 11379 7446 9476 9428 3757 19363 17925 2322 13105 10635 4976 1789 9449 3835 16261 10370 6399 507 17263 2861 2305
12428 10329 2108 6544 6466 4517 7092 5808 281 1012 18245 13787 6529 6514 13140 9560 12682 3775 14726 8012 4102 12566 7833 16147 16225 12487
14088 3164 13875 6384 7069 19710 428 2417 11273 18731 4273 13240 2413 15646 12018 721 6704 691 15807 17413 3560 10531 3294 12681 4794 1335
610 18171 14531 7283 13794 19862 2042 6097 15438 2834 2854 6314 5328 16555 4048 1104 4771 15682 6138 16725 18875 1497 13880 8189 4366 18449
75 14071 5277 17564 8420 7722 12204 5367 12058 913 1669 18829 12316 17711 1711 7981 10374 7371 19630 13549 10230 8182 4378 3351 6514 4403
3520 8194 15696 8290 11798 13618 4296 7151 6583 5077 19705 8824 18549 7202 19219 7259 14445 16874 11172 7365 12074 1692 13988 18765 6819 3558
3015 9185 5939 12790 13478 2618 13696 17476 17371 15636 7157 15092 10716 1313 17395 18373 15564 12615 2351 14074 2693 4338 4845 18434 13349 11604
11931 19445 13570 18237 18431 14668 9143 13937 3137 6679 17975 12539 1204 2887 11641 5144 9485 4262 10552 9044 3709 19700 15099 5065 9874 15320
14562 13623 4756 4630 9226 16390 9067 12747 8089 740 7175 15735 6673 6432 6111 8673 11803 9225 9277 6358 15262 625 2456 1251 7756 14302
8078 6450 5291 10658 17948 15601 6352 13540 19939 346 5366 1877 4113 14960 13857 9557 14952 17532 4006 12596 10330 11042 647 19097 11878 17781
6908 17413 11046 3524 2268 2303 14966 2252 17522 16465 3103 9658 1908 13467 19869 17385 15948 14632 3053 4670 1446 4646 14086 4820 16529 5241
19555 9593 1983 118 12889 12331 18246 12141 2192 3092 18106 13329 11335 4907 15826 19279 16771 7713 17145 15869 2011 18254 11227 18775 18371 14987
14875 17993 15138 8549 19021 3159 9405 10528 17539 2048 2257 6361 18866 11009 11504 9525 7869 14755 1345 4901 7558 15785 4882 9903 10291 18063
11123 10805 4268 10967 15794 16392 8858 560 5957 1997 1429 18275 2931 4618 16122 19386 12446 3973 7927 3406 7031 6592 4318 18128 15168 10726
5020 1135 5472 15491 6938 17216 7572 148 13678 10947 9948 12279 11081 2138 19148 12381 2932 7967 1128 9357 7527 5813 6909 2894 3027 11040
12170 14535 5309 17776 7192 303 2377 18419 12558 8848 4010 11596 6793 8811 10734 429 12534 2169 17168 5895 6512 18853 529 9163 18430 4571
14293 3087 17516 4006 17057 3670 14378 11101 10735 12842 5531 19964 10409 11960 10627 10516 17261 7915 19616 5678 14646 4123 19821 12850 15630 2133
14559 1125 4078 2114 17208 6343 221 14284 12239 690 14583 3355 16915 15855 6819 13274 14081 18611 1323 14277 345 2125 15998 14018 13726 17812
4843 18921 6901 17598 6012 15722 9596 11868 19078 14192 7276 10106 16479 5786 19161 4046 5103 5928 5260 9378 19747 9443 12312 15826 1399 14660
8294 14823 8625 14214 17463 7606 3989 8087 955 10824 16763 8133 5658 12568 14875 5902 10513 15504 6339 14380 10557 18609 7079 4264 6169 6692
9723 12402 10911 3475 3824 115 10762 13949 2550 15702 16120 3489 332 7825 2737 1915 13545 19851 11210 9210 4420 14211 18987 15790 6855 2241
3592 13821 18381 7742 5794 9288 5190 17449 19100 12695 19192 5067 13099 1223 19476 963 19546 703 15340 7585 19933 17045 3567 8938 6329 14442
19838 11476 7327 18728 12575 10418 17969 5783 1838 5933 13775 8701 13007 9792 1427 8156 18612 10993 7714 15434 7187 17963 19783 17368 6027 4917
284 7184 1807 5004 15785 7627 10941 17952 14400 10594 2096 643 18104 6200 7374 6978 1947 13168 15930 15353 11601 15192 1315 9092 16456 2253
873 14441 14945 4734 1307 13253 7277 1128 139 14775 10538 12378 1266 3161 13461 2935 19626 4290 3091 12368 14700 13992 16158 11892 10546 55
11308 5543 175 7061 1827 10461 131 11801 18211 5295 2276 5365 19211 12731 2944 11920 9494 1336 5973 11712 4010 19322 372 12361 13749 2308
6584 8145 18543 12784 16795 14544 1703 6421 18367 11809 3217 2338 15580 7544 3511 8976 8888 17490 17534 2844 5699 3488 13459 164 9635 2837
9071 1280 17894 18097 11344 10669 348 640 18554 7634 10624 1956 2995 15807 8901 19717 8570 4126 13294 19616 19978 3523 5071 2690 11591 5318
7983 16879 6916 10227 14945 2517 3107 17233 8083 356 8178 19516 10211 6076 7747 3573 6583 8469 6184 3488 14908 19522 16031 13576 407 326
18305 15046 387 4630 6810 11089 15948 461 18999 11005 19099 16492 4106 17377 4948 5074 18554 7453 19946 18841 5781 15943 3669 7634 7757 10271
54 1890 11001 17219 8684 3578 13772 11718 15433 12677 3409 12053 271 2168 5201 19887 12606 14990 17296 4466 12553 5102 6646 14002 4601 14702
13508 13792 6516 1077 8416 11681 17226 10482 8763 10206 18596 6169 17740 2261 4981 10770 15451 11129 19816 4098 1170 16509 15365 9137 1298 14920
12280 10686 11809 473 4491 10231 17657 5241 13316 10693 9937 14298 6286 9976 10977 14827 10757 10208 15714 18221 3437 19974 3084 4788 12756 10696
13881 15473 13679 5397 18143 2056 17275 2389 3644 13566 8464 12725 430 7984 16648 7996 17499 11821 155 5886 10069 15472 14380 7045 6177 2801
7549 16905 4171 1998 8143 19073 9953 19674 8661 16069 16364 5671 14734 3446 909 19706 11396 7078 5232 6049 18652 10392 17623 3803 10084 4270
10962 650 17299 19662 1497 14262 11438 2375 14085 1865 13443 18869 13804 6728 4373 8993 16275 13697 18957 13372 18252 14079 18229 5570 2171 15255
