365
1 83 16 9 45 20 49 11 1 23 83 26 21 36 99 91 33 12 47 30 7 59 29 49 97 21
16229 10272 1253 3758 19300 11653 19242 2460 6948 167 12503 15480 4836 874 18627 2438 5186 18017 15045 6853 1323 4200 3479 13263 4719 13948
17690 14769 19770 3745 1088 16389 17257 10506 10260 18842 16584 3262 10611 3520 13818 7721 12089 19602 11886 3817 12528 837 5910 12773 12163 16663
9000 1735 213 14343 3879 11286 16106 4005 12931 1283 6090 10268 17932 725 281 12628 14962 16884 6151 14529 3849 18599 8158 6401 13399 14807
17711 292 14978 9941 3953 11895 3231 5359 16594 3623 19708 6883 19190 16350 18089 15700 19828 5226 19301 13296 10343 19164 9080 4449 1605 18997
2249 10328 12202 10372 2586 13375 7252 11520 1925 5992 2818 13406 2428 3334 13564 16493 9491 5422 3014 2434 16321 1572 14063 7847 3894 1592
1692 12928 3340 18902 16611 8940 1345 6973 787 8152 3659 4520 5206 8106 3373 19195 15364 13329 831 12412 18804 15038 606 14042 13159 15772
8641 2992 3389 758 2582 2184 13921 16605 19398 10892 2881 2717 5512 16261 17010 12733 13735 11935 4850 2456 7472 15135 13678 5430 14834 18478
12090 14651 3314 7672 9507 13729 5131 5371 16286 5352 6668 3845 2557 10985 11838 19928 2288 4998 337 17905 3472 14799 9702 5298 876 8502
7823 575 10949 892 8620 9061 9862 19630 12386 8983 8672 13441 10442 15311 3752 7508 7646 2641 14176 19727 334 15089 1850 15081 8109 9276
9747 19905 15370 6310 19767 19509 17425 3558 14984 16638 9104 8568 5440 12245 10121 14866 279 2953 15056 403 6563 16473 12487 3253 8673 17418
9381 12241 13596 12163 12446 2582 10274 9515 4174 17405 1763 7916 15262 8593 11736 1934 9530 18299 9736 6511 16697 18131 5632 10808 7336 12191
17640 2394 3128 12370 18546 45 15522 19428 14902 15614 12521 4534 5083 4422 7813 18853 5686 8397 717 5825 13658 2223 6244 12303 1645 214
15826 19653 692 3029 5089 3857 6571 10194 18496 18982 1481 2099 18824 15196 13947 2895 17101 4498 17311 9598 12474 7611 5327 899 576 11599
7726 3200 14226 19649 13090 2620 8337 16012 2114 17201 14596 3340 5599 10179 17007 10887 8443 5025 11071 259 12994 5791 4443 6336 2652 13221
13320 15412 12812 7137 4376 14997 16819 8842 6258 13085 1967 17071 10480 9485 17967 16994 5680 11322 15401 19055 12251 247 8280 19336 11756 10784
1044 17996 2545 5023 6678 19083 15957 4398 15797 15661 15875 3220 7637 18112 2529 8419 16158 13226 12303 13938 2554 1138 15011 19134 2409 12391
2248 6996 12488 8049 7726 9450 425 7636 13157 1688 8196 13933 19862 4356 17251 4065 16962 3614 18128 16239 16405 7552 11309 16500 9917 9160
19052 11916 13724 15035 14005 13941 19630 5093 10454 10000 10225 8596 9440 13356 666 18272 2824 11791 16237 3318 16637 12736 14156 19179 18404 6331
18202 16691 1863 5008 14222 722 9303 17434 10374 6692 19184 9770 17538 2258 14306 15075 5435 11303 45 10808 8792 7432 13654 1972 4185 4809
11755 4485 18122 1715 74 5788 18149 1945 17398 1764 11649 13918 3617 18226 8251 19176 17899 4899 5415 10776 5231 6225 19832 14915 2027 17095
944 10034 13608 5219 14674 12302 4451 1052 1828 7278 19015 12907 3012 5043 8199 13514 883 2051 17969 4382 5937 13303 15169 8298 5089 953
9020 11644 18233 10490 17016 1184 14658 18488 450 10779 4586 7501 7490 13477 3153 5881 15575 12585 15561 18702 9269 12807 3610 10522 8852 14782
8667 1080 7360 9329 7871 12402 18985 15977 15498 2716 8664 1285 16078 7826 18069 17289 7012 2871 10570 8993 5267 10876 2165 9100 19251 1559
9233 6684 8224 9341 8001 16763 8893 2859 5354 17629 8681 10487 11300 8138 4485 188 13376 17640 4798 14492 11249 9213 14415 15475 12217 15794
6225 12964 939 17775 19152 11518 15981 19750 16825 15534 2980 9171 1927 13107 10702 10980 11615 374 19631 3101 13844 3835 10970 13622 2540 12486
17703 5034 14309 3926 15760 19696 3160 8996 15477 16173 14600 2502 13064 17173 6534 4191 10424 7382 18253 11204 7611 3875 13622 17685 10842 15404
3064 17195 16200 6357 2880 16038 13862 5411 19123 2237 3930 9684 16486 11738 8579 17130 8167 7897 7887 18042 9296 18144 9494 19090 14518 19233
7991 13365 11328 9511 6242 18046 16762 10650 6380 884 10819 5489 15339 14563 17109 9599 7135 16226 16926 1438 2567 1843 5986 18668 15294 12812
5032 3345 8625 10676 16358 15822 19783 19636 16353 16879 6327 1599 16838 9893 11369 8409 7530 6231 11004 938 11102 8304 8020 15327 1917 3648
1048 14152 13553 7486 5499 13252 16236 11367 8444 1873 13284 12723 17249 11915 1694 10762 3935 6350 14808 17878 7130 11922 8721 18006 782 281
5243 19943 16245 6574 4089 18925 6544 920 19218 11095 306 2279 3120 10953 10113 17059 6414 1903 15372 8565 1144 1437 1070 17687 4118 8255
3291 9290 9568 7370 6014 4441 5475 17011 9335 12262 7268 15772 16694 2353 13918 19827 9884 4322 10017 17805 7846 79 13062 4682 14892 7552
15488 8623 10147 10309 6726 5118 11238 2035 2912 9597 4482 7543 13158 12185 11640 5493 17102 19667 16863 4472 117 17794 13025 1287 15759 7031
10472 18831 6022 13255 14425 8332 6689 5057 14979 6132 7059 18007 18761 4832 14423 3973 12150 12276 11270 19887 5651 5790 12772 8838 15696 19517
647 13564 18861 16959 15329 8197 14922 4026 12444 16151 16300 5165 16330 10039 17862 14635 5138 16927 19088 2547 19435 8958 6740 3831 12624 1665
9323 10925 12481 19038 13239 11347 18153 4720 13764 7235 8526 4176 19374 9872 6712 9166 17464 17652 19620 10100 4483 5190 309 16645 18155 8614
12141 7496 13466 3476 14534 6486 5696 4690 17047 14209 16166 8347 18109 17851 13269 790 5058 7291 4794 15335 14196 30 4645 7 1782 10753
3435 10905 9665 18297 19732 12738 3640 9737 5062 1123 1430 3415 11630 10628 4319 19988 10591 12655 13715 1104 10088 18381 10302 12953 11691 18134
9331 4421 17442 9031 107 3285 10993 17658 11966 4679 11499 16572 12054 6657 16850 4592 14466 299 16773 910 16589 986 2167 4837 4860 6473
1913 3345 17524 19396 5638 15449 2604 8748 906 13727 16632 4213 9128 18854 12706 9855 7212 5443 3031 14266 14184 855 18279 13130 8151 7626
12492 6398 4457 11020 18975 8647 11515 15943 16605 17425 15734 10088 16057 17347 10940 7869 16155 2454 7446 5160 18688 778 169 16698 12912 9463
12112 14045 2626 352 12491 11297 529 7773 12104 16320 4005 15235 5906 16499 6154 2900 7783 7298 14583 18173 209 19274 3900 9864 4377 4828
15439 15516 12684 17020 18447 3527 1423 6612 16631 3208 2033 17341 17579 12383 995 18182 18802 2652 11587 10546 5302 17362 8724 11833 4151 7037
8660 18967 17514 9701 19639 6282 5055 2838 2181 5322 73 9908 6836 2870 6119 18609 7675 11582 4251 3184 4371 18311 6850 6374 1298 4108
14814 9507 1571 1788 11647 14497 3712 15766 19584 14090 19526 8316 11031 2448 12297 12199 10332 17219 2931 4514 0 15164 8154 15134 12985 6052
11812 17133 12704 12340 18973 19078 13082 16793 19437 1567 16824 4757 7260 1208 17504 18811 9616 4731 2105 243 5650 2532 9487 4955 3253 16193
3405 12178 1835 1957 13876 12208 3542 12219 13616 7729 15676 1871 4873 15557 9053 6941 14366 864 3306 15045 11280 14985 14414 19647 10366 5034
18976 19780 15556 6290 12352 8714 14187 3987 1767 12637 6440 3207 13010 19900 14772 16426 18702 19699 7428 17579 17324 7871 9092 18340 12454 4980
13962 16471 6124 14941 6878 2699 6534 18395 6342 5489 9846 10190 1016 2044 17215 5741 11480 9086 4689 19685 18237 13875 8799 3020 13763 17161
6958 12452 16457 10730 12720 11768 8958 12447 2249 9306 3838 1328 160 1811 6320 11855 15968 19293 13120 18418 18583 11760 1920 9719 17944 5424
16589 3343 7249 17718 13908 8308 16775 9153 1945 17047 12271 8376 6614 18498 17411 1274 12884 1998 2718 13377 19599 19963 6721 18718 1769 3427
13758 2084 5311 7945 15582 15878 14553 16607 6272 19794 16949 2963 8012 11182 2730 5907 9553 3137 18854 1837 4264 5868 12473 15365 4462 18694
18094 892 13612 16476 4868 5519 7408 16105 17897 1622 13212 15800 6432 13443 205 16732 3041 471 18618 7193 17983 17856 17667 12562 15209 7566
18084 8013 7710 12279 9547 6631 6252 19507 16355 9154 12974 18693 3258 6574 4489 13916 15654 1665 2351 3823 13439 17062 6330 18239 5970 11501
5595 7532 4232 4540 17006 15453 14778 2172 2569 5906 16669 13307 11836 5540 14440 6321 1773 15780 9352 969 13821 10962 12300 19 16998 9005
17446 13217 11486 4850 999 19054 10556 9373 4654 11800 3804 7222 678 16758 4642 2242 10368 803 3621 8267 11255 16311 572 5436 4979 5433
10863 16483 8844 17533 13394 16052 6222 5237 10321 9743 18000 4098 11770 9895 16951 9962 5006 6307 13176 14655 5767 4992 2216 17010 11438 7994
16456 1078 14657 15555 13764 8999 1419 13865 6572 9790 7188 7091 3695 8060 13255 19862 5627 6653 2015 18703 15669 13264 4422 18692 13784 13096
16781 16607 12905 6264 19906 8633 10309 3022 6401 13254 3680 11336 6216 10515 19297 16259 12871 9549 13218 14588 1066 6125 2689 19629 5889 19338
15353 16129 18803 15486 18615 2355 9660 16498 16735 15664 16690 10189 18895 7130 10275 13677 17155 17603 1444 14329 19658 7940 14216 18639 2129 19650
11743 17778 16337 6728 3611 5820 7588 3725 7100 2723 9169 17717 3785 14703 2558 6011 1517 13303 2642 10139 12683 16397 6079 17548 15633 16601
4078 14514 17435 19881 9163 7117 6211 19475 7198 4964 11749 1363 3220 5503 8697 12479 2225 4419 9563 15475 3278 19916 4586 18463 2445 14597
16192 7294 10428 2976 769 15310 1817 13960 15706 1358 10477 3751 19029 13277 6175 1644 16708 5480 602 11974 4904 18637 8652 15848 15681 19494
3033 85 3736 18843 3580 12524 7088 14283 9552 18029 7616 19802 19958 18062 5815 1550 13505 11800 8370 6561 1646 11108 1404 11066 17956 13210
15815 17692 12966 424 5534 18174 17708 19387 6648 17527 9523 7102 1763 8583 2832 17104 6756 10848 12657 7650 7338 12359 12508 6480 12404 6669
9815 3515 15305 10898 12693 12727 18136 12658 5112 17098 3875 10761 4570 11951 14346 3885 10075 8118 14796 11245 4942 2087 16107 4746 10977 786
1993 1923 3985 582 1322 13775 18789 19599 4904 8319 11352 12185 6779 12195 15845 6502 1146 17841 11555 11476 13214 17464 8019 9183 13538 7297
8348 3673 145 14428 18088 6950 537 19856 2637 6857 887 1459 11881 14449 18433 3622 10209 7968 15408 3936 1241 17890 10673 1481 1165 5974
3560 215 13979 4399 10790 8445 15535 14770 13042 9539 14707 2010 2024 14762 18959 5726 15972 2166 2891 19120 5633 1189 17036 10484 3118 14344
17852 1166 15456 6528 11534 107 15582 3717 756 4262 17358 7050 14747 9353 6548 1471 3013 9599 4401 13381 9798 422 14699 5256 9330 2630
18602 8265 14327 8940 13873 15117 3902 18513 12425 5028 13507 11219 4650 3346 5376 1166 9504 8921 6427 7729 13801 2317 17289 14061 10863 10588
18131 3778 3548 14053 921 10448 10856 15725 1739 19846 13966 18104 11936 17345 18579 13049 13975 4374 12968 8081 16818 871 454 5265 13339 10129
15943 7202 19017 1086 13128 13288 18261 5200 1325 1928 130 16071 18376 17312 11703 932 18935 12892 16874 18495 11563 5800 11844 16593 19141 16157
12558 3500 15634 3129 3333 3195 3010 11786 17882 5810 5445 1054 16201 15860 3897 18025 4604 7165 3482 9927 1887 6296 1373 7382 9543 16144
16686 5937 16364 11016 17776 16093 15926 13066 11616 17131 11960 17853 10687 12947 13560 6297 9774 19128 17685 319 8200 16833 17566 12677 4634 9314
3937 4784 16167 15345 15252 9697 4967 7462 9194 10994 3205 1095 18644 6215 18469 10522 11139 192 3739 2511 13442 4465 4239 10860 14049 13848
1429 16902 12803 728 6958 18331 7513 4829 5535 9575 8480 9185 18661 15470 6613 2005 6095 15140 19046 19088 2856 4705 4882 7210 4173 17805
5635 7772 16676 16819 3998 19441 4972 6656 13214 9489 2846 15797 17642 17208 8822 6718 7151 18625 3506 10736 2806 11273 6116 8454 14113 14348
9846 10947 8386 16849 17712 15346 15675 19403 18824 6365 6296 1101 14107 16822 6969 18528 2423 6723 14575 13360 15777 752 17562 2477 4417 10710
6620 9407 3150 16144 8145 10208 9160 7086 11421 18849 14714 9946 3823 637 1704 7794 14766 1922 9183 18752 8083 18352 12450 15930 11770 14035
17386 16189 16513 12422 4000 2548 18521 18567 5780 6262 7239 6390 4818 6863 18303 13961 7140 18106 17819 11207 10928 968 11433 1261 7718 5822
13112 19012 10097 3961 19671 3483 4542 14630 11743 2962 10508 19186 14637 16322 2828 1101 19357 16545 8131 15324 16176 7733 13748 2705 11826 16004
19575 1126 17660 5749 19878 760 19517 19589 15241 10558 10325 14363 13786 281 924 18022 12871 5044 10297 18520 16608 9214 11429 12367 11605 3484
10588 3157 14171 4541 4542 1016 4681 5857 8225 18884 14109 15637 15149 16480 19627 15405 11951 720 2538 10148 1065 2441 12858 11324 13123 3741
13662 11617 19125 16552 19337 16490 1591 2338 19424 5440 10497 14713 1834 17352 1694 6597 10228 11815 8940 4287 10367 6603 1172 7912 6958 5516
9558 17216 3544 19537 862 2110 15296 11433 8406 15521 12428 6669 3946 18277 12554 8775 7719 407 7877 8264 5393 2232 5826 6499 19968 17265
3260 39 687 7800 12348 13288 6812 15821 18089 17644 7115 9904 16232 18779 19686 19978 17774 17763 12092 17327 10476 10112 18685 1543 3040 12236
3704 3684 16596 2755 10875 10048 19183 2032 7055 9164 10242 658 15991 18319 7919 15017 12554 12049 17385 6132 226 15257 2353 7371 12363 10378
12029 1996 15090 16196 330 18661 16973 10910 15422 11553 16237 5220 6233 10899 16927 16774 6398 272 13594 6269 1503 8241 5478 13793 2774 1190
19425 19311 2207 17065 3316 15935 19574 1622 13343 15811 160 19377 16230 8568 7519 3086 8543 2027 19559 17579 15996 1621 9115 18890 5785 15015
16945 15205 2774 15224 12565 7340 15045 16721 15260 8168 9267 5953 6263 9299 18982 7799 4595 12665 11101 16518 19580 19848 14329 15567 7966 15416
2524 18014 10783 2598 15174 200 18452 16253 10680 8225 1766 4846 2495 12127 17419 15217 18636 14134 6146 8833 13372 15807 9636 10608 3127 8645
2947 17206 848 13621 8257 8306 3686 18479 5530 5944 15885 6094 4361 15022 12454 2046 5835 4915 2840 7483 1477 3657 12308 13047 14951 13247
843 4966 10346 9822 5179 18168 4138 12756 9690 11509 17418 5655 10219 1634 467 934 9149 9040 19245 15842 18225 16272 15825 896 12774 7546
11763 12915 634 554 14394 18041 8162 14367 8031 14844 8467 6055 14449 9289 9854 3616 17566 15480 17343 11066 16932 5964 2301 4237 15426 11968
1672 3489 19206 3348 3093 1856 2562 528 13259 15089 14057 16757 5308 13697 13162 18835 18992 18527 1627 18849 11770 8556 3710 19329 11865 18078
6118 6303 9995 971 16132 12881 3444 3442 12325 15017 19696 19536 8004 5444 3755 6994 13103 17182 12853 17497 1724 4064 16385 275 2986 16400
11125 9408 12405 5022 11082 8023 5190 1975 17204 11476 13869 5074 16936 12307 18488 17594 15330 15538 4287 1617 10001 16202 16058 10694 19814 14964
7838 5787 6074 15875 19676 6107 388 19732 4689 7399 2998 6205 12691 11254 10845 15609 6880 6913 12554 2470 10505 15239 4504 4852 13779 18873
6716 8497 6578 1479 10031 139 10844 5408 14479 898 14341 7273 8152 4349 13508 2896 11125 3268 16416 15850 3933 1624 12799 149 13976 18777
18991 5223 10176 11223 7963 3597 16877 15016 10677 5801 4609 6589 13447 10370 19989 11171 18472 8928 15515 4059 11589 5745 12326 10751 14752 3632
6706 9863 8289 16337 4779 3609 11835 18188 7723 18423 4291 4612 2447 16106 2442 4812 9434 9462 1078 18165 571 3880 4658 9953 18237 14409
8552 14026 8176 5945 8822 10763 6222 15802 11718 9675 3047 3376 12513 2058 11060 14035 2282 14000 11711 8018 5913 5991 139 5013 18353 608
19900 13057 9342 3585 13207 1865 2957 5232 15673 10859 3681 881 18756 18200 12121 16809 9766 52 2773 4533 8612 16996 17236 11977 11596 8189
9522 3447 6730 3390 6378 17306 18601 15895 1634 1305 6674 8270 18870 8271 12537 9983 19924 7346 5607 16226 19840 18967 11091 5778 14933 7083
7823 15627 4307 3088 11809 15122 4801 14634 8257 16949 2823 18217 18256 10447 4574 6302 3331 47 7225 10618 15499 9735 11759 10241 863 16294
6685 14321 5106 4579 13156 5259 7812 6383 9298 19483 9332 13694 9011 17899 872 9264 19404 5133 10874 2640 4686 4833 5343 10653 3071 634
638 11172 7671 16393 5914 16569 7172 8720 10711 17738 14531 14294 5436 7053 15122 18846 6557 14079 3389 5502 9733 512 7330 19208 11806 3747
8700 19679 2866 5926 13888 16561 16191 9608 3159 15219 17165 2065 1955 1491 3581 7784 5933 13795 3516 15602 4447 15079 14194 464 1224 18216
17997 19755 17728 10378 4822 2082 8293 6504 17743 17058 3144 18032 13203 4650 8015 17423 1890 16178 8613 7903 19670 9478 14848 4080 19468 4481
12400 4096 2234 7475 5607 17772 7843 4258 17870 2067 254 9002 6021 19377 11737 7238 9953 11768 15108 8646 19136 8497 606 19866 10050 9280
19837 16330 320 4883 2541 1453 7909 19723 17099 13945 7181 17006 6328 9604 10211 11240 377 7509 10603 11230 13903 17355 11437 17722 13943 16470
6193 3763 3256 11891 17138 19822 8557 7557 17350 6873 2706 14301 3315 16709 17260 12588 17898 4807 6420 17721 12328 510 4141 660 11083 562
18369 4814 17013 11405 812 2267 9547 10335 4761 7105 12395 17788 16468 1776 10188 5726 19588 8794 13510 15152 17830 650 5332 19291 17616 3372
8123 6109 2709 9567 2375 8292 9286 5359 6323 17175 10215 18819 15438 17088 16532 4064 9814 18138 5696 12362 15525 10854 12858 16128 7665 9424
719 2553 11807 14735 9416 13433 9517 2106 13848 12992 9023 15835 1997 17595 13314 11702 10513 16985 15957 6364 15135 17674 8186 635 7087 9834
5858 13702 11674 10051 17382 5337 913 7662 7273 17519 9375 7318 14285 17589 2155 2234 4140 1245 3011 15408 9918 4508 17899 17444 7306 1263
8548 12585 4449 4427 18891 1510 4200 11118 18003 1862 2709 4905 17532 10097 4361 10818 4277 11038 8002 8301 17189 2119 11454 11842 15868 13824
1641 17007 19263 16576 8649 13450 2072 17770 4237 8871 18041 10187 319 10193 2027 8948 13016 9005 4477 13242 15848 5629 19658 15331 7539 18652
11999 2221 17513 14560 6332 19339 286 15481 5970 12387 4599 3 8476 18448 17513 11335 1116 4160 17543 14980 18259 4312 11463 19533 6862 3630
368 3805 19361 15912 4968 5618 9642 19842 8127 18330 19210 3758 1079 14009 9986 17398 10282 7265 8264 13239 5834 18292 16523 24 18298 14237
17161 4982 12505 7352 15208 14405 15284 17930 5921 4105 16494 931 6511 9235 1872 2950 9894 11993 3679 9544 6997 8759 4237 14772 4656 4888
5591 6905 12466 19647 18763 2509 9387 4998 16200 4662 5301 8207 5943 6444 9443 11189 15779 6557 2136 6570 18230 14577 840 7985 14207 4050
2801 13075 7270 6412 6933 10193 12572 6903 3691 14608 5952 8521 3968 1882 2340 5188 17608 47 9091 9660 3629 18683 13574 752 15888 18115
3232 17404 17147 4787 18306 10898 14922 14692 2998 10263 15004 19963 1323 2204 17205 16082 5699 9099 16076 14711 693 1332 18317 9915 10624 13635
17081 2272 5742 16878 14448 18677 8242 7723 2300 9948 13067 1300 6985 6433 11481 6810 9336 2864 8611 3905 16162 11017 11749 5260 1714 12736
2683 6672 1313 11547 7301 14689 713 12943 7296 12150 16922 285 19784 13769 17818 8259 1579 16225 14603 19795 1975 12027 19669 783 10756 6783
12807 7988 15717 1724 19713 12249 13546 5300 15972 17424 16119 1833 19519 16063 14903 19235 1974 11908 9163 12438 7357 9382 11417 19698 12885 13285
19471 5942 12958 77 2069 10036 8362 715 14077 19342 15500 7427 3607 13013 17517 19010 13186 19316 12467 13161 17747 7776 17773 16929 13514 12291
7374 12567 15996 17273 16841 11476 6952 5570 6211 1808 9835 14832 9117 1734 15274 13528 15259 19497 11751 16641 12563 2074 14564 11468 8495 263
19882 12411 19908 6459 13991 15701 1886 11919 14644 7690 6207 6802 15839 12746 12217 7396 2461 590 11544 13911 7479 14620 15500 11228 2801 12470
7522 13218 18232 17817 13878 16712 1271 5713 15775 14804 13411 4576 1 1523 19850 18773 7438 2335 19659 18214 12333 16773 14107 2227 4718 15142
13939 15927 16624 7922 10080 2304 9157 7584 116 9828 2791 18330 12612 19868 3119 15748 8411 8318 1333 13404 11233 19729 12714 6424 17739 9657
5465 172 15219 7079 7802 6084 7257 10071 6958 5903 13043 17745 7821 14876 15192 2286 746 14671 13046 395 19093 14174 12742 585 6019 14070
8051 10314 6241 17293 19268 15024 647 11399 2493 6710 713 7674 8098 359 16629 10785 15318 15421 19581 19474 12136 9577 12072 1366 5938 2523
19660 19496 1131 3989 7491 8860 18092 12554 11365 4890 16155 15388 3665 3778 18946 14666 12148 19340 10861 17852 12784 5759 17132 14588 13384 11043
6177 13905 14002 4322 19051 14769 540 6372 17660 3817 1681 107 9189 8608 8043 16208 12744 18720 16172 2999 5424 11644 3416 18891 854 16367
19765 3642 967 3667 18796 5950 14611 7737 13581 12814 16496 12563 5912 18858 14756 2711 8855 10475 11835 7757 7981 1153 1808 16853 17963 16642
527 13601 14235 7828 19538 8812 8051 12446 13673 12705 5099 14307 15056 3598 11837 3880 10667 1502 6992 2079 15947 14496 13050 18694 14831 7334
7122 2449 6867 8412 11428 9094 11264 6435 18174 11969 6513 16447 6860 17295 2807 2256 1991 16299 6515 6514 3550 18977 765 8706 12181 931
9882 14067 6738 11497 891 10232 15740 5846 8989 6925 11436 14936 5418 14133 3603 9349 7395 1965 8857 19232 9365 10197 13923 8104 1226 7263
13804 19331 6846 2056 1497 1131 7314 351 18719 18392 15075 5246 3979 16313 7042 15770 19009 11120 17708 1138 3290 9881 15531 11730 1196 6796
9723 15114 7351 2916 10335 15147 19675 13352 11770 7629 9391 9945 2359 11142 6239 12707 6356 9566 2228 769 16102 12561 6496 8152 6719 10005
8287 312 16171 3091 2753 16054 8401 14817 5540 9195 12098 10555 14690 310 7499 18974 14260 10147 6466 16867 10647 12929 11911 4286 7699 11667
18784 14790 17747 17200 7113 11222 11368 17987 14633 11645 6352 17722 8711 12656 17723 17876 15811 13453 4065 7137 13010 16626 14101 10680 10774 9222
16700 12730 13414 12162 13037 13138 18005 13232 14750 4026 3427 703 13593 19479 15145 13390 1430 14123 19212 3403 17651 13642 12216 6535 10612 6224
17044 11083 2219 7114 1044 18500 9880 12710 11980 12283 9819 4067 659 14503 9284 16209 2486 9271 19943 9872 686 761 12371 11947 19588 1351
7667 10325 3146 18149 4300 3655 7373 7858 2276 10330 11174 10430 18881 6531 5149 7636 2007 3236 6467 10565 14784 11442 8796 10152 1023 2981
9241 17752 2946 16796 8074 15670 17702 14968 17603 7759 5925 5178 1945 8515 19997 15031 13597 5151 19918 7145 13778 9262 8756 439 6561 6795
214 17622 9083 19051 12985 18654 1627 7969 13101 13245 2432 461 7947 2276 7446 3619 1132 12672 462 10727 13385 980 12090 1121 2573 15482
14863 10487 11575 540 672 16496 17717 15975 9464 9547 673 8991 17662 11148 5303 465 18641 5549 6821 18216 15087 3739 12870 16981 6640 14593
16497 5958 8618 4842 9977 17756 9270 822 14534 5015 16250 11825 16532 387 6406 4346 11139 16738 1300 18539 14697 14414 18668 15262 12847 6032
17453 7181 10936 17538 19464 15046 12130 10156 10361 6960 8595 7895 3193 625 1119 1815 4262 6507 5082 6382 16187 4182 9850 19943 2473 14250
11748 12247 2798 14621 17332 18241 17289 9885 16778 15414 6759 5740 3018 815 716 888 4964 18330 355 14689 1003 6725 17267 9333 18481 11620
14780 19360 18417 19830 14726 10501 6692 9366 1704 12562 19653 17318 3046 2862 13344 18183 11407 14090 7222 11508 17735 2857 14768 1217 6855 15319
1882 2136 286 13054 7206 829 4214 15821 3410 12276 14693 11047 7790 10681 17886 14700 19912 4505 8841 9840 10178 16610 7177 7827 17686 12759
3616 6814 18835 12035 17959 10706 7557 12358 8487 18642 3613 18783 3745 6849 6517 10986 12204 238 12937 16439 9284 12758 168 58 12922 19156
13581 14993 15575 2057 15565 10390 3200 10560 7307 19169 411 18735 1846 7791 7231 19582 628 11787 19023 10574 2991 4441 243 8993 14360 12521
8319 8937 6699 12132 18435 9090 8882 17161 12336 7379 16750 601 12964 12085 4958 1094 3049 15191 2105 17200 4559 16569 17323 17901 18292 18384
9806 195 14595 7850 16699 2556 18209 17539 17834 10617 1454 19723 1837 4085 7840 3636 191 8145 53 19212 6059 8545 7961 3282 9220 2077
10534 14643 6887 9875 14374 17202 5713 12991 558 15962 9403 14295 6715 15094 3574 12672 16360 16918 17622 9216 9976 19057 9295 4114 18616 10299
14718 10932 16258 6777 12009 17767 13782 6612 15709 2443 13882 4186 8889 3110 18574 6227 14167 14186 16512 15923 5390 13882 53 13285 9319 9151
1389 12252 12702 6274 12556 15000 8360 8711 7075 14142 11844 7392 3053 2061 19609 17256 5991 3124 3854 553 12524 1234 15429 19305 4101 18169
9873 14081 3500 19664 19915 9134 3656 3375 14147 18206 11185 16341 101 14788 2962 1451 11088 13590 7606 12970 12202 17279 8282 4199 19895 13094
9224 16928 15436 18711 10787 544 14393 6083 4102 985 9052 13410 6572 6672 18166 6795 16836 6027 19316 1979 6349 19204 3204 1511 15819 19619
14538 9639 9426 17749 5439 1502 14960 18987 14492 15547 11456 15946 4564 6605 6642 3343 13212 8773 3621 2617 12127 1695 541 10680 15561 15512
508 6622 13566 1707 7203 9172 9834 10757 12633 9030 15272 15155 14435 12081 14753 3666 10580 6385 5614 6464 9157 16251 14004 19846 12423 2652
19698 1917 18950 17766 14625 14903 6413 2875 11249 14535 8421 19177 1862 1165 16214 6406 1760 5594 6311 6421 9736 549 16306 1540 12536 11360
128 912 5558 16500 14764 13928 10060 12461 12578 2420 6460 11220 2737 10687 5760 8224 14368 1091 7577 2262 15259 17638 13507 12245 9402 13492
3506 15962 6883 5476 17432 15872 17524 11626 8919 534 10987 2691 8946 10920 15186 2368 5943 13272 19513 14140 16100 4435 1236 14716 1401 12786
8120 8968 10620 16694 16342 16299 2133 7441 8954 18561 4621 19578 11456 17809 8027 19010 68 960 4803 6293 10111 6810 15435 7262 9433 2288
16695 3101 2535 14565 12972 1173 3288 16763 10097 4592 8933 15352 18521 7950 16550 10575 18775 9061 3823 9724 16327 8542 859 1865 3945 15520
13802 12821 9828 4125 14228 3386 11590 7053 7823 8923 18345 19250 6198 8064 15095 2793 5640 16804 6942 15705 11622 5963 5765 10436 10680 3245
14986 2888 6501 17769 2423 4339 17369 15263 15076 12159 2991 5894 7621 8334 10618 6608 12051 1334 6713 1616 16501 4874 1530 15753 15303 7453
17060 13436 4306 13421 17382 6949 2838 17837 13966 6129 11169 11271 19262 14213 4109 7224 4770 15570 11276 15984 6742 14617 18304 3289 14268 9330
15001 17693 12679 7891 12245 17640 18972 6573 2500 2100 11661 11725 15505 19961 17576 8188 9646 15260 19653 18111 17204 13034 6551 3053 18568 4021
124 10159 13303 10696 7351 11142 144 10417 10883 13185 5312 2287 6351 18869 4791 6587 15506 17038 1096 742 12356 13387 9262 19707 4190 19608
309 11172 4038 12925 14730 15935 12837 18873 4670 6138 19869 15746 11853 12832 14187 2798 2508 11945 13855 1132 596 19265 5762 18913 9096 2639
7090 7427 8916 8692 512 9731 14134 1377 6807 6161 4005 18975 9219 15755 15748 6254 6448 14989 6691 9777 18178 9963 10542 8443 7593 2702
6745 12193 17251 18292 8535 5246 17680 5988 16692 1648 16173 9477 8595 3001 8782 1458 2214 11255 8096 10319 11147 9721 15580 6094 1567 2355
13713 5122 7737 19299 16440 1798 14918 11182 6282 13745 8262 2210 11845 9993 11747 17261 13982 14306 14181 10387 8600 16633 16543 5403 7341 7069
16985 864 5678 12055 15753 3048 16338 12082 8433 18519 14783 3603 210 11304 11005 7999 11959 18471 14061 764 13183 1403 3680 10043 182 15726
15318 309 1764 10391 14759 11994 10572 19949 12496 11762 9061 14026 14590 19223 9007 11984 123 19697 4848 10614 8452 12775 6187 14414 18683 6055
15784 14086 13373 9661 17486 19473 6183 19137 12887 902 15344 7057 13125 10731 11216 17247 9900 1003 10177 14419 3641 15659 1049 11219 10562 5249
19688 3276 4375 1163 3238 15871 2647 18788 2901 9994 19474 8668 11501 9647 5716 19055 1582 11822 7759 499 4144 15406 3332 11528 10635 4402
16742 19507 2618 16890 7545 12966 16165 1750 8286 4908 7585 11887 13005 639 12436 11497 2717 9841 16572 5756 15100 18867 17775 4163 6864 12959
5800 1818 4731 13163 11700 9204 10572 13887 18468 11658 9288 10574 17722 2087 11661 5485 64 5394 13097 18341 11302 14509 8942 6217 13290 10288
934 2264 12187 19525 4088 15152 269 13139 8290 11094 5802 7538 8360 11283 17406 15262 10485 8334 4159 9395 17562 9431 6654 7425 9272 5499
140 7840 15164 17026 3907 10907 18118 7659 12972 10045 819 4455 11467 1098 18231 2384 8004 9720 11169 11281 18929 13552 15029 6474 11516 12421
16632 370 3003 6280 19247 14215 6901 7886 18728 6029 17140 14944 2326 6553 9624 8622 10364 14412 5643 15483 3464 15126 11311 19998 17793 17409
5634 4169 11098 10301 17362 8956 14877 3130 10864 1458 15145 8756 16053 15597 5853 4811 11119 8085 14837 8835 9444 425 10255 6153 11098 1658
11473 9391 18630 6632 7626 9445 18588 11810 14656 3530 9728 12593 12492 17836 7249 12264 11343 7052 14577 2947 7984 16981 4835 16469 5734 12554
7622 19271 8510 16996 19987 2675 3495 11765 917 7552 65 18391 2479 12434 7464 11459 19571 19255 18709 4543 3187 14086 5540 12850 12637 16495
14883 12723 14405 706 2624 10472 4264 4667 18914 10023 8494 4346 13188 16443 5565 3811 14042 9953 11416 14784 19274 2614 3729 15641 11648 17618
8613 6346 19718 1700 2693 672 1088 7358 19429 17203 19701 1470 10027 13488 14520 13543 11084 14521 902 14947 7897 16150 19738 19633 14617 9208
2107 12798 12181 16184 5626 14903 3328 11921 9316 8625 19557 11527 5880 4421 188 10143 8068 880 15168 934 15789 19581 14202 17892 17465 7633
7204 11424 1196 4257 17519 9663 12306 14355 10956 10353 3490 6652 12047 17093 8085 1514 17462 8680 252 6999 2937 9653 2493 4456 19703 14370
10246 4230 15919 19040 3841 5075 9476 9252 17158 312 8142 4257 11719 16388 4211 4860 8017 15747 15308 14339 106 19038 3754 19247 4573 2070
11150 17318 18422 558 17872 8132 3639 15143 738 8607 13478 19521 12261 2519 15987 8841 14543 14461 3653 9188 17906 2546 9127 9183 327 1639
17882 12957 6051 11581 16827 4058 11402 1132 10884 7389 9096 12792 5656 11632 8959 17093 14240 17619 16599 16885 6720 12120 11342 16764 6176 11464
3467 11707 10765 19058 6735 3257 2770 1305 11757 12390 15708 18665 16734 12666 13654 2585 19481 18982 7788 7758 12004 15018 12311 17844 8280 15045
4182 3896 14742 17180 11848 16499 3755 19130 10731 16965 921 12435 15616 9637 8196 4093 12718 19987 19001 8161 12112 7569 14838 12696 703 1548
3493 15191 17189 17314 1943 11231 2565 7256 17384 15284 19057 5698 15355 16018 10790 10013 19665 17832 11871 9923 15182 11432 10077 11695 2354 18193
10362 17003 7723 2833 4835 7586 18939 7693 4068 15019 18605 5641 19213 5143 4074 2547 3140 7737 710 16179 6582 6779 18070 15703 18214 10031
10710 11615 19114 16843 6621 19428 5736 6852 18468 14540 938 13116 217 15262 192 19881 4887 12772 8644 9913 3957 10745 19955 19967 3668 13737
13678 9320 18496 7865 1424 6078 19584 5982 5979 12551 4018 6860 6885 18702 9178 4211 7179 447 5556 11908 6712 1694 12614 19313 1567 17850
8378 19889 9096 7253 1850 5078 14263 16177 10445 12893 12851 13303 17000 12487 16788 15685 13289 5798 12766 13918 10044 18023 9738 11854 13980 2251
3757 1058 19905 1946 4811 17654 13962 11271 11192 15250 13832 12917 12480 4007 14323 7947 16743 9314 2975 18809 740 17056 9154 5307 4678 18782
9856 9186 2250 4719 17566 3816 3044 16662 19810 1960 16060 10890 17102 19150 4184 16939 6929 18705 7200 4800 11942 15422 17410 16786 19972 19649
3657 3471 16616 4118 4476 14048 4691 16026 17201 12766 17250 6267 19076 19163 13915 3312 17707 2908 7765 17288 4225 3759 13910 14448 14943 9298
97 5098 14736 12676 4224 2394 10518 6547 13122 18775 3105 13667 13383 15476 9337 10656 10847 3342 15274 19651 4204 18309 4153 11323 6296 4326
15781 18219 12421 17837 2281 3187 3431 1616 8588 5275 19508 17391 14700 11183 4006 9364 5981 9487 9197 18680 18770 8534 613 11998 4903 12984
18100 16071 6399 3700 13330 13279 13478 812 5662 944 14275 18411 15090 12415 14339 18875 16637 2358 16530 7120 15495 660 18112 13527 1974 16450
4522 12115 17781 13412 11676 19706 5763 8999 12720 8749 3322 12846 4051 14790 16889 2550 19355 15443 7002 4467 17841 8207 19653 7323 3712 18869
17523 3554 5405 10101 12410 19260 10462 9878 13121 14866 18805 12478 11397 5209 14755 4966 8054 8081 5328 12355 19471 15500 19843 4247 12297 10092
17249 17596 5154 15941 15970 3214 3529 10486 14840 5274 4965 15784 4662 14214 9428 14002 11478 2207 5068 7320 8603 6284 17305 8688 4092 17603
729 1584 1097 12450 19114 5507 18684 19516 4255 6659 15630 8961 8887 10256 2835 16708 7886 11252 3625 8474 17354 17164 19713 11542 7151 11962
15564 17003 10360 933 9698 10127 19423 16180 6171 18670 16186 12370 6859 12687 7774 13419 10842 11075 8277 6231 141 2677 11969 17462 1824 10479
2883 15549 8067 13270 8456 15104 19157 10055 3314 6387 5489 13019 5918 17033 16039 19586 6717 1406 10779 15250 3687 2778 11812 1639 3749 10512
1684 15646 5156 3863 9207 14549 8848 9983 8586 13783 3922 17778 1743 2365 12480 9553 697 11821 5837 9341 17705 16773 5199 10879 6270 2838
8445 7744 6162 19028 11164 944 16787 4489 3017 11789 15432 2759 10000 10025 12140 16220 18493 16923 12928 16496 4885 14701 942 19743 9196 6372
6343 4410 8089 5435 17744 17684 11321 8478 5584 3411 306 6993 3502 2204 1385 5310 18116 11966 14111 12673 15607 15771 4102 9342 17228 6304
3171 2321 7604 925 11733 11828 2556 18499 6804 16040 6910 3723 7370 10958 17713 6707 7151 9111 10907 6705 8310 10587 17781 19165 9886 14128
14270 6580 16608 2349 16272 17097 11308 13404 2847 5024 7 18283 5831 11267 3778 10896 15285 9307 8775 9898 7865 19752 2230 2212 18839 6042
18810 12134 10386 13369 12709 3270 15733 7174 6914 12565 9730 11186 8528 6571 3448 2496 9794 15659 9929 13066 19391 7626 8071 1820 5693 1598
6127 12717 17022 4219 14484 10729 11002 9777 18897 18956 16654 11709 10439 18673 8648 11560 16969 5220 6813 10119 10518 18834 17308 16177 926 10008
19654 1643 4757 10147 2953 2030 11281 16277 12214 12844 8299 7454 12134 6969 15043 10145 13398 16821 15185 7303 19542 4333 2638 5690 6763 13889
2484 10951 15478 5980 2011 14581 11100 14685 2192 8345 17923 17986 4249 13260 16875 13415 2695 1796 16514 2482 7363 8150 13435 5078 6436 6009
7545 17740 12842 12041 491 19714 6212 19045 8997 15199 18685 14577 11236 5330 6214 13897 9515 3740 13610 13957 19716 15832 12115 1244 6773 8794
18939 3124 6083 2254 18893 10803 13739 9828 15336 10998 19212 6684 12765 8573 13688 2743 16519 12475 1505 9993 15122 8737 14146 3238 7731 4555
18924 8112 7644 14029 438 6155 6933 1964 2852 8866 2283 19895 10454 683 16853 13970 1476 10601 13342 5776 7084 8615 11422 2652 17926 13516
16814 6183 1649 859 2943 7713 15181 19372 12524 13763 15223 5736 15404 15879 7349 924 5024 15173 4367 18538 18154 20 4862 5053 8156 1879
6421 7104 9968 19017 4652 4512 5552 18899 15718 15351 1011 16821 5186 10565 7939 1279 9740 16208 19239 9186 18730 17040 2967 9072 10203 18891
2148 9362 543 3665 4084 19070 8476 13358 2253 442 10181 3895 7360 12487 16837 17123 748 13098 477 4415 4535 6721 1850 14884 979 13860
7166 12477 19385 2867 6324 8650 12909 15673 854 4424 14495 16996 9810 18554 244 8341 8127 914 11532 7571 19686 19137 11106 10779 11392 18952
11968 18594 4870 16932 9790 3201 18792 19657 5919 13498 12477 15756 19132 18896 1556 13744 5835 2139 8961 13824 3055 15268 14086 12844 9835 14284
2121 9549 18375 8336 4322 14130 12182 19863 13291 10407 3442 8774 9373 6918 3853 5168 13471 15329 11894 7056 18189 1663 5411 19765 493 9203
3298 15707 16815 2030 10586 6929 12583 14342 5735 10403 17986 1372 12996 2 17429 6507 11204 17786 6387 3601 2987 5752 12437 9227 18301 10953
7122 10110 19246 13755 12067 11918 10166 19114 14102 5320 729 14803 18402 10581 15402 609 14415 10816 5700 19041 11475 8774 28 4168 14083 19932
7721 5816 13617 12477 14029 16146 11885 15492 12870 379 18941 3694 13375 13585 375 13634 9409 12557 10692 8927 15647 14976 14764 16636 6036 17960
1844 15644 17453 7646 11196 10351 3690 3749 16301 4206 10696 19689 13448 1719 14772 13798 16320 9154 7812 5876 4695 450 17222 1653 18792 2532
1523 5375 9394 1703 8487 1633 3495 15192 13303 894 390 14061 5544 15842 13274 4530 18601 5337 9690 2953 5651 4091 7317 100 16210 729
1968 3151 5615 2309 5911 6008 11362 1687 15476 8848 2024 1684 8378 9180 3852 5433 6303 9138 8835 3752 5670 2400 12740 18041 11200 19145
17660 18087 13817 16534 6955 14945 16789 3072 17044 14914 19591 16429 15091 14969 8121 15010 181 14367 12537 351 5943 9197 1319 14836 4359 19934
1140 18 9624 14166 1607 19935 2023 16743 15876 5606 15101 8966 5345 14100 7391 5667 9477 18445 14392 6951 17313 965 1799 6609 2406 2740
6487 14097 7742 1221 783 149 2923 18459 12210 12834 7319 10809 13575 6853 13709 12908 9700 8562 10450 11955 860 1074 8934 19975 18632 7857
8077 17 827 8698 5388 8565 766 9245 4859 13773 19730 7797 15898 2521 6944 17776 4003 3651 18317 5883 15372 11498 15420 9603 9550 17454
17564 7233 13484 19876 14862 5061 17169 8841 868 7775 7618 13249 2100 6269 14092 1476 2675 1404 12096 10714 10345 4870 11378 14433 7218 3422
8170 6198 19135 12026 6042 576 17934 5760 2089 17049 4731 18534 19931 14445 17506 8873 3514 19322 17275 409 16384 1155 8884 1469 5119 17673
3088 12174 5257 9876 7901 3593 19724 6847 4245 7441 19042 10209 1286 11671 15021 13027 17349 8830 8043 13136 10850 15590 116 11590 13717 17387
17449 4317 9154 7141 4842 16484 7180 1902 13796 8094 11001 10933 1180 13203 12060 1022 8108 11655 6097 829 16973 4919 19062 6011 14451 17895
14308 13227 8451 10235 18221 14696 5817 10035 1961 5620 12297 5881 17392 1755 18411 2763 15470 386 9519 6560 3730 6768 7072 7773 13462 14205
19304 473 12614 4130 19916 13187 12186 13668 7757 555 6643 8463 8273 13743 4112 4041 6041 9781 8248 17223 15234 4156 13383 18531 4721 19079
8746 10285 13459 17919 3105 8688 2082 10026 13720 17259 10433 5164 12272 3027 8578 1549 12629 5611 13354 4583 9128 19070 3562 1195 214 19480
6729 12843 17759 10392 3751 17030 1926 16710 11011 10052 12503 2641 2514 1255 14797 11315 1139 8173 15474 17569 7591 11081 12419 14149 9655 9256
1226 3123 7898 8405 6407 236 15613 9199 17300 12968 18084 15509 16250 15733 14092 16709 16584 10939 7362 11438 2390 17592 9337 3227 15724 14344
2566 12052 2902 12726 17635 5492 10707 11794 13742 10052 5093 16804 7626 247 12059 7368 8214 15410 10924 17162 17958 11788 14440 18910 6691 8102
1238 14524 18197 16008 17157 14725 18315 11061 12569 15417 6072 12440 17492 4858 2394 4514 3304 13882 13172 17744 15174 8085 8773 2713 9040 761
10219 16578 1806 10214 18202 14391 3494 13168 7655 13825 14962 860 2976 1496 89 5075 13738 3143 8830 15581 12440 12414 15958 4421 3103 6900
1500 4286 5903 8202 12202 4549 8405 19417 7650 11405 11156 8995 2752 1525 10250 18350 12608 7091 18442 16833 8315 4384 19303 7269 3373 6755
17439 13120 8960 14781 1377 18647 2584 15458 3171 17828 1084 18679 17488 2776 18011 6550 17496 3100 17196 11166 12724 10028 11123 977 342 6952
14944 10778 2794 1694 3854 14994 16577 19463 4515 19318 6088 13231 10422 13391 10936 16180 12899 1975 10763 7993 10946 3267 16355 17272 9725 4363
11871 2388 14194 9154 2596 17134 18044 2436 2702 10289 12490 4568 3639 1152 980 2861 17757 18274 13350 7298 1476 10963 3271 19466 15949 5378
6422 14115 1281 6964 14585 12955 2487 14616 4286 3194 13388 10428 1077 7988 404 16922 14053 19371 4382 7832 4866 6073 11879 19439 3588 8405
2732 1473 18139 15294 13018 3327 14220 19434 8113 10712 7329 12126 778 8390 18089 1125 14314 3228 745 19343 2149 2943 1800 18895 16048 14094
6433 1396 7717 5882 15031 1477 12818 5330 14141 6830 2747 6667 1458 11448 9232 919 15595 14172 5611 18721 5635 2082 4933 5605 8915 7729
16983 2575 6786 2792 19231 5539 1947 7495 5140 8982 4187 6988 3082 17881 6056 14002 7606 13188 7258 978 8409 1770 10740 9173 9691 9549
14885 5927 17143 18904 15349 16024 17798 579 6157 1330 14189 8562 9855 5468 15730 12961 4196 3017 13288 736 12032 15586 902 5594 10592 3081
13671 8974 15306 12987 502 5777 14285 1264 17773 10317 2434 1396 18150 16862 12692 7307 9955 10716 4939 5475 2543 6250 19943 14731 1166 17086
7075 17390 12413 19017 11404 8728 11642 1272 13729 2056 17901 19831 7196 5407 18416 13367 9050 10115 3321 9808 12148 8515 12815 6066 1037 9715
3754 2264 1643 16517 15868 16627 17820 8560 13608 6580 14792 1439 3001 6592 2729 3328 5454 1057 10799 18848 17936 18011 3526 4727 2665 15525
5139 18345 11414 11914 17475 13445 10635 4875 10410 15827 14676 308 12790 8507 10126 16323 19671 7616 15035 16407 891 8092 16125 12227 19898 12611
14847 5014 16524 14909 375 6305 12031 10408 17903 14284 18000 4581 15287 1483 9836 11502 13619 3253 10785 8846 3577 6456 546 1260 3133 10438
11686 3199 11258 14579 17918 14112 1224 11858 3208 4991 8236 4617 3849 8541 1699 17104 1055 15396 6407 10040 6159 13593 11460 10537 171 4137
19406 13289 12602 164 4155 9709 19103 19008 17895 18212 7671 9097 8234 9425 12319 10091 14116 10614 19611 7188 11370 8943 3036 18381 19826 8299
8055 16623 12477 7010 8977 3358 18101 15601 14134 15415 739 13386 7918 2096 13820 8116 13076 4144 17626 10947 6771 5321 18056 5736 13920 17948
14585 17240 18227 15397 8672 6205 14334 11022 2916 15301 1305 9095 7687 8281 10954 10187 3480 921 14883 17500 4295 14331 12798 6210 79 1962
12585 4348 5262 8915 12372 2835 17938 16734 19104 14996 17313 2121 12145 13819 19596 7013 12085 5471 17538 13542 1520 13310 10990 4543 1122 19077
3505 14939 14183 6007 9647 989 1921 2445 504 13711 13531 16641 15549 6573 12707 8649 10177 4404 11923 8690 16532 16986 16136 3778 3473 14796
13931 6945 3369 8706 17521 15069 7159 10368 5118 12853 13985 11612 14197 5455 12690 3327 17181 1818 4798 10059 4839 18128 10884 10738 8142 560
16668 9324 4136 17510 18373 18297 15599 4498 6276 4622 8066 6438 7353 16410 14016 7614 9700 17001 5834 14792 6453 15199 520 11637 1227 16424
916 1846 675 2857 12925 4046 6019 16763 17759 13711 18442 9986 18464 2548 16624 3305 5310 5561 11241 11939 10437 5086 11278 10172 16214 4433
15727 4349 5316 9377 16576 1197 7796 7692 8403 1115 4204 7054 17370 13246 13891 2309 11295 8521 19893 5564 19083 18501 4291 15530 8537 18197
4768 2796 865 8473 8949 6837 9359 6050 3583 11286 4448 8102 5527 13843 6130 17959 9319 3260 1561 486 9920 350 5076 2960 2239 19771
14463 17422 11842 5177 19916 11390 13850 7917 4748 3684 844 1655 19944 7264 11218 8517 10852 37 13591 3825 15302 943 7640 11526 17307 12780
13792 15237 3855 5858 13548 6389 14025 5988 9539 4525 7659 8640 14415 12893 14501 17308 6732 14480 19159 1143 13993 12361 4693 17890 9650 5202
19629 11248 16965 1951 9626 19386 18926 3446 13512 5888 13119 9318 12288 631 13411 19552 18463 10604 2159 6550 18114 793 2847 17161 18901 11044
7934 15213 17297 9807 2885 7070 17710 2870 2900 17727 15567 11167 12096 5761 4606 2258 19609 3209 475 6997 283 1213 18732 5804 12299 8964
16669 7663 6777 4054 18375 5990 5826 19967 17203 11840 5461 6414 15466 19218 3027 6349 10568 13282 14072 8358 13958 19467 11472 11581 1643 13001
15749 2421 6135 15903 3786 11333 10801 1419 6843 13957 13627 17031 6303 15855 9295 17161 6005 8770 328 1308 6413 16107 7122 15476 7539 14802
3543 3250 19007 15681 18180 15243 7690 9785 10154 5695 11998 10087 2835 9904 12375 19204 18368 6042 18746 7688 4010 7048 2348 820 9029 5733
17519 8276 19619 14757 8136 400 3281 9038 6841 15363 14093 15957 16164 10094 5777 10269 670 14826 12063 12380 13706 14466 41 10814 14257 11028
4853 15151 2881 19753 10137 13387 17264 4921 15846 11412 9974 3395 10897 15514 1999 5056 10520 11500 15947 5548 16705 6576 9173 4677 4937 6983
15955 13986 13991 4484 18391 4555 4101 15621 7846 14533 1493 3703 11707 15704 10975 18993 3488 3109 4429 407 5961 13943 4733 1182 2670 212
3139 3792 2252 1979 8457 8837 9183 19928 4411 8368 964 17257 642 14073 8750 4038 14635 10197 7885 3520 9351 17249 4601 10163 3074 1549
17540 3996 8635 2036 17512 12429 18915 2667 2274 3943 3182 14023 680 2786 12761 6209 6922 19347 10816 11914 12543 12617 1109 16480 16532 11468
1507 7583 11842 9104 3029 16970 11788 16573 7840 10520 471 3746 2027 4989 11938 5520 14499 751 8908 379 4583 10467 13627 14878 2459 2691
6285 3421 2143 14056 3585 624 8255 11254 1277 5166 8424 1138 5914 4101 6801 13182 12996 14004 6657 11781 3352 9200 7653 13637 9057 11921
2428 19952 5334 7604 5216 19170 51 16240 1683 1789 19656 14714 18026 18456 18095 2150 9709 6433 14056 18547 7085 5092 921 6090 8332 14202
5340 3883 6923 4415 2391 7303 16068 15575 18377 12385 57 19759 768 6532 19082 12600 787 15445 1723 957 1938 18432 6797 4570 13409 16453
16634 13456 19195 7821 10976 17839 15501 12715 127 11006 711 17471 15327 19749 19364 4857 16215 19273 8781 2711 1270 11342 4596 2554 5769 11900
17975 7983 2352 11834 16323 11484 931 15058 1335 10233 8738 18748 13139 4769 17396 17298 18944 17704 3770 19254 4611 16015 12330 12415 19427 213
16916 5873 14512 6755 19440 1475 4563 18823 16262 1167 8783 17318 8264 10286 16264 10519 19114 1186 11550 4106 9000 10875 6659 14171 17432 14401
6990 12548 18761 11728 7811 17487 3712 19247 11702 14186 5259 17645 17637 15171 9790 5213 5708 8329 8833 17009 17231 3527 11566 18465 14366 4041
8249 3899 13339 9339 9583 8109 5449 8929 15754 9302 10457 16847 13948 10012 10857 2783 1534 15007 17861 19479 5256 9587 4344 16877 13486 17659
9126 6084 12012 1893 16431 8123 15645 720 16755 18565 19331 7894 13902 19772 5339 10155 12492 10894 4979 11041 5131 204 13321 13471 7003 12988
10241 1939 6228 12672 2910 17239 4157 14760 2266 17517 2611 17314 16972 9885 6970 2108 6698 19519 5754 15186 13490 6774 1630 8736 11837 602
2865 13634 4419 17233 8602 16211 11005 7706 15084 2867 4057 10279 15450 6627 1572 18782 15456 16139 17708 2324 8685 14705 3048 15833 13338 7160
12084 6570 5399 6188 6696 7873 8995 3364 8663 3745 16164 5981 3637 10730 14783 1556 3883 17602 19751 9447 14583 6616 12454 13995 1312 16921
13817 4970 11748 1229 11463 10711 3974 14547 17259 9689 8356 18195 3307 17473 1582 1269 8961 13397 4514 13511 2081 12614 14703 11270 3074 9548
5384 14979 6742 6097 17642 81 13953 8355 19413 19832 2422 9033 18338 366 2398 5901 17473 3665 5691 1264 13766 14143 4684 7809 8573 15056
6373 13064 511 16355 19689 19416 18925 14482 13397 12685 8570 11735 11353 4540 6509 16848 14713 12593 2345 17344 7966 6596 8128 11771 2660 10158
410 16708 7039 9599 3291 8607 114 11353 235 8799 4035 14990 6880 16262 4051 8013 19913 6155 5691 584 12237 4339 11182 4187 16411 2562
11444 15955 11704 9848 1095 6908 14392 10880 3758 11100 18288 11000 7276 19394 18028 9145 19020 1263 10383 10523 2573 15694 13068 1892 1241 6135
19326 9967 593 18305 9025 8925 1702 19735 14012 14723 17473 5780 17198 1478 12891 5682 13959 800 5660 11980 3716 11462 17055 154 6303 2704
16273 19893 2072 17425 19195 545 18202 19514 17916 7957 17016 1169 10104 16382 3921 8677 10260 10300 19878 6170 9403 14320 830 7301 8400 2515
16123 13724 12091 4257 15618 6253 8041 1343 19557 15811 1886 11715 18740 664 854 15358 13326 10621 12103 2617 8717 780 11373 9472 16053 12178
14451 18205 10456 18674 5672 3175 17683 17671 7003 7827 10926 17993 3978 542 17551 5717 11801 11036 6995 16670 9048 857 11277 14898 88 9670
17445 9291 4356 4488 15115 1950 15639 6725 9562 3093 11732 2981 14964 7995 11837 19684 1800 15992 3246 12110 17043 13861 12135 14491 15333 13647
3491 18935 14248 2149 14721 8049 16427 18026 12174 4233 15829 10109 14585 11140 8644 15244 10765 684 5631 6850 13461 19052 15113 2954 13063 451
9979 9066 17985 2490 3198 7148 18806 16456 11001 8265 18084 5243 13858 16466 6095 16256 933 12851 526 15636 10909 4445 7579 1139 15174 17999
18197 1041 17856 14051 8430 2685 8106 13916 2348 106 11574 12396 17960 19613 11891 6725 14611 13481 10201 12573 8957 5235 18328 4997 16170 366
19730 19827 1558 3580 5977 14844 5934 1486 4390 18655 19913 3958 17173 10675 10655 2096 9790 7984 18027 2826 8462 14578 5596 10789 12561 14099
891 9669 1029 6352 9934 8393 16013 8090 3659 17013 16385 5047 13181 8572 11221 15221 13425 12979 1614 5623 7897 16544 10681 15638 17377 17712
1076 18301 3725 320 7884 12538 12218 15499 1357 18062 5887 5052 3676 17142 11824 19796 4126 5081 3277 7917 3775 9599 10051 14236 3115 14133
17261 9287 1089 14551 11919 5477 8898 16262 14990 5649 19215 2240 3151 6686 10747 10370 6138 8868 2806 2715 13477 5120 6058 12850 14178 4468
9473 17968 2000 6825 5022 3074 5729 16214 5462 18585 4946 8695 2401 1322 8916 16944 5093 6780 7602 17781 17227 7197 7254 709 1692 6353
4568 5433 10277 15027 5204 12425 16543 6988 8480 1195 4397 11703 15489 9045 11710 4426 3887 8079 14191 19872 15848 17242 3139 8959 17906 16875
15892 3962 13399 6373 7720 2367 17300 9496 2191 16033 6055 751 1596 16637 2125 19124 13156 9650 8500 10089 15695 6615 6960 5669 9228 13199
10789 17605 8942 1404 15163 1276 9120 16551 6018 17089 4759 1843 10012 17659 14369 15220 19303 16343 7748 2312 18936 4487 9067 16547 16664 15345
4717 873 18947 7571 17648 17297 16062 7903 18235 18387 8912 17657 18400 18625 9012 549 14026 10910 7331 9502 13400 9836 7797 7282 1561 11172
8052 6742 11625 10719 6329 6603 1030 8335 3620 15789 9556 10211 11162 13910 7638 12996 3220 16685 15136 15270 19568 7554 14356 7829 16142 10840
9639 12211 19099 12421 19821 13240 19133 796 16479 4430 3167 1382 10125 16239 3400 7730 5054 3603 18873 11574 4009 6019 2582 11382 14043 9445
7178 12527 3829 12592 10306 4798 17272 7586 16610 11107 16993 6557 18120 15717 6446 11731 16953 10593 5795 11335 3319 2675 5201 7025 13092 7604
7451 740 18579 17440 11105 4268 7288 9453 6243 19469 11207 16153 7547 14819 15293 8555 12220 6479 13380 1124 19183 1238 14059 9133 19240 17709
12559 10096 15910 3984 5749 3238 7463 19748 17324 5501 11978 4751 16365 19722 9513 3269 11181 12282 18614 1290 10754 13904 17975 7602 16557 7077
16095 6621 18604 11557 9574 15118 6281 8719 17239 8434 9268 13549 7121 18578 14632 581 17820 1441 10254 7280 3775 298 3873 436 6643 18053
622 11398 11404 19228 1256 9631 15782 15989 3429 8830 15760 8530 6581 14474 3300 12933 14758 14179 8757 3948 13060 6493 2486 11840 20 12039
4827 11081 14795 11465 15043 13530 8441 3219 3303 10531 2482 1546 19332 17948 15224 10507 7681 6161 435 14324 364 5809 9469 4100 16675 14239
9175 12339 623 8302 4761 10606 5177 7009 14678 7924 10654 10882 1113 14356 6068 19201 4175 17185 377 2779 12579 43 17051 17009 13026 18630
4357 13611 6539 1969 10 6523 8873 19352 15142 1987 1259 3772 3732 2552 13565 3532 4464 18599 17136 12991 12193 4130 11348 6720 7095 5358
10424 3369 9300 13903 13447 4064 4032 10980 5694 15238 13124 19735 1970 15690 9937 6230 17395 1572 8925 5333 14188 354 13850 1939 14698 13849
8413 3807 4282 15611 10956 8372 8928 2674 3414 15628 11308 2982 8046 14494 1351 3785 16017 5498 14013 5691 15794 16189 12062 737 9455 18493
9038 3909 2848 14951 3624 3645 13968 19175 4523 354 14511 2646 13176 12068 2410 6133 6380 13733 4220 6465 9 12773 8443 18188 2704 16655
2457 11836 19923 10655 2562 9188 6316 12472 17034 10776 9450 9524 13814 7516 9151 53 8006 4435 14614 6334 375 2200 10894 14753 7500 13935
11024 1967 5334 10496 6736 487 2475 18158 9814 15135 3662 3625 6450 18643 12612 2674 7955 16989 2581 6257 829 1067 16429 9499 1606 8104
13534 19889 17204 17175 152 2718 5042 3873 13864 3206 8151 13177 14833 10617 3940 18695 19205 16277 10187 3363 2613 8534 19572 4697 18399 19810
5134 11742 1688 317 8948 16524 1640 16635 16358 18967 9340 1509 7248 6320 11637 5830 6326 5509 3937 15275 4827 16064 12865 5891 6956 10937
6730 7504 17603 12181 12882 18985 8871 1776 12151 9470 17343 8363 2700 8385 2007 2866 6725 12087 2976 6943 14398 5888 1885 8022 17272 4998
4835 13198 6037 19592 10404 16242 16260 11497 7332 830 12162 9164 9205 957 12795 17478 7735 11493 7347 6590 2289 11163 15756 13711 8137 4395
19708 10611 19552 9346 14975 2977 7127 19898 14520 15409 6092 7546 11537 2691 16656 12234 7748 645 15551 13222 9532 4732 14234 7022 6511 2129
19797 17663 17294 17817 6324 6719 4871 11978 2636 8042 11972 13001 14233 11535 14977 3059 19682 15856 7459 18517 16082 2527 6903 5681 7871 19514
396 3590 4705 996 7466 14120 927 7447 14264 6718 13520 6195 19601 17178 5798 18687 13088 14222 5691 7327 691 8534 13950 16296 15464 10133
12632 1982 18214 2897 2034 7192 9645 13326 17496 18036 9753 14028 9558 2146 18883 16892 16926 1290 15411 13945 6227 8070 18876 594 9120 3699
9687 7262 7265 739 128 8334 9812 13040 19811 7204 16071 9466 10569 9340 5406 8357 9712 16939 19467 4513 16803 2768 6836 9271 8523 15765
8120 2466 151 13440 5053 1288 10584 3772 2715 787 15521 18915 15306 11667 15131 10912 3673 18446 12723 4307 18872 14850 5727 1370 12696 1929
8104 17335 10783 3378 17062 16703 16268 7001 10978 14529 19613 6203 6961 18694 14816 15739 17414 2661 17355 7014 2612 17489 5070 12608 8750 3421
14451 4377 14578 17982 7189 11691 12571 1675 2467 13765 37 15999 7290 15410 11715 12983 17745 12721 10223 13876 10211 10543 3065 12188 13459 320
15261 6067 556 5256 9713 6335 10763 5946 16830 9034 15134 3675 9016 17612 3717 4608 15132 14277 3199 9367 1679 946 13046 16031 10825 17932
9866 8956 15490 7995 8862 3922 7212 2125 12009 4642 17720 11293 19453 19403 17931 3457 3821 188 18706 4929 16996 17864 11083 8489 9005 7230
9804 12247 5572 8911 6648 19003 6382 11396 1306 5990 9029 6286 14190 6526 16451 12017 3677 11579 7928 6693 8348 6323 2466 19820 5447 1279
13420 12455 9987 5008 10410 19192 142 11080 1782 70 19845 1296 16024 6798 13386 16808 6371 10723 17689 6366 19288 9513 3084 6920 16074 7120
18274 5303 11332 12259 868 615 18763 647 1051 13021 17509 14833 7511 12744 6474 2284 13743 1412 5620 9614 13772 13532 12996 4717 2988 19201
5099 6352 8497 19817 6772 16105 305 14317 15818 6245 17231 12002 9338 6973 18378 15811 5768 10861 2995 1910 5071 19551 15288 18654 10925 19303
15916 6221 16461 18542 17069 268 13657 7561 5306 10671 18824 15160 9555 4062 11595 4282 13056 7988 3747 11645 19533 16810 2574 19398 7638 15031
