365
2 94 92 54 54 33 33 95 64 50 77 49 16 65 94 18 13 55 70 39 42 89 11 20 22 12
16456 19033 5614 10073 15845 8202 8332 3908 12958 5481 18979 2747 376 9084 8419 1777 1479 3639 19122 11397 18545 14293 13829 14697 9795 8072
15595 7504 295 2358 7791 13375 8056 5055 5070 18223 1122 15798 13178 14508 6097 18849 18796 12963 15400 5540 11757 14441 11696 708 1485 8093
10460 4984 7723 15288 13064 19440 1916 7377 11413 10978 3360 8751 6259 15794 13139 17061 8025 908 7094 16723 10513 16217 2782 6375 1302 15800
15049 19237 5281 4601 12678 9340 12703 14429 7891 5485 7000 96 12343 2462 5685 6177 16233 1370 10802 1468 18171 9408 1000 16089 18020 8808
11662 15405 1105 17547 14256 16250 6063 8247 15909 1235 11550 13207 5805 6617 8782 10287 17319 9908 14284 9014 10013 3848 19095 10936 17956 13643
5944 1818 12383 3138 8282 1475 12480 5276 562 15455 1104 1042 16339 12743 5583 3048 17785 13292 10598 16802 4625 9863 4713 1771 19055 11494
7387 10216 3929 3823 16439 5481 11049 7611 7946 5852 16168 2538 4336 11261 9205 17832 9244 1345 9484 13150 6560 6431 10876 11335 2879 13206
11436 9509 2397 3912 11409 5084 18290 13083 11373 18172 3156 19838 6505 706 6178 18773 3561 1241 8787 10822 170 12038 12633 16239 19592 14127
10728 7392 14412 18808 18341 17053 7229 18981 97 6364 19925 12018 15422 2333 16896 3489 13951 19361 14377 9069 2017 13324 15092 2314 12337 2199
10626 16418 1644 11253 11393 8801 11675 7729 1380 18700 14644 13319 17281 18776 15547 7709 9235 14787 19875 3648 14216 18127 3804 7551 15793 15340
6941 8907 8858 8052 15509 13240 15103 6171 10408 19919 10856 5042 18653 8974 7779 13571 336 16392 10576 8859 16182 10039 10064 3309 3198 10372
19241 577 7027 18588 2753 18490 12478 5639 2794 8104 1873 11460 6382 5065 8779 14605 6635 5413 5929 6854 14982 406 11117 18492 15466 4973
18000 11079 15586 8902 17171 2467 18817 12689 17084 683 3407 9636 11558 9348 6947 5345 10006 10163 18068 5552 11964 10667 12236 14098 14629 6519
8502 5168 10879 1658 9768 8197 13435 4876 6742 2463 18851 12666 7745 7389 17574 8568 6349 4871 1119 1787 6341 10856 4228 5228 3666 8447
11665 14508 2314 19132 7777 17023 2542 3714 7028 15845 14767 18264 344 12892 1241 14643 5473 11069 9137 9733 5050 8178 14864 2388 1618 17632
19293 9478 17443 14976 11414 11486 18359 10391 12715 13311 18821 3889 14142 5975 15650 3969 14382 8531 19860 14865 17244 3826 19648 2898 9974 11938
4619 8651 11419 11003 15816 19226 4277 14644 17418 11410 4662 5081 13029 7994 9036 13051 7427 28 3901 14388 17015 14097 8721 14557 2731 10591
1282 17314 624 8030 9025 14234 5711 17440 7208 7998 2596 4475 18177 3321 13756 12401 5596 14140 15503 14949 9534 11334 5999 8959 13142 11518
11115 5203 5290 16042 1207 641 9258 11252 3999 11392 2730 7877 6396 3291 12101 3298 8227 9707 13506 8414 19194 12624 3631 19600 4085 7845
12086 7108 1312 12041 19518 11200 10919 7248 4510 3308 3596 4685 1916 9769 17978 2268 17072 15042 12041 12837 16287 11567 8456 2019 16551 14322
9006 13025 11294 19456 9107 15044 1871 3740 13526 17692 8904 11824 3710 10691 14970 11719 19871 13016 16739 14048 6357 12236 8317 3886 17409 3969
17415 10022 336 16078 1084 8133 9948 9586 176 4073 12382 1745 5074 4695 9058 10369 17632 9725 9259 14867 17048 12702 19815 590 13717 3237
16296 2467 9256 1459 13213 19634 19874 411 439 15632 19573 9573 8700 10660 15037 2896 10388 10092 6636 19723 8829 3562 2567 15163 16309 2761
5547 4228 16701 19578 11419 1721 15806 978 11415 7977 16043 10630 299 13010 7632 8870 2180 4081 13746 9366 4787 1898 18035 13767 15353 18609
12090 10928 11960 12168 7555 10993 8792 2402 1820 1827 15805 4353 3728 18155 16014 15511 5353 12272 18518 12248 17090 11934 8045 5699 19607 12227
14018 601 18578 1473 19555 11857 8898 12353 7771 3473 18833 8160 11242 17419 17887 8158 7905 12744 11621 1117 2981 16744 15088 5338 13847 2518
16637 5077 16761 5055 13787 14896 7084 12237 5810 11145 5483 13536 914 352 8278 17563 9161 11734 14950 9090 8071 2161 15530 11095 3555 367
18154 7389 10677 19906 1912 1251 10364 4890 2603 4683 1271 19842 19516 15866 7046 18016 11588 14853 6673 10122 16798 9713 2444 4135 10187 5441
15664 17490 14448 15857 14354 16508 12758 19529 4144 1706 7176 14806 13463 8943 14053 2380 12721 812 11496 1066 13380 14908 18963 15701 15711 15464
19291 16219 19107 19216 2722 2365 19653 9590 11046 2043 15326 3377 16485 10378 5600 3402 14671 14259 10917 12775 16578 9690 10681 1155 16761 11372
8792 12710 11340 15299 4897 13064 3407 18258 13049 11356 7146 446 11097 15572 10598 4579 1918 5177 15311 18257 7539 9395 13553 4031 4540 6905
5005 268 471 2573 18228 2065 14356 17924 9289 9162 8518 10143 3443 17651 5852 2623 7015 9570 19827 13738 18083 4978 10363 17556 12483 11861
4349 19178 1103 3308 650 17999 16248 93 4010 5860 13562 17281 5624 9112 19893 13341 18335 8469 7329 12206 6834 8473 4242 11640 5763 19556
15944 86 17207 3438 11683 6024 1093 11903 1312 13002 14226 8344 17528 3231 16683 19487 18440 18642 8750 4665 17507 18193 3959 13578 12841 10070
3606 7505 10043 4229 1770 12138 2184 3642 15488 3908 19627 8814 13693 4498 15643 3112 4407 4878 7202 13160 8617 18665 2162 2611 1306 19239
5907 19332 9990 4892 2069 491 5171 14513 18844 1077 3365 2915 8097 13833 11204 87 14544 17154 8877 7392 12329 7544 761 7436 5555 14900
1017 4389 564 13422 7950 1254 14289 16902 10561 13249 4926 8506 3789 8977 14372 14361 19752 19309 746 10506 14981 10363 4142 7959 4675 7794
18839 12827 8745 12988 4842 7627 9196 16716 10943 19292 19466 1834 3795 5332 6147 5391 6369 1791 8158 18023 2005 17550 1378 17656 19650 12799
5891 9789 3943 1442 14136 16142 4309 14214 3330 11263 13791 11705 14952 13887 18279 3754 419 339 19350 14967 14215 8845 13682 2199 9503 17431
10038 3223 14501 10759 7255 15584 5417 6916 8797 16287 2130 12399 17823 11010 4604 14632 16191 2141 9949 10321 7134 2473 9523 73 5988 14969
5830 7764 6395 106 15541 3757 7357 8347 1993 3195 8028 13083 8491 330 14831 11369 208 7898 16269 3224 1182 3754 7240 14123 6928 7880
11838 14736 19407 5935 1024 13945 14340 7925 16722 98 2656 3733 2933 19032 37 18554 5227 2163 2751 7406 1859 4296 12268 2369 15572 994
8402 8416 9537 16971 17684 19647 5158 12510 15215 12493 7526 1087 8316 5047 13947 14543 18153 11516 19074 1624 9643 13489 1201 12802 11877 12994
6656 497 16249 18367 1258 12705 12679 10818 8208 18605 3862 3220 2312 15212 5667 12 13952 6624 10433 5149 7666 13291 7760 5864 2782 12960
3128 8384 13314 8558 12615 4776 14372 3915 3231 7688 4174 4830 15015 15944 16415 567 1203 4789 1305 12932 18632 8398 8895 253 13596 14284
4685 5875 3607 18398 17880 7413 5698 11841 2269 12871 13918 1543 792 12266 7521 10060 3881 8993 17414 14113 2698 10475 10629 1504 1002 3422
5704 18069 13874 18057 4550 3635 9768 8314 16965 15374 6818 18865 19595 2879 16519 15237 5226 19636 9665 3992 1168 3547 14173 18375 9246 15509
5734 5586 13744 568 6496 16633 6318 11608 3488 14788 9567 13297 2118 13689 18719 12603 8920 2957 13221 1140 9034 1497 10143 17108 2494 568
1029 5378 10379 16336 2034 4862 13017 16995 14116 3709 19731 18514 18833 8220 14575 14659 6678 9917 9926 7215 17839 75 10280 4709 7581 16194
6547 6678 5023 11925 9355 7738 1814 11462 10242 14789 1691 14734 7045 19023 12128 18555 16553 18587 11249 903 5281 6642 9551 1233 8189 8922
19808 19891 16614 4858 12197 15882 11001 168 9264 2410 8620 0 15507 3028 6460 1579 7239 14293 13512 16780 14440 7814 7195 2292 17472 10207
8647 13814 13492 8790 18283 734 14874 17802 10036 761 10300 13224 17088 8902 3646 69 18860 10314 3712 5020 10676 4520 12948 14937 15434 7159
16997 12080 16772 12606 12898 8376 14615 2102 19216 5838 567 3841 627 6071 7245 5913 12249 14993 17279 10191 11398 1043 4217 5417 10985 11060
18075 7413 13276 18234 4035 12127 19247 2228 19595 12528 1285 15648 17842 6995 1815 8344 11192 10107 750 8245 2993 8548 2972 3061 6813 17407
4784 6787 13087 13784 18925 9537 14055 1309 16757 10748 14840 12469 15488 13050 6275 19383 4918 13809 4332 14204 18139 19215 595 1943 2870 1393
6074 1699 5048 5813 1038 2310 421 3766 3887 5162 18242 9547 9109 6434 5599 18025 19197 16517 3959 15760 15346 18311 17543 16976 584 15790
12877 16675 12049 11981 379 8409 6577 6309 18605 6103 4424 11618 5641 10302 12734 11142 16324 2095 2789 4261 392 17398 10849 4217 19430 14605
19913 18353 13290 12799 6031 6988 13067 12504 8840 3213 3429 10594 19312 14847 2878 10814 1487 9333 7737 5243 2565 19095 15303 15419 14127 5217
1747 13652 19043 2232 14607 18508 6079 6368 13179 12252 5606 17894 2652 7826 412 12941 14696 9115 7671 6999 19008 13202 10479 8300 16320 6041
5166 15238 16289 6763 5723 13777 15124 7026 4112 17219 15084 409 8475 10295 1811 9692 13537 7163 8440 9111 8117 8346 12229 9184 16643 391
159 17328 14899 4579 13907 12462 425 4229 2267 16352 14691 8824 1639 18894 13050 8081 5796 17015 2223 10293 16471 19462 817 7638 3788 12142
432 9214 6485 17372 18632 15197 18631 13218 14462 10244 12007 8136 18763 18706 4687 13495 13452 19905 18255 3589 1729 8766 5558 19015 12093 119
2576 19899 19533 10921 1830 7134 17673 3658 542 10167 14486 4617 7661 9185 17432 2473 12771 9142 19690 4005 13119 1280 4501 1907 6387 18228
18473 7764 10717 12040 14164 10365 19201 8462 5788 1808 12056 7867 12147 19005 16024 8247 8002 11429 17581 2417 9934 14970 15706 4695 11363 92
19400 16871 19117 18958 2977 3275 14299 15858 4466 6545 12972 8519 16442 11586 11145 310 4347 1977 3218 525 17672 16192 8598 17711 16491 11409
17578 19901 17610 8696 5852 80 12508 5548 18863 9535 3826 16793 3159 8591 19342 5650 5500 15049 6115 18372 19803 1667 2547 4143 8884 17670
6209 9633 16517 7928 14938 5371 6562 2184 7899 17164 9777 4311 14254 11505 17183 10654 10634 10815 19038 601 18825 2086 10199 388 13185 1677
8931 16146 5490 14103 18889 1555 1280 18623 9430 11639 886 14030 13436 4475 16072 3116 12806 6509 17847 18662 187 5958 2233 6778 1829 19282
1392 2084 10035 8344 6778 17478 11957 8012 9597 15871 3275 8623 7756 7411 4621 6161 12040 13327 17719 3269 9726 8210 12635 4782 2330 11781
14970 1994 1724 13819 2899 5776 13512 19676 8173 1868 14630 6057 779 7590 17097 10638 7104 8737 2209 12832 12538 11498 9242 2740 13183 19976
1628 10606 4548 8704 17064 2309 13619 4797 961 7257 13661 2412 1603 7036 19136 12628 4009 3238 1965 8793 14497 2695 5560 1848 16542 8261
8193 4051 6495 13262 17950 15132 8338 12531 10452 11662 16138 6784 11319 16242 4217 17034 1531 11426 8722 8361 6978 15585 10159 19958 4152 2714
8533 1133 5992 17165 7814 17059 11709 13040 10200 7404 6432 5785 2722 15538 4929 17648 2533 10856 12499 7015 11962 8305 4192 4836 4328 11959
19168 16293 6455 2152 1223 6855 11837 7416 3746 6677 13899 3543 16885 3894 14496 18184 19669 17112 14408 3200 16074 778 19102 5764 15146 965
6633 2407 14938 3581 18798 16822 16635 4261 9076 14331 1122 8362 16513 17815 19206 5301 1943 13630 16416 13356 8725 18108 13858 8334 17908 5114
6913 6482 17126 114 11037 9780 5725 6403 717 9589 19708 8200 3124 17904 6669 5433 2606 12870 8146 4270 7931 1589 3633 10611 1669 7326
8501 18156 9639 19693 3866 11035 6865 15108 18965 10944 15886 9973 7178 3558 4278 4837 18335 18715 4425 9349 4733 11796 15870 2138 11066 18052
9079 15737 5012 9571 18532 9231 17592 6927 14297 4351 6489 15409 8474 7244 14718 18767 2275 19230 4677 10790 18933 1422 3376 17441 5479 287
12379 12342 11166 16163 3107 10652 5987 683 2139 4217 11841 5955 9741 3936 13040 626 7100 7154 7430 12238 10109 5530 12287 1492 827 5651
10065 19933 10036 11263 1070 11125 8921 12403 1872 15854 9108 12956 2748 4214 6601 17012 6326 17647 13553 5294 15281 4784 11242 7579 11414 11041
5195 16289 18601 6653 3740 6621 15024 8300 6514 10877 15085 7228 19884 18852 14427 15145 9658 13305 2345 13944 7408 12792 2025 9373 14777 3072
9039 15608 7179 1497 271 953 7100 17223 12482 3853 14061 11296 3913 19295 6819 11282 5690 3277 15450 15457 3441 3356 10673 14069 10209 16903
11640 15109 5878 2943 15148 11052 3355 14152 4741 9734 4051 16961 17100 3002 880 14764 9153 15250 17743 18582 15699 13113 9256 16380 19468 13210
1941 17879 7192 5127 3643 9106 4580 9879 308 7636 19649 3656 1055 11855 16702 19178 18209 14762 6169 12101 2246 9810 4753 6636 17273 1089
3206 5192 13934 1295 13350 7037 5324 7413 12065 8564 15339 12283 13617 15491 13129 10389 17652 11645 14124 13720 15888 1607 17003 1166 4217 14798
4793 15287 2939 1275 10416 9199 7590 6603 12080 18080 11774 6295 2089 14197 1158 6851 10454 6544 5581 275 18708 10027 12777 5410 3128 10277
9670 7016 11933 7115 3272 17262 5147 7065 19974 15379 12097 14303 11825 1274 8919 8362 19873 8313 17327 16035 13337 19404 7505 16755 1013 18824
6754 18603 4238 18064 10498 2300 6029 14541 11500 5010 1236 9720 5118 10497 15155 18312 8059 13140 18619 2106 3411 11202 10370 1957 5163 9037
11297 14043 15220 7621 11315 16678 9432 11862 1747 16294 10877 2559 12726 10177 6258 6129 13663 10849 18853 10322 14484 18730 19185 13192 7749 14257
16294 9205 15950 1947 14271 7591 6356 16745 5131 14704 7950 17270 13210 14225 13702 18835 6120 19396 5457 6879 985 4098 17809 13191 19490 19258
5702 17961 15540 212 19880 5744 18636 9561 16249 8452 13165 6241 11397 16292 284 15871 3341 13936 15252 10831 3774 6481 10473 4572 7681 123
920 16101 300 11044 1678 8632 11318 3928 3312 3495 10183 10654 5828 11380 4441 15420 8290 14161 2427 11673 1566 4214 5398 4410 5608 7697
9342 15502 2072 8958 13760 4521 19236 5609 13599 11276 15107 2409 19500 7182 9306 14795 1487 19300 17834 6500 15535 10167 19208 8507 5935 15132
9813 15477 4883 240 6505 6809 15477 5836 3046 12596 18284 4981 2459 5035 15216 19712 17723 4457 3182 2559 5238 7130 11641 16789 4372 14847
10417 16005 17663 14269 17293 5795 9895 10316 4094 15947 19200 13255 16363 18459 9681 3168 10851 13388 7207 13679 15362 18025 7065 5973 12906 12560
5133 3748 11842 3428 13246 4062 5960 10825 18614 18983 4133 16290 5485 18849 11126 13250 7313 9394 4613 16995 13129 17172 18820 2226 2949 8434
2039 17169 2610 1039 11154 5410 1969 5117 8176 8206 5068 4424 15341 3644 16954 6313 11101 14418 9806 7262 19656 9402 7813 344 18413 8792
19421 11462 6833 5143 1001 9101 8505 6933 1319 1418 13880 6889 4229 5098 10975 10364 1260 15234 18081 4887 12888 11621 763 8221 2303 14550
13471 18078 17160 529 50 8739 5611 18699 18099 6836 18128 6704 18687 11823 3253 2263 12687 17439 14988 3315 351 7600 18234 13088 9293 7403
9081 945 11962 10781 15563 7477 19186 16692 8956 15371 3255 18943 2173 18564 8574 10286 9720 11338 18095 19337 18618 17420 14751 15187 16822 650
2700 428 2026 8656 5908 327 5212 12221 1187 9526 2703 14438 8148 8502 8143 6884 5429 6352 18942 3328 6217 7477 16483 4094 18922 2065
9921 19400 404 29 8073 12149 7666 11796 18863 12338 7619 17447 11656 9044 5355 18062 14274 10621 949 14060 2500 13369 5426 18260 13383 5422
11772 13799 237 6942 2876 14402 1299 17332 19224 12992 383 13593 8846 17002 2747 7843 19814 2845 5242 10115 1712 13441 4097 2794 13209 14913
10397 15388 11264 9411 15902 5214 12668 3659 94 5679 7836 17098 4464 17698 13197 13261 2821 16729 10200 12052 11344 17996 11202 10099 3666 8101
18489 18710 15566 18192 269 17713 1549 9709 9107 4427 17868 3713 2849 16350 4775 19182 6441 14073 11396 8745 12336 14707 17596 5444 6648 95
17615 8404 12988 11206 8182 5655 14438 9313 9400 99 4226 9126 3584 10116 5510 130 4790 11767 77 13930 14726 12520 19146 2077 8400 15210
19858 12611 5264 16334 8077 13514 19587 15649 8152 2886 8951 2773 10742 16018 19756 7451 616 1223 10873 7118 19942 19222 1177 15763 100 18360
11987 4769 18812 19815 19312 1822 15657 5195 15241 7368 11908 11078 4192 6502 13044 4524 1662 1683 13448 3510 1175 17350 5357 11919 14490 7431
4085 10321 3180 7546 16289 19377 15830 5340 12841 18749 8799 19966 18262 11297 16481 1656 1147 11962 3885 5155 8906 11062 2270 15630 8356 844
17253 7410 611 10602 6418 4859 18946 8659 15883 17587 19141 16251 17338 18536 19878 14443 14365 3787 17144 17349 5676 5868 13101 5167 4957 5876
2349 13388 64 6623 7302 623 18512 9692 4617 4468 10639 18485 338 8116 5394 3687 3590 16983 353 3228 19088 11736 10372 5246 15411 12003
7675 19570 11199 9298 14510 9316 2484 3480 19427 6759 1670 8534 16171 12798 4380 12284 2236 12821 6375 16290 17421 19434 14293 7692 4527 7618
5906 16327 11448 1438 19191 9233 14391 8201 5312 13295 9064 7463 7559 8955 10578 5933 11986 293 6829 8597 1281 7622 2832 4459 11289 2071
19072 697 18114 13660 1462 6549 8213 1449 18319 11711 5548 10806 11885 15926 5233 15304 13298 8419 10144 3625 1907 12706 19632 5517 309 9397
8335 12411 18115 19728 9502 6915 5643 10821 2946 3246 8875 16065 7382 4708 17345 5569 12998 14986 1492 4683 1085 10090 4915 15521 4999 13378
19030 16339 15634 14153 6822 5182 4306 15470 10886 13800 10268 5612 19445 10656 1252 15552 3344 1601 17661 19166 4707 12185 7969 9708 17827 4015
15524 19638 13135 14321 2650 1882 17930 17499 8476 11382 1844 13573 12493 17624 10815 11156 3023 14601 13874 10089 11391 2236 11576 3891 626 5805
4580 19564 12789 12973 5068 14988 8947 19543 13363 12150 5392 18995 14981 12226 16894 9002 8701 5619 10648 15262 5901 12236 2946 3843 18643 13616
19984 10699 9745 7886 12 9612 15777 3801 4808 14262 1477 19696 14796 15307 6718 8204 10446 7838 8310 7619 2455 8932 4789 7711 7644 18354
10079 5512 5070 11658 16058 17225 13868 5137 2954 2356 5009 3972 15314 3385 10785 19894 11977 2873 8431 17266 8974 11223 4773 665 1150 22
10137 19054 131 17161 4334 12661 4873 3386 12106 18516 7542 12504 4461 12030 14222 11144 9116 7997 8987 17933 15441 4311 8204 2976 2060 10597
4107 391 1445 11199 624 9908 17583 4746 17400 997 14872 5480 7715 2126 14609 3106 6229 17445 19101 4604 8356 805 19727 2894 2452 11760
6154 12708 18195 2042 15518 1630 6498 3388 7644 4328 13241 9163 8024 5348 17404 12827 16186 18278 5599 3478 19258 15857 15720 18039 11643 13238
8091 14309 11329 16617 18303 17532 11839 6101 8514 13876 715 11110 15347 11728 11193 18276 3839 17847 1932 18863 13687 13239 16973 4697 3790 10389
9787 6046 12055 159 17590 15008 16447 15357 18120 6730 15228 12199 8116 2093 6098 1112 9382 14518 11599 9971 4098 14538 18067 13692 4794 10983
3569 565 11981 7457 14170 16206 6847 3551 12755 3693 16210 8829 11090 18590 16831 16542 16095 2985 17211 5174 12769 5730 18498 11855 13133 12495
17602 17953 683 3796 3177 13569 17202 15047 9086 9414 4464 9163 18874 18663 3086 6841 13726 7240 4034 17255 18631 3024 19171 7307 19008 6587
5436 1392 5812 4436 14429 732 3294 2422 5802 1689 17501 1209 3772 12789 8711 160 7435 7366 18528 4592 6621 1070 3497 2781 12023 16493
5231 11001 4803 4405 16990 10942 9938 18906 11326 5316 18353 12200 16906 18821 7990 18807 6189 14873 14632 15152 12414 5790 13562 16250 15550 18081
8852 6572 12153 6467 2765 4456 6377 19230 6891 10341 14699 15475 12498 9556 11781 1669 3588 13592 3407 14728 8878 2722 6467 16870 12713 17059
11635 10010 17332 16860 18170 15556 8410 1672 7235 13714 18075 5132 9757 7839 12551 1335 12733 5851 19283 19734 6562 3012 19678 11394 534 666
16826 19440 5859 13732 10962 7466 1964 10628 5912 9575 9551 16622 11486 11023 6961 6933 7296 18921 14683 8570 9296 14663 19889 585 6720 12416
19684 15860 2086 7727 5953 6607 2309 13088 19089 5166 1222 9037 2818 1694 17776 170 12752 10792 38 16693 234 5019 18467 9398 10868 11739
12271 3554 18214 7690 8329 6684 11567 3349 4835 11570 10844 6981 1950 4802 14133 12064 15521 13351 5674 17993 3650 9491 5100 10979 3099 2099
17695 5942 14856 13809 2180 13551 14989 19587 9714 11876 7635 3629 15914 4402 2727 10251 13355 12835 14651 9371 5698 13972 18014 10268 3799 8699
11478 13059 2889 7376 6865 4928 13888 15584 5893 2640 4481 5171 19215 15127 8919 2279 14587 7607 19422 5953 5335 17597 17684 7033 5033 13474
11244 5659 2360 6042 18634 6512 2774 8015 4048 5031 3636 16523 18808 14400 1934 1661 9478 6109 13950 10936 2374 8846 9892 1305 10258 3741
10037 17661 7821 16623 12744 19678 5298 17101 2816 17207 19756 9942 10504 8850 1493 6975 12727 2439 15179 18948 81 4098 16341 5712 7139 7893
8710 6074 19710 19271 13459 8716 18254 3261 16855 7538 10974 8974 2832 15681 4174 17577 12992 9454 5836 2911 10685 16985 11814 403 2054 8220
14782 839 18126 1407 6028 19102 13797 14718 19043 14078 13139 2667 18950 6467 5750 8052 2796 6981 2753 15242 19663 17977 6238 1133 12133 19600
17684 10010 1167 17825 12242 12912 11081 9762 2122 4324 13171 15639 18253 18678 9705 6414 9154 8587 14025 14174 13702 12117 11396 5128 11076 10966
18273 7870 1839 11413 9562 9788 9836 1079 16442 12837 16693 14724 493 7210 12426 19593 19177 19104 8859 4948 3717 7203 17407 1225 12418 3401
7917 3888 3554 5463 18965 12272 9165 16307 15998 12635 1664 17037 18121 2412 14960 18206 536 2368 4873 14106 6391 19159 14709 967 3895 6152
15378 6117 11573 18533 12844 18262 9799 7843 7160 12921 9960 9305 1765 13704 19075 18910 19640 18459 3716 12374 13140 1681 18953 4328 17064 8610
11161 1872 1265 16680 18925 14953 7137 16627 5923 15702 17932 7123 13637 8877 19081 16426 2866 7037 4250 12566 3704 64 19905 19635 18728 7743
7042 6946 13343 17572 8495 2336 6874 1187 6632 19653 5163 10156 10926 2465 10798 5769 3937 15367 9490 4028 9181 12749 15186 1340 14217 10215
3379 6502 2654 3017 14913 5917 14601 13473 3276 14307 2643 10895 8240 19298 19056 1988 1773 11694 17855 14966 979 15222 15496 17628 15196 6372
3218 3868 14772 9304 19703 3854 12661 13751 12107 1411 14831 9700 13964 7018 14615 3947 659 3645 12153 5929 7741 11118 12056 6710 2166 18893
18081 11359 4099 15788 6825 2179 16397 3292 10157 1933 7193 5148 1224 14488 15076 9089 17820 1815 12836 1074 18741 17967 11843 13742 3301 13679
8018 4096 9105 18580 12414 13311 9994 8780 7793 13208 88 18667 4450 13796 13249 13382 5657 13529 1753 12873 4386 6123 5958 12392 12830 3669
16649 8320 10308 12381 13624 7016 5324 7933 17717 2464 4684 3413 2770 2246 17026 16187 3807 11740 9481 16690 9307 12308 7581 14057 17863 13143
6105 739 4332 4606 7971 15062 6392 3390 508 2468 16873 335 1799 17886 5550 11815 6807 17648 765 2349 17735 13319 5462 13852 3254 1474
19945 10353 13613 3212 13168 1496 11850 16526 15766 14271 19346 19194 9185 17925 11369 811 11508 5322 3105 7327 10908 15868 11776 6085 10896 9984
7088 15896 7047 13646 19116 14600 5409 10802 7675 2512 16511 18483 7504 18116 15372 18714 3119 5321 8112 17808 7281 5914 17154 9669 224 905
17637 12086 4011 6380 6509 17 2338 10276 19927 5380 5185 15991 12546 17922 10555 17344 9827 9853 7080 12491 16497 5671 2986 1602 11680 8537
14863 10596 849 2988 13234 5228 17418 17304 16003 13275 16093 14963 17746 11720 5396 5598 18800 13234 8335 13441 11768 18924 9805 15975 4004 3492
12213 3840 16708 11580 2805 7819 5621 4419 12409 15565 19002 19228 18456 13850 10834 2400 8126 19205 8116 2615 1561 17052 14909 14604 5571 1804
449 17847 7116 18924 19420 7597 12979 10352 1101 1587 16729 18547 15520 5827 746 16166 3503 12536 7726 19708 10730 19107 12202 11737 1914 13266
10874 13365 10219 4788 12990 14113 9032 1212 10595 7711 5340 3133 1420 6706 5015 5552 16942 4368 3089 7253 17024 10819 11089 3086 1113 5149
14979 3738 7172 3150 5668 19144 7016 2095 2903 13102 9493 11503 16525 12945 7883 4934 16792 18971 2277 15122 13327 5115 16073 2009 19262 13804
7229 8352 13965 8035 8812 3314 18160 7990 7140 5861 3547 13605 2622 11577 12460 7563 8894 408 13439 5784 10734 16416 11954 7548 9132 11019
6977 1769 6213 435 11813 17726 7915 4602 19327 11417 1013 15861 10989 19730 16948 5974 4776 10163 15919 2709 1163 8611 7421 8581 17142 2828
2621 2895 5659 14963 14848 3726 12505 18482 17869 2208 11970 14155 18282 2654 17108 13247 4934 14389 13598 13141 15862 6888 8427 3481 16033 5286
12609 15092 11707 8663 3923 14068 16728 17862 7339 17379 1760 3749 10771 6894 13552 10916 18952 13125 8759 12235 11490 3756 15930 9582 18216 5549
6692 15621 4073 11131 15940 8418 5457 12005 11558 1134 12823 13338 2007 6986 1854 19654 16693 1488 4013 1131 10683 13906 7768 9331 2440 3642
19896 4316 17568 5946 17841 8975 5761 18380 936 132 5913 1360 19083 11241 9579 12263 2575 16784 13683 11716 6829 12597 13860 5689 18641 4542
13065 12576 18438 15643 4126 8638 17029 9836 3379 8848 9565 19935 19290 3522 3263 11269 7140 12572 10755 10833 3325 3541 8834 19804 16085 18368
11573 4306 2465 5178 6783 1937 787 5962 19145 15 8969 4145 14102 14447 15786 9422 4080 16607 18521 7119 16316 13296 15176 10352 2305 15814
12258 443 10314 4520 12374 9966 6408 12544 18212 6621 19708 18913 1604 12697 18572 17431 5580 12896 10722 13335 2266 4105 6296 13843 579 7905
855 14031 8154 123 4489 16245 1574 5243 3632 2014 17182 4260 2397 18449 16818 6974 17297 19391 4034 10642 1103 12220 14187 7998 17242 16800
10851 17355 6897 3272 8400 18731 16148 7119 2640 10793 772 12839 12034 15537 19471 14177 3010 1586 2499 16017 16156 13167 8943 16910 1502 16388
690 4278 7909 3725 10413 15953 15279 8614 4755 5720 8647 6591 7260 15487 18547 16209 15229 12109 8161 17858 6949 14910 10643 2233 16901 8535
3123 4660 12138 8363 9508 3561 207 18719 11104 341 2711 19882 19454 17929 5173 14183 6404 8338 15324 7931 4650 9076 19668 4212 15260 14977
5212 8226 12114 19262 3555 2305 19955 8541 2 15592 1891 17696 2148 4281 1532 19263 5710 12898 15958 2749 8138 11400 14382 2932 17760 9192
9495 13768 4467 4051 2064 11631 2920 1648 6562 19397 14340 3774 2900 10154 3087 5609 18264 1783 16744 1329 17873 8141 19037 14481 16017 1853
17950 2353 1815 10138 16690 10454 10346 4461 15 485 10471 15264 13752 17723 3886 409 3098 4694 14278 10525 13303 4158 12346 12715 4823 15189
6032 11627 14542 16270 14133 16399 19014 6794 518 9907 9033 9917 3090 14146 5093 8330 17013 10129 3855 17072 3047 19470 8606 528 3476 19020
2892 14373 10043 432 14535 2325 627 16982 11723 3804 14771 19774 18392 14864 14543 36 12705 16501 9595 2042 14783 18035 14915 9234 10187 9503
7423 819 2306 2112 4923 3757 14160 12036 942 9155 17631 403 11224 18559 2739 16809 11379 8596 18298 6104 13115 9230 17279 19757 17046 4186
1801 3059 4257 6928 9769 16959 5154 5661 2834 7748 255 18669 14605 12680 18553 19482 11740 4243 17290 5983 11657 8028 8211 5335 1700 12775
2499 2661 5054 9010 10617 7015 15071 6771 15090 18928 5071 14783 7926 5551 1603 6346 19422 5813 9697 3903 10428 11873 5099 9731 1973 13550
5342 17410 12568 17895 6879 11920 13373 2648 3821 5750 14130 18534 1113 4472 16912 19821 18934 10770 18545 4567 8905 15505 9711 11066 11360 950
19255 6073 16828 5555 3818 547 1150 14747 15004 17356 18120 11761 13414 16593 31 9576 12882 16877 17458 3311 19477 11410 10916 15052 7088 16961
19739 6850 5816 679 1211 6114 10884 9697 6613 87 15325 9671 2348 19984 8902 17456 11299 16837 11521 14071 10796 11363 12253 4760 8733 8123
16283 19280 8554 2257 18203 13475 350 4055 11532 9070 4036 10037 3720 19215 14639 3385 18001 18544 19718 17578 8745 9763 935 13331 16094 5174
6200 17493 5669 1793 14309 12006 10073 9749 15421 19925 8740 1741 1029 10520 17079 11223 8596 5388 9795 2916 15080 8505 10414 7514 10967 6552
12461 15900 4655 18126 4606 13766 16664 5172 18179 7066 6061 9175 8807 13699 12948 15171 9779 5176 9971 9178 2327 1072 11090 7650 4754 12620
4575 13836 3180 9543 15603 14852 19830 17501 15264 4376 14526 18416 5305 4631 2628 17374 4971 11396 4858 18505 14994 17718 12404 3601 15075 8793
3501 1527 17155 14242 786 14871 3343 1627 6117 2051 10841 16859 14946 4042 15652 10807 9403 16382 19090 1400 486 11369 13404 8788 15694 7148
2193 17973 3069 13250 7639 13103 4521 794 18094 2965 18156 15265 15918 9656 12603 15765 4304 3869 9030 19601 1018 12725 14930 14913 11157 5625
12334 14448 2867 4714 5254 7959 17387 1597 707 18613 11620 7801 9844 14427 17395 15531 10316 5902 5771 11671 1541 12378 7543 4746 19065 7879
3331 4498 8924 6521 9055 14977 321 10179 10620 7734 19487 16310 9176 2735 12595 15580 5504 195 2948 4509 4314 5651 14251 19140 8729 3651
6609 16176 15102 7038 7762 13428 11531 16797 14695 2494 12536 7538 5969 8480 5473 6617 6870 16741 8811 3749 14789 15631 211 4376 12061 5469
16425 12778 5838 16869 18823 19282 7194 14584 8250 9341 591 8623 8162 12958 7523 7987 6354 9468 14981 13743 6753 18890 8318 14680 6659 991
692 5993 16841 15854 17864 10834 15762 2664 4987 16415 2434 9892 9160 14216 2049 6638 7659 10444 7869 17622 4972 9026 12912 12387 7402 14060
17180 921 12497 10374 2192 491 15690 5369 3202 10432 16995 18460 10116 8613 4818 8779 9681 6011 18353 8694 4699 8135 15768 8393 15987 17536
480 2111 148 15906 3458 4389 2313 8561 5450 12672 5356 427 6594 3144 10707 972 4435 17176 1576 476 10397 12672 748 19180 15407 13989
2705 18427 16954 12007 2367 13095 12298 12969 15455 16301 19557 9095 7884 1590 18641 11887 15292 8797 9830 8040 13792 13364 3522 6931 17087 1511
3382 12622 8195 17323 4728 9941 2119 4164 440 13349 17113 17928 9868 9788 5953 10612 18210 14642 6809 16569 9634 19020 7150 11204 14481 3482
3459 240 2711 17101 19642 11448 4073 9982 17386 12285 19251 15217 8819 19037 4175 18949 936 5295 6850 15274 9919 5570 16385 7497 12699 13033
14553 17807 2562 1264 16828 5210 1983 6089 10870 7204 20000 11222 2723 2182 16941 18717 8190 1271 15865 6791 13605 14767 4969 19797 10405 12584
12019 15664 19706 10815 18176 18519 9493 5856 19759 17229 18127 10992 8377 9591 8493 14987 13618 18110 19687 11302 6241 8744 4643 8484 179 2453
10417 18250 15224 16569 6967 10393 18460 5174 1438 9095 4964 11180 4347 4968 10135 3742 17525 19054 10266 2579 4616 4794 6564 8888 12451 6795
15049 1684 9935 19151 16840 7744 17259 18428 8405 16772 17485 5538 15296 13502 17758 11752 5297 15918 12433 19609 17948 9802 7296 686 8606 19018
13066 1530 11954 2266 5645 7197 5632 12503 6274 13726 15641 4546 2491 12984 15447 8054 2200 13293 4037 14609 18954 9369 17301 6505 10557 10499
6385 18456 18163 14548 19709 4965 12140 18503 19280 1666 9304 9385 17346 9288 17750 2998 5824 13483 9720 14471 10706 6427 6631 1856 3586 10491
7811 13446 6276 19162 8110 18338 6155 13789 10662 18096 11021 12277 9161 19924 2462 11128 12933 4666 14960 338 9503 1014 3916 11915 1881 15912
18392 18161 1037 12612 1281 12761 19631 2110 10171 11421 91 3869 10015 5835 5771 18130 9777 6580 16618 14167 3461 939 4747 12083 11478 14355
12905 3319 426 14239 12912 14867 2183 19599 3029 5919 5189 15997 10692 18824 2285 16572 5650 15902 8310 1275 9701 19702 19199 5030 8210 17831
1147 17651 883 6783 12661 17108 18403 14837 7975 2388 1519 7411 18748 3463 13604 18456 10774 3096 1426 19453 18750 9620 8989 5410 13299 9877
13552 14431 1416 19189 6945 11726 9220 7221 5614 2276 3260 3765 16101 15049 605 3887 15313 2983 5564 15638 9276 17320 2559 6431 19945 10027
5271 176 5221 15613 9779 18164 13234 18447 1312 16038 16404 10047 5820 16799 12598 2128 4115 6640 4499 6243 16693 5822 8864 11161 6240 1652
5914 5640 5371 12923 1722 5556 3016 19734 10874 9639 10103 7217 9583 2003 12185 16287 19806 3537 1116 16484 12054 12502 3015 4798 5192 15400
846 16914 15458 8104 10563 10929 4090 17955 11190 8070 8094 17531 367 1265 6637 5699 4076 1301 2974 16230 217 6443 7520 4106 13323 14203
16695 18594 15214 11745 7703 7106 12963 19231 4522 8527 2189 13641 5438 9904 3929 5325 17012 9365 13515 1216 5174 14798 15772 8843 3564 12595
2575 13641 7986 11102 18756 13922 266 10949 6258 7917 11413 8627 11164 12689 3267 880 12130 9982 15013 10880 11633 2749 18657 16959 16460 5971
18783 8645 4141 13728 17772 1206 12701 19814 10626 6614 3598 12822 17975 1312 4783 17035 3064 1873 17208 13514 19955 14951 18798 12279 18987 15485
19611 18550 19999 1071 15293 1686 6040 13979 3488 3319 3963 19700 13769 4446 497 10194 13388 929 11198 13714 6961 13674 14913 17777 10637 3881
10466 4554 11042 15416 3372 12415 3871 11371 5767 790 19362 3345 11496 13382 7071 4907 16588 10900 16645 15073 19152 14448 448 10225 101 6841
14925 2213 6543 11993 15079 10723 17663 13488 17047 8491 4042 14448 4480 18729 2045 2412 8592 3894 12973 10467 13467 11433 4249 275 3051 9383
1544 3260 12252 2880 701 10485 11534 11019 8613 6548 18094 4574 13626 15262 16854 4759 6950 14566 6888 12047 15096 1995 16524 12228 8375 17537
2390 14654 13602 11822 8802 9448 10716 9844 3408 8910 1734 11840 19300 1396 11404 2305 9774 13735 5362 10570 19019 16238 1180 15484 4647 5250
6092 3922 14558 19338 5312 6105 12068 4813 11000 4754 968 6575 15756 2507 6688 2001 449 17457 13528 6403 12490 14793 1051 11546 3447 2252
5880 7441 18666 13543 15163 17437 11535 12451 14654 12960 1614 9563 2937 951 19044 7481 15329 8433 6741 14653 866 139 538 6827 15731 9365
7406 2142 13898 16417 2441 12373 16682 873 2795 19099 1459 11790 7107 7461 7337 11725 3982 7709 8241 16310 14007 15769 5436 2217 12276 13740
18292 13078 14231 16636 6940 2070 4590 11634 7239 18317 3593 6582 5464 3520 8271 14724 18256 3346 5816 10577 1608 7942 17274 3421 6364 9710
18585 9889 3350 5084 13519 14687 15298 16618 5699 18725 17715 19428 11693 19957 13957 3641 3445 18101 18148 19903 8742 10949 8533 19993 6258 8456
4584 2028 1986 6642 2488 8857 9275 19515 13018 15440 1959 1352 11816 14554 6928 6640 16120 17027 870 15877 5653 14048 17492 5660 12786 17071
5573 16218 10300 2251 17114 2757 18793 19086 9141 4070 10031 17076 10518 12008 14480 11021 13018 19065 11437 11547 17310 14613 18491 14601 15554 2213
4033 15996 15028 10059 6160 8960 17159 2449 12976 986 15019 11260 7461 8446 18542 9453 18808 4832 5975 7130 13237 13469 19145 2183 17768 16415
1357 6153 8967 11828 3780 9207 13280 14225 16367 9218 15776 16235 2386 17195 16595 18242 11406 13628 9377 19008 7000 3951 16242 3366 11866 14200
11592 10861 3184 6001 17215 827 11103 10716 2786 17669 18464 7368 11140 16779 19109 19093 3717 14175 4149 6727 16288 12719 6872 17583 2737 10234
8833 19209 9661 17245 7521 15522 16255 14844 12623 17532 14590 18779 4375 2994 10267 11065 9388 3472 15340 13372 18275 8271 583 7783 5560 1564
1141 13410 4649 14279 3269 11235 648 9012 12132 13874 16842 17769 9643 17693 50 3958 2808 19121 13032 12830 4697 10058 5183 2877 7584 10258
15446 394 18709 12626 15649 12277 14951 9673 16051 3719 18291 13119 3521 8235 15484 3945 7555 15378 10745 15869 15947 8314 2213 4467 11006 2420
17783 227 8462 19643 5795 9758 18038 7970 15448 3817 15015 14322 13619 17496 12622 1690 7904 8847 11386 514 2325 13970 17875 12761 8342 13607
1979 12975 8469 7071 5742 3915 12470 13091 14416 15784 8023 4583 15011 10848 12587 9090 19351 16787 16472 5782 10551 3890 2486 5047 15137 10980
5070 11554 11776 6597 15163 11472 14848 5826 3878 8883 12176 11453 13723 17495 18972 13128 17483 2755 6266 18809 12158 1542 19006 15506 4517 4102
539 18150 19839 387 14382 808 10354 215 7690 15521 13080 15130 18337 2730 918 19540 10828 7831 5032 6625 1479 6987 5705 19706 11646 1584
15506 15474 7634 17049 16408 16543 7073 14921 6811 2377 7534 17389 4134 18547 13828 7257 2662 13940 19834 2704 12777 11244 14128 18634 4983 6947
8815 3743 3062 135 17365 8461 10113 1106 7875 15327 9560 327 14581 19818 7711 5396 18529 8606 8819 5923 14738 14528 8473 1481 10034 973
2656 1874 8606 10296 18499 15387 6876 15840 17526 2175 13120 5416 5961 10648 6530 13912 2996 18317 16451 18428 1548 11400 994 1525 15865 5947
12 3231 17557 14230 11004 15670 15508 6142 10804 2500 3318 19780 9332 16357 11796 16200 4967 18004 15219 12592 7556 19235 17063 11613 10493 14823
19425 6103 11628 2241 15546 6426 4891 13531 16969 6743 18044 9650 7067 18812 1203 10162 83 7910 10360 13824 17399 5549 9055 16392 14970 10320
4255 2531 8929 18050 800 13230 15815 10707 7204 17759 12668 5323 11645 12914 17420 12393 19215 4268 11291 7266 985 2465 5408 3504 8227 400
19075 1771 19813 12226 3374 18541 17879 16955 8362 4338 2440 3076 3389 1103 1759 2819 6157 16958 17707 13830 4963 10736 1725 6805 17122 2549
811 16318 1777 7924 4806 14748 8326 8199 15129 18391 10277 18260 7582 13427 19398 9572 4195 19575 15426 7215 10826 1301 16029 12864 14932 10219
17226 8052 3487 3626 19766 6301 15334 9020 285 13452 4099 16117 6480 3787 10338 5525 8821 1527 10733 9681 13618 16446 2893 16689 4021 5878
3473 16305 12619 13073 2027 17506 13207 2275 8470 10249 12307 19517 940 5467 8531 18259 15897 7318 19685 16013 11617 16991 6646 7117 4829 8523
12572 12533 2475 9405 3391 9963 8489 10873 466 824 14092 15513 16892 12511 17158 7736 2453 14759 5556 1494 11711 7153 1125 17279 16897 19743
14753 5100 12670 7226 9704 5353 14994 801 16050 17118 1416 589 9469 4996 13653 14718 639 18950 3780 5920 12898 516 3007 7800 3729 16885
1077 17151 5972 1369 8976 15045 18529 17143 16596 9766 19757 12650 2380 11603 17252 17723 16673 10564 17751 2502 214 16228 8765 2746 5466 14742
4391 12283 11450 10202 7185 18325 6483 15410 16514 3816 16864 9678 14481 17389 12959 4599 1304 15629 9524 9283 18431 95 9569 14424 18081 14223
1903 19880 8569 15805 19774 17286 9848 17830 1378 14872 7925 9513 11632 12333 8184 11107 1080 9017 1927 15157 6539 18368 8814 3201 6562 18914
8323 8554 10124 4260 15785 5360 10027 3781 11641 5265 18910 16872 10203 19869 14413 19592 1089 7124 19205 7644 18477 4539 6016 10230 11180 7723
18748 14002 12578 8533 16205 14590 1007 3593 7842 8540 18218 4739 7674 13662 2387 6584 5491 3219 15250 99 8896 15352 9669 15002 14658 14270
8917 8665 8545 12002 608 6575 16581 8004 5476 19408 2186 7930 6516 9504 17450 11919 16586 5707 9125 19132 18044 5597 5032 1476 13438 7089
7043 7957 16681 11701 3176 1587 18433 4384 10481 6386 5918 18773 17762 9058 289 4870 3964 8275 3073 19506 12384 11766 5270 2727 8518 9098
15733 3995 11173 1853 14692 5017 7417 2924 11954 2385 16908 16987 7630 2677 1282 7826 5879 4254 10111 5452 15720 5242 9031 19094 16533 14478
5010 15416 5204 5341 19007 7711 2328 278 1365 8520 18777 19530 15245 8344 17936 10325 1045 10485 14903 32 857 6872 839 14265 17647 15647
16705 18064 14324 19777 1311 16305 99 16722 16631 18553 10749 8756 2487 4878 8529 854 612 1171 3403 11456 16667 2386 3091 11513 1689 6674
13918 12425 14346 15421 7024 4676 564 14429 12667 8060 3456 7112 19402 13490 1004 771 12146 14852 7256 10799 12882 8883 4201 474 7543 19148
10843 5566 9342 16487 10925 880 16 439 13174 15629 18337 18740 18367 452 16902 9126 13630 2983 7726 16866 12046 11684 16836 13257 6866 11574
2896 19969 10197 17691 15150 2676 18883 4217 3029 16310 9062 3928 13067 5877 14855 43 7243 5472 5145 6768 19858 12846 10731 15664 2070 4247
16076 11760 9763 13707 1813 11906 1208 19760 5495 14072 6095 10515 17394 7784 13748 830 3220 13246 15690 5449 11067 4918 16136 19303 2143 14247
5794 1070 16179 11404 3920 14899 11497 4159 11525 6032 4994 17051 11104 16737 9946 10367 2744 12295 5932 900 18258 306 17233 8586 14883 14125
2945 11256 6 13899 10530 3720 11448 19674 15909 7519 5733 14678 8249 18184 14607 1464 8389 7387 4094 2037 344 1979 348 18807 376 13061
9800 16157 15915 4586 9924 1718 18286 7307 4119 8350 6416 4564 14845 10320 8016 6380 8291 1681 5820 17783 3981 14462 18944 12176 19394 371
5501 6989 16155 8702 13298 5339 16741 9966 8922 3693 9013 3188 9193 8695 10208 4059 14873 3774 10732 5870 12304 11440 2377 2704 1763 9936
18419 7657 10722 11637 2477 1270 6977 15261 18059 6201 754 18592 14036 8273 4125 3870 18517 7371 16126 2483 17937 8775 16376 13428 17443 579
19359 19183 16994 17873 2287 493 3187 8792 11279 10931 11377 255 16443 2089 14683 14420 4512 12253 13932 19071 17613 11035 15139 2784 7912 15496
15520 10567 18850 9989 3465 17819 903 19263 9983 12230 7703 17064 18149 17070 15920 19399 14945 12239 14800 4861 9361 16569 15963 5540 15729 10551
8962 19757 19071 7092 13066 3373 13932 11977 1683 2762 18557 18710 11771 16225 16089 810 5935 5858 10254 6795 12521 17365 17280 17743 10809 12304
8536 6877 3316 17385 5238 7436 4352 11061 9611 3485 11390 18669 19605 10369 6197 5164 6250 14675 7789 8318 15790 9964 6714 7857 15938 12087
8731 5402 16488 2781 8148 8486 97 13899 10044 15519 5971 360 16179 11789 1406 18243 17656 5996 7765 17629 11343 17088 16946 13222 8591 16824
16616 140 12541 7936 18264 13381 1293 421 11952 12343 7244 12547 4174 15289 6587 14923 13412 828 3413 18118 8913 4146 8108 4145 2764 9789
18727 3372 12272 7168 994 16905 6301 841 7622 17192 2921 4073 15042 19254 3972 18902 17604 5117 12112 15872 5131 12532 16586 16372 2456 7833
13650 12024 1869 609 14170 17391 1324 6194 5622 5742 10049 3959 8894 8807 9897 16316 11324 16613 13303 18113 2102 1384 9462 18490 5986 684
105 3057 12116 18563 4930 13977 12237 105 8980 7164 7815 12327 5586 5938 680 7365 8649 4655 2162 19686 3526 11151 3750 18518 12257 17052
13166 9735 427 13825 8827 1784 18785 1217 17407 110 14427 1393 8213 748 709 18219 3661 4278 3597 8691 19331 15840 18124 1572 16435 3173
17259 10638 2070 3587 9103 12390 4674 969 7496 16591 7431 17421 17807 12686 4567 11728 3434 17743 4997 17071 3972 6995 11412 10313 6955 14544
16609 320 18403 4362 15520 10784 1553 5597 11451 13974 2805 4843 16235 151 1202 14686 13948 10511 4490 9423 7253 4657 3969 19245 3260 11710
2968 11519 19067 13069 16489 12490 15128 7747 14833 19135 8198 5084 3769 6361 3615 13389 14564 4947 5905 1157 17704 1169 9359 1202 8902 5217
10299 11667 16805 7983 12521 11217 19220 9099 2066 4882 7195 7004 16435 4722 2245 9660 346 8476 12302 12005 15382 19092 15466 141 19806 3648
11085 19985 3406 4531 14579 13069 9841 12498 15452 11453 5969 10449 8071 10596 17082 466 13786 2625 5148 5730 6201 10325 16430 16429 9141 3326
10610 14591 4421 17201 10374 3458 19718 5200 5201 15353 17684 2821 6639 2632 18074 4919 5277 6688 8601 6147 5593 10243 2575 7087 8536 12601
12161 9689 3765 5843 16877 7861 18835 5870 19007 14159 15638 12616 3723 13856 16892 5849 2771 34 1768 17032 10990 3858 1742 1186 5883 7457
12028 3032 9913 4755 5274 9685 17998 4241 15739 11169 4070 11347 17862 2239 2512 13106 12016 4093 7687 747 19147 105 7142 4818 8067 5505
19075 19370 14190 6579 13292 4084 15572 2375 16351 8336 10501 2444 16378 13805 10771 12364 3853 17790 15041 1404 10952 10712 4963 6657 1827 15099
8844 7691 13008 2596 19042 6210 1791 6297 12840 5922 4235 7941 13716 1578 16575 1288 19559 12 1662 2406 18547 7483 3881 4223 8471 7911
2566 12556 546 2697 629 6773 7762 18862 19116 5464 1912 18232 4603 2027 2475 1227 4596 687 10013 16765 9568 16146 3599 14619 19808 7675
4275 16748 18541 10711 19279 910 15482 13213 14897 13387 7035 13909 12071 9118 17838 5353 12547 5402 8918 4208 18004 5561 12117 6521 11405 1989
1195 170 10310 19683 8874 4810 853 8243 1923 6071 6339 17807 3724 15930 12861 6539 2411 1361 5668 11199 15121 1821 11318 444 12353 5700
517 2334 14465 6089 732 5377 2773 457 11139 17821 8264 13986 9042 6536 11289 13591 9238 14976 9710 3223 5038 13556 15020 1203 17076 13797
15456 15764 13256 1960 3789 10411 1492 17360 17416 9796 9817 15900 6297 6465 19044 9324 7013 8951 3652 10244 11000 852 11012 5100 17478 9014
7986 7557 12785 2649 13497 7195 16838 16611 9992 14541 16638 5119 4860 5503 19507 4008 5973 877 5388 13858 15096 10179 16564 8291 19717 11314
6636 4623 17676 7301 2061 16933 6993 19682 16155 12775 5885 3522 9912 444 4893 17663 2186 18430 16618 7676 7494 11796 6656 18345 8763 12168
2411 18150 16128 2451 9591 5062 3102 8129 18012 3444 17228 14997 4733 17539 17254 17086 10331 16691 5363 18565 8666 5353 17711 19166 12425 12913
341 10995 4533 11370 12014 8781 1613 19635 19710 3314 16669 12958 7746 10275 19033 14800 10662 19704 5377 7605 8606 6277 2169 4737 13577 10392
2625 12090 14785 327 12110 3878 16560 11045 12537 2048 15033 777 14805 12643 16431 6358 729 8442 4819 14923 8554 1682 3761 5471 12425 2030
3392 12343 17079 17629 10998 2430 6848 2354 13777 18836 18145 7660 18300 15729 7483 191 1068 9894 14922 16358 15265 4171 16257 7234 4808 943
5536 2538 556 7591 7264 18510 10923 5858 2626 17830 10658 13111 7666 16859 11152 7304 8379 6103 19615 12414 17623 3172 3365 3013 4096 18478
16534 5788 2582 13301 1840 13007 7007 6075 2936 4975 1057 11471 5612 15758 18547 17868 12846 10813 2758 9370 3369 12622 12668 14775 3518 854
12446 11185 13844 17658 10336 5652 262 12339 3866 2064 10615 19643 8282 10736 19075 14771 19861 18556 4870 17017 8700 3415 420 7725 927 2381
2614 19909 18104 11415 8733 15072 8458 6054 12280 2059 3830 18316 2793 15930 213 13486 18654 2716 16464 7855 421 8301 4909 718 9188 2312
7505 17545 13200 11881 3304 13467 17568 3900 1751 4737 4040 2362 12341 19757 7299 2398 16954 18297 689 5155 8464 10820 5419 536 7670 11384
8291 2981 18732 3278 18867 12536 1294 15475 19616 17928 1741 11086 2649 9007 12241 12540 6034 7482 18671 19344 16014 410 14697 10496 7054 15376
19087 8306 10268 13862 571 14481 18800 18296 17550 5693 11434 16104 5356 980 17028 10554 3525 1188 18374 4295 16543 15979 14081 14261 19215 5574
19657 1412 3896 18516 8633 9178 17804 15639 3196 2636 4075 18252 12633 504 389 11800 3936 13363 3794 16040 12235 5334 12444 697 4617 1821
3488 14984 397 19218 11454 571 18083 3798 11593 15691 1385 15644 17367 6734 15652 8560 2354 12102 8508 11972 12661 16776 15803 9130 13623 10631
16788 17039 1518 12688 2936 3031 12015 16165 7694 8396 9286 14088 3001 8325 18224 6839 1405 11999 6586 17293 12190 2565 15805 5120 13476 4105
19190 843 1969 9806 17135 2359 9649 5654 1024 14811 4433 19913 210 828 8463 18177 5154 12060 15240 6656 18617 3292 19319 18145 5612 1149
11710 12271 15773 7975 10855 18952 8453 1611 15863 4560 1471 19731 12240 16864 15001 6340 3348 57 14509 7582 7972 9563 3498 9117 5199 15865
5485 1878 8426 12552 19122 19466 3811 18942 11331 19685 9388 14504 8079 19395 17760 3111 3767 15875 16112 9379 20000 16817 5714 18365 1661 19243
16765 14387 14142 16909 5761 163 9122 19808 16222 3775 636 2950 17605 3277 16422 16605 2176 2346 11026 383 10389 14096 9736 15517 19735 6522
15236 11288 10568 3466 10690 6205 6315 5641 12737 4366 10718 18220 2853 16250 4039 2191 12072 1342 3696 14478 18764 12869 10053 3627 9161 14210
18383 10480 8689 17804 2254 10249 5694 15946 5684 4349 11302 18212 777 7336 19826 10624 6196 17649 18426 16231 14665 9549 10829 18298 10567 16331
19636 8752 835 11143 1302 10156 150 6749 4865 3848 3884 9658 13302 8469 2998 16510 5273 19166 18044 14798 7028 12193 12737 4815 17835 14262
10992 3787 9885 4573 2949 8098 12573 18967 2232 14580 16362 17889 16404 16885 18088 9749 7453 4139 3921 5072 260 17278 4477 1066 17411 16593
11708 18919 5911 1053 11472 9537 7584 19983 13690 9996 11873 9016 9035 13671 17973 15024 8399 19401 7677 15462 6295 1295 2409 4584 19358 559
539 5742 11100 9589 15914 5464 3831 9750 7886 17219 13236 129 1818 3040 5363 1377 9846 3132 13714 4087 19825 13852 12288 5763 18891 17888
9583 2670 2085 8890 15435 13260 6178 5908 8342 10771 12657 15983 18641 14923 5037 1529 17510 10643 2588 1708 1426 1485 18449 13144 10745 9689
3027 10833 4920 4833 10478 13932 13660 2844 816 14817 7311 11351 12670 6691 5011 5605 4053 947 14380 11544 16427 12848 3439 18186 7787 2449
11152 1983 7556 236 10765 6966 3837 14839 35 11994 9901 3606 807 18451 3831 11163 13389 4882 16113 9797 14814 1226 13279 748 19463 484
2346 9658 5038 12358 17516 13653 6867 1601 14147 8130 5992 12259 7192 6926 6993 15823 19295 8933 1307 17914 16245 11159 12286 16910 10602 4262
17327 5700 16017 19307 5986 19117 486 12708 15191 13299 15202 10303 15885 17020 17255 18245 838 17646 14198 12943 13493 15898 11760 8509 16923 16651
9802 726 17469 14769 17031 4010 10686 11182 15671 10758 7737 6646 5416 6018 17497 902 4834 5433 13150 17065 13780 4316 13883 10506 18796 5473
13740 2031 1217 14004 15704 1962 16918 12217 15741 6536 8359 19161 15535 3999 15044 6457 18712 16621 10035 7188 3259 14230 5143 16644 3020 13610
19637 17846 820 19167 5264 1140 7778 5302 5307 13113 2083 5691 11929 2474 7300 5650 8784 18160 11636 7309 17014 1776 12248 6632 6913 7203
11233 12973 16285 2655 7295 2447 7617 12270 11053 18350 15687 17226 10315 3345 19371 5073 18401 5867 7686 11421 10846 15376 1226 11365 15500 2645
11587 4889 8100 14876 15399 17470 5746 17031 16151 17092 2443 17247 1840 12156 8533 3546 10457 16647 16045 13547 7561 6077 9181 15137 13023 13265
7565 18062 758 1465 9450 15724 9589 10049 14959 5055 10653 15886 4234 17729 6358 9187 6594 4354 17688 5989 15555 18763 901 18283 7107 11433
12124 17540 19087 5729 2865 10932 6316 13271 5427 12915 16699 14610 11189 15531 12029 2559 9131 14063 2465 4249 12058 16173 3899 6972 6639 19984
10040 1515 13184 19141 15095 9969 17376 11895 18682 444 15595 2548 1627 18985 10170 16772 4349 10920 4000 17665 3039 8817 4595 7488 1886 18449
11824 19496 3510 4793 3174 17440 1847 13805 2027 17057 4327 2006 7648 5481 11370 885 6893 6879 1138 4326 19282 5887 10683 9077 15507 16889
11941 9062 15025 1532 16961 5973 6372 5114 6153 5428 1260 17232 1400 15309 16858 5714 6724 18003 6082 9590 6341 6322 14330 10974 14364 4891
7161 162 5728 3460 5930 19926 8267 12280 12250 5242 6152 1890 12999 17227 3914 2851 858 18686 15199 17931 5884 4857 2306 5524 9316 1603
8492 17532 13716 2934 14919 13495 6048 1271 10408 8304 15617 8325 6970 15670 15163 9004 1209 18409 15499 5745 12739 9373 17758 14419 8954 7355
15947 12616 4256 13043 17167 6493 8304 5122 6119 10256 4663 13288 6175 3333 16097 8287 17877 6452 1160 16246 9426 13753 15798 1664 5397 11458
7992 2299 11310 1226 8365 19583 19740 10911 3329 7086 7397 3739 4197 1475 8909 10544 18527 14268 11743 5349 12903 8835 5768 9865 13856 1528
1802 14864 3192 2686 11446 19884 5582 15873 10096 8586 14180 15395 1142 9289 7266 644 633 17846 6262 9685 4020 1082 11669 9729 14770 8248
18993 19042 2772 11756 10415 15194 7738 7426 5697 16877 5233 16099 16282 1768 5117 9532 5476 4865 10785 11729 13459 5582 13616 5990 8237 15332
181 7031 10377 5496 15932 571 3566 15290 6676 9369 16817 3550 16440 6053 7724 241 16627 11319 6623 16394 13721 6121 2092 10995 11184 10165
7447 19576 12783 505 8489 18921 2109 13906 3649 5019 15728 10749 16913 15923 8994 8937 15414 12781 10805 16213 10303 2821 19427 16160 5678 4545
5413 1311 17814 4275 12584 10363 9401 8034 19903 16969 756 9847 12020 17312 15869 16197 14651 937 17719 1501 5913 7497 4965 14573 16218 8219
18230 10346 19977 16306 9988 3844 8030 18080 16727 16143 10450 11610 6764 7616 6099 9002 2742 18140 7293 3916 12612 10078 624 18332 7315 15731
5749 4306 10182 4209 17197 11930 10095 162 11257 7987 2736 8342 3761 5563 14354 13380 2943 10345 3170 12784 10758 11040 3622 15343 128 8308
3867 19752 6998 3154 17353 8224 18067 2841 1710 3738 4375 18973 5287 7184 2084 5537 5987 11974 15039 14686 15853 14192 8814 1092 4377 11923
6728 11745 12841 2904 757 2073 12839 16939 6523 12404 18562 12624 19395 6704 13235 13500 19297 15799 6686 14823 500 8544 12343 18347 10258 832
16625 12435 8060 3198 4791 15745 11276 5643 12714 5315 10951 13209 13775 18640 10050 355 3544 4181 8338 6059 415 9080 4247 7836 569 9803
14687 3635 7404 17034 10077 17685 15594 6693 14154 6152 3407 18034 2168 3707 13248 14521 4868 8622 519 10387 16710 3175 19925 6277 448 9373
14204 14834 15682 14708 1942 16127 7452 19856 17961 10082 4158 17684 1766 12487 13061 11080 13308 18221 8176 9639 7448 19760 11872 13285 117 9993
17077 11576 3729 3772 11340 16495 18871 8674 13490 13286 13285 9785 17855 15438 12953 4794 17451 6170 9685 17100 13613 2630 16478 12207 347 11974
8280 17992 759 18309 4828 14482 3986 16082 11115 2206 3722 7589 5335 5619 13579 16738 18507 8407 8428 7791 8037 3661 10554 14601 16343 3362
1599 19763 4372 11972 6405 3282 5359 18086 3875 10278 11821 2127 15017 18880 13777 364 9045 15521 16467 17571 8866 3084 16192 1583 4537 2929
15369 7001 7909 10584 3950 18673 12162 15979 17152 4501 11342 3863 16646 1249 5400 12203 6721 18375 9077 10594 19032 3627 598 11529 18129 6188
15480 15817 5071 4194 15115 16426 13512 16828 6849 19927 19554 5611 9113 6328 14116 2333 568 18550 15122 5993 10473 6672 14829 18891 5556 17449
6821 13754 5907 8805 5760 4879 9745 2422 17817 311 13206 15177 9010 12081 11931 4807 9737 1769 17939 2492 8915 12981 107 11242 3182 8369
7332 18334 14433 14254 6640 15177 94 11180 12589 13663 12626 2947 18666 11526 19361 14713 11710 3649 9073 2187 19328 15305 3321 3079 18565 16811
753 10459 18760 19276 11657 15330 16618 1043 6217 13553 6699 4898 15560 15687 18769 7919 14570 5432 11972 9644 13327 2702 15977 11103 9841 10122
17604 15330 4692 174 12227 18582 19818 6590 16630 38 9305 917 13883 12557 13433 4025 4596 8919 19191 18335 9291 5580 15467 14062 19094 14342
4595 954 11158 837 15358 13099 2586 11345 19980 7106 15316 5267 17515 12304 3845 2871 2818 702 472 7886 2398 9595 15554 2388 2963 8928
6159 3127 7598 9468 9243 13015 18043 10554 443 9440 18404 18970 8010 905 14696 18031 5390 8769 5787 8383 1112 9581 9610 18905 19918 14426
5173 8091 10573 8859 8313 9068 2938 17736 15973 17265 1777 15882 11466 1005 787 9922 9542 4659 19739 17908 10865 925 12025 242 2469 12039
18805 2717 6929 12821 4978 17135 3375 857 5367 795 6667 19168 1622 11059 9407 15159 12311 3126 733 5809 11558 6690 16586 1898 15272 9757
