365
56 46 52 58 50 44 11 91 87 36 63 32 3 63 97 16 35 70 36 44 44 6 55 1 92 21
6888 15491 11157 2435 2356 10018 11882 11559 2599 14650 11016 10983 11385 13934 18325 9655 19116 18712 11815 1378 11995 1332 18296 9149 5631 5041
6831 2204 18888 9791 13855 4475 7675 15966 10527 18733 16080 15228 7207 2573 19530 19406 1075 4674 14027 5039 18343 4890 10648 5324 17424 918
491 18858 15663 16032 6078 234 1235 2703 7177 1683 10859 3958 8283 14338 5561 2771 11737 19294 17513 1980 848 15819 18784 7509 5802 5522
15925 11961 16421 4224 3311 8607 19025 8503 6593 38 16041 8336 12140 8651 10905 8946 4725 3503 5671 4469 3822 10211 6793 19025 536 17698
12617 4931 1356 18006 16339 11268 7916 6395 4340 13433 1515 12775 7190 3590 11793 16588 17331 3251 7590 9525 9402 6340 9925 16968 17136 12006
7491 9263 16626 12908 18683 11050 7293 15947 737 12628 7876 5247 17776 1913 5442 16271 1654 18714 14776 1495 14286 15916 8113 4954 5435 5635
10507 2831 6212 15548 14369 7859 11965 16222 12869 8494 10910 15013 3225 9867 18592 14510 14199 7913 16080 4935 9696 8509 431 887 7928 9477
17867 11567 15020 18425 18339 14151 3673 7975 10913 9421 3866 3234 4613 12343 10401 3429 10777 8807 5497 3447 2173 11068 16516 18912 3712 3643
18464 13364 12224 10735 11867 3362 119 17757 15808 870 6621 16398 9739 5647 16616 9875 68 14269 11759 3911 6038 13950 19384 7244 19662 12124
15929 18586 692 13234 15323 12222 14675 13150 2299 17054 1888 11246 18564 18101 14054 15498 17667 14642 9830 14946 17510 2073 13407 13985 16204 3134
6225 8812 1259 12195 3395 4506 15077 429 8207 19165 8284 11815 19706 3798 5429 6526 13012 16953 17445 17921 1138 2638 806 15056 12361 321
8510 16703 2876 9227 11787 18808 6303 10322 560 10145 15782 7631 18603 1899 9090 5013 1360 987 5828 9713 12923 11402 18478 17712 13742 3411
17068 3818 557 12732 701 2697 6143 10418 4559 19041 13006 8196 12572 4136 13889 16647 1358 19205 1927 13050 8101 5745 13148 2396 10714 17846
10910 8215 19855 115 9964 10802 3294 9156 8398 17658 12179 9991 8509 4725 3968 12864 179 5845 18597 8269 3290 18717 10520 5128 8352 11173
11098 10253 12642 8143 15369 13914 10837 6140 13358 7531 9129 682 11778 11012 8176 7623 14511 13545 10392 4239 9679 12246 4972 5939 946 9149
11947 14185 711 5938 1611 9020 10686 8500 11267 1132 19847 5176 12319 18338 3509 2447 11832 14004 13053 12691 15827 15741 10635 4956 16269 12845
14655 6160 14709 16849 2375 17346 8433 15446 8300 13818 3597 3860 13801 2354 6657 1220 811 8507 6209 18843 9510 12503 16179 11362 17998 4239
3423 16588 5600 8378 15810 14484 12118 8909 7448 558 8224 19040 14705 13721 7706 7771 14663 6060 18490 3540 4722 4997 18003 6770 18437 1956
11290 12362 6045 8815 12871 8562 7238 16587 9155 9611 4376 12824 14995 43 3890 7247 17129 12525 16146 6012 2545 18378 6526 13345 8537 12626
13307 13403 15723 12748 172 18150 7601 5065 18299 9265 12585 19696 14447 17372 13388 12939 2603 17665 17309 8974 15525 12460 13182 17349 7716 17381
6640 3961 7650 15484 950 686 810 17525 4247 7615 18421 12505 18368 7442 10320 1526 10005 19434 13376 4717 9204 14858 8772 5316 19604 8267
10761 18534 9664 17198 10460 11062 9224 4618 15515 11326 13468 13027 13971 7871 6973 17685 12670 18094 18448 8943 18532 13135 2853 2418 645 8090
2566 11202 16206 17380 8403 6187 14022 17057 15445 5168 2201 3328 11039 11926 19818 2939 7228 7472 19137 7871 6511 7994 9340 5000 6684 14845
7568 14131 1130 12547 12748 14016 13914 14886 18611 6377 11 9863 2047 13598 11451 8195 4437 9331 7287 2928 355 10349 560 14217 16733 16680
7164 8642 4840 5387 4631 16824 14695 3867 18370 18543 2351 11301 17775 5757 17310 481 2035 15075 9889 12001 18288 10751 859 7481 19916 13208
6037 18345 11586 15429 288 10883 16780 1163 14385 679 9789 7673 2528 3415 281 6437 13816 6036 19846 17095 14525 11623 4388 19176 10896 1901
19427 5873 5087 14334 9470 10068 13198 16617 10326 4390 15273 14615 1820 8868 5475 3395 11303 19332 11090 8149 16693 3470 15940 16428 13113 14540
13210 474 8163 15751 3752 13755 10661 18652 13490 8588 15671 2715 11027 9789 15348 16663 15159 17969 9697 12114 14130 967 11792 11209 10458 14473
3688 2099 13423 9429 15145 18034 5691 3655 658 12309 10606 7650 2281 16793 9031 2680 11206 9390 9251 3814 18188 13280 16042 19883 9358 5759
9698 17487 18067 11388 8757 9824 18784 5889 18927 11006 2459 14277 18971 2239 8521 18856 14087 15820 8053 4748 19529 18636 16820 13786 18836 8600
3316 9538 10921 15645 16289 5120 10255 2415 3662 1359 19046 2262 12571 8068 12557 8902 2576 16217 9299 3382 10800 2017 10851 12136 2689 7005
5599 331 14743 2928 16843 19920 17501 6289 1797 5764 15179 18567 14846 8305 12757 8624 4980 10092 10232 4845 10028 6965 9359 10187 11593 4172
13740 9101 19466 17728 4954 11671 13197 4100 8980 9360 7778 18352 9974 8700 1518 6408 5429 11621 14920 7992 14642 6382 17628 6434 1534 17615
15338 17396 6680 12218 3648 19975 4701 19047 14881 357 17488 3624 8224 11783 7047 19642 12047 5296 16017 14264 6178 15704 19828 9634 15051 693
17428 3619 706 12313 225 15606 17771 11139 17258 17662 3466 4897 15176 11140 1532 7872 18830 18987 14084 16432 1588 7609 13795 199 16237 7080
18380 11270 16823 16922 8868 3060 17576 181 2363 1565 236 1639 11741 18090 16127 19482 18469 8864 14806 19708 15966 18596 18017 15141 3913 7109
12476 17550 4593 4204 7530 19794 15150 2709 14126 9825 15959 5475 9421 13089 8021 10843 11381 11036 16770 11730 6965 5637 10467 17639 2038 5452
12486 10406 10439 282 17564 1896 278 19261 19805 5888 15485 7552 3956 17440 1629 1492 11485 17540 646 6921 17950 13738 3533 1431 7416 7136
729 15022 19342 15696 8771 1246 10777 223 8672 3002 12965 17329 7403 9672 1946 1110 11293 12484 6882 5555 17624 4694 4440 10799 6393 2736
7319 8408 6109 8815 12254 8255 15145 17958 5344 1404 1170 19846 1029 5460 558 18400 9400 19580 3423 3414 14968 14175 11928 3817 630 2202
2577 17908 3742 11958 14304 15492 19931 14475 16932 6801 14067 7637 10235 18383 5336 3320 3134 12166 2328 4660 18707 5072 19350 16255 6777 3043
2324 15194 12304 8205 3655 16649 17929 19531 12136 4536 10851 13417 18506 9919 13449 951 6112 5370 3546 1008 19944 7094 12210 9749 12493 6877
18065 18649 44 72 5770 466 5404 7833 17952 1364 618 13947 11969 1767 18461 12335 13705 8289 4520 8787 11985 9422 7035 12600 18733 14282
2178 15612 19544 14165 6749 2008 12467 12450 10042 2915 12933 19791 7092 5102 16463 4003 15843 9870 7309 1806 12889 14155 5061 11649 12020 14556
8902 7879 3627 6432 4233 3173 9624 1569 1690 4635 2639 4520 13551 17080 17621 18733 1256 6027 5808 16164 782 12619 14731 6248 5362 10521
18005 19046 4408 13313 17496 3357 16547 15287 10776 12997 3827 9110 12769 7430 8492 8377 14694 12391 17922 9987 15691 10510 1696 2675 7499 253
18421 17209 18920 18226 4778 15141 6823 3875 4672 587 15016 9242 730 12588 18676 502 15781 6316 7086 3682 7357 14524 19844 11856 9573 388
17329 1783 13175 17177 7840 17511 6098 13572 4036 13404 10367 2709 10662 17710 8685 2503 5130 12113 16512 13692 10676 19444 5361 12165 3358 4081
1196 1803 18516 9892 14868 15136 17677 7026 15625 10372 5484 15736 12580 19069 17748 17231 4162 12562 19815 10003 5347 18410 8684 5620 8166 9797
1898 7815 1128 4684 5612 13959 4892 5878 896 4890 17549 525 11474 12907 7178 19267 10962 13746 790 8113 13851 10675 18398 17390 8493 7332
9282 8002 13213 12658 3494 1737 9431 15643 534 11515 19529 6746 9888 2277 11767 4251 19476 16478 3861 3285 8709 7596 9439 9717 712 10168
12036 12295 4143 1238 5405 16373 15280 16071 10237 6850 12615 5586 14599 11214 14516 684 714 19297 9994 13804 5558 9656 4135 9985 9069 1306
5389 19709 12902 15872 19352 14576 19086 6172 15727 6142 4312 16631 12504 3006 14591 4292 18755 16603 727 13675 9357 16171 9154 8440 6877 12369
11657 5941 1969 11865 10041 18425 13413 17316 13484 16222 12131 6822 9546 19718 15994 19141 10817 10807 8438 17172 14593 3332 8255 1791 12585 4324
13058 340 14440 6759 10831 2741 6045 2707 7155 9279 9974 18341 10419 8974 13012 6107 9154 10023 16966 19866 13002 13914 11553 3518 11627 2049
16941 8118 1765 3776 19644 5605 19615 17918 11648 8121 7871 4278 14489 9953 2797 879 15644 1080 10788 11607 7964 281 9699 10341 12236 282
7862 17760 1628 4051 14931 2408 4153 14520 917 9806 11521 1139 10771 13699 19538 13423 2103 15263 826 11441 17089 17922 11464 18434 10503 11855
17377 10749 3480 10220 4858 17126 19140 6058 7968 1659 2348 460 5921 9711 17011 8157 7492 15336 4952 11060 8556 12343 4973 9068 12011 5913
1761 9975 4089 919 9152 15911 3632 7000 17015 3366 1175 9244 2363 2918 13627 12455 15349 12919 13536 17431 19407 3639 19434 8227 15620 13938
19942 10200 5975 11198 1729 11733 11805 17065 9071 11555 377 16229 13956 12481 5692 19390 3036 3739 19689 9436 9076 16308 14284 7591 1068 14891
3976 8248 3546 13632 5763 15122 11019 8360 13394 3438 7958 14362 13355 14460 18815 16763 12242 12425 9086 19773 15370 3709 11497 17521 9665 2563
7339 564 19949 2048 12840 9275 3087 7114 5077 679 15264 11239 17688 4352 625 554 2732 12855 12567 1958 9204 541 19959 4595 4078 19558
19710 3971 6714 2926 7052 11450 11832 1366 5934 3890 17550 19902 6927 11146 9899 12136 5176 10774 6449 15017 10922 2052 17218 13170 15724 4472
2694 15778 6388 8577 4257 11987 3813 14916 5822 3492 17452 18419 17579 4694 16868 9380 17881 12622 9595 957 15831 9108 6790 11405 10945 15023
16745 4070 12371 7965 187 15498 9046 11009 2804 19980 14264 15954 9732 12085 14593 4466 3215 7926 14841 14896 2480 11404 16598 19505 9669 5655
1624 19638 3538 15490 1768 11659 3239 961 6127 15271 11823 7695 343 11283 12859 9719 8117 9162 14210 17032 2210 4545 4733 17177 16527 3762
5682 4914 4857 19810 2454 16553 11893 17630 6248 7072 4532 3084 7164 4402 1659 13693 8107 515 5884 4467 18268 14937 19314 15022 18092 5466
17137 6192 12131 9446 3758 10034 4037 17968 8465 1876 1618 2863 13533 7262 2619 10461 5595 9449 11343 12802 3572 9263 4230 18156 7856 9896
17165 6276 1056 712 17967 12065 18430 18685 11019 9443 10725 5578 3034 9354 14150 5151 16988 15752 12286 10178 9267 17005 11950 18254 5434 1917
3488 13653 5083 1847 17714 2213 17868 15317 11272 7470 13797 4036 16876 13194 10637 1339 15207 19274 14824 4078 16011 4779 95 16803 19784 15380
17233 18319 6486 19651 718 2344 14038 18348 1687 10424 6588 7961 10308 1301 11245 6032 15302 16270 9582 1047 17809 10398 15518 13902 15466 669
2284 15701 9129 6434 14271 1893 19917 14647 13348 17569 8054 19279 11509 5742 7717 12414 8562 4858 1425 11505 16502 129 8740 12727 18130 8962
640 9188 19690 10649 6994 14779 5838 18599 7769 1862 11488 14808 13785 15315 3122 18349 16289 10387 15648 7025 1521 11880 5125 4877 17610 968
17464 19264 11738 14825 19368 18413 11437 19969 12319 9892 13276 11432 7666 7863 760 18356 14473 12486 6014 17765 11935 6606 10499 12072 8662 5146
4409 701 1701 18640 7240 5490 16809 2526 11280 3234 2726 5537 4718 2623 12064 16845 15250 14507 9943 17485 3618 14224 8288 19297 5277 10912
12737 2614 1179 1183 11262 8751 16635 14755 78 10073 15134 9819 14014 13836 4458 18155 18594 8427 2405 16270 10452 18717 15916 7702 8755 7812
5491 15460 3655 2952 11525 13291 12294 2612 11993 2163 4980 12586 15721 807 11235 18332 17269 17066 13782 12795 6815 13706 9453 17557 14403 3833
1152 17504 11558 18591 4224 9447 11537 5454 11199 14626 4266 3334 2352 8443 17027 18973 6866 151 45 6771 19590 17734 1308 13007 9239 9382
11758 12018 3494 13212 6855 9928 7011 18943 3965 9131 12263 9679 14155 12371 380 17415 12446 14478 5156 9839 12773 625 18433 19781 14196 17663
12618 524 774 7960 16208 5166 12893 3195 11820 11962 15881 19336 14093 930 3926 19322 7615 13277 5915 18142 579 12122 17522 5914 17281 9172
6405 14141 18486 5764 16907 12713 18466 373 17410 7214 4658 2307 14036 19229 163 9221 16358 9953 11971 8164 4488 11417 14357 15637 7703 7811
5366 4752 5605 7133 8117 17166 10997 17249 15103 1075 18617 1498 16542 2877 14743 18683 22 19453 3898 13640 6089 613 1987 2089 17255 10232
11176 18405 13599 1005 17204 2900 314 4838 9343 16000 1892 8334 13604 3932 11682 5563 1722 5117 7598 1429 1454 4815 10249 16143 483 16451
7910 19920 4663 14002 2268 10613 9849 18740 10945 11001 11741 12848 14936 12747 14131 419 17617 1355 8031 17849 5474 3437 1049 13864 7529 14018
17210 4280 16611 4710 8079 8197 694 4457 173 1881 4753 5612 11607 8 330 16424 14215 642 19210 11984 17840 4095 13768 13616 10595 8479
12437 8051 13394 879 13757 18295 5396 3145 11634 6990 16569 2240 15190 9537 8955 2212 4977 11057 10528 12215 4837 16479 729 17230 4874 2854
13130 1534 1488 10223 11407 7427 16537 10136 18314 1897 17920 7248 14089 5930 4878 19023 334 18461 13772 4577 9090 10598 16104 7323 2375 8472
7901 14158 19619 9297 6523 12830 15764 3444 12189 4493 17301 15093 10332 18796 16677 6085 18667 6948 15947 2891 19258 2567 10767 9285 5376 17284
10945 19223 8477 5426 3466 14308 18 8036 1103 8727 3192 9315 12996 19574 18485 483 19191 17683 6081 218 19260 19400 15160 15939 9569 19270
6521 16459 13155 4495 7208 18277 5292 16306 4718 5409 861 1647 2517 15416 7398 1286 7092 7742 15078 5281 2028 12060 14672 18393 14678 17490
9092 7617 18481 2035 14815 9172 17777 2486 620 14380 5394 6887 7904 219 7667 7323 3613 12824 6939 8792 3202 275 2199 6034 7941 629
14882 13284 9145 11821 12460 5787 8650 8451 5931 6421 9443 1300 2009 870 9107 17944 6454 19499 11879 11592 6346 11419 28 6922 7754 19809
4013 5470 2569 19011 3739 5389 15439 8229 18222 5563 17307 9601 2810 4095 5021 10957 89 2826 18818 15228 18004 16362 2974 19278 15981 10773
9949 15447 14408 6720 13025 6940 17398 14702 8572 1561 5490 18039 9562 17279 15712 7977 13058 19537 17278 11685 13627 4800 12387 6925 2403 6567
5215 651 7356 14337 4892 6458 3215 19544 10769 4576 16630 7637 2918 18500 2292 8623 15379 10734 3303 13590 8920 10331 2885 7919 14473 13052
3656 9989 10546 13477 15357 19635 17667 1126 7698 9412 6442 18575 18635 11347 18176 3836 18161 3961 4449 10909 8595 19748 13589 1867 7945 2603
13353 16496 12542 7014 15472 19621 9118 7091 9945 7961 19037 19108 16205 17920 1321 6276 9182 11293 4558 9251 962 4304 735 8301 6565 5574
1539 10743 5730 13782 18877 15865 8625 2444 11498 2942 6400 12613 3554 4660 1694 5670 2025 9724 7231 16855 12017 12566 9183 1203 18035 19566
14250 15305 15382 18622 17688 6304 671 10899 19248 13285 9755 14595 15848 7314 7762 13639 3894 19058 6074 2088 771 4504 831 3102 10293 12200
7234 676 253 16782 14665 15729 4552 1349 662 18571 7518 15882 13237 7551 13074 3444 16241 8166 18125 18483 18451 1056 11597 14910 17195 18342
864 15592 16506 13105 14543 3501 14781 11239 1620 7237 7845 6543 9137 8722 6189 19782 12438 6451 17201 19428 17880 14020 5492 14576 2740 12717
3727 7582 12852 3238 7414 3628 17965 17278 3558 14392 6872 14256 18508 18073 9619 3618 16174 17222 6844 6044 16377 9318 5525 12677 13331 14406
1638 11890 11109 7264 9531 18513 2401 18467 13517 13232 8951 4329 18345 6535 10561 17186 16264 14831 14867 14080 14257 11799 3259 11633 3523 18733
4028 16441 5169 15570 7899 19933 16718 4748 14921 17716 18640 16281 15179 16686 5272 17894 6117 14490 7038 11593 5768 12928 6349 7366 10121 19719
2349 5123 8915 18523 9476 14970 4571 15620 3693 12250 3103 892 13630 7410 190 2064 2585 13012 5419 1016 18907 11785 11031 13148 13518 16504
18256 14730 1495 5157 1988 18675 401 4724 17391 14934 13942 16950 12779 9511 14766 1299 15280 2126 1073 15449 4551 13313 16810 18561 7295 16680
9920 11379 993 17899 11719 5720 2333 8364 16301 14393 6475 17881 9780 2638 19011 13916 19019 18299 1577 18778 6907 3763 19014 10397 8933 2498
1017 7239 15884 8377 18770 12620 907 15581 14800 13090 12034 17421 10620 18556 19593 13451 620 11049 10377 15797 9220 17185 14249 19507 17013 12979
10286 10155 13978 8450 7781 5702 3420 19240 9884 15167 17796 15797 14910 15505 13655 13285 17075 987 4013 14410 19895 17088 9598 10084 18118 11651
3904 2449 5301 10016 5976 19852 8160 3074 18679 4137 13362 18158 16196 8229 17534 8477 4736 6361 17167 15244 10523 14073 19609 10134 12476 13517
3192 10325 3526 17443 19032 4526 1139 17468 472 8968 9476 4026 2344 8661 5401 19482 6147 10459 8161 8711 9667 1149 10715 18317 4455 16221
11668 4245 15415 19412 6316 3318 3365 630 13510 16434 48 18566 17918 16224 74 18702 5187 9408 19288 8183 8363 370 13937 1290 12762 2904
10029 1454 19962 2873 15488 16861 17444 16102 3576 12766 2710 14587 17226 4976 6877 9794 17237 8737 7493 15863 3428 3997 811 6045 10784 19472
413 5595 19344 14433 18583 8362 7994 1955 12588 13570 9889 6905 18468 6769 18435 10511 18587 2618 8280 11359 804 14198 6389 3370 11321 10223
4192 529 10620 7715 18583 9892 6684 5678 12787 5850 4663 778 4759 17929 14279 9509 19587 15434 7639 7679 10431 12976 19152 7893 13362 15713
19151 14879 388 6844 8397 7460 4030 16872 4489 1390 14550 13526 12365 11471 5163 768 5915 10375 10520 16652 16315 14346 15347 4058 17057 5350
18180 9218 15166 2875 6939 6239 10167 8052 6332 1711 9893 8942 5208 10312 18827 2887 3207 8486 11428 8802 14451 7511 8081 14540 1158 13531
9626 14897 15287 5750 11229 10295 18743 464 8690 11514 3059 5093 10535 13363 18020 8823 719 14288 11812 7495 1558 4963 19492 5344 7489 11732
7371 6128 9711 6661 1304 12265 16831 14125 6118 8767 15018 9633 9727 1270 7059 4602 3488 6281 6700 14417 3896 7814 14967 12886 14350 4114
17376 12054 14530 14097 15618 8066 9559 13494 1501 7257 5666 12297 13524 1226 5221 11584 379 3094 17866 7312 3834 15615 7649 10509 1375 2245
16260 2329 13135 16942 7007 14125 13944 15858 909 12898 18757 1310 5919 11270 2916 19306 19977 17691 8693 12801 2955 19049 7756 7282 10688 3780
11921 14382 11097 3373 12395 13972 7437 1959 6005 15078 2647 7228 6432 16913 11911 8034 9373 12799 7242 19469 4625 3188 13739 4110 19403 10424
17586 2571 9658 13811 13229 11047 4543 15866 12864 18403 17482 6371 18504 15966 13632 11638 1100 13839 4766 12821 12764 331 10104 7343 17087 17499
19104 17179 19573 9349 14973 14377 14965 14970 17263 7353 10089 739 12958 714 4645 7969 217 4098 1646 8660 2980 832 16608 17934 8904 2397
19533 13571 5405 2254 2801 1300 4838 11545 9242 14813 13571 12541 1262 13305 2879 3221 15211 18517 12439 17840 12920 9626 4402 8561 4490 14557
3328 18217 6494 1129 264 875 862 5343 5062 3682 10643 6583 15689 8525 14848 6667 2798 4260 5275 8653 17531 9009 4955 7245 13904 3213
11816 11188 7875 6215 3021 18847 820 18770 6787 19794 7133 7278 3390 7154 11508 13886 4889 17024 5003 19075 5148 10413 13071 14414 15819 9241
6991 19747 10315 15210 12282 8120 1801 16475 1364 12126 11112 5813 2399 5583 4802 9088 13738 4571 8603 8996 7917 4475 19656 8221 10692 6293
1444 10116 12841 6755 9172 18971 11091 18344 5064 10164 1133 461 7165 1398 5342 3907 8627 5000 12950 2299 6302 14536 15597 16922 18184 18653
8393 18503 17368 4258 19653 12092 4880 864 18291 1374 14352 2782 19594 252 13727 7624 6982 18677 18449 19018 17947 15398 1190 2921 9854 3827
19255 1615 19730 16642 7605 3851 18 6467 8656 19337 12104 18180 4011 12183 5569 13457 11035 3031 11094 6598 5388 7139 2819 3106 19825 2637
1378 11876 10721 16212 15724 15985 3090 9909 15054 6123 11505 4889 2222 13977 5571 5792 11604 13890 4060 10567 16315 6922 11273 9951 17243 1109
5174 7403 13907 18352 11754 11557 7237 13293 19129 11986 12914 7361 12735 3304 2554 8527 5576 6623 4437 7656 10551 1658 14358 3332 4049 14702
3268 18202 2868 1387 4201 10428 4699 18395 8136 538 2485 16054 19548 14124 15222 4722 7667 16642 3742 12764 6065 11068 15047 3182 11388 16838
12391 17715 8274 10001 12907 7684 6667 11913 18382 2455 10238 7983 18840 18131 15353 9620 18277 11650 11281 78 13539 7918 7110 10956 145 18602
17346 5612 13353 16410 3625 16615 2089 9705 18863 3100 5298 15776 19691 3330 12298 9858 18763 15000 2307 3234 8998 2472 7428 12040 8581 8624
13232 4113 5570 15178 18042 8113 12741 4639 8477 8707 10059 11424 3254 17344 17357 19805 6946 10732 10791 7410 5657 18889 7219 7188 11194 18295
18914 1027 14954 8442 5198 16164 15945 18790 19763 3976 15093 12663 1829 18402 1818 12593 4765 13383 4836 12007 15339 19349 8885 4554 13937 16482
14543 7456 11168 17632 4169 19310 7113 8541 3487 2021 5716 343 9564 16729 13288 560 2887 18000 784 5193 741 8710 5951 1538 10682 10886
11002 17826 6469 14197 10977 2086 3206 16021 15227 8735 16721 17003 645 7162 3321 9898 726 17554 2736 19035 16013 12167 6762 12211 18788 13722
5451 2196 12885 12149 7848 19205 9531 8013 9621 15747 15039 5048 9775 412 13522 760 3775 4249 18130 12191 14346 9771 3013 658 11505 19648
19351 722 7227 10066 13054 16480 12255 8709 9034 16814 1217 12743 8055 2848 9207 5850 1826 3179 10735 10248 9418 3115 17747 11185 13932 3305
18515 15483 5635 16535 3876 18915 9581 11096 5260 7984 551 8 368 15862 18178 8430 12378 17666 1965 11962 13863 16131 5059 12576 12455 1558
3398 9366 4864 5094 19886 15322 16151 271 5899 45 16293 14209 964 2886 4251 6536 8483 17068 16100 3979 11613 13456 10577 7281 8604 6160
15524 7478 10504 5666 14530 10792 10803 13366 14353 12468 18385 899 16165 15742 14494 16345 18347 7338 7652 3862 13944 4732 297 13551 7056 6748
13438 6072 9341 2541 15637 13447 9933 7520 1402 17313 3660 4357 6739 13777 1076 19860 6292 642 11928 1816 371 19065 18803 7112 19569 10534
1434 3364 8584 534 8077 7988 14039 4477 14423 16369 18473 11920 6404 12826 7914 11738 19872 14281 10491 19054 10466 17106 16336 9377 5552 14700
6976 10188 5248 12533 14757 7839 11718 4847 1346 6355 8445 16554 12355 15431 17169 15061 17857 8117 11038 889 12023 12328 7716 13257 18513 10123
111 8932 6274 716 11245 17268 9163 1605 15829 4005 2774 7008 1994 14581 17580 2160 12818 1572 19422 13662 14745 14002 13444 903 11158 1000
15579 12724 13766 13844 208 5886 11921 4243 18859 19918 4550 4810 17166 5709 6669 17281 14773 12589 3510 12022 17515 19722 15662 8163 5338 17933
8488 17977 16303 11149 173 2359 16920 12755 13048 2056 15484 19182 16163 10509 2261 3693 6275 10572 228 1032 10348 12431 18002 12195 6083 5849
8430 11848 16145 4770 9591 9328 5701 12466 19500 223 8437 3032 916 9384 14125 4 962 12302 14706 1710 14456 1147 15071 5569 5081 5588
592 10298 5581 10934 14686 9113 10178 14675 5978 17385 9451 7003 5627 18354 18128 17399 11785 17425 6747 468 3289 12444 16826 15230 12683 4229
18138 16805 10788 10972 16934 14888 17546 941 9398 10863 1033 13020 13346 14051 1734 424 14419 19236 4874 2976 5851 3515 14417 14686 4252 1584
10463 11231 8938 9552 15268 15190 533 4281 19262 13899 5652 4018 6545 18216 10615 19771 1699 11082 2269 6577 7250 2992 8026 18915 18396 2735
13799 16963 8397 743 13289 7172 15179 9641 1684 15965 19607 2087 14095 18199 17940 19024 10610 12546 13352 7511 5537 5147 8166 13280 15199 11522
7165 12391 18363 12216 6712 5366 14750 4883 7745 8865 1323 5994 18204 19876 17687 15324 7456 10685 1768 16102 854 15711 18476 3280 6935 5567
12960 10886 8532 15085 7589 7139 16658 6234 12685 16095 3611 19243 763 15598 7658 15369 14623 2272 5098 14634 10185 19219 3013 19905 368 12800
8040 14850 10408 3517 3559 1514 17479 8007 5121 15234 12599 1288 5522 2008 3909 7671 7426 6947 571 19408 189 19527 16095 16591 16575 5131
1817 8816 565 732 19396 17641 7602 12456 13336 657 6220 3201 13305 14259 19161 19906 14577 1796 135 7183 9056 19412 2303 68 15807 457
4368 13026 3601 16888 14689 16326 737 7819 14224 16779 9604 936 5615 17351 12416 4876 3390 10346 715 7237 16207 1922 402 1165 15428 18499
15961 6670 6637 5009 1459 18404 10428 9940 10581 10184 2783 65 7928 15257 3862 13057 14312 8305 2636 6868 14001 17062 4103 268 12555 5524
14895 13616 1888 5535 467 10423 32 10269 8596 8533 10529 6010 11266 6465 13773 18750 19512 848 13943 8364 12202 821 14476 17083 6022 10430
1191 8551 7597 10137 15119 16981 544 1791 9694 7094 13932 3405 9336 9995 19697 1192 10723 10257 18903 13014 7657 7988 18954 13828 18168 2164
17122 15167 9544 18038 2331 16552 15017 3854 5077 2512 15971 16350 9844 18125 4973 6315 9494 8148 14378 11990 13205 15601 13095 2281 586 4870
13220 1820 9937 2133 17040 11802 9411 2059 6773 18675 17324 12997 15076 17362 7122 16318 71 14653 12795 12506 15886 17210 6300 17018 8031 17927
5394 5957 11859 12048 540 10800 375 12297 10935 17461 9318 13394 1197 10451 15986 9331 17840 13886 17861 18850 10593 11724 15668 5459 3144 4675
10822 17352 11895 8642 13992 17922 1452 11183 1293 463 824 9099 452 2953 18541 19955 11883 11168 4080 58 1732 16993 1724 12623 9947 121
7230 13355 18031 13126 3368 13935 12995 6035 13654 4153 18517 8262 12597 15176 5278 18060 721 8509 16834 1370 6683 6940 1676 15768 13699 4681
4117 10416 19237 807 14539 6793 11698 8795 17321 18491 15350 8120 8917 12814 6755 9488 6886 40 1879 9619 5279 15526 4243 16585 17920 16080
11128 7785 13469 18655 5342 17258 6650 16450 793 4187 18833 18273 18106 9511 16102 1887 4070 11388 1897 9900 791 4371 3550 6789 18803 7073
14614 14622 6360 15669 17686 990 4363 4050 3987 19248 15830 3642 16282 13758 10036 5777 8923 196 8513 14644 8719 4294 11948 6493 2482 3237
18057 11583 4548 12263 19098 15177 17751 11463 4637 19017 5275 13033 11494 1867 17194 13212 2324 13532 15272 9075 9690 5994 18567 3508 6616 5874
6869 3072 7949 14410 12235 19744 11772 13689 15006 5993 1116 16926 3704 242 11018 1912 4719 14245 9388 12264 5224 425 13854 8660 14011 3931
11921 16283 2748 4161 8075 6815 13821 1439 12013 10392 997 10267 5891 18484 217 9100 6147 15574 2388 16431 2619 4527 1048 9458 6407 3837
17493 12161 12708 16026 8967 7615 5572 16301 3041 6957 19868 8631 15178 1597 1925 1152 343 17958 18481 13114 328 1174 11011 19875 859 2713
639 9151 2423 8705 15766 10653 16294 5149 17241 18509 18265 14532 14858 6799 15915 9473 12205 2280 2075 17159 6966 8041 17232 25 7982 3722
15321 8928 5154 10740 8628 9115 1425 16873 4488 2406 691 9578 1413 11075 1716 13850 10555 9010 12085 13008 10609 3176 12301 10502 714 7171
6979 9435 9069 12934 4577 19597 10040 11760 10923 15066 2494 4621 5840 18964 6437 19512 10787 1850 182 6808 15251 19358 19215 7649 19773 4290
12893 16955 17453 11898 13395 8426 14818 1020 16754 2086 7327 11450 9678 3612 5363 6525 15006 13677 14744 5342 820 14442 12977 5961 13477 17817
12075 2572 3696 14302 3657 9418 17875 3223 13238 2126 4185 15695 19367 2917 7542 6523 14497 19555 18157 5180 9857 1298 1896 4347 6043 5113
3971 15247 1287 16537 318 17884 19791 10783 11003 219 16097 2624 7695 10095 14257 3038 14749 9502 11762 12511 17964 18253 2813 3931 14159 3932
542 4384 12072 3073 15490 1666 13316 12480 10277 8733 11121 2676 8567 6471 14107 2422 1244 10148 3295 5556 16332 3165 3842 5352 2462 3306
3703 798 16964 2611 14355 922 8399 17995 3028 16734 3681 17725 10398 5825 9387 1886 12723 19710 14904 2827 1156 10712 19187 1576 10270 15265
4604 17971 8529 14030 305 4482 3516 12387 9255 7726 5359 16234 3404 13491 477 4008 9862 8994 5893 9028 8849 3496 14371 3571 5054 4864
10700 656 17724 9242 19593 3531 7327 237 4287 18924 10916 581 11479 7037 10121 268 13712 18796 14143 12078 4947 6545 18231 250 10241 18295
16945 11993 11977 10821 17642 6800 11179 1701 14187 10149 2765 5546 13210 11689 702 15966 16989 14104 1077 8572 8206 11558 8950 5608 5041 11020
17944 8746 15075 18734 10464 7734 13648 17831 11796 14361 19439 2177 19057 2138 3334 12096 421 9900 15192 14791 15840 16355 7146 18485 14718 9769
9401 19723 5068 9020 19875 579 19021 12937 16592 17845 13458 432 19698 6085 3433 6201 10490 7453 19107 13486 5097 13026 19887 10605 6119 1841
19803 12894 10882 18952 3500 19022 19805 14125 7567 1958 1590 13329 4323 18320 1099 12611 14266 2763 17050 4454 2508 14950 6794 1505 1870 10631
17932 7171 12292 4390 7054 4433 1041 15036 5416 18784 6361 6672 3404 16148 6278 11381 879 3280 17403 16341 17119 12225 17702 401 517 8615
14937 1832 2646 6922 11355 5200 12428 3641 12364 13253 17074 13556 12609 10050 15743 11852 11534 18817 8040 9012 225 15131 1490 5023 8683 16112
5072 6450 3425 13064 7758 11634 18486 172 3397 6292 16372 12113 12482 19499 6730 4623 5653 16269 4043 1334 11231 18460 8008 11194 14670 17526
12639 2236 12574 7046 722 16699 19762 6819 13311 16870 16304 5604 3524 14462 7013 15042 12577 19815 13405 19703 14291 1771 12415 30 13398 11054
16393 17182 14770 1569 3650 18854 18697 15938 6281 3649 11682 4568 2681 174 5982 556 2353 1653 3323 18736 8915 11561 12342 1386 2484 15207
13693 17315 12390 6580 18008 3653 19140 2473 16942 17894 15794 6078 16366 15336 7945 12695 7760 11107 3684 7990 223 7187 19090 11868 7994 10778
13443 19058 19205 7111 7416 16178 16671 18301 10758 10055 2116 16140 328 10946 16515 8608 11197 18940 193 1567 5267 6244 8481 13097 19101 16904
17631 7248 17789 11797 18037 15960 7759 6735 17792 6557 17874 19416 5807 10221 16526 13747 4525 1995 15785 4375 1049 9108 11828 17196 15379 750
13930 7993 7903 7394 16000 12606 13058 7421 12874 1160 17488 5230 82 3376 18750 18928 17930 5563 9258 8408 13955 18023 9155 3539 17368 4279
13585 8774 13275 10351 1917 12723 3272 8221 128 69 3133 8659 5616 5123 18591 15510 18694 19044 1019 8685 2988 2434 7992 4687 3945 17743
12400 3800 17216 11984 5481 18729 426 15234 6343 12313 16499 8046 731 16792 7509 8611 15238 19551 19995 16025 13981 8177 14413 17772 3087 584
4078 4060 5578 16164 3762 12608 10772 3338 4919 16571 1581 17968 17366 2802 1010 12452 17229 4790 18176 14426 8065 8432 19114 15360 11136 575
6118 14231 19257 2182 5361 19285 1445 9572 13052 14370 2254 11795 16694 16480 18018 6780 3237 6962 5446 4405 280 8902 9783 15410 5555 10484
1011 901 4047 11685 14783 7316 11370 11663 7313 6933 8739 755 10743 15208 16082 16753 7593 10254 4918 6404 11239 10521 12956 5297 210 14922
19766 363 4083 18038 11809 16629 8020 16772 2146 16035 3732 14595 7659 18708 19224 2499 6336 2424 1375 5860 4167 16185 11792 14321 3991 3182
2564 19981 5080 16790 13333 2382 5342 17360 19520 12635 11737 8148 2884 6840 10565 3863 4063 19000 18289 2218 11998 6582 11738 415 10388 173
18135 15900 1880 7656 18617 14113 8679 7455 3759 14416 8838 3901 6304 3207 7521 11883 1376 3990 17861 8905 184 14640 10804 9968 2347 16148
10667 10858 2105 5181 4481 15046 11148 10213 3497 18613 16507 12817 15815 813 7270 13815 19207 12957 7034 10234 1662 5554 9739 10761 12359 19970
16239 17364 17449 2400 6763 8105 7802 15994 597 19142 19730 4573 11007 775 1393 10693 14835 12847 6820 8127 9919 14472 10976 736 10798 8414
18517 5631 15587 8803 12860 13532 19060 14873 18260 6353 2745 745 1070 4004 8693 10520 8966 6715 6774 5994 13966 15676 18103 8866 3988 17314
7321 12712 1051 15350 12749 16773 6331 2018 9399 13967 19777 4305 19323 12615 856 12750 8259 16101 11867 14107 13069 13993 13961 14694 9111 18991
14825 6987 2052 19866 11374 5175 6305 9973 9613 178 10259 393 4677 13183 14691 15320 11257 19744 6119 1109 12304 961 5785 12616 11920 4716
1803 8477 13094 19586 19669 3164 15983 8104 17495 17963 8601 12847 281 4248 7571 15099 8208 7471 7825 12442 11548 7200 2271 19864 18024 17545
2359 4160 17291 12648 16162 16453 8074 12947 4292 1879 2530 10617 10252 17694 3878 10462 5821 742 11009 18188 6631 9559 19719 7349 12441 13140
18324 18094 8174 12863 4655 12383 9909 13753 6568 16390 18255 7352 17486 3637 10791 1169 7353 14376 4636 13207 15964 8395 15447 13879 15627 18663
2087 8183 17592 358 13175 10539 16223 19344 6386 13731 13174 9184 15226 1354 14192 18143 18184 19035 7710 3230 4099 11250 16374 12772 12085 18679
1625 12515 18438 8105 12402 2926 17425 8926 10797 317 3885 19125 19212 11804 8504 15344 4015 19933 11072 10296 16828 7787 9812 15297 18943 11323
13781 1909 16615 9445 19262 15557 16642 17744 17965 13316 17381 10261 16512 17563 17616 5068 11935 12541 15192 19817 5128 776 9981 4183 9594 11881
10830 15057 9549 400 506 13618 19135 9729 10978 5134 12678 17375 11657 13978 1921 2185 19670 14923 16274 6495 19155 16718 5928 11960 19234 9640
16351 14450 714 2472 7579 16194 8080 8111 10108 669 12684 14191 529 6125 14640 9678 5593 5569 5512 9504 4541 1410 10121 19919 17944 4380
12338 9371 4737 5773 8493 16208 7300 10740 9477 454 10251 17533 707 12363 4761 2668 1914 4161 9208 6745 16851 2048 15260 14377 11433 4544
10044 6030 17870 10498 18989 13063 16957 18739 5979 4324 10896 14425 98 11480 9266 19196 19265 17867 11243 12635 19 4336 11814 13508 3848 450
15917 1182 5452 17321 12678 12043 10085 8107 6627 12657 5995 17076 17769 14079 10523 8686 744 19169 14721 19110 11200 17096 8820 10219 9186 2295
7985 3625 2138 9233 5307 10813 5736 12351 13022 15371 3393 437 18970 1817 14016 2389 2665 14953 18680 4888 17021 3832 7759 11416 14192 15631
7357 12739 12803 3087 6938 14143 8596 16652 11232 17926 6997 993 13516 17081 15817 12019 9082 18943 17162 16737 18746 16757 2327 3014 3416 15992
4982 15056 1408 18466 8615 11331 19209 19679 19941 16284 1681 17443 17390 8249 8330 19691 1463 18276 2189 16264 12721 16771 15433 4939 12939 4156
1047 17915 13901 4561 17186 17367 4151 5809 1930 14028 19304 12578 3060 5934 18008 18239 19413 3723 12118 6031 851 18855 2178 18779 13530 5635
12572 11610 14175 4297 6639 10588 1673 2659 13785 16839 6728 15214 4736 9419 6498 15415 6118 14189 19648 7621 10082 15168 19029 15199 18744 9484
8111 1822 1891 14853 3717 8704 18380 13811 1735 12364 1861 9393 15495 2517 13660 1283 10367 16394 17095 6165 9477 15126 11744 2751 15250 8378
5932 5051 17678 17082 17110 2431 12047 4747 14480 2527 7358 4441 13882 19995 1808 19238 12922 16584 15544 17325 2251 11726 2026 10281 3536 1620
7366 6371 16168 14157 11548 10259 5847 12149 12157 12299 15606 9160 2988 5538 15303 14197 7268 6171 17758 3751 7373 5702 11719 6607 18226 10706
2667 6854 19392 2850 17709 3926 8962 9870 7206 16932 18913 17609 5687 4667 233 1677 1010 17830 3281 18381 2349 1479 14863 5903 15576 13749
9072 17419 4328 8588 6784 5455 15458 4652 18204 17296 13488 12983 13720 8846 517 6839 3502 7179 4839 3343 2478 15451 18365 3274 1288 12269
3857 13261 18831 14830 4022 9470 10646 4769 13230 12006 13071 14993 17764 7137 10914 11737 17671 12169 10763 17659 18700 8973 3157 19971 5602 16888
5054 1079 6137 1853 16256 3689 10143 10750 637 13666 11139 365 15480 13165 19964 17055 12495 4251 1391 19947 1375 19453 41 11876 15089 12394
15334 3210 14591 1363 8147 6307 13050 13856 6326 15036 749 4316 15930 8656 1553 6898 17157 13203 7058 16565 8561 1149 16303 13526 1392 6651
17898 12394 14393 18842 8237 5781 17451 3172 10240 16488 12820 3569 9808 12161 1476 12996 14839 9070 2982 5415 13273 9904 12633 16452 18376 14459
19098 9289 4101 19254 1637 11472 5920 11553 322 13859 3701 18532 5770 9137 16723 6862 11983 8277 18085 1241 1289 10405 7155 3084 4836 12939
3597 17020 18752 9419 147 7301 17109 1554 14002 9217 2249 9354 13824 14453 19253 10454 12072 9667 11742 7845 12212 17537 17252 18506 15541 17273
6237 10308 2318 7342 620 8411 18481 6771 6338 13597 2538 3420 2149 11621 17515 16212 17962 1523 17696 4042 3311 7306 17158 19602 4323 18748
1828 15636 6891 15855 17294 3845 4043 8741 16324 16 5636 7877 218 7349 16704 5006 639 18881 9695 7459 14961 6977 3381 19996 736 11823
17323 19115 11570 13968 13122 396 17349 7983 7859 14160 7098 4843 3608 17173 19470 17246 13297 11405 7426 567 8297 16456 9540 15579 12487 17589
4949 18740 1042 13602 18073 7158 9969 11128 10891 18690 2925 4982 12494 4178 13680 15763 4616 11179 9059 17153 8974 5025 228 3693 9874 18966
9406 10764 11319 2807 1856 19733 3136 18158 6199 14450 13870 12476 4563 9098 9571 11035 19890 9549 3272 14642 19220 4475 100 4588 6994 2690
16805 5283 9729 14130 13986 14494 1201 8320 16048 11200 1337 3608 10096 15585 16603 17691 13807 18817 16574 580 6529 19957 392 3361 9520 7279
8178 14017 12023 18169 16305 530 3008 17879 745 5744 1521 11126 18572 8110 11791 2321 6352 15110 13573 9783 332 3011 4514 19810 3507 8211
11367 8354 475 12113 8411 7018 6482 9612 12775 18489 4124 9704 6236 5088 9323 15567 16689 5259 1659 15492 16808 17837 14566 15001 9597 10676
5092 16697 10841 11362 12923 7210 15639 18172 8356 11785 12785 13475 5566 3535 12450 2208 1987 19490 4901 12784 6541 2826 8863 13651 8778 4838
16643 3835 11516 2259 7211 2583 5958 15983 18502 14585 8595 15373 13078 8362 17058 7172 7034 14112 11668 620 18272 4596 10691 10810 2519 16683
262 6966 196 9595 12210 10086 18973 8441 17103 7305 14750 18930 8615 1746 3978 14845 16371 7861 14536 5811 8317 13439 9763 7101 1230 19899
16307 5001 19907 4112 14249 17352 5870 7133 19857 18714 5345 1481 947 13669 262 6572 18786 11674 3698 4446 15151 13777 15883 167 19820 6571
7550 8362 5199 13023 1946 9921 9438 11013 18996 1656 16944 12008 16337 6620 15480 10170 15674 8440 106 8738 10485 6410 8521 12719 11421 13542
17868 14940 15085 8828 8784 2895 17299 17984 12646 18053 14707 18921 11631 11480 5073 6107 3339 14603 1084 15164 16705 8770 13287 193 19749 667
1894 15176 18695 15550 9551 10673 11324 6991 8840 1472 18221 17082 14926 14651 9762 19742 16735 14803 6712 14912 10683 15939 19291 2872 5198 6874
10909 17905 8307 13155 8120 11626 18973 7506 9461 2108 4722 12035 11816 10358 7389 1085 9892 8664 16521 6126 14065 10998 11764 18509 14929 10835
15878 10690 18654 5778 490 14944 6362 12006 8186 6375 9028 5628 5468 8763 19765 8497 14172 6869 3136 8972 4412 1978 18779 8467 10729 10435
13232 4011 7196 11409 10787 7878 8491 4067 7883 671 19855 7915 11541 1750 12626 17611 9917 13145 16153 12970 17067 13584 7576 17094 19510 15856
4353 5222 7978 14609 16256 12785 19888 3024 5174 16308 1274 2161 6403 12251 15864 10238 4287 2166 9784 10813 17701 10195 4020 7253 18501 8292
14142 3165 1002 6741 13877 12276 199 11475 15263 19914 10504 11486 14021 9863 3204 4921 19734 14714 952 18169 19394 17083 11291 14412 7699 4850
12349 8287 4619 18374 15381 2585 14121 11558 4088 18252 13571 16925 17481 18139 17654 7386 12612 16002 16555 3378 19328 3358 449 4160 13063 17044
10908 3197 5312 7097 17203 11342 1794 88 16814 15690 9199 9646 18077 5010 7052 8406 12360 432 321 9970 17696 10283 12508 9991 9945 2886
9212 1311 12576 526 224 15466 19755 9361 4301 1835 10163 10019 13116 3515 9619 10295 15446 10373 18841 19532 14324 18376 16583 2184 19264 4019
19632 951 5009 6338 6610 19753 16885 10208 3024 15373 12029 10169 1122 10163 12460 7393 7139 17447 2523 2933 3634 13590 116 18360 1214 9436
2278 16335 19649 8075 19804 8969 4150 17554 14433 7020 880 19467 11780 773 17682 3569 18825 4163 5359 9469 10230 11909 2821 6204 11043 581
365 6892 9170 552 17370 5142 5696 14058 2056 11528 18133 10427 5188 5755 18328 14298 1218 1890 10456 10705 15452 18558 10141 12305 12687 4682
6492 15490 4936 14640 2935 17530 7208 17066 11100 5740 15312 17671 16886 12260 19102 13147 13572 2929 8837 14278 4990 16065 3665 7369 8662 19839
17921 11119 14239 1966 10448 10364 286 1960 188 11354 17666 10720 1585 16763 11623 6933 1614 9450 16622 6671 12217 3814 8572 17064 1416 17139
10902 5962 17649 19071 7766 12122 6361 2447 19842 12322 13954 11924 10824 6705 8588 1211 1952 4834 11837 10019 19911 2382 3431 3943 6789 18041
11243 2773 18020 6079 12194 10542 9127 7626 3194 7765 3738 502 18233 7743 7283 13141 18393 13875 7865 86 11980 8875 9463 17886 15164 18060
17287 8597 1565 16584 2337 8941 2717 12727 6638 12229 9295 18167 11586 10476 10398 8470 5255 6649 4130 19227 4991 11439 6515 9117 9574 19793
4758 16854 3811 10771 19893 4856 4118 14333 16700 2249 1094 17698 13416 8047 11195 12003 13208 18243 5282 8410 10907 10720 7489 14528 12851 6928
4351 6753 8490 17666 10721 9554 16596 5169 17577 5292 16705 3585 11802 9453 2991 796 12042 5726 10006 13225 1820 13945 13651 17488 5920 4560
2069 18671 14801 7026 9838 2127 7592 10893 17699 17127 5602 3307 2515 10215 15249 16411 3218 6953 5224 1438 12968 6364 19208 7396 16072 18086
9480 18749 210 11210 15607 11548 1871 4234 801 12980 2021 4114 13139 3279 12865 8719 2497 16727 10944 754 7979 18066 10135 17900 6675 16317
13162 13182 3116 19017 13559 11834 5437 6373 18513 8259 7664 17258 18508 3079 14961 12940 834 930 16270 1152 7740 13894 9259 14896 5806 16553
16991 11217 5436 13365 19682 18551 7376 17957 14348 4119 15928 9315 6579 16018 11663 19969 12455 7550 18949 8737 16286 12449 13227 8391 6662 7534
4775 18499 3318 5871 1612 15319 10675 19767 17086 14278 4065 2079 13253 18859 8627 4998 14349 19231 6303 14492 2229 10100 10333 2778 11219 3240
1039 5930 15162 976 1860 11521 12509 16439 18497 17678 17883 19698 11322 16671 17435 12801 3311 3636 9451 5694 15917 10163 12607 11517 5394 759
17576 10474 1922 12169 16485 12425 10736 9159 13800 16388 2956 8598 14894 6911 4982 13949 13252 14155 12093 11566 1157 15979 19642 7317 9645 11089
18577 17586 9486 162 10357 15049 6430 17361 14820 14093 19325 19143 19065 17214 2207 17169 10909 12218 13918 8819 8954 18246 5742 19209 10023 15224
9801 14139 17307 9754 3099 15519 2621 13628 15348 14388 776 1356 18135 19370 14329 10777 2003 735 4231 13340 14595 7666 12496 6039 11742 2852
6225 14371 5352 6562 4119 8858 2677 8986 4277 13004 9265 18747 14216 16033 16840 19296 3962 17516 5375 10541 9749 1594 1833 7148 127 13063
19153 3600 14490 9449 14655 14940 9389 15009 1611 11399 13843 15259 10389 5824 18470 16529 3251 11448 5400 4423 11984 3159 15684 3002 3096 3806
967 15088 7700 19689 5330 5018 9675 8963 11477 18875 18256 3498 2609 5079 11635 16020 17261 3308 15321 5116 1003 4283 13412 15794 19126 8194
16049 2130 7276 11622 1602 16160 13413 7120 8922 3412 18522 19281 13612 19488 735 10807 3031 4660 18659 11299 9769 6681 12928 8986 4542 8703
17376 17650 5676 14562 9313 9417 5367 6047 13442 14889 18018 16338 16212 17058 4387 19459 14054 10283 7389 11943 13903 4828 2214 913 13857 16530
16471 8374 12895 19751 10359 6138 770 9934 12507 16986 12767 770 15056 5629 9005 19165 16437 5020 205 8147 18892 8639 4964 18430 14404 15213
3519 4797 7451 15903 9769 3552 4324 5887 2150 7995 7775 8974 14584 714 17885 14534 8397 11915 11278 5278 14491 12102 18836 10621 15389 16504
2476 10458 215 19486 605 13681 10177 9350 5231 2486 18956 14727 8256 15625 4126 7291 665 11998 19943 3887 13089 19678 16445 564 8822 4365
16051 3426 2424 2154 17524 7876 18717 28 5374 13994 14158 5985 9935 11451 18747 9552 1386 19179 858 17578 18426 11400 17074 15713 3770 15498
17385 2157 5565 6327 5934 16335 6959 10321 1973 12758 11968 19538 1424 7792 12116 8969 12281 10062 8588 1968 10054 10060 14013 9058 10405 4525
6480 1941 15921 9441 19636 16766 13991 19379 7985 8063 14039 19506 8432 10352 17495 18493 9331 2615 6918 17192 18472 3052 14147 14835 14800 11636
9703 2363 7121 19802 16610 8860 1811 14265 15129 18189 475 5950 17887 14402 16755 12779 8562 1708 16917 14665 6665 7460 699 15162 6833 10436
17091 6723 10169 4042 16046 650 8858 7451 16492 5350 19092 963 2869 13895 5987 14425 1911 14519 13859 17909 19853 14519 18333 14351 1959 5651
14665 5873 7877 4679 5435 17464 7049 8987 3794 19713 17758 16057 11401 4002 16144 8631 3726 17129 16202 16862 2317 1122 3079 11809 6892 13501
16184 7713 14874 5329 17092 1601 14430 12179 1930 18050 15563 14419 1531 15371 14230 4714 12185 7209 2656 1832 16528 13472 252 11121 3175 19545
10119 14628 1439 6936 3830 11153 2818 1417 3302 7630 1992 142 12701 14316 16747 1300 5467 18072 12096 15366 4156 2434 12290 2443 7078 11171
17880 6589 387 3978 4640 14817 7309 14218 19656 7694 8689 16249 12214 5151 12080 18174 7689 7386 8460 18830 3142 1776 10748 18993 3458 7855
17609 7092 10275 19680 18852 8015 4814 5025 15968 19890 17537 6395 10566 11691 16389 5835 12335 8716 8297 3511 12589 6030 11816 7325 17519 17485
10079 4091 15191 17665 3833 316 13339 14503 19120 14210 12009 1142 16284 19516 8831 18499 17 3514 17521 16207 751 15518 17706 18771 1890 11289
15374 11899 3005 17544 4614 17758 10540 13124 13778 6864 19426 8293 1212 12768 12481 8918 8763 9617 14587 18006 18879 6845 7588 18576 8140 15609
12206 12646 2405 1985 13688 10024 10899 3900 4288 18617 12369 18100 14029 5871 6869 10157 3642 15210 2482 2803 15672 5189 6990 12417 3598 11749
1804 17218 7552 13931 8282 16219 8376 8537 18122 6997 906 10109 5741 14565 12223 17910 5451 16863 2222 11649 1342 4162 14599 12303 11525 14763
8385 6231 4637 9094 11466 9087 3968 13592 18162 8052 6688 10470 9304 3291 8732 17665 16022 294 8308 12748 8676 13535 8032 601 6692 4844
16447 12148 18226 14773 129 9939 16959 12437 19809 3086 6231 10757 6532 14350 16121 417 17976 5564 4147 15297 17472 18918 8545 5607 6215 2783
3349 4653 17573 18398 17109 13155 17081 6999 12106 16286 18224 12368 6410 2942 10302 9525 17052 17128 10529 16414 14622 6244 13583 14903 3358 13892
14396 3076 13873 12541 9090 8317 6400 6018 14694 5551 8754 16519 664 5271 1395 15084 6716 7128 668 19658 19051 5055 13740 12018 19264 13218
18005 8990 18431 5311 14251 16567 15989 15877 1587 13849 7331 9506 6322 13286 9732 4215 14404 11864 14607 9727 7159 12103 13645 14958 8162 8652
11966 10378 2951 5261 16282 5489 1519 6801 11431 9683 11399 16433 450 11931 211 4578 4638 5255 13772 8027 6360 10384 19512 16827 2990 2617
2769 4835 12388 16999 7637 10705 4246 5026 11064 11132 624 2905 12936 2989 11183 13240 12290 38 19866 7881 5747 3979 1788 6374 8991 9490
13721 2233 19980 3667 7666 1086 3650 13599 13840 14500 14553 9971 3854 5407 15994 13795 17009 10006 13582 776 18167 16243 14137 7081 19344 3034
11878 3494 3977 4404 10637 4015 3531 16162 8159 13574 11354 1638 16058 7768 13007 1327 18464 17728 16885 2744 5757 5248 2241 4659 12130 10948
16584 4731 17403 1611 7093 16333 13704 1873 5377 19323 10210 11187 8098 19156 5556 9300 17152 16713 3963 14502 1977 15282 9951 5534 2730 16174
2810 9793 12717 16831 6157 9481 8325 12765 14847 5100 11752 3815 10213 5027 5283 9813 16693 11032 8840 17296 2827 7978 14853 6230 359 15618
5914 11308 4886 9137 8449 8514 18389 4250 18262 11220 1862 13978 11526 19033 7781 9775 10394 4836 7774 11060 5199 17815 6356 2663 9188 10025
4579 18780 14187 14688 1487 13558 17824 14029 19344 2575 2378 4033 9194 10086 8369 6440 512 19348 17078 3522 9557 12632 10937 938 11727 7236
5161 2654 7288 11350 612 18861 6241 5944 4628 15794 7021 8785 6972 11260 12621 7889 18933 18517 2315 6106 14248 995 7774 5076 13780 14013
10286 18655 16755 6787 10887 730 3644 6351 19223 16050 18698 9222 1521 6603 8896 5378 13381 14627 3978 17386 8975 19786 6152 11438 4883 12862
531 3424 8238 14622 15088 17180 15115 17382 11107 8322 17636 10005 13309 4950 11653 7098 3876 18149 5209 6615 5891 8277 8020 12756 16517 9518
18936 10086 15816 7782 8379 17724 14836 3954 2501 12645 191 4885 10673 17963 7525 9756 2143 11952 19323 6760 13070 1301 18961 4621 4453 11338
10286 14299 14504 13737 6638 10562 15856 9994 17691 2655 2759 15427 554 18800 6990 1120 16922 13106 3363 1964 3273 7775 11311 6458 6774 12361
19053 3421 6952 14953 5414 4707 15913 11781 805 14760 12869 16306 7665 815 6157 10692 5385 17347 2000 15878 13781 8587 104 3002 6984 18982
7003 3015 8768 13714 4387 11663 14678 8127 15666 15712 12205 9185 16526 3390 14312 16366 2739 14326 14160 8210 19659 3895 500 15913 9682 6277
17551 13359 19359 6592 16291 1286 7213 9218 9720 7978 2098 5403 19385 9307 17554 3911 8784 13066 14011 12350 9395 11025 5947 7719 1846 7127
5393 12565 1870 9803 12786 7320 1898 19898 19434 6481 1381 18410 13281 6979 3595 5207 8059 10583 5149 4585 15307 9350 14217 16394 1011 14881
16911 6693 3454 3882 8127 16623 8734 17436 19195 14312 15321 8829 3412 2440 7322 2280 9408 9667 19279 3929 15387 9024 2389 5342 319 12187
6237 10086 4034 19803 1468 10696 6801 10263 7377 14390 4854 3473 4920 19198 506 10174 19021 10111 2575 8677 9100 19065 907 6180 1936 3037
50 990 18912 10869 480 5879 3605 15856 2887 9003 11291 6103 11818 5408 16908 13843 2740 13368 7862 4596 8842 13702 4236 16958 12159 4487
8077 3630 7555 15126 16512 12405 13159 10047 377 18184 11246 16040 12653 8126 16896 10258 5138 13538 17787 11736 4398 1702 12080 3911 5746 17104
1516 11189 19870 9555 6896 5358 15833 12195 8830 17630 7360 15552 11612 1675 19097 19331 16619 7113 11912 19282 5112 14400 7767 8001 16999 18230
8936 4526 6339 16539 11708 13047 5238 15337 9014 608 19193 13224 16636 17508 7259 11237 553 45 13875 6786 16205 18499 2448 18493 4301 9878
14895 13758 7360 13900 11278 15124 15736 7965 15386 4726 232 2615 371 11499 3070 9596 14526 17340 6233 13579 17243 2538 12649 1973 14652 18171
17361 15512 18983 5402 13157 12679 11757 19684 7755 2714 17429 6655 63 1306 14586 9291 5243 9427 1633 2262 4077 11041 4750 14709 10262 5633
9316 803 1474 13714 7277 16678 1276 7402 1378 427 3533 12319 12845 1095 8014 19911 10320 9114 14440 11557 8750 0 6982 12064 7823 18312
10961 11298 19231 1700 6405 10878 11505 16279 6735 10320 6865 5063 13702 8899 9834 6369 8344 4984 1462 6297 13935 7125 7221 12544 6430 11557
19587 15834 1380 10171 17179 1812 2128 9606 8660 2749 13889 7620 4529 16899 14799 9120 12581 17987 11789 17120 5763 15725 14253 11305 19118 12072
10038 6842 16746 8691 7411 8686 3593 10856 12475 837 3280 12099 18359 3271 12808 18731 14372 19272 11361 18610 16617 11809 11776 957 6262 2234
7440 11144 4496 9562 18817 12207 969 4035 7555 7696 7635 9364 10160 15930 5045 3802 16300 5092 15610 11022 4489 12389 17821 19395 15698 9462
18945 18075 4581 8694 6238 10467 16959 3693 6626 183 8977 2188 16111 9564 13876 5582 5081 16260 11693 14940 11362 16397 7221 13229 255 15502
9035 14715 617 18249 9688 7093 4678 2389 14171 95 10247 7831 306 4730 11698 6831 12756 9291 3438 5320 13471 15904 14999 15469 5535 13321
1068 14794 17140 16646 14062 3908 9213 19126 12854 3780 9495 4638 9874 16879 2812 2664 14159 18122 17299 5830 4305 1830 12028 15348 15783 16588
15279 2676 3148 6644 9130 18342 1597 7242 16034 10797 10318 13947 4661 3657 6063 6083 2001 2332 7074 14928 6844 13861 18429 9524 1678 9257
9722 11324 3223 11789 14515 8102 1969 1787 1655 12107 14602 7994 5450 13131 16919 6104 10922 12791 12627 19719 14944 15358 7645 10795 1121 4598
4806 9349 13847 2396 19601 6241 5901 18195 18086 5961 2683 1908 5870 10213 7944 10616 2729 14911 1030 727 3672 14548 19601 7277 17107 14405
1411 2252 10704 17176 18912 8417 17052 16718 6693 1409 13600 636 18824 18875 14868 9081 6878 14226 8528 16539 10782 14856 14349 5719 18634 12034
3843 13353 13571 2353 17456 15172 18177 15774 16208 5397 15315 15809 7468 13490 13237 6970 795 16161 6445 4906 3931 2916 16469 3811 13010 13563
18812 8978 13931 2318 19793 13955 6628 4244 17463 11786 7996 10357 15508 5733 18716 11791 10114 11746 12570 17289 14723 9449 13317 16535 18978 2765
18994 5202 605 12084 19815 17659 12615 12605 10412 19221 3428 5508 11000 8558 16638 13536 2586 2666 15002 15420 305 330 19368 2940 2383 15170
2520 3676 16223 19825 19720 4137 14612 13523 19616 9951 6914 19550 5977 9609 8750 7050 16695 14890 2650 11355 17293 10440 10017 19839 13329 992
13683 936 8274 14830 1728 14573 19862 11804 6814 14309 6618 561 10317 9780 5079 12387 9812 6152 8173 7567 9419 11195 17095 1724 434 17709
8803 5500 5800 570 15454 14688 3730 18567 13642 9487 14783 2031 14970 1307 5622 11759 5203 771 91 11108 9512 2960 8272 266 6540 2657
17429 4459 16148 4007 537 458 11952 4695 8962 16176 18104 11406 14281 18845 2723 11442 8446 14788 9650 1599 960 6062 12040 7686 2106 9535
6458 16272 18219 2463 4931 13877 11094 3638 15216 2920 16247 10712 804 16180 14827 3439 2237 6371 19443 18772 14822 8747 11694 17436 4908 8824
14924 14219 11849 3649 922 16639 15656 6189 16378 10773 13847 18188 19101 4897 1981 2675 13919 11104 17242 18923 17147 3798 4712 11398 12903 3135
204 18372 14598 18595 14928 249 19549 7830 4967 19915 8506 10484 9190 125 8096 17508 5284 18083 19161 3815 13840 2354 11133 4640 7679 18692
10185 19406 9079 4468 866 1358 3777 3422 7587 15852 6739 4827 6431 15313 7871 17169 1957 18116 14232 11315 10132 12921 1526 19315 16071 19953
13043 17110 11823 13683 13232 8932 16954 4251 197 1390 18413 9131 2943 18415 7194 14949 16208 14047 7410 3588 5296 17725 3926 8183 286 5851
14109 10735 11211 14715 13381 7064 1698 10403 17385 15599 4229 7925 12279 1569 5962 13707 19404 10517 7576 16490 5845 462 7942 18739 12103 17312
2644 7542 18207 16004 14636 18164 14430 6781 12823 8726 16097 19614 8223 5276 11040 12256 13007 8209 3407 19443 5246 13254 15965 11298 16630 2354
8892 16990 15473 9899 8071 11169 14818 143 3205 16765 9360 18491 5847 3739 16893 3232 12095 3055 17085 2956 18922 13289 16660 14538 1793 14503
1205 13647 7603 3357 14926 12558 8698 19655 3005 2928 6908 6501 19963 15511 13823 4215 4914 9798 15177 14353 9143 3938 11213 681 15639 3826
3930 9780 14708 11055 7234 9415 3635 5039 9205 18464 19766 19973 10205 16156 14267 6139 9610 9255 7650 6083 17632 10949 1760 10151 10285 10064
4085 13397 18124 15856 13532 9992 14546 4955 16026 9713 4794 18130 19775 9330 10428 5474 16224 19285 9102 5773 15099 5536 13388 5307 14911 14454
13272 18 4903 6345 1207 18107 16229 4121 9981 3976 10194 12429 18420 9065 5858 12293 18923 15984 10352 11372 5398 11155 3542 7189 16210 19344
16007 16811 9582 5352 14060 7940 2480 19032 7309 19088 2451 16999 6427 13575 12117 16730 14325 12145 15239 6865 10627 8289 1028 148 19469 7277
