365
41 16 83 45 6 37 10 72 62 72 7 27 64 19 9 48 75 62 74 19 29 8 66 57 24 79
8305 5628 17447 4070 10804 10035 5399 9091 6978 1082 18002 14346 1208 9032 18340 302 13020 14651 3660 14027 6894 13791 13970 8897 17770 2230
10546 4950 10465 10621 5597 13784 5220 218 11620 15533 3704 13428 4933 6483 12947 16984 17809 2756 10982 2917 12720 6546 8319 13759 9205 6120
17627 19915 13366 1852 19514 5046 12301 3941 4593 861 4339 12975 3820 13279 8712 10964 4835 11095 19676 972 5925 9840 3820 10096 5909 14668
15231 15511 1179 11582 15230 2930 1474 1644 12676 1812 13145 15430 14144 14807 8771 5992 13770 4803 4519 13727 5093 7199 17491 8493 19423 18806
2253 6326 348 16294 19446 14016 12530 7803 10420 14073 3464 19344 10843 3300 13372 9131 1447 1944 14404 1949 7907 12495 19911 19432 3414 13025
12433 2371 18030 16477 5096 19861 16950 19256 7297 3486 169 1896 9526 5097 8867 3913 6185 16481 5251 1606 19571 6184 12540 8422 215 4973
16086 19372 15831 16216 12044 7595 17715 3361 7874 8215 18161 19780 6261 12920 17696 14994 16062 8868 11545 7601 14388 16023 4527 8766 9790 15238
10330 10276 10367 8082 508 3256 7794 10478 8159 19551 14318 14590 1772 852 12832 19221 6167 9982 14005 4621 3279 16976 2210 8512 13924 15685
13262 13710 8204 18327 12207 18485 5533 3724 19567 3771 3823 14694 496 4961 17947 8365 17764 26 9459 5344 2752 19104 1934 5317 564 1419
2281 12145 9563 7153 1882 17538 6966 7237 14793 19075 19028 14049 7503 10471 17382 14699 3721 13583 2972 3141 7968 13757 19504 7559 4020 6392
2949 19891 601 14434 16881 5653 19367 10566 19878 4817 1982 15670 9433 10102 13126 8882 6795 13348 12957 19161 7386 6444 19296 6366 15954 5188
19205 7416 10682 308 19789 4860 3596 2167 11505 18727 19259 14615 8815 2727 14508 18119 7695 2177 404 13276 3025 10183 2451 19582 4326 304
9788 13802 19661 3171 9915 7842 2799 5728 2946 4568 10516 11890 4991 11774 371 8809 9400 167 16485 4759 6422 14629 19610 6208 18931 31
14988 12604 449 3297 460 10267 4043 12585 14909 4117 10097 4899 4544 15076 18966 7451 4014 9489 11307 9082 5812 9716 6409 14507 2683 6231
10573 4885 15809 10739 9902 16254 19075 10974 8238 6361 6642 514 12495 5283 14493 19214 14259 16920 15523 4376 7031 8939 11381 16295 612 10136
5159 18450 2985 14138 1028 12865 6043 1465 19809 2395 3115 9055 8240 15102 16064 8379 10836 7157 11098 299 16571 12239 3021 17199 12561 8727
9096 11492 18857 17865 3129 3246 17271 17153 4015 6449 6275 5213 4606 4405 11059 6294 4062 2379 11501 7662 6885 3608 4411 19691 19986 11741
3445 510 15449 1529 16542 10356 16659 9326 9541 17084 14032 10851 6822 5981 11194 17299 278 9549 17411 5599 2938 14496 14925 11141 5526 9550
12060 10643 8202 3897 625 2039 3248 12053 9866 15184 7075 2209 19690 19795 13928 4999 18484 4139 5837 19721 11561 432 9637 471 17344 3447
9238 6052 10213 5706 4201 681 19307 10031 10734 3144 18215 14098 10818 7650 13247 12827 15648 9510 12795 12463 2542 5497 8606 4537 10692 6868
7671 18261 8523 7862 10812 13320 12371 8111 16897 15988 12122 11854 7202 10064 19602 19607 15251 6792 13110 15291 11357 6308 12059 7878 470 19950
18326 14217 15322 9781 8010 15984 1614 12015 6391 15558 18023 6896 3802 11077 13503 8042 2905 1135 10641 14025 18413 7088 2349 9586 599 4503
17411 14561 5743 7089 6988 5315 2701 11758 12155 18629 415 2970 5935 12620 15711 12033 6856 4111 9031 1638 19258 2731 6068 2968 1966 12813
4492 12435 19751 18052 4666 157 14201 7026 3899 12628 2237 16362 12004 3974 1247 4489 17765 13780 7631 8109 19120 5284 379 12301 5182 7974
18518 18972 10183 19198 5814 19265 5704 16682 19913 6056 19325 14749 18294 14197 960 19879 10559 4527 12594 11789 17519 19556 2165 10319 19915 6559
16447 11123 4816 11918 12182 14074 970 1903 17108 19453 10730 11971 11530 10842 9046 13390 2961 19292 887 10724 7121 4733 2670 3484 14867 8617
12505 6184 19080 11137 14297 4648 7403 898 12378 12734 7034 8909 10112 9442 6836 6733 19981 10330 2762 275 11694 14070 13241 6146 3 13996
7866 2066 8402 14063 16850 1985 15274 4615 5279 17765 9719 19637 316 825 12734 3144 11716 6265 16791 19202 11575 3928 4354 15871 18705 6951
5181 3724 431 9873 18815 11606 14223 15181 7013 9685 13565 14854 862 11325 11488 2432 10368 16063 3916 4239 17772 18842 8450 9106 16710 17411
2715 2621 12178 12606 3263 18811 13768 7963 18449 18847 16397 2854 6005 17056 330 11392 7057 646 12374 16337 3874 10829 19431 17136 9353 2094
16778 16754 9693 10351 15689 6461 7658 19864 2785 9096 1972 7116 18158 3697 11073 13850 18643 11459 3412 6053 7012 4546 7409 19890 4118 19366
1645 14699 15624 4604 7146 13335 9097 13002 615 5551 394 17983 3271 5581 685 15620 16722 2811 17951 11395 6474 18000 11943 1786 7059 10632
10923 11367 14671 880 19215 11504 13599 7433 19900 14138 17588 1338 13702 9188 4563 13428 18495 1985 1356 11783 9907 2203 3999 7644 3040 12289
18430 4957 2020 18607 8454 2066 9004 11061 10722 4830 2658 8911 11246 15525 15389 11487 1711 8995 455 9714 17114 9763 16563 11993 1283 4042
11949 18841 9473 11528 11010 8227 6002 10989 4606 11316 7863 15984 8078 16530 8558 4824 12104 17732 1280 12850 5614 5288 12695 8757 18739 14600
19417 12388 5209 17554 18968 1518 14843 12323 4383 16263 1450 18118 16430 1385 4260 15933 18755 16596 6118 13734 13810 7271 1252 7356 11601 5957
13720 19147 19586 6814 4122 1576 15053 3490 6538 11139 19302 6752 4339 14928 17976 14223 7628 8347 7379 16384 2269 19563 1906 4514 8488 1235
13302 3224 16673 19943 11385 12097 3440 4140 19674 13086 13481 17968 1926 12850 8592 1233 2707 1911 19693 1372 401 13826 16460 3238 13716 1792
5528 16411 11174 12652 11226 4869 13603 12827 11286 11077 6736 17082 9852 8121 4341 3218 11430 6480 6192 1028 4700 3791 16779 1315 4253 4072
13233 17634 15618 3610 57 1452 10763 2265 10777 9609 5703 5906 14124 7210 6701 13824 8295 16470 9635 3720 18329 13357 5724 1955 8105 16075
19543 14733 19182 10554 7830 19756 10900 4638 12510 5901 16804 3758 14461 14935 12395 18040 4479 11255 4835 14216 73 16025 12760 3953 3365 19073
7929 12233 19772 5250 12171 17986 9980 14192 13947 12949 11655 16476 5274 15011 5304 7648 5777 6615 2284 19444 5719 1156 2053 2488 12907 9842
3030 10634 3512 6584 9576 16210 16730 13252 4255 13243 14379 12140 15681 2474 17754 9884 9439 19454 18432 12955 7478 19818 15622 14696 2095 4475
9434 16928 9771 6758 7172 16081 18131 2980 14989 78 11663 17518 3580 17168 10826 2582 11368 2382 1635 10799 13736 3722 3727 11212 16840 11825
9416 10570 2845 11462 15337 10598 3835 3904 18619 9617 14224 10021 11700 13410 17647 3657 18981 541 7005 18752 5094 16872 10156 4178 14176 1240
699 15486 16402 8623 3444 18230 15110 9899 2183 14348 19173 5774 8066 3887 9423 6161 11192 4975 12666 14902 10427 2027 5347 18406 1749 14770
14633 12938 12636 18856 12620 8347 15002 12833 8083 11887 781 16792 19018 18749 7216 2496 2597 14443 17844 16749 3053 634 16508 8916 9659 10997
2414 9478 13747 11609 14587 10510 9626 10630 13271 6011 12257 10028 17527 9887 1279 19649 7733 5869 17870 16120 3769 15215 19231 4124 14457 856
2491 5531 789 8346 13434 7765 1623 17781 1405 12552 8142 26 1106 15204 7187 2279 15601 18768 10635 821 13190 13646 12906 11257 11213 17084
11810 14776 7300 2323 17529 17139 9257 18553 13066 1139 4304 4883 16013 1571 18531 16717 10890 6688 18163 2470 12292 3998 11037 8967 11201 6849
12463 13375 4029 18055 8819 1443 13603 6146 4700 10900 17156 15142 9826 10516 85 10820 3180 8165 3502 16079 8742 10600 6779 5868 14659 157
15127 15319 9606 14548 4319 5517 9709 12024 1237 1550 19855 9783 14085 7584 19446 573 6856 19343 1452 16002 3062 16922 16379 4239 5011 10522
7730 9199 5113 846 4421 13939 13618 14561 1329 1244 12627 6765 14724 5539 9494 13280 1015 2479 17100 15813 3063 7311 408 4677 1160 19342
5072 9346 19377 1649 10451 2283 4722 5436 18747 13212 8823 17898 1060 10590 17056 194 10715 12267 8239 4587 582 1081 5388 17582 4277 7737
14698 7237 16572 6295 4854 15583 17751 17736 10296 16874 1597 13059 2386 8395 15448 8994 2976 9628 13166 8748 15634 17800 16253 5855 2694 2093
6025 176 16007 5158 4750 17140 2028 78 19374 6767 12070 3593 8620 4356 10370 19767 19787 9271 11958 3541 15079 19735 1915 12814 11591 11817
9216 17148 6219 8417 13559 10987 5192 18345 16808 13935 12989 7263 14346 7285 5778 5 78 5836 6775 1204 10474 3002 6798 11581 11883 9545
3807 8699 1168 9950 17673 12015 8655 6130 15589 11672 12270 6520 9220 19773 2631 6950 9917 14118 6324 12365 14714 17047 12718 17628 5375 11873
1577 3818 449 7543 13007 5339 12704 16927 8451 9180 14344 10337 12060 17705 5460 2951 6491 13998 6174 8708 10392 19850 15444 5948 4100 7262
7787 19132 10750 1472 15742 11910 15013 4520 15310 1358 3218 17213 838 9873 10430 8410 14220 6748 12690 17871 16334 9279 17156 19619 18234 3016
18516 8014 7200 7992 7117 15728 17895 19632 4188 15815 19725 11166 536 13400 11879 5924 4508 5195 7852 46 2160 9453 18301 13925 16430 7817
3848 17044 16821 6883 18253 5998 9850 12010 5008 5973 13148 11266 11082 8148 5138 74 3961 7223 15310 11 17478 12617 15865 14682 7285 1234
3543 19646 3711 8345 13965 4111 10290 6015 3884 4702 1546 4363 2662 12412 11615 9478 17862 5389 10712 8987 12466 7784 19437 15281 17196 12284
7728 17594 2834 3769 6170 8161 16683 11149 18307 12944 16332 778 8300 11657 8881 17384 7242 10297 10308 15169 14271 5614 1117 5904 13106 7381
11462 7841 4410 12747 17746 14518 17215 892 6418 2107 9545 2299 10686 1205 9620 12757 793 12212 17968 5398 19102 6224 3513 8597 17021 16139
14624 19146 2674 6479 6885 3013 1296 2409 7844 3508 13901 8845 14623 8464 1220 1111 7261 12418 7830 1257 6161 6697 3421 7869 229 18164
13135 9112 9980 2979 12802 990 8364 6851 10665 10686 4245 19615 1281 2412 1909 7012 2859 8682 6422 13562 10558 17778 17018 13031 14916 5416
6475 13751 17269 19263 18739 12844 11931 10577 13928 15058 14882 8882 17193 9041 6276 14129 6017 10955 14216 9257 16937 16739 2530 3793 2645 564
18451 15555 7702 12422 18685 14541 14044 15565 14761 11117 3165 17429 19869 3738 10736 12729 1764 14600 5296 14202 5424 13009 9259 3367 16299 17188
17975 4629 365 4716 2249 1548 14867 4085 12916 19677 9912 9886 11626 6965 6499 16462 12309 13121 7455 7751 14216 14788 12867 19097 5818 10398
15477 14703 4803 8517 16277 3405 1809 9644 6804 16616 12704 12018 17263 2415 10475 15146 7592 6078 8750 19526 21 5371 9349 4014 6350 2069
474 9953 17127 17561 1385 14255 12847 19689 8705 13351 3427 11184 2332 7403 6901 9195 16466 3594 16278 18968 4819 7896 18501 17979 6926 7213
16167 312 11237 14568 5740 8350 14661 15300 4914 9044 7447 15820 16329 1316 18211 4621 18609 8875 6497 11006 15055 3143 11254 11886 17728 11922
15448 18422 19217 11998 2921 12772 9739 2933 19806 17954 4294 4576 8308 14638 11149 4269 13953 15014 11591 5504 14428 15325 15571 12920 17215 4675
11229 7185 3280 3707 16167 6484 4815 18448 9787 15811 14096 12704 16915 9881 4752 16908 19395 6062 5703 11527 16927 19640 17507 8853 5139 6710
16851 16371 14735 4139 11759 10111 14022 3308 12426 5067 11042 10927 7830 1318 7554 3591 4518 15481 16651 4775 626 7349 861 17599 17308 12197
18609 10266 5428 207 3788 3975 11385 10548 6236 13230 15459 5376 10805 14930 17861 3895 5767 11108 764 1781 1417 6409 16794 12909 4985 15617
2579 16719 9802 2297 9228 5782 10467 16017 6521 4094 14950 18205 11122 17310 10598 1167 5700 8797 17661 7558 14351 17820 480 3375 16215 12527
11800 5781 2879 3563 5998 6894 4443 3969 17536 18729 18091 14691 13609 7968 17302 109 12521 2656 1263 18044 8058 7089 2520 6246 596 19886
19909 11118 1182 13629 1701 7036 19469 4922 16020 12868 4943 19390 2172 8255 13206 9388 845 14688 9740 10055 17484 7382 9201 8392 13064 19880
7367 1971 4578 10387 10592 9685 18998 7914 2950 58 2378 4140 12084 14207 12136 6172 7487 4938 15355 16018 428 10729 15712 7541 14130 15538
2036 18156 10859 16371 10214 15151 13716 15180 5737 2949 10907 7131 19397 14272 9106 1052 7856 19486 10100 5175 6044 6307 15534 15738 17652 2000
8954 16285 9881 18546 18874 19565 4897 13046 4120 6580 11599 14857 18959 5391 11546 13920 5453 16532 12673 15563 14839 3318 17927 7557 5958 18323
15813 3226 6477 7615 16874 12557 13427 19294 11749 4679 9916 1051 8583 2801 11112 6491 9159 19472 8443 1510 17894 3717 3818 4110 2470 13007
4524 2342 14973 10285 6215 12339 14917 13981 12579 713 10016 14481 1606 1394 19402 19974 7295 1901 2516 13017 15158 11379 6656 1245 10675 8756
3274 19427 6240 11808 12690 7275 11839 5265 7244 7611 8555 9430 4178 15695 503 3551 19446 15377 19350 636 6622 10376 16220 5979 12008 15308
9085 4998 8526 13070 8691 11363 18468 17301 14087 17702 14258 3079 16121 15074 8134 10354 14600 13576 14796 11626 11111 13045 10616 19837 9942 5185
14998 1028 18157 18716 10437 19356 7297 8605 3684 3517 5131 14617 19547 2198 19415 10315 13715 10947 17758 14900 16437 3538 13234 298 1640 630
13162 8169 7821 5893 648 2141 6446 6500 17653 4020 4079 12126 15060 14974 7633 16382 12143 10389 5533 1787 1814 16799 14051 15708 11653 18038
17426 1008 5790 2032 702 1739 12903 13315 16341 14135 7933 10816 6603 11459 6823 18714 3060 19069 18174 15208 7832 3011 10915 17506 5514 1753
6245 4720 18750 12251 10639 16373 14292 202 6943 2420 4199 19732 19654 14642 10916 12056 3323 18709 2978 10711 13674 12319 17272 10397 5239 15040
2826 5745 5274 1077 11809 17889 10868 14983 18442 18218 2224 11608 9467 18263 10588 6288 16212 9156 1312 6383 4340 17940 6478 9191 6540 9655
7033 16290 10343 13320 1095 9600 429 16306 6838 6393 7677 16667 16647 14645 18068 1760 6972 12424 6941 6125 9843 13358 3415 7987 5899 13436
61 3607 18897 8159 13965 16817 6152 10546 10361 5787 9771 9136 10142 14793 3486 8096 2142 5693 6552 8084 7898 14480 7169 1155 11844 18066
4987 14131 8120 10426 11786 6237 2497 11511 11787 16301 4720 7179 3746 18739 2182 18761 19623 5185 16991 861 13957 17347 18990 6556 4281 9691
4679 16333 6749 10197 10934 18987 646 80 2914 11899 12892 13240 15361 18388 15476 748 699 6001 15591 6174 6746 14151 6799 4344 12307 1893
5434 14396 17853 2227 12926 13398 19684 3442 4707 2044 607 11249 4674 11300 12083 3821 12253 1689 7649 13930 15107 18580 7415 4766 6667 487
14522 19875 18505 19659 12934 15024 10106 529 7606 18199 8610 17613 8217 2063 16269 10247 18146 11542 16541 15676 5703 6115 6269 19217 1034 1504
11760 19407 3303 16108 16995 982 8319 2 8260 5159 14720 12594 10237 13917 10011 19878 4057 12822 10637 5307 1289 11233 15389 19181 15179 4036
19633 2381 2841 12873 16764 13107 14318 8455 13545 14543 18107 18952 9670 12228 16257 18702 7202 19178 16159 803 17424 11416 71 127 11824 8046
19345 19845 17024 14095 3860 9617 7227 10543 1118 3244 13537 8944 19221 16017 8709 17768 1279 5267 9645 2463 4706 18219 587 3994 16623 1913
2985 5380 4647 9797 6720 4133 10519 12364 19401 5116 19078 13236 7850 8956 1373 12234 7426 10205 3733 12850 17186 15360 19496 1018 18330 2237
15383 10468 13352 12335 5099 14991 6048 16324 8638 8614 9809 18542 14136 4274 19051 8767 13190 6071 1748 15609 8919 12731 14209 13679 6504 7203
7540 15768 10297 12177 14529 1101 15537 2633 18957 11916 3765 12075 3083 5138 10073 2859 17987 11352 8293 12572 12223 1086 15063 16934 2570 8868
13672 145 15722 16167 1867 13643 16349 6332 16265 14712 12452 9619 14834 7503 4788 1263 3274 10652 1398 19730 11235 18717 5498 3274 16169 17573
8470 12048 14070 17614 6545 514 1463 11621 17950 5727 1280 780 4275 1345 18298 19958 9115 12773 10013 1135 17498 17443 17112 5882 1049 8655
13679 12970 10614 5968 14185 12755 9754 17451 7161 3730 6143 3653 17779 17480 19470 15976 283 6747 8777 2531 29 10386 9375 14343 4242 17181
5057 3583 3160 4474 17724 6173 5646 17749 17243 4830 836 13572 15504 16351 7685 19149 10400 8310 10616 16084 905 12696 18824 322 7551 6528
16647 18933 10942 12080 13947 6278 9631 1014 19284 11042 7222 17354 5073 6603 12507 3648 11892 6229 18646 4033 6902 17962 3672 16715 2517 5634
11867 8169 3333 12220 15772 10957 2271 4909 12567 10914 8893 7793 8927 16599 7149 16646 12820 10522 11296 10950 19705 14528 7352 17077 5358 6667
4401 2119 6405 291 1627 12119 12654 3984 703 7726 3383 19689 11658 16719 8198 15091 8449 7817 3022 16183 11084 8737 9074 14628 1228 5615
15446 6069 9239 14272 3131 10923 1223 3894 7581 2218 2048 6854 12799 6199 12335 12114 8237 3349 2903 14947 3815 8437 7241 8140 8083 13896
15516 15816 17954 15503 14923 18644 6347 10993 3498 10515 12966 9520 6873 2350 6721 2144 16452 6715 2551 6115 18391 3259 17502 5890 8555 5528
5478 18351 1192 13028 4986 8357 15641 10271 2121 9567 5249 8728 737 6613 4961 17560 19589 10807 16471 6769 3020 1839 3270 15627 16915 14088
19243 5249 17475 12882 14512 18118 16080 3237 2196 10687 12021 10694 2938 12032 3438 11235 7419 6949 14031 17080 3162 6526 5199 9731 15727 19712
6676 8501 17672 18813 9598 1028 19874 13631 18117 2339 19845 13389 1197 4881 16313 9280 2490 16583 11094 17460 7469 10111 2778 7531 11521 16413
19572 16811 9508 658 17092 19583 15378 16937 17611 6111 13536 2432 19786 1204 10028 4874 4568 18432 6406 11373 19853 4755 13565 5918 10857 2876
18969 6951 9439 2957 2839 17617 12779 12137 13064 11490 1819 5442 11351 3406 7761 7781 19306 15239 12526 9090 8086 293 13577 959 17654 4804
6086 17912 11221 375 19791 531 7447 18437 14194 3160 7182 9057 755 11438 2905 952 2738 3804 16375 13012 11695 18059 14791 7149 7982 6428
3213 8925 2922 726 3618 2296 17287 8360 3798 19108 12269 11024 12672 14052 17805 15222 13938 19858 16981 15309 3550 18247 5103 16989 12105 17601
13616 1389 16703 12264 14320 18819 3277 15694 13675 1528 3795 9966 5942 1166 16988 16360 11490 7199 3703 19564 1405 291 12852 12407 15465 46
18981 5283 14595 5960 14739 11826 12536 12561 7267 18128 19822 11152 12388 3361 4251 12137 264 7560 12504 6167 17049 3386 8595 14532 13078 4013
7058 5192 9140 8798 4141 10401 3179 5926 12795 17565 16614 17828 2619 13195 10210 16818 12990 14650 17758 10279 19069 16985 19450 19147 6706 14824
18039 6491 12322 15538 16902 8148 8038 17325 11692 6654 5215 9806 17386 10810 176 18261 12645 15680 6648 15935 15940 4356 2089 8857 14567 14005
2356 4806 13997 15375 15620 15019 17675 12655 10073 7241 10780 12782 15027 14791 13464 12145 17654 12933 774 4604 11112 6673 3025 1010 12718 18846
17326 1320 13912 9994 15602 2089 7646 13153 1820 12761 5510 8511 5186 11780 9809 10642 2913 10267 13148 12277 9632 18183 13416 9142 19917 16119
6596 5580 1188 4961 1981 10057 7539 6978 12134 11742 12666 2103 8349 7957 3001 13526 2496 13680 12405 14635 465 5980 18066 16842 16535 17711
7059 12298 8297 14595 4374 8585 5594 11124 18152 5593 10422 975 1284 15302 12475 19678 18300 14053 8898 15277 6065 16877 18175 711 7130 10525
5677 4576 12826 1556 892 6249 14910 4179 5416 12635 9523 2213 14036 10197 5618 18510 6785 11811 17256 2822 10475 14186 12805 389 9084 9013
5750 2215 14803 7293 2240 6558 4318 10218 113 2358 14719 11492 18157 6420 15228 1120 10227 8062 5252 9556 17004 9453 1358 4799 18273 16429
443 11452 9894 7387 1607 4618 3741 17725 10820 192 4227 16666 10393 18911 8628 5443 17342 7963 5471 14726 5386 16119 4176 14146 1738 1206
13601 5751 3156 14035 12732 1457 9619 8174 4140 10986 8237 19429 7805 5469 8848 10715 1610 18050 17129 14767 16018 452 8421 9432 2624 13351
16517 18663 3712 6932 12359 18946 18938 6752 9626 13803 10185 10782 17465 11664 17148 11517 4654 10199 18551 17082 18348 14027 17428 4883 6676 578
4955 3936 148 15004 13340 1742 7299 11159 18143 8197 8850 13589 4012 3255 5460 6422 2889 4617 8096 8597 19068 2535 4097 6587 4263 8987
12645 14393 6182 13507 17547 13971 16665 18430 6577 4721 3757 17492 8375 4762 14688 10983 13354 9933 2103 2417 9523 4045 7786 8013 13535 3710
12783 12481 17301 10892 633 13603 16753 17866 11377 13733 2380 10187 12324 12960 9701 14204 6035 4512 10419 9872 12832 14803 15325 19028 4023 5961
10734 10125 7186 10684 3492 12351 9800 13249 1903 11706 13221 16488 6547 14526 5487 12009 6367 15733 9055 3819 16524 8836 19111 16425 1547 3510
13821 15049 1884 2917 5305 18891 8724 1674 2436 9347 17726 1663 8710 4456 4854 13388 18963 12869 4633 7205 17643 3633 9852 10762 827 16553
5584 5211 14319 1361 1121 3970 10984 10386 11177 9352 16000 3117 4597 5179 8869 4795 11706 15699 12374 1331 9238 9740 13604 16141 10832 6897
5815 2830 10064 1676 4411 17771 13356 17409 14033 4229 8298 6213 3761 4105 18759 5924 3038 7590 15467 5374 12551 12305 506 18496 11140 14731
2143 8611 15425 7115 15653 412 4353 12551 7531 674 14938 17166 9548 7271 4050 17670 2676 18292 1479 11992 16296 2082 17052 5804 17594 12354
10471 17118 9099 1894 13463 16742 1467 3707 9410 8626 11875 18685 7088 120 9660 14159 17475 2588 10776 8908 323 10078 7079 13310 13082 2034
409 10691 6083 4995 14430 19319 15879 18916 16771 9759 10183 7129 465 9030 17599 14235 7921 13411 11210 14254 19420 17189 8574 7703 13521 19270
330 18645 2068 5464 6797 14968 14167 17290 10165 19413 5842 19299 8993 5027 17662 2606 11311 16040 14439 9180 8552 8024 14236 19480 16136 10553
13594 7087 6634 2070 16112 17565 11182 10948 8311 13379 9653 6315 14129 9552 18929 1127 19812 3611 931 3720 2873 3861 11392 9327 8125 3255
9644 9745 18188 11565 9621 9707 9093 18016 7482 7386 2057 470 10208 10503 5869 2256 5296 8489 507 14867 7016 2416 7535 16730 11184 8276
8791 12800 1967 772 2294 8426 7929 3854 18074 6361 18923 15949 14871 2091 10474 16502 8404 2148 4855 19972 11552 5322 9099 15751 16525 10976
11639 16333 74 10016 11829 2092 13789 12839 9751 4526 9376 6864 2134 3791 1984 8205 4913 17244 3247 19710 7161 18540 9322 8211 9153 16758
15470 3471 17266 19068 5762 16359 16562 6175 16779 13712 17015 11027 3127 59 5765 17831 5490 11860 9294 7540 3642 13786 6620 11476 13137 5219
11259 15837 5562 3648 7201 9904 13382 11646 15660 3793 12997 13543 10531 5026 9652 11210 8964 1303 16658 11271 8808 1553 10884 5558 14484 11665
3126 10251 12908 688 2894 5025 7721 10169 9485 11915 19229 17730 8244 9276 5319 8934 19839 11065 7025 8467 1355 17937 11893 9357 3638 564
6680 18764 16512 10092 636 16571 11021 1697 2463 4197 3132 10175 317 17894 12013 15152 192 16135 7847 10987 13698 19118 8027 12 9726 4750
8044 18775 2573 9306 18399 18578 6062 19460 8922 8550 1262 2272 5026 847 10890 5937 6606 11393 17500 8983 4832 10394 16505 9192 11734 11270
4530 4210 13368 17961 13601 11470 14722 9864 2277 10288 3559 10475 18087 11416 12377 15686 674 9286 8737 1735 8633 9656 13979 8937 6936 14330
2824 11878 7093 3502 10288 17285 4415 7044 3501 12055 15706 4066 15104 4119 10926 9207 4070 15382 4760 11486 14811 6586 7625 3200 19942 13271
4504 5503 14141 14232 14639 1360 18941 99 5136 3606 2079 13769 5104 7026 15407 1629 19793 15784 15450 11103 3768 15176 3331 4328 15288 13616
9884 19746 5522 441 7245 2083 15285 2075 8281 3493 3703 4548 3237 3742 924 1463 14345 2042 7281 4268 1973 3905 6556 6367 15573 14932
18436 15289 4979 8223 4468 13367 17061 11509 15134 10234 1721 3020 12408 15125 3010 16504 5729 11617 9923 9391 6822 17397 13910 10739 14676 1556
9058 19529 2716 9798 7026 3526 6109 11231 15664 9389 9715 17820 11262 10769 7274 12176 18218 8064 3777 11483 12875 6327 8226 18397 10285 4229
4420 8929 14825 4587 2358 551 9041 14317 11473 108 5212 14607 9083 8426 18905 15019 15447 11125 13122 9471 4318 19860 12294 5281 19343 8645
6164 11724 10372 3770 3404 6982 2677 8474 3901 8865 5730 1515 11856 15562 1494 11777 7858 3482 10932 1309 15156 4390 16920 4062 821 11828
18245 18673 15602 11949 18454 13683 15651 8820 3840 10694 18348 3574 368 132 14208 1334 7984 8232 16139 6156 3451 1898 9530 1611 15599 14832
16907 9929 2951 14807 17721 444 16274 14115 2594 14167 19874 14909 10202 14341 18926 12882 1408 9954 17029 10929 378 15246 3005 4013 575 10451
15080 11207 7370 17560 19623 7299 4321 10047 18682 19668 12372 17438 12519 8843 3113 17442 4947 17527 6344 6112 19260 8350 14666 801 16653 2862
12605 11066 2804 3740 14927 18609 18656 2559 18031 3951 18991 18428 17449 4535 19671 295 11231 1384 19993 16472 10934 3916 19895 15716 1890 15661
3325 7182 2673 18281 8851 14278 5664 17609 4108 4100 12777 16633 19443 7048 6407 13105 2389 18310 14724 2903 16654 11646 10925 18009 13255 2807
19046 15757 10244 9672 7154 15199 5492 3318 10023 9211 16198 6829 14 11561 18173 5200 3575 18048 6560 1943 782 7819 18053 19827 1655 11334
707 16370 1112 17284 11176 7457 15857 7467 12046 13837 15247 9902 2922 15356 7428 508 6486 10046 6277 15778 18101 12409 14349 15017 1114 18522
8346 5522 2179 9610 1633 13997 17064 14916 11533 467 14508 12180 16212 18929 11100 7746 5391 529 10233 16850 5922 5286 13802 5600 14975 18662
9089 13018 6888 19579 10551 14405 865 8350 12050 16833 5564 8470 16515 7819 17119 8889 17691 7526 1229 9682 7201 14440 16310 6852 14679 4199
10441 1932 6519 14720 12942 14753 6058 15957 1188 5964 14482 9390 17675 2967 15668 172 349 12450 11709 14219 10858 306 960 7235 1808 581
2494 15824 18885 15053 3439 16120 8516 16909 19582 10882 1445 3003 6049 14631 12641 9917 3701 14517 5490 1126 12821 15472 19499 11759 9408 19201
14166 12743 11727 13125 9014 978 16328 15513 9041 10926 9071 15859 14802 15153 12706 802 581 18803 498 15607 12027 6292 13951 8324 3125 7774
13338 5548 2198 16062 16860 11324 14895 441 16491 11753 9990 9189 15542 9755 13156 13469 8223 14130 18136 8184 5407 1484 8340 5569 13776 9267
7034 2683 18139 9730 18679 6827 4548 4337 1997 11228 15001 9326 7589 17293 5152 11599 9265 734 2902 490 10276 17958 14686 11132 18109 13834
2243 16902 12202 6782 473 18509 9237 15450 16480 14808 1024 14145 16385 12980 7011 7062 7160 9477 8024 17366 15646 19775 4475 10246 5311 7149
16155 12568 2338 9219 8657 3561 1204 10450 18654 10189 15913 17321 1384 10860 2103 11469 8375 5992 7754 12721 7248 17901 15926 3134 9101 7453
585 1378 317 672 1205 6382 6062 15235 754 11179 14163 12378 6347 18192 7470 6669 4933 3814 2542 13976 6768 16829 15094 11273 16688 16129
5205 5822 2128 14815 1608 9101 907 285 13796 7799 14684 16337 1520 15780 1412 19388 13810 18736 11295 19291 16880 1323 14200 18221 10206 5986
4293 14759 19841 6633 15166 15008 4505 12836 9841 12359 4467 3943 885 14269 11715 635 9210 17066 10645 2235 16918 12656 7671 1013 5457 12867
14570 4904 14891 597 15944 3257 9242 2455 11641 4114 16195 15377 4600 19507 17814 4894 1814 5567 19236 1227 18554 2871 19721 16743 7951 2148
1607 8093 7316 7957 15809 16224 11392 10611 1795 2423 9904 3933 4269 1950 10424 6669 15805 16536 16363 12861 2597 18111 2836 7255 6683 5512
3754 10737 1023 6096 18447 5239 5954 17121 18742 1225 11908 1935 16109 16485 6394 10427 17550 10906 13183 19748 19565 5670 9527 3293 11456 9185
8555 119 15129 15913 18185 10220 890 17914 15795 2270 2260 980 839 8756 8940 13101 14423 8621 12098 4395 3907 7134 6373 10124 19296 17816
1176 8006 17549 10215 14100 19694 6904 5935 3610 1244 10505 14403 17628 5945 3098 4167 2604 1318 14594 3205 4102 13355 14645 565 9794 1300
8205 7143 9007 4438 17281 4634 15816 2435 13961 482 14342 6140 5025 11775 1397 12956 10907 2863 18514 12750 18028 12346 17713 9979 14819 18777
6245 19600 3477 6750 707 2056 6843 16656 18221 12339 15202 4401 11120 10053 11562 17223 17485 12998 2678 2389 14718 1235 14029 16175 19797 16541
7603 8854 1455 12477 11606 1936 16382 17462 13665 3669 10898 3395 14170 6842 17685 12394 3881 4595 18424 14204 9734 17164 15846 2968 9271 1805
19160 509 8242 11105 16358 10705 3351 2685 13240 71 14286 3998 19191 17298 5466 6882 7177 12017 12160 7297 10131 13020 2851 19602 12102 6379
13442 19055 4666 18734 16735 15339 6493 12299 11686 19329 3429 19730 18141 7688 7525 17484 12124 13092 16261 12857 1288 19919 3871 10427 704 2831
8965 11469 7294 10467 14716 19990 8769 18287 1621 6541 5719 1953 9768 296 2726 1826 5974 7516 4438 7297 9405 17364 17012 291 4576 17099
19570 17401 12829 13325 9043 4523 5965 6775 19674 10480 1008 8917 4322 19526 10338 8736 11112 5772 9998 5635 801 3441 9844 16830 17017 223
7267 9280 5103 3844 19411 16472 1208 6459 9967 17956 8515 8607 6406 8096 18005 18818 12524 15141 12320 7321 11125 13804 9475 6765 19132 2130
14271 16469 4363 12820 10086 15734 1455 17269 16288 18644 6438 17927 7275 19184 18289 15807 8823 15627 12837 17296 18927 6597 5029 18836 5840 9808
16940 18011 7724 16471 13147 16694 2265 8793 4753 4052 5688 18936 310 11896 12129 10221 7157 18846 5724 12607 18152 8680 2471 18252 10962 4227
2742 10619 8976 16561 13132 13213 913 9004 3959 3692 1744 13550 16973 4241 7092 13556 549 3678 184 12136 16317 13865 1980 15072 15598 6554
9567 8401 13592 14323 9194 3998 11688 1285 13468 105 16223 15627 8326 4119 14925 19006 4361 19975 5459 2286 5569 9714 4016 4705 19820 14464
14630 1985 4349 12453 13200 2609 1308 12347 19425 4325 10303 18507 7751 18466 3896 16809 2286 14643 18941 7197 1861 17469 6658 158 18964 7086
7228 14780 6936 14466 18680 14695 14638 4644 7307 2514 335 16784 1706 7777 6104 8685 19818 7021 12795 6220 6540 3502 7568 15696 2272 7982
8356 6618 6140 17675 1484 17049 564 2816 9725 5495 4007 3177 1578 17055 8082 7834 8825 4841 9515 13068 10920 6639 2058 9378 17166 10708
3204 17926 1353 17788 12669 17878 9883 3036 10386 18092 19818 18412 12315 10448 18794 9538 5208 8203 4442 13570 18734 18582 18142 722 15220 7204
16228 3280 17973 19639 7162 13436 18479 18559 19996 587 16137 5872 9821 7730 10152 4356 17118 13598 11745 14688 13379 2353 15431 13076 6018 18517
19760 1069 595 6718 15720 4732 1292 4040 5061 16637 9216 2325 2621 3407 10042 7552 9671 6157 12508 634 15098 4293 1099 11802 12728 1865
8616 3461 2321 2579 13779 672 13335 7174 18240 17285 10355 11379 8776 18743 6036 11335 16995 14679 1646 4102 18690 1183 3174 13417 8502 19792
14516 5517 4876 7445 13455 12206 18271 14605 9329 3719 17772 12705 18575 13727 11287 15531 15081 4968 4689 11459 4802 10837 12620 11439 13799 2183
10380 14560 18282 17368 18314 2616 11877 1950 4934 11208 7666 3995 9013 4298 12708 17311 9858 13279 18781 4024 5582 14012 4689 476 11331 9602
7945 9326 19862 18321 3605 5064 140 12333 9451 2182 5477 646 14046 1744 5429 4101 11435 18117 16644 6446 8788 18030 11757 19825 1083 10536
16579 4914 9133 15643 2292 5757 1446 11363 10823 2599 7863 8507 6743 7780 3547 10803 14917 4965 18136 5401 4605 2764 12107 17913 250 4558
17703 13939 13820 10794 6922 11780 16965 15241 4674 3621 18264 18093 13366 2115 8580 15752 1414 11862 19418 2885 1885 18003 3592 18211 12368 4955
8185 11830 2138 14527 355 14735 3306 5095 13922 19973 19920 5738 2592 19836 9559 9566 7328 2914 18300 6721 12726 13548 3702 2457 5330 10643
8181 3552 6808 17011 14868 2947 10363 316 2482 13314 18800 9578 10644 14869 3034 10962 3157 2529 7533 18915 19190 13739 14387 2270 18011 16264
9635 7564 1115 14676 9541 15724 6323 1888 11221 3739 8132 18676 2386 6320 18912 6230 15876 919 3052 4314 11937 10311 335 16505 9559 9383
2184 9656 12378 9443 4653 11466 4389 14510 11486 6693 6401 16382 17593 8935 19320 8524 16545 12677 3401 14421 4427 15789 13346 3802 16732 3170
19340 3927 9321 2300 16131 11967 955 2045 16422 9544 1777 3142 9171 13175 1286 15045 16663 19475 9969 1454 4436 18379 17742 12892 17600 17575
11685 14811 6084 19811 15920 8872 2526 2240 5735 5408 7290 10559 18409 1089 18809 7674 18288 1196 7039 18652 16109 3518 10849 19828 18261 18990
8193 13031 19334 14523 11966 7774 7478 17532 16615 6559 1576 18360 8786 11705 8450 7453 10169 8321 15843 2908 18958 10346 8720 946 7167 14701
14410 13058 10079 19965 15540 7534 6814 19641 11855 15324 18544 5680 12157 11595 15059 18253 12752 12637 4044 14976 10599 2295 244 16499 10176 2262
4838 9116 8204 1014 5826 2080 9173 6626 7581 4504 5722 18156 11708 17611 13298 10061 10403 12915 15191 8308 19897 2155 9676 12624 9664 18358
6358 10817 11375 1980 13684 13306 13725 15444 5445 3175 1694 397 12800 2753 12656 7870 6467 17351 17748 9364 19699 12324 7943 1946 13903 17158
19233 3897 9789 7154 16648 8343 18910 4593 5293 7954 12865 10633 2512 18804 6100 4896 4468 11891 5996 48 1809 12473 16895 1399 5214 17420
1250 4321 11642 18023 19247 1251 1407 10922 6275 12579 18302 5746 19763 13778 5213 7852 7759 5614 13554 9686 7909 17773 4005 12080 16478 13138
1583 15563 6695 15257 435 13168 15630 8375 5108 10155 8607 15010 10603 939 19171 9088 7808 19362 2224 3462 13948 14327 4293 13164 1982 11759
2006 4755 2341 11956 14361 15953 10322 3472 9695 11807 17461 11634 8300 8643 3740 4044 5822 1192 17134 1574 2348 3900 8634 7702 15921 10333
12155 6651 1070 15183 19109 5513 11902 10696 214 10659 12990 4098 12978 2750 11456 17603 18385 2400 2139 12242 14712 17340 4892 12145 7442 257
4218 17525 7006 15289 10699 18429 17374 1430 1374 17675 2730 7861 13019 12655 6605 18322 6065 2246 15144 3179 3303 10372 350 11912 3467 19204
15248 5773 10162 4849 2840 19839 16798 8968 15629 14826 19831 4472 15783 11690 10761 14639 18988 9420 14309 13630 7013 18031 2090 5301 2032 8033
10913 1882 13083 11211 7552 19477 11886 5572 7911 7275 17870 356 11454 13975 9302 6252 15949 18423 18665 18561 566 4457 17778 9856 10145 8393
7209 14931 15214 14904 17240 9802 1902 11569 10296 4731 844 5214 8296 16107 18398 15303 4856 18038 7617 3175 19786 19844 2838 15600 4156 8982
5635 6209 7085 13011 4358 11086 2532 10042 6 8178 11636 16908 6710 482 12 8948 12018 14505 10488 3236 12011 19537 7187 17652 8895 14801
15489 3760 11346 10807 11983 7997 15715 5471 7769 6004 11742 9073 17529 9261 5003 1572 13168 10654 17784 7198 10967 2183 1472 17244 1329 7550
19323 2098 18571 10720 10480 144 274 8567 7182 372 7726 4834 13290 16486 14205 2971 7113 11974 14305 11729 14012 4333 2244 19440 17696 1917
6130 11695 13929 10117 10142 2846 7128 13950 15541 15679 6215 4552 8871 4688 1647 10266 9501 17652 231 10892 15177 5027 14219 11713 2330 9242
8570 15693 10252 359 12926 11976 14600 6747 4825 16224 15652 17917 15910 9408 4961 2860 10180 15014 13379 19185 1154 2198 18288 17149 5681 13707
10027 472 999 14475 18621 3620 1672 1753 1705 16391 620 17439 7464 8519 6056 2251 5776 13112 5463 17309 6742 7202 13534 2170 11346 4358
17782 15407 13492 2624 12693 15741 330 197 15490 9012 2632 19883 16480 4701 14405 8974 10212 2844 2063 11466 19373 104 2781 8241 16025 13959
18835 13444 5158 15569 17168 6736 2165 15630 7935 20000 6062 10367 10963 4020 6152 10155 2579 5977 10253 15495 407 1026 17179 444 7809 14821
661 12695 16986 16385 15483 1083 4783 10990 4459 8519 2695 12648 2947 10619 12688 9449 1464 12364 5633 8956 9030 3090 184 4578 8701 4882
11133 9715 14 8247 4250 10881 7231 5317 12067 93 5365 14768 866 1426 7932 2742 14594 7566 18008 4730 2686 1160 9189 19054 5056 15590
7553 3930 5193 17879 8412 15405 12810 1504 14005 932 1261 18885 6296 2736 10418 7884 16742 631 17396 6268 18033 13261 16058 1788 3715 4741
6041 9548 14606 16735 18489 19701 489 6509 1221 3213 5242 9264 9856 9403 5636 7450 1949 16631 1000 18551 10878 2800 7698 7129 1435 14523
11312 16457 14990 10703 9080 5748 4879 15540 825 1911 3324 19669 12603 12982 18015 10979 9063 18936 18909 3382 15631 3219 5171 19347 6476 2412
19957 5432 13681 6728 3647 19784 1793 12878 12083 6514 15038 12558 1764 785 5472 3315 785 19406 9582 7291 13728 10786 12446 19961 6230 9315
4321 16366 4029 7386 2382 17665 3831 15692 12520 5388 19839 10779 12556 13281 13938 2190 5191 2114 930 8776 507 14747 8062 7704 16486 18578
7179 17277 8941 4149 7646 17050 691 5806 9546 19510 18227 16478 9327 10613 5452 12025 4072 10765 7055 93 2122 19489 3334 6910 2366 8971
11322 16834 7072 13877 8457 6856 15090 11798 740 10989 3891 90 17955 19705 12506 17374 8600 18571 19303 18366 8537 17531 5987 18826 18149 7057
15062 18098 15847 12288 12210 11726 4748 6355 1528 469 19211 10540 9477 1626 16021 6757 17847 2776 7065 17064 19444 14159 16141 9549 10911 9678
14639 1050 2166 1332 2803 7111 14574 12527 15208 1610 10774 19827 13610 9328 1501 2760 11526 9590 7378 15381 5512 17150 17773 16618 18815 17342
18681 249 14798 7108 1019 9206 13426 4520 15177 526 6084 4794 18762 7494 864 6079 1600 19153 18020 9922 12419 12474 4421 5042 5241 14726
2250 1817 8450 16080 17489 1350 17641 11784 135 12387 17931 7883 11283 2393 18292 2244 19756 5407 5128 16838 11663 8962 2058 8922 891 3470
9341 15961 2706 9572 14369 4378 14122 11761 4210 16984 2409 6508 14855 1517 4443 19132 5834 13037 1654 11458 14359 1619 13983 15704 18887 6064
17656 12526 14701 14385 9956 1590 11829 7968 1129 14616 1354 13502 6111 15017 15218 2208 15049 8401 9231 11723 7165 13260 18652 3379 2450 13998
1440 3743 15090 12687 5400 17688 18046 15806 5021 9328 13808 12455 7658 10026 8992 14193 7687 3348 1277 9456 17067 8168 14455 6640 15681 2563
6190 1649 10243 13121 13987 6104 19892 790 10495 15523 16785 5704 14999 4934 3851 16889 8038 9280 4930 7154 10676 6875 6650 10482 16898 14963
10665 4766 16222 10059 1423 11926 4487 13581 10649 16070 10175 18397 7617 16711 294 1871 16590 15384 6700 16320 19630 9627 19984 13325 13426 16957
18837 7563 7764 10211 9798 16842 19432 1036 4345 4696 6068 19696 16677 13374 5426 13104 17788 13219 9979 10706 614 18883 19479 598 206 7289
1876 6768 9703 5969 3356 6767 14457 13376 11355 18153 2796 9053 15664 17999 6368 9011 12822 15183 4577 641 1661 13324 2179 11116 4863 14957
1817 15252 11076 14571 6840 4499 7354 6870 796 12456 4214 7027 12439 9975 17155 4457 14444 4260 10467 5597 11764 19508 10348 7662 9265 1345
19285 16989 12113 3331 17605 7190 14094 5444 11699 17003 15866 18248 11684 15755 18376 14784 13898 7509 9083 12094 11457 6951 2654 4931 18020 2375
10143 18556 6525 8254 3570 175 4079 16287 6184 8840 13214 12840 17652 8341 2597 2950 1695 11292 10892 1391 14604 13825 9646 12345 4895 17943
16185 14762 5064 2974 11745 16828 6858 9643 2344 7156 6381 16275 15649 13409 105 9987 3245 6225 17696 3754 5679 11064 13718 782 6084 5054
72 13425 2340 7992 12789 3280 12034 18708 14850 7107 9024 13025 7947 15115 7364 1451 19473 4507 6556 15727 3069 15323 2815 19968 7467 4845
3188 14869 3853 1926 18881 4429 17336 19783 3922 1946 5859 15430 19722 4546 14330 8550 6416 19944 5444 15974 7475 1424 1986 11775 8124 1656
9363 5450 19781 2964 18110 17609 1375 16969 12429 16663 6983 3251 7881 10008 19424 4776 19377 15821 5341 18646 14795 923 13419 7441 2339 6535
10587 12885 7956 7758 18554 7390 31 13797 7942 19752 12295 18345 1772 8139 19108 16259 15898 19729 2092 263 9879 18929 19272 15433 292 12432
7838 7951 5940 3255 12787 7821 8098 17572 14102 11677 2456 19548 19341 14427 4214 7792 14157 7344 8483 19343 6994 9690 11119 9839 3278 2677
6633 11486 9617 10818 17886 18527 10669 8666 12287 19411 121 12564 6717 10226 8745 3759 8553 2039 16414 14623 561 8608 9149 12304 13300 13977
10209 3492 13310 15307 4768 13479 3201 4479 14486 9195 14313 2889 15957 14615 9012 11713 11476 6188 16841 15257 1397 10217 1832 4217 14629 8749
12525 2857 17126 11870 1218 12304 1676 6639 5917 1373 12533 6278 9453 2998 1661 6375 1681 10725 6363 13292 16349 18214 4863 15788 19920 17426
12007 19234 9206 6818 16152 1266 8186 5787 14718 2909 12034 2335 15668 2767 10346 11745 53 817 10174 15481 10034 532 4148 4704 13481 1919
310 6550 10370 17938 6746 5311 9282 11846 1979 116 9512 7517 2149 12530 7163 9735 15671 11300 2693 19644 5043 6714 4074 15084 3037 14060
1600 2441 16746 2669 9005 19434 7665 16325 634 16017 18120 13483 19899 8747 2739 18482 15707 3188 2903 3337 2554 15033 16443 4530 3675 10798
5161 3893 14220 1539 802 4094 5849 18887 16406 19919 8873 3898 1318 10996 6483 1081 12927 3949 12020 16000 14136 300 14302 6541 5524 13574
10442 5252 15557 10888 17605 8865 1489 1866 13391 17202 17801 1139 14324 2061 706 6427 702 11690 11549 3429 14128 10814 10975 9710 18817 8629
19236 1643 14936 14321 3464 8551 1733 16301 3748 3410 4626 18420 11699 14283 12348 2971 2911 217 17005 5046 16650 6334 235 14157 6431 13460
5629 17976 17730 14222 13277 40 9816 6218 19364 17335 13716 14767 15869 8663 6873 5838 3449 4004 16011 18710 4603 2937 5560 10014 11207 7901
3746 7325 14347 18681 4364 7 3237 7312 11121 5592 6970 12812 19504 4212 12091 16478 17334 4209 15598 6351 9422 3809 17102 14541 10274 16829
10446 6843 3070 13700 1553 6414 8586 14854 652 11370 3137 2600 18160 1883 43 18573 8668 383 6392 19997 1279 11793 4199 12041 288 12849
5014 7200 16628 14880 17107 2770 10129 13749 18509 2546 3315 2578 9921 1532 115 18685 2356 11710 15148 12258 19506 8217 17446 10254 19145 1966
7975 5462 19596 10400 4472 2448 18465 266 4044 19996 6541 1376 3671 10747 6619 11850 14595 1257 3364 11931 1274 16801 7335 217 8721 14040
19841 16505 14203 19480 17361 2650 9631 14838 12201 18772 1678 15351 4504 19291 13970 16981 15135 11206 1037 6098 10893 19564 6287 13476 7742 5299
3977 524 1993 9175 3798 7580 11665 16590 15092 4786 13313 11400 1287 18102 10969 13889 6432 10036 8194 18447 8637 9797 13648 12163 16052 12124
14093 3238 6606 3147 1833 7023 5786 2202 4301 7452 11529 12509 5523 18157 13798 14252 15225 7517 19908 6224 19876 16986 15760 17910 1331 15832
5910 6293 14193 9283 2949 6835 5215 17646 5724 15788 10029 17211 8901 17311 3683 18939 14319 3247 3615 17610 8227 2509 15645 915 17551 9804
19794 14376 9434 12592 12260 9120 12330 13019 19720 3254 48 15892 15061 143 7258 2418 21 278 4361 9952 19596 19788 6877 887 2735 16464
11038 5243 16217 9187 7564 876 6729 18339 6154 8469 2850 5150 8452 18210 13996 3462 1047 18191 17797 7022 9561 13204 1014 14562 2148 305
18990 15581 13612 10021 9883 19315 17397 9369 3898 4887 17017 16598 3544 3284 343 3786 5707 14036 6504 3413 2347 3140 9657 1862 4457 15778
4081 19752 16471 16202 3391 6945 31 7471 18650 13127 9178 12940 608 9603 5435 19077 18173 4119 2240 6187 15290 14141 12224 10822 4895 18223
10252 17819 10883 13282 15035 12160 19434 4533 96 5209 7459 19713 18288 6884 10170 17822 6734 46 19750 11721 10562 12442 6296 4861 1017 8960
19730 3754 2246 10038 11100 13600 14370 12034 6829 7387 5164 13787 2321 14112 17950 18527 17624 11031 15164 16426 18116 5881 8532 4263 19854 6618
9371 16564 16235 11947 18858 17451 2181 5097 9882 11090 2164 3449 927 12167 7122 12460 8821 10742 511 18823 1239 12473 3999 596 13411 19070
10208 14893 19349 11486 11750 19894 4127 3667 417 10452 11188 8619 6527 10706 7369 4022 15819 10802 5548 1561 9099 5210 11229 9691 8541 8416
15710 1573 14316 9968 13080 14706 3963 1594 3093 7283 4453 15117 8378 12359 3905 18325 11942 18897 7293 8548 12312 11705 13800 7407 11317 11537
13115 5013 3561 2085 6720 9854 10270 8810 13866 8176 18019 7133 4313 8794 7824 19765 5054 10322 8553 4411 17009 77 15048 4931 9831 19781
4713 6175 10207 17356 5411 8588 12674 19864 5626 13067 5429 10161 7277 15397 19630 282 5400 8241 1631 13188 4029 6457 13029 11406 18689 11870
19045 15081 7848 2854 16440 10548 1952 9286 5070 18840 2098 8167 1839 16751 10236 12396 1057 15464 2785 8371 14262 9664 831 590 6495 4755
11051 12856 10198 17351 2849 9597 14201 1790 4755 19148 1072 10725 6752 5000 11594 4988 13044 7564 11670 2499 16981 11575 19222 15158 13732 10915
7467 2883 14641 11017 3155 6860 9642 13284 17512 15650 14862 11249 1377 7331 8417 14745 5928 16046 18639 15003 15319 11685 16133 7809 10259 10674
12934 7491 14768 13219 14528 10369 3379 15100 11354 11247 18416 11310 7891 5785 2969 16781 16407 10014 14430 265 15129 7525 19591 18461 4396 13203
10803 19121 17111 1362 19459 5448 8885 13100 1109 13009 8001 19643 14357 10284 14923 19924 8506 18015 10251 10793 1178 18049 339 4099 9864 395
8656 17073 15609 5173 12733 17401 6414 1857 2235 4214 693 9201 9355 17414 14545 11739 3468 4921 19935 14914 2677 18084 9166 7606 3970 3193
9333 11422 7940 8978 5626 11389 3989 9865 1053 16238 18754 9004 12016 13138 9877 16905 8576 4535 9456 16092 15300 6773 7149 16132 9614 14553
495 3124 1134 1558 6255 1706 19317 19670 9414 12978 5584 953 6969 17267 10883 10338 6549 2353 2669 11194 10156 5734 236 11114 12507 8261
9346 875 14388 18486 12185 14310 6547 2808 8447 17126 6776 17379 19528 19045 16443 13214 6181 17552 16132 6436 10106 9519 9980 18626 16395 9048
2902 11669 16340 3857 10899 10605 5847 16686 19581 16851 8159 3634 16505 6242 9389 19498 16359 15695 2549 7429 19519 5856 416 15146 6540 9844
12803 12247 18442 13975 12033 10350 8287 16378 14749 11172 3029 11107 7917 5695 3060 6939 3044 4937 8005 19700 11503 9028 9090 19688 19825 13918
14233 11723 1051 10734 9974 6616 311 17541 3480 4879 12812 2579 17331 8541 10359 8290 11410 18574 8499 7746 11998 3507 2035 10310 11218 10115
10639 7171 7906 1890 13734 2000 10196 1573 11961 2149 8014 4112 5874 3256 14004 13248 1530 8260 16060 13855 3193 16155 10138 6009 1018 18235
17291 4397 3900 17824 6986 18236 12450 5456 7006 19062 578 17216 18376 19461 7176 10905 17574 6101 5675 11345 11797 7139 1086 12708 9074 9133
1995 11666 6631 17372 2938 4453 18070 1846 11510 544 8989 19963 6321 896 6260 8510 13545 17456 2098 13722 2465 2535 6615 18050 11779 8937
12534 5961 8694 1839 18272 3199 7731 3676 1352 5666 13597 18837 17357 17690 8628 16784 7829 18788 11089 19973 17883 2069 10030 7568 14137 4825
7730 14453 17830 14046 10189 7169 11187 7636 10269 12363 1167 13413 17882 7467 18145 7532 409 16596 11747 15983 3785 7268 7965 13483 1512 2167
6607 14116 11884 15655 13497 6020 11007 15900 1007 16894 1491 2337 10322 8509 18987 11344 3785 1859 19868 11223 10616 7999 8070 3150 14577 16548
3144 2032 16269 19305 6460 13703 16678 1844 10086 14886 13730 3228 15828 146 19013 9963 15650 8506 2635 9313 8008 1286 10682 18416 4381 4342
9523 10784 1344 17847 9992 9905 4791 6417 14141 8374 11471 879 3600 17035 8339 3910 1960 2684 7776 7004 109 16614 18409 16867 514 6551
8248 442 1118 504 12842 3204 246 2654 15939 17483 4758 5704 9234 9513 3503 18047 13111 19236 14435 8589 4152 8482 11347 15084 312 13584
18910 561 17972 15295 6569 9578 8005 10520 16660 2008 1832 6328 7624 4222 17630 1568 8042 7168 11994 13362 19960 1155 12375 452 16924 15032
6618 18834 9602 6765 5197 17952 2833 9879 6886 15665 7041 14466 14913 10740 7476 5810 15215 18708 10220 16226 1763 15647 4242 14693 8031 7471
108 262 8514 13345 6694 19507 19158 5541 13613 13819 16010 17078 16187 7620 6426 6361 6880 2034 17160 18866 16282 11782 3299 4130 8426 8075
16301 174 2861 6434 5943 10684 11945 8778 17660 19041 16725 2653 17236 12733 14616 13842 5220 7135 4050 16541 1547 5083 9736 7312 15793 8591
10761 4740 8931 287 8116 1285 1838 16744 13184 2171 15491 11838 14527 6579 17042 14754 3949 3918 10223 19943 8523 19325 19474 12210 11303 6391
18435 18236 16180 10298 16807 1203 13688 1521 18528 7561 16991 15110 18629 1841 1011 6707 11252 8067 10065 4997 4105 13559 7228 7167 2211 236
4706 1130 3107 19648 10371 2046 2785 9009 16953 6232 17225 3233 19478 11510 9059 16402 6275 18488 3094 12485 19656 19958 11672 8648 933 15040
12521 10083 7799 10552 19836 10869 14536 5624 12349 10433 11039 12448 18276 13061 7641 5316 19078 1550 10592 18686 17361 2057 631 3877 11376 6188
10414 16998 15634 9401 14640 2585 5156 8164 11159 7084 9585 6190 11965 4978 15348 12796 17991 16921 19272 4392 7103 3921 3146 12765 13305 11325
8004 12070 10609 2561 9763 2723 4404 15639 12494 18299 12596 19599 7955 18336 10456 1390 14810 7699 11625 4081 3276 11733 4461 10963 2252 9477
13804 8673 12011 12676 16807 7600 3117 6920 1578 10327 8502 17802 5252 3325 19318 12276 17923 15137 16608 5838 12928 15622 5871 4081 11277 4445
4613 11140 17552 17140 4624 7745 972 14125 9341 11571 15908 6458 11066 13497 12908 19391 19952 7365 16130 9945 6670 4120 8938 10063 12745 3991
8013 4107 18586 14524 4273 1529 14313 5028 12995 6075 10794 3406 6921 11738 13410 1736 2334 4165 13625 3340 7059 798 17255 19792 14768 17501
1831 4116 19298 8934 2684 3729 2552 3815 8201 7860 14431 17364 13001 7356 13248 10827 3051 7821 15924 1248 9728 16634 4922 13473 11406 15911
16590 7611 17313 15036 18434 14734 5147 11858 15219 5731 3489 14606 3612 638 18234 8096 3786 15565 12556 5170 3715 16427 15199 18053 4082 8368
3704 19091 9147 1667 10151 1971 18347 359 6998 16693 4238 13415 7671 5391 13038 2442 1693 15808 8379 3586 11371 17544 6072 5024 8502 11704
2112 699 8792 5526 11116 3717 6186 2917 12019 16811 15150 10866 3912 9856 2673 4461 12002 1124 15034 17761 2276 1279 17211 13134 6227 2875
7728 14448 4230 18908 4010 19712 9090 17697 19410 1995 14303 4297 4676 14110 3635 19131 14055 16070 17766 10484 18661 4048 12006 3364 17977 8414
6598 11913 2798 18164 172 8349 10300 1960 17876 12548 7914 11580 4471 10339 15420 1025 3663 16377 936 10594 2020 2779 2936 13201 6775 4462
19137 1836 4637 12144 4617 2691 10078 17604 8409 16650 5135 16063 18446 14551 14020 5620 9803 9265 16725 9446 18640 18990 5696 18406 1184 12655
4911 12623 8547 17858 12102 15602 17043 4403 7636 10290 17603 6643 19968 17564 18276 5149 6114 18682 4540 7115 4573 11757 12380 9538 8058 7087
5354 3666 4802 5744 17782 18026 1896 3261 11802 6122 10496 18087 11114 14328 12793 8189 11505 2378 4502 14908 17434 7863 17026 765 10040 19197
8721 16623 16746 1072 1561 3172 9888 4352 12528 15176 14432 8465 11932 3901 3329 13269 14102 8398 2432 16611 2119 17526 13680 13921 19886 4682
8112 1480 1691 17264 6409 9689 9530 13612 5296 1699 12813 1947 11259 4158 1064 13440 12034 15691 4734 17874 1989 11480 18274 14887 716 11579
3291 15747 9435 17113 19496 5709 15994 9562 4713 6233 17134 16535 13278 15437 18147 11654 18193 18516 9615 19567 19881 4109 7191 7770 4405 17564
539 16200 17216 5693 15066 15052 11257 260 14173 1350 11342 12458 15080 16959 2297 6645 6240 8464 8527 8557 12843 18677 19504 11796 5864 18839
17358 5108 8173 18604 14474 11802 10689 4801 7579 12597 16069 6460 3002 6359 1720 11283 2546 12053 8222 3238 3364 11576 13065 3065 6857 16130
7902 15558 13017 11356 4430 9313 11726 5132 12082 14929 15546 1441 4632 9985 3282 11597 12125 6721 19963 14679 19996 8458 4116 10527 2787 3397
9884 6865 15587 3901 3107 8372 9666 2950 14692 10083 35 16903 13547 1058 12201 14530 17605 12762 9425 17932 5941 15179 16270 14705 7600 10706
10257 10229 9973 15914 13041 9207 1721 12603 19892 15047 10815 5845 17370 10365 16561 5331 16636 707 14391 8788 7549 19627 3457 218 3165 13563
14834 8186 17248 8640 1742 19992 15701 15715 4932 10645 1045 13100 210 19176 9807 561 14305 17906 1770 11950 9707 19978 4965 15588 16831 15477
19039 4208 12526 13941 18710 10756 7449 15167 16732 17608 18110 629 17265 12570 4644 14474 18859 11807 5882 19621 3555 6701 2059 5994 10879 15712
12894 7388 12264 2375 14161 13187 18064 8249 9314 11266 6091 9675 10845 15131 4265 19809 3962 13993 8086 583 14063 2614 4586 2007 7265 11188
1793 9477 7996 3628 15817 18245 6720 15536 3233 16112 277 579 11954 290 19751 16657 5849 1951 18910 5709 19033 9970 8019 7419 16638 8686
585 225 3449 10563 10881 15222 14819 4458 7726 11916 5096 12972 3661 7805 15715 6467 17570 2584 3668 8442 14541 18995 209 12772 7317 18193
2742 1132 14868 3467 7662 13117 5445 14886 15 15282 3760 4528 4002 1198 12466 10519 5929 9508 4586 8774 3965 2108 12841 3681 3764 5939
13158 1890 8754 3075 9015 18921 4843 10488 578 9678 13867 9198 16135 8592 124 1874 14072 9052 19560 12284 832 10897 639 16027 2422 1018
1315 19562 11336 19941 12760 4611 13318 814 15507 2955 3596 9265 14507 13780 2229 16004 6091 539 5247 9936 8949 6348 9894 9769 7690 2654
7128 10194 1340 13696 5778 1990 2357 13957 2750 16691 4514 5430 17117 15909 9560 6289 2911 7172 16351 12600 19841 5093 17316 18120 6456 723
9137 10191 19398 98 2711 15794 11532 12219 9189 9250 190 5517 17502 651 1001 17120 10328 10671 2621 1386 10745 1151 6069 10453 14106 15501
16942 6673 7462 355 15582 19894 18802 8810 15249 14907 10056 4361 4786 2025 18949 19949 19879 1299 19213 13479 167 15817 12978 19880 4109 2915
19673 16869 5653 17910 3366 12291 9695 13331 8630 6364 1784 3767 10512 13503 6508 16393 18477 5026 8585 10442 1286 6066 19963 3813 8281 13056
667 227 17567 4353 7380 5844 19433 6790 18470 8575 8600 752 15541 12271 6064 18258 6237 12942 4092 13762 10945 8011 15074 19539 5452 6234
19047 7735 2165 11842 11786 13735 7575 3754 9993 7938 17931 18445 11863 3233 17053 7370 18160 4772 16372 900 18204 17372 9207 5022 16634 723
4994 19589 6882 7239 3348 5972 16752 14490 10299 18886 7393 18409 17880 15390 11743 3686 19353 19596 17869 9601 19704 2495 1105 8522 7682 9992
19795 8915 10814 16699 1296 15292 99 19468 11652 19573 12207 12410 580 12686 1608 6185 206 10336 4554 12821 18226 3312 14931 13307 16147 5040
9197 8759 3449 4569 19799 3138 10910 7936 13241 2820 12527 2046 3921 2360 17912 14696 14691 5229 18205 154 10645 18309 3447 14070 14412 14882
16639 17661 9060 2777 7921 16613 13754 7515 11140 1184 4437 15158 1422 13130 4300 6107 4633 12123 9215 14543 19534 4424 17881 13044 4001 3243
3825 12778 11199 1561 6043 14502 4451 3762 17350 17132 1403 18366 11950 963 9311 4959 6904 2632 9371 10744 13160 10507 12481 13495 3424 18256
10142 17101 13381 9322 13633 9266 11773 6913 2412 15604 16592 3076 17059 8799 7230 7159 13844 6121 4229 18267 11567 16280 9567 11709 15679 6561
