365
57 29 86 18 11 12 38 10 2 17 90 69 60 30 78 56 12 72 86 8 27 34 2 59 97 23
13070 1887 5057 13908 12000 16979 10630 8011 15916 8742 14045 3766 12735 19034 12710 9294 13847 15701 14561 14322 6332 13676 7937 19063 11963 2443
13722 9366 10371 18897 19547 13924 11892 4017 16959 558 16966 15192 15983 11323 14035 1689 997 17304 19990 18305 10952 18710 670 6819 6318 18887
15841 14129 7540 12933 6832 2814 16007 8168 4913 1038 6580 13524 13769 147 5069 17417 14321 7010 13627 947 8794 15503 6286 6456 4350 1519
8009 6174 1725 9976 11682 14717 3349 7458 6987 17701 3466 5776 12881 2625 17838 9023 15718 15175 975 19132 234 13744 11164 3373 6055 2324
17694 19549 18026 11350 1863 19375 17043 17610 3281 11915 15327 13284 15999 3536 18644 18330 16572 5577 8523 4117 1377 13321 2489 1503 18995 8309
18450 10567 1942 10103 10657 3061 8582 12962 18521 5218 12600 5438 9844 841 9602 18420 17298 10305 12851 2627 4399 8813 1483 281 19179 12885
5124 6241 18119 100 9909 16399 11110 11837 16226 8716 15484 6054 19915 18246 15169 7085 10585 5717 10058 16251 9445 17263 17287 19724 5822 963
11051 1815 18856 14886 13306 9109 18130 6965 6444 11129 891 8807 7620 17189 10597 15958 3555 13699 14845 13984 5269 2232 6438 1331 3632 15011
16660 7580 12842 13505 6224 6964 15936 3868 13324 19900 16154 16751 14110 15241 14368 10566 598 10264 6880 4215 14709 12839 8772 6825 7600 15136
3926 2139 502 18832 1674 15821 18493 5254 4580 12516 12248 8752 16896 17235 15987 2820 5833 14892 425 17165 11554 386 17007 3561 10597 12222
3910 8080 15780 7730 18594 19620 4649 14749 14491 2547 14002 11326 17176 7195 19357 299 11575 1183 2142 17494 13792 17580 18994 7621 18717 13650
19830 4847 19481 4388 19168 18154 17137 19243 340 7100 3853 10100 2782 1996 3604 16360 3123 18636 7508 16742 2646 13969 14805 1647 6072 6861
2829 10517 340 1860 18963 19947 14199 3391 7809 12790 9465 7693 2231 10416 17370 13731 11603 18402 331 4728 7024 6840 7305 16294 2442 9733
18079 11403 4966 14873 9946 4241 16545 5971 8873 12620 463 1922 5966 11525 13726 9154 15143 7944 10709 6871 12788 4404 14788 3579 13223 2178
17079 17851 1187 18807 9648 19011 7014 12166 4175 15085 10158 2549 2329 3801 10961 18051 2433 19577 10478 7109 9727 18860 18583 1729 14744 8812
4614 11740 3371 19126 14084 18857 18543 5800 4158 19792 6105 11115 1142 6747 1046 6121 3293 11631 15271 3050 8678 10595 10334 618 8938 17605
2827 19980 13811 19726 1318 2231 8845 10461 11452 18010 2049 112 16836 15290 8722 13527 2012 6654 11331 10455 3666 5457 18704 11375 6171 18981
19435 5012 4049 3862 9269 10751 17488 17834 15062 17985 16811 1259 19726 16314 14938 12498 12544 17813 4829 5384 8270 7897 12816 6132 14939 9821
8953 14094 14235 11133 1232 15871 7283 16421 12497 13466 12111 4845 8513 18163 8464 15277 12103 237 6739 2637 14784 18270 3066 11555 15204 16994
10706 18828 5972 7748 17706 2979 4977 6429 11395 6947 3799 3393 8850 6907 6698 10821 13010 6969 17222 9926 12664 1578 759 13805 12684 4533
8425 14141 11558 15463 19150 18906 2114 39 5574 5453 15254 1457 1373 1469 14745 12722 5113 8171 15232 3010 5582 11716 3219 9332 9979 18542
12117 18312 10173 18073 18916 17167 10845 13109 13132 16124 5719 14075 15515 9481 8892 1880 1411 12486 10899 13071 973 13024 2093 7074 5013 18363
2135 6076 3494 11688 12479 730 15038 5160 8321 19043 3965 4768 13101 2573 7119 17914 8501 8301 2934 7104 12814 14544 8256 1301 11607 12129
17179 16683 5206 6182 4345 14936 6535 15729 14549 12598 12436 15910 11357 11561 3370 15931 3360 12005 9855 7255 10656 17890 17736 9612 3002 7869
12739 18257 18408 16916 17748 17273 4602 14815 8778 15725 6574 7901 6880 8194 9896 9071 2721 16888 13357 6894 16650 14641 13932 16708 10612 4254
2770 17717 3179 10956 5436 10936 5514 14797 4079 9144 16539 12591 16036 12621 16017 18502 6074 15422 16426 16626 3518 4647 18259 10384 18914 15382
8443 10734 12067 5024 11769 13466 8127 17010 5400 2968 16899 11872 18995 12118 7334 7373 13392 1457 11942 2131 1753 14909 6183 12002 11177 16466
510 5022 15259 18859 9899 336 17034 3450 14436 2284 10766 7515 482 14411 16285 14957 5810 9821 10314 169 8034 5625 5502 499 16594 8731
12159 9901 602 18538 7289 564 12643 7003 4500 9611 8186 19129 12529 15487 3697 17697 16482 4658 14354 8222 2000 6745 16347 5867 1470 684
19407 9437 14319 7501 5790 9801 6951 17323 5416 8633 15188 10806 583 556 4289 15351 973 10579 4846 5040 19433 3687 5130 2109 2194 3321
15793 13528 10384 5822 6876 19087 10622 1965 5021 7034 16112 7006 7139 7048 7574 4586 11484 6520 9177 10159 19676 19143 9379 16877 5254 13490
12735 19387 13874 1931 16429 17750 17619 7893 8277 145 6833 8889 9002 9024 12848 18901 808 17949 9828 5580 3847 9412 14784 7422 15048 7047
4465 19311 5907 15593 788 19196 19129 15559 13068 15545 18066 8484 7090 5749 8983 10568 15326 19472 10231 16173 9614 16032 12224 2475 10630 7603
16447 11100 3475 16187 14814 19799 6476 16076 189 4257 18540 19351 5410 13592 13273 2165 19501 14617 4789 8061 11119 2891 11681 18819 997 809
17138 17702 4546 2892 5141 11675 19356 4454 18368 14472 12400 1456 783 19330 588 13219 8009 599 10874 17525 8036 579 7493 15767 14292 6951
4680 10402 582 2358 9616 18401 6419 5895 18597 8273 1999 12736 18295 1708 16327 18066 19905 7315 18461 228 823 18816 1477 15343 6968 7390
14583 15648 15392 3597 17431 14618 3085 12168 7230 13393 17612 5984 5801 13968 5009 3781 13740 12920 15884 15646 6897 11663 14145 17925 12670 370
14628 19360 11782 16336 13899 10633 4745 15615 8445 7378 13307 16866 11815 9080 4873 13238 17967 16992 10171 19845 9968 10158 19360 3845 10671 5744
11192 15354 15544 9189 7310 2468 4699 17315 13757 19733 12216 15771 14733 2117 2972 16834 10173 14657 11779 14561 4700 17607 19697 19609 7561 3258
8429 14974 2007 15547 19213 17832 2367 18194 13289 18233 10708 1590 2740 18504 884 138 5665 2626 5410 960 9850 4424 9808 19624 15723 15146
1120 12227 190 6519 183 1532 19134 8943 3244 3421 15249 8830 15097 5174 9027 6528 8083 3716 14933 13116 6379 1601 1837 16272 6379 8348
18568 14702 11238 14873 372 18171 14074 2144 276 15945 11976 9829 6091 12535 16226 4530 1315 16002 10004 16918 1656 5295 1556 18196 12707 14967
1591 7681 18631 13610 9141 17120 1859 18801 15654 5439 5747 983 4196 8532 11863 13525 9481 9283 16613 19004 9062 4177 6471 17502 10851 791
8804 16466 14913 2443 17825 15994 19735 4541 4162 6413 16389 10173 18282 6495 16600 15462 16012 18854 4715 4122 4751 15756 3376 1503 2776 7873
6203 11677 5638 2676 19290 4820 15571 17883 12020 1020 3420 7883 16321 3418 8913 13211 12228 9380 15559 16690 733 14337 7793 69 11288 3881
687 1550 17361 16381 1877 5154 4226 1686 8094 1581 7776 12304 7162 7787 14174 4042 1122 1751 12005 16445 13207 9917 8093 6049 6925 548
5212 19794 19760 17347 9127 2774 7137 11445 13659 18318 1835 5462 13051 10925 19365 15395 6481 12387 4020 403 5287 19754 8263 922 19387 12853
1202 9913 19351 17081 18724 6916 16107 10089 6443 972 574 18337 8184 8863 1198 7189 341 3380 4566 2387 18689 17930 786 6728 4712 12457
156 15191 16605 14278 9957 8443 667 3819 12260 298 6580 9045 9540 2996 6062 5887 6074 14709 15606 13881 15274 16075 5680 1739 4025 13201
8057 15853 2210 14205 8036 4434 14328 13548 4638 5473 17733 5264 1962 13113 14136 8181 13870 11359 5840 12464 13359 16090 18146 6543 6344 10584
2875 12135 2302 10140 2943 7141 5642 13920 18146 3629 15026 14326 14298 7526 17469 8837 6252 14444 19626 1996 3439 8004 1637 1680 8397 5642
2820 15224 18730 5952 7122 13858 14928 12879 9501 3112 10096 6730 19846 16544 8519 16735 3424 10417 2678 2659 14015 4622 11017 5363 2602 5462
12871 13047 2464 5067 19577 7969 19170 3463 13221 9016 13673 17604 13292 18799 8113 16669 4026 7792 19642 19014 3044 8151 14751 7348 5595 15854
10720 18473 14362 1330 17808 17753 9684 2589 14280 13472 12875 15363 12746 10207 8815 16590 3042 10084 1011 11459 11214 7970 18166 13536 9288 10587
17690 17484 8921 3233 12579 692 10873 9810 4915 5879 16195 5286 16832 8254 13012 19667 14855 4648 9315 8532 18575 15773 19400 15148 38 1882
17195 1834 19953 6580 9796 18803 18889 11206 11232 721 16777 16926 16148 682 17743 1181 18117 4593 15689 5383 19503 10656 16968 1744 14917 8317
11597 1492 15751 17359 18329 7715 10748 19204 7172 9557 19833 7468 16238 8308 8834 13400 16449 8642 8077 3037 1050 2880 17639 16858 17954 10508
19070 6439 13398 6070 2270 3224 17313 15620 11342 5681 222 8967 14215 18093 19133 8428 12664 14916 8317 9363 1884 19128 8396 6142 15255 9978
2477 17969 18225 3226 3732 22 11433 15253 5658 2262 4016 2378 4558 9430 361 19129 17413 17865 11458 15252 6089 17734 5288 4221 9615 4533
15572 3246 13132 18643 3452 7792 7926 19160 6395 3216 6175 13806 9089 10225 10119 9471 15012 12398 15759 1956 5120 8705 330 18696 9122 12779
12694 13707 15338 2291 19030 55 15353 8927 6092 13234 16766 1057 13967 13958 17199 14972 3714 1428 16825 16238 19897 3334 169 5607 15726 8501
8925 1993 19697 5595 9279 12765 12526 16422 1278 13099 8608 19439 209 19777 10692 11354 18095 979 18076 11608 14160 12819 17125 14745 9893 15812
170 2956 5787 12401 9754 10605 18809 6276 17951 1805 8436 4893 16197 2181 1055 8900 3404 15127 2497 204 3997 10445 18649 10044 17269 14469
16444 5793 18941 18923 19190 9667 7202 12091 19200 17685 2317 8402 10009 10000 760 11220 7078 7892 12579 17345 5547 14006 819 9520 12469 2377
1837 13609 4369 6898 2925 19559 15810 1430 11237 10207 19022 6839 10194 5319 16239 19713 15324 14694 7040 13239 7200 115 13582 14737 9472 10547
7534 2869 5014 13928 3495 10492 9361 13575 5975 15584 8450 3017 9777 8901 3790 18902 18606 9539 19216 3635 19793 7156 18282 19280 13394 960
15399 19770 16129 15719 17819 7759 1192 3550 8847 1449 5549 16673 6769 4440 4425 3263 15772 8776 5667 16275 8218 3293 6663 4098 3298 17500
18040 19173 13181 18077 14995 16115 13493 18268 12564 11651 437 15535 17001 19404 8085 6618 5620 7228 2350 18856 11635 18327 12483 11880 7304 15784
9840 9371 13072 15022 17690 15509 11776 3397 8502 5125 8871 466 16016 13094 14398 15841 434 8056 634 11522 16104 5144 12041 7837 16597 6490
4781 6424 5969 8279 4698 15963 8071 10828 1278 11738 16631 7377 4661 7711 12796 10303 9228 7873 11053 14322 4141 19724 19792 11881 15255 16007
13740 19564 9563 12468 14924 3372 14480 15348 838 15525 9783 11895 7467 7896 9359 18566 599 8182 5531 18354 8593 10960 5676 5614 12283 14962
7366 14879 11971 9548 11720 13128 13477 14556 16814 17240 2442 153 18986 1366 16051 14069 894 3594 5123 15995 19830 5276 17955 4341 12329 17426
19234 1280 11366 8568 10620 8423 12188 15930 7569 8680 12210 15320 5098 9182 6496 4337 9407 12359 8772 16287 16792 15777 11768 18513 8252 595
4632 14278 16840 6056 14897 11277 18175 16065 8994 5546 8002 9524 10220 17245 16231 14189 19422 11003 9345 16693 18761 11717 17075 1431 11613 19520
5046 8226 10497 19031 17256 5582 18858 11880 14773 19974 10042 8619 16383 13776 8733 4635 4627 6010 13848 6342 17245 15972 1533 16192 16208 11588
11532 8892 14364 9961 4714 11503 8599 16803 19426 6492 13839 11901 6648 5901 9201 16968 5594 17634 12325 10733 9722 11003 6093 11589 5524 8403
9752 10833 19966 6551 19096 6693 16137 14693 19701 14130 6316 255 14278 15491 16654 11571 14506 10795 19323 6126 10371 211 12045 16067 14464 12065
4694 9722 2356 18982 10085 16206 12475 11906 11110 15248 15728 232 16070 11725 8836 730 10036 16924 14645 11775 11175 635 3612 14821 6974 19728
13930 17637 1386 1527 13119 2240 4310 17537 8317 14140 7407 19638 17617 10241 15459 1390 1635 9477 879 13313 9906 16281 19503 13361 6595 883
19753 10939 12844 6124 17358 4441 19719 5567 9251 7898 16584 15096 1440 2276 15706 1955 6790 378 3812 639 15580 12746 1537 4856 1173 17007
19499 2527 11209 13816 13646 7043 2939 8553 16095 4186 6413 1785 17900 2696 2311 705 6561 337 17189 5635 8061 9641 17397 9752 9825 1768
11800 19365 10057 2225 4464 6692 10063 5564 8196 17583 12969 17811 4470 9460 11757 18477 1347 6526 216 8805 155 18547 14144 4337 18587 4564
7417 4000 13514 10556 300 12649 10935 9778 5709 6153 18826 5256 17351 19574 4124 4805 152 18279 13807 18891 5384 3917 13124 10622 11618 4019
3338 18590 19820 16986 16274 7049 11598 16007 18133 9247 55 2531 1154 12616 3919 9870 11611 4065 313 4174 13128 14812 8648 13127 13784 78
13071 9937 3859 17523 17937 6359 3720 1450 1571 6500 2221 8860 12417 12693 16204 10433 18908 17310 10250 11415 286 9361 5261 6243 5361 16022
12257 12087 3614 13386 15121 4856 8709 14333 7001 17274 14266 7876 11931 1750 3794 3131 19426 14459 15245 1480 550 3277 18500 14829 13363 12697
8665 14893 3348 13581 4071 15179 19287 19249 13992 11789 1138 11120 8738 6603 12524 9021 4363 12282 15851 7790 4546 2418 12566 19746 9743 14159
1329 19544 13723 9 12519 18353 5282 8202 6111 13396 6800 1912 8626 15184 7229 9984 7776 16753 5608 892 12011 2344 9873 3120 4489 5852
2431 873 14489 11642 5832 4102 14622 4095 11253 9159 1495 683 7334 6130 13419 11670 19264 19436 3518 16326 16803 15819 19051 16045 18908 1406
10003 684 5395 7584 4536 958 11526 17379 14436 8195 829 16076 8823 8389 4109 17702 15793 13564 12125 14078 12590 5600 2682 10915 5070 12194
784 1286 19379 9331 19708 2300 8715 9271 7770 13783 19227 6056 5276 2884 6516 10175 4864 17898 19382 12903 18656 18285 103 12874 3757 560
10520 3619 3884 1121 14193 3408 5268 11678 7862 17398 12877 2822 5481 9931 13375 12823 798 2707 7154 9878 1614 5851 9536 1419 18034 6551
10868 4898 17239 4335 2983 12661 3021 14072 3075 15486 14042 11129 9255 11907 8021 9654 19637 12376 796 2394 1979 9016 12078 19842 18372 19309
15589 11579 14706 6404 18748 8774 17575 3971 5998 16145 12969 11342 13485 14567 16880 11937 12634 17912 9172 11219 19932 7893 9391 5320 5124 6179
6648 4552 16342 19503 16148 6015 14189 13429 3021 4016 8507 8082 18355 17184 4486 12093 7752 15380 19039 3201 17559 6418 11382 10884 13257 7923
6268 4741 4490 18203 11200 3061 10763 13081 8131 18027 4097 13687 1021 6193 2603 8213 5556 11526 5546 17803 10570 7798 6584 54 5342 19346
542 1376 115 14818 15497 14939 470 711 1127 2979 18895 601 18773 18327 10292 19762 6452 18564 19599 19181 7460 14540 6708 17864 11601 3357
9960 4688 10444 18454 19180 433 4672 525 4270 3823 14257 5963 1467 12199 6345 5495 12802 8701 6185 12022 16100 10881 9949 996 17788 12670
19603 735 16268 16619 19910 15336 19292 2668 16539 18130 17853 7270 19583 18189 18341 15563 12800 19075 6999 9637 9760 13176 16340 6760 9880 17609
18382 11046 1265 8665 14701 15228 7802 8964 4558 7665 17039 7940 5858 11239 4963 12144 3156 2184 16014 16477 6737 5179 8313 15913 13525 11127
2899 524 10128 17850 9201 507 1149 4654 6312 4525 1304 17611 14177 10435 18744 19076 19349 11996 4954 14013 2385 3913 17076 19950 7813 85
4627 8961 7914 4482 953 7223 1244 8143 12246 10071 11956 13668 3644 3256 8723 17250 9743 6608 10860 5857 15539 16537 14214 9696 19552 8955
15269 13123 11827 7780 2275 9272 5072 13070 15634 19499 7382 15305 6454 14899 3861 5454 3316 13926 2697 4195 5560 825 9589 1914 14371 6356
13244 7434 5474 3873 11825 173 18894 16138 9421 4214 17664 13008 18157 8015 6081 7535 5465 1549 2408 10660 14310 6066 7359 476 12431 5817
15757 9489 6334 7550 3887 10327 12850 1817 14974 12338 17506 6383 16967 12111 15309 728 6228 13254 11859 2624 16171 711 7403 15084 15705 19059
9173 19385 8663 11247 5126 6516 13532 17077 13823 2061 8342 19505 13089 4816 3493 12003 3861 2859 10556 9521 19967 8820 7815 14538 8049 19565
4968 16205 17574 12690 7857 9275 18016 17067 10067 9908 6884 8942 8865 9360 14383 7834 7203 11085 10509 18040 3284 4668 5841 14299 4487 11719
16443 10920 7985 11658 10118 6189 13642 9546 299 6580 16857 14984 2667 5246 6470 18924 18311 11970 11382 19289 3554 4763 4455 4240 12256 4873
7669 58 1913 16879 38 11862 5349 2568 2495 18276 342 17888 14192 7321 13602 2609 6087 8427 19645 17631 19367 15671 13398 17078 10399 8411
3399 11723 1407 19111 2843 15508 13964 14498 1725 2849 14193 4193 917 7428 8665 9445 15828 2522 15659 13701 16641 19686 8765 8310 5484 4258
13149 12556 3546 18543 12204 13901 14734 7524 18393 6864 3975 9049 12881 15157 1041 6416 12984 19736 3223 16403 12494 8379 1858 11083 17406 13297
11027 5958 1855 12070 13298 11670 2422 107 19959 2344 16356 10519 3638 15160 14352 14643 10962 7925 12202 17991 6163 18981 9747 6381 4993 17011
5489 18531 1103 15696 16599 6472 2703 6065 6439 12731 16343 6868 7179 13848 12522 15933 14871 5146 3045 16149 15186 3932 213 9719 14053 9875
15512 2976 3178 14263 14360 8043 4566 2635 2503 2933 2458 8515 5704 10570 3833 18517 5409 10604 12115 8363 18269 1806 13426 16786 1852 15489
18685 8506 9511 10317 3113 3847 17996 19628 3333 2549 7117 10758 7884 12589 3952 3999 10617 4791 18758 10085 13561 2522 6616 15418 18566 6659
11688 15168 7134 15514 8444 14901 7543 9914 16224 14475 14914 17749 2472 11273 17116 1867 6829 13107 3127 1751 11534 7459 6813 4281 17042 2541
3442 10924 2230 10334 12392 12885 19772 12752 17412 7078 14524 4663 11574 6782 19479 14387 19655 4969 12915 10154 12247 13512 19905 11094 6755 17213
1822 2468 15295 16787 10850 7594 17122 1213 14281 7019 448 13218 10193 12616 22 6535 16489 10119 2726 14583 16175 17727 5345 12632 15316 4478
18360 2930 16989 3162 4581 11695 19331 15869 15808 17509 12212 15771 8630 17344 15654 5036 16337 5752 14195 1947 3380 15381 17007 15596 19774 2651
13512 12639 11240 19667 17447 40 19308 16411 14214 11967 5828 7407 4523 8489 19523 19751 7781 269 12250 11007 19372 15396 12943 15773 5462 6361
14638 19734 19960 7936 3230 16471 1812 16785 14292 15582 2773 181 6589 11575 16086 3912 9637 3266 6817 11132 10049 1275 18580 183 13769 9630
9694 4747 19582 11041 18125 15962 12748 7099 8868 13775 707 6811 330 16236 12844 1677 17232 6789 14590 1861 11874 7451 7339 8553 5077 17801
2192 6738 13004 4055 4737 17990 8048 2142 11754 15992 19033 5088 12556 9258 2187 12553 3100 3202 6227 3511 5002 16466 7993 2845 15524 12204
16666 8303 5394 16169 11556 11641 14973 16942 14205 10995 14529 17837 16115 14069 16936 13120 10677 5008 11991 19964 7659 16698 5795 16580 8082 1863
12103 13344 15832 10104 17003 4889 12635 18587 9174 6681 19117 4495 8017 10221 15329 644 18366 5778 2585 14812 1442 4495 1861 14851 19310 7592
8609 16909 1764 6509 2221 16534 10771 4800 10775 634 1147 8371 14149 18068 6115 15587 16571 7185 14890 9823 1648 8474 8705 13396 3497 15191
8907 2619 10730 12924 12981 8964 16271 19286 14490 6693 10525 9341 17845 19499 8029 9600 8454 14527 13 1346 2266 19226 16616 11305 172 10961
9314 4148 6588 4191 5419 7635 18646 4881 15514 19172 11352 13416 8534 17022 13085 571 13393 14016 14656 6480 8127 5575 4551 594 4082 18987
1689 16364 4492 1019 14155 7307 18210 15941 17766 19857 14321 613 15736 7494 19607 15639 16317 17396 5400 3986 16154 15055 1931 18688 6379 15057
19824 15589 8748 4675 14300 8512 6167 16378 5271 11978 5691 12739 506 9826 14142 7437 18431 19872 8119 18640 4523 2850 17692 16975 1948 12710
16228 13102 18411 12380 11149 2461 8861 9387 8458 1263 8841 3929 8078 19476 2244 16384 11337 8282 15629 11063 13203 14782 19083 569 2984 18432
8674 12205 16696 4627 14621 5653 4853 5295 4180 4088 2442 80 2054 3072 12188 12990 1053 2196 2775 6612 3753 317 12767 2177 660 14974
13924 7506 19153 7827 16507 8808 2980 17989 17487 12881 1738 5064 16734 13957 4397 11362 12367 15271 16997 2813 9784 13774 8866 6545 18589 4308
15802 9446 12538 5488 7790 7128 13459 18319 11898 13943 2440 10877 17209 4060 8963 8850 4926 17970 3436 15162 7091 2338 13937 10902 12296 11665
1218 16929 2688 8216 11300 15830 16542 3718 17229 19274 15752 14531 2529 11969 11576 15293 1511 13173 4534 18561 4699 967 2867 2090 551 11086
2079 6109 17909 16207 8481 9503 5041 18603 11651 1688 17611 7491 3982 128 13809 3109 19244 7490 11099 19452 3573 7282 9950 4278 15998 5458
3166 1879 5197 1449 6370 10328 2187 15526 15440 643 14269 368 7588 345 8244 7108 14995 16090 14436 19319 8081 14123 19730 11801 11506 18583
9267 3233 3803 12229 1635 14177 19084 6574 11207 5167 10080 18319 1748 1092 18001 7389 16918 4763 13968 19983 13673 2722 14075 16115 5506 9919
17812 5165 6095 16521 18371 8395 15972 18502 6097 8241 6402 7615 16890 11091 14815 4328 5334 6475 9944 19132 17564 19261 14840 7715 1586 15179
19820 18079 344 4741 4581 13630 13884 10579 14061 18121 7626 19353 10169 1736 3405 15720 4085 8896 11764 16105 1041 11117 5805 4773 3083 18542
2718 494 17738 5761 3556 17267 5454 13540 2042 14995 7613 10630 16558 14665 11680 14784 5530 5093 5656 6964 9130 1662 26 11638 7114 6761
17121 10741 4009 16783 362 11795 16329 4694 9357 2174 17708 18029 4059 10027 18731 4480 3774 10109 2025 16081 12801 878 14580 14301 17888 11574
17871 12275 668 9 7877 17404 12326 7910 12882 1096 7810 4341 15130 18940 15596 13745 12785 393 16042 15767 2122 9698 12686 11483 8192 19592
12764 7977 6753 10491 18409 6825 6043 15273 15338 11723 6899 4889 11203 4047 17874 18095 10420 7013 6254 4719 11470 13787 13033 2051 13259 11477
18885 305 457 16306 19757 4853 14204 13536 7458 9278 15816 5759 19862 2597 18723 14195 10450 6195 7851 13506 3751 19554 15048 5197 10261 19675
5535 18747 6258 11645 3545 10413 9968 2904 6931 12722 17533 12484 5277 8270 14177 12369 18042 19250 2660 16982 549 15846 5968 13640 2456 10984
16300 3549 7105 19286 5853 9247 16307 9316 14180 9702 7981 12466 9978 6039 9116 18261 13512 10903 14634 13301 11074 9228 260 14000 12999 6694
448 18032 9957 981 17075 11842 5416 7799 18481 1862 8242 17386 6685 6618 854 17136 19807 13409 4140 15648 16100 11560 9624 17029 14219 2144
13916 18506 14533 15309 1731 6614 8576 5857 19636 5378 9679 17916 7227 17714 2304 1002 163 8563 13327 2376 6713 7720 18818 15945 17151 10757
16132 14646 10339 19248 5784 16878 883 13466 5375 11438 5475 1407 5009 1901 9803 6237 15375 9329 12823 7213 15795 5181 19488 3187 15369 6748
6361 14290 15786 9623 12512 19050 10691 3564 17558 1509 10599 18962 10842 1474 4424 9135 8573 11757 6670 9295 8915 8359 12839 16247 9871 15632
15736 7682 18187 16372 16051 2088 15644 17483 3157 1068 8837 18739 8087 6862 19298 922 8998 15749 17841 16225 19032 11256 11247 8034 2790 9251
16260 680 13606 13210 12370 11734 17327 6696 585 12500 14167 13726 3023 11373 10422 2268 8585 9691 14841 6489 18715 6201 668 5171 17179 6000
13014 11988 7067 10225 16962 16091 15273 11598 3596 10928 10160 11704 1716 13331 594 2946 19378 7167 14747 19958 12208 6978 16573 17246 7304 10962
13810 15901 3897 10046 11716 12102 19268 18923 1488 3987 7022 8740 3814 5723 4079 9764 8593 8926 763 4091 18464 1862 2597 18735 15874 15031
19948 9748 13311 4881 5699 6553 2348 13486 17874 15054 19799 15309 6077 17325 12492 17250 11786 12011 18851 19957 1244 15273 10033 6949 14721 16705
2432 12128 8954 350 1210 9334 6699 9049 17644 18597 13485 4110 15023 9171 6441 9496 12328 19835 16707 2320 5559 11971 854 6561 9147 2510
2243 5006 12261 14300 6003 18413 12618 9545 10893 2404 16952 8218 4490 2308 333 1113 19742 2703 3742 7096 7636 3164 5595 9238 17861 6696
5053 6993 5218 11207 3115 19615 11628 18424 10473 5984 12673 1578 15790 5232 8524 7282 12162 1580 10189 11730 17562 19557 18002 2166 8766 19903
8859 14106 15807 16385 10337 10188 16504 8872 11000 17992 5882 4003 8679 10093 10756 13625 15338 8748 8796 7706 7203 11550 5795 19841 18213 15823
19629 12163 11607 19887 9133 2806 2534 16873 17838 3051 3729 9358 10834 14846 4831 17873 993 1429 16326 2078 15009 15468 13424 10662 8477 5701
12652 9357 7659 1714 4812 18143 18226 6087 9011 18800 14945 1903 12278 10155 1865 11878 12255 12078 16292 9164 16192 701 17365 3556 7679 17226
15388 11479 12257 181 13080 3134 16410 594 8021 3017 4336 16908 19711 6627 7 9747 17820 8037 4823 15350 12335 6411 13216 7124 14706 15280
17767 18290 6963 10311 19343 17833 11435 13075 2103 11222 3981 2623 14268 552 6808 10651 225 19572 14999 16419 4203 12504 19889 4049 10951 7307
4830 9627 19999 13010 1635 1221 3423 19181 5491 14548 14610 7691 8464 15443 8598 3027 14167 1252 5455 3820 14357 14494 15002 3197 12174 4674
9777 6889 5096 4901 4311 19026 2803 7703 5515 14498 6891 5992 19463 14037 13731 14656 2034 3922 11418 15899 4999 18365 6277 11734 14592 7379
529 13021 3003 5889 9883 16464 8557 584 7052 8038 12828 3835 10709 16685 19064 11266 1666 10691 3161 10914 11659 6670 9091 18268 8167 10451
11327 13260 3232 3264 2568 10828 5562 11576 8406 4508 3662 15242 12048 5888 12550 125 12184 707 3198 7496 12981 9248 6801 19669 3497 6056
14731 6933 17896 16913 10557 4055 7075 3492 11023 12809 9828 18703 56 4941 19051 6294 1320 4579 1092 6933 6370 13447 13142 14293 7156 16555
11773 18539 14650 2074 11402 10156 3965 6725 3538 16743 1874 1117 9700 7878 16638 1594 1975 6006 6607 19763 15985 10700 692 8527 18540 7585
2741 2291 10101 10472 19496 10048 14453 2334 18948 103 14904 14334 11830 9953 6122 12691 5927 11593 16098 15209 18579 13103 7084 4818 6146 7392
4382 12636 8066 19782 19376 12986 10309 4037 1248 11609 14909 7067 6829 13348 13125 13085 6825 14420 19225 16156 11149 10232 11665 5436 7627 16671
9090 7543 3054 19046 13260 7125 14556 5901 6317 13633 14552 12378 10570 1436 13818 25 10469 12471 13904 15995 16392 16500 2586 15882 4409 3176
1247 10230 14668 12147 19509 3376 11766 5906 5855 3630 9711 2025 2227 15679 11062 2892 3444 12868 16872 8922 7212 8871 2888 7355 9146 5138
1179 10303 19691 14662 19079 9407 19491 3578 16587 14820 13980 15182 10875 8123 16304 7579 17949 8216 17581 11590 7488 1081 10145 8186 12846 6074
17996 11472 10981 4298 2188 12951 18857 8825 14653 7537 813 15079 15217 18554 15691 8755 4293 13491 13208 15838 14525 9818 12930 12165 5322 862
19200 5799 1994 8044 7296 10289 6102 627 10402 16450 17541 6071 8752 8462 5952 12032 19216 9650 2360 17066 6385 19835 14774 14294 14055 7259
2767 10719 9845 10637 14907 11284 13905 8922 19683 14430 18077 6252 6190 15444 15757 11622 1004 13740 19726 7487 13706 1380 12451 9221 4835 16769
19660 9288 2980 16287 6995 17071 9245 2249 989 11755 7142 10039 13327 18199 7445 7102 3330 8782 13535 10467 4275 19192 10076 4107 15547 5532
13225 8501 3813 7471 12736 3870 9984 19174 15338 16268 13622 1327 13533 18830 10422 3773 8577 16692 6457 13309 2510 8563 9506 1284 11060 15809
3943 4027 4759 4074 11338 3639 8883 14731 5938 12574 2639 7573 14555 7509 7190 14626 12622 13988 9380 8997 1256 744 17924 18860 3047 12629
15386 14599 7585 4037 3246 10770 19031 13491 8277 16566 16983 12809 11090 2347 11950 3126 13868 11016 10045 10114 749 2432 17103 871 9754 2729
16927 7197 12767 18030 11162 5158 17052 7054 3229 5966 18899 2955 5192 2234 9513 7182 1706 9836 6782 239 9163 14462 10219 8455 18919 2963
9308 564 11942 17688 2919 19489 17405 11718 73 9281 4519 12597 13297 18868 219 14413 550 1779 587 5552 1260 16908 19527 10421 1017 17681
2480 14721 6085 17407 1651 7479 10025 10207 17081 12897 1822 12669 11733 680 17640 170 13030 6861 2979 9219 2855 9423 8014 15213 15923 2464
18744 14863 16719 551 13210 5372 10293 2132 5235 12366 13041 17740 11209 6554 12608 1973 3493 11594 8475 16965 13967 7558 11015 11518 9977 16728
2390 13537 10717 8549 2441 13053 7865 1296 5217 372 16374 18243 1674 4669 7157 19509 13667 6975 7882 3098 7668 19650 16380 16 16764 13642
13370 14113 17287 12643 14803 19419 19840 4843 18131 14298 18299 5992 12237 16190 19020 12870 14004 656 17547 11446 9335 10646 4643 11827 2114 14704
14753 4834 9428 15008 11867 9992 18979 14384 11999 5614 12602 7367 17477 12617 4928 11530 13293 1378 17071 8269 401 6014 12798 17900 444 17269
8097 13213 13003 5807 18445 2591 11782 564 4256 12449 394 13170 13959 1258 5161 16075 1593 6914 18935 18293 16649 10446 5743 14575 1407 18475
8588 9301 3515 3973 9379 6678 1791 7408 10184 19990 7494 2659 19040 16466 10219 16565 2624 6179 16480 3596 3857 241 13156 774 8427 18627
5362 16667 13676 7089 11363 4903 8394 932 11705 16936 18437 16357 2453 12751 18101 18874 9777 17730 18894 610 19077 18749 5249 14524 414 11938
13335 19113 1647 6712 18283 9278 2186 17838 15558 12689 10143 4663 5617 5035 2255 8362 3406 4348 10356 1989 15135 12143 6120 15142 15584 6315
19008 3057 11004 2865 10333 12099 18643 14060 10316 12659 13350 5310 3753 8444 7005 15244 12099 12426 9212 17846 10136 812 7281 19820 1365 5981
88 17060 9938 14471 11086 689 18569 16107 17726 14238 7020 10982 9952 17538 11714 3361 6 9312 8508 16521 14581 15376 11044 6140 7576 4696
6347 13816 11550 13943 10030 12219 5739 5177 8255 17768 15111 6447 3651 3355 11504 1366 2744 11655 6877 8270 3475 17456 11342 7999 15801 8151
5304 13575 11546 17334 7171 19762 12241 14664 7517 16320 15125 17893 15632 8910 1750 827 4249 7725 13178 12304 10423 8978 15240 2622 5801 5587
4952 8502 17755 18897 3979 15300 17103 13587 4619 7181 18144 19164 3117 7817 15880 11386 15631 4353 13957 19443 1856 1645 17013 1258 17807 1298
15392 18427 16983 14809 3082 13283 836 7906 19776 18118 17587 6048 9113 8172 8455 14821 12065 15537 18854 3770 4572 1533 9601 249 15443 12000
4848 8488 14683 8785 5191 11382 7063 12107 13409 11910 10016 16088 3835 11573 13161 349 19965 18135 366 3453 8404 17787 4236 9524 19238 15386
4197 8876 9116 19403 9713 15249 2832 12005 11877 3041 11987 19205 7092 2546 15448 12241 3091 4564 16452 11530 14350 3268 13013 913 12512 3550
18763 2505 5679 10483 11511 19083 18313 2528 13911 6685 2995 228 15423 11407 3839 273 508 6139 4825 18544 4662 2309 1249 11017 7413 6786
2305 18394 19774 8563 4059 18392 16211 13450 6254 9246 15611 14674 17805 587 16393 15462 17364 9228 18707 15595 2702 16015 4731 14878 1534 8613
9030 10209 10857 13329 11145 11921 10758 4792 8480 15504 2238 13097 11466 217 14267 9543 15870 1418 4644 12648 15266 19836 10811 9180 8197 8332
13593 10113 7973 500 11145 16956 14904 12924 724 5267 19738 3622 19220 18115 8259 19523 11321 9566 13163 12766 10489 10523 12640 2447 17165 9683
17712 8768 475 1039 17705 10128 2109 2800 8235 6765 12305 1558 15846 9562 13350 13506 15454 8770 16393 6024 18325 10829 6202 16426 19700 5827
18504 2160 6225 17524 10273 13207 16770 11144 6926 9723 10438 6593 19432 15674 13517 12163 18275 3867 3439 12167 9858 1838 11269 18995 19678 9802
7453 4806 4881 6392 13153 8331 19891 2985 12801 8635 11740 16389 5189 19591 2344 9961 10601 13245 10538 4201 16699 979 10405 6723 13644 10323
15307 18091 14471 15387 19369 19946 13442 4746 2169 3610 6657 10051 13354 19478 13792 18607 13168 5136 10759 16613 17756 15746 8060 15166 12403 14439
731 2768 5241 223 9169 13972 5578 11181 14598 13353 11889 9532 1103 16373 9383 18415 10391 5608 16861 8449 13098 17170 12958 17896 13218 12773
648 14966 17759 8313 12787 15638 1423 19281 8636 14662 2426 7767 16629 7837 2007 17123 12719 14187 13381 3630 16000 6895 2052 10319 12431 11841
13543 18959 13028 4030 19360 595 222 12936 9905 6761 1887 6035 7802 5659 844 17173 18270 17990 6950 7753 7777 18501 1455 8057 14708 14423
9939 4871 11363 11966 8329 4876 12924 13265 19086 13724 11602 9530 7552 2301 9805 8210 6965 3377 121 3897 8748 16906 18023 7966 8619 13067
14472 13179 2172 19441 3414 1190 3225 7209 6991 18356 9273 12866 24 3062 13651 9897 9152 11628 83 10747 792 5537 16564 2793 2511 4124
907 17369 12001 11820 4137 9314 6981 18820 12036 6235 9671 11200 13742 9492 2025 8640 9738 10669 168 11968 5727 19582 10819 3672 15539 11552
7396 2287 14442 11637 14233 14837 14552 13499 8213 8112 2364 11141 7155 10766 11098 13296 18702 7675 7126 9737 17972 8274 15505 19756 14712 3459
8946 5578 1581 19776 16382 201 2846 2961 6678 2135 8424 14751 13238 18967 16718 4550 14672 4243 17909 14211 12097 18087 13002 12598 15333 13632
1799 178 18869 17242 9171 2680 3369 7019 12872 3534 12212 9442 12483 17390 9547 1477 9684 18100 8612 19121 1312 3430 11270 8667 4666 12361
11802 3531 3424 8012 5893 9534 19315 3650 11036 11036 16585 1807 4672 19021 8256 5634 17962 4530 1632 15854 7775 6134 19652 5630 4797 13261
19008 2967 4057 8527 2470 10277 838 12540 3839 11016 5071 836 16550 876 15303 15901 12786 2660 5061 19707 6534 436 933 4370 13813 11085
6680 14218 8103 1560 17199 9194 2995 12911 19898 8384 13288 3976 14621 6068 12934 12484 5172 18129 1712 2749 17072 1624 15798 10279 17711 13250
6655 3461 7320 11699 18874 3359 4304 10237 6378 17694 18149 7436 9630 16273 2316 9085 16583 9449 13452 19165 4641 12435 2270 13015 6593 8535
17269 19149 9234 393 4226 6322 9404 17381 17210 11512 19370 7384 1939 4492 16001 10675 2849 9041 16714 2246 4018 5636 10017 12466 15473 18666
17108 11491 786 3758 8785 9316 183 5888 17910 506 7548 522 17822 303 18106 14046 15766 5039 5852 18729 4983 10008 3226 10859 12646 18803
15394 11371 13825 15058 11215 1027 5554 10342 6636 463 14066 19562 13854 13393 3181 12091 17046 10176 11456 17142 13045 13403 9260 15306 14460 578
12089 9472 3831 826 18575 4008 1991 3810 19588 17005 1971 7621 10532 13637 15769 4122 15147 4286 13841 19341 507 5366 4961 13432 1867 19092
11885 18873 11800 19611 13164 17410 6621 15756 5617 4125 14970 5717 3006 613 12908 11652 6639 11668 5964 11651 4908 14841 15058 16152 13446 5651
19903 13703 2075 1244 5519 15380 7100 15058 19536 3089 11878 16838 3970 12520 6579 8553 13911 17393 13841 12642 3381 13175 8480 4377 15565 5465
12995 10708 18620 11050 11404 4375 1577 17016 2047 6273 18114 11213 3885 7937 6821 17766 6708 15487 12516 3746 16754 19350 15300 4631 14171 13595
7186 8785 3156 1915 16642 13712 15942 14866 6286 11773 16514 18199 2316 7814 1676 5801 18279 19334 2060 7807 13048 19258 19031 19493 2960 1877
52 12006 7896 5362 10781 11482 4791 10540 12621 10445 13003 9836 18276 11123 15304 3581 12462 14413 8697 7973 11829 7264 7452 7103 5245 6249
9311 8070 15355 19178 7845 19758 5693 11167 1297 17395 5387 10022 3885 16353 7031 8247 13 9695 15189 14248 13837 11759 19807 5947 10998 14933
8863 964 7400 16854 11823 4895 12060 12654 11388 12499 2646 290 3703 433 4036 13202 17650 10671 9767 1612 10184 18335 17360 14484 18961 6366
8741 14771 11782 4482 1777 774 19985 736 1968 5874 19302 16673 4779 1565 209 2613 14677 17198 12236 6909 2502 6330 1740 16208 16137 6101
480 7912 14561 1714 19693 13144 4825 7057 17836 10906 7912 8365 4061 17981 9375 19092 18930 9795 19388 4928 8653 7982 13121 1595 12716 11725
3289 19021 5526 13266 3217 8381 4539 17759 3212 2960 3398 9018 13209 1638 4938 16708 3823 969 18067 19458 1907 8333 16405 2923 16642 3253
14186 3232 10974 19314 16093 10088 3580 721 3615 6822 1727 2541 9231 3122 669 14794 15481 16164 15319 6783 11618 16413 5921 6695 15957 580
5632 14865 17085 17513 2030 17580 13134 7347 4073 17471 4898 2559 9282 3854 18204 15303 9983 8662 1364 2994 8916 12080 5304 9171 9751 7943
6818 16631 5783 2981 2484 4195 14920 9187 13898 14143 10083 1021 2578 3200 726 11820 5765 1577 8327 6416 700 1216 10928 18068 8894 17926
17703 10042 15174 8462 15605 6051 159 16479 781 13363 8384 15252 18753 15500 15373 6926 592 8152 2818 14613 2293 19820 19130 1411 1386 18986
11734 6366 9641 15733 18740 328 13732 9611 4357 9548 19108 18690 5730 14161 4677 4341 13279 11297 4940 16430 3558 1307 2083 19022 7883 15896
14944 6066 15113 3877 9414 5471 4347 12423 1456 887 11758 16186 65 1081 18018 8759 7202 11454 19171 14115 6415 14999 2229 13183 354 8663
13153 3338 18826 5817 2538 611 18943 9100 10529 4352 18738 1533 9230 1527 976 921 6333 15027 16020 11237 16306 7169 10885 8107 14117 10241
17842 6571 16640 366 6267 4370 11212 12971 5785 10096 16612 18182 4457 6797 9207 15220 7668 19922 802 9170 6726 7580 7841 19753 13912 17248
5418 13092 12453 3908 12796 2698 14792 11480 3832 16739 603 10517 18016 16838 8811 15041 10207 3228 9253 12221 3983 14991 17810 9979 19054 560
8815 16000 11031 16879 535 207 14551 15455 866 15793 4820 4524 4171 6097 18016 16137 10026 16331 11653 8622 18629 630 3807 19437 3433 16047
10636 7681 14415 5395 4598 2403 13479 16525 149 8427 9944 12219 10683 3534 8501 12128 15397 3693 18506 12416 16502 4268 19820 702 17199 10094
2185 17678 4753 9096 5699 687 12638 19727 18265 7942 7382 4509 7125 517 17821 4553 9266 7172 8304 12173 4453 8021 8730 1446 8229 4088
18059 11509 6601 17624 19067 17531 5946 16563 10353 11288 11977 698 12247 4067 3650 12859 12608 14557 1737 10574 4145 7291 5055 18275 554 9012
4356 12044 13020 6502 12968 4694 205 17344 12262 19255 7003 16535 119 18472 7249 13342 15217 14664 13345 12092 8064 17321 2741 2594 15245 19605
955 7132 11535 6055 10978 1632 19327 6881 470 13789 16232 16049 8179 10445 18992 18833 798 12753 3379 16113 14909 8883 15492 5994 17444 4006
14742 15665 18787 18520 4147 8982 17712 4062 8348 7893 15307 2236 5727 13399 19115 5131 18807 7480 14187 896 6430 8193 5109 1811 15538 8802
10603 452 5524 2789 9977 9532 2154 11637 4443 11859 9822 19774 5505 522 1822 5787 18111 498 16512 1584 19029 12359 18081 1335 15522 6760
1507 3809 10705 9124 9799 1723 5471 9338 789 8861 2152 12584 2457 1769 2606 9034 6796 7388 5267 14405 14842 1749 11920 13713 17155 19824
14226 13117 15763 11663 18695 7820 7675 9822 9757 13610 10325 6452 19629 12613 288 2751 11009 13113 17769 8600 19260 9855 4436 12973 6727 15070
13066 18520 17542 7665 872 3155 15447 2088 12234 17140 19074 2373 17952 6632 6732 4364 15735 4848 15001 10794 9214 14968 5102 2769 19206 14253
13552 17669 16710 3604 3176 1863 3698 19975 18676 2423 5566 17947 7573 5242 2710 3856 4208 15349 12960 16549 10118 1539 10510 13290 1569 19020
17947 17118 17458 13543 2224 4074 14119 84 19947 8797 4241 658 4867 16484 9680 14724 8761 19598 6142 19964 2725 8788 18227 19283 2961 8373
9231 15305 19702 18584 4328 3236 18626 15954 4300 2793 4533 7379 1068 7764 10661 5470 2690 4556 1299 12459 18910 416 5396 5060 10425 16353
15305 1816 9047 13081 17699 19507 18846 8546 10124 2017 2814 10220 4873 13582 15466 462 9479 18244 14582 6612 6387 7093 18019 17971 1410 14495
17660 11394 4131 6081 17098 8759 12579 6030 12460 13570 17996 7360 6256 8294 10729 12261 8091 9685 15864 19624 19814 10324 6293 179 14092 6419
3226 10610 3089 575 13751 10590 487 10563 4381 19620 549 11196 11304 6878 3598 18302 8043 11030 6279 13763 13789 16648 10155 3182 16943 13900
9292 10865 19512 11801 14783 18854 12636 19128 4411 1930 14947 4334 6775 8872 13904 9267 18726 10764 6080 4613 5367 14889 5459 3027 4071 11118
12058 11562 17825 9436 6696 19890 12019 2791 2176 1578 9080 19122 18873 12046 5786 5449 3437 2694 7355 5712 18391 15445 12494 2603 16809 6546
4502 1208 3164 9166 14104 2122 2822 11516 5263 1830 9632 1592 16844 14175 16532 5758 1075 14781 17644 17558 11335 846 16063 11279 10906 11934
2241 13195 6149 13709 12916 3583 19901 6795 5593 9260 10619 7119 6601 3326 8735 19498 10678 7641 6397 10904 7805 1567 8947 14133 275 6941
19471 9461 11402 6598 5636 9715 10969 11989 6082 9160 4133 13130 16434 12805 1821 2570 4604 10243 18985 1707 8453 5007 13864 8473 6496 10175
17334 9745 16610 16783 19785 5932 15213 14536 15353 8725 5207 9156 9286 19629 1144 5594 7453 7265 3501 8610 9959 4213 17798 12846 4813 7464
15522 1940 4470 17515 6778 3492 7002 3954 12908 4673 2012 7946 17310 14993 8309 5304 4400 10937 5373 11787 13407 2784 18913 10311 9758 4043
15813 15951 5307 17920 15338 10506 16392 841 19806 2378 6615 4381 3478 3075 1523 7504 12800 5649 5173 3184 4961 11187 9147 13012 9959 12724
17524 297 13169 18360 11360 14802 8288 2324 19162 18584 15379 17993 7187 7238 5923 3100 2878 14757 17383 18208 6045 4130 4566 3773 226 8696
2405 13365 10159 5180 17547 13131 8484 2550 12498 3682 3805 3710 9053 16149 15351 9615 19662 17974 14901 11843 9433 9349 17272 3541 9496 10480
15186 18761 917 2342 19084 4999 1177 5741 2323 19249 916 5878 13693 1586 8065 12387 2642 619 3373 4173 2214 12715 18162 12836 1743 355
2791 7938 17549 5986 15934 14074 14481 4624 5027 14353 12181 16488 10697 19478 10153 909 4313 8579 12045 14909 15626 6564 13451 16941 19320 19318
16721 4357 12631 2899 7669 17377 13452 14442 18716 17103 6552 6744 11012 5196 10314 155 14639 16441 13216 6871 18227 14954 18921 19722 12007 16686
4525 5181 16627 545 13315 7921 12675 14574 6622 4878 2145 6537 8064 5223 12409 10982 11387 7540 11034 13822 10775 590 13405 3607 16690 19098
14643 7506 3204 1357 1510 2808 10629 6235 635 12000 14621 9933 748 11027 5181 3524 15033 14972 13643 72 3627 6829 17920 8337 17018 14610
7052 10902 15681 9547 14285 5968 9663 17304 18685 18920 6222 15695 5564 17563 14051 17181 16368 11373 10542 12854 19027 14131 10763 5048 3281 2928
9220 2231 19130 15042 8922 19478 1111 4894 19684 7992 17562 16262 15749 5439 14999 3537 4616 2094 9367 14874 9247 1412 9978 11991 3094 3877
18812 1388 12193 10143 8742 10186 1286 17040 17068 19536 13232 15387 6699 5345 6123 10000 19542 15590 3098 12759 5540 2468 5198 5924 9887 5530
16163 15955 13681 11078 13139 10548 12279 12092 15273 1692 16528 11845 2091 3013 17999 10471 15347 7265 13591 15478 15976 1691 4970 10680 7037 6544
5474 5873 6128 5307 583 434 1533 2316 3656 17039 2203 5014 6589 19307 17733 1721 3230 5142 14868 3122 2935 11607 18838 13711 17027 1638
12458 17935 12753 8872 16998 518 8180 10985 12886 15197 17620 17914 4118 9015 9849 12372 2235 12693 17232 7069 18550 19026 13686 13046 3748 5181
14160 18892 15148 1653 7639 4768 7000 13097 4149 13636 8260 8882 13971 11804 17969 5231 10809 5803 9033 9455 7376 16382 14382 6891 8611 9826
664 11864 8003 3642 18829 13193 11683 6718 2272 14786 1132 6880 11633 19701 9963 9691 10309 17046 1057 10791 12165 4581 1636 17861 8094 15330
19055 11105 13802 17915 19426 9409 18662 4340 2141 9795 8752 12335 16185 905 3755 14974 4107 15582 8646 19593 5087 3262 4937 16692 14477 15688
6682 4228 15167 3696 1592 12437 8137 9205 4870 5336 13604 8703 7298 8576 10652 11202 3508 9852 8889 2899 15980 17511 17623 8259 12215 12634
14810 5435 9058 2279 19575 5985 5602 1869 16873 11521 9698 5901 7348 8913 9069 13373 7490 9793 6912 2709 2396 16192 13777 11276 19540 12912
7064 18165 11524 11122 1443 16706 6045 7772 4585 2088 13307 8857 12170 4124 17727 4186 3390 9983 16906 9867 13902 15980 5262 4498 6452 3645
5580 16402 18245 1757 9640 16606 8305 16997 13040 7728 10861 221 8699 13608 14017 16214 11557 6843 2877 11228 5695 17952 14446 16507 3153 7655
1315 9148 17638 2747 9701 1531 12120 9351 19724 17850 1907 17259 6870 11763 8277 8273 573 12179 7604 7324 3179 12186 3774 13818 16019 14574
16587 11278 2095 16949 15004 2145 5661 16761 5082 7814 9968 19499 752 19529 13020 15166 16185 858 21 3317 3457 13544 13229 941 2821 18969
13327 1327 11802 16842 2469 15122 19971 13302 10517 5993 7760 5509 8811 11720 12263 12643 15097 1913 7576 917 15800 5860 15904 12803 5125 14227
685 16717 12498 11838 18368 15579 7675 17609 16039 14368 5534 19890 7825 5880 13371 3922 17736 10126 18300 16461 11193 7373 13432 14732 11707 18982
960 9909 16065 2686 4441 8197 2515 10960 15424 6671 13169 8926 3758 17459 16758 9728 3329 17238 6982 7579 3407 19370 8775 16186 6689 16564
2841 672 8807 10876 5522 3453 5786 19022 6547 6064 3743 9206 16606 5150 8211 3174 13820 16841 11102 13667 9973 12660 13397 8821 12674 1841
16930 15753 4156 2380 1876 13185 14909 2165 19801 11741 18739 4366 10585 9524 10841 7900 6764 11961 17684 10200 6541 2592 5306 14997 45 2575
11369 15293 1922 17365 18669 11278 8101 2662 13010 13458 16405 17695 1122 11085 4074 19048 491 18295 16511 11834 18247 12951 15581 10707 8474 14599
6337 3128 10877 15881 15600 19105 12195 3301 19602 12972 10512 9370 7432 4694 1834 1604 12822 18191 14897 14794 12476 126 19458 13860 2206 16011
58 5349 1094 2952 2026 15608 14855 2042 661 2979 8895 19153 10818 12266 15402 14252 9424 14438 16044 18419 8848 14379 15086 2716 8512 16874
10818 4053 12199 3838 2974 19893 6108 5147 4519 9279 8957 19494 4131 16516 10583 15747 19200 8715 16897 1433 19948 17658 18894 5072 16129 18674
386 18463 16814 16975 26 15098 11252 17206 2252 6108 15067 5793 15968 6540 16904 9717 16183 17977 4945 19588 4292 4315 1045 14182 8149 5452
12358 13352 4980 8316 17083 5676 7402 6525 4041 13556 14820 5305 6844 1394 7391 3648 6113 13899 5477 5201 8355 14276 16410 3325 2102 4620
393 15341 14847 6732 17241 11534 11838 18909 5880 5328 9097 1918 1296 5771 2004 5576 19504 14573 1473 19681 15090 18638 7539 19355 11110 4988
357 18891 3953 19969 2546 4606 9043 5250 15872 11520 19604 15761 8497 2363 11189 16211 11143 15104 14703 8203 6265 577 9767 6842 1851 17609
15371 15458 7783 4755 14967 14037 6027 14440 9448 10613 3077 3328 9308 2401 4886 2369 8737 8977 9004 16934 12904 14384 7624 5459 3439 15624
10333 18303 16822 2766 7804 2534 2874 2683 12144 11908 14097 19869 19899 4443 11367 5937 5447 4179 8983 2314 4214 14767 2754 2149 13592 8332
449 11418 5363 15000 15152 0 14260 1518 8898 12554 4253 11707 3887 15612 15991 10465 8992 15759 4670 1450 13205 7821 19390 12337 17554 2527
15949 11884 4929 17029 4063 12620 11162 3451 13104 12377 17993 5413 6870 10030 17939 11929 11036 10807 10515 6430 14391 5553 15753 10193 7238 914
13777 9307 14832 5923 15742 17257 18033 14170 1030 4064 4757 15322 4780 8435 6288 5604 14629 3730 10045 9737 10357 589 17000 19187 19453 18003
10601 5886 7033 13983 12160 11911 3243 1666 5747 18381 17577 11892 15458 6772 2889 6806 14337 13415 13841 12739 1957 16839 18057 2783 5481 3292
10566 19456 1041 276 1531 11592 17112 11162 19518 14404 13628 8175 4298 7901 7440 1711 6327 3381 12174 1938 19771 8786 11583 17493 18853 10257
59 4084 16256 2164 16504 13659 405 4239 14697 5371 8077 14258 3881 8674 19245 6652 2829 18462 7995 19142 1479 14618 6271 2909 5596 358
4099 1984 9062 7889 19534 8108 15083 1793 10381 11052 6927 14125 264 2849 576 2296 15979 1676 7080 4772 10829 16645 6015 9915 19115 8309
7301 13864 9347 15454 18880 18768 703 17481 6512 10186 10437 10346 7921 5975 11448 17866 9756 5310 11877 8441 1174 16854 15272 17976 18318 10481
997 368 13524 9158 10609 9184 11099 7193 8874 6709 66 4643 14551 14528 2187 4823 6241 14389 15694 12430 19787 13152 13811 363 10570 9871
11740 14314 2784 8998 4112 14546 12589 8840 19627 19766 7665 10082 13764 6667 93 13522 17077 17387 13238 12023 597 16807 13896 18353 9486 15058
2453 11960 4040 8830 222 3118 15552 4203 19062 2466 18303 16208 6985 7651 2928 13737 8031 2161 686 19769 15801 17685 11091 13248 1736 17102
14920 11708 15769 15424 11237 6894 4165 1312 5788 9233 19929 14988 16339 16560 16708 15836 17368 2394 1435 11425 11993 7856 2179 14139 5485 19203
3878 10806 858 12288 2808 13167 18141 670 2209 7006 17965 10986 4202 5073 7282 4035 7212 5977 11363 6555 13078 3233 13080 12292 10821 2839
6287 19320 3218 831 15470 6956 17281 7206 8797 12672 8702 12240 1362 7497 10410 2353 14946 5076 7349 13480 14410 4005 14716 11127 17048 13436
7684 19709 8909 17339 16617 11275 13256 5916 15330 5375 5930 1408 4651 5039 3100 14476 5399 1720 17148 3969 11637 3879 3126 13290 12090 11281
3434 14447 8506 17841 19541 748 12549 4867 12117 4800 1340 6840 4847 14646 14170 12668 4908 3786 1066 17783 13717 9100 14223 14660 11925 10898
18022 11526 10496 8516 8602 13127 9835 9178 6639 1339 3338 16270 5107 7220 16900 9243 5149 1192 3839 6098 12759 779 10672 3381 18354 15886
141 5495 14792 3247 1049 15276 6480 9489 19282 3477 9592 8527 8164 7521 10886 1220 12048 14804 6500 616 15919 4246 11703 5289 15101 8219
385 227 7813 1016 2706 3911 12599 4125 2102 14475 11556 18543 387 315 3517 16476 864 4039 1881 14768 13125 5722 15498 13892 1309 1752
10018 12153 73 17353 13001 14930 7199 9342 13513 6710 7166 3100 8487 2288 6027 9390 4343 7887 342 14436 9083 1246 5306 14918 4790 269
4227 10749 19910 11817 12298 10106 2672 11756 3560 9751 6736 8942 9207 9155 7596 17467 2452 8319 1146 18505 15164 16467 6943 14960 10054 13615
16339 10709 19672 4042 9953 1868 10474 836 3508 19673 9245 841 12601 17603 4953 1532 7982 12945 10320 8653 17165 2189 2003 10528 19582 13635
1494 12765 2199 14489 8252 4969 19539 13292 7930 17800 11868 6775 10959 3966 17526 1455 7876 17835 3678 17649 9764 805 19972 13538 10337 19393
11775 777 14977 565 5813 2197 6820 18637 18254 967 10033 1576 12531 11392 6669 19527 4081 11558 13610 64 13914 841 16777 3502 9660 1052
4133 12760 16151 8628 5200 1302 14232 383 13254 6703 17869 11823 1616 316 18292 15583 16025 10004 6623 12319 1419 5610 266 17672 14064 4013
7495 13273 6037 12992 12061 411 425 680 13717 11045 3321 13563 9579 8861 7602 19798 11694 13245 13466 387 17182 12739 11565 5604 5547 10625
4204 11415 11132 16239 14253 9293 7286 17781 14133 13782 18641 14683 494 16619 9987 3303 289 9974 7094 4739 10596 6635 1565 14095 9155 14396
11331 19418 8976 16691 14134 15172 19468 12966 3777 6481 7254 5238 2749 2671 1235 13116 12018 3999 6733 5920 8413 14047 19008 11014 14813 2894
8695 17865 14431 18723 709 795 11995 10184 19915 998 19139 8210 9005 7036 10885 13720 13216 2341 17113 19244 3704 6744 10841 18501 5819 5789
10294 6103 8964 7717 6176 1221 13632 18767 9978 12358 8681 211 13413 15119 3573 15216 18194 11681 4760 5928 2413 12173 371 7260 5508 3250
14023 5228 6549 12296 1498 10630 7277 5119 3866 541 1698 3002 18792 16860 9195 8278 11945 5193 19335 8424 7736 13988 10910 3289 11066 6554
19416 17956 3820 291 16268 8420 2974 18725 15132 13252 19359 10667 254 8805 821 14940 7164 11854 1495 18494 15143 763 3179 1948 17631 6747
2422 17500 5825 14778 7824 18509 17664 4505 3568 8254 3818 15770 7799 13022 12580 17021 18046 17193 15882 17016 15164 10946 7808 6083 16401 11065
4873 19963 12479 5111 1034 10336 11137 4891 18289 7446 866 4779 10208 19418 15551 15697 17491 6472 2989 17969 8311 18831 7402 13840 11170 4976
18196 6949 8045 6964 6984 10305 4013 5913 8510 7371 15192 4297 18773 15441 9514 8211 4806 12206 11917 5302 8689 10346 15573 17331 2211 16008
8530 19326 6738 3159 13327 9452 6069 17455 12693 11973 14531 11329 10555 13870 13394 14959 19173 15474 10987 10611 2687 5276 11702 2659 4308 13693
16421 11416 11534 13099 14020 3657 10256 2197 4250 3288 11019 19273 4827 19079 16153 16834 14124 2673 16110 9248 13171 8949 16828 11355 9652 13529
16394 10392 7829 7738 15002 3357 13631 10674 8624 4387 1215 11434 2839 6967 2893 4052 15001 2261 19736 3711 1164 6249 12839 8005 15313 16213
7220 16572 2924 2719 2337 1273 10944 9356 9009 9749 18491 7604 15540 15377 10592 14014 1535 19768 4584 6347 3750 3233 9353 1903 16272 15970
2799 8266 6246 8525 1610 5672 13629 10804 9531 16002 10932 2594 2304 4866 5532 12461 16142 1912 2031 13150 16032 9472 17710 10393 19206 362
15127 1992 18365 4553 16338 762 18260 9007 2156 9906 12718 11261 1155 16307 2746 6567 16535 225 12234 323 19722 10925 2285 19116 15352 5079
17375 2724 15401 1065 10593 1486 10452 16695 5967 2332 2573 10911 9361 15884 16730 15413 2625 7546 17633 12804 5059 7022 12276 6859 19234 5707
1887 11278 16777 18270 1786 8658 5656 11229 18634 6330 9105 6631 12758 8819 13232 8939 6481 1902 13930 9689 2932 3984 19889 19123 6641 11237
2967 16156 16798 7293 3313 13567 16719 8021 4028 12191 7093 15646 565 11037 3475 18512 318 10177 11375 3567 9 7337 8793 9463 3445 1935
8771 8180 12079 5223 18433 18050 2284 8582 3870 10582 3859 693 3081 973 16243 2711 3923 14624 9275 16260 15027 12607 8737 12157 6898 2342
13716 17567 19024 2326 18134 17776 7298 17094 15973 6369 14287 6124 13139 11444 15617 9468 17119 13281 433 19157 19654 4724 16581 6596 14002 192
335 5817 3232 12509 17405 17553 14573 8674 14155 15336 641 2641 16999 13689 5017 12290 1472 17184 12016 15857 10009 3658 1877 14635 5432 3643
3678 16368 10318 15535 18042 13021 5216 16955 16218 9260 14247 7795 8878 15850 5199 8880 9846 15800 7873 11229 2139 951 13045 6641 4664 8347
1443 10030 3053 12779 18566 13111 12770 4335 13154 8306 14549 6386 11914 17563 1051 10464 15264 11552 14356 15398 10750 19755 11288 11291 13364 14568
12978 3035 10556 7387 6264 18582 2487 12098 1596 14804 9051 3028 10490 5691 18594 16988 18531 16489 8412 18872 252 12921 6865 1570 16842 2756
10591 8645 5575 11286 2452 1244 9573 7095 8503 11215 19695 13347 11621 3744 10630 10218 11702 5667 14574 3393 15049 17302 14438 3806 6169 5337
6814 961 11121 354 6852 10332 10042 3552 1102 2525 12316 8153 10610 3754 2918 10752 13484 6727 2713 11055 4184 16586 19416 11284 2501 9432
15617 19291 4774 17328 147 12168 12773 4333 16100 9688 9137 10668 17775 8160 1820 6530 17696 6189 7077 11817 13669 8287 3011 2440 11964 3043
169 473 18908 2477 7786 6258 5017 18121 4847 11641 17216 16107 17699 19662 9694 13208 4742 4157 19532 14747 10930 17551 5754 15328 3057 3226
3370 8107 14537 5843 14341 1 10718 19350 17005 1918 9896 6852 15084 3069 6476 9098 397 15445 2577 109 19061 24 2824 9905 8461 3520
6296 8875 6584 17812 1374 10770 4101 1518 15398 12791 2226 1583 275 12466 9786 18852 19919 210 8903 17879 3865 2481 12211 19506 8333 19804
11251 12069 1095 3873 54 14445 2715 17773 4794 2600 3425 10863 4828 9117 3979 9169 16492 7160 11449 11079 18923 19912 18332 1230 1032 9943
14565 11493 9054 269 13023 3325 6111 12492 508 9277 8248 11128 11340 16938 796 2191 15595 5812 1872 4534 10191 7428 1814 5871 3823 18074
