365
3 66 88 90 46 50 42 7 92 0 93 7 7 13 72 52 6 42 52 54 86 37 90 20 92 26
6994 6698 15246 7006 11647 2708 5124 14972 7922 19672 4150 2828 17341 17058 2069 16213 9855 6730 11010 1392 9190 10426 15968 16978 10018 6309
11395 2628 6392 1677 5677 5596 16939 7280 18420 17553 5783 18367 11608 10440 11051 12423 7533 18255 19250 1870 3592 18867 14583 7094 1982 5244
6734 11217 15116 10461 15903 15384 14930 19833 6710 18470 13258 14495 15361 16443 12897 14761 16181 9325 10942 6555 14720 10856 8200 15805 4545 1528
11026 4224 16579 7002 14542 12874 9861 16844 17871 19485 15910 15404 14656 884 8008 16404 12224 8445 576 15511 9440 18961 8740 7008 13809 10761
13358 8860 12812 1246 17340 17004 10777 4236 6179 11785 3248 11350 13037 16936 19900 6611 4158 10684 14318 2441 4274 12388 873 14086 3587 9160
2985 6537 638 4907 1955 12218 15705 923 13960 7626 1425 14001 14873 14747 1961 11302 1882 1159 9203 3657 3808 6291 5682 15048 4839 17751
19524 6292 19645 18603 471 2356 3478 18034 16846 1354 16483 14321 11535 1784 13414 9508 8923 2074 14935 15641 2557 7228 18173 13924 3848 15510
5295 2984 6710 1723 5924 15298 18633 3973 17170 5524 991 19664 17121 9125 8382 6559 14956 366 2527 10110 16432 12222 5734 15879 13270 15058
4499 1654 15388 13850 19149 10387 2915 17365 14800 12594 2436 8592 7659 15878 677 3637 6568 9397 2095 12100 959 9788 17694 8863 1521 8254
12595 5261 8622 8107 18565 11365 3285 15242 371 5650 14308 13192 6693 108 16114 6766 13455 1197 4883 18941 4971 10078 15390 5149 16480 16661
12874 14260 14072 7228 6805 16926 5068 13564 11211 3747 10517 3790 3664 15869 16450 17062 8125 8891 1946 12422 9960 5548 13246 11160 17055 2054
14974 4308 3425 10292 2010 6992 13778 5117 888 11029 15521 7351 1229 8615 5742 1408 16425 19607 2765 12027 9358 18648 11094 15122 18646 8100
16 2615 12110 10253 3686 14175 15466 7760 8037 19064 8084 14892 16773 3240 16345 12631 7270 16847 17121 4603 18946 1017 19781 15512 5896 16629
14704 4668 1221 8350 19730 7891 5868 19028 15739 9014 14706 2031 4692 17149 12733 18362 18633 15199 2588 9968 17932 13114 15875 19027 7979 4415
18998 12259 14864 9341 2261 14404 4776 5186 7550 671 5534 18927 8398 1813 2640 18751 5145 18693 11678 12388 17579 6248 18123 3306 13248 13675
6671 9126 5102 644 14921 12817 8322 13003 1903 18906 13021 9590 14491 16891 4176 11593 7517 17581 12970 16618 70 17806 477 15490 8612 3590
5265 11448 8310 2366 17729 15406 19242 915 13962 10270 5391 16893 1526 13859 17596 8325 5097 6300 2493 19132 16886 16547 301 10218 1501 7526
12412 5569 13220 1428 14970 5439 17813 2139 5001 4258 4404 6886 17061 11031 9764 3371 10678 2226 13208 9302 1214 17818 6184 12008 15469 17873
3966 5087 2735 15686 2294 12037 16921 3160 1164 4104 1909 7509 16533 9322 13794 10619 14196 18654 1958 5090 2759 12575 8048 13476 5545 19637
6516 10306 10239 14421 7520 8281 808 3901 12435 18133 19976 15688 2366 14197 18359 14815 7990 3992 16218 9760 985 16069 12564 14801 7375 19334
12332 12472 4351 4378 9341 18498 16818 5690 17635 18389 857 2882 12509 9643 10661 951 14795 5525 7927 15237 7265 19475 11500 8374 5558 17890
19387 16786 17671 2469 875 18641 16045 19730 6936 1319 17489 11618 13128 18037 16633 17816 12747 949 16146 10550 12102 18017 16405 16250 11077 11890
19500 3145 18183 6368 1233 17338 17810 12541 16833 6852 15422 18554 17945 13687 5705 3704 12423 1520 19483 10167 9814 15159 13196 13656 10289 13431
1632 18039 15884 15228 169 12443 16387 8067 13530 7590 12612 17396 9375 4092 13983 17829 7225 18602 10141 1011 5449 10576 14647 1738 5030 3784
3915 15230 17697 17000 1055 3366 12080 9172 5620 19757 6487 14355 18651 17182 15285 10623 9156 18739 10690 14000 9361 3209 11779 18460 12321 10349
11968 3175 8781 12593 1783 14067 3669 2401 6173 16655 3668 1280 5187 5214 10105 19290 6803 8772 548 14045 6262 8086 6666 5746 5966 15853
6852 15451 8618 9934 8625 6279 10409 157 15303 11160 5941 5879 15943 7100 19187 15748 11264 19719 6338 18482 19015 16190 455 13034 14298 10708
10883 5043 1031 11675 2808 2486 3598 17308 13248 4275 17484 18651 19302 9978 11656 1236 3485 2733 12539 1330 18204 12563 13183 798 874 16241
19529 3829 8685 4892 15783 4681 11992 3061 17358 1208 16251 41 5061 15595 15115 5488 2700 12728 14872 19922 8779 15658 13251 19893 16406 6016
13865 1937 11341 10338 16080 17534 12683 800 6741 13651 12997 11728 8358 8844 11096 12596 4162 3710 16132 12728 9971 8903 1909 18394 1634 19928
2287 353 15733 2224 6260 6993 4361 1030 8112 9421 18660 3832 3718 18400 11890 12848 7282 15167 11336 2116 7237 13641 6499 3596 9576 678
10120 7403 2721 5869 8905 12323 12168 5801 11744 18078 14447 10280 13448 18888 556 9225 16927 4421 14945 10736 2032 6866 9491 19920 10517 1810
1518 7617 16709 18536 9274 18849 4616 7389 2908 7004 4118 16522 11911 13885 4271 5703 9651 8142 314 16903 15906 16081 16581 2180 9766 19008
11507 2097 12931 6178 10658 19814 9914 3584 17704 18993 3767 8743 19396 14862 14008 18591 13859 1125 3486 5350 4461 14903 10793 8079 18098 4413
7651 7769 8358 6860 19553 9015 11070 19740 15604 10576 19684 3970 2755 13780 14837 4005 556 9084 7189 2675 13463 5251 15591 9056 12558 18835
16448 1060 11567 7998 18758 5321 303 14139 7925 12434 11217 13673 7472 18557 372 15836 2434 15938 10119 16498 3114 3390 17459 15858 12750 3270
12079 14833 14063 18990 12071 4336 4378 9707 14701 6447 11224 14313 15158 769 967 10778 6747 17312 15927 6130 11178 13401 10235 2831 12475 9344
10316 15103 7919 18306 4163 19170 16107 19708 9817 999 11266 4022 19104 18196 12131 4076 6811 8288 14799 19409 15976 9491 3143 1966 2077 4834
15151 19574 490 13313 10841 19564 5755 12526 1388 3028 1221 19851 8057 11793 8025 2246 2381 3518 6312 14577 7259 5230 11747 7197 14159 7323
13859 16296 6006 1291 1675 632 9714 2352 9113 10965 4670 2145 16892 10469 2988 9240 13910 13116 8714 12933 831 12134 15338 15759 14441 7465
9322 10188 11944 1390 4557 3034 42 8856 6822 16210 8610 718 17583 11352 12924 4418 15875 18299 3137 11651 1800 3007 7629 1408 10856 1527
11380 17736 13425 4474 18328 17325 13006 12115 5038 1906 6019 17210 1028 3344 8271 4765 4349 9711 17758 3185 7124 10210 4026 1548 17235 180
10113 7439 9491 1759 15708 9862 18104 6735 1961 15753 12094 8243 1274 7170 9192 9325 1910 665 4352 6480 3965 12312 9886 12516 311 18581
2341 17456 14343 2764 16890 8157 6393 12081 4981 7740 13606 17110 4915 14034 1907 8652 322 16035 12685 8957 4521 14278 4556 10360 1526 1597
2538 13130 18159 8436 7663 13438 15799 11563 11207 6412 8783 7827 2918 3252 11322 19958 13500 887 3070 1969 19724 19106 19261 6497 4283 11819
2968 10203 809 3833 11050 16168 5096 10801 1708 19791 8202 15284 14587 8655 6249 1464 11021 2485 11578 10163 15898 17901 14887 16622 3778 3610
5572 1655 6410 19754 19879 182 16989 9127 17518 19061 4133 6061 8236 9972 4520 1633 126 10203 18547 5009 9563 18127 15288 2931 15792 6660
11824 10321 12943 3395 16064 13340 16348 5335 2650 4288 117 16109 14638 19618 16151 10402 14007 16495 17522 11859 4634 10551 4532 1032 12589 11726
13692 4211 1424 1226 4321 13757 6317 19515 2228 16766 4839 9189 7535 3011 5230 18847 15475 18420 577 4458 11266 19355 15860 10232 12509 2990
19518 15542 1301 11101 14971 11703 9851 6177 5081 8479 5512 16174 18537 10808 16017 7410 6102 18055 14131 12533 3658 10888 15733 8890 1370 1711
12034 11801 12341 2576 13575 6870 8382 1609 15066 9310 12135 16079 1217 3897 12192 9510 15182 2239 8763 12718 2944 14015 12022 18177 10384 5391
14146 19930 18511 16440 8885 11737 13134 1751 1494 721 11205 7782 1544 14785 14014 2249 5160 7658 17021 7703 10797 4157 12998 12555 15198 4346
10403 16395 6096 3426 9390 7830 15280 3025 10817 12559 4181 18506 18273 18215 6759 10893 18557 15797 14659 2902 13041 13189 17548 18872 15449 4880
4722 19317 8377 5660 3037 13785 17882 8839 18045 4167 7980 17849 10442 5980 9251 16845 16864 454 18578 14650 17407 2423 19142 19113 8179 8544
18686 13018 7021 813 19144 2608 11216 4756 17561 14740 18531 14891 18639 2924 8120 9081 15982 7261 11715 8145 10208 5634 19512 14554 12682 8429
8111 19156 6494 2800 1492 6347 19472 10536 10212 17246 19967 5349 13931 3799 10572 12088 5659 8991 1933 11926 3275 19980 17024 7411 15007 9963
1290 17011 21 19742 18807 15287 19694 12173 2098 6226 10787 19494 18156 10246 15402 11434 1251 9627 11964 10390 12645 14703 2657 10367 16460 14179
6906 5680 11361 8033 10522 18542 19463 872 11257 14546 8845 12239 15870 5346 11560 14588 4129 14614 16413 8682 6802 15439 12580 19790 15365 10447
8536 7365 8760 6528 11204 467 15213 6389 14554 9531 2234 4548 9771 4264 8850 3465 2716 11567 15156 7540 13542 18073 17393 3399 6006 10683
17111 19554 17154 13958 10113 4757 7210 17103 15917 10241 2739 8143 3272 4044 12604 528 8291 7250 11106 5102 11228 10728 3129 12629 17468 19217
17421 3227 6902 1511 19599 99 2713 19050 12503 3126 9743 16641 17043 19717 3965 11487 5153 19298 5409 17319 7886 10381 10728 15371 7648 8162
5773 18427 8270 10101 9204 3027 17221 8286 11994 1804 19417 8771 3422 1257 18460 14262 17532 19564 10736 10739 19766 15258 10558 13667 18849 19861
16365 17791 6473 2451 17021 5266 11865 3235 3820 3213 9310 7301 3076 2721 9992 4741 5115 5469 1351 5072 6286 6501 10941 9104 2130 10231
19759 2954 14575 921 15198 932 3295 2802 2393 1385 18330 17693 14953 13648 11967 591 16945 18601 2687 19241 3437 6600 14098 12754 15557 7796
434 7491 16947 3385 11903 7732 1883 7022 15796 19144 7395 19794 5685 2053 18222 11517 1368 7308 19714 18264 2731 2742 18469 6055 8237 2365
5201 1623 2358 8137 3667 1012 432 3448 8164 10355 9067 6341 17763 11499 19317 14397 12515 1399 9163 8208 13867 11405 15083 16285 17244 10617
15356 484 6404 6165 3845 3602 16875 16773 15940 8376 13946 7981 19244 6674 4124 13405 8112 13010 10368 19748 749 10129 16974 17689 3222 17517
13032 12959 17479 16469 3813 12604 3714 246 15978 8985 3568 11213 9211 11016 3628 2245 16088 1929 15481 3127 13600 19398 11743 3027 18197 12024
1844 4664 12451 8324 15273 10533 13569 12574 17856 13767 10677 12853 15246 13955 16677 820 372 4899 8130 2008 3795 19377 12409 16492 10088 3615
19732 9394 4309 18711 10697 5227 3371 2402 775 13514 8053 18182 15866 19777 119 11258 4078 3763 983 1104 8820 3872 19018 18601 18321 18308
6097 4599 5599 218 11590 4739 15223 3048 19525 5608 550 8480 14426 6126 11987 6524 459 17347 424 1590 2962 7225 17024 11809 1486 19912
14211 8968 10503 12132 2186 6952 17165 13795 18189 11926 3750 1012 14202 7140 10539 9410 1372 16197 885 16090 7536 12249 4977 17168 8317 13978
7466 1250 12524 943 16924 3248 14440 13558 4951 19158 3372 4105 9696 18499 8123 13222 8354 6769 17032 2569 16486 7879 9106 3194 17760 3756
8796 19783 15750 9771 5643 27 4220 4949 6460 9985 1594 15726 6908 19711 14103 1141 10945 10018 12570 2226 14050 9140 19684 4287 13116 6893
7421 8454 18404 17207 16199 5654 10830 3623 17513 18372 5130 11479 2664 7250 419 323 13003 12603 8922 15106 11895 11750 17794 10915 7440 8236
8879 9455 6254 8835 17357 8193 9777 2593 6457 17758 15303 9069 6197 17367 10979 8020 13169 11598 19143 8890 12085 19037 12632 5763 11243 516
5945 6185 14546 1021 13958 8769 17302 4189 13657 835 12733 5385 1255 347 13706 8413 16862 10449 10701 12900 4245 11415 3151 4891 3064 18572
3043 2779 13221 11722 4026 9095 16486 9320 18360 7970 19495 14819 6086 16839 10079 3200 15574 2400 14192 18121 7624 13466 8327 9620 6124 17352
8343 9315 12388 18687 1836 16890 9804 17666 11433 17525 4210 19760 19206 2960 19860 86 19992 10879 15296 4887 7184 7080 16262 384 2516 8153
5113 18137 17709 15021 4060 11117 17877 15359 10139 3086 16507 3091 4748 6306 12126 10683 490 11140 17045 8002 3308 6833 9877 13430 5283 4462
5154 14617 12018 12429 4388 1040 16075 10573 9924 7939 14938 6462 1257 11426 8271 2874 12065 2371 18632 11779 9510 7845 8655 12636 5176 5096
6434 14693 12065 1434 9066 16136 10112 18584 2133 9385 12407 1395 4114 13365 9278 18965 7065 17614 344 15771 3769 11396 7860 4073 116 5363
11799 11061 4984 288 7735 742 11160 7663 14864 10132 17997 3914 4620 4862 13546 6930 8970 3589 19499 2779 16599 14551 19895 3963 3979 14956
11390 9478 8155 11512 183 7827 2913 4157 2418 8568 17511 2951 17547 6844 6044 2649 3240 3828 5921 11141 19775 15230 9741 6189 4046 19460
19992 13124 16136 9146 10411 17599 14444 17442 9050 4084 11054 1578 5053 4881 4682 7694 1916 19721 3572 15883 6170 12797 18962 8843 3164 13114
13489 1565 1706 294 1780 9529 1532 2316 15903 16793 15953 7803 1221 2411 17977 19310 19218 14647 19661 12892 9606 12079 9691 4467 7623 10415
6671 17842 12561 4730 11127 17427 2847 6718 5820 17987 4755 5990 5478 17375 9694 15029 9669 617 15420 15702 11085 13401 6323 1264 280 18565
7857 14004 17553 4902 15523 19064 1998 6956 16068 19377 1921 16897 17319 2296 11074 18081 8514 5476 6211 2096 3940 16068 7085 299 18609 17544
15066 9983 18659 5265 1360 18739 17711 6509 1266 3654 6678 7672 14925 4991 3629 1840 12494 3119 11765 14994 9044 14103 7003 17766 19096 4377
1850 11504 19702 2422 308 15734 13744 7307 13579 3469 7401 5691 306 13043 6081 3596 15541 6694 4920 6193 16934 1278 6163 11352 18589 1755
1641 18604 14065 15283 1620 2604 10767 609 16013 2965 6225 13350 17992 572 603 11910 603 18541 10647 7206 17290 2329 10597 2321 2349 438
139 18666 15999 8830 1345 8015 8132 13057 16707 6363 12863 15808 7656 13859 17200 528 4763 11299 11497 15801 10848 18897 14981 912 16796 11893
8919 14421 13044 5534 1597 775 7081 9006 11166 9230 3796 10152 9360 11386 3804 7910 16299 3718 15965 656 7319 3546 11504 17439 19082 18854
5911 2890 6783 4348 9535 1135 8661 9458 178 7726 15224 7485 11860 8100 10391 956 10934 15128 3584 18628 2161 12451 17591 15774 15499 6674
724 5383 2171 9873 12369 19050 607 15267 5664 11149 16711 17357 680 1519 5059 1311 18963 8298 13027 16961 2263 6920 12194 16330 14245 10659
5239 15090 15592 3533 3117 4784 19676 9480 9776 17298 10637 18698 15606 3887 670 13622 13471 6894 18471 12330 13096 9503 15866 545 18325 7372
6517 19445 15027 1710 10888 7158 16925 3444 16745 393 8043 13546 17645 16592 7638 5978 11127 4915 5813 8212 16491 8239 11339 12969 11338 15481
4600 8687 143 18631 5984 262 16291 1617 8577 16666 16986 12422 15736 14964 8517 14715 14772 7388 7168 15804 9002 11290 6382 4303 18424 7292
3327 4964 6880 6582 9950 1038 8218 1615 7554 14044 4178 17983 16974 6378 7224 10841 700 19749 12341 8973 19490 9704 6042 1635 7641 15619
16306 10388 1575 15210 19670 15448 19551 17527 9548 15916 7354 12452 19910 3416 12535 5991 13888 19798 12790 13672 13119 13488 13615 10102 15771 11435
5280 19711 19557 12326 7694 9422 16744 19138 19404 16057 13976 6767 17404 8000 1126 9136 11112 17620 16162 9839 2461 19540 16245 12868 3520 13300
3388 5170 3868 17147 19737 6703 5153 3109 13133 5375 14750 13117 15892 7569 2677 2981 4409 10117 3532 18390 9019 18361 11436 2975 19916 16582
18253 4852 8158 10056 6882 12107 12561 3843 16092 7402 11445 10679 9144 16 7925 8033 19042 1681 3927 10754 3825 16523 10657 2379 11498 10244
13961 2037 6270 14932 5469 5305 15313 15395 6178 16184 4296 7264 6742 16626 14328 3794 5958 19894 4604 8876 5993 3009 5181 726 9248 17337
12504 3728 9899 2867 8214 3232 12983 11514 8747 18899 5962 5150 15447 16546 3056 16435 4709 3249 4452 11444 11569 9473 9203 15743 19695 5081
10088 14336 19911 16499 10797 17455 13704 13016 13249 8660 3090 15822 4132 3076 15853 10637 19757 8400 12327 15874 3992 12732 16890 604 12456 5496
17324 17486 5149 19621 6105 5407 5505 5631 12224 2966 17331 3206 7212 15548 6277 13146 19867 16225 10936 1857 15932 15668 12419 17942 8264 16446
4907 15916 12404 4920 4922 3630 10568 580 10017 9822 14052 19954 15444 2944 4426 18448 11054 3907 4715 19657 15429 10784 1917 16314 7922 17469
823 1492 6009 2183 18773 2722 19466 17500 1823 6625 1589 631 19385 2684 7819 8357 1820 18601 14557 3329 15608 16344 6268 11442 12269 18280
1040 1239 1651 10639 3643 11942 8875 11636 4725 787 6772 8837 1315 5058 13406 8578 13778 9403 13684 1079 4620 5980 8746 13164 11259 3413
1336 19157 6856 15773 13642 18337 11024 420 14631 18605 12916 3092 1666 18865 5844 10278 7421 3860 16150 2040 16254 7655 3134 1938 19302 5295
17201 13198 4612 14019 19917 17165 526 19408 5266 18137 12598 1147 4265 2365 1093 1035 3428 5274 1938 5023 4158 18708 15112 15151 9109 14959
16161 13841 1142 19172 19738 4935 10606 11738 8494 13505 165 7217 7037 856 16970 2436 5735 15737 19631 3146 13443 16430 3376 9698 11730 5996
15267 15069 13653 16598 10104 6855 1955 493 9120 2004 5708 12743 1932 10838 15701 16161 7583 1895 9992 8057 5772 6375 16854 10990 12841 3976
16328 5080 15148 18112 19204 17708 12872 11681 533 16827 15353 4495 2644 972 15293 4152 18427 2182 9041 7041 13739 9587 9443 18482 17455 7553
11528 11524 10729 1662 8036 9383 9273 2976 3792 19025 12763 9403 11144 8768 6201 17129 16916 4771 19454 227 7073 19815 10926 9836 15067 6374
18068 4296 16841 9132 5519 7931 13027 902 14509 7652 6836 328 1590 3126 10813 19022 5189 8614 9088 17275 10111 4346 19933 9240 15924 16275
19152 7889 3377 13246 9589 2123 13841 3181 3773 10778 2038 1838 9806 10041 12683 12661 10916 14497 14068 5862 18317 13676 10172 15704 6802 15706
3743 5303 18628 4229 9482 1468 652 7915 14536 19307 4985 647 10652 19141 16815 16053 19950 11048 17553 9325 14976 3213 15780 11127 5492 11667
5723 1360 3569 4863 4135 12172 15311 7276 12763 18816 15301 4791 9109 1638 5624 12208 19602 6019 17904 17255 3761 15568 12503 2347 3351 1408
8106 10989 5015 10190 2146 18234 12190 17400 19224 5619 2514 15925 12300 10434 19797 17725 16788 10017 17652 19967 5942 16502 5561 12208 13721 13974
3044 5027 11590 17899 7853 7199 15363 12153 11199 570 14341 9876 14811 10122 17339 2801 5428 16804 2370 3960 14047 3553 3988 11370 10587 14018
2669 8731 9815 5083 11486 7222 10428 17536 18322 3231 14205 1761 18764 12219 14830 14349 4538 16535 2761 12071 7377 9562 5245 9466 18462 18521
6623 13094 16154 14729 11303 18722 3354 13744 12832 4302 13060 11374 14179 16756 1943 1847 15422 11636 17836 14163 18156 6148 9195 15328 16918 7063
6812 12899 433 10512 1534 10036 1755 7688 4083 8886 6492 3787 17749 7075 20000 3486 13735 14001 209 10591 16541 3778 2381 15881 17475 6587
13668 17762 4069 5324 13671 12593 2720 5957 655 14856 15217 2290 19088 7653 4226 16381 14968 9859 11951 15619 11101 9245 5063 14666 11714 16249
18658 9780 15632 8535 16331 15546 3202 1852 15839 2595 11696 17297 2347 17420 5111 3215 165 16466 3061 10212 7254 3335 10620 19051 6644 15946
14846 3758 9797 4655 16274 1295 1378 16065 17653 5864 14540 2115 16472 11387 19067 7001 9847 16188 7460 16194 19796 10145 17504 18034 19609 4110
15542 19264 10748 8261 17031 1459 6807 7271 4111 1713 4753 15263 16134 1053 9419 5756 18423 5052 3409 930 2060 2976 3052 394 17875 3232
19383 9553 13375 11574 14172 12199 8514 288 11885 10405 5015 6116 4443 14335 1278 12078 9857 3438 17551 860 5541 1036 13797 5575 3247 15603
18340 13303 1475 17321 3659 3133 15516 17918 9447 16293 2381 1628 14384 4573 3786 7584 1102 15508 18875 11942 16235 18562 13840 4367 5952 9202
11999 15819 3721 17901 13989 2291 12867 18001 17346 453 4550 276 17586 16519 8066 456 3204 12363 10266 18356 13192 3081 14525 19087 6899 13001
6759 2274 4661 1532 13763 6382 3449 19560 11726 12515 17172 13209 8963 9302 2872 2445 2225 11647 8610 9931 11362 16968 19892 9052 13776 5656
12369 7489 13370 5499 7152 18572 6400 15800 10059 6237 139 5812 17051 18361 2557 15244 19545 11639 5861 19604 16806 14403 13563 3182 4114 14310
16409 7358 8000 5132 2992 295 4132 4545 18223 17333 3132 2264 9787 1720 12490 15557 11513 5802 372 18057 291 3708 2398 19537 5661 9476
1103 11476 8102 3438 735 12198 5922 14958 13534 11069 576 9131 640 16559 15487 7037 6995 1978 18021 10562 15981 10371 15614 8793 4941 11964
6235 10340 5156 7356 14417 10527 5781 1852 10653 8676 1725 1707 16162 19975 9277 17433 9899 15269 11381 2673 15401 4463 11837 5909 12207 16166
5816 19373 16325 3431 12899 14002 13556 566 1830 14242 13777 8944 14734 17793 7064 5723 18533 1092 17866 7188 13378 2372 16881 8213 11025 15719
2063 1042 14033 4833 7228 15029 13765 4407 15104 6195 8443 8921 4968 3891 4433 9349 6031 2501 17925 11046 5709 6153 17450 733 1799 1894
18076 16734 14602 15141 10520 9239 12352 11263 7955 11208 390 19987 14741 9288 9523 490 1700 14616 19394 6664 11208 13987 12713 14743 10820 10775
15487 16916 16252 7961 2502 2947 1896 8601 7579 10522 2225 798 19209 6239 18837 10059 16090 16205 4769 18981 743 886 225 13756 13748 17364
15576 12592 16568 17940 7616 5473 14546 15533 13806 7979 18541 19604 4965 16381 17497 6593 16836 5838 5458 19015 16290 10779 14145 2652 15292 10563
4692 6365 3356 17521 7472 8837 19887 7913 19045 2751 19897 10157 1664 9374 6659 11735 18656 18904 19779 14575 11334 295 2943 18806 12939 8440
5578 18539 12806 3046 1750 13707 18053 15378 3837 10571 12427 16496 8411 8615 12036 14706 8009 9018 6509 11234 14080 1156 6828 11449 966 9569
6167 1930 9178 17726 13449 2664 7299 14670 9580 18327 12573 16940 5404 17496 11908 17063 2499 12691 16262 11215 324 3052 13865 4906 5833 19057
8622 4798 810 6 4830 4336 12194 13287 587 11676 946 4330 6544 1722 16595 15656 248 1560 12970 17043 4473 9633 16867 1767 11865 766
4787 9522 8529 13925 7 14003 18526 8273 11514 4633 18447 2116 18025 15489 7417 3644 4027 19430 11616 149 19278 3595 16448 11746 17015 14700
19903 15784 16925 8080 2072 4177 5047 8133 7067 8476 4221 12552 4213 8279 13936 15680 11431 6509 3602 12071 10685 5029 14463 12424 5005 1021
2990 17460 7357 6471 19859 13089 9831 945 12186 8931 9376 16624 4310 17324 18366 7681 5646 16590 5018 6648 13213 15939 10216 15921 6869 14868
13941 10056 320 10068 19349 18479 13436 6673 15057 15559 2425 2127 1227 16868 2097 6944 11509 16487 16180 18134 8240 5267 5256 8055 13864 8923
12688 12349 17225 16377 892 8424 8009 18585 17747 5230 19637 16565 8499 8979 11344 10243 16083 14166 4886 16885 19980 18705 10511 10392 2568 10808
8672 3682 641 19421 10489 6771 12139 2680 7977 12648 6762 7309 10171 482 13720 7944 2262 19091 12251 8946 8300 11151 11034 8097 19273 15575
3303 4113 4813 5287 12676 14035 3930 5654 18282 3031 16296 8578 14921 18912 18739 8571 3736 14124 17954 14808 15470 5555 16364 167 3540 18078
4981 13555 11877 11097 19030 10893 8692 11234 5179 11389 18287 14786 15073 5839 16510 10395 19791 14188 9622 12006 7048 1628 10395 6723 5398 13131
11942 1180 7485 3199 11806 8298 6288 4610 8843 19512 17221 13859 12416 10183 6998 6615 6335 7848 118 18078 17663 13612 306 18260 4477 6368
13790 18534 14150 8152 8352 198 10210 2975 558 6002 11326 2126 9283 1871 6947 18881 2327 18012 3840 2189 3171 14209 17767 4741 1234 3181
18910 2650 15685 9677 4616 5232 3310 13477 7274 1798 11760 15257 4147 19238 186 7847 11666 17629 19306 3692 2722 18801 6688 547 10151 14299
4444 3033 126 7667 15883 4300 13909 3173 3588 2962 18970 877 2688 13400 9175 7683 6218 19960 2108 17314 17664 4078 6 4217 18808 17144
10149 14843 7864 19968 4637 17124 16429 9698 527 1031 17745 18391 4379 9755 2712 2250 1120 11469 6168 39 11287 13777 10163 18495 4365 3996
3726 3446 15662 9989 15770 18778 11426 10784 1366 10891 14761 3166 19150 12927 19931 2668 2729 7234 13690 2914 7952 10649 2185 12465 12175 517
13139 12579 7563 3260 7711 17645 19358 1174 3659 16450 19238 12777 294 7246 253 8306 4349 14853 12830 16422 605 3368 5930 6308 4794 19022
19491 14607 5045 17321 6130 8700 5639 4600 2385 11058 18141 17288 3745 95 10326 1574 8200 7501 16909 3715 13699 17796 11691 5375 3564 18844
11883 19879 11655 5185 16835 4929 14788 11991 6617 18002 11562 12607 12726 1451 8442 4451 18341 12271 16184 16182 6961 14118 8804 3231 11171 16119
10279 17050 3694 8206 19251 7072 12641 13865 5615 4636 12736 18880 7440 14470 1087 527 7329 6169 19449 2482 4089 9764 19275 16086 11594 5823
4477 16421 772 8924 12033 14071 15786 7312 10605 12575 17980 6116 5321 9448 8884 12160 12669 2433 2678 18770 6771 11941 766 4100 13962 10509
13330 8077 17101 19483 17744 2939 101 10699 17521 17612 6708 12938 3601 15449 5305 10455 17861 9980 17358 18282 28 2975 14762 9894 11995 8034
10198 4227 15055 17610 3887 4707 5904 5895 10193 15101 4854 3086 9341 13400 17395 9761 5609 6076 8157 3561 8984 5535 8593 12963 7796 19653
2185 12848 14387 14324 12117 13122 17901 16468 8045 19154 688 2507 9536 3309 2500 16171 10052 1575 4267 8972 13660 13617 3592 19603 7729 17014
9338 11072 5332 16784 5203 8814 5950 19780 12885 6472 7777 15383 6119 7274 5947 3674 18697 11315 4702 8302 19707 4386 19728 9109 3031 9638
9793 9970 19730 4107 19767 4940 3959 4338 2347 17087 3659 5984 16636 5078 12374 7654 7651 4305 16893 19513 7542 4975 3141 6706 15097 7213
14920 8489 10403 16029 5954 10250 5841 13945 4628 3930 18848 7777 7409 7185 13854 10892 656 4648 12604 6620 17285 12986 11272 13598 12500 3653
19262 12757 18776 10964 2641 6193 2884 1774 17598 18938 1196 5483 5224 784 6466 15437 7942 11131 9354 17620 15531 9588 2699 194 8511 9853
15131 2957 1607 4862 11132 9643 6207 1640 19907 13997 18885 11885 16747 12977 18477 11135 952 5939 17222 12532 6544 10826 11904 666 9108 5980
13276 8338 4591 9778 19702 8307 9551 5918 17766 17830 13250 19444 15933 11697 7656 12077 19993 7505 9314 18718 9777 11058 2364 16459 12316 14697
2050 5878 10171 8052 17 4192 9465 3552 6359 11824 14756 12231 16808 12846 15217 16855 2247 1537 8062 9274 4727 4218 93 11041 3618 4306
11831 3289 9274 6568 19096 1754 16384 18894 7635 6658 13832 18831 101 15347 17045 12513 8192 2691 17329 7154 18149 2997 17353 2711 1542 14757
18674 10446 5402 9436 9758 8873 12578 12066 11828 16317 11909 5469 16256 19634 161 15662 8873 17707 16459 5880 17122 12989 8 2252 10847 8882
3237 12916 605 16998 6948 5303 6704 2475 8850 9368 2531 4726 409 5286 3124 3187 17599 10083 2706 14352 13031 5560 10458 1455 1391 11073
6728 2911 4555 196 15908 5024 12773 4289 2606 5855 15401 18117 2664 4158 14747 5714 12504 1797 6186 14797 15426 19831 2035 15708 17699 3238
17479 4272 3591 12470 5221 1484 13430 7741 16130 7310 3550 12745 16703 13843 4310 3961 17687 5449 17961 18854 11490 10831 5713 4538 5449 5361
9873 8881 17669 15117 14275 17686 2208 4716 13923 4724 19178 481 5061 9444 14213 13387 18913 6347 17696 3491 16986 8031 7390 14944 212 2522
8350 12109 19650 14549 2521 4882 7280 2935 8591 3064 14391 17275 18220 1869 15555 19847 13815 10125 10222 7477 17531 18884 9077 10477 5376 345
14720 10268 6146 4385 3343 755 17054 19823 9773 272 6801 4867 1793 1145 4583 1713 5074 4250 10888 7686 3549 8761 10444 9020 11497 1928
5881 6292 18250 8505 18605 6882 18348 5288 14721 16150 16411 1056 9166 18589 16735 11399 10691 17334 1160 19404 7811 8385 1987 16453 14072 960
1428 3489 9654 5007 12612 2349 8981 2091 3797 859 9734 19304 8211 9143 4396 5911 8338 201 666 7216 12248 8366 19041 14305 4418 18717
5965 16196 12482 19199 18728 5397 19881 14299 9712 8044 16999 19445 179 1670 2469 10367 4479 14166 17090 770 13942 17486 16467 16544 16259 13941
14471 16060 368 2431 14218 16383 6647 1191 17832 4168 2087 12851 8497 18662 14082 5044 786 3423 1302 6684 3593 16880 16473 618 11092 8462
265 15815 5410 4858 12539 4254 1140 14347 1107 14091 5363 15282 15400 8699 12618 7268 3655 8429 17550 5110 333 5846 3004 1503 15259 19145
15714 1038 16786 4643 182 7595 3851 18835 5674 5326 17150 6900 10736 7108 19469 2890 17848 17616 18670 6944 3043 10880 119 15291 18721 4012
19150 12528 2272 15139 16441 11328 3053 16267 17299 2854 7846 7433 9803 589 1554 8727 16723 13373 12413 15451 6796 537 3039 4254 18466 1956
1555 17191 14858 4813 13613 5405 11275 4877 12231 3527 12293 5354 494 17081 233 2711 2956 6129 14706 7884 9751 939 3442 11565 14711 9623
18169 19558 10768 13242 4947 16819 4721 14741 14537 7043 4021 5823 12588 17915 1673 3901 19291 3935 6669 11487 184 7249 275 7153 15464 10157
19879 18969 930 13150 10985 4531 646 8405 4952 17602 16515 1344 14567 6093 58 7199 14261 12149 750 3045 13181 18056 4678 11138 14010 8445
7419 17777 2982 15293 15297 17416 16617 5026 12402 1835 11129 6398 2729 5286 19695 16808 11099 2078 4980 9859 8071 9864 6721 3691 15448 8800
13313 14139 7320 19768 4449 3038 663 18908 12746 2741 534 16746 12337 7637 13203 15179 8234 2102 506 6661 2469 13431 15412 15713 7218 11460
17157 1586 6094 3863 10892 10912 16027 6513 8669 18493 15136 13666 11918 17459 8701 11068 859 11741 19407 2356 17182 6056 13321 7429 16412 15003
1114 8195 19436 8506 1689 15685 9542 19710 8754 11070 16554 7543 18741 2235 7655 19529 7061 13490 19363 4182 17400 3947 4269 565 1592 16708
1508 15120 17151 8858 15320 10971 10811 12692 13656 7616 12326 7419 4963 18466 8971 19336 19622 15900 8366 7520 7001 1286 17639 18247 5679 2085
1236 11985 7812 13950 14201 11226 13266 6152 1418 3811 4863 1311 1069 11179 9719 18219 7685 11660 17784 1304 846 2337 15035 6958 8829 6477
16448 12302 10388 13396 18148 4577 936 3844 8641 10608 11467 8655 4096 3380 13721 4117 17079 13546 4357 11799 15476 17211 6686 16404 1583 18847
17547 3517 6496 899 7095 14989 515 1401 12782 12306 807 13128 11109 6542 16254 1381 11877 10518 18499 16455 13205 15208 17062 5935 18448 10552
2433 1079 4533 19273 303 2751 19805 18072 16536 6300 8701 14680 943 9077 17346 8064 2443 15663 11336 15669 8929 14748 15575 12997 13992 18861
482 10252 13101 15132 6191 9687 16029 9315 13031 16617 15816 5277 12795 1885 879 630 1001 19797 4334 2184 5700 18169 7150 2072 2187 10968
3047 17908 11536 15985 17087 3194 12934 2708 12797 8470 3898 12807 13774 14391 1504 5326 18950 1097 8765 2036 15764 13560 11201 9016 623 19023
14889 6434 16129 19013 10005 18074 14668 18996 6062 10701 3966 2059 9224 11428 7367 19470 17331 19326 8820 426 14953 10938 9975 19826 9640 9318
2236 10501 19190 10127 9715 7297 2539 14393 12525 1294 13436 4932 14960 5003 747 15739 1429 5669 9446 3469 3820 606 12479 2776 1714 13009
16008 13622 18529 9253 1718 9922 18148 7052 14734 12677 1755 10153 8272 7765 7360 4102 14418 11556 10644 8935 7489 14971 13907 16282 5087 4618
19797 13178 13859 1316 2773 19278 2989 8098 12681 12069 14104 15209 6369 13864 14069 4867 18590 4780 5474 6434 15651 1021 16131 198 11071 18295
12360 5621 2788 9303 11564 19317 15558 8692 5844 12091 16239 8512 19848 4163 19776 6218 3977 12380 11232 9707 10264 14973 17371 18741 2893 14000
3377 3457 19031 4027 3712 19021 16291 7584 12688 16812 15865 1949 3787 2074 17929 8124 13022 11550 11453 1464 8793 9208 17331 4852 17420 8184
10373 9259 15731 10482 14051 17705 18540 14972 4426 19188 14903 8767 19310 6749 4291 17443 13233 18738 47 15509 13611 16556 6081 8454 230 1032
3564 8230 9047 11340 15791 9407 18648 9758 11244 10550 17780 3758 7856 10726 17616 2966 1010 5014 3891 9872 12759 1157 903 10991 9795 9566
9908 16210 5386 15468 6893 6677 11307 15917 11017 17771 5280 12191 3759 11620 494 11592 13108 2224 8594 18571 12579 19747 5648 8368 2779 7188
17045 5957 4793 12647 10156 3225 6493 12703 14495 6355 4782 8265 1847 6333 6444 1466 14044 12005 19221 12115 14745 15762 11146 18806 8453 3934
11650 8325 2396 18436 13063 19632 3499 3626 7869 5498 7831 17407 10738 2680 10546 3172 6006 6870 16961 9410 785 5765 4119 13472 15134 6470
10332 19098 2056 2603 7125 4192 16940 9317 7965 8239 1038 17574 17521 11491 17270 19952 4690 4962 16309 11937 3307 17443 14958 14990 2158 16428
11902 4411 19115 3490 2042 16521 2410 12753 17862 1083 18415 10455 18440 6897 1063 9566 6595 13843 8124 3561 17401 11434 18525 3768 15192 967
8128 5763 19449 11701 1098 9991 1407 17552 6400 16846 4713 18397 17432 12746 15785 14009 7146 17349 4701 14405 1799 4671 7086 8318 14070 782
7559 9991 14441 16154 3006 1686 3027 2741 3217 17320 18886 1465 2153 734 9470 14675 14508 12011 12857 467 19765 6217 2936 9415 6088 10790
15668 8772 12501 1207 2758 7628 11067 14792 2297 2912 19178 2278 4054 3959 291 18807 5259 2410 16828 5581 4390 11282 17405 16556 9334 9122
8326 10148 10983 15037 1953 3521 11389 11097 5009 17292 16752 14398 15142 6144 8419 1008 9785 5492 12903 16901 4806 7639 19640 2232 3204 13389
13291 8902 19705 17800 15301 9107 2527 3475 16157 15148 4776 16783 4386 347 14962 16257 16025 4814 4199 19582 1500 4199 5309 16455 19190 6859
16069 3846 17989 17730 8113 5149 15641 12034 11925 4735 11442 13625 1962 181 7295 13131 3610 6544 2501 12375 13115 2240 18878 19907 5414 6249
15199 14775 13633 5188 1416 13741 17030 15589 18105 6856 12870 15648 2920 17351 7560 14407 17508 14157 14619 13873 18329 18004 2020 4566 17888 16745
18384 18955 19349 5573 18806 4327 12480 19056 16339 12933 11046 7580 2197 3170 8562 12682 1628 18394 2586 16121 17345 14754 18879 10867 19492 1869
8316 6422 10778 3735 1391 10257 11964 19076 8011 15301 17525 16403 17761 602 460 19437 14711 12274 12982 7699 11495 16967 10342 9444 6931 13459
4140 11403 15247 16260 12070 17630 18714 16511 1527 18598 15575 14725 19742 2628 9038 13849 17353 17701 6759 12881 3912 12433 15887 15258 4585 13642
11219 12386 3729 5240 19647 14210 5064 3010 18898 13075 3211 4437 8598 5956 1283 19083 785 2016 14781 15008 19515 14282 16933 10783 12109 9690
5733 7992 3978 17802 1904 7516 11094 3895 16133 11627 17254 12446 19472 14683 11467 16173 10638 12728 10445 2284 18268 14278 10038 15358 3883 8270
18543 18847 10107 10341 14573 3343 18022 4117 14955 12996 17542 1018 16296 2937 6710 15204 8974 9085 3662 5235 10848 18747 444 13585 6208 5527
8809 2018 16689 7660 14245 10094 4540 11675 18534 2274 11505 625 18691 14314 8527 14902 3578 10116 8898 4333 8787 2574 16788 13870 6394 12161
16806 17587 15767 8612 10332 15251 17624 16567 18567 4515 7755 3615 10354 1717 4675 18299 5328 14977 11681 18381 8614 12430 19785 13447 14649 10826
10398 19392 18788 19296 3842 14408 14734 2692 7446 1572 17269 3406 18047 12866 15115 6727 3220 13791 18859 14351 17078 2772 7842 8277 16802 11869
534 18104 5245 12480 6148 15740 13606 6943 3349 12845 7388 11050 11445 13895 967 3909 1296 201 17971 10912 9589 15631 17016 4927 2106 9224
8094 14157 18779 17099 17199 12872 12750 13968 11305 7943 10075 95 700 16509 16155 11315 17505 13152 6078 9388 7905 5366 6817 9432 15848 7301
2508 13626 13168 13522 18133 4520 16044 10793 9005 11690 18059 1931 1462 12488 7047 906 5347 9588 8871 17057 5822 16101 19426 15719 19454 12847
16 2734 6347 17181 9386 2964 12110 13925 4045 18652 2007 18233 12771 6402 19972 9520 17980 16193 4414 12564 9265 18128 15492 13292 13186 12517
6584 11677 13832 3351 10644 931 2602 6752 14763 12698 15636 19849 15543 2273 14468 12397 1940 3145 1078 8965 12999 12830 14358 1666 17908 157
10839 12143 1789 16391 19228 10551 14253 17647 16097 6302 6312 14451 6426 1895 4077 15938 12146 19134 1728 6418 14390 11871 14176 5367 15091 13485
7839 14422 1333 283 4904 9255 11129 5966 498 8170 2842 12974 9456 10741 11720 7141 6226 1261 4135 15185 7001 11641 16331 19655 18272 19418
15813 11724 6017 13770 4165 6227 11906 14874 10752 3756 6436 8260 13874 11363 19896 11836 13943 15040 7583 913 16147 2821 7836 9107 550 11181
4164 15631 16873 2690 2799 3663 14886 1903 8714 18955 969 4540 1924 4524 16200 11648 255 8445 19835 12164 13288 10178 18110 1555 14329 2705
2469 1766 4428 10954 17080 769 12289 2197 15806 19633 17811 19548 11373 18439 12231 2637 693 6753 7275 18550 13828 13654 11676 10886 4300 13717
8074 14383 8986 16867 6289 8509 7388 11523 10340 9100 8804 9594 18362 10093 9804 19156 1628 2478 12372 18631 10983 18478 19604 15706 5383 4524
15585 6674 7878 4503 1837 19274 16593 688 15363 11358 18472 18532 5304 11057 5945 9524 13406 8755 1465 10138 10043 8083 3741 4655 17213 2319
4124 6326 18619 7215 717 15252 16978 18014 9422 16271 9556 6276 10043 3654 10615 2542 17805 8239 10943 3817 8292 13496 18082 18101 6529 9142
11339 18786 7248 13927 17582 12384 15591 9786 6374 16793 13683 5853 12277 18223 16888 15079 652 773 13994 15458 18786 18211 6458 9692 18284 10447
11458 376 15912 11922 18080 17954 13062 6721 2104 14127 12132 18205 14163 14716 9512 6094 9784 17318 9057 1826 687 1048 11476 4809 11030 1731
18847 11463 9810 7707 6335 15687 13720 17008 13921 13029 17998 17664 17638 19467 7753 126 1751 17608 19421 8852 7717 15234 11811 17081 18519 3046
15373 8168 10866 19943 14949 9662 1088 17157 4737 5789 16964 14513 8733 7737 111 19602 1462 18934 982 9917 18910 15940 13194 1030 9691 11870
16449 12018 10122 12250 12541 5556 5593 11227 5337 4812 12643 12586 7300 18948 13478 19920 1824 14196 4221 6149 5098 5166 19385 8724 7148 2152
9270 13689 7379 16754 17814 6596 5563 4963 9539 10654 10047 10441 13926 12499 18689 13239 14094 2575 14355 4578 1355 19442 11479 13287 5559 7249
13169 8307 19332 18764 12464 8419 10867 1875 1551 982 14802 18666 8412 2894 5279 3019 9316 5864 2001 1156 6688 1272 15131 19375 15081 12826
14769 18452 4207 9552 468 642 12315 17024 18799 6896 2929 18085 7526 15297 5145 1300 12051 10484 5636 9155 14708 8131 2690 8727 9941 4415
5882 12946 9917 2880 15851 19001 16384 19924 12161 6927 5528 10352 19234 10818 4639 9244 9215 15178 517 452 15267 12664 18441 12860 17482 9289
3214 105 15177 16488 1627 5820 3401 5176 4484 4326 4056 6612 5841 1972 2289 16976 16102 8141 9089 4887 10745 17479 7120 9369 1087 6750
5621 7068 2108 8229 19229 11587 6518 7750 1768 19477 14280 8080 16478 10244 2917 5409 19118 6147 18702 1557 11878 11148 4278 1813 8353 4698
10930 14110 12355 10462 16124 14245 6047 3049 1508 14659 10890 14683 7493 6289 6998 10469 18531 11636 12658 5667 13985 2691 3949 6196 6516 2985
311 11774 4922 12063 7610 14440 4665 10018 10301 12884 3500 3431 11805 9074 2786 3746 15140 21 16656 12918 3572 2545 19786 10387 4209 5518
9033 4746 19336 244 16476 11760 6611 115 16200 16054 11857 3228 8803 18529 19464 11368 17425 7095 5885 6836 131 9746 13051 4025 15875 8454
13779 11824 12912 5621 16937 2069 4105 7517 1016 13455 10327 4938 16445 4433 19658 19819 10681 28 10656 16583 17629 12116 6045 4054 15773 963
2444 13571 14640 16868 19312 7498 16884 16306 8494 2282 15443 17819 9538 6112 13136 16669 18570 1086 15665 12090 756 16444 19063 13718 6370 9209
8529 9604 4311 7760 9051 13927 6275 10767 8802 8322 17248 14480 13240 1199 9020 13371 17324 13074 7197 4622 11994 4575 2219 18721 4778 9533
19313 8758 16657 10 9698 4593 18088 18500 12298 16309 391 12789 668 19863 3653 15719 1075 9430 14837 4038 3891 13456 16477 11292 11619 2694
16327 4113 2414 7977 19067 19125 2771 10103 16796 6842 5102 11741 4575 3121 12385 13493 4175 8992 1762 16995 2394 1035 11579 259 16342 19741
8678 2772 174 19274 17617 10903 8433 10640 5894 8025 7934 16471 14043 16582 14973 683 3535 19855 4864 8302 13256 10958 979 10887 291 14938
2860 10512 10524 17488 6561 7107 13844 1847 185 17316 13666 2526 14671 1686 19688 6504 6164 15293 16671 4763 19254 3786 14276 17770 7701 12720
5665 13922 7065 18275 17045 18620 8433 9091 19038 1110 1178 7227 6004 13229 5561 3323 19114 17344 1735 16088 8735 15003 8956 3126 18753 258
1590 79 17196 19651 6746 14681 11521 16897 11415 13322 10674 408 1808 5417 11862 322 9370 4337 19191 9757 8145 19149 12924 10602 16467 12841
14243 19100 16752 17356 17740 5798 19115 3520 15093 5961 17634 1916 12053 1916 14454 2982 16176 4268 8003 4336 15176 9464 13759 19129 3714 2995
10366 17484 12210 2231 17220 1863 4511 7677 3328 19399 5947 18618 6764 12278 19945 13002 2683 15782 14755 15062 13946 15113 9315 12814 2238 13138
6043 722 377 14213 3822 13006 8601 4306 12060 18018 13005 3345 6460 6362 16607 7682 9367 1528 4538 4321 4784 3548 12993 10436 14279 2271
10734 11735 6760 19357 13255 10001 14765 1209 14972 12968 12790 192 18905 18434 11122 19622 8341 6574 14095 4868 5962 16761 972 10142 3792 6405
10827 7881 4808 17475 5632 14105 2443 9809 17703 3826 11732 1774 6688 5088 6191 9606 7675 3564 17826 15967 19423 2885 8671 4714 15213 2486
9103 16008 19158 7468 2912 8493 2982 4466 11683 1164 17682 9417 12130 5228 7045 15672 4925 11904 6481 9415 15301 4423 6128 3666 9312 17675
19007 5543 12748 17519 10679 10660 3702 8467 4363 9931 683 350 13768 14476 18412 8196 8276 7843 13352 13499 1200 17672 13944 7433 8180 18946
18246 16892 5135 1668 2515 18625 1466 8627 3154 13422 11399 2059 19140 11903 6655 9638 18735 4368 1582 1535 6542 2320 18734 18957 15205 4396
6892 1322 907 10392 12909 9308 9494 5551 5589 16153 6684 12720 2416 19268 6029 2553 2653 13442 6530 9408 9856 8372 16769 18577 16606 11285
17412 7351 18058 3472 3886 19096 12076 5231 12662 17206 8663 13605 9572 9699 11420 690 4101 6120 10418 6945 8889 1888 9133 15083 7880 656
9617 2015 18569 2840 1255 1404 8797 12578 5021 5299 10970 18379 698 12953 10256 18906 9540 11491 9950 397 8019 7123 12463 2150 11909 6214
2557 928 17163 10120 14537 6808 971 15056 4158 13584 15529 19006 6724 355 12827 13652 2896 5994 4481 18641 19196 18248 12620 11830 14830 10215
8905 15940 241 14897 207 19293 16482 18952 1125 16363 18993 13044 3228 8529 1600 740 2312 13153 19091 13525 5494 17069 11196 12176 12103 805
17999 3375 15884 12395 13162 15694 12771 13730 349 11989 14602 9111 1530 4517 11737 7664 9692 1176 9002 12183 13831 10537 9579 8809 13699 16614
13274 6903 1853 7206 17571 8911 178 6977 7504 17965 19472 7998 16477 13766 19289 9659 19896 13392 14897 17153 2044 17662 6934 13100 6788 12230
5238 2421 3053 6930 7691 15083 10083 19947 13066 5398 2587 15871 15534 1872 18643 6553 5636 4322 9403 3881 15884 11438 4539 7156 9918 13374
3125 14736 2532 948 6074 11714 14084 2641 8775 17752 5150 182 14149 11534 8818 9097 11860 1882 7894 5473 14519 1099 8288 16869 14801 14727
6661 16808 5141 17901 12115 4948 6819 5801 6906 7723 16554 18843 13548 16626 6091 4167 11883 17199 17655 7710 6368 17793 9762 18266 11607 19415
67 19961 4049 5147 967 1096 13391 19228 1725 13431 11541 11925 10267 16017 14865 6745 4170 7244 9954 8037 7997 15070 4227 4393 5700 4118
14951 8661 2622 17561 14186 12036 364 557 19753 16077 14138 16178 6703 7679 2621 3920 749 14117 7671 1585 1792 12330 12266 6209 6436 4925
13057 13588 1321 13315 14477 4509 8972 10798 8818 16535 13743 19430 9478 8426 14682 15380 7340 6005 16382 16842 3438 13472 13405 12749 549 2801
14890 13497 1898 9765 3653 10755 1586 4803 6902 4669 11932 12325 10683 7329 2405 4788 14297 19431 10751 5917 7721 7556 9591 14925 19087 12667
438 15826 15689 2440 14071 12848 13812 11028 91 11125 19438 19447 1652 12908 3932 2652 19945 10080 332 8713 13926 13245 4285 595 12044 4603
8196 2540 15187 18399 12022 3658 48 12487 11991 9213 4623 11073 9433 2211 8001 17140 14014 6486 2722 19249 4959 12307 1104 8685 8293 11774
4165 8190 5778 12315 3249 19100 7390 5866 15385 1248 11249 14093 16872 17829 8817 2503 13648 2992 10814 11057 15668 12783 14221 19764 10441 11000
7073 2440 10622 4301 4439 10078 1940 8312 9100 11568 13118 18464 14157 15912 4500 1017 9012 13244 17464 19660 6327 7239 4327 15221 9509 7567
16006 9357 18998 9444 8217 15606 8863 18707 7173 5548 18546 10036 2397 4435 6659 5537 15892 15995 14617 17746 19371 14073 18922 11166 12000 17185
16275 15173 17317 15848 18083 8900 1794 16982 18093 2338 7016 3263 4141 8290 3989 5496 3722 15612 7620 14761 19837 4651 13345 16591 8440 3838
6712 17082 8007 17090 2586 16473 14930 18408 6794 1949 1855 14319 14701 5383 16238 16586 8428 5567 17232 15380 11162 16374 8301 2645 18480 8951
9021 10293 13697 1044 6434 10393 14634 10537 731 17944 12304 6025 14149 13610 16592 16328 1763 3521 7334 8534 14002 10289 6709 12463 13969 11461
14001 8894 16340 4226 116 3294 3235 15998 12077 4536 13279 14409 5503 19055 4907 11606 11113 15078 2275 11497 14827 911 18800 6506 14588 16795
6387 9624 1218 14589 14345 6315 15632 6682 11074 14016 10613 13777 4913 7639 19871 11033 395 2068 4847 15105 12752 2996 11118 7814 1125 2131
6254 17846 19339 10661 17757 8691 14455 14101 15864 17240 12471 14360 17394 1078 17909 15680 5641 7003 16631 14284 12764 13790 15649 8084 4070 7787
4310 3101 18687 1370 103 7784 15602 9846 15355 17537 15302 1086 4315 13550 8125 4649 7466 10212 16950 9133 1339 12770 14958 1867 9762 18872
8682 12478 15608 3074 17201 9994 10175 5186 6852 12102 6137 15575 10777 12016 15879 9332 16749 4489 3743 7091 7535 15949 7853 9697 3919 16525
913 7215 14661 17207 17395 12366 14246 5720 7411 8381 6628 12276 15575 4845 192 2098 3872 15115 19563 18577 5911 15551 15093 17015 15961 2582
8447 398 17709 81 7370 11543 16964 5551 373 2750 5366 12711 6894 2829 18689 10344 3314 6854 6422 10100 10883 16625 5748 6406 9361 15622
10911 11412 7825 3334 1868 3229 18194 7565 12290 11969 19873 9349 13364 17223 14448 9988 8204 9911 19269 14339 5734 14187 15735 10842 695 12518
16819 12991 5501 6968 10183 6538 2240 13346 14246 15171 3763 19911 4658 458 860 11406 19313 14001 13372 4419 1135 4850 11246 13358 16360 12361
12787 15114 11118 1878 17064 19584 17311 8920 6551 4530 4643 17816 19689 11370 4398 17936 9993 9262 3978 3617 4752 5321 10749 19674 14823 3357
9407 5493 2919 1714 13597 6609 9743 11696 16675 8282 564 17131 14946 18724 12315 10302 13805 8407 17117 15055 11200 15783 202 12384 19542 14490
482 2336 452 17975 3425 16417 4531 6260 11008 19531 17185 17369 4154 13582 7028 17867 10395 6042 898 14024 12270 5552 10062 11960 9803 10010
176 16003 17809 13722 8543 9113 16402 2986 16322 17047 7838 6295 5143 5713 17665 17476 18058 10071 9101 8134 12388 654 1481 5625 1940 2738
10136 6463 18181 12292 5472 11257 1443 18251 12423 12907 14723 3543 418 14608 16603 18763 3031 5678 2586 11363 14253 19299 13601 2174 10410 14406
4778 16183 1826 19785 3618 818 18540 6453 3929 7317 1298 579 10740 13819 18911 17616 14885 19532 3531 15689 14804 7536 17100 12168 11136 5887
16903 17989 5108 9744 11851 2867 11023 8929 13981 7001 6637 10624 7238 1996 1927 8613 14384 13750 5582 11296 19475 6922 7959 16730 296 975
17452 10607 18908 6374 9865 11947 5797 2224 10894 18382 937 2236 4097 7182 5572 17188 19851 18008 17875 3710 8105 18617 13810 18910 1034 11556
19138 13477 1333 1403 11443 13110 2433 2451 5321 13004 10347 8492 19898 26 2832 77 12768 5071 11833 9131 3368 14605 3771 2874 19035 6349
12166 18277 1987 17568 10782 12564 6293 17972 15115 19231 3050 5662 18317 13079 7447 15516 17932 15472 1199 16947 19659 13885 665 2751 15006 10409
8283 16202 3293 2505 7380 11611 16179 19967 15116 9372 4627 1311 19376 3105 15968 15004 11637 18983 17828 14810 19280 3018 5713 14680 2726 9045
5963 11821 841 18870 18559 332 7782 13389 3513 4043 2317 9478 5601 5998 16337 15305 13049 14832 17430 5409 15451 8807 9820 11838 1061 14055
4389 10169 3052 6903 12965 12173 7747 1222 4084 18531 19037 10088 10224 19773 18684 9794 15289 17720 215 206 3062 13467 4742 9542 888 11708
10333 10062 15496 3644 9212 14973 17034 18845 186 3622 3000 3708 10093 10448 9866 5550 19781 9743 3450 10721 3153 6011 8944 7781 9188 5768
6049 7737 18397 18689 19303 18478 18287 15699 1225 9815 10468 5106 15214 16550 7338 6401 3560 1832 4401 8820 12695 10080 428 8399 2189 8500
11130 16750 7518 15967 5413 4676 7827 14987 2994 12547 1740 16778 1490 14823 15933 7827 17834 14193 11918 17957 2736 1172 12932 17566 15753 19665
714 10448 3210 12205 1263 19924 7106 5739 13178 4155 8296 7209 11704 17523 2163 15503 14637 1183 4828 1066 16398 18965 676 19022 13269 2468
14509 10560 5923 1699 17101 562 7218 8833 13486 13446 14616 634 786 3400 9380 6140 16184 16339 2832 17205 13468 19043 9497 15152 1292 3929
1384 13888 4354 12797 4281 19937 11440 18919 6281 18000 18988 17690 16026 17615 10202 18629 13821 11655 18145 1489 19486 12993 6771 13847 6939 2049
11857 4613 4994 16062 13512 12034 5856 449 19400 2517 1191 13458 2573 18721 2702 11610 113 12642 15490 18231 10373 18033 10307 1942 3004 8984
8754 10009 7109 16694 7310 3097 11317 16434 9139 8550 16045 10572 10468 5933 10855 12490 7748 4599 2443 6019 19645 16183 6260 14505 8379 18062
10196 2116 7529 15084 7538 108 10717 10159 4893 18906 550 17926 1011 11358 6079 16592 8081 1233 13088 4389 10269 15618 13637 939 2711 7362
1102 7017 17501 17294 19711 6464 14729 18781 16959 14768 4503 6548 1641 11406 5657 10574 1914 13289 11331 18955 9369 13192 16533 1357 5179 3034
18163 9329 19859 3884 3827 14077 2415 7899 538 12368 8945 12118 12720 12784 7441 18211 11567 10220 3535 4784 18 11462 1316 13991 14017 1236
6037 1778 8384 11780 18678 14085 2651 12471 18021 10342 1431 14643 12063 19486 5392 272 16637 19514 6045 2017 15195 6174 5633 19319 13231 9402
19713 9072 3022 4140 16366 5098 3280 15842 1010 5006 9211 5147 5353 15284 18376 14073 13187 19546 19100 14066 12275 13622 8541 14794 481 3780
3776 13738 17258 16088 15451 3641 4576 6420 1666 18644 3176 11613 1661 19815 3377 8377 4490 17034 2417 14246 15340 10689 13643 9297 9852 16981
8578 1471 2831 17708 555 12526 8730 12378 1146 10926 14921 11831 16079 5638 4428 3098 3946 342 6477 17365 1069 16086 14964 16985 19736 19270
9437 470 1102 11940 12692 17943 11412 15380 14111 18207 9602 292 18273 13382 7150 3833 15436 1890 10883 4291 6345 1875 19087 13755 11486 18484
19292 13251 12573 3027 14193 3670 8923 8810 17996 3380 12763 6704 15349 19270 12387 6437 1401 18297 3286 12979 2464 8857 17326 12345 17197 17982
1902 14440 7247 18625 13718 2364 4546 1767 5872 19292 6607 2385 3131 13505 2313 5856 6580 1255 4197 12592 10167 13773 17087 8554 8460 5052
12238 2637 18019 10395 14273 6327 14217 6226 4626 19816 15360 14890 475 3407 1191 5157 2682 14160 10025 31 17328 7233 3474 10867 5641 18365
14202 19281 4297 3526 9702 10994 4207 18277 10905 14851 10635 19326 16390 409 18415 6839 18351 14740 6123 12088 8884 2973 16921 9959 18720 19725
504 1968 2154 9586 2033 12214 3272 3273 17197 7958 14830 6445 468 8302 5460 14225 2916 10722 2188 8548 10965 2158 2252 5041 10780 22
12052 13047 14534 383 16829 5712 15466 13157 286 9010 9645 15257 2791 17270 14202 10753 7334 18829 920 18156 2562 14671 14666 8348 14703 6908
3169 7840 8961 3176 13664 13284 2704 6650 9749 1866 9723 9112 13871 3860 18744 12336 10575 10106 2261 9604 1040 5510 14622 16841 15337 14497
11110 19375 6614 14397 12192 15543 8013 10382 14692 18862 13380 17058 14269 19028 9440 9230 14962 11635 5737 8305 13701 4159 2793 12622 11573 15452
11198 2134 7889 14967 19329 5261 2922 14066 18510 6471 10255 17378 5110 4974 7388 3778 4889 12091 6110 8223 15948 6750 7389 13775 13462 2802
4318 10820 14210 11103 5250 12158 16610 4439 15813 19723 2497 11668 1074 5604 1491 5838 12972 12234 509 5568 13302 6119 432 11330 15589 12604
3833 1662 14452 16238 12825 11576 7737 8772 12910 5650 9802 10508 3918 12729 3163 15998 1549 2863 4333 14356 18447 13970 16639 497 3930 19370
2859 19865 5913 11709 298 6060 1355 13343 10336 4992 2337 8382 19840 18852 15712 13586 1040 8232 16227 16416 16357 19151 9894 18383 6496 6572
2971 8170 14184 19261 10224 13032 10905 7046 15662 6681 2584 4896 14440 16348 5767 19914 14929 950 12543 16639 18301 8839 4555 16461 15644 15854
18083 10640 2844 16724 9794 13169 13575 13636 4734 19916 7286 10690 15944 8593 7913 16058 11194 13283 3729 18549 544 14160 5497 15783 10947 3613
4706 15353 9091 12679 7250 2401 9340 19136 12261 9469 10132 1863 9523 8016 19318 8668 19854 8769 4090 4736 2053 2024 6513 19173 2070 10329
17915 5254 10526 9890 10792 18118 2061 19200 5177 9301 4041 10402 84 2256 10927 5624 16435 13026 9043 1023 5891 19896 5565 9988 18727 14898
10741 6252 14225 20 3961 2375 16536 3001 7565 2770 12332 5636 15362 3073 17941 18291 312 11791 7401 4301 13890 913 7304 3328 19390 13455
1460 3574 19339 13288 12994 9520 13668 19302 7571 13917 6932 4965 13292 2474 244 6817 7073 3982 9079 1267 19014 4022 3568 291 3237 3266
18082 11642 3940 19546 12101 9291 2288 17546 3831 3063 8424 17762 441 18784 17120 13118 13419 7945 12484 2043 5653 17285 16696 4560 18781 13043
4592 9418 9105 5791 14327 15856 10669 2947 12617 9195 14619 9308 18600 11664 4308 14249 14380 8520 6066 11305 3409 4916 4370 1713 521 2600
13319 19132 19386 14733 12749 2871 5098 10085 3550 7550 3269 8535 3940 18533 15285 13173 4318 5529 19456 10638 11224 7557 16072 17259 13125 4299
5551 12350 2202 16321 869 3430 17550 14496 14735 14794 16868 4311 6691 15774 341 7784 7903 11433 6504 4826 10825 5309 7479 6428 1969 8604
10997 18141 9208 19698 17790 6860 7050 5878 4516 7315 12439 11886 10728 9721 4875 13615 15432 7687 10823 7763 3344 17739 10323 6196 3288 18153
18702 14337 15222 16812 5926 8399 17790 11053 12096 2691 7776 17874 17160 13285 1676 10968 16581 14879 9912 11719 12224 17831 19325 14296 18206 7281
4911 5471 13487 8634 1694 11172 5090 5431 949 17341 10304 541 17225 385 8351 10086 7967 6278 18267 5785 9726 11701 14430 5024 5366 11311
11477 7678 4704 19648 1085 13729 13424 14613 10431 10802 15726 16239 9110 2057 14903 9861 19980 8293 3127 15909 19698 3465 3077 17615 9427 16508
174 7127 9688 9915 11686 10596 10476 12571 453 13693 12224 14392 13876 16523 1423 2110 17396 14550 12974 6191 6405 2154 6662 4705 16744 3149
13984 11947 8040 5356 9570 1650 16596 5247 10076 320 10109 17874 8311 12214 280 1081 14843 18598 16425 1013 14973 10588 14094 8209 15085 4780
