365
1 82 36 65 25 47 99 67 20 58 2 97 72 86 95 47 25 22 2 33 48 85 21 85 55 84
14644 15707 14063 10594 12209 1665 13779 18880 14245 15699 14954 10780 1807 19564 11721 17774 7336 15906 548 13447 12481 11405 7037 1249 13040 14471
19322 5766 11890 19014 13016 2159 16059 3775 7908 13891 16345 14837 8906 11196 1616 6434 3152 4486 6420 4435 12390 14396 18027 11609 3007 4533
3485 2630 9928 12853 4893 10801 10701 18688 3577 708 9345 650 9689 14666 19297 17189 1532 10385 17988 13455 12437 3100 13610 619 5840 4274
12050 7936 3726 8142 18183 6277 19280 7157 568 17135 7260 7487 15157 15018 6962 73 13525 16026 1658 10751 8510 19998 4984 7184 1380 10740
502 14765 10974 9592 10405 17666 18993 4812 11589 17388 5745 15955 2114 16704 19131 1437 11106 15321 7616 903 8579 18663 5397 17519 19835 10312
3228 7637 4247 13848 17136 11152 2703 4052 13789 4488 6993 8601 19738 9567 13959 8807 1267 201 17896 4652 1063 9499 13808 5507 423 4427
11166 14907 14893 8105 17421 15584 5724 5875 17515 14544 1579 13357 12614 11204 4586 5939 15679 543 19591 6637 10514 18462 8944 6507 9273 5655
2628 143 207 10386 2662 7866 17078 2265 1373 16663 4388 17230 19642 7086 9408 18860 2870 19683 7821 2911 3634 17137 10814 12855 5373 17981
2648 17604 18760 4672 5660 15405 189 16272 15220 6082 8971 3826 8622 16018 12979 19451 3240 16572 13401 11466 17925 2907 18793 18379 4315 15887
18357 18765 3806 9667 12959 10739 176 11580 15537 14742 8133 3481 10768 10480 1324 10278 18108 12530 4892 17574 8687 5164 19241 7271 11145 11766
4352 11774 16201 10656 663 8789 14237 14588 2135 19589 12915 10504 7824 14282 5860 8768 2096 8558 8755 15458 2431 6927 13392 12397 4092 7727
14104 12070 276 14155 5256 18724 14075 19269 12506 4931 17468 19251 11926 16357 365 3391 7451 14517 7734 688 11008 5308 15460 11708 18773 18305
10881 18293 14034 7779 3554 17151 12418 16696 14938 10995 10116 17427 8015 1149 10375 6688 11054 6465 10045 5535 1885 5398 12154 19910 13790 15520
4965 3862 7090 17630 17621 14838 14051 13058 1710 15622 19394 10799 815 9756 4921 9589 257 13827 13304 12592 5563 10591 6796 11611 4342 181
1814 11194 10070 17866 8138 16302 646 14901 3724 12812 2257 6571 19698 5965 13268 19337 12744 13892 6337 6875 9683 6604 5590 16597 17903 15424
11155 11367 19424 10901 869 891 14453 11171 4935 5894 7789 15232 2147 15400 2742 8023 4464 16540 18130 16796 15537 15150 8403 12165 5645 6125
13187 14445 15665 5398 5860 4137 689 394 9171 17451 7291 17771 8881 581 5743 14562 7670 1897 19596 19619 11590 8611 14556 6124 2822 19485
3745 10125 1870 18269 9259 14270 6747 5908 10503 11157 14908 6447 15154 11832 7829 14076 140 3557 490 15475 7667 4701 19925 11401 2601 14602
12421 10532 3543 19976 18981 12934 3628 15870 12075 223 951 16307 6152 10139 7859 16187 7178 14297 950 11944 12539 13130 9061 14877 13495 599
9965 11306 1231 10824 9656 15935 16725 15534 484 11105 3650 11856 11602 19569 11478 7084 5248 15094 9795 15186 2708 13771 19894 19663 14080 2886
11717 12991 14872 3759 19520 3907 14606 377 10785 240 5866 10728 17862 13482 14127 9663 18193 14551 18622 17260 16294 2092 6031 7036 16145 13933
7799 7225 6526 2683 6627 13330 4448 7522 16406 17678 15713 5 111 8124 2714 8536 4193 8861 17182 4190 6870 131 1108 12011 12980 9466
9323 15766 14235 11395 327 16486 124 13380 15233 10768 16974 17993 18893 16009 11180 3411 1728 3778 14603 8666 12942 8015 19619 15598 10058 3423
4436 17906 19918 15488 14153 9040 17988 6760 2327 6459 803 16118 2254 4644 2943 12734 15672 15524 13610 8563 5390 18179 17198 3403 1137 8754
3342 10484 4423 13465 17804 4546 7411 9776 6199 332 7550 7433 19815 14091 7565 295 6471 4641 9992 11329 11571 3693 2614 11486 3999 9757
4991 15457 4878 953 10348 17649 11991 12428 3046 6364 354 1941 12278 14307 2549 14097 17430 9926 11262 2889 16913 3663 13239 14144 13064 8674
12401 18292 638 10991 5092 17080 17705 898 15524 6299 11860 3127 18174 7708 9156 16079 17639 1138 11805 9778 4179 4793 2668 12811 2332 4850
17298 8658 7277 4208 11977 4667 17552 17971 17539 7259 9424 2057 1405 15653 11586 6425 2340 18042 323 13068 5415 12585 5749 16063 10380 18984
6601 5282 1333 18508 5731 463 931 8513 16275 16001 10162 14882 8138 18399 14082 13259 9589 8927 8710 9122 17170 5805 22 3054 11891 12254
5576 11065 5162 3556 19640 10367 16924 6325 14213 4053 4555 13444 14356 6433 11892 5747 12403 17427 8860 5355 12005 306 14441 15793 6509 14056
1515 8397 15228 12021 19919 5291 15544 954 17091 9495 13725 4588 17602 12039 15773 7417 17666 3853 15205 13064 3617 1306 8019 4922 14050 10227
14251 4306 9371 7405 16617 9167 1591 11786 2979 179 8488 1869 13451 14121 11960 4706 6197 9063 6914 2981 4748 17831 9897 3752 15008 17984
3941 8756 56 17836 12791 18435 4001 3240 5046 3460 8932 5681 2544 9733 18807 7035 2177 2931 13755 2734 5095 3191 6694 18658 7833 10146
3178 9450 17047 18286 7426 7442 8595 10140 15046 11078 7565 14078 9062 7781 16085 13804 5721 8425 8179 2097 5128 1881 12985 1647 1295 5556
18940 16356 348 10693 9005 7176 8915 3415 16909 19663 4815 15076 3141 19752 18058 824 10542 12816 19879 5016 12413 9290 1674 2568 8074 2925
5509 10777 5066 15041 10508 3406 5543 1193 16029 17354 19208 3921 13749 15991 10325 16377 12981 12133 6438 3167 204 8781 17077 9348 8316 2902
9349 7269 14827 18930 11087 3230 13462 12355 15314 13280 15523 1884 8501 8797 10008 16507 1202 4920 13275 6247 4455 19070 17079 5066 3373 12841
2165 16355 17608 9081 13614 64 1547 1887 9336 11600 19892 5210 8389 14924 15791 4524 9579 10116 14816 1485 1847 14808 8050 8449 6540 1925
7853 6244 17137 14810 14499 9021 19065 19340 1728 19154 16948 2770 709 400 9751 15562 13095 13074 4388 13061 6380 12197 2300 16134 9141 10338
14028 815 552 19282 18946 2271 10946 14704 17387 18452 6770 19489 3013 3204 1171 779 10991 16392 14981 13542 7527 7869 10995 9228 13839 11469
6776 14830 2274 17984 717 6606 12027 6580 10745 6614 1559 4117 8704 6509 11086 18187 11343 17131 7889 19361 11104 12920 18875 2047 13573 8018
3986 5913 17966 13568 16316 15636 3269 10976 12272 6621 11433 12485 10480 3170 7045 852 2152 18204 4653 3213 4174 18869 12371 17252 16021 19802
5817 1192 8447 9993 1558 2144 1069 10601 18471 17166 9088 15102 19812 7115 15394 8746 1086 16891 3856 12116 3650 2123 2892 4089 8406 17262
14669 12526 9706 7663 10331 675 19653 7323 3028 18865 18858 1185 19976 267 16762 1264 6186 7409 17347 6750 14454 3590 15707 10096 5033 2071
2350 6187 3480 16433 15536 3035 11607 2424 5342 7080 13787 2520 267 11362 1318 12505 6924 12271 17179 18382 205 1503 14688 5967 6440 36
17568 16932 8603 19678 15278 274 2201 2282 886 12824 14406 12682 15041 14090 13326 6703 6500 5057 15049 13860 859 2260 5005 3233 11705 14264
2366 18580 16027 616 6480 18989 19124 867 4938 11308 16131 6852 8754 3345 886 3591 18934 4958 4650 14517 2477 6532 1165 266 1801 852
7493 14717 12995 8865 12610 3960 19534 4186 6413 13402 15652 12057 4706 5168 14445 10516 8119 17694 14008 12021 16134 17491 6946 7084 15778 8562
2764 12217 13028 11608 3531 7217 2873 16273 1654 5968 7452 19668 8264 11764 16486 19445 6806 18513 13569 443 6046 955 10704 4266 8790 12577
3670 14826 10212 16234 9288 7046 426 13978 18488 15777 15297 9904 14835 15870 17065 9032 15741 19013 15102 1261 9952 6149 4739 11604 4031 14607
3089 1738 2381 11920 19227 6425 2787 18817 13250 13349 2977 13530 2235 3566 11560 13157 9467 16611 11392 5894 12209 4846 11455 3288 13143 15299
3739 8335 14248 13678 9272 9857 12813 995 4214 6859 17728 14475 819 3900 5479 11977 820 316 7107 4245 13650 8013 18861 18110 15106 19421
18215 940 18442 2058 10054 5029 2960 14928 9225 14409 15689 5286 17815 1740 16952 9975 19379 9130 10710 3169 5307 11938 14552 11475 5598 8714
9010 4704 15994 12248 2418 8803 4428 16636 12895 5818 12481 8140 2304 13296 1554 14907 5813 19354 11074 14497 2519 19553 14141 11347 397 55
7738 5286 1911 19239 771 18200 13527 3069 2614 15376 16137 13375 2120 2280 2093 11185 19808 16717 4846 7903 1175 16702 12364 397 19578 3234
2947 19855 10902 5221 6260 11110 16168 3131 3970 17128 3844 5162 8660 5901 11017 14157 18513 9737 7563 5463 14470 19863 18586 4390 5299 15881
16333 9702 17343 18765 15519 969 9295 3641 8913 9434 19008 9835 8936 10950 5413 9584 12565 824 18166 13111 1002 4616 14213 3669 9878 12322
13340 19952 18367 9317 17318 2473 1642 6709 3112 6245 8980 5815 1376 12449 13544 12376 3063 6355 16302 5238 11457 14593 3714 15132 12212 13234
18400 7139 447 6120 7722 3997 8091 15700 4994 16315 13244 4823 7325 19183 5350 13574 17790 2606 8631 7078 17294 8874 11947 7732 4500 1115
2037 12010 17281 3937 12501 8184 6179 7912 4686 18706 15772 19127 18654 3836 1571 16098 19930 655 2411 17366 4674 9057 17689 3969 8526 17209
18934 5728 15821 706 16150 13407 1604 14442 13071 4325 15167 19357 2744 3108 9552 14098 4687 9086 5699 12730 14409 19065 14991 1259 4194 4199
15946 3662 9483 6910 17611 7885 10651 4362 17354 6255 7307 14580 11532 11679 15403 18063 11771 19636 5547 6413 8848 4274 8146 12750 12519 2718
8818 16381 18216 19249 9355 4453 7585 5843 19283 10542 11188 16243 7433 2868 219 7603 10812 19802 10411 19777 12871 11234 11866 5489 19520 7417
17756 16561 8531 6627 7532 6239 15639 2351 9436 11932 8407 9286 5067 2811 649 6881 38 13455 6558 7470 3214 14835 5782 9477 10699 13981
14965 13633 10537 3615 16202 8221 13642 5850 14265 10875 2135 14844 10429 2183 1434 17899 11436 1021 6727 13090 6226 1808 16075 7137 10176 841
10799 19800 11229 1167 7502 14239 4130 11955 4155 333 1005 13590 18402 12226 18183 1330 5880 6753 7227 12166 15400 6721 19130 1763 4023 2466
6582 18287 10036 3200 2726 1682 10802 16733 1304 1799 3879 9498 15723 6533 15793 14397 4945 7833 3055 5877 2480 15930 14024 10520 18265 10419
11541 5848 18035 74 4872 18491 7605 2720 3731 18689 11211 2804 4928 374 4425 2417 8501 18703 18852 9235 16488 14581 9870 18036 16849 6206
3984 13085 17914 12264 4709 11659 2285 17980 7634 7586 776 1527 15086 11371 13316 10059 15326 3064 18891 8073 14448 18803 14382 11081 13138 14052
19828 14285 7147 4243 8944 5490 1752 4572 16285 4104 18633 2314 9159 4356 14933 12762 12098 10011 2924 671 3216 4192 19738 6098 3189 8295
7504 7635 6235 5036 3387 7086 15185 11432 2075 2028 1319 19000 13558 11505 4281 4139 17691 5667 7189 18604 10938 596 4623 5982 422 10291
5406 19100 5480 7474 1647 9130 2241 416 8483 9728 3598 13773 8979 19581 12946 10550 11823 19208 15530 12087 3970 16011 6240 5774 13988 13862
16470 8750 7539 14556 3817 12855 13473 15875 4568 2044 910 4559 9741 17679 5845 8758 19669 18301 1193 9360 9487 16885 6334 2463 7329 11964
12014 7403 9171 663 610 14814 2227 3444 884 6329 15672 1848 9817 16391 1038 8853 2972 17014 18852 1811 11777 2217 3654 1199 8124 6462
17763 384 13086 8860 11169 5979 10264 14264 15442 3740 18883 357 13466 2414 5200 2630 16185 9207 5357 13721 8818 18160 6648 17027 1464 12810
1472 13213 9664 3086 732 17550 1963 254 13030 13325 10583 2890 577 1386 8721 13321 8853 37 10513 7934 10061 12399 14584 18187 11554 4127
1688 3042 19631 4215 10177 12562 1096 16115 18460 17314 6603 9602 9865 10268 18699 19960 18723 13589 12729 19449 13487 18635 13422 6718 1001 3674
15212 5590 3298 13124 15628 7263 4931 2146 19470 9522 4907 15334 14911 8876 19861 17500 8901 5586 377 14659 17019 7206 7469 9593 19990 2096
818 12492 16720 2093 17112 19015 14653 8834 7474 18458 16829 6776 8193 11541 18028 17910 15902 11904 10226 14170 17265 9962 8675 10394 15327 11176
18551 1897 13878 15788 947 16313 17153 13918 14836 1957 10248 15804 17482 16581 3323 10680 7549 8686 9110 12986 5999 12195 2762 19441 10911 16241
5930 19752 4512 3244 2750 8742 2482 4854 7440 14890 2270 4103 13061 13111 7178 17473 17342 3400 18467 616 16976 12727 18244 5594 1404 11021
8817 9127 12030 5243 15881 11712 586 7624 10198 5375 10334 12992 11905 14170 5663 5858 11458 9631 6762 2562 18485 9454 11119 6164 13850 1944
4416 1180 19163 10805 18287 15184 15095 3098 7480 16988 4494 1401 16234 2549 9068 4288 13482 16095 17053 5487 11920 6020 13043 12595 17403 6566
12957 7629 14322 16943 10194 7195 3551 6841 9406 11463 10662 11020 16261 16341 1443 3259 19716 13417 833 5281 15991 5163 16331 6222 6131 2001
15592 7321 5716 12126 2928 18652 15082 17256 14019 15437 12963 19599 14364 408 2107 6401 11281 18379 12834 16316 7494 2018 6523 14446 4841 6761
322 5082 12133 16423 19679 9432 7244 9587 5588 17145 17800 10056 9278 7752 81 11462 9051 13752 7734 2610 19995 15218 6990 1788 16547 2393
13510 7709 4659 19204 8836 14426 11470 5469 14468 7190 4054 1202 158 17985 18846 7293 11868 5574 2124 17654 12477 2470 6455 18637 17303 16066
2276 4205 7353 384 290 6689 18684 7826 1766 6568 15020 17645 11520 13875 6477 18839 6660 13434 16738 2503 16104 5779 8255 17154 6884 10537
18559 6153 19110 13431 13644 5032 8444 10332 14863 14425 7173 8017 1662 891 19608 18924 5242 10410 14623 9848 5448 13226 10376 13779 7564 1814
16814 9900 12185 17801 9326 5601 14470 8287 17235 14431 10314 6695 18163 3043 17873 1381 18 2731 8655 5088 8727 15060 13494 8533 9681 17708
1264 17859 2310 11189 16029 18917 11462 11132 1890 6605 12424 15888 1631 18873 7273 2008 15436 12225 17226 5203 18278 12941 13100 11445 9372 534
1729 19955 12320 9829 5651 8961 5675 14900 3695 17261 11146 12568 17485 5164 11358 5029 19719 14869 17395 10962 8189 6856 7251 7399 5668 8832
358 16922 12298 15103 18161 5539 8840 13674 16931 13971 6250 11409 534 12686 7919 5643 17363 17421 3773 12172 17822 19673 17876 153 10579 2315
11469 10498 6326 945 2540 19317 1643 2867 16376 1038 10073 16542 14193 4375 18876 7288 2011 1603 2818 3048 9490 16761 12082 7374 12653 16754
3551 17215 9805 15402 16249 617 15189 7617 4285 7861 14741 9675 6904 11127 5511 3970 1477 13580 7361 4219 9543 11784 14058 1689 3782 19463
709 14584 5686 13757 122 17753 12807 3586 15322 2630 432 13960 17064 4124 9014 18576 17088 6336 14759 11577 4090 3398 3093 8896 6757 17860
6495 10115 5393 8075 17948 16081 6298 4619 3294 8737 12715 11059 18300 14483 13763 3169 18939 6181 15012 5710 4889 16760 14723 5010 526 18974
3315 7441 442 4153 16967 2277 16994 1467 14039 8354 5940 7887 12894 10891 12510 11450 10445 15634 13360 8804 5567 7436 16171 2924 3196 3480
2982 12922 16950 11724 5605 3623 4654 2318 16008 19103 8640 8185 14889 6666 5999 16074 15722 6362 15134 19447 4651 19016 8867 2669 5222 16704
15609 17772 17214 16029 10210 17033 15879 15567 15600 15744 5159 15078 414 12578 12045 6792 15478 19735 12009 16639 13506 2318 4424 3405 16964 17754
7237 12844 13534 3134 17215 3584 265 15629 16398 18208 1831 11724 2219 19360 11994 16752 13923 8525 13092 9459 1698 14388 241 9110 14525 12943
1596 19358 5846 10482 17744 3671 14476 787 4554 8080 17858 12244 1496 16648 14988 2986 2610 14126 11480 13552 14255 18210 950 14326 8630 16711
6810 4600 16886 9872 8708 15666 11373 14444 14440 6210 2492 1097 18057 11152 15418 94 9247 16775 12313 13191 1609 10616 1415 13516 3874 1701
10837 14895 7453 17493 12656 10056 499 8025 14201 2296 15728 1889 4307 7215 8838 16462 2089 17406 13002 10582 19860 4745 14734 6823 6744 5137
7916 14894 3665 6127 18758 16898 818 17447 5036 19285 3956 15669 1728 10465 11090 9803 992 5213 10096 10854 15966 8914 15700 18319 786 7074
19585 18281 3399 14441 6665 2003 12211 6369 2480 19715 8799 13693 18983 18002 9298 16126 9697 7439 1519 9637 14109 17566 8431 4549 16424 17833
6554 5855 6075 12622 17146 9537 7458 6037 10675 5135 4019 8025 9527 12141 13927 5509 6377 11827 15261 13951 16228 8103 5000 1478 2792 8238
15427 17447 15888 9510 12178 4367 10788 15539 3138 11872 8575 14203 17154 6173 6428 12976 3860 14566 14824 1544 7299 7449 16874 18252 7385 19338
1498 18210 3670 1228 7715 6951 17126 16468 231 3769 1126 3485 8602 18173 18035 13757 6537 2894 18961 9990 10452 2214 14197 4002 19819 4023
11540 11209 10657 11839 4412 6879 16623 11294 8375 5176 10656 19756 8678 7094 6740 7776 4361 15210 12357 17778 10522 9445 15486 18336 17627 11226
4397 5466 9471 12863 5536 8685 7880 19147 19729 130 17250 14742 9020 15089 16846 6178 2750 58 12747 1914 10441 16832 13790 9607 9709 1615
5303 15056 1707 6802 6096 8774 6561 1252 1137 518 1755 6993 8771 3656 23 2247 10657 16862 5065 2379 11854 11714 13110 17439 17387 10614
12229 18274 168 3734 3297 9926 1116 18371 4429 13742 18688 18046 19864 18759 5954 10726 10486 19520 3204 18435 3452 11745 1110 6655 4886 6022
14580 2634 185 1629 10470 18055 996 3822 6104 5977 5908 6440 13428 13427 9844 3898 16416 11146 14045 5563 12964 13899 13439 1283 16543 7931
3292 4714 4361 7451 3458 5575 10196 563 11541 12459 14235 4557 5012 14088 10639 11077 14105 15111 1981 14079 19313 13618 17088 15956 5512 18474
12907 12338 13105 1637 10051 2296 10842 15775 2156 1938 1605 15523 794 4278 3322 17955 14833 11079 10757 15979 19711 8622 12616 2040 7714 15295
12001 614 14667 15438 3731 9615 9411 18800 4800 16784 4955 11579 19 1147 16962 10595 19490 19134 2082 9500 2942 13659 5689 13894 15122 4678
14135 7799 4791 6522 1691 14755 4984 5123 9130 16481 3343 11831 3138 18741 13859 10894 12953 2689 13185 1641 3220 8047 15589 1278 1818 19854
16875 1994 9191 4458 2457 7163 12253 10623 8298 10403 102 7766 10966 15407 7057 8632 7645 7022 19141 3139 12918 195 5440 5772 19819 1122
16187 1589 8946 8421 10250 17538 14236 16036 19676 10758 6074 17502 6566 3556 12075 15127 16658 3154 103 17728 16928 8557 14399 1509 8863 6623
13398 9408 16935 8834 10260 834 3584 9066 14118 1217 18603 7468 7686 17216 19252 247 16670 17375 17913 3399 2425 3541 1933 2844 5521 17694
13277 13331 3112 5392 12088 15309 6319 14045 18491 4223 8788 14747 6 7155 8371 11551 1767 14158 5418 6995 15498 13691 16283 12365 14986 13221
18362 10295 12146 7194 10973 14909 14 13012 15063 9756 19852 19706 15982 8185 15626 14887 2739 4793 9900 19608 6791 8519 18057 15541 17711 19936
1493 4689 10782 6201 14005 3729 12451 2646 7909 8977 4071 7820 3425 3157 10596 5305 18113 3877 11989 3605 4900 3927 4252 13219 18720 14476
7698 8631 8775 18880 125 19263 50 11613 10856 9153 18253 11576 6086 18512 3223 8569 15744 17816 8727 12338 840 4337 19367 2666 11840 8221
14131 1548 10842 3314 1556 6223 13707 131 18528 10646 8900 3547 15332 4422 10627 7012 8679 3025 10926 11736 10643 11322 5861 19141 10731 2777
18008 13224 18373 19122 8086 8566 5060 9558 3735 18558 10534 8882 5251 7625 17618 7602 15757 1684 15575 5246 17877 3492 604 12353 13566 4847
4616 11259 11460 14564 551 3623 14802 16374 7037 1150 9404 6359 17039 19362 12116 18032 4807 5404 6823 10628 16234 4430 952 6537 6787 830
8539 12927 11620 14462 19994 18759 8863 2043 2861 5065 1260 14944 6321 13838 15425 18798 14416 9598 6420 5469 10903 15786 8255 13327 13721 19344
8757 6450 653 6884 1470 13408 6921 17081 6523 5649 10214 11184 15258 12338 16100 4272 4039 2012 2990 5101 11457 17969 16576 2283 2883 17804
16925 15657 11607 16424 18213 18183 3819 6151 14314 17920 17759 8760 6699 5838 19440 6371 16235 2952 18148 4773 1951 19529 8533 8965 1108 17349
10704 18964 5573 15339 10615 16251 19131 4891 19890 12681 16327 10315 14203 288 19827 19254 356 5581 13887 13596 8974 590 3804 11843 16646 12676
11714 10077 1773 19402 15470 17573 6682 1144 14328 4201 18874 4216 6022 17877 8215 3902 1257 19489 14939 15740 1395 719 16477 8392 16610 14953
5834 17869 14854 4066 3701 6609 13006 2554 8727 19914 18737 7883 7417 19028 10598 2156 5885 16500 16556 13074 18844 7173 16672 18045 6167 17055
7781 2394 6894 455 7157 8754 18234 18877 4662 19483 2069 13454 3987 9680 11184 14135 1925 3981 11023 9911 819 13394 4500 3996 11277 2309
19712 19430 8663 3241 6447 6911 19140 4670 16692 8617 15393 7699 13520 17077 9866 7876 7577 12640 11889 3017 6982 16437 1484 16843 464 12797
4774 9507 10647 13527 12148 6351 8201 7750 3212 8435 6218 11667 17757 16831 14351 15620 8927 5542 10421 6529 9407 2528 10655 1737 892 15655
13619 8483 16967 9484 18208 15506 12714 14414 5573 16268 2881 17091 2296 763 2343 15975 3053 3246 17407 3150 13619 9526 991 17894 12271 15987
273 2835 19240 2052 17092 4482 18139 14120 285 13724 13946 8647 18261 9228 17480 2364 11896 159 5826 11978 19275 10035 15761 10044 14397 19024
18349 13623 4984 15771 11964 3155 16427 17516 11664 3122 9805 21 17597 19537 16066 13925 5636 10224 4305 5102 12828 8383 15281 367 3336 11174
16283 18542 4261 13122 19573 9672 8313 3288 15649 4517 11603 13639 19324 18948 14259 6495 13168 8186 6875 3911 4829 2016 325 9234 3479 17386
17092 7617 1015 15081 2119 7098 15429 12801 7770 14101 8465 11399 14368 17025 9224 19432 435 14489 16556 2642 1640 7 8909 4541 4391 12524
9532 14735 18068 8876 11413 10424 18336 2965 7505 10761 13451 80 17702 15643 4878 15628 4582 15716 2937 3312 4673 17088 2603 6333 19802 6346
12370 1483 11282 8658 13974 19495 14771 9918 9897 10522 4768 7974 7818 2640 5958 637 11272 15733 577 18725 13238 18676 10255 1027 3356 18325
2454 5137 1366 7225 12060 16151 3293 19387 10441 7382 11077 7475 7215 7005 13922 7768 18441 11051 16873 14224 11015 8291 19699 17067 6812 14970
15955 15245 8738 19823 12052 3263 15200 6383 9880 10619 11484 16517 18435 17135 512 13320 7637 5065 3031 1537 6424 8877 15983 4611 14444 18424
4754 8680 13640 9050 8982 11541 550 11726 6714 6594 8098 4604 7693 6211 5700 3288 11307 17948 2170 11978 12778 14174 4547 19703 5515 225
19334 9769 19573 15027 10695 13939 19450 15963 1165 18022 7438 6283 12683 745 4882 12642 2449 12083 16623 3728 12073 13457 4475 3749 15531 12220
6243 4634 10244 2796 14775 18590 1844 4749 981 11601 19829 11350 18954 10618 17386 18899 18810 5009 18701 15944 15774 18500 643 3783 3782 14763
17799 7661 5060 2099 15398 13070 7647 13877 9482 218 15873 9615 3675 2694 1564 18948 17881 9952 8370 16081 16817 18816 7589 11820 9157 16256
6991 14509 3703 4786 4202 12355 7166 18210 4090 4784 10731 13172 17320 18117 8804 269 14280 2926 12043 11752 19308 13048 17981 4217 1142 18674
17740 6818 14989 7652 12032 11649 2165 1721 3011 2184 17258 1835 2122 11277 6586 14829 9322 11969 850 2991 424 9163 16293 11402 576 7297
6795 18240 10298 10592 3471 11441 15235 646 16794 11276 15254 4359 3384 2330 1179 13293 12030 15522 9648 4619 10771 19856 19340 5908 9124 13359
1065 4096 501 12464 4318 12778 14368 2272 10679 537 9396 18075 12227 15761 12248 9897 4479 15859 16982 14546 16732 4691 17621 12289 14588 8053
15735 14367 4283 13487 18603 9074 15684 11401 668 9256 10573 2185 9620 3886 17815 1326 16861 5312 12874 16997 17830 18428 15592 9174 6320 2569
1344 17771 12851 4914 18047 2766 17346 2962 1417 13306 18701 1844 16193 5202 824 8771 19027 19157 9655 9829 2415 17400 14289 11530 5782 9888
11841 2027 1199 15579 8236 801 3055 18463 10327 10796 15838 16929 6749 18165 15355 1985 1252 4445 11608 11759 7748 18191 16290 3135 18813 4946
9242 10311 1333 3541 12092 4306 2515 5325 1333 4378 18052 15663 751 10636 3824 19560 14411 13424 13461 10401 2329 8716 6293 14100 8688 12552
15639 4969 10873 12086 13254 9050 1866 14607 9806 17694 2873 17919 12478 14376 1955 6895 2020 18382 999 3771 18250 4322 12036 9955 8180 19267
13335 14126 17781 19703 2363 19457 10652 5369 12132 2801 14955 8842 5786 12824 13860 970 10315 7591 13069 4898 366 9087 14649 19905 9762 14893
13216 5735 10083 17302 6559 7561 19436 18903 12371 9850 9378 5988 10395 5856 16044 19010 9309 3657 13111 14902 3827 3833 5074 13034 16483 13188
12584 5202 14102 950 12120 14414 5259 8500 8085 5516 3982 17919 15317 19565 8038 6782 16168 19623 17197 342 2666 10748 13420 15250 16141 4399
13541 10931 13276 1728 19729 18396 267 16922 6302 8730 4551 5901 19886 9794 16131 18846 4759 12595 1850 9294 1471 5348 476 12637 15180 4824
13956 10792 8052 5091 12829 6113 18612 19416 11511 6505 13122 16354 13842 18736 17018 7142 19837 16617 11419 10799 9176 2994 850 10036 16647 18292
2038 5895 13795 3283 11405 19144 5740 19931 12455 1115 18042 10961 834 1607 18435 703 18305 13828 12485 16096 293 14017 8033 11793 15832 14169
6353 17816 8902 19665 14728 10928 6059 3699 4516 5997 4212 11733 19866 2257 11308 6534 14850 15349 15401 9215 13120 2858 6925 14564 15166 6069
17698 10313 13671 19375 15909 10637 14991 7464 13956 11307 10190 15817 9777 16537 15543 16296 9541 17396 2293 17078 11644 17992 8142 6980 3295 5676
11246 7454 14906 8204 15390 11948 15162 460 3427 14549 14443 6374 19161 4105 12186 5044 4533 16487 19766 10823 15786 7928 15463 6539 622 5619
14887 4412 6192 11827 15795 11924 19483 15962 12164 17270 6632 3672 13303 14701 97 15159 2241 5088 19957 1191 87 2062 9343 18846 18310 2584
2775 8624 19584 4330 703 15814 18321 15844 536 14306 15246 8990 1044 4320 13602 7204 7810 3420 5059 17750 12250 13359 8229 12853 8572 8104
15581 4300 9669 16399 6894 7506 810 3503 9723 6529 19592 12265 17238 19812 18219 5670 6306 14163 7687 8629 12230 14386 443 12541 16646 2686
8511 12893 17446 2974 17014 18310 4241 1309 13854 3723 6976 15546 5653 3557 18357 6249 8560 9437 14796 4031 17234 12322 2744 13292 4421 13388
2525 16274 5541 10414 3586 17916 7456 11529 3295 15131 2156 3890 18452 5917 5846 9118 19761 1035 8545 13525 13831 265 9283 17128 8671 17780
12923 6497 10498 10453 6079 15432 6042 6925 16837 13021 15580 12471 9738 7064 7975 15801 1242 17080 12056 14513 18555 17637 8621 19641 19458 17462
9046 1086 409 16021 3472 4607 14170 10736 1092 13309 8600 18119 3703 8522 10239 17067 19204 18471 18414 12603 8988 3271 4486 3255 1512 13759
15241 6093 3669 14322 13173 9475 18016 1722 11967 18957 12081 16882 14277 12423 1773 14777 6011 383 15780 5782 6030 11377 749 3131 7739 5274
4242 14200 16247 701 14507 965 15757 16683 14214 18851 19929 14418 8682 13419 5754 13233 3045 4535 16636 5649 12345 7586 9378 5409 7655 16757
17703 10243 12222 6880 14568 4559 19209 17832 5314 4056 12224 9654 5064 14481 14446 17694 36 3564 10943 4755 10747 1438 2511 13344 1116 17332
3486 2748 18115 16881 10387 10915 9245 3569 2916 927 7277 17161 9393 17070 8879 1860 16129 16331 13672 7953 4841 2304 1376 11551 18620 14327
17991 18660 16085 19745 2248 1313 11708 14314 16361 18081 5219 10975 79 18143 14806 9478 8128 4346 16310 17683 17376 11889 4373 9627 11196 7228
12653 6645 13120 6905 2779 6006 8016 309 11405 16387 12948 14093 2600 7857 6884 13805 19638 11793 14569 13849 11275 3511 5890 12612 13012 8832
958 4236 8864 5028 2043 11968 1442 8765 7411 9168 17059 17208 10176 8518 19193 778 17706 6991 16104 14892 3442 1494 5729 19158 14988 11118
1580 13667 2811 8956 13353 19857 7658 1469 16504 7506 9573 15896 6243 6208 1533 10342 13575 16701 10354 9772 3224 5601 6479 16920 15832 16161
11894 19240 5136 8830 15079 18065 5422 53 5488 16307 3955 11218 16565 9129 7357 19826 9735 6578 15340 19182 12450 11524 14564 5082 17536 17875
1906 9845 18807 2912 1085 1962 377 3419 7639 9024 4086 10725 911 13390 10969 6206 13031 19598 8293 728 8351 5160 9771 14591 6051 15009
16672 7790 4567 18076 14951 186 900 17762 3888 19045 15195 18655 219 8212 8247 9171 14145 9424 9177 12697 6409 15298 16608 11455 19354 9937
8176 10232 2284 10599 19024 8336 12705 12518 18586 17490 16928 11687 15808 18219 1359 4056 5839 13300 8629 5182 2297 2069 18068 17068 8970 8211
13545 10976 677 15869 2951 8905 17778 2440 15022 19035 15054 16646 809 19932 10768 8131 14674 1608 3529 9113 326 4181 11939 2384 15216 14153
10479 17000 7938 6110 7196 10632 5231 7191 12280 8193 8009 18480 19308 3362 2078 1703 7273 6838 11152 1067 18688 6094 13158 10115 4105 10559
4992 15654 7197 3896 19928 7547 14734 2576 6301 18087 16895 12743 2307 7208 16918 18629 16367 10542 13114 12239 6950 2781 483 13253 11416 6923
3401 12637 8942 4828 16751 410 12576 17434 15533 8265 3446 8056 16276 15685 14240 11699 4622 986 12543 13173 18767 5704 11062 8725 14379 2532
4166 3705 4431 7359 2507 19804 10229 2082 8822 16530 4347 161 272 2914 15138 1117 9344 1065 16690 4638 2855 5338 11015 6255 2245 3325
7193 9869 18743 317 5782 12149 7699 2573 19874 7762 2083 19669 13859 16447 6548 5492 6991 7755 15548 1514 8252 8603 7033 9607 6803 6404
8712 6911 5351 7162 10507 1966 13506 7884 5968 10047 14688 7777 7114 18803 19153 17203 19943 18542 7427 9608 4732 6209 987 9698 10891 16905
15265 6673 994 3048 3970 4156 13144 16121 15703 6149 14302 19439 6761 17868 15960 11918 5027 18981 7514 895 2166 18720 4267 4793 9413 434
3969 10856 1235 829 5093 1851 10317 9560 4101 987 18743 2508 10961 7368 16263 18918 19529 6460 8617 3912 5572 2510 96 10610 11784 16939
10090 13941 6109 7937 16990 674 5531 4567 13312 10528 8572 16837 8546 16333 14433 8708 7119 6345 9194 16985 1212 4048 18042 11317 4667 14317
9764 15633 9160 17353 1915 9674 19277 643 10703 11471 17174 1139 10292 403 8273 2759 11998 18619 13516 15701 15792 14462 6435 5241 7400 3040
12425 18024 8187 337 4837 4505 1495 16673 12243 7069 8499 15083 11470 16482 17576 14069 19601 13867 15915 12356 18027 15336 1916 5248 2296 4367
1768 13695 15906 7563 17262 4718 9538 12768 4335 18719 14633 12750 6847 10764 14210 13747 14839 1080 16983 3478 12479 7206 11983 15124 14349 519
19524 16996 14288 11966 2854 2794 18079 15265 7655 5134 15386 4685 10592 8002 10424 9278 9850 1683 4971 18169 13720 4990 17863 4166 4966 12678
19044 5461 16789 2899 5631 11077 12345 8397 9087 13147 5200 5121 3818 6448 6065 1884 3871 7420 5919 5328 17919 6233 2000 4304 7204 5367
873 6915 6706 18391 508 9576 12371 18674 18771 1100 13865 13879 17339 7556 18699 17538 14456 16859 14379 7844 8185 9709 6509 19418 13141 6107
1311 19449 3207 12906 19513 10646 5316 785 8826 16225 19952 9374 16230 11024 7601 18938 3381 5781 10076 4893 11868 18041 10056 219 15669 18322
11983 14068 16023 15215 8330 5486 18609 6503 11923 5791 11359 19159 16543 9166 9788 17853 12599 4767 8112 7244 3976 17921 17809 12388 8502 18259
1061 4335 9978 13889 4019 8354 9782 10016 4907 3263 5522 5423 4515 8692 10192 16337 8941 599 10652 15311 7552 18054 19478 15407 7721 7507
17141 8713 3146 12890 9304 9203 26 12896 13064 16854 9595 14622 15657 9476 11612 6126 2388 15519 2005 14856 991 4367 12429 5477 3650 2043
10299 19040 3132 14227 9664 12334 10235 4258 12197 15470 1912 13976 3271 11707 8304 5240 4124 12828 5186 4236 17595 6515 2503 14346 11799 2932
907 18957 12915 7528 8012 3217 5692 6287 6623 7422 18554 13541 8164 17067 15990 17325 18595 1571 8456 10114 7675 1688 18718 2486 15079 19299
19126 15949 13053 9503 16200 4224 5052 5004 10578 18943 12803 15309 341 17103 11530 8965 13562 16073 8708 9659 8899 8477 6814 2539 10434 15006
3002 7808 8718 9012 17514 3663 3420 2769 13320 17138 9870 5974 15716 15732 13987 4973 19263 19532 9637 8232 3356 14572 5957 16600 15668 15837
2819 6459 13336 2164 1427 19076 1426 3388 10106 9555 12163 19567 7409 5598 4237 19869 19742 732 6154 1686 15903 4748 7980 13054 18773 6596
16449 15237 9104 4861 19 18231 321 11667 5635 13452 14697 10074 6667 18547 10716 13473 19153 5316 11337 19519 14364 12471 10339 2210 6164 15473
5334 12484 19633 10012 3297 11340 18804 9648 1172 14365 18567 16078 4495 5926 3526 10059 7139 1096 565 14158 12695 19750 6597 16111 453 17834
1865 11792 9323 4099 2335 18687 11512 8975 10475 19672 19885 16423 16982 11633 2990 4344 6700 16514 12528 13827 15540 15641 9985 7743 9390 5630
13280 10857 835 8197 6472 1164 18298 11853 5769 3496 12311 15865 18360 5811 13428 11313 6902 10098 4016 17244 17425 8139 18787 6417 5554 6406
17105 18181 2107 7620 8258 16934 3190 9989 18243 1945 7660 11927 12385 9001 11527 9679 1468 1148 10716 19397 9013 8589 11759 7775 6001 3702
18015 8974 4951 9205 17706 18457 13043 2854 9641 16173 2330 19933 11059 19862 5096 11381 15732 7180 7103 2974 17627 4938 5394 19268 1857 12242
17792 7531 12621 1209 240 14541 6895 7069 6103 10981 2690 12095 13534 7543 16660 9787 14287 4443 6822 13484 1708 8975 5491 15389 15072 15491
18878 13183 11904 7001 16248 9191 2975 9439 2462 10920 9280 16351 4655 2131 14022 16537 2698 6504 16177 14137 18454 6794 7830 19817 17454 12572
8309 18124 11195 16909 17217 12785 13776 4669 10007 9372 17220 7904 1521 17648 19981 12390 16910 19879 10020 7466 10041 717 2511 7543 6123 8006
14580 4402 7855 4343 6114 2621 14516 19867 14298 6116 2824 601 19409 17936 18249 19203 3177 1425 121 16821 19808 9610 12183 11067 4903 8781
10168 16094 7602 13885 8685 6178 10604 16761 3226 4126 6630 16676 7476 13621 13287 4243 11860 16885 12705 12433 3340 6021 15811 410 1503 1242
9150 8500 13574 6733 16826 10791 13257 120 17126 11646 14671 2142 11 15641 10403 18315 4641 12874 6798 2625 6668 18377 17817 19462 17876 13987
16220 16027 1627 18749 17119 16749 912 7652 17995 12844 9924 13299 9579 13163 112 16956 5375 3300 2196 4908 3666 17409 13038 6914 13453 12053
14129 14903 19406 4055 2676 8828 11272 18719 2180 9202 2069 3032 12408 1350 19006 19716 3210 3054 5453 19598 3829 5086 19236 18038 15520 7794
17002 4002 9491 16559 15590 4904 10765 17451 11134 1076 474 1551 1484 4211 1164 2698 18600 10161 9259 11230 18441 3088 16850 3485 11820 10595
7382 10253 15192 4146 13323 19365 18982 385 15565 12041 3313 16395 4814 14178 11159 8357 9550 862 4915 1425 10922 4584 3750 19166 3191 13837
4222 14238 15956 268 14256 15640 14776 6316 7441 363 1046 9145 12179 2531 2869 2855 6452 12570 8813 13613 9757 1577 18240 15152 10360 17730
8978 2860 5105 8776 19432 15641 17960 25 19599 3322 5963 1478 3890 2570 17963 9633 149 11120 17105 14927 950 19648 6027 2011 12976 9152
1399 16927 1791 6572 18292 16127 19039 18739 15638 14688 3564 1566 475 19435 2383 17005 10056 2118 18402 8794 17708 5581 16165 6728 9222 3071
603 3835 2471 3504 5969 39 9994 15890 18915 15618 9940 13206 8632 11643 4083 18310 14053 4920 1923 16881 13897 11830 8634 19934 9931 725
7991 12436 5229 7287 16091 2397 9599 17157 7922 1409 9907 4824 9018 4425 8119 6928 13326 12852 13089 9505 17963 1157 15565 1480 12561 16256
17165 378 7180 10191 10927 14656 17012 13684 9496 1781 9111 304 13561 8461 557 11939 10209 19115 6401 9808 1135 6000 1105 19292 18118 10652
3012 4856 1119 4381 17010 9805 18738 19025 725 16745 9249 9215 9505 2624 11396 14675 9379 10231 4962 13036 10135 13694 1486 10402 10432 5387
5567 18747 3827 9340 17297 8101 3990 15169 1926 2898 7874 8666 19177 16356 15577 6366 3738 16305 11621 3511 14767 4730 3227 7484 14092 18465
10987 1142 19960 6296 13918 5607 4005 9853 12929 1930 17842 19052 516 10271 15244 4273 7533 5079 12407 13432 128 298 9382 3773 17156 2185
15519 3693 2889 8480 10586 14543 15809 17631 4178 9407 7195 13901 14769 6886 7134 4540 12751 584 6279 16033 11363 5564 2575 17606 11997 4079
7715 11260 12251 7262 5321 12773 9620 19894 13907 2536 14752 14647 6397 4775 8266 3709 3094 14654 15221 14250 13212 8645 6114 9393 16574 1190
7853 16688 3987 18562 285 2139 682 19132 18452 4768 8046 14892 4510 3670 8246 3390 590 11924 910 7685 228 11157 17847 2959 2437 19283
19312 14324 3554 6300 9417 16248 17407 12950 13214 2322 4106 9752 11274 727 9170 1069 3985 20000 7449 17139 12687 7431 9116 6518 18358 4110
18491 5250 2273 2418 13143 10923 181 9435 7102 17719 13220 13230 18979 1631 2753 11444 3495 4085 17417 3032 1914 702 2213 12407 4988 5738
1841 16165 11661 19288 17893 11208 17176 10300 12284 12171 14272 11881 894 4019 13203 9776 2297 14046 16707 8869 8195 17287 10291 3880 4856 3096
19637 14435 1673 5740 10227 16892 1405 944 9488 18461 277 7953 15219 463 17058 11144 11543 14161 11260 13531 13998 1422 347 5843 16328 14310
16522 12891 4362 6373 18659 7043 2112 1777 13587 5284 3157 13677 6390 6484 13163 1935 8438 14396 3503 1411 17069 11811 2159 1164 10210 8228
718 7437 13152 5555 19968 6537 16356 16791 14078 9618 1261 4182 4932 17078 1181 16445 8986 8819 8899 19503 9662 14874 13319 7507 264 10554
13434 7923 16161 15746 10514 14788 2161 5696 18923 19762 17933 18092 3815 10910 14468 7427 7804 5855 889 12022 941 9904 15386 10691 18844 784
19311 10833 18435 15816 14188 8975 16251 9578 16148 3412 11109 9241 4189 6632 4243 9415 9853 8829 6519 1994 13044 5416 16507 10199 17919 12032
1843 346 18553 19154 18515 15609 10147 17916 13859 11008 9639 9665 10874 10523 11124 12558 15626 15085 11785 9469 806 19997 15944 17404 867 19896
18583 16913 7883 18176 11537 1520 7322 6199 2608 7816 11075 16684 11303 3144 17838 18454 14889 11886 11515 10661 13083 16373 11158 8832 10910 19097
9548 2688 8729 18752 10736 2179 7858 12300 17300 7678 7485 5538 11614 11567 4152 6009 3251 199 4684 6813 10892 17413 11919 54 4183 4001
8444 9414 2353 8131 10209 16159 14168 7713 9119 17346 7833 16791 10046 6732 9707 11823 14865 8638 2679 5010 3815 2920 16193 8655 5594 7589
10962 4028 16982 1133 10838 7588 14666 1647 16727 5042 3838 3174 14987 14600 3685 3242 4642 141 18323 6469 10602 13165 15108 16173 15298 18274
9753 14443 6988 2109 6176 6891 12627 3569 3321 16384 4802 7887 8067 1945 13185 7780 2375 13144 14396 14559 3919 9983 15359 3145 394 9616
15514 596 11792 12863 949 17864 18849 7773 6679 2970 10639 14531 1322 14279 14983 1549 9611 8242 9370 8290 18677 9014 14619 5771 5608 528
10905 3985 1711 12923 18565 1411 15437 724 7033 3582 8722 1224 11693 6698 18541 1742 12908 19783 11101 7235 4904 207 6022 13589 8854 8278
5951 17691 10378 14883 2253 1581 4640 7565 11607 12012 11423 17793 7667 6237 18655 12525 7956 550 1873 10978 9258 1121 3468 18902 5231 15512
13787 13902 7368 18605 3135 5081 15446 405 10542 1910 4957 18819 11955 19586 6410 16823 13235 9687 1164 19 16377 8719 15566 10864 4642 16173
13088 10309 18372 11 2678 3867 10159 15915 4050 16620 8290 7535 409 2504 17420 9381 17463 12401 11008 16137 4341 6661 16148 1694 11308 5416
17416 14952 13921 1725 15206 718 17598 2880 11848 15055 11957 8376 1355 19017 19719 18266 2476 8521 19055 18069 9473 5946 16651 7287 2734 5236
5933 7383 15263 18998 3443 15004 19921 4311 8131 17704 5163 1801 8925 9336 10524 19100 17743 7990 13862 9545 9741 17431 19520 9059 15310 19666
2892 10332 14113 17607 17679 18783 11005 12317 13449 1952 15483 4983 3155 8186 11779 6381 15859 11599 12757 19521 17180 16184 17741 19782 3249 19121
4176 12552 3448 86 12283 5303 9328 5305 14431 2448 6563 12641 3955 11345 12360 7999 18339 551 9675 14427 8781 10881 19924 7912 7618 1955
4299 3863 8726 5880 8293 6048 11674 16227 1053 3772 14644 6179 6076 15906 15566 6014 14072 1095 12548 10656 8739 11087 6575 19047 18168 19481
692 10869 11588 17063 16573 18352 7454 2347 7002 2228 7827 14504 7361 12334 17079 19320 6160 11828 325 7005 18449 19903 14400 8866 221 5321
15875 19012 15780 7095 3396 13471 4729 14140 44 5418 12107 3457 15162 10864 18420 15726 5210 14581 5594 13143 5943 13286 2800 1951 9392 10909
3085 16069 15658 19641 1448 7919 9864 7508 4499 13462 2231 9235 1641 11375 2298 2010 1902 13889 8829 2375 9640 9680 19908 6084 13994 17659
3936 8971 15398 15393 2542 15128 940 1295 12945 14342 6569 16378 13403 9145 1315 5328 6793 8889 10049 12725 1427 10905 18797 18382 13253 17261
3548 7095 8949 19924 5017 10531 0 18164 19823 1193 11006 7506 12893 13470 3212 19890 8050 13746 15194 3740 16721 8526 16258 12319 6854 1019
7161 1023 3860 3396 903 2427 414 4906 1261 17559 1127 4571 14093 19831 2370 15838 3592 18261 11610 6830 5094 8976 13292 8925 7430 5273
15535 8714 10432 16199 8451 11125 18751 9295 7769 17668 7920 2010 6164 5025 4598 10673 10992 3946 4936 14182 14285 13681 15460 18606 11021 3166
12316 14177 15999 6505 14428 7415 10474 9592 8812 13474 16466 9995 2719 7654 15522 15549 19162 13872 15688 550 15856 18431 2856 10748 4553 2571
3171 5740 19702 18437 13322 12248 10829 15273 1905 18623 13200 95 11770 9786 6663 4410 5328 3308 1713 4057 4118 8589 7761 10786 2750 16730
11150 13973 16995 19559 14408 14558 18025 18121 2486 9844 13077 9147 16453 2787 15124 9942 6467 5860 12150 6925 5077 16190 4203 14953 10507 1219
8432 2239 4688 15195 5479 8101 6622 11297 14965 13180 19798 17980 19500 344 2597 1962 9836 5505 7718 16935 3859 6660 2169 16760 10508 16654
8440 1358 6593 16159 10262 2840 10146 10257 7882 18931 10030 14309 7087 6972 313 3755 6417 1726 13879 7274 5591 10166 2795 18912 13636 17650
1100 17414 11484 1351 1760 1312 14088 16387 7325 11229 12017 1032 18862 6187 14528 16917 7463 7269 5777 17200 1353 6942 7904 6199 19729 10652
18326 2880 16405 2271 9909 16877 14443 10680 3132 10020 5451 15891 7875 9396 17988 14627 19907 15364 13638 6997 18201 13418 11504 19602 11699 17822
5161 5211 15953 7472 3016 19507 13939 5863 14780 745 11242 16473 7307 709 16216 13246 4521 8178 12359 1377 13267 6263 8168 2085 8778 8585
2778 328 4146 8226 5185 356 16447 7920 15542 15442 3680 19654 16603 4475 19795 12937 1725 13532 3519 17485 17176 10485 9233 13564 403 5595
18102 12036 6673 14074 11997 5633 8333 8419 18852 13254 19223 7540 1024 11695 11222 11251 2879 10399 15453 13221 7998 6623 6038 5273 7048 19239
7177 1348 17309 11148 9933 8544 3732 15858 8721 19083 13502 17539 2893 5536 15884 8709 14565 8316 11895 5403 14681 13977 13651 13201 11321 10400
15148 4842 8562 1831 12867 4760 708 8797 7628 6403 7361 18642 14397 14429 7611 15922 1103 5944 14581 8371 3176 8784 3675 1826 19169 16385
12967 11339 11279 11837 285 17258 4773 12052 12040 5983 18086 4409 13084 3199 13921 6968 3340 13647 11371 15404 11424 6258 1524 7952 16253 19240
1026 2832 2055 9517 18962 16840 1496 19257 5890 19329 1380 6155 8799 18848 677 3625 7349 16664 4060 15372 8255 12078 3418 6216 16928 18867
2848 10183 7926 1843 1004 5122 8034 7137 1971 7112 3148 3873 15768 10776 1678 1220 12631 6940 932 18611 3032 18631 12903 1496 4847 2343
8862 7674 15552 16065 8178 8507 17342 873 10511 12713 13164 13835 18378 14332 17166 476 8856 16959 14532 15683 1939 16014 17778 13476 16956 5576
13851 9483 14003 10471 7625 13875 65 13299 1697 437 15898 13009 7185 16364 10230 7709 19522 16609 2134 8509 19370 12243 4684 7942 5255 18671
15838 15578 12963 5083 3280 17117 10765 5700 19331 10075 419 7460 1925 3700 12198 10592 17593 18385 16964 13199 9910 6363 12134 5610 8405 17751
18625 7210 19935 4369 12546 9294 1807 10031 485 16699 17119 18927 17961 7702 8345 17758 6847 19767 10377 8945 6442 6994 9673 9780 6532 13666
6410 19031 18376 14661 6346 15603 528 6343 10492 3434 16696 6139 8567 17268 2294 9669 10211 10166 3980 10847 10020 3421 7355 11807 16607 12738
10638 11714 16219 8136 17613 10229 17724 692 13350 17942 5918 19736 10775 13384 12772 15318 7879 11830 5571 15432 4092 13480 14368 17094 15496 16466
3747 8453 19919 10150 6574 13808 12422 9093 19669 9144 16063 16028 18561 11003 15865 9412 15619 11454 3734 8062 19593 2570 19000 16119 1363 16577
12394 14544 11961 14514 8370 1888 15710 15970 511 11967 8004 12489 13615 17242 8809 2812 19845 12127 15357 2277 6546 19656 12286 4950 3637 6072
9116 977 15012 5319 19099 13005 9522 4695 14990 14590 16982 11843 2579 472 14508 4946 15086 18088 19573 10716 7035 3723 11197 3254 1614 4947
144 1759 1402 11013 15415 3732 11472 3558 3566 5045 2176 18672 6546 13454 11012 852 13347 1755 5004 10998 5370 2954 18836 4938 12478 15514
9150 12465 7137 3469 18338 16929 4654 12981 2369 14875 11657 18501 10808 3476 14653 1950 14754 10396 16840 13122 7956 18568 11651 6562 15817 19170
18087 19395 4345 10387 13305 1008 16038 18014 553 14227 7813 13479 14726 19737 18085 13693 6928 18186 12610 11217 19509 13715 2350 9570 3474 7510
16269 14968 7846 11161 5973 4332 4752 962 19502 16959 6027 3470 10645 16771 2471 10113 10901 5384 7771 648 14806 8867 7052 14402 848 15243
7041 1119 7506 6403 17487 19727 6426 16017 5811 486 17117 5694 19293 3699 14840 11771 4847 15015 5817 18897 15782 4892 14411 13160 2606 9877
12409 17412 5428 1642 7358 16851 8997 12090 17214 15015 3360 6820 4164 8493 17378 5482 11783 10738 18641 8073 14935 13030 1929 2024 8409 5812
1534 19925 8706 16670 17783 7521 16925 18950 3817 6076 8975 16604 4231 3509 542 11109 18421 17632 7302 10376 7190 5258 18860 7780 6776 3643
1395 16848 10437 2440 10953 14898 12119 3338 10970 13750 18755 10143 19859 15683 18255 7857 8276 12312 16562 648 13411 4258 843 860 13286 845
15022 3321 8509 11452 17484 3279 15930 17708 15581 4317 7842 7425 15643 1161 18347 1356 7287 4931 13839 4113 459 12966 8702 18398 12101 14736
13641 3578 18113 907 16812 4003 11676 9808 6282 15324 12621 16579 10655 5879 17499 19471 6451 15347 5832 2273 6871 12274 15766 7379 13680 6276
389 7248 16766 14529 4763 2913 15441 5360 5288 627 14323 16670 7758 2794 11117 10839 15752 10885 12675 15526 5069 12671 19019 17219 10911 19597
6674 6735 19010 19140 18525 10935 4543 5415 19909 6679 5649 16661 17274 14263 8585 2766 2803 4099 5439 3746 7244 8137 6462 19235 14928 6598
14294 3937 1900 4424 3776 4930 886 8148 18849 138 18401 18238 10444 7628 15867 14653 5795 18891 8148 19402 1203 1073 18963 6994 10281 12446
19825 3293 5982 998 5455 17483 4014 10998 4198 8717 7113 19659 5448 3340 4068 18546 10225 6062 9131 6212 4340 1372 5003 1798 2710 7253
2871 14560 2434 16275 5060 8740 9568 9418 3447 884 15247 6149 9783 8390 7682 4717 4811 17659 5481 10412 607 2730 8757 17426 6005 14298
11738 6721 7872 16650 19426 8258 8098 6578 2661 7050 9685 17948 16576 17436 12624 18657 4737 9498 14436 10910 6099 13578 5117 16112 16764 14582
9172 652 19480 1573 14796 14173 8581 13442 4046 13655 6427 17416 1915 14344 816 15931 18759 5684 945 16282 15343 19638 13716 18095 2751 17645
852 14267 15220 14365 2509 18987 3075 5646 8294 2479 18287 13378 6418 16747 19559 5977 8042 414 19054 8826 1777 13946 3949 1025 2893 19700
19332 12591 18018 3253 9634 8041 14580 11257 9788 13756 17537 12326 14598 17113 14325 9380 3887 15569 7373 2024 18591 17801 819 10038 14989 17631
5472 6049 19165 82 8567 9506 18777 8559 12026 7662 11851 8981 4403 540 7709 13741 703 10732 6691 19260 8727 17913 6895 12460 16709 8031
10257 7357 9693 9853 16879 10588 14196 13487 961 14418 11188 7284 11161 17268 15317 3248 9669 9442 2800 6250 10995 10502 1483 5931 15893 3177
3294 17261 9319 12445 5470 969 1719 13897 3402 2292 5908 9075 8448 16094 2801 7576 9795 13573 9314 16188 14301 5861 17845 2230 16313 17880
11836 15513 17982 18995 11776 4336 18696 16195 9528 18839 579 6487 1933 13779 17893 14502 6225 19688 1633 13450 18948 2775 13867 9016 8248 5641
13932 5764 1766 11931 12258 1412 2329 6933 3839 4664 9961 952 14144 9465 2453 12814 15617 6903 6232 5868 18355 11347 11658 16967 9532 16408
11584 637 9358 6619 17409 17339 9598 224 7290 8444 15702 18958 13480 4189 18567 11007 2359 11608 13190 16310 18677 13329 4754 1805 11770 13828
4391 3070 13288 13201 13638 10341 6604 19856 12112 12209 10109 10498 17183 17504 5455 7475 1045 3038 999 8570 16273 9743 19156 5094 14921 18510
13804 10181 10834 10509 2847 3172 19705 7167 4054 11929 16671 331 16834 17766 15831 9378 11493 2512 12836 1880 2068 13461 914 4848 18651 9104
2137 17430 7670 1410 4206 7241 11898 2724 5729 13248 19186 12274 5589 7324 2770 6373 15380 19892 11545 9281 17258 18767 8053 18163 10465 1670
548 4621 16046 16406 9667 9000 12100 6797 6423 1769 2532 6219 5542 5569 6906 15033 3380 5143 6531 17259 18398 15964 11727 14158 588 3242
5867 10718 1177 2986 13113 9320 280 15273 6293 6003 5763 13935 3949 12526 13260 2682 15866 4751 16723 18471 1601 323 9548 17427 1233 17624
15037 2834 4053 9974 10012 18039 2791 10379 16605 5494 14923 15912 188 2823 7248 7883 14568 7050 9348 5451 14281 3776 11063 14275 3793 3518
13831 11883 7699 11972 8812 18836 2410 11865 2701 3694 12201 10614 18900 14255 12587 4652 2800 18977 11431 19138 19505 12623 17569 7362 13070 12089
16541 3399 16862 7862 5057 12698 17317 18583 4140 560 13335 2816 6229 575 15961 15721 222 7030 12526 7791 19288 16024 13173 15177 4639 1903
7001 10977 4763 9010 9090 19 5733 2205 1281 16003 12454 19050 6012 3869 14620 18209 2802 12502 12552 19295 17633 8588 16145 9505 4443 18681
17100 2059 15972 13952 1450 632 3218 16084 2717 13965 13915 8693 10790 9493 4178 11313 18684 8439 9745 5650 10447 11702 14062 10004 2051 17844
2996 5642 3029 432 8070 7920 8385 17406 3049 11177 17025 4230 2172 2441 7834 16690 2615 6406 12206 7136 13222 18507 19774 14132 16612 2620
12812 8844 10859 14257 3908 3645 18356 2088 3716 15119 18033 11057 3454 8700 2551 11349 1641 5576 12550 7990 8115 18260 1543 12831 11554 19100
13883 8456 4645 10689 10450 1765 1841 8365 12302 2042 17080 13352 12648 9498 6845 5100 18024 4476 19837 17061 13047 18189 14104 3500 19586 9702
13017 9211 15441 11408 3589 17902 16627 19394 18039 7304 6285 10138 15924 19468 19640 14531 3072 15250 3160 19415 5403 16842 8535 4083 10738 4330
1694 2022 254 7369 10633 16052 5437 13722 11619 16266 9905 8937 8179 9946 963 17570 8561 1170 12701 1082 2311 524 16956 2877 11004 15970
254 2884 14970 2865 14944 17528 14223 19266 3513 4576 149 7358 15007 6020 18211 14441 5505 12487 17480 10667 3120 10521 9527 561 6464 16054
6765 10021 4175 5197 15329 11619 11444 18235 19123 19346 14149 17171 18274 14840 13914 5500 4314 612 14637 17986 7638 16638 12986 19540 4322 19896
236 5165 13506 18212 14585 18270 13817 16157 447 1598 3763 13438 14999 10173 15229 2439 9438 17405 7982 15114 3689 12181 2992 5308 11369 2118
6882 2458 15541 16449 19086 4888 3246 6175 2405 13710 19327 1777 4396 13451 18393 13586 17828 16313 8008 10408 18370 17740 7942 10234 9811 1819
1782 6526 9061 2404 17858 10883 14054 1952 5147 4607 8911 4116 3011 9690 10026 16822 8674 2390 5888 13351 19691 16882 6718 19146 897 16270
14148 19075 2602 16282 18463 18352 11491 1571 18631 1558 14157 3618 13812 13381 4048 7876 1718 1123 1510 9155 11350 10254 5465 11953 18777 3713
15435 2089 18228 7298 8245 2900 10078 13808 754 15144 4000 9638 19231 9268 6486 49 7908 9562 11809 4919 19876 12381 3689 7431 996 8979
12363 6052 1643 19077 14550 7213 8682 1848 161 9070 10784 5413 4606 5641 5135 17098 18217 4313 2305 5682 7997 4898 14125 9824 2761 11682
3818 10236 16470 17280 12665 11612 3509 11376 1693 15727 18010 16108 1432 19634 19500 17400 4997 18740 14097 17169 7941 99 18752 6258 798 349
12846 14350 9632 17088 15510 284 10874 14329 16522 13305 10231 5717 6213 17912 11954 5553 2184 7113 19810 13862 14629 14419 14264 8199 14722 17009
9743 18292 18303 12232 9975 11665 14494 59 15415 16958 1587 10273 11114 14101 6589 17105 13935 10163 14737 8776 14225 8738 9217 522 13805 2246
1681 18054 16876 6510 6460 19475 102 4236 8323 7041 6861 3421 18404 14597 6690 17819 3776 10929 7972 13394 7315 13920 8865 14377 7281 13152
6225 7521 12908 9593 453 15564 3726 10560 6457 5398 13559 15625 10322 19808 901 17883 14168 10658 2515 13038 16559 11196 19979 6532 19369 1090
6700 2808 15210 19778 6444 11476 19274 13002 535 2792 8113 14743 2594 590 10398 6616 16704 18910 19807 6207 8351 16311 5481 11353 6125 2429
11102 16177 436 7627 18711 2590 16072 3040 17572 19011 3632 9590 12744 18218 5094 12063 2367 10841 4494 17664 4505 1943 12712 6373 14603 16607
11958 16474 961 18104 1594 11450 9757 3919 14927 16307 13533 4816 10654 14184 9034 19829 19960 7933 8026 19073 1617 10748 11399 15914 10938 15730
18232 17363 4976 11933 14681 6577 427 8562 15392 2101 17010 7413 18363 1571 7011 17207 73 8417 18351 19832 9643 2614 13265 7296 9653 14716
833 17561 16860 1289 10814 7864 13611 13834 11453 13295 3945 5203 16421 14227 17000 19780 18975 19810 19670 17646 18637 19041 12917 12523 8210 5332
4526 17243 15106 16793 820 1278 9575 14209 1781 4317 2861 31 9102 11914 2350 1934 16302 15154 36 16027 7445 12150 15310 5832 3997 18958
6849 8686 3050 4537 355 16587 11804 10921 5703 18123 4383 15869 6317 7893 5535 11491 10560 13325 19580 5507 5587 17934 1357 12107 3603 4625
14294 6012 1830 11080 5385 12446 7632 7825 2539 11589 4443 18738 11653 356 12770 6261 13548 14984 12878 12656 7536 6932 17418 10982 16260 4010
17490 2651 14449 17493 15850 4126 5812 18496 739 147 4796 13911 19264 14225 3875 16842 9008 12022 19871 12205 8701 4184 6435 8375 3569 5185
9528 15137 9387 18265 15698 16906 3212 3676 6478 737 18528 15230 4399 5748 10860 11846 17878 5001 18814 4790 62 17104 6417 841 1555 16380
19275 2587 1464 12429 9761 10820 1857 2730 16517 14197 11571 2351 14625 8019 15951 16515 14486 1001 17234 12418 9713 12358 18492 5363 4903 3865
10271 10483 14175 11354 10717 17958 6864 7698 18764 10566 10691 5783 16336 9447 18882 5289 4023 5086 11883 4545 19062 1836 14797 11134 17800 7447
3756 3931 4441 18060 9766 12575 8090 4382 5959 13762 6626 11177 14177 12508 19123 14184 4631 10579 4096 10310 13967 1092 1060 13500 2456 416
14520 1781 17741 16231 17548 19297 9435 5722 5312 19740 7105 2184 10598 3614 16614 3205 2045 12425 2770 3581 3581 17996 7856 19178 2076 3431
13263 5288 16 4157 9319 7690 13856 19590 18924 3472 3216 6479 7013 8503 5727 9458 6973 7149 19888 9284 16521 9738 17071 17923 18906 16764
6182 12349 5225 8950 612 2550 12969 5593 19556 10690 11800 11440 18129 9197 6120 13109 19803 7551 17614 1072 19989 15070 8776 5533 879 1690
17353 9778 3903 2139 17729 3906 18314 11630 7801 14445 12953 1580 16667 3146 13762 19400 1069 9809 16845 7399 12037 18866 7180 11393 1442 67
