365
32 72 46 16 28 50 3 89 79 23 30 16 42 48 43 5 15 7 44 90 94 14 68 63 64 68
17841 844 7399 1353 4224 18796 4941 371 11639 3163 3497 12801 17980 19103 19910 4640 17641 13138 8489 8859 18105 6127 18128 19526 3542 14587
377 10504 9473 13935 328 1608 16883 19807 6014 5421 1253 13153 15012 4636 4824 7438 2532 12719 8272 9321 16276 7284 19276 18797 7182 4651
8276 16962 2067 14329 9646 17395 11228 1700 7221 3368 3846 12324 18962 7655 8166 5571 6258 6582 15482 10977 1914 3223 19897 16531 8428 10796
167 9238 9777 1038 1131 13215 9733 6043 7370 7711 3929 18472 14247 6282 8348 10551 13987 5782 1918 9784 13401 11152 16300 8548 19164 5302
13946 8854 10489 10630 17544 7374 14514 13196 8623 6923 3316 2801 12416 13343 12159 11848 13988 2961 2040 57 12792 9989 14761 323 4537 997
2683 6568 19906 8672 14894 16882 4033 2530 6379 15034 19771 2995 11376 17611 15250 2665 13183 10025 16885 5033 11913 2837 3960 5801 9129 6523
19569 11027 14704 7006 9362 14418 3214 8466 14007 13983 1847 1486 17264 18240 10521 915 8405 16885 9717 12789 1134 11289 5361 7660 16424 19016
1432 17290 16770 10280 13703 3523 800 19020 11825 17607 10711 771 6874 10140 8400 14320 19355 13963 6889 10290 12623 16216 5753 16971 7261 17417
16728 10676 18841 18685 18145 4449 10212 3972 11710 9618 15987 18846 6485 19609 10184 19456 18370 16094 8523 19137 3323 15828 12855 7336 18938 9646
7974 18603 4978 12296 10830 10237 8581 16506 7344 19914 15948 17622 2023 12347 6306 14595 7131 3638 15784 13731 10703 13558 19237 13647 773 9473
502 2197 12561 8178 17267 1343 5788 17283 6988 7613 18309 11694 6651 5272 1973 11572 15099 16547 9102 7085 666 3884 3965 17325 8138 8132
11060 4853 16715 3775 13760 4134 13757 17929 10171 107 16299 11280 578 19371 19019 6799 70 17500 10022 4000 18770 4225 10964 5976 18552 4123
7903 6688 10979 13848 10935 7077 12745 5895 7051 5376 8476 3456 6365 4282 17060 19965 11056 15802 5997 6723 10264 17188 10332 9526 7190 19520
17732 17981 13851 15977 6052 16604 13756 3510 6390 8137 16187 3673 12189 14398 19577 17235 10488 19783 3464 11320 41 12665 11064 924 10620 4009
4562 17498 6171 7027 15574 14125 9660 15516 13222 19157 19337 4636 11201 3379 18023 19415 3182 17313 14877 4077 12474 13302 8978 17232 10687 11452
8601 19898 3394 11954 156 13656 8142 8861 12266 16027 17743 12598 11105 147 10190 8728 7001 14498 16531 6939 1597 848 2510 3638 17844 8904
8074 11948 2277 7590 2565 4765 730 19979 173 17119 5657 12162 2620 18559 12313 5797 5791 7646 700 15312 19218 18520 11124 6408 4768 1544
9152 5956 15719 2574 9525 7078 7522 1278 9983 9025 16939 12130 15963 12051 17787 17615 4016 2443 10137 3892 8358 10100 18527 12801 14363 16455
15670 17384 13422 18848 15816 3763 6799 5999 17583 19191 4105 15661 17074 1587 9992 12069 10943 4507 15865 1646 16142 17037 12325 2318 4202 8796
2253 17385 2206 18126 17470 4727 1248 5244 1905 6323 9160 5466 9695 2153 4127 13548 11125 19344 19721 16334 5373 11791 14438 16864 4298 2595
2175 4824 4704 2957 12287 6263 17280 12282 1405 863 571 1285 16965 14677 15256 14871 19009 12442 1321 4564 11481 59 12157 15011 3856 17890
17933 17660 3566 16819 18964 14438 10912 19441 3310 5746 2079 17627 9236 12382 15330 19835 18872 19855 18583 14115 10171 19031 9922 4030 14719 14146
1659 7349 7578 4944 12849 5233 9367 7708 7805 11289 10783 5250 4124 19051 19160 13027 18785 15600 5538 44 16737 2449 11745 8911 5200 18101
6031 2830 2613 10273 962 15936 10314 2563 15059 1969 17200 8806 3187 15971 5234 1016 6589 17426 6281 15107 9151 1334 6379 3356 5653 11232
652 15564 14374 7376 10919 16611 10494 13824 18825 3330 19124 18020 977 2412 11251 12874 602 6511 4317 6124 17003 4174 8086 9253 2982 15642
6822 1315 17326 3343 14678 10949 7470 12445 11980 16108 4612 617 1448 10520 13485 14453 18620 18865 3775 10932 18109 6225 14707 4326 11285 6716
15142 6700 44 4285 14017 19475 510 6320 9020 13265 10266 7471 3894 8221 14706 15751 19539 8832 16115 3648 15346 1781 2878 2747 7001 1554
8751 1741 1670 5406 6321 1761 4569 12423 1555 9648 9102 14377 18857 12551 19292 3968 10178 8226 11885 5279 3115 4352 13139 6239 4536 10526
2788 2067 17223 15776 3742 8032 6928 19961 6945 8874 4927 1367 2601 1356 2520 3553 8286 502 10935 11256 16344 13922 19516 5060 18700 10035
16354 15095 10626 16403 11386 12403 12893 1125 9483 7790 8147 605 19816 9676 12078 16561 10048 13346 16787 6209 13863 17966 3536 5337 1275 8000
7497 15469 3998 2557 6600 6320 1816 1401 18102 18019 3846 5887 9575 11370 12646 16531 14051 10514 15436 5293 2270 12911 15283 14643 3188 11807
19138 4328 12822 18981 10426 14420 1360 1135 19603 620 17449 17208 16127 12513 9068 14448 8070 8968 11168 17667 11424 17770 1055 1712 11284 16106
11188 6212 3418 11900 13756 8651 18087 3811 10493 8614 523 7803 6409 13756 15720 16697 18528 12764 6988 3469 5973 14145 11236 7274 2780 11717
3824 18391 14369 17584 12410 3833 12440 4870 17280 3738 7686 18675 18413 13477 7595 15592 13741 14975 10963 6821 11674 1694 19236 8027 17910 1136
16071 11339 14254 16135 2315 2370 802 19571 5699 3262 10840 938 6902 4432 2065 15170 6326 17278 15435 4199 3435 8824 6201 12096 2482 15492
7775 17762 4203 5690 182 11290 17124 11499 467 13159 5740 5334 15531 7051 3469 705 411 8723 8219 1348 17066 16087 14784 12299 16515 6232
19901 2629 4488 17959 9755 3931 18195 17815 18090 2015 15914 15953 17151 5033 8791 16578 18001 8917 4134 6382 5570 17856 10017 19373 16970 469
6609 2844 6061 2419 4954 12514 15357 948 13529 16779 5612 16877 2850 9221 9494 4831 16915 5375 5513 10804 4583 317 18135 13229 5002 17521
5627 3351 16503 7611 10281 9816 3993 5690 5569 9812 15538 14891 968 5148 15560 5828 10101 18003 7439 12911 5588 11951 18998 8382 4798 16761
19196 15864 1889 6974 16288 5080 3804 17835 7944 7986 4197 13014 2204 16312 7743 9444 12019 1393 16143 13938 6664 13080 6799 17400 11456 1711
15893 14261 18933 732 12513 14481 18470 2716 8500 15325 8655 11102 6961 3695 10683 8095 12278 13140 17884 5920 14089 3249 12253 6227 17983 5452
5353 1927 18089 10286 10612 7421 11869 8738 4905 19459 6154 6572 19468 88 9558 9968 999 16243 11579 3981 4015 14086 10334 8626 9050 5097
12758 10922 15960 10642 15533 5956 3627 6810 15453 2091 4861 19484 12991 4956 11517 14799 11708 4627 16771 19186 17254 5843 17741 2648 510 2860
19026 11568 5315 490 4165 929 5692 6295 14777 17927 5553 14536 11347 674 16409 2144 10638 6212 10392 17082 3945 1958 10042 444 10820 123
11655 2716 245 1891 4245 15987 14116 194 12051 6098 12703 13200 14749 10391 15158 649 12141 15907 9794 19600 7657 7866 15441 1727 13518 15630
1037 3653 3562 1801 12316 3621 3174 19748 17543 15460 16405 8821 15979 18916 12577 11556 19285 15480 3493 6599 10617 13457 8930 5847 15762 19530
14775 13740 12457 203 10989 16168 19053 15094 10724 1671 16074 615 558 15460 3887 12234 12962 3816 14725 13364 4260 6586 14382 6520 6296 7551
6207 14780 12473 5852 276 2294 7412 12991 7501 16717 9142 6821 1472 3200 3176 18750 7770 18123 356 15082 15031 13175 13900 19465 13492 17693
16823 4220 17608 17836 693 4823 2453 69 17283 19918 9577 775 19128 6466 284 7309 12485 11352 3954 2099 6884 12724 13097 11608 3766 12916
13652 4878 18545 13294 19894 17045 14600 2222 14365 6406 16492 7617 15900 2225 386 4067 57 2059 1773 10652 6733 3995 2875 4393 7822 9015
828 4804 5324 18241 15158 16315 16121 15177 10709 5718 3362 390 4763 3079 8234 6731 15107 14016 5732 714 5948 37 6511 15986 15295 17776
7204 16506 9417 6963 4815 14473 15856 1764 14170 6606 11909 7933 14853 12242 14747 6394 18354 6284 471 15559 11178 14181 19269 17711 16640 5928
13 1967 8064 13872 17266 13675 4425 11192 77 681 19013 15504 13518 5560 19195 16161 4558 3485 9301 11264 10121 11820 11566 18418 14094 14573
429 6240 4194 15609 12717 6948 7387 6145 5668 11959 7652 13077 13157 4298 2073 10485 13243 8647 12016 26 16431 7165 8770 9801 19182 8957
78 15404 182 11179 14561 10839 3931 17192 17788 7011 17503 19857 255 17535 8696 7016 16247 17663 3101 7367 9865 14770 5613 10515 5328 3488
17705 13847 746 14412 12980 6259 18347 16970 10808 11237 17689 4165 10335 8958 8972 12755 10601 8052 7570 16137 12163 16097 2359 9968 6096 3571
647 13921 9945 17295 12438 2544 4089 2403 5823 16834 1696 3963 5411 15966 17774 14134 10935 1789 9425 3336 10380 8926 11520 16485 14115 7297
12362 9222 2346 3300 12705 1404 13791 7160 11868 10445 3762 15428 14942 14368 6377 1696 9532 1972 18418 7732 9059 14104 5008 13530 316 12970
16998 7114 8740 3564 19776 14985 11278 2907 16494 2315 6214 14743 4014 13917 139 6757 3878 19002 5610 10364 16147 17402 9668 6967 11124 2731
737 8309 8002 8801 2346 2430 3482 11066 3029 10941 6859 13339 19796 5240 7683 15054 18542 3773 4143 3140 15619 8631 14984 12656 3508 16291
13623 12014 5563 3983 9563 2498 1158 18552 2469 18890 4965 19565 5116 1021 332 19914 3242 11317 18129 2093 10963 6245 16686 5918 15031 14803
8480 6995 4274 6757 9700 1243 5612 15406 17640 3974 12327 12039 3009 10512 17442 2320 6441 7441 10579 17949 4811 10119 5626 5875 13073 4002
19169 14248 4012 182 16478 3023 8839 10630 17016 550 273 15413 15408 18018 6873 736 12403 5995 6980 12943 18440 18120 10219 12948 2489 10496
755 4015 16639 4031 11958 9181 15660 9757 6684 391 492 5624 16135 9047 10059 7853 14835 10574 12905 8912 2705 6092 10259 2996 9345 13000
15208 9670 8725 19684 7913 13542 4482 1827 7074 15715 5675 16370 8943 9535 19089 6930 9511 10066 8929 14101 18751 5717 17476 2963 16723 354
16302 16822 10381 17917 8014 11336 13875 10314 2778 13346 8887 1087 701 5651 10229 15473 6140 12525 5855 7580 11549 4692 14400 11682 3538 10016
7712 9030 13245 2269 10694 1428 1658 16157 19098 5936 11851 7043 1304 9373 5409 15576 14944 4413 13858 16282 2742 13358 18939 2856 160 9205
10329 6388 8332 1036 5958 11315 10492 6522 3258 14897 18875 14081 16903 19851 14978 469 6028 10251 13466 14880 6803 3657 15396 13202 1689 16247
8972 14739 19649 13840 3270 6217 4495 9042 3000 15526 14956 7076 16960 16835 16680 7220 19619 5838 15674 7052 148 19518 12698 1292 2730 7186
1994 13523 11717 13629 14145 9593 8185 4348 9826 10673 15825 8234 15978 2204 15889 15373 3350 9094 2518 1566 2503 4509 2951 15314 15789 5550
3777 4663 4130 16963 13083 8020 17403 1564 19327 8918 2844 5385 10807 10849 15090 5349 17550 7187 13550 1911 2396 10981 16142 1244 12829 6116
12674 16380 16563 4242 16583 16198 19120 7202 19886 5674 15605 7667 18906 8351 17189 16767 19507 7962 12176 15843 13520 14093 12341 5288 17274 2232
19019 117 815 18202 3884 8619 4034 16127 13542 4945 18913 16511 4590 13163 5716 836 15698 9539 2988 5018 5449 18292 4425 12176 15378 18590
19929 16857 9211 17740 1464 17351 8003 19277 5445 12994 18389 12628 12487 12611 9467 16546 17273 11060 18456 5800 17216 15417 11843 8030 14935 9804
520 5031 18320 12490 6783 6184 13446 18500 7458 17006 9139 2172 16665 16179 15502 11852 15825 9808 5705 9165 3568 16676 12353 14207 4824 5261
1310 11306 7228 13814 95 11425 12082 8636 6567 5105 3502 1549 3833 16907 4707 11504 1300 15340 16212 19125 7558 2601 8444 1584 13465 8163
2892 3176 12099 10317 10023 5075 3723 541 5772 13895 17574 14265 12003 7230 5578 8146 5658 4600 6633 15573 5957 5117 581 4831 2706 11758
14104 1502 16150 2390 12575 8398 16309 5290 7026 18295 4852 14154 4889 7903 10629 6015 19989 17492 4296 13141 18535 9272 12127 11208 9532 12228
15603 12285 5378 4365 3239 14791 5172 3681 9966 10077 6881 1601 11285 16442 7505 12438 10560 15544 13513 9557 17764 10079 4043 10453 16217 5746
5504 6686 10440 17379 15317 14564 14682 7603 19997 15444 15685 1767 18618 4043 3704 19713 14136 18446 646 6242 8430 10648 13518 6731 19704 1497
17450 7175 19772 10238 2470 13035 2361 17104 6172 49 15447 5287 16339 8073 2684 5641 6608 3926 14948 5460 748 3621 8126 7959 14699 19185
14176 17169 7169 5900 89 3822 5059 7920 7811 11084 4208 6987 8897 18406 9586 4181 17637 3278 9250 16133 9423 2832 11170 3942 12304 1201
6206 4674 11317 15792 11862 10863 7688 18559 16735 8704 4956 12581 16533 10270 4666 19664 7112 3875 1563 2410 19848 2555 19096 9260 15543 11968
4735 16626 16849 4672 16385 10287 12422 800 17442 9094 19995 3386 18054 14325 19579 1848 11373 3839 6992 7324 6928 353 12734 11965 14471 831
14595 12166 5497 9222 8343 7761 14197 4628 602 8467 17614 3519 6532 4822 11375 8032 15158 14468 2044 11362 16005 6392 8375 4798 3113 3714
1079 19027 18515 1785 15002 3081 14698 8060 19998 4180 11662 2080 2909 7364 13374 11069 18575 8371 8373 5757 16178 272 19005 4404 10064 4572
12284 7050 12047 13431 10818 16094 11782 7964 9389 2863 16423 5273 15643 8366 1643 5526 1594 8509 9554 14322 19755 11287 12500 13656 18278 6055
6892 8247 11409 13959 1913 14111 8109 6827 7272 2838 12232 10467 3563 12817 7772 8315 16847 8738 11390 16780 15688 14779 6534 8989 16227 19629
12693 16421 16499 5891 15407 19345 19116 8315 2034 9563 18874 17901 13525 12611 8493 2611 8611 6638 4488 14861 2020 3320 2116 1993 12317 5110
17130 9832 19362 18238 4778 2421 8852 11752 1189 14402 756 5974 10181 9139 16332 2499 753 7511 7062 7171 17478 1395 6840 3886 4083 19575
4255 14056 2732 6083 2010 4939 4787 11847 14478 12174 17504 17878 7952 17456 18363 12578 14524 9786 11470 10635 2771 15944 19424 9093 3011 3002
9983 11434 18312 18742 9619 17483 9209 17139 5853 6822 2138 10083 18668 9320 16502 8669 11033 10322 19902 17008 3411 4468 19682 5667 11187 1252
2034 9557 967 17475 17383 2532 4905 13992 16561 941 9652 5063 19893 18849 17186 9556 9862 5360 4471 659 9402 10836 13036 13326 10672 16463
7943 17614 14605 8723 13574 3981 7361 18727 17221 5415 16130 16350 12893 6683 2150 19261 1994 1045 8797 3464 16024 1277 19070 5434 9864 19437
8134 10080 12686 18024 5444 9657 11481 6304 3203 11621 9291 19458 11981 11251 12806 8712 12031 2548 11399 3959 6507 4758 17437 13273 7253 13653
11370 17021 8300 5753 17872 8224 16590 9344 15983 9684 18327 18892 531 14658 4842 7433 17818 18712 18262 12726 4393 5780 1641 12061 10537 19660
9119 439 19554 6157 11563 7540 2742 18400 7887 15527 16793 10692 6729 3324 6260 4990 11629 6963 11994 15084 13184 12140 13744 3290 2786 820
1781 17616 14240 14663 10027 9117 8679 8721 4329 14960 12457 4228 14375 8410 1201 643 14893 10391 19390 10309 4475 8151 17177 7281 19473 17112
7065 5515 2407 2478 9116 16401 15080 17321 13861 14235 7966 14008 19366 10494 15680 3903 17456 18287 8525 17307 13717 6067 7075 8856 9842 10425
11644 5588 1642 12729 9259 16063 7898 214 19431 15571 18399 17446 10620 1070 13664 15593 8440 8710 17688 7250 2168 12547 12201 7645 15907 12565
8675 9099 14969 7119 243 5840 7392 14263 3650 11092 18546 5108 11483 11608 9441 180 664 14477 3360 467 11631 10829 18701 17270 1047 18882
13206 8910 17726 15862 5070 15352 30 7729 3509 18387 18003 4451 6802 897 7290 8313 7415 10556 11306 17460 6765 10643 8714 1174 16375 12808
18536 3310 13648 13119 18603 3184 11576 18493 8912 16363 5191 15676 3650 12189 14322 13257 2402 1984 17808 18247 4816 549 2313 17677 8708 15878
19644 16175 11014 6198 11020 4949 3832 3585 5926 8589 11052 13454 8898 6002 12518 11246 6858 16495 570 17696 14901 13269 8801 13531 3680 4397
3971 1915 14678 19555 17113 17528 2717 16422 3312 9495 3680 13734 2940 15824 8488 11380 10405 15700 2075 5130 8716 3508 7299 5976 2732 6805
12289 18163 17643 14010 8240 2579 2192 16841 4771 17072 13526 15677 17335 16501 3278 12098 13057 14705 19495 2970 14832 12842 7550 615 18892 15151
7894 14419 1659 13769 12699 1286 8390 15789 16191 4092 2910 18461 2022 55 8487 8818 10425 5636 17555 9153 15552 10698 4928 2359 5960 5089
237 9623 13492 5263 1589 7440 15435 10617 12166 579 12677 8871 7206 8882 15891 17092 10718 5253 15520 14860 9467 1356 16084 970 9525 4924
11736 8169 15191 7439 4100 19618 1807 16240 7352 9903 10347 7199 16426 16967 16571 3868 19847 11429 7692 12497 7092 17467 5719 6144 6029 12831
19248 2229 18214 1764 912 19184 3822 18230 16913 6436 18618 13377 4273 2750 6053 2989 16726 4512 18687 15417 8526 1816 18276 2270 424 12481
10137 15163 18784 15400 18110 11976 14250 7786 5595 14913 14298 1424 11707 2317 12032 11781 6309 7360 14563 300 4451 13008 13727 16201 17911 7349
7989 4088 747 6668 899 6253 9214 13534 17973 14100 9354 14348 13060 19467 12 14895 2808 2639 19566 10597 17407 12728 15332 4804 7573 2071
16891 11648 9576 2630 6943 2634 43 11436 12260 6412 4066 2430 9569 377 1751 5875 10108 6368 563 8216 17255 7450 15119 5632 5766 15680
1291 18538 1238 5644 14734 5476 7294 1261 13160 4429 10362 1144 16868 5924 15170 2360 13877 11319 16550 9170 12341 9896 17951 13446 12001 2384
2356 329 8255 2703 3646 3382 2754 1085 7006 9631 5195 18899 691 12471 9776 13348 4233 9789 9382 11050 47 18201 19838 18087 18752 7915
4519 8142 5341 13723 1538 10409 17433 16836 7104 8129 6837 16765 9873 2681 10311 6011 2548 2351 14819 9228 34 11545 10109 5674 6180 11727
10346 11960 18778 8066 2711 13525 485 863 5480 15399 3055 722 6678 2838 5417 613 3276 6079 8577 1649 14752 11304 14707 18296 15474 104
18992 6816 11308 431 15760 3291 5187 14779 5274 19715 2398 964 11088 9927 16523 4918 11873 7947 18444 15172 18514 16443 19257 14757 4922 7517
19253 4966 11655 3155 12123 12557 6516 9806 1722 2061 4039 4012 19987 14186 15145 15330 13839 8933 10205 5746 13920 16903 15116 13681 16529 18294
8912 17017 17383 15007 11123 14669 15080 19113 10360 14358 4423 13732 5273 11709 4592 10823 5447 1414 7581 6514 15673 17139 7330 4758 16842 1664
750 15540 19010 2494 10324 5437 9026 8221 5028 1112 15740 10483 16388 1071 6788 12028 12361 953 18081 13828 9457 3814 14434 14936 17827 8446
4506 1780 16069 6184 8188 1170 15225 3358 5239 19397 2974 3572 14038 10277 2466 6717 1168 14313 9116 19471 5277 9570 8831 11122 9802 3027
17087 18537 2470 8015 19926 5124 1792 1390 1851 19869 9418 9436 13412 13428 15015 9370 1562 13153 15103 2584 12879 13846 8577 2100 17802 16847
7325 5966 8016 19844 7601 10688 14453 3544 8148 7724 6323 19484 15121 6437 5716 18398 14446 13102 1253 9984 4140 18448 3241 3109 3474 16379
7676 2484 5573 3186 5529 9150 15245 12190 8151 10525 13474 11482 17046 3938 15119 12975 16069 286 15667 13740 14129 18881 1574 3678 18863 10726
11820 11635 19214 4095 12730 6042 3279 14711 19199 334 1673 13342 3218 2322 16877 16354 3054 3344 4543 18490 7532 6469 1613 14806 8490 19946
15187 10447 19838 11166 4928 4377 17500 3298 3088 9288 1266 15800 9960 15515 17925 10767 17443 5377 2420 9244 15206 11136 7805 561 11503 2769
18858 7902 1954 6327 17867 8312 7121 14806 8302 8499 11934 13121 11808 12462 17395 89 9229 19145 2548 2929 2394 18141 15384 2389 5570 9270
745 16999 13476 8429 17455 3276 11480 18224 8408 3735 7238 10738 7607 10016 0 15384 10454 12228 8516 7431 14594 15063 16335 6396 19301 11991
8296 16937 1249 19444 13919 19705 17060 13016 4738 12199 13186 1381 14190 8304 13533 3600 19467 10422 11197 4748 18797 2628 10491 17775 7938 2632
7470 16230 2433 7156 18196 14858 9555 2730 17004 2770 5187 19809 12680 10765 12080 12224 13206 8378 5590 3686 4344 19413 3031 4040 18270 7479
9055 4586 17012 5173 8427 18296 15913 14353 833 6099 13208 5347 7769 3938 16979 11160 12894 13279 14267 9201 1441 2320 19445 13559 18663 4667
8340 11509 4056 7340 3148 14093 15943 6361 2875 19333 10063 18750 17406 648 4569 18813 9921 9595 8358 15162 10938 18595 14294 16080 7547 15386
18976 10591 12216 18573 18883 7486 8177 4639 8288 13293 16647 8427 2657 12900 19464 7469 11392 12999 11550 13236 18203 13984 13051 13685 16971 17998
16989 5384 6023 490 5723 5048 17112 19926 6447 9862 16492 3958 16363 6344 1510 990 9065 11202 12840 18486 12003 13319 15873 14951 6924 12005
3299 8125 9841 17974 5858 9142 9146 19982 16993 12104 18446 7664 16740 5148 4773 12847 16549 581 13607 10852 18186 18610 717 427 7502 17620
13985 11846 2005 15835 18110 16991 17822 16261 8880 17351 15147 2099 3753 909 7910 9694 13420 8819 6843 2470 17596 8239 14641 18973 18514 4397
14935 19551 17272 5260 11563 19479 8508 14724 9543 4209 10147 7574 13383 18345 17809 15613 8955 13425 18534 13698 2419 1129 2329 17939 19839 1649
7273 17238 12810 8070 14161 7254 597 13847 7455 14586 3405 13719 13671 8711 19619 16550 3743 3713 8951 17291 18056 11377 12823 12361 1367 2950
11183 12651 2446 14776 10209 16496 10123 15966 7443 867 18919 8841 4238 18126 3921 1660 15694 14611 17879 13581 18230 9272 1054 16083 18061 17363
16124 5966 7206 14824 18124 18864 17173 15375 8472 8345 7659 19880 7787 7655 18508 16162 2110 6619 2091 19804 18788 14232 16829 4738 10909 7417
18223 9377 12059 15210 69 17027 4917 15117 3073 270 2964 10074 14912 18881 16032 472 4490 1196 4932 6187 5429 7714 6676 538 4058 6394
15328 955 13322 10857 17075 19040 4725 10221 893 2134 14856 7484 18328 13786 16137 13206 9237 248 11294 6472 5313 3563 18333 1042 17804 16944
14657 15626 1316 17073 14447 13094 1670 11689 14233 5142 8606 7199 8648 15673 3844 5711 18999 15945 6269 16447 13706 19114 12083 3257 11916 14259
15668 7175 17205 5234 12167 17154 8839 786 10298 14324 1844 7600 934 3269 18375 17296 2205 12643 10087 4973 5167 13835 18851 10197 14817 4542
547 13497 10037 143 4593 3185 10692 13868 8064 18820 17894 7555 13851 5356 12784 1553 7821 4034 11855 16782 1540 3346 3695 2454 15359 7688
19949 5243 15154 3464 2460 16074 3274 7779 1784 3877 6912 7091 9688 7752 13212 8538 19639 16044 10735 8175 9473 19491 1660 6519 9123 1951
484 10049 363 9057 17947 12295 9284 19211 1177 17031 6251 5524 8909 19034 12201 646 12798 17342 19905 14137 4098 16572 5594 101 4671 10309
12476 3890 17352 2959 8191 2494 1956 19879 1536 4820 5279 1267 18848 1192 6491 8164 5015 16868 8853 17423 17770 17741 17096 3265 14944 16854
28 5653 5002 12735 6880 5243 16484 1215 9357 10236 11266 15258 10701 5349 19620 13704 12415 13360 6457 6136 6564 689 4363 12882 11032 18890
13114 9238 14691 6145 15298 10902 18198 8769 4843 9567 8615 1373 9676 4255 3780 10031 8559 18119 3410 14327 7707 15074 19675 16791 14518 11295
7039 15718 6911 13744 18686 13514 10879 1444 19779 19329 13218 732 24 5591 2440 13446 18841 13939 8060 15589 5801 626 14719 9324 6838 7094
6776 10612 10095 1653 3942 8390 18202 1072 18194 703 6170 16547 389 278 9526 5733 5337 9822 18470 19876 8499 16377 13360 16627 8331 18239
2507 4979 484 14360 13841 5229 16564 3291 9513 17827 6954 19699 15904 1896 9100 19998 11835 9375 14153 3420 18868 19081 13717 4131 4574 1452
5145 10507 4506 5855 12012 8638 13732 16674 9244 340 16621 16554 12982 9294 6202 15168 9618 8452 5322 13330 2609 18032 11122 5841 4241 5423
12553 3945 13938 5086 731 8308 1755 18197 6224 9837 704 2172 7811 14266 13117 11397 13315 3580 5301 19401 4915 9716 19339 8144 1200 5361
13227 15198 8813 16706 3126 14032 15550 12817 4888 11605 2621 12806 4176 16406 10088 16065 5434 11362 835 19713 1886 14802 13885 951 7495 18563
6034 7455 6187 18965 5840 2438 10069 5272 11913 13148 6785 6122 13567 9085 15100 19952 5543 19731 12863 1765 3351 19313 14390 2523 16444 18020
2393 238 11924 4321 12821 3495 9245 9868 4708 13896 3340 16698 9492 17770 12949 12069 1874 11133 9778 9745 1211 12865 14446 15396 4160 8539
0 4484 12575 5328 15646 17326 549 18166 3745 5704 16290 7322 11413 3720 14140 13944 1873 15885 18968 7502 5761 15708 11528 2348 10086 9757
13571 12991 9215 9289 17864 12432 3173 1158 6614 1064 1430 12227 18656 10038 4322 7518 4271 15842 3695 9903 10604 17601 18123 18981 6760 19646
12019 8926 9833 4631 6764 10339 2989 16993 16936 16647 5454 11666 4827 9601 11617 6078 16516 1987 7475 5311 2589 5095 6904 15219 14749 8811
4832 12149 12885 17790 17731 8502 3255 10303 1949 11413 18496 15470 5701 9203 5220 8090 1948 5480 17131 15987 11525 6620 2076 15518 1491 6048
19575 15779 2368 10187 19914 949 9436 16155 2810 19442 2729 2747 5894 10084 5787 18697 15643 4323 2310 19275 7434 9982 16361 3709 16251 10445
12823 12497 13580 16278 12393 5142 1095 1222 9983 4869 16772 9572 7757 12550 8774 16131 5049 1935 1942 6605 3907 19919 11631 369 11486 1846
14451 17518 8542 19793 18276 15704 17081 9720 5099 17126 9478 18910 12895 12983 16888 4587 11303 14778 1272 6296 16476 11875 7016 858 5366 9145
9434 10643 14463 12982 14177 18035 2231 7701 10715 5895 14973 17881 147 7063 122 2241 17029 16356 19031 11147 15115 1586 3183 17139 3596 9397
8673 16707 1919 12307 11456 1298 8287 15849 3913 4911 11616 2232 826 5519 12330 4239 19506 17885 1710 12933 10760 11529 5111 10249 957 7882
2339 9976 5144 2759 17247 13780 14832 8364 9582 15421 9830 980 7189 15716 14536 16057 3907 10108 7631 12083 9558 15926 4820 9608 16011 14125
11510 4133 5892 11659 6975 19391 2572 3015 17410 4071 6344 2924 9266 8039 15141 7764 4604 113 10383 9461 3081 13094 11448 4607 15364 17979
9677 19745 3138 18616 5133 13121 12192 16190 3526 14816 12000 12137 11867 11658 4015 5432 18286 8033 9175 4501 15831 6169 13918 5619 14366 14077
17572 8669 4179 11309 15542 11860 8746 8470 11476 11803 6928 11251 17877 15865 10563 11617 10429 1408 5662 16631 10889 8973 5187 2367 8321 9919
8028 4544 18525 6575 16419 8826 1589 19035 5587 18411 7188 7845 15500 13362 4685 7038 13307 17591 19350 13374 19119 16647 5496 7762 16882 3446
6752 12627 16733 11034 16955 1563 12265 19735 5913 10167 694 9720 2640 5415 6161 4375 11720 11372 6139 5638 3715 8724 642 3919 6971 2004
10854 13437 346 1224 14287 18305 18128 18859 433 2669 5607 4229 11965 3347 12732 5478 4486 10590 17195 9950 11193 17161 7683 15160 12964 19184
7721 9573 19593 17803 12027 9848 2108 7354 18443 3334 5980 12586 16564 14966 2582 17646 3063 15302 9704 14237 1115 17819 5527 12452 3374 5968
4384 2909 2460 4197 1733 16143 1950 15697 5371 4220 7516 18935 8489 9603 17114 11724 16740 16096 13162 6806 6361 9952 13222 18557 11784 17949
19767 19218 9798 4087 11620 5672 4512 15347 5326 17261 10153 10807 12481 2639 10592 15306 6060 7869 1084 9039 13217 6760 3454 12377 8201 6179
158 17144 19945 5381 19127 6326 6780 18488 11225 16717 7499 2059 17973 19592 9576 16417 12893 17974 1332 6262 3484 14706 4975 13263 14926 9184
12280 9333 18757 8945 9790 36 933 1605 1096 10193 1734 877 14430 2943 4919 19831 11047 4384 10365 3593 13866 14829 15547 427 18089 17696
15737 5828 10107 14369 19344 4664 19780 1049 12851 2824 43 2565 7855 2009 5811 17932 11366 9563 3213 14693 8881 5531 8612 4282 12248 18427
4605 101 12211 12156 2774 7710 13477 16013 8636 4098 6265 16852 11403 7663 2647 13079 17993 2586 19786 9261 6233 8144 15899 12190 19389 7846
10590 10548 2508 3454 5423 16853 12815 9844 7978 6082 589 4929 9428 1332 5470 18342 11295 7954 13552 13264 19661 15136 16233 4381 10089 542
7533 3224 11387 2728 9187 3743 15359 10629 354 12514 12764 12475 590 15377 2166 9144 9291 8345 5770 12743 17806 5335 13774 4536 5081 17552
12685 15172 4474 4453 8804 16993 4237 5216 17402 14275 8037 7435 18608 9502 6498 9429 19482 14719 8911 18884 4453 576 7911 3343 3246 773
14815 19265 4877 9832 5377 7679 11685 19212 4832 17461 8904 4569 756 6607 7603 9649 19549 18647 1024 4295 2501 18014 15555 596 5383 9133
2529 3886 3389 4721 8759 9735 13648 18107 9816 4741 3457 19099 9864 1757 6368 15425 7656 15640 11667 10828 6056 5488 18111 12803 13536 5787
11855 6608 19460 152 10777 15918 7454 7648 408 14315 15502 1244 12768 14718 1543 1183 19990 1817 5133 18253 3027 14235 14339 7234 18109 16375
4960 470 6121 8106 15008 19151 10830 536 6613 1215 4162 11661 4634 3549 12293 16951 3157 18540 3189 3716 4614 15192 3380 10894 12303 7964
15268 523 8401 8596 14407 13978 9547 1410 484 4248 3024 17651 19878 16252 12177 7455 7135 13444 19921 14020 10735 3030 2697 1500 5971 5866
6962 11778 5782 2131 8241 6010 19307 13915 3119 9020 2913 6273 124 19029 14369 8707 11271 12402 11666 7578 10207 610 13028 18323 4968 19141
13452 14425 18261 4813 17638 10918 17251 15007 13498 2842 16639 18239 7099 18653 7883 16436 17992 5153 17152 9163 15076 15540 14514 5060 11584 1425
11918 18531 8295 2851 833 3372 11570 8689 14143 12911 16872 9959 17799 4267 4967 13408 15067 8105 8414 13616 14056 6377 3085 9763 1729 6637
5182 16167 16845 19510 8789 3488 1058 2754 15183 7129 16568 7936 12535 13225 93 13851 2103 16653 17764 12738 82 14288 2107 13092 7616 13918
1288 8222 12717 18464 14879 6533 11235 1870 7588 18440 2587 554 3327 12274 1223 19601 13854 7442 14780 5155 12790 12838 19932 19477 13362 19023
2474 10079 7342 2964 13122 18724 18494 8491 10223 4398 2429 3516 17603 8054 7812 5400 3630 17303 16734 865 4020 12097 19998 16647 11131 4004
7552 9337 8314 13618 19024 7529 14397 8943 6859 7716 6085 12409 2735 3648 140 16822 11711 16835 17109 11267 1038 11538 2111 8655 16998 16954
10277 19727 13519 15824 16647 18838 6369 11677 9008 19014 19548 6638 7142 10579 12646 17418 2689 10718 14988 9626 15062 14384 9425 8848 7656 12871
12556 16869 18741 12711 3526 255 4339 10824 732 9711 19640 16088 10708 18251 8407 12943 6130 15248 2235 10640 6012 11547 2520 14775 15342 17540
13373 1423 17389 5133 18930 9898 11189 9959 7811 2667 3456 19769 9966 9743 19339 19519 19849 14751 8164 14246 2262 434 15811 11481 17792 17116
6146 510 5598 16139 2319 3744 7544 5205 2251 13711 15122 16355 9425 16861 2349 9686 14691 14150 13529 5204 4492 3240 8177 2763 8485 19966
16116 13360 1810 11056 10248 8091 13110 2537 689 5640 7695 16570 2997 10239 13334 8684 818 8122 9272 3820 15617 802 12246 13156 5029 3860
10219 10554 8035 5296 1552 19346 16625 11464 17841 18285 12225 2843 6554 4682 5712 848 9880 886 13247 9961 9303 5145 12099 15624 13020 7957
4163 18710 8259 14341 9801 11373 16701 8503 1541 8566 19245 18036 15523 15055 3380 5813 8934 11252 1667 3584 316 8562 18707 18605 11501 19468
2732 6071 10487 9538 337 11173 8558 4749 6061 12583 19017 3171 19283 10350 19089 10007 13900 6962 17103 6201 19791 19462 10474 5681 17709 9806
213 291 18051 6446 9548 18469 4465 12323 16587 8968 1791 4890 11999 3526 4025 10830 5221 14923 17099 4745 18416 4285 18234 18934 3314 16460
9876 2776 474 4853 7802 2183 1205 11162 10927 837 8607 15992 11174 1580 11358 344 19576 13994 3398 7533 9071 14802 12751 19767 14718 12678
5982 14093 5011 9511 16378 7375 5069 4885 18882 7244 2125 10605 18268 860 2515 4233 4431 12781 5770 16039 9309 7497 4556 6139 4777 9416
6980 1595 581 18477 11187 740 1770 15174 3275 6466 11595 10707 9635 13991 7397 13464 10500 8306 12110 5664 12785 19378 9022 15801 16177 8570
1714 8493 14393 8372 3411 19501 11972 16774 15683 19964 5694 15342 597 17425 14897 19681 3027 2458 12170 6666 9565 4178 7728 4403 8100 19931
3458 14700 626 4957 3117 10130 3911 197 96 3653 2951 1050 7738 11431 4037 5367 378 4983 47 1227 2591 16600 6848 11537 4109 18892
6438 228 12590 17212 3714 212 390 5294 10297 2079 4618 4643 5920 11641 13825 16291 16894 3182 413 15130 4151 12536 12777 3439 6519 12216
12611 5099 1432 9658 10476 1424 2959 15811 17452 7090 16440 17236 11714 15423 5324 3931 12046 7380 13776 1427 11049 19921 11770 5457 15418 14518
2098 12887 16354 17663 10090 17601 1467 19306 15521 6331 13107 12597 15627 14030 2561 10182 12824 3263 5032 2537 10617 8272 11441 8672 10679 10503
5029 1556 15069 19133 6622 561 8569 1159 4391 6604 2445 16351 13507 17420 9527 2596 18525 5984 12796 5390 8297 19266 12922 11026 17524 2008
14491 234 17260 787 11473 3250 16982 13194 3496 18516 13390 6690 5238 19519 4187 4500 12577 9779 4306 18604 4412 19523 17395 16645 5967 8920
17287 10355 15277 5186 18927 7710 3632 16374 19684 3830 14439 10137 13212 12397 15133 696 9037 16634 3415 5572 7778 8606 6032 11857 14162 18591
1704 6167 7652 6805 15172 7840 16426 10889 19557 17680 11899 18071 8887 12537 9838 11182 10082 4856 5256 13128 11408 11254 8785 13001 4839 4646
7696 9182 6315 17265 13544 16306 10755 5405 5388 19720 6972 1088 3054 5730 3377 4826 7331 10270 14870 14165 2077 18110 13306 3984 6577 6381
12928 5339 17576 9544 7767 14900 4984 4877 2949 18901 189 18339 10515 12342 5201 3291 9106 5238 13487 5604 16945 18414 16617 4773 375 17916
6460 16501 5331 6625 18596 4130 2080 13365 12082 15551 3281 7218 11787 15904 40 17380 15688 16605 15186 13713 2356 6972 7096 11523 11363 3357
15729 12684 16538 7550 3849 80 19390 11291 754 17780 8580 6044 12213 1199 13881 9208 16572 19358 2464 7953 12214 4772 2802 10032 7713 1471
8123 14462 12688 8299 1394 641 5032 13048 13290 829 8360 11040 6301 972 11 2925 14261 5560 13979 15351 5578 13825 14378 2227 7335 11005
4356 12853 6615 1444 2157 18424 9505 19125 5436 12770 7784 817 12265 422 9581 4036 17547 12959 16461 16699 406 6772 19859 7637 11176 17949
3498 15595 14885 1445 14418 8211 465 12554 6811 7856 2921 9745 10939 19828 3021 17178 19224 18994 8528 8656 12018 18641 1255 14328 8977 17977
5323 11641 11998 19257 2125 5262 12935 2578 13151 15920 16170 7536 6653 16540 17412 6902 13030 5349 3324 12904 17390 10372 7379 6409 12676 19525
9154 11169 16493 4630 12673 15520 5132 12885 13376 8611 17857 18037 12587 2955 2287 10480 16246 17442 7587 13408 8337 8602 9470 9978 18396 8093
9422 17851 11606 16958 18092 14841 3857 11632 19324 16765 12462 8682 10766 2469 1346 8924 5695 2305 17318 14742 4395 4298 17053 4128 13181 8819
10592 894 15629 9772 13507 1992 19820 11490 9041 10301 7837 15911 17267 2203 6879 6391 4673 490 4364 7397 14806 9760 7678 19890 3419 4901
19890 3359 11449 7468 215 4225 7088 13955 9426 11423 18086 15718 7758 9732 808 7711 1123 10700 382 11159 559 16435 9592 17042 5279 2874
2467 16948 7606 11687 13986 7855 13899 1121 17695 13218 12545 3948 10195 487 9608 1362 12300 4263 19187 6039 16833 10440 11874 13731 1648 14214
1774 13990 17250 2460 1810 12822 4544 4716 4688 6979 5945 10547 15718 1530 15236 9849 4133 12752 4457 13453 1329 15837 19981 19563 12125 11380
3640 12380 5608 73 17634 18865 8309 16286 3749 16526 3263 6433 14891 13498 9477 3340 2560 14621 10461 2154 8205 19544 18495 7481 14415 9129
6234 1554 14164 18187 4431 5634 4377 17760 14082 6144 16915 11379 1461 16279 7780 3474 4004 4067 403 3625 18585 14909 3878 12314 4525 9872
11022 11912 17892 12114 15314 5599 1532 17344 13669 5891 12885 13989 10839 13151 7782 18084 5874 16159 5253 7153 8317 4158 13989 4102 3466 2869
18429 683 2707 18500 17358 15189 1857 10533 19242 3545 8526 10431 7132 15304 11241 980 13132 6355 13194 12876 17041 2312 4739 7290 5018 17616
15481 9996 8704 2057 9586 15682 7095 84 13469 14108 16913 3696 17652 17086 9611 9507 6408 1566 19233 3442 1921 9423 19938 8267 5183 14469
5425 19428 12254 5026 19291 4225 5500 12649 3773 14488 2424 13393 4344 18808 10272 12855 12355 6695 13565 1322 17333 13487 12122 14350 17968 14317
12861 14284 5982 16111 16108 9384 7641 12223 8531 19306 5244 10023 14503 15289 7468 16423 2446 18437 1553 1191 342 6838 19495 14658 10760 15006
13981 7978 15342 17482 17340 11739 13707 10866 15972 4138 5640 19346 13654 13558 19212 11915 19601 8178 12778 17367 2037 13816 10253 1282 7505 15685
517 18771 2981 1964 12604 12038 11151 7129 2791 18396 13009 461 16691 16322 3433 17007 8493 14353 18219 12920 10168 12822 5878 14232 16651 16297
10812 11077 17962 14161 10154 2034 8076 8101 4416 14104 212 18567 1227 6843 16149 7007 490 11967 12581 19355 17328 19214 6182 18126 9538 8343
18814 16705 14547 12884 10139 5764 6124 18098 2960 15473 12456 19584 6500 14725 10145 7020 13470 19740 3273 15480 2681 3612 10169 16920 18519 19244
18334 999 15378 2258 10737 14486 8795 3100 3457 12158 4890 6358 4849 2410 16739 9771 1376 4085 18657 2206 2133 11557 1665 2841 19052 18858
12644 7280 16742 1912 9793 11908 14051 19962 12465 8656 15920 10378 4068 4731 7389 11911 18180 16752 14234 6277 14255 18823 15101 5801 5134 12019
15855 5582 1784 13644 3167 17107 17260 11086 10566 8901 16284 16410 5743 10767 17041 7661 19706 5397 4585 12850 5207 17252 3935 18351 9217 18212
15806 9661 6837 442 5555 8275 18728 4032 19288 977 18946 13283 2447 6254 15973 6710 7834 17150 5655 1191 14301 8863 9037 8085 18907 15311
18106 17850 14743 12629 16488 15162 9401 4128 843 8117 10967 5669 1759 19296 4044 18360 15597 1960 8604 3638 246 17812 19683 13147 4141 13030
2347 17350 7036 2641 4361 9077 3558 3639 8836 15487 62 5084 13140 6092 3494 19784 4412 11520 16632 16304 9299 10511 15705 1755 2705 14103
5239 1355 14873 19241 3663 13124 19606 727 5280 3852 6039 8935 2431 1737 8194 14748 19921 7466 7881 10491 4400 18859 15422 33 9451 16109
17285 15945 9860 14763 5036 2025 6985 5101 12941 1273 4634 2468 9999 3510 15809 4792 2824 18579 7381 5862 10693 690 164 6580 11870 5555
10609 5037 8403 7571 12397 14942 138 12435 5343 2903 14824 13049 8142 2119 9402 11379 19161 475 891 8539 3721 11643 12502 16543 14754 4134
2825 10448 19433 14892 7772 8226 19172 16794 6834 15308 13796 9157 5559 12584 11783 17657 8704 10048 11134 446 5006 17224 10622 16621 10105 6526
13649 5132 19362 16329 5189 19437 9940 1143 1664 13888 13870 3426 19063 1198 8057 10173 6558 13576 12251 17119 9658 1503 10481 18044 19777 71
7714 15060 350 10125 15716 4152 6802 16546 12637 3903 10532 19308 12192 18624 15918 2938 7565 15476 2061 9073 4210 17037 11628 5123 16312 18337
2292 909 18362 8992 14161 2180 13926 3185 17942 4301 2102 487 14645 18086 3678 9847 10348 12912 14171 12855 6941 10047 6399 540 6208 12389
13786 5909 13928 4965 17939 8280 8823 4502 9029 18616 16949 4135 16680 248 15092 8514 1096 9244 5555 18659 8924 8474 14749 1288 6971 14147
3122 14834 18628 10592 5332 12848 7643 16537 9696 5876 8944 2602 10821 350 10715 12720 19732 1540 19011 12495 14770 9584 3771 15293 1322 6851
3292 4533 7446 3805 9504 6592 11616 18986 19460 89 2854 10674 7561 10165 6584 14186 12531 8670 7446 10911 12839 12159 379 6092 7351 2756
4745 19058 15785 11268 8459 783 18097 19556 873 11406 11330 17045 4359 10656 13216 14517 3075 17958 6056 3222 19560 12249 2572 2044 16244 1854
17158 4676 9443 19378 19498 2627 12436 4891 13532 8 9016 16582 572 3801 18957 12086 18874 2599 18194 10978 13478 9332 10312 15483 10933 5123
19046 19731 347 1834 2310 7194 19749 2596 17314 4093 966 1593 14966 9725 1080 1095 18497 14983 17324 15242 12890 798 5639 14000 16550 11719
8670 13511 8728 3151 8179 3041 7215 11322 12975 12001 6742 15908 5975 13159 65 18929 7188 19316 11282 9896 17314 12459 9771 15455 5636 11052
9514 7304 9403 15522 14782 2370 16759 12080 5842 8706 6717 7032 15617 9296 16911 8043 12698 385 850 9604 17366 6674 560 1725 18908 18824
19033 5343 14863 623 4252 5352 3551 14410 17456 13687 8244 2677 190 11416 18476 19403 2217 2479 13288 17291 4048 5767 7114 18314 15908 13206
19556 14228 791 5751 10210 3768 13387 4050 18814 10193 3524 6286 15898 17793 1542 4566 7913 19937 9116 11219 12141 10951 8579 16528 13704 5457
8184 10991 9354 7381 18030 13158 2368 4452 17583 10377 3145 18421 10122 1625 10705 18553 1584 15787 9173 16482 8147 15538 43 12336 11986 9823
3530 13272 11754 14612 18347 6390 18583 11410 16200 16841 10624 16930 5424 8374 5925 18379 13821 15324 13400 4377 12614 17061 332 8818 16172 8003
6780 11720 10064 19652 1187 5677 5985 10447 12682 14745 12414 11143 10985 18607 19300 13653 4392 5004 17858 8572 1077 8787 7356 19387 15471 2437
17190 18901 3861 18678 4520 15290 17628 1702 4385 16339 6868 3254 1201 8038 5007 3835 1942 3588 9597 2854 4256 18530 3660 7309 2223 14703
9893 17344 17034 9277 12470 17737 9433 9395 11602 18238 6694 5526 18617 10506 10013 13362 17880 8083 15751 16133 12202 8143 4049 5850 11185 6839
7384 11875 13489 19300 4152 7001 15670 9593 18823 10228 9124 13590 3401 9668 4952 16318 9771 6094 2585 19241 6383 1548 2763 18768 11141 19025
11836 11446 19548 7062 10859 1030 4977 14238 9144 13442 9311 14047 13167 15911 7588 19176 15533 13954 782 711 19583 16236 17272 14969 11176 2867
11021 3684 3534 18058 19995 612 12036 8973 14415 1858 9119 4678 12052 1853 12686 2174 5590 15437 9343 15585 10599 10651 18409 11622 2004 12885
9607 2846 14073 7160 3359 13301 12700 3743 12324 9002 11024 10676 16923 6070 8505 19080 3370 12789 11073 4148 629 16280 17203 17877 7676 14274
8587 16989 11675 3305 3868 17174 12953 18155 3693 3462 3331 9641 14875 16234 3791 9908 16010 1218 3151 9251 2532 10329 11060 6927 12168 3345
12832 6597 794 8582 7514 19915 12388 2118 271 4564 7955 17328 15698 10981 9699 9151 5820 7944 2247 6582 213 3291 19208 11339 18629 4967
11561 8921 19501 2985 11045 1415 19914 1395 13832 15964 8971 3223 4850 18141 7218 3610 8884 1529 10276 16571 14273 738 14713 6750 15950 4142
6868 6523 12063 6727 14011 19207 10686 4530 4277 5775 16898 14549 11962 15795 15220 5451 17014 2706 10618 1726 4856 783 4465 14741 3638 14049
4583 9582 14532 8360 19349 11703 9300 462 3938 13708 15648 7628 1967 8579 2711 6455 5884 15668 8482 8304 102 5595 515 16091 13309 13814
13184 11096 14599 13986 15344 5663 15253 12770 11239 2954 12571 14663 17262 5910 19073 2028 8875 9170 4501 17262 18438 13683 8048 18993 14445 12588
6274 2855 18282 16292 3583 19239 8064 8389 15986 11731 17143 11095 19686 7159 9672 8794 8707 9964 1241 2056 19932 14459 2547 18780 3955 8487
12134 17586 2079 3748 18258 10432 143 7487 8598 19258 13289 6148 5312 7935 6868 15957 8467 15603 6145 1002 1654 13277 13856 12570 2359 5810
3701 6162 15023 10443 4038 8170 2526 98 7756 42 12532 1144 9826 224 6581 15580 11720 16409 7730 7613 14085 1458 15454 13152 16063 19374
1860 9734 16963 3265 14701 17136 17155 17938 11409 12229 19780 3605 13370 11721 3174 19477 1137 12711 15216 7791 10254 15532 14530 4117 4123 808
11069 591 19126 339 5897 12887 12232 14224 12204 7305 15216 19815 4562 12400 1518 5979 4929 33 5077 12952 9009 4762 19194 15392 481 9445
19559 3864 6124 8958 6918 8816 17503 3146 10158 7959 17302 3064 16223 11765 4369 9334 19991 5810 3296 1408 17517 13666 12175 11400 18680 15798
3530 9495 1959 8019 1841 3024 18366 3801 19567 16058 12021 11237 17214 84 8208 14138 5412 15621 11015 3998 8196 5809 4611 8527 2635 8057
7847 8189 8088 5726 19542 12492 12647 12873 929 4171 7458 2275 11724 13233 2085 18934 367 16148 7148 15626 9572 4753 12649 5002 13719 9005
3068 4643 7869 4230 14354 9756 11485 14537 9546 9180 8927 8290 3977 6223 14047 832 3638 13721 14174 9041 11068 10644 3320 346 4200 9860
17329 5031 16094 292 16626 7516 12300 3918 545 5687 16742 15349 16862 7777 4886 4110 4647 13380 13320 6727 12459 3279 2138 14016 13983 11899
7750 18335 19762 478 2933 10734 10213 3237 12098 15988 12458 11175 9674 19716 6426 11812 15419 10770 14851 17455 6067 14045 12482 12983 659 19447
8883 2373 11735 16609 3126 19971 4190 7565 16401 7813 10462 12107 9359 8202 13644 8095 19373 2499 16684 12203 8329 2877 704 19953 15357 253
19225 2018 8073 16389 9000 16990 10044 12762 16513 11531 1998 15882 727 19092 19649 2509 107 10289 17617 11881 19728 19602 13007 10272 15601 3005
19799 2160 15601 16432 12795 9961 19291 14937 13459 17941 13580 10492 14380 16276 3769 3865 17062 6541 6525 15797 19752 12679 8457 17936 12712 18750
2811 3203 5691 11956 12150 3611 226 5323 11988 14671 12130 14557 19205 2605 2524 6750 9337 12084 15032 595 19297 4979 19559 5451 1059 593
14677 8209 16893 18312 11340 16419 5217 1386 11339 1282 10319 6416 9283 14562 11401 15368 15233 13754 4991 9748 826 19411 11331 15826 19410 14213
7632 11602 16724 6134 19794 800 1004 6672 13056 8541 8326 4935 12663 3534 3490 14757 12635 6711 11702 19735 17449 6365 11263 14038 6247 12452
18269 15004 14484 19635 11388 15232 679 14095 6814 2599 4278 7507 15600 7091 16544 5503 5956 5310 13998 7411 17556 15559 12793 2502 10145 4437
11220 14318 7894 14636 7321 15832 17096 1581 4462 18147 2293 13582 9407 1610 2849 11905 124 13257 95 17245 4509 723 337 2949 7973 17216
6323 14293 3551 9192 19474 11435 13567 5646 9871 19341 15598 8697 1166 3444 10094 10392 17678 12533 2191 9929 1920 10191 2707 10519 11505 18771
12479 14671 9811 11535 1210 4568 12540 16539 19767 16244 5238 17907 9425 6583 4162 3997 8374 3376 13182 4316 14898 12617 14002 5648 16870 11018
18665 5477 12187 4395 6407 12500 6359 18183 5017 16816 1612 2933 12033 10298 11386 2611 16811 11281 9553 2307 4846 13679 2799 3089 3964 3706
15757 10994 19680 5632 1023 16148 13567 18715 16432 13707 7138 17369 2620 11667 7631 15979 9855 15573 19714 9784 8976 16467 14889 13028 17492 4314
16432 7686 11757 13416 5131 8309 19027 17137 497 8868 11986 17101 14071 10703 121 2055 13295 10352 6092 16068 6098 13625 10906 13641 9428 634
3416 15498 5007 11681 11800 8357 6742 4709 9486 246 19096 3286 2635 3054 15608 4571 9058 9405 17772 14883 14111 13045 8472 11534 8871 8749
1573 6655 18472 10891 10358 2630 4776 5364 5546 9232 5432 15847 9002 15165 2752 8548 2175 17229 16239 18777 7951 11968 16686 150 18483 8058
12354 17651 18240 14898 14471 5887 15276 13704 4060 13828 14262 16146 18436 1231 5748 14106 15019 9519 3494 13099 13370 556 18071 3076 14642 5595
12850 17953 5059 17057 10151 17176 89 16906 13531 5509 638 4555 4671 14675 14984 5964 11137 14861 17848 15182 5620 1351 2457 14474 7279 17026
15218 11549 14045 4106 8030 2026 10769 8079 7089 18276 13239 122 132 8318 6366 4921 11265 11840 19832 2544 6959 2083 3956 17972 8885 6604
18050 16013 12397 11288 903 9236 17530 19716 19039 18594 11720 15606 15193 18477 8619 6346 10725 6190 513 9275 5897 17611 11449 16643 17585 13360
959 6782 2875 12521 779 14267 11491 5201 3599 9574 11964 9439 8960 8820 15578 16437 864 7504 3596 4127 14603 19924 3850 9654 12181 8546
7305 18893 2691 3414 16691 1570 10223 2427 13365 14925 16056 5410 19335 11191 7640 7237 6338 7166 4269 6215 17528 1421 3391 5275 9375 17380
17899 13638 19583 17347 16738 4767 12591 18905 13686 18470 8594 8643 4467 18504 6835 4500 8455 9238 8756 15669 3281 16745 13209 15499 3313 5871
14013 15380 1768 9225 11971 19842 3532 16268 16097 1002 15393 14543 4163 15999 1765 16321 9753 9524 3150 10451 12377 17423 13162 8581 3530 7636
4976 1733 5552 16826 16196 3861 4497 1713 10831 14303 6117 13367 983 2391 15853 13862 2369 17198 16433 1826 9978 18700 16277 10106 18446 12492
9557 5521 1933 6367 10896 4912 4504 18676 6767 9233 1827 10490 8146 1330 7372 14820 10414 3498 12042 12671 3984 15571 18786 2067 11687 4622
2454 9472 9232 4437 15969 7398 10150 10659 19224 13585 14104 3103 6796 13748 4940 8171 10748 8952 4766 3127 18692 10488 3685 3236 11165 9996
7328 19581 6888 340 19714 17093 2109 11580 15578 5662 59 4367 15033 14456 17431 5918 3716 12425 136 14592 7244 14020 2504 3247 8310 14444
818 10556 8758 2559 11866 540 15982 4256 18884 17113 10591 1977 12606 14793 9263 2297 5407 18102 15555 7797 5860 11168 13943 1973 5820 16237
15725 18464 17478 813 10797 3563 14643 13978 16438 19719 7766 14789 7990 7613 10911 18837 7591 15346 18434 10749 13192 19005 4463 4604 1748 7986
5303 18800 2463 15967 1614 12953 6538 13244 1086 19995 15689 265 7325 4194 6320 1627 19370 4130 867 18136 13525 16452 831 5129 10028 14930
1373 6745 14208 13951 19668 10935 3144 9286 19102 19890 10191 8763 12665 7914 2878 9742 18014 13007 12694 14040 2472 12618 18828 18862 5596 4638
8931 18703 5388 4898 16862 16383 17340 2319 17901 7735 7720 1239 18159 2485 3149 4577 18621 19583 17279 876 16735 4513 3942 12034 7528 180
4285 1818 8302 18976 12203 14595 14607 13796 4999 98 7281 16563 6475 8437 16471 7560 9015 8369 1767 978 9379 12943 4274 1494 7048 8404
11260 17720 14587 16250 16426 15319 15225 262 18676 14189 6693 11658 1385 14718 6512 9319 19475 19812 8692 18773 8529 19787 3843 14914 7576 3098
19595 13327 1090 18715 6398 7129 1644 1162 16375 5856 12945 5534 12139 996 6868 16854 13028 8165 4357 4854 5078 3101 18426 8389 13802 19823
16040 2365 2448 14596 8520 12915 14981 3179 18030 6228 16342 12881 12089 10441 6906 15894 3973 13166 7680 14754 12419 12282 15235 4462 379 5437
19663 14540 7191 8723 12722 13258 16319 9085 1209 4778 6731 6992 1407 8975 18921 8266 18635 7284 17283 18580 13443 11782 1949 16263 2319 15957
17441 19813 18358 231 1315 7876 2237 9146 8467 9640 13295 11004 17238 841 1509 7438 10165 9721 6266 3028 14672 19435 8521 747 15757 3933
2492 1556 1850 6970 9970 19714 11440 12835 5524 13051 8188 2285 5252 13353 17645 13020 9360 344 4143 12249 5762 10956 11900 18731 11338 4089
11914 11466 9379 9589 1040 776 1909 10521 17692 14989 15242 631 16723 4836 14080 15830 2464 5669 7072 15690 8998 17279 12098 1410 4868 4314
19950 3003 12827 5701 8436 14507 5146 17077 878 2583 11496 16002 15465 10766 10836 16604 4170 2088 18353 11781 19514 15317 12128 16671 5687 3236
18648 12649 17801 17298 16096 13082 12043 8451 10463 9196 2012 3416 18334 1847 10827 14678 13265 19137 16073 3430 17335 12685 10032 4118 9737 4728
19795 15853 4329 17936 16015 12401 6425 347 2067 17179 589 16070 14835 7004 11178 3951 2075 19755 12730 12559 3594 17687 10048 1417 3667 9458
12047 1769 5874 5170 800 2394 8554 4926 8575 15150 15216 18345 13509 16961 17437 18260 13831 12318 1380 7471 5979 18332 12584 9658 10022 47
3119 14043 4005 18683 14462 7945 2642 16148 3127 385 13441 16797 10753 3555 4315 19481 1652 17288 11424 7000 12813 255 14867 5780 7010 12515
12678 4888 16094 17697 331 8093 6824 12465 1691 579 11629 13342 3143 9774 14106 16779 10884 5056 16969 6058 11585 19069 19034 7558 12837 1950
1085 9488 17630 19171 1670 18216 16000 2442 13328 12099 13562 8861 8386 5752 12180 12694 4783 2763 12388 18356 12928 7349 6914 10340 2036 1749
11627 715 5031 15574 18178 14039 901 1883 5756 18495 902 5749 5642 13544 3310 13132 2761 9826 1054 7607 13697 13727 16864 16645 14922 11766
660 10913 1270 10807 13814 1520 10128 11197 19362 1426 7976 4070 910 14320 19628 13436 3279 12438 3528 5268 1208 15554 18521 2779 18360 2400
11750 5741 15361 14737 6143 3359 495 12730 1609 4056 2531 2059 12733 4812 5102 17110 1487 13157 13863 14427 2681 9304 3488 256 3993 10913
1537 14432 1048 6908 18619 9214 10364 11917 4096 15385 703 6020 16888 18369 11900 13385 19365 11156 16491 1497 13336 3020 4743 7376 7095 7412
11 2675 6417 3174 2884 14337 2704 10142 12937 9652 14609 950 15263 13971 861 10612 15978 6995 8055 15796 7357 10312 3981 3205 17212 14480
8429 14669 16465 3692 17760 16488 1058 14468 2772 1024 18747 4965 15843 6003 6954 844 6889 532 196 9424 6032 6845 1057 13009 15099 10286
11702 3192 15590 12667 254 4811 8805 15740 1463 19832 2649 13542 4857 11500 11494 9276 1276 5927 17561 12577 7720 16351 8282 3352 17099 12770
15105 16648 639 17292 8165 1485 14174 15837 570 4393 1809 7241 15614 516 16555 13683 11670 18145 19370 4991 11394 10629 2266 1866 15817 13010
13507 2301 13576 9747 2124 14410 9759 979 6917 6518 18136 10787 4829 4809 15571 8775 8304 12430 15160 3582 141 13768 16384 285 10628 12793
1096 12652 7054 8577 7188 19065 10147 18815 12377 17092 7471 3262 14469 2214 7977 16433 9492 7155 2457 11553 5972 8325 6753 18759 10227 17532
18999 2429 3119 4172 10750 19109 19216 19044 2608 10508 5875 5648 15944 3268 5908 14728 16259 19159 8227 13649 17794 2327 12625 15599 12085 9008
13066 10055 5245 9505 15379 3634 18828 6127 14203 1580 16509 12821 12893 16041 3281 9883 16045 6213 15782 11608 6122 8000 14237 15778 17952 17124
631 8383 17590 14138 630 8076 10370 6504 15426 951 9991 19481 11117 10431 7439 315 8740 8833 19842 2456 9680 11428 6406 13060 19534 11120
13385 17533 1774 4694 5018 14554 14928 18382 5656 6964 7548 5288 9971 13819 15846 11739 2572 9238 12244 2017 6756 17662 17395 7773 6628 3525
7306 4965 9848 8147 19712 19006 17479 12403 18732 5382 19591 14532 19609 10281 7358 17579 12039 9 4369 6222 10322 10271 4090 554 18635 4285
579 7713 12843 14716 17811 1473 7046 8934 5191 18865 8373 11434 19159 11073 16998 16508 1555 1669 17533 18752 12081 12866 15846 10235 6402 10963
3193 3704 16554 13722 6939 10222 149 507 16518 16069 799 5042 5008 5858 3591 4453 4570 17806 1898 10010 19005 18029 9519 2887 8262 17670
12182 17810 9937 18618 4741 11726 10507 15 1997 5561 11334 12610 5279 15669 13322 3652 14956 3765 18661 16702 9867 793 9788 9406 14905 12732
1138 1308 6829 3353 11003 1636 14204 6483 6625 15367 15345 19525 10278 598 10271 17714 12405 9879 2357 380 129 14233 19318 12141 4920 3115
19835 6967 14455 5328 8569 17502 6238 9170 19124 19442 4689 12441 7149 9127 1305 4536 1235 2174 10170 14972 16432 3736 5822 15450 3731 16655
15504 8861 15603 3255 11669 13671 10954 5301 5655 5169 16453 2503 9552 5803 17021 3180 9971 12185 3736 9962 17071 18645 16598 16590 261 19549
14144 6470 12098 16154 12941 12764 16578 9739 15542 16680 15666 19623 14273 16199 9670 711 3366 17742 4009 6281 4924 3637 7637 10003 14080 9101
17733 7719 13214 4814 19658 14411 15289 3843 9001 4624 5025 14293 14923 6520 14398 9719 2115 14466 14284 15911 14597 1905 7542 9336 3817 12781
1602 1661 10210 8951 19059 9068 56 7553 3512 17440 942 12686 2218 2968 17380 5903 14699 5546 9125 10956 11007 9170 2592 13297 7887 3589
4661 10202 2733 16279 3108 4349 7560 15194 15687 10264 8521 4604 8386 15323 4151 6910 18540 2251 18274 16764 18878 5644 18310 2096 11798 10173
13579 12839 7104 5867 15250 16475 8350 7891 18444 14431 9072 6080 9814 16163 10934 1383 16158 15592 16268 8556 1889 10402 19960 5601 12428 9358
