365
25 78 20 17 96 37 7 7 30 18 16 84 9 31 15 34 96 31 39 78 47 55 6 70 32 44
10468 4993 6840 16028 9885 13466 16873 15447 6393 12290 12170 10540 11501 13071 756 19205 3085 10034 19912 13413 5892 16217 8957 4002 10254 12781
19097 2148 15354 4839 3475 17524 16494 13185 17193 2138 1336 11071 9324 6067 6277 7398 15161 10191 11969 15744 8567 17075 19032 4618 7390 9209
11712 2599 14853 9626 6120 1512 18467 13227 18428 19949 17739 6963 11832 15169 4748 9606 7174 14147 10572 15818 16489 17232 7177 9309 18692 9934
18045 3248 2444 8421 14200 16469 1260 12546 11870 17847 13983 10818 6816 12153 1081 7387 19219 14347 4571 2352 10482 11472 3827 17120 11126 6080
10061 13304 4503 6967 13768 4290 411 10072 5101 19688 10410 15727 3722 11521 12078 15367 4655 9985 9060 8147 19904 19406 10710 13338 17985 2867
6368 6026 18858 15341 6815 8768 7337 10604 19691 2826 5630 9621 19571 15559 19587 537 17031 15568 10307 16379 12137 14463 1797 4862 5110 19919
15762 5953 9468 9198 16665 9462 5804 288 15244 8626 1340 5139 678 10006 12215 18892 13612 595 3685 5507 17599 8214 3321 2110 10883 18395
2924 19918 13440 9095 3943 5703 3484 10539 14105 9847 6156 3107 11936 616 11527 4469 5605 15272 964 17748 8777 19376 3531 11586 15743 15790
7132 872 12943 12029 19924 13058 6986 4681 7430 14834 6442 18489 6206 5603 10306 4436 13527 18881 18244 18687 17965 16480 18663 2807 9891 7031
7303 16112 11761 5447 16006 13010 16153 8971 14175 6539 1891 252 8536 6259 12854 6738 17938 14314 12608 13338 12613 6896 2015 12956 5189 426
13310 16825 1206 18026 15080 12247 15380 6369 10773 4329 10110 11711 4089 17445 12393 2142 3943 7188 15134 367 6900 8835 18067 19088 8737 12393
10976 10214 2394 12912 6682 9081 9394 7678 8567 15279 182 5682 19505 5479 6432 14878 12179 9303 2070 17358 1447 15625 986 10064 15239 10140
16966 7004 13021 19905 4991 14557 3152 13857 17481 389 2395 3173 4781 11197 15725 10603 1111 17927 8661 5892 6224 1688 10689 19292 4534 2396
11902 14289 6462 13057 7401 8198 10457 14714 9841 6330 13263 19353 19678 11106 6032 11810 10762 13509 17774 5999 14162 13314 11994 13440 10683 8970
19069 1889 631 13751 12318 14202 18815 7874 8311 10689 13357 19766 13834 8930 14641 6150 534 1600 3077 15448 4673 154 14155 11163 16659 9573
15310 4737 7634 10697 11669 9803 2167 5508 17272 17723 18840 12657 866 9467 18968 15560 8990 8148 9699 6052 18669 3882 8459 11780 10044 6699
14069 8837 3976 1282 8462 9086 17977 10030 7331 16513 19244 16453 15394 17275 2311 1286 18304 15438 1817 17999 12799 9764 17069 4000 5519 10990
10019 12528 5654 15558 3111 5054 437 9175 8383 7866 14322 3175 7552 18296 16349 4891 695 11236 6322 5139 18631 19713 16474 6994 9112 15765
13867 9599 14130 19258 17896 15506 11005 3171 14440 872 17342 19216 18638 18841 3755 6103 3967 2571 4493 3137 18430 9695 3926 12498 7329 11872
1231 15757 3744 1143 834 1446 711 17164 5942 19422 17139 19068 10500 3429 3050 17640 8620 14244 8538 3914 12247 4472 2415 17939 6119 7150
551 11602 14260 13752 17707 10412 4216 6924 16638 3400 983 14999 2156 5144 4622 10859 14443 2041 11595 11620 14265 2725 4020 7554 18418 13366
5482 7389 13072 10003 14289 10577 1633 590 8459 7393 17776 9148 13572 8167 7907 17301 13031 2342 12548 18450 7106 11175 2008 7523 7638 1605
31 3275 15826 18134 15216 16780 2861 11455 9514 7742 11845 12550 18738 17577 857 11681 13029 841 18906 18655 16427 3299 12920 19534 8931 4583
11018 12714 5162 11573 12339 18307 16131 2841 600 18501 19442 5914 18590 12371 748 7493 6645 1583 19457 16116 3419 1814 11601 6109 9334 7032
5950 18933 10138 18976 6970 16350 15572 11089 12922 7387 19747 14368 4778 13680 3522 17254 15983 6883 6816 13180 7359 5993 4617 8757 9946 2961
15747 8968 9010 8392 7912 14135 9378 10933 19281 12469 14606 14687 17315 14636 153 3798 11348 1580 18943 17326 8843 18615 8724 8527 13128 19209
6201 3684 5813 13426 17928 18022 8497 7534 6582 18573 2846 17538 17262 14850 4532 15464 8530 19374 11103 1644 16459 3834 10364 19301 119 11834
15506 10022 12973 13452 17331 8396 19554 10220 549 542 12419 15150 5315 2832 7782 14689 6703 12359 11296 5078 2618 2751 10589 14975 6339 19878
1580 14948 12930 13828 10016 11922 5734 13103 2571 19197 15146 5562 9731 11886 9124 4063 14724 832 14621 6725 1770 16562 135 18332 19936 19049
7152 12544 2268 6900 10793 17417 4695 9059 9530 16805 16739 13596 11496 17448 9470 5205 9009 12816 11737 9256 17038 17271 12729 13536 17842 14790
9713 16242 11855 8094 3166 3293 5818 14626 3402 2760 6853 18523 6267 7959 12455 19909 7668 15448 241 4714 9922 17447 1966 19504 12619 2840
4507 2466 291 6830 17586 14061 5492 8957 3611 16678 6045 19069 1435 11980 8843 13705 7019 8801 12541 13640 10437 9666 4122 10255 3202 14430
1634 18316 7216 7225 1697 5901 4953 12912 11006 1287 14363 1837 19053 18562 14761 16437 16407 15311 1325 13156 2629 18327 2038 866 9449 11749
2289 330 11251 17605 10531 1621 4511 10057 6049 4263 3585 15105 14879 10024 12747 1520 16294 13546 5792 16403 3612 4462 6879 6003 15329 5954
7350 17560 1635 12500 1284 622 15468 5116 13440 19951 14096 10136 10568 237 19146 7438 9467 12422 10563 7864 2152 12109 347 1170 18821 14740
8644 10442 2546 6183 4122 7441 5030 2711 2952 2089 19323 18888 15786 15526 15624 12250 13242 9237 15554 18965 17387 8179 1521 9021 19512 1496
14316 9623 11182 6287 5995 8217 13655 4853 13002 10282 9764 17846 11174 9158 14449 8842 15133 3123 4946 7551 969 11000 15482 19259 15130 9967
15561 19600 2453 8070 7247 4273 18377 15806 532 2676 4468 4900 2414 8117 1731 1010 10260 2600 19742 7939 16181 14427 11992 8363 3339 4359
10925 17195 19999 3231 2556 7854 15989 1272 8300 1547 15136 12772 9050 4384 13750 7468 102 17249 16132 6183 16907 1159 7966 9400 17392 2641
13752 3096 5 6401 1803 13153 5243 12913 4690 11962 4160 13317 18187 13100 17208 5787 2123 5147 8705 17841 18104 12617 705 3611 8967 2804
2609 51 6202 9157 13873 2873 14034 18009 1062 2047 2411 5653 12096 1920 2180 5332 755 1439 4364 8168 15335 4956 9494 2471 3142 7617
16040 13516 17396 16471 16706 16739 2768 5369 19654 3061 18780 8531 9467 8258 8538 12881 7332 12601 2569 3713 9255 3581 18872 9853 2981 16557
18332 17229 9875 6586 1373 2588 10608 15561 7691 7534 4607 3786 11905 4987 16409 7271 5347 12015 9043 10830 14454 5019 16480 15646 13676 1498
18239 2304 7363 1620 8233 4029 2281 8711 11218 15717 13053 16489 3777 11913 19217 17594 182 9258 2058 1851 16393 2706 14414 13539 1594 18219
7150 8110 1664 19103 8156 16015 19476 6847 2698 2848 3046 12476 19177 15987 3322 3933 9258 6631 1805 10203 10950 1962 6740 15855 3254 9522
19153 3670 7702 7916 10038 6436 2724 14053 14471 745 18586 270 7248 12834 12095 3074 2293 2031 1023 11588 950 13037 1807 12019 15065 15760
4016 4479 19179 14579 14130 14314 7950 16457 13275 9374 15579 8151 13062 4990 793 4558 13530 9404 15537 807 17915 15016 7707 17239 9782 8398
13305 11979 14103 1318 16579 11848 10198 1856 9445 8232 15479 2878 17891 8155 5303 18904 19449 9645 18713 16818 16940 1422 18459 11627 7228 10852
14156 13333 4191 10732 3762 3578 11350 3818 5310 5939 16440 1400 2660 2281 14711 18010 1518 2580 8579 1826 14914 8793 11312 3748 5720 12961
12813 8194 12953 15690 2793 17545 12524 382 8105 3466 12224 2284 18873 18536 17312 9035 6387 2133 1904 8006 8555 18678 6050 7979 15700 10924
13946 10481 17095 7176 8306 5815 8294 10906 5758 5260 4321 9788 9480 2944 4663 5691 11399 9180 19361 1347 6433 6932 6839 5059 17089 4977
3337 18297 4514 18922 9192 13044 19100 8740 14902 11764 5084 19279 19138 18363 6668 5817 10618 4986 4719 6352 3955 477 3644 12736 7734 18439
8596 12437 19982 16051 17765 2845 16768 3219 11728 5918 19384 6212 9121 18142 8832 4344 2214 16533 2767 11093 3501 5087 2759 15445 10109 5235
17304 4326 12869 793 17744 17329 18305 19788 5734 2332 2677 16995 4833 7406 5552 13804 7967 2864 19074 12241 211 6690 17071 8229 11015 8062
11567 11146 4298 10940 16419 16919 8569 9442 2162 16987 13044 13063 18230 14835 16204 5078 15426 9254 11506 12904 16094 12322 18114 15058 18019 19036
3334 2533 11378 8647 15027 6356 1962 13050 13607 1356 17353 11915 5302 13736 9521 2633 19403 6866 12790 12562 9230 2475 10865 13756 1027 19178
4498 13436 17328 9088 16978 2377 6379 2231 9700 1376 753 9137 2540 16259 16541 3001 3183 13834 216 2844 14749 2741 6803 13286 8461 5278
8358 19392 944 19916 15344 3917 18364 18607 5988 12798 2565 19792 10730 13118 9759 5674 7512 11269 11998 13537 17166 18803 17558 3818 14189 8143
15961 8199 19469 15431 12762 17688 14118 14236 5345 10350 731 9755 6364 4461 15069 15825 19310 2699 11779 3584 3501 1556 9975 15332 2220 17110
15305 3537 3343 18510 656 17018 2829 2460 3009 8407 3345 19764 10416 7638 15655 3286 16284 18836 7089 1187 111 1529 198 6353 1139 17220
15935 6754 7778 12819 12519 14733 1158 3428 3798 5343 4391 9227 19830 12696 15449 8530 16978 10125 0 4142 7699 17159 13601 4226 3865 15423
9926 1521 12166 12294 1006 7970 2188 12322 1000 11272 4963 1758 1758 10569 9529 13671 17175 1692 1222 17270 2304 1347 5235 16589 15912 12196
19530 16034 8963 5099 12222 18322 10294 15573 12455 3768 233 9146 6324 10289 17177 13223 5766 3214 910 13853 15737 6429 13928 6085 18709 2074
533 17049 805 4870 19617 85 12478 4061 2265 12274 873 9364 15721 17892 18392 13833 14670 10110 8567 9318 17761 15390 17023 16418 14602 3728
8100 153 2431 3106 6617 10250 6928 10586 5439 8500 10496 19759 8499 14482 11748 6257 14554 10971 19529 16012 7027 17992 10465 17374 13112 11219
5164 11942 3591 13164 14860 16699 4445 9428 18564 12606 14872 11333 8422 5994 8028 19426 1116 14285 15584 14209 3868 7733 1350 5280 14142 15020
17862 6226 4573 8480 3220 7905 5939 16216 9292 7055 13895 19287 5987 19995 11015 15003 18149 40 11962 16432 3617 6962 1608 16420 5699 10998
16273 9756 8420 3365 9081 466 19296 1005 2226 11073 4800 6783 17487 15737 1420 7921 16584 10650 6289 19017 16996 5326 9723 7820 17525 8100
9044 10846 2802 15707 3535 11531 19168 6556 1493 8440 1903 13022 4513 12784 5014 4010 18175 18198 4440 10228 11429 14574 19283 1457 6962 899
14080 19732 11199 13217 724 1269 18580 13971 9913 85 17713 15428 9127 4507 12930 9079 1162 13373 14926 8707 16989 10338 9685 1334 412 9770
8561 7906 697 11763 18497 9408 270 10299 66 545 12200 13563 16595 1819 19569 10983 5827 12821 8285 16579 7929 15855 13661 13641 938 11548
5413 17712 5232 4719 14035 11474 2534 17192 16304 19421 9414 3668 7233 5669 10416 4948 540 8237 11061 11839 4952 88 9310 8447 18623 15011
9438 7536 10001 16250 14381 3105 19812 11225 2866 19431 8077 19903 17288 16350 8807 17499 9815 1867 13219 15378 19994 13341 5104 17313 11189 1316
12184 7033 7644 902 12024 15831 3178 9245 1503 11518 4541 17778 12518 3167 9266 871 18543 16182 10229 147 12843 5035 5200 6395 11387 9542
11069 6836 7691 4208 2142 395 2518 10302 2439 10978 14993 3502 2783 14913 15425 18577 11083 9062 6978 11702 6361 8163 13972 12707 14027 4153
13795 15311 4342 15484 7849 17810 6652 6717 3539 2486 13603 2833 920 9432 2904 14810 16823 7101 18053 8159 18639 10921 7776 18601 15916 13140
148 9804 6222 17231 19939 6975 9456 16584 14504 10563 4827 4772 10895 5621 5488 5505 10562 8805 5362 3792 9526 746 769 17693 15426 13427
17406 17617 7206 14388 3207 943 2518 4021 774 693 7854 12511 11821 9531 2900 1253 2300 10200 4098 3780 17562 17751 18692 1130 2759 3828
4332 13504 9043 6404 4705 19662 5856 1307 9204 6251 12036 14659 8915 7728 471 18947 26 8158 6935 3370 2659 13141 13106 15856 5658 5912
2315 17911 16880 16045 9417 19610 11829 2878 17911 19879 17508 18176 13792 10963 9787 6330 15574 2008 995 8399 6818 16942 6881 19934 9072 10170
5135 294 12334 4443 14986 5719 17423 16035 13645 15836 2553 19814 308 5229 1378 7025 19917 13344 6744 19812 129 6928 4508 11830 11439 9828
5854 6301 13060 16693 11319 15872 369 17070 12661 12309 14158 12038 7722 19227 11705 6151 10076 8327 17662 6899 7172 17497 11898 15879 8106 3539
18716 19858 19001 16408 14691 2486 7356 11437 4427 3480 19697 18955 15103 1008 4717 8664 4026 244 7504 17562 15844 4531 8951 3276 14857 17675
592 3735 14090 5683 16548 5444 14273 19050 4061 8428 18534 16073 19534 12877 18880 18626 15410 8859 4217 15568 1356 1272 13368 10271 5576 11129
16602 16483 12665 13729 3213 8501 12811 11284 11436 14396 16212 361 17121 4417 15829 3848 17021 14305 5800 19955 6925 7921 481 10460 15094 14008
16667 12788 1153 2428 1722 7354 4506 4064 5711 8004 13653 3233 6631 8149 6714 11730 553 16985 10378 10381 4113 19727 16236 3701 8550 2651
3257 8002 3042 2626 2832 6630 3300 320 11584 14472 14505 2473 1242 8473 19306 17837 10793 8980 3023 981 3384 4171 15434 18273 11581 10225
6794 15254 13989 5370 11980 7166 9698 14176 16927 12684 3455 6605 16511 19574 10503 16711 17621 13113 12115 595 12029 372 10942 13376 13885 13202
95 12809 16815 18193 18792 17615 300 926 2651 375 343 15342 11979 8272 2658 5590 8231 7904 9338 15392 8455 4129 12261 17701 7620 13676
8238 1385 19825 4117 14420 14992 8463 6961 6611 4624 12313 1858 11044 18830 794 4221 659 15083 17013 15964 11368 5423 6313 1920 15875 18446
11621 18362 10443 267 19005 1454 15086 14740 2875 10052 3805 8804 16408 760 12714 10215 4805 19264 8310 15927 7494 7890 2592 15869 2015 15372
5694 4809 14643 12667 16809 9960 3336 6692 3486 19911 11302 13404 13515 4355 5393 16851 1754 127 10866 6978 10227 5816 16108 14442 12142 7480
5694 16290 7520 12852 702 1635 15087 9628 10394 1505 16640 7100 2263 3440 6413 4544 10716 14356 12485 8033 7112 6073 11468 9415 12313 7402
7768 5476 104 19510 18048 10235 11803 2729 9940 14888 9896 5848 11701 7933 16150 2420 8121 11068 4055 14904 19703 8582 7075 14853 6030 7804
14875 14483 18847 4749 10533 2821 16549 2232 6862 9746 19199 16241 7567 1077 4329 8606 2834 9357 16230 17222 856 12719 11754 6275 18568 3554
770 2046 10421 8042 5326 5493 18288 18388 17557 10521 11090 19305 11821 1967 18721 12697 3259 4420 11386 16808 4276 15467 8839 13626 19814 6444
7263 8868 13702 15889 13021 7933 18367 8860 9462 19636 19225 7232 5705 13702 6552 1343 4978 614 3392 5224 1087 13167 7220 17175 11227 6859
10649 3177 9221 11791 12572 19558 11455 18219 16903 5343 9976 2880 901 17241 181 14283 15976 14732 10391 4712 13592 13839 11258 4630 12569 3956
17619 9698 16738 12839 13879 3641 1977 9767 1488 8899 11146 15400 17087 15504 14663 17375 17107 12960 566 1282 15499 4503 17044 14062 4891 3219
11966 3359 7306 11762 18438 15662 12182 18190 4287 11016 9531 2731 12038 4315 17641 19136 775 19309 2335 14760 15511 13058 14187 10946 4069 15397
16974 14716 18325 18249 19063 14667 14036 12354 13535 12607 1826 19772 19067 12146 1324 18546 8210 2485 18250 793 1019 19594 12311 15686 19863 19744
16115 16924 2138 1700 4680 2014 9415 3074 7786 2299 17818 8079 15234 13075 2338 8549 1905 17017 9473 1894 16228 6191 18135 10435 7729 18188
12150 2296 18439 16488 3106 4010 18191 10222 8725 13500 5750 1734 3642 13062 11196 3793 15268 15331 14812 6855 17689 17162 4195 18409 12231 6502
9284 8228 5458 2969 16336 11885 3512 9879 19810 17174 6394 12115 8382 19954 13276 16107 11927 13421 6002 7922 10301 16371 9365 17806 4992 15892
12706 6171 18695 9109 19910 11018 3682 18045 18381 6561 168 17241 4000 7736 10218 3339 3892 3441 19896 5860 619 9115 13288 5948 18173 16049
7215 18736 15885 2325 14391 3980 2259 11884 2070 12083 17037 18322 3022 8786 7904 15048 2905 6063 10470 2087 4026 10924 15723 13478 1476 11422
2312 6500 9422 12196 11127 14555 4068 18989 18938 14872 2227 13152 16223 824 2044 7585 1440 10434 12161 19092 5944 5256 7177 1421 15093 4330
7597 9390 8736 13609 6882 14443 5783 2913 14367 12353 10999 11552 11972 8103 1567 3489 5062 1118 14071 7958 6884 10881 5520 15364 13456 7149
15108 8256 14098 13790 13762 11551 597 11019 7957 4037 4393 11093 9306 13242 8283 13237 11314 13049 15636 17913 16937 13557 595 3143 18309 5992
910 5567 8580 16745 8636 10318 9122 18480 1962 16109 13739 5013 19184 11834 11198 12398 1811 8053 10799 1939 13381 16180 16371 17698 5514 15741
1904 18779 16940 18513 18300 16332 14176 9684 12408 15632 5293 2140 2094 9019 18952 19566 12574 4181 4451 19121 2391 11235 5340 6356 13182 13730
562 1642 3532 16133 3599 13715 4374 3044 5870 18196 19177 11724 6548 14770 5064 17831 2073 4238 16158 17211 391 891 18678 4583 544 19092
3245 15594 13178 2100 13876 18381 15798 12450 7487 9859 19878 19400 9104 13287 4287 14760 17702 2128 9875 10347 12670 5670 13478 16210 14837 1257
2988 19762 15565 2194 2555 16454 6914 19021 7831 4253 14746 10305 815 13699 2169 19065 18914 11599 3658 3332 12438 3547 1839 15173 8136 5381
14559 13129 653 4382 17409 3110 506 6853 15966 1309 16345 6909 3482 6485 14937 11279 8737 11529 11175 15840 223 9206 16617 9964 8053 13733
18140 2133 19717 18033 4641 6103 17952 658 13512 11608 18119 13830 10519 12936 14966 1114 2262 15764 10633 8230 15130 2855 6980 19700 1231 1560
16681 16436 10150 19389 4850 6163 8617 18468 9986 13955 462 11539 9653 6467 12456 7678 6298 11258 5320 6049 8588 16388 9204 8517 2111 297
1435 699 3820 14469 12618 14283 8221 12394 17796 11885 3140 14410 9152 13760 5754 1749 19990 12384 8842 9185 11658 13096 6846 9467 537 4938
3198 3163 737 7695 12640 11997 18954 13476 9913 10113 10632 4379 14065 10774 713 12347 193 16353 9868 7286 13538 1973 19652 10051 19901 6672
3456 12193 7869 13145 6377 14162 228 3718 3234 10205 6449 3972 12214 5516 15788 14205 13253 1210 14797 6661 7881 1897 14464 13207 18865 4348
8576 4698 4643 17527 786 9225 9799 18051 17154 8500 18816 11546 12198 5471 7522 7916 11327 3259 12613 18152 17918 9283 3025 10561 533 18400
6312 4871 13015 8567 3888 10458 18940 11696 6478 5511 2270 3687 6834 3995 3255 18528 1037 18469 2803 4292 15689 2656 16363 16825 13852 1145
17489 3728 13813 7183 2647 12264 638 15435 891 2499 1286 10936 2708 2727 5982 18758 18214 9938 16335 17819 4379 5207 18116 17586 11525 10241
5730 1812 15830 12297 19710 7044 15195 15767 17788 7697 3611 13250 4996 2079 18494 9283 19957 17319 15298 18617 3471 14385 4859 1464 18695 2205
7605 5989 7440 10014 5104 16011 14997 6592 17270 7436 6059 4081 15874 1099 10195 16720 10730 4097 3517 16154 31 5188 3284 8099 5241 18531
12852 8361 15421 17541 11618 16490 2312 8693 1354 19036 18104 14866 18139 1386 8281 13379 1754 12922 12505 14467 8473 10733 4151 19525 16362 16375
3740 10353 17910 4546 8057 5815 1999 474 11401 10975 11931 5065 12281 6050 12332 16331 11386 14738 15344 9212 4926 14967 1782 15316 14755 19131
16467 5743 6108 17573 6307 16951 3890 12285 7218 807 2808 4279 9819 14501 6515 7269 8221 18108 9154 17578 2672 19906 6908 5185 5708 16916
9617 6501 14926 4152 14842 6850 15613 18305 15878 19280 9467 11802 12682 1238 12518 18526 12852 3486 5093 11161 1664 15467 1677 8168 9157 8070
766 1228 16691 466 17325 9697 19331 3616 15612 12877 10309 3127 17151 14644 11238 19242 15892 11040 16434 12231 17455 1264 19529 5420 17365 10985
3572 10571 11330 7075 13920 187 14399 8140 1197 16254 19067 745 13316 1176 19739 2242 2992 114 10516 2011 17896 10992 6885 3126 900 18240
586 15200 2939 1143 18845 14607 18469 14942 6879 5607 4832 8464 8113 5342 15676 15352 15505 18763 15115 18547 6640 15952 18454 11624 1806 9093
3556 2379 2832 9 11331 294 14663 18811 13186 14764 9821 7452 19675 4548 5058 12969 6526 14171 3690 19747 11935 1357 8401 5754 5498 3279
17171 11454 15872 5581 19036 17407 18531 15003 19689 6740 11734 11371 3123 17291 19498 10731 14702 520 18877 8942 10393 14745 25 3513 3399 2850
17892 12482 13841 10645 5397 1990 15969 18859 7231 16258 7269 15492 10994 19933 9245 17647 16611 5306 7164 2153 19065 19876 7102 4418 18955 12758
337 356 13047 9462 1205 16842 10248 14012 1550 12712 17058 18204 18665 15520 14816 5683 11500 8986 1541 188 6795 1586 8061 19997 17337 9552
15556 3892 14460 17357 5237 9612 866 8751 13405 9199 15021 16796 17247 1607 4133 12538 4750 18814 3216 17612 2614 18911 15870 18248 6531 11514
14352 467 5048 9686 19716 5036 2548 9746 2020 2591 2123 19707 15128 10353 1771 5010 12795 16322 9038 12595 3714 10442 8206 11079 12864 7530
3895 4565 12536 9605 9122 19805 14715 4139 545 3990 19692 15537 7280 9104 3182 12152 8021 11865 15354 6256 9833 3556 16058 19831 2283 15885
7050 6363 10374 15062 11483 8143 18001 13857 2692 5845 16040 9865 12518 4600 5992 16839 12982 15272 18186 12471 6492 4054 12642 13867 11427 18114
6909 19527 16028 15118 3148 3447 7057 8071 9379 10317 7531 19436 5910 11686 2159 2117 11049 12862 6049 1308 15650 1298 16759 17622 18519 13314
5050 13762 16724 19272 2759 14937 13659 17160 6732 18915 14874 17612 7005 15840 10497 10566 10743 2191 2973 15009 1283 9479 2483 9569 18152 15572
5847 13239 12013 7967 11054 2496 14208 18502 12956 19648 9890 1384 4161 12179 9435 16339 6780 15045 3754 2615 17615 10459 9215 8123 12105 17099
1553 19429 4657 6182 14594 12788 5464 2171 3481 18279 12480 84 19101 15707 1278 887 6318 19183 5335 10559 19208 14303 17666 14767 6815 13331
1910 16576 6907 16966 15180 4529 9362 2039 11055 4302 2698 10885 13532 4577 18881 18811 18391 12182 5065 9085 17713 14154 446 9007 6663 19904
14121 14863 16727 5163 13423 15643 9094 183 8351 16739 7294 17197 16096 17504 18963 14683 9093 5818 19894 8569 7221 12914 17892 14632 16041 8187
8605 19531 13990 8819 5432 5952 14092 16011 11239 7268 14011 4012 1851 9282 15642 16843 11575 3391 3298 6339 7087 8551 9832 13460 17737 14355
9749 8132 3744 19600 1426 3831 12041 15186 30 16139 5378 10848 4074 12105 6253 6297 18042 16321 17618 8943 16747 16967 18627 12295 14942 745
7236 11144 16187 11517 14764 2544 3335 10995 6930 13046 11218 1576 7156 5085 12070 13479 18195 19202 12200 1963 14919 12359 1783 14548 18666 6529
18150 13534 11946 7349 17348 15875 14735 972 14175 17407 3144 1894 17144 12598 13054 4964 7075 991 12981 2386 7230 15388 1549 8112 17410 14711
7224 8953 9978 9142 14291 12131 9070 16728 15037 2733 19 14247 13923 10661 19387 3836 4159 7307 17840 12787 16263 16521 9639 3850 13685 5993
6401 5889 18732 8081 15283 17700 7156 18956 14086 5381 277 8956 10336 14154 11916 19505 18021 11219 3062 3015 17776 3400 7436 2954 11395 9073
18019 12630 19065 2803 2788 327 16145 9281 3169 10774 3485 19293 6553 1069 6792 5557 9318 17808 4434 6573 935 7387 3434 12230 2297 4756
18034 8448 7244 19885 10464 997 18663 12331 1482 8810 4562 16038 16292 2469 3796 9804 10272 2055 5662 187 1468 16056 16125 7904 7218 14269
6828 11964 12193 18476 4927 13594 10504 3761 13859 4972 10791 12493 5858 17519 19498 9569 12723 9070 14381 11153 11184 268 3907 143 13365 13998
11600 10063 8936 1135 18526 10081 18655 15265 12104 3986 7047 4998 7415 2939 12840 19981 119 5078 1374 8460 4609 7647 4125 6982 19568 16321
18124 17019 5965 18881 12600 7378 3766 12613 3039 6707 16489 5843 8853 1643 17350 11623 2168 15911 7930 5085 10798 4548 13820 5771 10403 6214
15148 3959 12922 12880 8520 6916 12383 19101 18838 16808 8569 9881 15320 10690 2651 13465 5680 13242 13093 6479 23 11627 9360 16070 8326 13682
3711 2974 187 4043 5371 13903 16821 11912 12621 4125 17519 19820 11269 6468 265 10500 15662 11053 8438 15060 3881 12552 2053 7861 13444 11994
17149 9263 5090 4179 8410 5822 18254 10050 6130 4132 10980 12590 3346 19125 16514 373 17625 1278 5451 18337 15262 1148 3816 1492 4816 4398
6918 9387 15763 807 9888 6332 1853 17672 19502 8983 17745 13056 10817 17068 4098 3596 15500 14018 4142 210 7358 8073 16897 18357 9554 4046
5656 7499 3270 9495 183 202 13486 12189 14288 9339 588 6302 9118 4494 4670 5313 14440 3049 12989 16531 15964 1741 5393 4494 16173 9091
7407 8236 16711 9756 15851 7831 4886 4751 4044 964 5362 6168 8182 4174 11370 10542 5208 19670 9071 8590 4786 1050 17860 17810 17805 15437
18433 19614 7846 12127 9775 17640 16497 15405 11870 4102 14675 13910 5905 10464 2348 12656 19408 899 8449 17413 15545 8765 11550 16439 6892 12056
4589 11063 17598 17316 3211 7288 12621 9020 16759 10257 7795 3690 14315 19690 1968 10989 15801 7376 16995 4858 13028 19660 11315 4431 9851 2783
5354 4521 18368 12600 17677 18403 14117 5309 19322 16693 14957 15346 12610 11267 10002 18312 4962 7198 18599 6896 3440 6625 7346 1723 18415 15611
1922 12202 12939 15977 360 4861 19737 2414 3652 432 11918 319 7765 7506 8284 9003 11894 5822 19347 1815 16909 11418 15288 2626 17753 3420
6430 1509 1384 15744 12159 15122 5764 11624 15924 5805 4763 19067 18362 10531 14560 14129 2986 1821 16086 6716 6820 18960 19983 11756 17793 13096
13804 12564 12214 2067 14626 2428 8418 14437 8860 13464 18977 3584 6045 10934 5820 8181 12339 674 11085 18992 339 10369 19181 3739 8146 12110
7210 2985 5497 13481 15694 11232 1182 13003 1583 3449 7436 18199 8958 10221 9825 19016 10939 638 16527 19981 17146 4770 6711 11643 13157 606
8941 14195 19767 18953 16480 1559 16989 5386 15053 780 2149 14248 18278 11197 2644 5285 6552 18495 17192 10326 14868 98 18609 9126 9250 18217
7353 1013 3592 14143 8398 349 2158 6253 12788 10418 19934 13411 10922 830 9240 14333 12509 14743 17187 778 17922 18453 6437 12983 16938 11192
18507 13733 2984 12738 6410 7264 1129 8969 15284 18345 19145 14422 2924 15198 10236 12569 12809 19401 8527 14487 6083 2928 9467 18236 303 7311
10977 14495 14450 5887 839 16377 16109 15306 5445 2741 17304 19239 12608 15178 1721 17930 10594 18921 3864 10283 17080 11408 583 8422 2829 19270
7364 15726 7219 10627 19348 2380 7114 12496 4845 14556 8870 18177 18996 11199 4947 18215 4496 16912 16454 10449 12462 19813 2981 4769 342 4359
19683 16308 6908 5381 19996 7099 7862 8076 4115 3470 10443 4569 3262 13122 3652 14007 17579 3361 13613 17192 3221 18004 6336 17072 14916 14754
17448 6531 9348 6995 541 9184 12487 10227 13138 3481 3830 9078 11031 4381 7091 13700 2469 637 14701 7701 12593 17998 16910 19564 3057 11120
5119 14485 11133 13303 9933 17185 7322 14048 1779 4931 19470 15557 15326 7795 9383 2911 15919 13837 15641 7929 7177 18855 16856 3144 2534 6390
3793 13826 11783 11599 17851 3084 14698 11744 15329 13394 15084 4597 1786 16192 8818 18933 19534 15571 11751 4110 4165 2575 160 18652 10668 4392
15704 14822 18283 8019 1366 15227 296 6953 254 8822 8806 12214 9853 2655 599 1268 5396 572 10976 14799 16277 17431 4164 8774 9553 15148
4461 16544 5544 14972 8151 10302 12659 9996 12940 11261 985 13228 19679 18250 15862 13594 9444 6661 4394 14399 14524 306 5254 9493 3358 2058
17033 13707 7282 71 6703 4385 19241 19140 18031 7523 10827 11971 19617 7550 12753 10368 16492 11110 17471 1042 16177 14891 631 1372 10561 13081
7011 3138 14588 7805 12866 2759 12195 1010 7226 18992 16334 13494 2741 398 4440 8620 6994 4781 397 14161 16054 13681 15611 15622 866 13838
8582 11842 8620 8732 9418 16267 5633 11014 9969 14704 12508 2363 4865 592 17077 13849 4593 12349 14101 4537 4655 10468 11030 18875 15594 19176
4756 18325 7480 676 5578 19830 17815 8153 17113 12797 2609 118 4578 8746 6087 2429 7881 2893 13942 1411 1696 6967 3825 7922 15750 16903
1340 18214 9152 14345 6331 7154 6190 1859 1991 8988 7370 12361 9209 14271 6481 6805 13748 13695 7861 19059 12535 11475 7224 5999 13490 17745
10107 2880 8221 17321 14558 4811 1729 4224 14209 7282 5710 17179 14385 2053 15821 14643 1992 1493 15775 14637 1812 10447 13192 10949 3567 13860
13483 15752 4102 3864 5019 7274 6717 19532 2134 320 16467 16018 12147 6894 6400 2386 6681 13968 18307 13779 12316 11879 2209 10393 7600 6639
14562 17014 13984 7009 10187 2965 3483 5207 17356 18937 10921 8526 7372 19875 18941 274 957 14909 13851 12763 10749 10894 10461 16643 16817 3855
13375 19630 9906 14526 6205 3116 14857 3240 12652 17357 8590 3098 6345 19653 1301 17940 871 13117 14999 16262 16171 13332 6795 17746 19893 11412
13617 17161 18304 3725 13873 7079 12846 9134 3523 14976 5305 13565 9690 5142 1290 19233 4622 4437 12510 15311 5834 7481 9439 17198 230 8737
6429 13124 12250 18809 13017 1277 6478 14564 16500 153 3322 11907 6800 3134 15752 15906 3845 11886 1766 14752 3742 3565 5901 6302 6092 4836
1098 14987 18965 4721 18665 10269 4824 9993 4311 17111 2027 11962 11353 5007 19071 17940 8838 12836 14277 5368 6810 7529 11515 13602 5873 19105
2039 1643 15194 13552 10113 14219 17154 10583 11507 8562 2075 9972 4530 13459 10208 16487 2055 11792 13651 2577 11648 9049 9681 5591 5936 2112
7488 11522 3453 11254 15594 17395 14350 12200 13436 7922 12706 1192 4376 5960 3975 9623 12223 2254 19588 5050 8442 16659 16482 1294 16371 13982
8600 13826 140 11505 6005 9233 16597 7962 15577 13408 3534 524 16017 4079 14202 18096 14121 8558 10700 8613 15668 10606 5784 5674 10137 11592
2562 854 18604 8520 15608 11301 6011 4413 16677 9461 13390 8746 11076 3352 15367 13019 7951 4118 9217 9796 1562 6796 15039 4156 5269 13831
340 2395 11531 3485 8720 10353 13834 14365 6058 19269 10158 17152 479 19434 15105 19732 13431 4292 10231 15136 5559 15301 16014 15961 16240 15451
837 617 11856 4585 6365 3487 5480 3414 17572 6882 18492 1644 15316 18343 11344 14471 5214 4300 10351 6220 14007 5446 12958 10254 4182 4192
8309 16179 5412 7847 3047 7928 7258 17296 15381 2971 1405 4461 14156 7933 5467 11697 15600 3831 13929 11285 1560 13973 743 14429 19801 7121
14541 11167 12604 19447 3209 5850 16945 19415 1914 14028 9018 5745 993 1071 19860 15009 9665 8114 16748 4005 17585 5384 12591 9259 16519 6984
18612 1151 11641 9383 16723 17784 11880 2213 7903 13604 9194 329 4079 10199 18203 15247 7365 9448 13863 13411 4389 9680 5143 12053 1279 8510
13809 15557 14354 10979 17694 1917 470 15568 17196 816 13287 1159 15303 11807 7525 4739 3256 15610 7979 1884 6101 14177 17075 10165 5699 4112
5934 12702 3883 19779 6421 16047 17234 5425 19224 2665 1468 7617 7740 10449 10965 4026 10960 12978 7932 18212 12368 7805 7043 9753 5278 15517
18387 12609 19310 7210 13178 16921 3088 10957 19887 17942 14494 17557 9991 11716 5899 5498 16283 12261 15266 10518 6249 19482 14858 19879 11019 126
10874 11506 7577 3938 3808 13789 5731 18458 16472 13068 11203 14395 16292 19524 15615 9899 17940 1597 11208 16720 9211 19266 6548 5717 10416 3571
10759 12649 11545 6566 13055 4823 9288 17809 18235 14120 5794 5512 17792 18086 14669 7241 16883 17955 15793 18893 5741 2164 12848 12219 6795 16548
12108 17296 7059 416 1226 19818 18583 1727 9815 17913 6211 14883 17694 19942 14498 10845 15298 1504 13363 4547 15346 11819 14257 133 17789 7637
2526 15202 9101 4556 10088 6871 9607 17983 10519 7880 16639 16807 7218 11980 15025 14352 13783 12825 4026 9198 714 11646 15019 18016 10462 5490
6522 11974 95 8242 4927 16449 2046 8584 12761 12807 531 16996 14487 7145 1950 9963 11039 17736 6906 8915 9578 2644 3093 18618 6248 9625
321 11478 12939 6402 18721 14253 11382 12885 7304 2720 13053 16766 7634 7674 16287 1281 5040 17315 14776 18680 1132 15330 2908 3949 3609 4524
19258 15139 13451 470 15601 19387 14433 19787 666 19042 18303 3945 17041 16336 19189 15645 14046 15779 17502 10503 1356 9427 19329 3064 11408 9464
11166 13868 16477 685 2258 10872 810 16390 11332 17980 10331 3085 10388 16046 5749 14906 19283 5008 16938 7259 2796 11406 238 9831 11696 18279
14472 5276 15604 12724 17454 13245 8321 10316 4498 163 3309 19836 15611 3566 8062 19996 7478 13409 2250 13103 13032 3 6628 13737 10243 10613
16861 19667 5693 15354 11260 16266 7037 5417 18389 15963 3507 18592 2083 15335 10579 4192 15209 6543 15097 2593 17704 19280 13246 10125 12287 3350
7739 10524 6005 15748 18196 9088 16921 16891 10563 2712 389 17645 11154 6831 14567 1829 6084 1617 8546 16525 18003 164 6588 17220 10082 2794
17337 16846 7316 14809 5048 4186 15246 4479 18551 3110 11639 11594 3664 16382 3260 10653 18551 11134 12299 6069 528 8971 3530 12108 9975 8684
9745 17508 9796 19977 18075 6708 3969 5841 12090 5164 14148 14551 4284 7756 8519 2148 1233 8068 9437 17105 14579 2284 240 6846 13538 14550
10528 13107 12423 2071 18512 5957 7258 207 10301 7098 2509 14850 17963 5400 9367 11031 9841 19416 10582 8210 7193 10517 2890 1155 11911 746
11155 18268 19471 15080 15950 10209 6201 8780 19105 5900 19055 10611 194 8836 7603 5199 17877 12656 10431 6307 7482 19408 16080 14708 15894 13211
1812 14664 6896 12116 2314 10967 8420 6545 11506 14259 19304 13372 1331 13540 9374 5468 11137 5716 10665 18120 4514 3828 5157 456 10296 6572
1810 3370 16706 6799 3628 10677 11744 11503 747 341 6228 12385 4141 8144 12222 17853 18168 7861 4991 15931 10499 10826 10673 933 18988 6210
6923 1230 15256 17180 10704 18006 16209 9838 2580 10543 4784 16101 11968 17346 2628 11150 19937 7885 9013 5526 8820 14717 7661 1323 17776 4327
10614 17847 17071 7644 373 11276 19960 13730 14476 16703 14368 14522 15327 8477 14966 5908 5412 17360 19195 18378 8622 3209 9743 19692 9142 10423
6711 4200 11081 15447 8205 5557 13678 12759 15197 13142 19564 6504 12763 12577 15550 4570 14972 5632 11499 10056 829 17255 16633 12972 13790 7447
13967 12195 15588 19421 4805 13758 3824 2791 17487 2528 5829 7049 6789 13850 653 2302 4594 9279 5225 19380 1576 3235 18257 9634 7821 4524
9277 18979 15303 19750 869 17922 11885 4494 8558 19180 7367 6388 11164 6725 6887 11397 4963 6227 15269 3606 11635 18809 15855 11544 576 6620
4639 9486 6184 17752 6803 15503 14177 19369 17883 8393 1990 4870 1481 6759 19074 13019 14128 5989 4906 2547 5183 17665 13670 15539 14211 10086
2807 4122 17293 12102 5548 19490 2291 10690 9872 6246 2703 15115 16492 14723 11065 1904 12114 1207 15372 2255 9055 2736 9279 18630 11546 13397
3858 15995 6382 19468 15701 9195 14191 18945 10829 19918 18174 2911 13794 16405 7784 15245 10537 8334 19450 19141 2556 1698 4540 465 10665 19423
8153 6434 16186 7737 19652 8628 8648 4427 1594 14565 15729 7501 19512 547 4647 6340 16195 8419 19882 5550 8636 14890 5691 18749 4866 18855
11303 9119 6435 8658 9783 6499 3816 10406 13414 10486 15277 2989 3539 4467 8495 13646 296 12817 18243 7600 2807 16985 6219 3624 2036 10655
300 18422 1615 5592 344 16743 19398 7869 12191 8814 7599 13782 5405 14942 13972 5604 4882 9041 6376 13966 19342 6569 1780 15266 14404 19811
6158 13325 17949 6006 17831 9210 18322 18621 824 5593 6469 2518 3556 14746 13010 10321 11452 6765 140 15825 16806 1849 984 19604 12305 2596
859 3299 19564 5076 16116 7088 5582 12531 8853 6045 19115 10409 2205 116 4798 14782 15733 10849 15129 6330 5075 17531 8479 7853 18982 5117
11958 14038 2334 11123 15552 1199 8102 8272 5952 15642 6045 14891 1223 246 2500 19126 15960 717 14682 5146 4602 4824 11754 2339 15970 9925
6242 43 6212 4861 19494 3996 3538 12320 8264 12431 12268 9009 13642 13065 2108 13167 19062 2357 18860 4558 18412 9282 6773 14571 15211 9405
4265 13595 3401 10522 2663 3564 15701 13535 17174 3149 6648 4469 8078 4092 5064 12373 2556 9850 16479 11945 8444 7082 2064 11897 872 328
1424 6301 13147 17227 6975 5958 1748 5036 17514 3099 11176 2029 4981 3706 1351 9624 2963 8792 6206 12507 11531 245 10224 15930 15747 17829
9075 11813 17843 10919 4715 4275 5240 976 2270 1117 4327 11098 1526 10044 6430 2009 16406 13621 3622 8336 2934 11870 17783 5549 1131 16820
6511 4499 6746 17953 1744 9603 453 14381 535 3025 10665 81 5165 7415 7383 6149 18714 13882 19005 8319 15243 12305 1045 11889 1408 11518
16546 1284 1706 18154 18772 1309 1144 17049 8286 15830 19632 19181 2168 3692 1673 1722 7100 7312 11319 16571 8317 18265 5212 5403 8532 9327
3526 4107 4204 17573 7026 7242 4394 16923 1339 11906 19756 9891 10811 6819 15935 2617 13395 7029 4912 1419 3821 17198 2200 10705 9388 13843
19219 13051 10377 3046 4459 1780 6242 4055 553 14047 1581 15824 1296 7206 13899 3738 5472 11938 1888 14501 18758 5075 976 1437 12853 5068
3826 7956 8194 16222 2441 19004 310 11325 2672 2249 5666 4188 546 19186 19166 13775 3192 15990 4147 15902 10136 2623 3082 13354 1998 18232
15205 8387 10323 19725 5183 7832 4054 14931 11258 14327 183 14691 3337 9216 3122 16568 12457 12100 1591 10913 8675 2212 4043 2450 1385 16278
10836 11843 8223 12679 18937 11675 7135 13488 2998 9296 18857 4222 8978 7216 10385 3218 13149 18233 2961 8355 12325 12073 16581 8063 12286 7123
15051 18972 10794 4948 309 15481 19777 1111 10948 7611 14868 8729 18112 11044 14665 16537 8836 5171 3764 2617 6594 2757 14619 1737 11079 16846
13503 13125 314 6690 12461 15079 12154 8749 4288 16389 19005 17810 18093 14419 13784 7908 17485 9973 13466 17679 19599 10071 17581 18974 5531 3669
1816 8233 19480 14976 16863 5705 5432 16407 6192 3069 16864 13685 15761 12253 9924 10267 15465 6413 3207 17800 15298 9399 19809 19101 9097 7609
19436 14597 5298 10763 1743 1624 409 11415 8560 12669 212 3949 3875 13199 5295 1159 18452 18711 1502 266 2861 1494 5395 9120 5369 4920
12407 12864 10943 9357 2029 11309 19730 15029 11409 14539 12040 3066 523 18848 14779 3463 18025 6449 10416 8501 1971 16734 12947 11136 14287 4047
2148 13231 17863 12937 19449 6419 9572 19677 5065 6690 5068 3561 18033 9144 16212 9987 14632 12447 10228 10707 6336 5289 3153 11283 11962 2212
14849 10697 13206 15978 14743 9461 14374 6827 18774 8455 13148 19257 726 10024 11615 14316 19521 17609 13717 12722 1331 13327 5995 13066 3629 5764
433 6683 3543 1137 18364 7346 7264 12026 16881 16551 18250 6523 766 5224 15816 12193 4713 285 310 1732 4537 12452 13701 3639 15226 15389
19706 11836 12891 1017 10609 17004 399 241 3586 4770 9429 10812 17169 5693 2859 13577 13621 16063 10075 7059 9343 15730 17024 2796 3647 12862
2534 15286 2459 6328 15149 13917 1600 5970 12064 4093 770 6301 790 9299 5066 4219 4915 11795 589 12781 205 18770 14270 12397 19375 12867
12985 763 10696 7079 10545 7556 15732 19976 807 383 17279 13237 2680 12264 16277 17427 16582 3099 5754 13160 15602 15478 16228 17636 11435 12563
17355 18665 503 18686 11097 14071 15844 6828 5132 11366 49 14176 2954 6806 18941 7657 15260 17677 11563 7528 10434 10604 18108 10660 6112 7199
17144 14981 5599 10847 289 15820 13837 8367 1162 2012 11058 9880 8734 16564 10116 17588 268 10865 659 9890 10392 18841 14717 14912 8034 3342
11938 12034 4774 5051 14639 10131 9551 16380 6469 10931 3108 4717 16065 12832 3281 3908 7017 18695 19228 11126 19409 10784 12390 15389 9775 11989
9052 4008 7077 17445 12584 13760 10845 5313 4155 2731 98 10113 7038 10108 17017 4947 10665 5093 17081 17508 17101 13144 1004 769 2513 16167
15239 8285 17883 6599 12842 1920 3987 9410 4712 3425 19423 9377 10162 1981 10607 3477 3761 2684 14611 15403 4860 3006 1126 19481 18322 10171
17378 10251 19707 14240 4455 647 10516 10277 16137 2055 7139 3122 2568 5382 18219 18020 19109 1274 2190 10022 10682 11748 11897 2513 15051 15879
698 2002 11316 17431 12529 15439 3050 19012 2966 981 8736 3534 6338 14823 17556 16488 3405 14623 5886 9096 8978 4480 11434 14795 5213 11515
10127 10611 9622 7505 13290 18951 8542 18804 10747 16131 10232 15523 11704 9101 13979 3052 17086 17245 12581 6289 10068 838 10552 19357 6235 8509
13035 14194 2870 1775 16946 6906 19722 18831 8043 15567 11519 9358 18754 19797 810 6603 1178 4216 11496 6946 14413 4217 2210 10492 11037 14989
8758 9448 2993 4425 125 6175 775 8979 19655 16376 17551 5425 17467 9712 7483 16411 14639 16594 3221 869 14066 7519 5886 15111 3318 19480
7543 15381 11103 13522 17700 16208 3511 5228 19010 6614 15056 15288 14521 12250 10939 1394 12450 147 10180 14890 13147 4185 15758 4731 4787 17951
13260 4041 7256 2837 378 17252 1132 14372 5381 15556 1281 28 14950 282 18560 17430 12583 8862 8352 7812 5413 12519 2721 13480 5815 9607
2568 13580 10509 15443 19395 3265 11625 5416 19622 16168 12431 4815 3223 2657 9686 2327 15374 13824 10804 13173 11287 15939 6533 10633 1496 11424
13728 10502 418 13289 14887 19522 19513 15598 14514 1266 10994 7835 12128 2301 11148 4115 4301 9546 5579 411 12130 18329 9275 18437 18028 5874
11949 15153 12607 17100 1311 18721 6935 15702 9324 8434 16422 19089 8876 12150 16813 2823 4694 8840 8958 16652 9160 19502 17895 16253 19564 15234
10302 4575 16572 16188 10521 3623 9112 15670 1543 17702 11090 15445 15172 6957 18643 11293 11763 2154 18650 19544 2450 18364 3907 10640 14821 12324
16279 15917 13826 7438 4816 1342 12314 8932 11759 11687 3691 581 10364 5043 5560 13085 7758 4862 9802 548 97 16549 8196 1719 8064 11305
5253 10744 11925 17644 825 15251 7881 2965 11191 6266 4216 3051 17614 10663 8836 7374 5156 5065 8471 7199 3233 3080 5884 15390 5245 263
11350 18240 1069 1526 7567 11465 8956 16008 12932 16314 8723 19242 5092 15214 16456 2571 6000 3213 1617 10706 66 7752 6594 11250 14413 4731
12258 2082 15859 14406 894 2492 370 11861 9870 19823 15852 10599 13773 5140 9811 6273 18162 2072 7418 12850 13532 7290 18076 16469 6205 6578
5197 7422 6142 4603 165 8652 1659 11903 8971 11247 10871 16936 19117 14843 16223 19562 7915 15469 16265 13560 15423 295 5106 14052 7731 7929
7075 12003 12670 19978 13295 7514 11600 11742 16484 19532 268 14113 11055 10358 17260 11233 9852 12499 9070 5604 12654 11980 16405 11888 12228 1907
8033 2358 5633 15855 3440 9011 18021 13772 13232 221 12637 19098 16839 7578 2553 14431 17702 3043 10336 11047 1494 11489 9355 14931 13299 1625
13099 12189 7700 18308 9916 14387 8647 15776 11417 17884 3426 7805 7519 16642 2189 10867 7814 19263 917 19045 4515 2947 1849 13372 4430 11522
12730 10743 11770 16786 10374 15815 8724 11750 2918 5380 501 14689 11007 5473 8452 12504 13600 13075 3176 2224 6155 9199 5706 7554 6670 2451
10954 19940 14451 12797 10323 1767 18623 2165 273 19545 16320 8339 10547 14526 17551 1559 16580 16128 17929 7482 13961 9195 19827 1429 8302 14737
6212 11580 15761 12583 15593 3593 7061 10314 2396 17710 6084 16650 4160 8616 8959 10149 6206 17394 11126 8114 17690 1170 8583 17582 9989 1369
12732 16275 1891 2693 11594 10900 16215 4845 1067 12898 18554 10964 4588 6884 6872 17646 11961 12995 6454 4635 15735 17252 2578 6813 9502 6384
18147 16713 10049 17165 8586 17886 16519 15286 9213 7622 16827 3168 19075 8857 5890 7509 16648 2987 18292 7240 2660 2343 3763 12031 11332 32
4841 13257 6471 7987 5928 9502 3566 4 1810 5229 7692 928 2080 12052 947 15458 11586 3079 7539 6549 1329 5340 10795 12731 4678 15689
1689 16476 10457 12387 11337 11905 13164 16978 16539 19112 1524 19576 8346 14643 15976 7353 6016 18051 13302 9610 15753 17353 15729 5169 19818 7204
12209 8430 19304 11453 3069 19382 321 14618 3751 3658 17657 5974 6153 338 18929 18101 18651 8181 18329 5170 14581 18565 6575 18307 19279 16627
4805 6505 12549 19489 13878 11179 8588 18489 17739 12101 8299 14701 3098 17100 10949 3216 8563 11231 6108 12893 2489 12077 6416 15838 1429 8767
105 2060 11070 18719 2085 107 2825 10588 6820 18927 8854 5738 5268 8041 9488 16770 10186 547 3417 8433 1584 4032 2554 7741 16735 14076
2090 6840 12929 18316 9628 4844 14757 16873 1212 19962 17338 3798 5042 19311 14790 10643 15277 7308 14769 18256 10327 4892 2234 7195 3489 12942
11458 1540 11629 9495 13848 3006 14429 8082 1841 17077 377 19005 5985 4803 17508 1373 11610 5804 19470 3242 16820 15559 12144 8402 1917 19833
19091 6208 11599 8110 1832 8981 2726 19079 18072 16708 11168 15913 13288 16039 18454 7403 19018 13209 1608 14844 17728 14889 1274 18840 1048 2871
6508 5020 2103 13140 5184 6115 919 6772 19483 11981 4297 17657 9596 8706 17687 3323 10508 10651 1565 6811 5951 9854 7480 11882 18878 15378
7460 19832 13185 12536 5827 12057 13539 16810 15779 12295 9406 8526 14617 1258 5425 6528 17599 16394 317 5658 8682 5465 7053 2742 2901 1413
16083 17105 18084 15974 5144 2204 7472 16535 9481 16669 13894 13671 10328 18938 2063 10532 8847 15085 15111 15668 19384 1828 5419 8537 18297 29
14123 14926 18220 1889 19882 10477 16319 4778 11385 7880 8851 19963 6441 3521 7610 19448 13032 18258 18034 16525 5 3171 543 16234 15631 12130
4782 5075 14124 2496 11911 2858 4295 19624 19940 5764 18551 15823 6646 1660 15819 15843 12625 1327 8669 2036 1474 4541 8026 17478 15922 6238
18280 1839 1683 2525 5064 614 9707 2162 14249 13805 18055 345 6271 9604 17381 6529 11411 15860 854 5150 16569 14001 15753 6695 3977 15173
16214 19840 15381 6038 4874 15427 4230 7335 6503 13001 3066 5313 10290 2815 12997 6459 7786 2426 16618 14811 3994 5902 15989 11210 12154 17779
579 17936 13102 3420 427 14930 560 10016 4905 9394 12421 14427 9836 7204 8902 19290 3073 7486 15733 1501 14183 4612 4732 3543 15653 11784
3883 8851 1614 1293 6292 4916 3092 10893 17080 11636 5478 17299 5682 1395 12868 4614 17081 2909 15033 1151 1020 2259 715 13528 2675 4493
5535 9860 661 9732 6170 7999 13767 19589 5219 4049 10010 18120 16350 13472 9100 1403 3779 9603 2511 15444 7702 15511 446 8864 10322 17923
18100 12919 18985 15135 12930 2989 7740 8751 9028 15870 8023 12454 15042 7593 7254 14836 18896 14411 7607 6547 4346 13954 994 12353 8221 13485
10237 924 192 12546 7286 7129 9960 15426 18956 15381 2265 10141 7018 10220 2361 15127 833 4148 2854 13587 4787 5120 4525 3805 9201 11399
15444 11179 3334 17873 18794 14147 700 1743 11565 3894 2063 3000 14893 1749 14956 13963 4218 16969 10396 13252 2102 3255 2550 856 1272 8497
13144 15881 4453 12919 17524 15051 9548 5612 8767 19348 4514 16920 1714 16043 18997 10994 15873 13337 18599 1141 12120 3338 8775 1529 5836 16439
7289 18840 4899 16995 10997 3478 6486 12600 17161 9010 19155 13321 2497 10332 2043 6323 18869 15824 9631 14762 19108 10708 17429 13400 12717 10658
15351 11858 6114 15935 5452 10657 6649 2276 11898 5621 14560 9429 17238 1760 9615 8275 17892 17492 2715 89 18451 6086 5381 15614 17306 12710
6415 12183 6064 13345 11823 5927 14601 17944 13299 16898 13528 10545 245 3382 12219 972 11009 2557 9476 2781 5015 17817 1542 14949 3054 2000
9797 931 12404 5373 17588 9531 18376 18837 13910 4711 15079 3964 11399 4659 17918 4449 12813 18695 5452 14478 8632 1182 8486 11414 2983 9336
7180 11574 1767 3073 1042 5566 16643 18381 1131 9248 17811 9473 8000 17733 16865 15444 2581 6373 7285 2887 13005 15434 1701 3091 12950 5961
2277 2939 421 13978 5640 4894 9469 8631 8132 14981 18449 18235 1599 15833 11298 2578 10349 1065 14534 19357 15780 18602 14388 17972 7233 17963
55 11054 16328 13157 3095 18658 7774 5645 3580 3044 10337 7195 2887 18180 4322 9058 18613 16455 595 17609 4671 476 19079 19427 380 12875
4323 4181 15954 16204 9343 1320 16480 13912 3066 6301 12687 11787 17432 17009 12201 695 4119 8008 16872 14133 4060 7077 11473 15588 13227 5884
14438 17901 11749 1419 14481 3759 12362 7936 12908 3474 442 11743 18046 16394 8410 8206 9604 16078 8187 14752 16050 13714 397 2270 19481 9693
15771 14601 1197 5674 13300 5633 3247 12992 10928 18860 7777 1047 4311 6443 4527 4946 434 3754 19089 7583 10064 17265 555 16923 17303 17618
15515 1367 306 10141 6939 6498 12160 19862 19880 5206 1338 5907 11226 7471 8979 4855 8486 4997 2796 13711 4910 5077 12253 1340 13358 3722
9562 8332 9665 16754 12282 13630 16075 12799 3535 4410 15883 12706 14213 4232 13665 5779 6286 1374 14529 8710 14396 11979 10373 10669 13673 6820
9138 8805 6263 11107 9030 10277 14419 5184 572 6759 12520 17465 8011 13747 788 4372 17813 11126 2669 2360 2096 8736 6707 13018 19407 17556
14455 18611 3348 13340 8281 12155 5405 7115 14354 10158 8273 4715 5173 9589 691 732 473 13301 9476 16159 13555 10222 12483 2277 14774 17044
49 7010 17874 6478 3891 17393 9401 18723 6805 15742 13237 4814 11756 14043 15288 3813 4376 640 11824 11390 4380 6244 9829 790 16289 14980
16818 17568 18915 330 5417 4826 15961 8906 6971 5160 17100 83 5377 19472 11648 14301 14485 627 19965 1123 6768 12779 19305 8250 1328 13457
10269 1696 17104 4926 4475 3949 8900 14668 13786 4669 15445 18496 18771 19052 14572 4991 18340 9335 16173 18229 4313 9387 13926 6656 13603 911
13650 9276 67 19212 12886 5822 17216 1783 430 14199 19487 12429 14071 19395 418 13620 18230 1839 16699 6750 4435 18450 8005 6432 5239 14112
14262 19616 5984 19940 16917 2870 5389 5966 720 5679 14796 2996 3283 13969 15269 11764 7890 13656 4172 11226 66 13138 2983 5192 17138 9976
7191 2794 7972 13875 5684 4812 5090 15943 9803 6901 8214 19400 1605 890 1100 13514 17424 12725 17621 13522 11055 3731 14127 17692 2216 6165
163 13676 2232 10957 18459 14879 9120 8553 7037 9730 12030 9929 7457 18096 15198 2901 17705 2457 1774 18585 10603 13193 12876 15086 5349 4486
9130 2766 8717 5292 2481 17330 3434 4134 964 8160 10019 2203 9911 5984 13727 10759 13434 5488 6605 11642 13422 1222 9608 3109 10841 10353
12631 5560 3194 7738 13950 14076 15155 16095 3481 19675 3701 3506 15464 1250 16192 13919 19058 4657 2525 17178 2711 16858 7954 4201 17022 7360
3881 12314 9059 13043 16223 6763 8950 10331 5222 3570 4506 8759 9596 8216 1471 19313 7023 2985 293 11364 17694 8105 1551 6562 5287 2734
11056 2568 2344 9813 19745 4812 8163 4710 18685 2418 4865 4284 6013 11240 4347 6040 9889 16403 9181 7800 4933 7252 1665 3598 15163 6858
5096 12435 2585 17703 11830 10171 4334 16688 6440 17744 2221 12774 11809 14841 16462 8470 1926 7975 16205 291 5768 17462 11406 12616 486 2557
1780 10256 5746 2785 13023 16347 19489 10968 5425 1638 14801 19485 19674 10381 4237 614 10783 8882 1930 93 878 16501 14169 14541 354 381
2593 10716 10215 19333 8634 18865 14340 12000 2017 6674 18086 5561 14295 19924 4305 18290 15693 13232 15490 5275 436 11818 19796 8212 2959 8018
4330 10213 8044 11727 5208 14626 15215 11725 7692 19796 14237 17064 15073 7026 13474 14224 13988 7856 14693 6232 9067 4918 15124 4162 19498 19833
4919 14239 9930 18020 7210 19622 16957 8311 13067 9327 4918 11175 3911 4267 5901 3758 18058 9337 110 16819 15031 3347 7445 16071 8952 9032
19151 6835 8124 2141 17842 7545 5702 473 10599 7116 10522 16394 16811 3853 13946 18326 13435 9193 1114 8828 33 7709 18745 18633 11093 4671
15776 18226 8678 3449 2393 10090 13862 5194 5872 11133 12192 1376 15553 14159 4767 4349 19090 15249 17791 7592 13390 17451 10400 6844 13685 5667
10107 19468 3678 14805 18360 13778 10544 17114 4726 10061 17965 17733 11134 2988 1298 12479 16754 15543 2629 13195 9226 4067 1087 13249 9703 225
4574 3089 16034 15696 5117 17113 14968 1745 10517 6506 19627 9725 7339 3955 10285 11071 12497 14280 11308 11867 5866 7585 17277 4549 2395 455
3397 2691 619 5639 15853 12562 17690 10618 15492 16496 14081 16640 12104 16254 7837 14145 3035 9140 6467 9477 17686 4979 3439 5954 3030 17146
11285 14171 7152 14782 4123 17389 9619 19533 15643 2349 10682 13792 11665 8060 16869 15946 13472 11635 11236 1670 1300 15134 12999 7650 18800 11996
17845 13492 8729 15466 6472 2659 11028 7861 19370 1439 6749 9313 14442 8040 15397 6700 12499 16091 17106 16809 1646 14839 10561 14692 788 2921
16261 3064 19216 17743 10164 6663 5654 82 9919 11774 8980 8489 14236 9513 9408 17399 7669 14176 19945 12660 4028 14812 8277 6108 3324 7422
627 5744 13349 4352 12532 1004 1541 14921 13523 18134 16206 11702 7152 2338 2068 19840 3732 7955 6475 15953 3168 8020 15420 4237 8874 9319
2729 3016 4841 2643 15036 15897 1888 8482 11612 10677 10122 17637 614 4972 19385 1521 567 18784 3393 7756 6587 3053 13713 3153 17150 12274
3620 7286 17764 11058 11686 17586 9961 19929 9583 15757 9461 9648 16285 4513 12457 15939 11544 17944 9129 10875 12122 565 19161 3868 19718 7834
1792 18404 7046 7323 6157 9877 720 14518 16818 7705 15467 13511 10223 10704 8010 5306 5943 9363 11790 14837 4714 13206 15194 15475 1410 2438
16471 16895 19113 9492 8962 4687 10604 923 14842 17142 10132 735 12717 3545 9112 2330 15525 13323 3279 14938 8727 18428 18728 17097 509 16189
19437 656 1449 5172 14961 12458 8160 6670 7391 10887 14488 6028 18317 7023 14043 8201 8763 13713 92 19030 14029 17016 10836 19843 9122 15834
8344 1773 9265 15001 6243 2194 10629 16793 9204 10975 11648 17679 300 13865 19470 7631 6549 9311 15080 13284 4544 7456 7512 9504 6174 12202
16000 15794 9350 3256 366 8525 19798 7108 16827 13044 6756 18703 19411 3844 11623 12698 17783 3551 10787 18604 13776 4804 3752 17933 1466 17373
2630 10 8939 18655 1833 6458 17633 17619 13500 14015 5701 2878 1663 1425 12193 4758 8994 5072 2202 9937 8945 3333 6670 6956 15382 14573
1831 1935 7512 2726 6564 11861 15141 17896 1183 17682 14827 11303 10968 15211 1143 7336 8630 15806 4103 513 4944 2327 16435 13661 10368 11255
12891 18404 6799 15339 10717 2068 7297 12317 2911 503 17927 1789 12494 10876 6182 10834 8375 14187 14600 562 9389 3529 3534 8119 15179 6273
6869 11647 10014 14997 5137 19293 17378 10711 18347 10845 14845 18803 15314 6387 18943 11440 17560 1453 15258 5123 11952 16967 9804 9131 8602 19565
5193 3757 1689 15939 19262 18710 15058 5350 18589 15343 5968 7594 17846 14184 14918 14902 754 16110 10813 18081 4054 2514 11482 14790 18439 15285
19331 8749 2594 17049 1828 19533 18195 13571 4417 3631 17027 5544 7189 11493 15740 6616 707 12147 17549 17157 5888 7625 3926 3990 771 3387
17863 8773 15889 17510 6462 4218 16423 1263 9974 11419 4142 3370 5839 15803 1581 14248 19693 2184 12955 1395 11147 14697 7325 16605 18348 17445
6064 16514 13741 15051 10920 17074 13035 4373 14260 4424 18332 10038 9768 11617 19098 15495 7589 7313 2340 2159 8352 415 7793 17941 18092 7096
5258 9895 7509 11677 8038 245 4093 19948 3648 11718 5082 2589 2121 18700 13639 9397 17221 17863 6128 9263 12448 3331 4691 13027 3366 7081
590 15578 19754 16159 10118 671 14737 6806 16711 8680 7781 17741 17964 18095 16788 4638 9472 16812 12107 18615 3734 1466 10685 9598 9546 5416
