365
71 52 85 51 59 12 14 18 82 29 46 62 9 3 16 9 6 77 63 68 80 68 94 99 66 65
17376 4246 502 12363 1835 7760 15103 6201 4405 10365 10968 16383 678 8318 3680 11919 5972 16224 17904 14536 19263 19070 11622 4399 15152 968
7298 17202 2148 3348 5684 19322 437 2653 1172 856 14318 16111 5577 16270 4176 11986 12325 12271 466 13952 11190 1970 11634 8812 8679 8232
19304 11594 7701 8012 10355 11117 111 18271 36 9523 19714 6826 3537 10522 10065 13466 4254 12252 2418 5613 3563 7183 6841 5775 14201 4578
6516 19444 11631 19191 8343 10711 5890 7682 15473 16579 7181 19843 1983 8409 5590 9211 5816 3541 6224 5590 13229 1278 2761 1982 14420 16316
3222 3892 7411 5231 5379 3782 920 2410 17455 17992 8475 9629 15146 8678 11888 19272 13293 7122 3571 11072 17753 11035 14064 9512 12517 16717
1831 9653 16681 15116 14845 14149 2331 6481 11408 1457 10638 7960 14864 717 3570 1134 15264 2186 3331 4716 3234 7666 2974 11513 3401 11477
16834 2544 16826 11000 7089 11691 623 756 5174 15633 1640 13694 5039 3540 9057 1487 16336 3329 10482 9245 14629 4726 16505 6872 7623 3003
17768 14953 3897 15395 6246 18541 19207 14631 5676 9637 5457 15454 19771 14767 17727 17067 17582 2317 4 4686 3328 18567 15393 9498 15222 13640
4931 6690 15438 10672 18110 5880 3288 15298 12029 9738 14739 10916 8983 5328 19910 18205 6055 17871 13788 14972 15528 3865 12943 6933 8115 1479
15001 17673 5048 16626 16226 18923 19151 4695 419 19312 16934 9022 5097 19094 9506 4043 3499 13037 2703 5713 17122 6746 204 6473 19276 4327
8571 16751 2919 4643 1483 11656 5406 5556 3442 17927 17029 14317 10965 4303 6051 8011 4824 6359 11771 9528 1591 8331 15002 1980 14122 17770
11503 9552 1339 17883 12536 18575 17647 1029 13829 14179 10637 7190 8723 19511 6341 12164 2875 16387 12315 575 17872 6908 10432 3664 15989 523
13004 14999 398 8488 1015 1711 15482 9520 18898 8610 11281 10915 19951 10933 7769 16295 14520 16269 14927 18385 2406 5441 17478 10474 3949 13115
12896 5952 15059 6811 15581 18275 7938 11433 18250 3476 17732 6266 16698 10590 12232 3223 19307 9083 13739 1915 14620 18578 12912 19076 2104 5005
17362 478 12753 17341 8257 13518 2649 13413 3958 10561 12059 7023 19389 10548 14450 19522 11832 14203 10101 19286 14924 12847 5462 680 15476 18667
15339 297 13982 2956 12636 5115 90 2059 5293 16762 7299 19282 15898 12829 17713 8806 66 108 13453 11065 17871 12624 19112 11419 386 14436
1667 4333 18295 17361 2391 17312 4049 13547 8399 8428 17701 3518 11920 2886 1303 2441 6164 17029 12943 4836 14247 177 18493 14773 15012 2754
17856 5899 4930 5413 18195 17596 13485 11205 17201 6926 19852 7006 481 18682 12336 19800 3182 16555 1849 16884 6743 9170 17261 11497 19959 1627
17204 6552 12540 16870 37 14539 618 3984 10571 9964 17834 12718 2071 456 12430 9843 6531 13157 17438 533 163 5997 7649 17980 3788 3127
19223 19876 9353 13586 3302 19339 11696 19151 9546 11718 10037 8492 142 18416 10645 6333 4913 6657 12856 19792 11711 11316 18965 8567 9732 13499
4175 10653 15372 12603 12384 19177 10021 16868 8439 15668 4454 3321 803 4686 11807 2064 19884 17996 704 16755 18004 15377 1849 16041 6399 3240
15854 7856 16631 1905 11349 17171 18075 14941 19008 14934 13867 406 6002 13245 19556 4731 17960 3479 3645 4513 1151 15638 19551 17396 3779 19973
14104 8294 333 7483 11131 4246 12112 16802 9250 17792 605 1882 9884 15454 13971 983 18489 5424 18101 748 7890 5085 18413 5488 10805 1465
8268 1090 17990 5390 18829 10993 11093 9651 387 11685 1968 658 5876 13251 5134 13813 18924 15415 12513 12872 5900 7837 12452 10191 11169 17391
3626 8484 14150 4535 16356 11084 6403 7350 4841 11171 16661 14462 630 45 4362 6157 10636 1439 15929 1069 7004 18447 4773 4852 2636 8852
6223 12985 15192 3322 11802 6587 1102 15135 9624 8051 15740 732 651 17533 14593 1748 10782 3974 17658 5356 14864 16753 5456 18695 2681 19560
12447 4424 14273 3655 12487 10665 9159 9418 4086 11093 12376 4663 5837 3887 15326 9893 2758 8095 16134 9874 10515 12768 3221 17201 15765 17192
453 19213 3815 7415 7271 19946 1024 14918 7087 4796 9432 13292 16371 5127 17712 3453 14006 18174 4925 9138 9281 5938 15409 8401 17028 2663
142 19930 14891 394 19394 10454 13240 14107 9278 2918 7508 15496 17526 13177 1785 12744 16911 14637 9368 643 17213 15477 1379 15455 14473 1346
10217 17346 676 7203 2670 9304 17670 18376 3637 8590 9868 3233 1791 17111 1524 14937 17604 150 701 5162 19268 15088 18634 13755 689 4582
7633 9419 1533 14431 1412 3850 1480 15156 14768 14345 194 2754 8068 7364 10552 2857 9580 13352 13008 7941 16321 4316 7975 4423 1759 7676
15143 15887 3454 2092 14750 7166 7801 5716 3416 6847 13130 15391 14795 14838 7862 18178 16264 1247 12632 2191 7095 593 11253 2971 8628 13461
16125 11237 4445 9640 15930 12541 11538 12869 10902 1849 3737 12737 17734 15815 4924 6153 3097 221 17733 15734 4120 7443 10469 14826 7203 14236
13157 18276 1986 13307 5447 16402 2941 5905 8410 14072 8184 5673 13991 5431 14010 13615 6005 14169 4118 16013 8340 19085 4976 15122 12468 19573
13095 19750 9050 19672 9480 2179 10494 17499 7869 11119 15151 12395 14279 8316 15237 18505 14378 4430 14744 377 1948 19714 7792 9025 4676 287
14714 11768 19538 5248 18931 8095 4056 9631 2640 6643 5097 8428 761 5419 14234 13149 15133 15629 15680 11157 15773 8527 4221 18792 12601 10049
12149 1164 18505 10177 3265 13685 8364 15551 11000 9046 17599 8622 16650 2263 803 12555 14404 12345 3340 10134 143 4255 8335 13478 12140 13726
13621 13583 1747 2085 17658 6821 2404 19929 19467 3610 13288 8005 3498 9903 3432 12150 15008 13302 2438 8887 12482 7423 2047 13873 1295 2722
1789 15899 12711 15158 7981 11591 11765 18601 16815 4727 6107 19556 6542 2152 3487 15772 8490 15050 8304 7338 18836 4478 17933 754 14139 8590
2888 8320 4021 9680 19358 5396 5329 12972 18110 2288 7703 4830 4558 2314 15710 1435 13616 137 6232 15712 6019 1889 19569 7931 7427 12955
10050 18635 10204 18799 1277 12074 7980 16992 1336 220 3577 4330 18559 15315 4426 18290 11714 8963 16109 8777 19850 7939 7348 441 9204 536
6198 15005 2398 6292 2501 5556 2840 4136 11342 18573 2019 9593 7216 1899 15609 15034 7936 461 12890 2904 16626 14627 9925 9651 8112 8031
13029 14250 7259 3767 17177 335 11977 13122 17741 3779 13559 14367 9632 7027 11258 14433 14787 909 7970 65 3310 16254 13670 14971 6838 11598
2717 612 15144 6687 7501 9008 5435 2222 8447 17953 2552 11927 1386 5369 15018 5277 4699 13235 19873 14742 12126 3073 4653 16193 9800 15305
10891 17062 2736 4307 14289 9364 17344 4123 11731 17920 18169 3762 10223 15060 8748 7912 1821 5452 14993 1350 18728 10563 19 16403 1781 13178
4789 7390 14101 2700 11477 78 13944 19208 2254 14749 1023 11991 17903 10506 45 423 10380 15771 17542 2863 6058 16752 10523 10180 19674 2367
5101 1188 36 9819 6132 13266 17676 5196 6455 7707 10366 18798 5824 6021 15759 17639 7679 10866 7518 7700 10320 1423 4326 16462 2597 16169
2662 6028 8426 13278 6881 964 5807 14779 11426 7720 3854 7517 6067 6024 19144 14902 17097 4606 12813 5982 3621 913 5972 16910 571 9882
12357 16657 4665 10287 7232 2838 4785 10068 7397 4160 7406 4528 14325 16703 19708 19025 9723 18198 7515 19669 17478 18931 6324 7814 7427 12308
11606 16342 19267 15893 4518 7936 14504 13045 8485 13285 5194 7182 16812 11532 19031 14684 16199 829 1234 5465 383 6700 11903 18976 2744 9649
5230 2526 19570 3137 19344 5613 15604 1593 10281 5621 19231 10535 1554 3319 14447 18052 7478 10814 17622 15396 9811 19749 18855 4427 10952 12022
12076 1267 12753 937 1616 14007 6754 19844 13019 9700 19873 3849 13735 17698 16601 3609 19466 11745 4322 5838 6273 12667 12781 11972 430 16896
19439 1930 17847 16349 2421 8481 8811 7585 10869 2162 11316 19592 5730 16821 19089 12717 17897 17024 10496 11771 9366 8746 6825 2995 18598 617
5828 9945 16412 12633 11069 19024 11957 2435 10518 8691 18025 16943 15517 5919 16117 4703 1236 12925 16140 17113 3184 2381 4600 12894 8786 18191
19374 3522 19367 12997 916 8009 7484 12205 6460 447 4320 12889 12276 11813 7669 965 11883 15543 11656 18221 2943 5385 15436 14797 11305 15289
7467 4224 17062 1288 5193 4152 12670 3794 2991 3677 8533 2406 2811 7948 10691 13363 15488 11271 17373 997 12643 15316 18010 16398 13464 8403
15765 17405 15223 19443 10853 18471 12345 11907 3252 17284 3350 19599 14444 12113 2117 16428 16239 16181 15862 15470 11299 9938 2573 2394 2123 5647
13203 9272 19909 6264 8865 19843 18423 8485 5339 18810 6563 4923 19987 3742 8687 17905 8423 14061 19012 811 13995 191 19989 3279 8761 18785
2103 17568 14339 19927 13519 9972 14565 14690 8652 14259 10861 14095 15517 18042 8318 16945 9556 1191 581 17735 14968 6905 10325 10664 8395 19684
13492 5402 1771 4649 18091 10774 5615 5848 9878 4882 6536 1732 13613 1024 6015 18463 5978 7585 17684 18690 16926 19794 17199 9795 11794 15536
16932 7762 17222 12283 9807 17437 1110 533 14748 9900 5704 4187 16671 1995 15731 19935 6097 5680 11354 3419 4393 18516 3436 9448 13001 14059
14348 7023 17484 17799 1585 9147 316 4865 12480 8246 11170 10188 1689 16068 2240 11623 6082 4762 11694 1562 5546 3770 1486 6707 11715 7134
366 977 14380 9201 5691 14621 19728 5779 240 17711 15824 5611 9491 1958 17403 16912 3636 5198 13891 701 8697 15704 18658 17513 7105 1096
8641 15901 12853 15172 524 11267 1417 5248 6984 6570 3356 10925 5285 17396 4314 9837 9065 4962 8368 7386 15486 19589 18343 6579 18521 9560
1930 17603 7326 15783 9169 16532 7852 9810 6513 11652 7169 1097 1857 2775 1716 9119 6193 18280 17816 11990 2806 5503 14525 3986 12066 13831
8047 16890 10108 18219 18629 9156 13027 8672 16859 1040 18919 1837 11827 19096 7584 10842 18863 4029 8231 10733 8085 11322 14672 17953 1221 16246
17599 5602 19918 6064 17085 14987 8788 9691 3995 16512 12867 1130 13933 9733 5061 12494 19639 19991 16066 6850 17724 15521 12502 4624 2754 18838
19010 18803 14703 19200 15462 12941 8798 14155 6607 10834 16703 18602 2805 5509 11978 7387 11199 10210 4318 6781 19821 10439 8124 12671 15677 9503
2740 3717 3240 10578 10710 8396 4882 6626 1549 16824 19942 15020 16067 7920 9712 11725 3910 10332 12033 19878 10533 3276 4544 10881 4736 7915
19905 8116 7045 18996 1538 12497 9920 2308 16026 14711 9546 1254 15293 1779 14319 843 19504 11977 10894 3570 283 3492 14455 13301 11520 15137
3643 18006 8478 17043 18194 9881 11323 13265 11585 14429 9377 18124 12761 17821 900 6638 6136 2748 4005 12921 12770 15948 3610 12638 16148 14981
14001 10558 11886 7099 18419 4066 1517 12199 16855 152 1920 686 13413 19620 3832 15978 9287 3826 13809 16583 11124 8005 19495 6886 3234 617
16460 11575 2048 17879 16184 1861 9873 18043 14779 16535 14567 11591 12346 19239 5183 1168 16183 5778 13213 9060 10893 4076 4071 9860 3494 17806
18503 12583 12141 10336 13332 16495 8458 3228 11634 14920 3447 2028 9217 19066 12435 14415 6961 7709 819 5767 10628 11988 3148 18344 3698 19546
3860 18473 7930 13873 15405 9906 19518 6147 12762 9239 2249 4868 8687 4234 6907 7181 9423 371 9394 5800 17859 16362 19850 8323 10417 7396
2324 15606 1304 11197 9230 13363 3595 9516 18263 15929 15168 3930 2981 3199 377 16285 17896 13924 13216 17289 3503 9093 9932 19727 7570 10892
364 5173 11903 18618 4936 11994 16342 1573 14451 3804 18195 7128 1889 16847 6506 18176 14254 15048 358 14819 14507 19750 14233 2343 5556 16408
7996 4251 1117 12844 12682 19888 2324 338 6273 13613 9555 729 18582 10353 12950 1465 18334 4398 8434 1941 14602 19963 10464 7970 449 13044
18321 18184 4007 14311 2079 4382 19874 14948 14089 5189 14116 9297 5750 3239 15098 1985 8794 6966 7626 5539 16156 19626 15809 16792 16956 17185
5155 18939 15270 5869 4280 16990 13181 10328 19311 3745 16933 17095 1325 5094 14970 621 14972 1502 9083 4786 13325 1773 3407 9954 2300 16937
12075 7244 19056 671 2879 18700 16198 18142 16486 19058 7328 3392 13409 12862 8304 11862 2267 15339 11770 6380 19769 16075 14499 11484 11293 2013
9237 1192 4796 14216 17947 14553 11226 17444 10509 13473 11148 14138 1465 3439 19616 6488 13928 8618 1725 7305 10438 10792 2822 15277 5939 19797
15900 14674 4058 13933 4126 15593 16832 16005 1244 17493 578 7296 16801 5986 5101 4730 4800 11670 1327 14334 740 3605 17911 11363 4321 18775
14213 13134 16254 11273 18126 16271 5061 356 8468 8287 12566 14020 17878 3681 12543 7565 15822 15311 16914 6437 16814 19207 8662 9641 16388 11415
12914 15315 15946 17077 6507 2271 9275 26 14843 16455 9414 8773 10364 10727 5673 9578 8836 7197 7770 14691 10352 2464 4815 11100 13391 16024
15957 15217 8715 14073 18395 3737 7509 11857 8796 732 17918 5543 13682 19542 16378 18929 3190 1735 547 9375 15651 17969 1516 8249 207 5494
13796 1714 7550 15763 609 7659 1480 14921 14470 2341 10232 12232 5102 8285 16560 15431 8924 4906 11346 4931 11082 13608 8816 4080 13529 15487
5729 6972 12477 19801 7498 10196 6752 7833 10382 10630 10285 7006 9272 14437 14393 11602 12663 8541 18764 12416 12696 12325 727 11514 17570 29
10892 4532 16058 4154 4074 13251 10413 7206 14582 16094 13708 18923 7622 13794 12724 6554 16602 2601 12632 18658 18965 13659 6888 8881 13840 13338
14868 1940 6687 3713 7411 14589 161 12166 7736 15300 9222 6994 5490 3572 19026 6515 11724 4016 4724 14300 14574 4862 1933 19319 7533 2093
15923 18951 17604 15799 5796 16445 4261 2260 10483 16796 17178 1469 18175 9802 13244 19960 11257 14856 1762 8272 3274 18223 17269 17083 10331 5204
9922 10185 19697 17705 11822 16950 3858 10603 2534 16005 13098 6441 6530 10776 10671 14017 5542 6184 7596 14637 5571 5225 9998 8398 4939 13238
19020 11835 16116 12405 888 15863 10305 4243 17525 8824 6143 3722 5613 19827 6704 17340 13964 7963 19561 4555 15754 16212 14506 11002 18602 6365
9545 15403 13506 10130 13659 10817 7100 5730 18904 11293 6987 12922 8870 7375 4131 7710 13800 2715 8467 3257 7096 19777 5967 15231 6009 4402
4679 3325 3806 850 9718 4594 12266 13912 1883 614 17062 3935 8143 12220 5613 17815 3019 6328 1966 10498 18292 9522 9466 9056 8796 17987
5214 8859 1180 13422 13605 16837 19596 7650 1244 3902 5723 11342 11266 12546 17853 6823 18212 13504 9928 10442 6394 14903 5597 492 15826 11083
4430 14074 7762 11142 4242 7477 17013 19679 12246 10271 16782 19418 8420 14103 16008 2817 6786 279 3673 3764 10241 9707 14714 5553 4674 9185
7538 15063 6415 7834 655 3323 15105 16038 6495 15065 4468 11433 9702 13436 1097 19533 18567 19121 3981 12890 5607 16170 11790 3940 8387 12120
3852 10041 14685 5566 16265 795 4758 11904 7351 2714 1341 10060 12715 7614 2692 7215 6875 18249 15162 10384 11116 3395 13885 13783 3299 13301
2120 12217 9167 4865 12745 15500 5582 17386 3570 13106 69 10754 13249 11004 16673 12501 3801 10186 4573 7219 16642 2139 6233 9818 566 3919
6601 15816 17700 10424 18039 7533 5578 8588 6828 3128 15542 4863 16216 12718 10116 14226 1488 14502 38 16132 7453 1256 3190 4854 16964 17439
5461 19238 2641 19681 16728 16423 13225 12283 17469 12973 19609 18984 12274 10210 16577 19844 2891 18180 4693 19038 6902 2076 3566 3979 5130 16304
13766 5800 943 14160 10793 18919 2117 6308 3558 17391 13748 9817 15791 12226 4242 1613 4414 12543 7222 2779 19748 6599 12533 17314 2487 5556
14282 13098 1295 6513 5402 19612 7091 7548 4114 17174 8506 10076 775 9760 14221 15176 1282 15621 11951 9152 9151 19121 13509 2671 3875 18709
6385 18486 17955 1076 11914 1967 9132 3229 295 6647 9460 2029 7657 8298 87 3152 11848 14215 13613 4428 16103 8478 11628 15426 5485 18229
15437 3936 1932 13164 9732 3493 7023 19594 6913 5966 2831 6717 14774 15172 6726 10756 5756 3031 14290 161 3760 3976 3227 1569 14851 9458
16413 11157 7374 10633 1609 16169 16227 15330 7193 8508 6448 17295 13715 14907 19549 19592 2687 7920 7380 19345 16165 16741 14494 15539 14266 1622
14637 14726 15181 40 16931 14121 17841 15788 18817 10745 16531 7243 18602 5369 19764 8343 5841 1775 11809 18124 746 17670 14139 9089 14618 15341
19979 16445 4184 14466 15507 8634 8753 10800 12031 7064 3001 9504 19680 15606 8428 17512 816 17220 13756 14007 5544 552 16546 13426 18196 19093
17748 69 12342 11946 14636 3715 8725 1959 184 7880 19331 4769 11447 13013 16744 9144 19597 14611 5791 6957 2032 14442 2960 10612 19549 18031
4219 7164 15527 10652 18216 8753 11665 8836 12376 16240 19027 1026 17151 2621 9591 13370 6672 18348 13293 16992 12927 14144 5800 13356 8898 9092
1046 10147 5931 570 17972 5487 6910 5163 15892 11259 3383 5577 8769 9563 3502 12226 4035 1259 3954 4011 3734 17336 1504 17555 3481 17711
3864 3234 11461 4106 18757 16972 14799 8750 6048 12085 9615 11218 14668 17878 5341 8912 16695 19220 762 6038 110 17628 16349 1594 10399 9764
14957 8891 16708 10734 5180 2968 16048 17180 18706 16262 15012 19890 15706 15575 1306 15917 8070 15143 8603 11173 8168 16733 16456 8530 7128 3055
14910 19165 6399 9636 10173 6534 9244 19637 11049 5076 16291 15110 17637 7264 16011 13064 15249 14051 13085 13893 3042 18309 6941 18045 14685 15632
40 1233 18038 10629 3144 13024 18198 12151 5706 2089 726 11378 14220 7736 8021 19739 8539 9854 19117 2297 1609 5686 12375 17561 8457 10057
12674 9214 13560 1329 18766 7964 7530 8493 14800 12929 12964 400 13471 16503 2745 19659 4598 3408 10987 13172 3246 11802 10281 9075 8620 12086
2358 14183 4689 10138 12684 10602 18087 3039 15510 2779 16292 11130 18645 2534 3980 16151 18048 14299 7353 17314 19532 3707 3096 5613 8443 17306
10811 10768 6865 4620 18242 5241 1739 224 8592 5853 5440 1236 14207 4974 3563 12296 4852 2928 4 1437 2981 9689 15806 8309 16684 19226
107 9442 10526 17130 13171 16887 13823 8102 10882 19452 10623 16909 2759 7919 9676 5469 8924 5411 16672 10219 4452 12153 2029 17751 8604 214
19742 8242 14090 5992 4656 15329 18012 13009 17530 4062 10596 17595 11781 3231 15347 7036 18861 3152 682 1305 1442 14198 141 6424 14164 7226
16924 16810 1027 13148 11995 14410 7955 6494 10355 4522 19488 4104 11357 3796 3831 3623 319 3182 18798 7042 6595 10798 13359 5528 9555 5649
12515 15107 18852 2896 7389 203 19614 15239 10604 2501 697 16186 1020 7347 19425 9653 6238 19980 2359 17526 9894 13751 12624 12401 2049 14459
7249 2556 4387 15446 3744 7763 12695 17357 19366 17951 18143 11132 8430 15654 5123 19894 17450 7217 19050 8352 9600 16635 11305 9148 7183 8111
9482 16992 18454 16202 9920 6373 4576 16850 10434 13282 15779 5668 11440 15375 19244 9349 1551 1604 6121 13211 3153 7734 18488 9585 17866 19302
19211 17655 11916 3424 9777 18843 8343 11855 934 14628 10489 19029 17872 16461 4621 4158 7654 2934 2611 3144 1602 7094 18987 13626 3981 1036
16993 11175 11774 1202 3106 7730 3841 9898 13086 15605 288 12033 7600 9933 19746 1773 18894 18342 12851 91 14052 6960 5080 12340 10982 1489
11911 19997 18078 6904 1678 2660 12639 16486 8507 3165 7055 7377 9922 4477 6955 12880 15999 3050 269 19707 14644 11203 1264 1080 13810 3213
16971 7924 7432 13956 17206 10492 11246 14751 10240 19476 5224 2262 2792 18418 19650 13565 1702 5061 358 9668 19438 13533 2024 17059 12049 7800
11893 1924 15920 11410 12536 16920 16836 10039 3334 8970 7084 17189 15157 3592 5273 15122 10918 11632 7011 7162 13859 8599 9234 13040 13814 3110
18241 19287 5906 7418 11149 2524 16644 1956 16135 19789 4479 12722 2884 18071 8422 5896 2486 12737 358 16664 12889 10267 10830 4571 4626 18843
6757 1950 5212 6830 7355 18651 17990 13810 4879 17585 16054 12990 11008 13691 16947 11504 3408 1224 17083 16879 4280 3112 19417 12096 716 16119
1170 6366 17987 12748 17768 12174 1882 7616 15432 14259 6342 2674 15389 15264 19512 7620 15455 7870 15935 3302 3344 9709 2153 16720 374 8215
12212 409 17141 3656 15775 14368 19634 8835 1013 11310 14451 18063 8454 1970 6186 9063 18390 10864 10841 11916 697 5819 18189 2820 16283 3854
4782 13098 1988 9786 25 3986 13126 5483 7826 2945 1293 13112 3032 16953 2372 11105 9433 6458 8763 19275 2779 5690 19211 10725 12399 19076
13041 2800 11347 17592 11971 8606 17714 12669 14703 19105 18527 14222 629 15378 6977 13765 10958 3764 9752 11219 18716 12374 13424 16175 13342 10104
18266 15319 15078 19637 10297 10081 12080 7277 14787 14899 8893 12346 12392 2729 6295 9789 11891 9359 16250 2151 9660 16160 1811 6765 6758 5385
12008 14243 168 13439 964 5893 3061 6483 9955 4859 16973 3567 7491 3835 8374 9261 3871 19096 13218 9708 210 14881 14564 11086 16372 19582
1796 15566 760 3144 13301 11004 2645 3385 6690 1255 15180 522 18313 3784 13769 16830 9254 12189 7390 13466 12177 7793 511 18761 1486 5708
8458 17852 9230 6735 17547 17256 16110 7154 7824 16931 7313 18269 2979 1096 10526 2986 17430 14717 5968 1830 12953 18827 9446 18645 16171 1298
18356 7704 10052 19571 14957 18894 7678 287 8941 4598 17185 19962 19919 3352 5174 7504 12584 1481 4177 15973 3325 16825 14710 19551 18265 7351
18067 8433 9459 19610 11120 18475 9032 42 18793 2110 35 5742 3457 19214 17492 10225 11330 18918 19412 8066 19775 19516 12888 17004 11773 2299
10916 10339 19384 310 18639 7880 15212 16896 15772 14939 4326 18443 13039 13960 1987 17594 15185 12174 8473 9610 19864 11609 13480 471 8677 5121
15888 6908 5784 1752 18130 3597 3072 19727 19199 7457 12003 5636 2677 15522 12923 10203 16598 11483 19974 3787 512 6744 12754 16321 950 13118
942 106 15065 19948 7059 4271 9396 18247 12944 13111 12665 13599 3948 752 92 8076 15980 12553 10124 16390 7624 15658 6035 14966 6193 17305
15332 15296 16511 3172 823 7912 1545 19242 7543 9534 13840 1090 11590 10319 824 12992 16454 3477 19238 1810 15665 2081 16367 8645 11268 2299
6272 11654 6557 476 7617 976 5738 2162 12334 465 6577 18788 10518 3092 4879 9549 2862 2343 11635 13231 3769 9564 6425 13098 15154 16289
19957 17229 10584 4196 2974 5869 666 19663 4616 10169 17122 5746 18756 3067 4400 15982 2469 15899 19682 4522 14382 15958 1223 12947 5996 6689
12836 18123 10420 1338 15928 7032 7459 5249 8863 18392 5572 18707 6280 18725 16412 7609 3289 1886 10246 8284 83 2998 6978 1303 1895 6249
10127 8152 1489 8885 5080 5748 3592 18735 17680 2093 12156 17046 7147 10503 6137 8371 8415 11728 16796 17362 3557 7934 4787 14444 1565 17515
12663 34 2557 10054 11368 6850 1239 9285 8236 16389 3351 13211 17821 4592 8269 11458 1823 17512 465 19625 3942 5566 16751 7933 62 12955
16590 14534 2469 7848 9675 7158 9552 1129 2131 15284 14214 11225 17850 16713 7465 738 9486 14259 13227 12209 1841 18714 4993 2931 19730 15054
7008 1509 18730 13801 15191 2018 11119 12542 35 3951 4971 2875 7011 14154 15644 365 1202 11196 3991 6826 2050 15543 18932 17851 14639 5513
6766 6798 19835 3913 12231 18248 10665 14817 14062 11386 15715 7315 19906 3932 16214 16751 19287 15900 9040 16489 5439 4479 14221 9573 6860 15953
8278 8755 2257 10177 8758 16509 16553 824 8684 19156 11015 13222 17841 5754 8653 12758 15753 5239 18954 15344 8976 5024 5015 13812 2394 14542
1957 3811 11242 5658 7771 16551 6180 17289 19151 16628 9858 12348 15064 3356 6863 15836 3033 18046 4047 7400 2750 18183 4839 302 13550 10886
7277 18014 6334 14615 7989 7863 2804 2980 18552 7948 16271 6616 1645 7613 4987 4867 18532 17075 5253 2421 1949 8520 6028 8686 6737 7530
18799 8599 1113 17531 11154 6252 10803 10186 10125 8342 6089 10410 15144 4724 1570 11173 15575 817 11895 8545 828 4454 1086 7133 8593 8939
11145 18528 4993 14823 7643 18041 1099 18947 19711 671 5831 5377 16975 8988 16428 901 804 13519 17088 17729 16999 16699 15074 7214 18757 14816
11360 14806 4504 8102 14432 6753 17314 17370 10406 5240 14178 17804 18413 10075 13857 5195 12355 14851 57 282 15143 11634 7558 18519 11418 1364
8140 19015 16264 14326 17434 2274 15472 12812 4355 6814 16430 10537 6802 18986 6632 16691 8548 6331 3808 18309 2154 10636 3779 1630 11080 844
1583 3928 536 2493 10146 12603 19365 14043 6420 913 3381 3689 5075 10954 2857 18443 8948 11195 18512 2425 3306 641 16672 7632 12948 3848
8093 12598 4806 209 5232 14148 1052 2775 14092 11599 6252 9640 18438 4885 2533 10783 6502 17873 18809 18553 3190 6050 14982 11089 2835 1488
9812 6608 4397 5194 5043 13270 6630 13480 16711 19738 18941 10722 12561 13920 2090 5579 1664 8585 7561 18656 8150 3848 9305 2718 19741 2055
10768 19761 18462 5924 21 2061 321 17570 12746 10566 19324 9401 12738 9290 19218 11370 17810 10247 19422 3248 8170 4010 8571 7097 10884 13392
4290 18800 19262 3061 1618 771 16157 2186 8972 83 231 800 8620 196 6158 18860 19860 17928 152 2094 16203 2284 11534 17568 8502 7091
19297 6690 2594 2066 4678 8955 4070 14444 4431 8251 15359 10573 6070 16332 5157 1511 4686 17136 1597 3503 10426 7731 7428 15376 14560 5488
6176 18239 13115 7140 11298 13655 6604 12854 10539 10400 13509 10923 5335 6429 11314 14391 1811 12913 18813 3222 12085 17064 8883 18310 5525 6022
8529 15063 798 6996 17081 18898 7976 15074 2454 16959 333 1784 12124 1713 4216 7021 10957 9256 8125 16457 3145 2791 84 19466 7741 13058
3743 4402 15908 14662 1388 669 9506 9965 17231 19135 13369 4452 7479 7956 12469 6581 11297 9929 763 15354 543 14104 7545 6506 9982 3140
18417 10281 15394 18489 5323 8264 2051 8255 6420 929 5740 16303 12777 8605 8443 5997 14263 12480 3141 6136 12871 810 13017 11474 533 13948
5531 14413 13306 1382 1528 13865 15136 3707 3749 10661 5608 9254 12471 16496 19260 6081 18587 18481 1186 16950 6192 8359 14421 18468 5977 19086
14717 9768 5011 12828 12430 1710 94 6497 13258 9761 1252 4602 16223 13266 16797 6339 3606 15174 5915 19328 9245 14893 9619 6236 14325 3030
9524 4426 6842 2212 19229 2941 2850 15493 1923 18804 1599 13841 12241 17813 1134 19477 6436 2022 8087 6101 9970 8488 19189 11593 2010 6443
6205 10997 1246 4567 8917 14109 4082 15840 14561 1746 14070 9802 15003 11302 14558 14585 8040 2855 15171 10888 2515 11941 16970 6967 5721 14439
8060 10976 6346 12001 4211 11748 4798 8343 19447 10918 11169 5927 1823 5706 11591 9430 11581 4235 13309 10328 18385 8893 8269 7388 7528 16440
18358 15965 13402 10153 15572 17488 18980 9991 3070 6287 4772 12157 16344 6449 18857 19888 16733 3368 17695 12930 9477 13137 993 10549 11014 13374
15666 6723 8347 17072 7857 12266 18207 6505 19213 17031 2853 2084 13188 5398 845 2071 15283 3590 13487 2889 15520 7172 10617 1602 2544 8458
2770 10872 12242 17115 6065 6648 17792 18688 10965 6052 18 7651 10685 18614 3063 19476 18454 4597 1010 6909 2832 16429 8945 14506 5304 16914
14046 18481 19477 3095 15759 17450 2445 12853 4461 18160 7451 7612 19246 16252 18497 11574 6325 19289 1441 10130 15705 3321 458 12283 14722 18850
11787 18266 2668 17885 1090 3403 15483 4642 6974 17069 10549 5036 368 12680 1550 3947 19794 19401 16871 2247 5931 16638 3393 14933 10481 19303
2018 9805 10658 3578 13201 9351 4976 1330 5825 18337 9313 16965 16594 19698 11156 12467 16038 15332 4370 4956 1741 17696 14710 10471 16218 18520
14985 8200 9440 944 5605 19449 10848 3357 16575 17695 12243 5695 12349 5744 1626 7301 14723 14753 4600 18168 7678 18201 71 11051 17035 16298
3030 12597 7322 11859 2296 14128 5984 14656 4370 15457 8030 4092 19354 10160 12051 7259 6922 10175 9684 18714 15205 13866 5097 4727 4995 18295
7963 10106 3161 10467 19031 1865 12679 10443 744 5610 10564 176 19005 6267 2242 8506 19387 2682 19511 10763 6723 3575 4944 14985 8590 14328
267 2592 2540 9957 12929 13270 19905 10773 13262 8055 9364 198 13243 4470 16771 9013 8366 5434 8624 14563 15774 7916 6144 13549 2263 7381
10795 18990 12074 6575 11079 12897 7314 3327 4654 11836 2903 14971 5391 1434 3076 93 352 883 13464 2715 19583 597 10436 2908 17883 14758
548 16389 2885 6894 17030 5813 6613 13433 581 5858 12551 12773 14307 18298 10525 2953 9235 12235 14727 15388 11039 18457 4475 9757 8504 3110
3810 722 346 3589 17941 18017 18663 835 9165 3029 5208 14209 15404 16461 4560 6114 13321 17556 4929 9157 12033 15465 7746 19501 9050 283
3798 255 10255 11501 18780 15107 2508 8859 13182 15130 10323 14867 9005 8616 8319 15038 1899 7952 7902 18557 19614 11839 5271 16711 409 2865
3460 5666 10912 18942 13420 5808 9504 9844 3499 9359 12370 2331 8773 2202 8775 11978 5113 10288 5875 4897 18001 10781 12889 13902 13124 5956
8581 3429 17782 13594 17457 5581 16968 7392 7538 1746 8684 6190 11544 16965 3241 1409 91 7946 11529 17915 14834 8712 8793 17181 5370 2860
13139 5925 2369 17006 7191 16568 19542 17099 16923 2377 9115 5371 10764 6209 377 18943 19427 11438 3431 7879 15804 16190 4406 11773 541 8480
13382 18094 2110 7742 5303 15741 12987 2944 8133 15546 18711 2773 19566 16664 9121 17761 11521 14478 8716 8633 4107 7825 15875 19558 7528 15474
3788 8773 5852 6785 19149 5450 8155 1157 18063 15094 11207 14940 13114 19057 10895 15345 11181 7520 2622 12691 15381 12017 14039 13603 8743 1806
7956 12233 8159 2488 19878 1428 13816 6231 2170 3726 10489 12158 3326 17074 4546 2436 7658 12824 12829 16332 14893 3224 4594 13989 17533 17518
17589 12825 11297 10945 18394 15611 13114 15977 14407 312 19839 15190 4438 10948 529 15938 1383 3776 10836 5978 7755 14893 2466 16438 2976 4713
200 4829 13471 14038 15388 9286 14356 9431 5839 14465 761 18070 6161 5621 13829 10007 9756 9136 14613 15894 19819 3362 5244 9640 10081 8062
8759 4032 4053 12917 7819 3928 7060 14023 515 2027 638 12889 4514 6736 11348 12113 6918 10390 18822 517 7959 17095 12040 6450 1499 19566
10361 3378 4417 9791 8856 13285 12144 17234 3669 8623 16451 10848 11048 17340 17200 5656 18204 17282 18882 7678 17857 13888 2056 10780 1900 10779
19248 9250 11309 8405 11725 18754 15213 3848 9553 4743 9725 10700 1874 4134 6943 9176 11901 11563 4791 4355 15681 12318 2787 7066 9680 9269
14051 974 6394 8954 17543 494 11604 3999 6468 17982 9463 3941 2205 5949 19994 8707 5578 6982 18370 5367 18332 19851 196 2226 6448 14609
11746 15397 13870 4590 19396 286 11287 4706 6112 17085 8627 9423 15193 17433 13094 5156 12823 1358 18312 5072 15162 17951 2030 9116 4867 16415
6764 13983 18051 13818 16786 19201 9060 424 14072 469 4166 15139 8867 7066 8572 15178 10963 7320 2761 9928 4579 18759 14684 6131 14268 3758
10707 12091 5326 10965 6095 14897 16203 4514 19516 10509 5885 12246 11719 11594 17237 4203 3928 7801 8921 18216 4908 4843 6835 14289 2767 3183
8359 5142 9244 777 11629 6584 14642 19943 16543 15198 4923 2552 2257 4089 3238 635 18084 14095 7730 15631 10373 7315 15469 1204 9652 5927
15418 7033 578 14995 5441 10927 6550 5888 9916 11102 114 8347 14526 14000 18711 12649 13505 1377 7194 13851 16456 9888 14751 3027 8912 334
4728 6215 8786 9002 646 2115 19071 7955 19067 7265 4999 16525 10584 17309 18474 4364 19888 2194 18739 17698 8986 1955 10536 10203 11215 684
17102 12147 8037 11045 2864 9950 3994 19459 3214 7492 12383 4585 14595 1063 14609 10436 17904 15487 13451 11038 13445 8854 1738 8573 16533 2920
10236 6372 11894 16564 572 18385 4350 8853 14790 6883 15566 1256 10521 5470 18863 17571 12767 18917 13877 11083 13397 4808 11191 11860 9389 19564
13145 7097 16602 5900 7517 3307 8834 5210 17072 8914 2612 7815 11073 17281 19324 1983 629 5151 7205 13624 18139 12111 10238 16928 15954 13743
18418 19246 3322 12045 11573 797 8657 1701 4213 17597 8270 10407 16629 19681 8031 12907 17403 8346 6376 7016 16512 18537 16545 17716 13065 14441
12248 1251 16820 18472 6330 12667 13760 14209 17720 10487 16404 15016 3337 18591 14297 3782 1484 3180 9870 15360 18408 19235 4880 1319 16849 19598
14438 14656 18737 13193 12023 16407 4591 14879 18201 15207 682 2431 7428 9377 16467 2952 13739 3222 2260 17232 4343 6307 4803 12434 14888 14681
13426 6464 4280 5298 19857 14990 13753 284 19403 3950 15546 14069 4485 6071 10305 11714 19497 3961 5231 17596 4566 4996 8280 11721 15933 6767
9328 6448 9879 15347 14934 15137 3833 11423 15298 13363 3358 9723 16968 13627 18892 10797 9296 11483 12760 17361 4035 8851 16619 2936 12433 15394
3067 15517 1026 9313 12934 2889 1620 3845 9750 18795 16712 4508 12166 670 17738 12497 13735 12945 11861 2045 14511 12862 10162 4846 5555 5955
8924 6044 9234 17914 12587 17211 14004 9365 3255 15727 2766 10027 5958 1470 5749 7645 11397 10043 13119 17802 19723 2374 5961 13339 15981 8966
5923 19727 13862 19832 13820 9909 16240 13292 18088 9605 2453 1108 11782 12578 19663 12246 17644 16159 1500 9034 9578 6121 9612 9855 19388 15376
10016 12704 17788 6673 15175 18824 19823 8788 19656 933 18372 1186 1637 5497 19403 19752 13440 17149 18050 14233 11083 1103 8273 2923 9319 3764
7797 13758 18264 7399 9051 12859 5749 1553 14165 3828 4877 14803 10699 9304 6042 4643 10265 8672 8132 7919 15419 10184 857 8203 19755 19451
5791 15706 19023 14729 13365 13577 17044 9783 17738 7076 7343 5618 15309 1364 19345 3940 19221 1654 17584 11108 15690 11538 12058 19926 335 18913
6077 12769 599 9615 5064 11210 12504 1989 5271 8205 10482 7743 10212 15348 11243 18458 11186 730 19477 13487 11843 14427 17195 15273 10175 4838
14459 9699 17059 17014 4439 5204 17495 13 1690 7574 10724 4735 12634 18434 5669 7320 8474 7417 3784 9527 8515 3043 13226 12624 3663 9294
19645 3968 11517 7821 4078 10488 6146 6329 13738 13946 4057 11077 6647 410 4473 16127 19429 9840 1854 2249 5787 19276 12729 548 15379 14529
15949 16644 379 11542 9452 8658 10959 11192 1034 12058 10072 13061 12678 11101 7003 4456 10272 1431 9831 513 5972 2719 743 4802 11232 5104
18956 698 6476 2905 6687 11780 14368 16649 17160 15950 10042 11931 1958 807 2074 8747 2117 5176 6716 9541 2818 10860 7398 16805 1395 7770
7520 18425 19170 2598 1204 19250 2272 9833 14306 18173 9751 19526 9519 5747 7917 109 8875 17454 9947 9296 15726 14682 15884 7982 2874 7373
4512 17420 15401 1175 2247 12185 19900 17716 15942 5695 2983 16021 16943 10879 19488 2369 3410 7338 13994 7999 4959 14268 16147 9590 5738 667
3846 12846 14306 9749 12853 2381 2038 15576 9687 15670 19150 1429 1584 11438 15071 754 12171 10204 2080 880 6983 3542 9455 16078 11265 11014
8005 6420 9508 7684 12254 16995 8613 6814 11326 16359 2184 10319 5717 5331 1324 2415 2682 18958 18158 5243 1145 5792 15198 1301 11512 19951
18821 3521 4300 2518 12242 9100 19328 17505 8760 15944 18810 10754 475 10298 7469 14161 11421 18684 63 7858 10902 19309 13304 6475 1084 17869
10087 11323 8511 19448 2187 12402 11513 19057 10205 19394 5664 3015 3317 18495 18404 12297 14126 16013 1720 4592 7819 6915 11067 12589 4817 2254
9825 9718 5228 4646 19058 397 15026 6927 9496 1937 17606 1573 2138 2544 7747 18658 3574 11678 10113 16428 5393 7630 12794 18504 12961 16796
13260 686 12833 18241 11914 8903 15941 9684 12918 9731 14802 7719 2325 8509 3139 4850 12198 11950 15486 2221 3080 1899 13123 11599 7573 1999
19144 382 3938 1408 8153 3884 17206 18470 3734 9331 7477 17454 14830 2805 8854 1779 13245 18505 7192 8711 19626 6963 8975 265 15896 1183
307 221 3605 17912 7482 5986 3908 11675 13827 11134 9472 12058 11956 282 3440 12388 16356 1385 17592 17392 12077 13194 12775 2217 2053 16797
16322 10356 4498 3370 2988 18147 3957 8084 551 9257 12897 2451 428 14952 13466 7198 7768 10566 8454 12262 12401 16148 12618 6552 276 7160
13125 11772 18613 4249 11625 321 15383 11976 11281 17812 13965 13780 10159 5104 13611 12961 12126 8422 9233 11243 16539 4034 11675 4000 11216 10862
3164 5237 127 6289 14302 15181 16267 15867 10455 7735 19503 1999 16502 6467 934 8895 762 13988 14113 6887 13774 2464 18753 10929 5575 19843
16707 9800 17546 1869 1824 1041 6171 14076 4072 18260 9088 2124 4262 8102 5286 17388 18856 3696 15831 10684 7461 3335 5094 5828 10598 4946
15239 4946 12011 15631 5667 9825 19134 3074 16505 4526 2437 8565 9051 13700 16259 9848 9791 9794 16786 18722 9912 14217 2972 7390 9369 1202
15 14898 18897 14483 6114 9764 18958 10021 16292 3717 12818 19428 16169 9096 8339 5003 8302 17962 16104 7712 10779 8874 2461 3237 12628 19214
690 2074 17940 2937 383 10513 10447 13539 5164 10033 15177 13497 6299 12530 9287 15109 19917 15014 4472 14459 16695 18420 260 18364 3853 17213
6928 5646 12715 13176 970 10260 16854 1993 948 10882 18203 10605 5500 19413 17586 7554 15893 3150 12229 11644 16077 19923 12211 4478 2643 873
15248 13217 934 19883 15261 5081 7451 14213 18796 16402 18245 5837 12576 14343 4225 8186 15936 5129 19648 19042 7484 9281 4811 5391 8357 7192
2926 8289 1322 479 14553 12693 909 503 4201 242 3486 19714 5514 15735 16071 430 15640 15523 10769 8490 11975 3958 10371 4906 8593 1257
10668 1004 4650 19119 19159 129 5266 14910 18593 15006 3289 18606 3825 18647 9875 14480 19888 8419 19324 15223 2222 13530 8494 19813 6871 18245
11159 5075 7395 1363 638 12414 6601 11151 590 17960 5798 8539 1657 7736 18976 18099 2657 11938 15045 2827 11272 888 16869 13659 801 7435
14814 13658 11753 1237 8955 19203 14718 13235 17312 15984 3420 16662 14402 10055 8990 19495 1078 9340 4080 18764 8390 17771 1420 16379 4567 1305
5149 3881 10133 12135 11913 13361 7017 14097 2724 18326 4899 2879 6815 403 2171 17539 5587 10382 18055 14964 1756 4403 11878 15960 853 19990
2315 10474 14912 14846 10566 7561 14678 19127 13597 3812 17618 4016 850 3197 850 5248 10889 112 6440 17501 13290 4904 5048 9906 9879 7187
18142 14976 8269 1941 10686 16879 8818 12825 3604 6501 17891 1497 2437 11175 12529 16276 404 11392 8557 6548 16121 6769 9662 13560 6004 14724
8824 507 5417 2828 17699 11208 980 19554 13316 5989 8336 4798 12482 9062 18798 10355 4509 5195 11863 18373 15523 19791 11626 6616 5869 12030
9222 18549 14035 1478 12548 6073 14150 2289 14518 3906 11619 3426 17164 18122 15703 8006 10111 13007 2352 16178 7054 6874 15534 19594 13944 13929
14600 10879 9249 11379 13990 9860 17133 12640 17391 6512 6809 13710 18643 6780 16337 3055 19222 3463 17311 9579 12110 15061 15115 16588 18455 2736
13182 12231 17839 11425 9633 3840 513 603 16771 10630 14041 7940 1842 12253 19682 213 16564 4583 11206 3077 103 13373 14440 5928 8540 9791
4502 2445 16713 3299 13097 16189 3474 7338 12462 11061 15690 15168 16941 3127 7915 16094 16604 18186 17993 16944 1740 6293 4365 2619 19162 72
16141 16601 10146 14193 6271 4556 598 13867 788 13274 11948 9631 11695 1041 11786 18323 13337 10294 19853 5308 16711 4854 15227 17645 15438 7019
19059 19684 7833 12126 7897 685 12507 8576 5053 9734 18537 16257 197 6022 11358 14811 283 16428 19655 19624 4280 18236 2026 4683 8025 11397
7041 2296 17591 4785 11533 6537 4925 18173 5748 14171 7035 5391 11621 19055 2982 13811 11266 15433 8139 6888 16306 10395 7189 4387 13956 941
5016 16660 13003 4374 9334 17258 9882 2573 15552 7912 13755 15700 9630 14464 7127 3870 15043 15419 8466 7721 19578 5644 7366 9733 3994 12342
17909 5241 9304 12723 15937 17749 12816 2110 4967 17723 164 6218 3370 2671 17886 2786 5697 14184 11239 6941 17253 9582 18303 9833 5899 19678
5144 4128 4618 4297 222 11315 4315 1800 10538 17476 1735 8355 12110 3693 9825 3865 18819 355 12526 10677 6973 6391 3120 11640 18152 201
6397 16860 3809 11674 2827 3106 11904 6127 17705 17707 12977 4854 14333 11617 1861 10049 8134 563 7350 7918 8601 11666 6319 17222 5526 15679
18876 591 3116 7958 16732 17614 2986 5619 16492 10498 1716 1111 2221 10189 6799 16488 17015 3584 11711 14078 14065 15305 14157 3798 476 10719
6723 4247 4996 8506 2132 18945 2656 9876 5131 12580 14186 17448 15369 8063 1567 19195 5099 7273 5701 7644 11678 13980 19620 559 15007 9624
9347 10987 19860 7478 9353 4305 18965 18434 15163 9868 2298 7568 7113 18047 17885 16517 596 12643 11942 6929 16417 13422 15477 8161 1269 14975
12833 18808 15998 5329 559 570 11821 17729 15843 260 11071 5927 339 9158 9099 6096 436 18741 1055 13884 13311 10160 10487 16105 14604 15532
7792 9935 16976 11110 9258 1279 2799 16057 17805 16396 16482 13166 13081 13426 18533 1483 5023 18819 6759 4665 17349 12913 10847 14493 13013 15975
10480 7503 17780 13610 13272 7994 4567 13668 19343 13779 821 15887 12201 15058 2248 2402 15834 13716 8976 14260 5092 15161 13780 3049 3976 12010
3073 17446 7420 16240 4068 6950 16043 9892 1151 18833 4330 2501 15241 8081 5695 6387 12397 11242 5736 4979 4063 1065 18189 11207 16620 3240
2063 18101 18287 1642 7236 341 16366 10571 19908 13099 5908 17012 12448 16329 12447 12203 7222 3970 10524 12187 11072 17471 15902 3607 19563 14628
7753 9417 999 3590 12260 7856 5509 3310 5777 635 1378 2125 10997 16421 17912 4257 15543 4143 641 3417 8255 7282 8721 3008 3541 2760
14546 11969 13533 433 7722 7724 5489 7167 10285 2034 19921 4878 12637 15954 4757 4503 14125 14301 2412 16300 10861 15654 12689 14450 3802 7432
14983 10961 7081 16730 7111 11026 11830 11155 4897 14166 2071 2794 5212 18048 18386 203 5272 7982 12521 12727 18517 19214 2426 18875 10684 13813
1307 10787 4070 9427 15396 1238 14285 3961 4129 6004 16453 17376 1007 17652 14224 7410 19021 17860 7566 3898 14538 14653 18504 14505 6281 3998
6395 13492 15868 3334 9985 17497 8832 15138 19465 19319 12179 16017 730 12438 175 16203 13700 19527 16705 19690 5100 11378 9069 9921 10026 3758
12024 5478 16723 11718 18574 17232 15045 18898 1584 6421 14127 16407 7153 12808 19608 12976 13662 8604 2475 2891 16489 5000 10572 9515 5049 16058
3213 9034 15840 16367 15551 17860 15271 16837 4111 14324 17065 1617 19625 17433 17448 16448 3431 6592 8308 17520 2894 18732 13451 5490 15363 17732
8304 209 6895 12687 293 8320 13967 17135 19075 3819 19078 10946 5527 18945 3536 6803 13805 9446 9494 13888 6263 16514 19058 7579 12149 3647
13352 3324 15496 2469 8469 16449 10548 14813 18596 47 3877 1594 5424 4152 13378 8137 6312 1785 17406 6208 14274 16260 4269 5348 9124 5975
11830 2879 7993 19374 16016 16262 16043 11533 5079 16938 12474 2182 7678 7557 9992 19976 17005 15386 368 4265 12529 15058 6242 3243 16406 5608
1144 11553 1970 5000 8041 4854 14736 2210 5747 19089 12711 19462 10418 2469 10864 18001 16032 2577 14946 17723 13835 9555 14156 5086 7070 7941
5086 10031 13868 13499 8677 19448 9463 16634 2801 8520 3472 13368 333 11614 6944 17169 14296 1936 9469 9010 4607 11466 17516 5176 15230 7513
10597 17578 4266 14416 18991 9497 4370 554 17634 5853 18250 7763 19230 16373 14029 1909 5487 7622 982 18508 3804 1243 15941 16529 19542 12656
6309 18908 4430 14828 8742 4965 13357 17072 15157 3753 5199 17710 19674 15450 17763 5386 13533 17672 12366 4277 8207 9235 10292 10643 5627 14516
17917 16786 18927 15018 2350 4212 12708 12361 15900 5387 4123 963 11305 13027 17561 834 12610 77 15266 3650 13689 7029 11031 17557 19089 14913
518 7185 8990 19263 13152 5161 12009 8513 18435 7911 7994 18485 13959 5995 859 15709 16083 14788 3953 19273 1468 6583 5040 5524 5928 4954
18003 18321 19259 5060 19501 10137 3606 11042 17209 15019 2507 14566 1590 19653 15947 9497 1738 7200 2902 10647 6976 12946 8726 15844 14507 527
18243 15613 7009 8576 17237 4247 5701 1445 13458 4413 139 19243 16902 9788 490 14146 8524 15222 5777 17436 1746 16407 4072 7971 6014 8597
715 15014 5274 13051 4314 7261 11784 2598 15110 17885 17900 5639 586 4997 13446 5679 2048 1044 16618 7626 3612 19120 2554 16887 2687 5880
748 9120 12302 5030 1385 4233 18127 6922 7698 12913 3728 7033 9559 7055 4141 6658 7583 480 11678 6906 2574 15620 4824 7077 12277 9788
5613 14480 8918 6637 10591 13096 14827 4208 14316 11100 3065 15391 15680 10070 3144 7313 17602 10589 13055 2687 5563 1361 15257 17017 6426 8548
3328 11922 14203 19509 5968 7365 19802 12441 11529 485 1164 12922 15740 10747 17780 6290 83 13505 9544 2292 4732 5640 19875 13260 15697 12875
15493 14045 14852 2354 2047 17825 13585 19690 10441 17474 13213 4147 10487 919 5930 11984 14777 4504 19502 2283 15407 13881 9129 3085 19583 8833
17887 10458 4726 797 7176 19204 5355 10138 5269 3178 8095 675 16944 11394 4961 15711 4793 720 4684 13485 14947 220 15835 756 4696 9954
19435 18326 6052 18065 16954 14476 3184 15009 19120 7537 17808 13532 5991 516 17321 5419 7615 9020 17866 2165 4218 1390 13477 4359 11558 14667
16588 6394 833 8141 15933 16442 12448 14382 7878 15964 18612 15251 4560 10866 5573 8891 11602 15093 5628 120 14641 12483 7098 13219 13559 15713
2962 16827 3755 1182 14658 6753 6227 961 10288 3653 13968 9766 10773 17543 17789 6614 9974 8839 2661 18100 4495 19016 7015 14025 6216 5350
8674 2951 7481 12978 15328 13589 6596 8045 19001 15537 13093 6636 12612 9449 65 18281 12830 15896 16521 14688 13597 6715 9322 15802 16991 1197
17492 8596 12861 11849 5859 14688 9775 5698 16434 13414 18533 12851 8017 17050 9559 13167 3772 16670 4368 15927 16481 14841 7789 1771 3919 3006
9300 17453 11625 2449 8871 8779 10609 17571 6013 19 7802 17594 1483 4327 3593 4873 5866 6948 9313 17163 15095 18615 1168 10906 10237 18370
6963 19114 4679 18260 11704 12344 17765 18224 6152 10329 9258 14280 18175 4150 17622 12911 6324 18289 15062 7086 14748 10730 11927 6156 6468 6153
10317 14968 19381 17578 8344 11590 1080 7839 2541 15550 1860 9640 19932 13710 14020 1802 18142 8129 16387 8332 19200 15026 17000 15636 12799 7609
8720 19574 3156 1065 16968 14188 6632 7428 7044 6332 16220 16423 1065 4269 9257 6895 459 2026 15554 18677 2816 17334 12028 2039 11776 6631
9237 6783 12089 1578 11135 4721 17735 4493 11134 3320 3972 14882 2050 15886 15056 4243 12033 13904 8494 8299 19257 15382 17847 11620 5084 8217
1146 15518 17947 13642 8836 16033 8647 7750 3501 11121 14090 18922 1066 1747 2833 9200 4091 9103 4326 912 3550 2036 8578 1162 17107 4839
2787 16337 8976 2691 7326 9095 13487 11904 19835 1117 15560 5589 13307 2075 8367 17053 13955 14561 15681 18142 18914 1249 1468 11726 3673 35
19254 12323 4718 15046 6810 13186 250 3680 5629 14730 19330 16030 13386 11000 8444 19701 9084 7408 8846 14199 6626 5968 8775 1583 17218 17306
13308 5102 8532 4653 19934 4908 10443 10484 10533 2149 7721 18280 2594 3619 1492 15353 3851 16607 10653 10192 17938 11059 12035 1902 2672 15218
3028 11531 2813 13675 19454 12443 4681 7000 6357 9755 7879 3269 15214 18402 15799 18099 16154 4570 9795 15927 18756 1706 6883 12511 7149 10747
9707 17035 4948 1855 11619 6883 12710 535 5679 12005 7386 4833 16119 14361 12690 4596 7732 326 8751 5941 15130 14013 10952 13772 1964 12096
17574 19019 5277 2378 14713 3255 4721 19368 5203 7984 13487 5763 17642 8616 2083 14037 13800 10453 14029 701 6388 11951 4271 17880 13862 4242
14913 345 11203 4489 6356 4831 7221 1656 276 7700 5251 19832 18895 1815 14731 16492 13770 3734 16917 14391 2293 2983 6895 14714 7641 10480
14820 15380 9670 4606 17526 6825 11664 12758 16196 17543 12535 10697 9884 7013 19907 3604 4791 13952 19404 17009 16277 15322 1687 14137 16063 3143
10003 15530 1590 7586 3165 5691 5480 11408 8351 14204 4401 18811 12127 16042 4322 191 7718 3862 7673 8144 3729 6977 4855 3682 10228 2089
12645 3868 16484 629 12759 2296 15143 14855 10883 14327 1961 15155 13230 15764 11688 18968 19128 5781 570 14324 16919 5035 4458 4302 16039 17260
424 19823 18275 12166 12333 9735 11456 18742 7752 3187 14649 9493 19961 648 4663 1550 11846 16373 13382 2491 2320 6339 1719 8261 16633 219
13971 14951 9627 13772 6546 895 12979 3824 14300 18440 4105 9977 12 16417 14365 8220 5020 14770 10931 2669 6539 7328 11271 11954 2271 1668
10073 12974 14236 10550 6643 9163 6381 5696 18588 17730 16217 14047 18017 2437 12563 1477 12667 19361 2271 7470 18674 16646 1481 3535 14680 15977
18696 54 16159 3560 1909 12808 16675 2556 6351 15361 18300 11931 12775 14874 6569 14624 1841 15694 4510 15257 6649 9393 8206 13249 18226 6827
1855 3843 17678 19867 4812 4636 17755 3132 19890 5541 4865 3894 11001 12651 10788 4484 17474 19155 10016 2263 16561 19293 13067 5113 8663 18162
7471 4599 18513 15852 17680 13026 7178 8741 5669 18765 12278 9356 11991 5354 13679 16114 10658 9101 18044 17900 14114 1794 7097 10744 2437 10713
4293 3310 3564 4148 9147 12519 2778 11258 10238 13853 1079 16528 7428 10488 13961 3930 17156 5694 1633 17647 10957 2476 9351 3977 10701 13538
12300 7436 17269 11794 4884 17109 11632 11268 18962 17909 18314 321 6677 6013 3613 10368 9075 269 1011 9995 13884 9491 1760 742 6444 17192
331 5370 6010 7477 12669 16150 12851 7649 17827 12840 8556 5203 13298 14683 14568 9137 12461 16179 17677 4017 9991 15775 10551 4787 12590 4518
9107 1740 8083 4311 3276 11511 6918 19973 8799 12993 10643 9965 7579 4025 10988 1546 4699 9817 8649 15908 6798 2704 14080 14044 16468 14189
11947 17108 16486 8181 13411 14286 13055 11035 3927 12026 16215 17706 8273 1715 13914 13924 13144 10535 13774 4059 11828 11532 3671 15740 3891 18040
16114 17067 4885 9923 40 6955 3188 470 1813 12922 227 5195 14798 2865 7614 9811 11084 19780 2739 8681 4204 6740 636 19308 5381 6423
9041 13847 7188 9963 1465 10623 9350 7272 4202 3328 256 12939 13566 1964 12983 13857 2103 6197 17535 14799 2891 18002 9864 57 5759 15233
1020 10352 13624 6452 13499 3574 9346 5818 6930 7830 8625 18760 9455 10372 8073 1992 8610 5357 5504 8128 18743 282 19179 4278 1006 5047
3314 19031 16485 19371 4047 4 4439 14032 3890 11191 18856 12929 12434 15385 7326 4410 438 950 3805 16439 8973 3231 6952 12651 19557 4697
17985 17758 9048 3584 5574 19912 11188 19247 3259 13274 14824 7578 5164 10538 1969 16582 9166 9565 9842 12227 18212 16245 16023 4094 6075 10103
5166 6651 141 232 5135 17007 12425 7595 8150 11432 10184 4033 14115 6613 10645 9076 11393 14930 12735 9923 4630 351 19368 16714 14213 8894
7184 8826 68 14974 1492 19185 3456 9801 669 7668 1334 11439 1004 2801 757 19153 18321 9437 4716 13169 14254 135 5897 7774 10958 18838
5145 2203 6214 3635 17307 8313 19694 948 17924 16632 8123 18180 6372 10004 5590 16864 888 396 8945 3406 15466 8648 9832 2998 12487 19909
15403 2496 6722 18552 4509 9282 3600 18500 17239 19501 2813 11861 17865 6612 3460 7845 749 18295 12521 13661 10946 12115 13430 3607 8110 18985
9020 5735 16733 8888 18726 2131 12427 8309 9813 19317 13403 2112 4130 16572 7113 10985 12727 14456 4050 14586 2626 6053 5678 14017 10596 18727
19515 13400 10120 14603 8870 18237 3796 18489 18229 7308 8952 4175 16713 18093 6057 3029 1079 159 16695 4109 178 8269 2213 17855 14569 14183
200 12210 3320 19651 8331 19417 15384 14014 3787 10719 8177 4096 11518 4168 13715 6365 10084 18808 17993 4527 13022 7585 5615 1844 9497 16216
13928 9402 16647 4459 8913 6343 429 17332 6220 12566 10898 3271 6868 1705 1599 12004 12364 7141 16661 11252 3514 884 10931 6579 13606 13798
16926 16644 6613 694 18240 6130 2177 908 16344 4942 5869 18323 13099 15392 6808 2485 12722 234 10853 8082 19379 885 18983 3616 898 4780
8745 14035 8773 11554 6643 18587 17280 6530 1142 8898 11585 18338 16247 16809 8438 13467 3710 3547 5335 7858 1358 339 16883 3894 955 15039
8067 6452 2166 16647 2035 9900 14328 16730 12031 15746 14070 5029 9563 18626 496 12455 15959 331 10751 811 16768 11093 4592 11813 13975 16032
4452 10778 11341 3344 4046 6419 4146 1873 930 7988 2516 5975 15142 18974 12565 1609 5566 1347 17948 16247 12930 76 9111 10964 1803 6618
1909 6207 1638 18964 1457 6135 3019 6431 12779 18832 10784 9896 3958 5194 12127 2731 13423 16332 16477 1850 15592 6526 17676 3568 276 2551
13432 16794 17128 1525 13567 3575 4129 13172 13397 74 1671 18140 19930 2369 8240 9081 12932 19855 1646 2874 11925 14343 13018 12699 3193 17421
10108 17581 8004 5610 1829 12548 7896 14484 3023 3418 7802 11560 8084 15436 10741 17660 4917 8694 11850 918 15809 721 9449 16549 10380 14751
3163 6136 11135 6800 7485 5986 8944 575 11689 14549 9607 1058 8650 5477 9707 1660 11580 15708 16966 7673 13513 36 5476 10072 12674 14694
4415 7094 5901 17500 4585 17761 9765 3727 13714 4895 17666 1269 5407 4227 13025 2070 5160 11025 13719 11252 16498 19334 18176 14394 3308 18735
14492 11213 9153 4783 7969 7382 1964 12961 18925 17129 8052 4868 7708 10355 6422 8501 16083 18589 3851 9829 11690 11707 5190 10629 6062 10190
729 4707 7484 8985 7594 2536 10998 5874 8325 17996 8045 6290 15650 19894 11866 15558 14513 16063 5702 14518 12020 13316 2180 14548 14144 11149
14953 15185 11713 14044 17834 2890 19244 16497 15023 14091 15860 10463 2738 18704 5264 10078 7314 16335 7902 18168 19589 6556 10068 13137 15870 13145
5686 16978 17863 18168 4328 3444 5941 13074 5857 8569 12679 7125 1137 14656 2474 10141 15537 13996 2930 3142 10074 11797 1078 376 6449 932
11837 7055 15170 12520 1698 13811 19894 2573 7548 7508 4797 5251 235 17846 15259 8999 13787 15013 11587 11224 17830 14765 9300 1301 3474 19350
16511 13697 10559 823 16372 13146 13558 13445 7257 11980 10917 8142 19015 16683 11747 1919 19783 15140 17018 13821 2148 8081 7073 12568 13600 3590
16018 12704 1918 10273 10224 9467 18866 4482 8406 8347 13081 8406 8935 6489 17382 16326 11243 13883 1497 6799 3312 1961 17068 14854 12367 19751
19157 3078 239 13598 14298 9799 11288 9295 13178 18505 19664 11427 16234 6607 492 10844 8633 15569 3255 3897 505 3574 9149 1871 2903 3162
7002 3429 17482 3262 11761 18803 13249 1145 13196 4589 9111 5112 15044 11406 14574 16865 19637 15539 3886 10211 7432 12026 16830 3011 16188 2212
5130 6242 9416 15 16874 6798 8111 13450 12832 16977 9724 2910 270 7142 4040 2456 1841 14708 14416 9765 7316 13842 17519 1245 14994 6431
16507 3287 9094 7140 7794 7388 16928 5278 15624 5600 17700 5475 15817 13925 14786 3541 16648 6627 8991 19555 161 2193 14886 12177 18178 10086
1119 11229 16913 12776 10935 16033 11722 2201 5951 17287 9521 1771 12678 19442 4248 9861 6878 13577 18153 12485 8421 12135 7240 6682 1957 1579
549 15458 8298 9192 4088 7013 6574 11308 13740 16736 12274 2903 3862 15855 9358 9030 4523 2302 18174 6348 17402 8752 10199 17664 14930 14245
2186 16567 17850 5940 441 16036 17108 16220 1558 6673 3883 14276 2300 81 236 11704 11064 18926 19663 12037 5973 15431 11352 9934 9326 10047
