365
35 50 41 94 51 31 62 50 38 0 68 87 65 34 53 93 71 27 61 65 83 71 48 5 60 34
19546 17649 10524 7649 13153 18694 3518 11160 14934 5221 17761 7804 1960 2540 4944 8524 17881 15121 1834 13419 19557 18357 820 18186 1351 13957
9656 12281 4630 16229 3068 4957 19448 12587 9676 1433 8025 12231 5089 12866 11325 16492 17695 18789 13058 19724 2079 6367 15558 19373 6941 18562
7852 19343 9097 15869 13299 1677 862 11948 13875 2937 7781 8238 6126 1584 10443 6380 2972 2549 5180 9977 2662 8485 10213 3474 1752 11616
19164 5612 3277 12958 11289 12708 7199 9819 8427 18310 13159 4818 5809 11035 12382 7570 18415 17251 17739 18845 12991 10551 17015 19911 1255 8614
17203 18925 4128 16210 13033 15143 9529 7793 7608 13362 9107 2538 4406 4815 8034 15279 351 12680 10903 2427 16552 7345 16995 16840 1043 12213
17710 2324 3135 17924 847 7019 3391 17959 18201 3982 13122 7898 8378 8219 17667 9109 10930 16972 15194 18330 7925 17933 11261 9822 10919 5212
15611 12623 9471 10852 449 13852 618 7483 9266 7820 93 7764 788 7157 8786 4241 13928 17949 11781 14912 6315 18670 16942 11081 7218 15708
2898 18262 11727 15957 3166 10280 8774 17999 19986 5029 6095 19348 15929 10109 11009 13710 10510 14263 1543 13295 9135 2327 19465 16589 17555 16260
8809 1494 12204 242 15820 11776 1379 6473 13721 11213 19809 10484 3179 729 13013 5839 8948 2934 14125 17400 15499 1402 16101 1546 7978 19118
2087 9237 12725 15104 1311 17610 16576 1647 15454 18009 18229 13056 14986 14653 8326 8327 3165 13594 11329 286 6140 13852 509 6003 4905 15174
1150 992 1475 2762 4776 10636 14391 9394 9144 10403 10906 2209 8697 15170 10285 179 19007 13194 15631 19047 3578 9241 9895 16335 14075 13513
9305 13561 10650 1676 17345 4710 6236 2212 2181 7527 19121 6959 4252 3391 9026 7180 843 15746 16432 2032 5094 1298 14328 9695 19277 2279
14869 11037 19259 6417 5001 2179 1116 13706 3682 603 7412 3487 8989 286 17427 18195 9722 1531 12207 19260 17973 284 8776 8958 14488 17512
6244 14801 10721 18476 13740 7950 1810 14171 17884 17022 14947 8654 9218 16000 18584 9046 7166 7042 7247 4896 5623 2375 15885 8739 17417 18597
92 6869 17299 13257 5334 1123 7769 6004 5733 18342 14418 3933 3242 15403 5629 832 12893 17842 4110 7137 5235 122 80 8135 8633 2754
5700 10509 15077 4810 11237 15047 9988 19390 1752 5230 14384 10637 12006 15630 9496 14067 19659 19183 10359 12754 8000 8430 8160 11241 12473 3409
7445 5471 3807 12115 12703 9256 2910 4653 7107 15957 8165 247 2459 6835 14543 13214 5519 13060 10207 15272 5491 3355 515 54 6211 16801
1654 19139 16982 18392 7618 15647 6542 13306 6854 17141 870 9667 1139 14349 709 9367 1848 16376 12715 13349 820 13138 19231 2837 8421 9035
19234 817 2140 2353 17156 14849 19476 6903 19014 14069 1989 3589 6282 4667 4791 8933 19185 10059 13659 9 6795 17869 13731 2730 7580 18863
7075 15626 151 6481 8019 3133 9779 14457 8832 12804 17053 9378 18612 4682 13970 7981 18478 9828 13380 17572 14167 10997 938 16582 17757 36
18625 16544 19837 7830 3230 15401 8510 14566 306 17509 15098 14167 15713 5582 10233 1268 4597 13830 12367 11889 13173 357 1105 1513 19750 6137
6420 8427 4724 10311 13209 15303 15061 6398 311 7568 11915 5008 3514 9713 5254 16086 8336 2803 19541 17407 15857 2451 18906 15342 12172 18764
19569 17714 14900 14338 579 14513 12740 13165 15734 16107 6914 13445 18097 2619 12465 15401 6470 3121 19216 5827 19673 1924 4958 16737 2250 1322
7828 4283 14124 19638 12692 15536 15848 18738 12335 14451 3796 17935 9871 562 14947 6198 3812 10682 14974 1618 230 3574 8087 19388 6545 3458
13643 1833 13514 8788 3526 1442 11972 8853 7160 1445 8048 9130 11499 15080 17567 10968 8491 14838 6773 14098 7181 3260 12036 1780 5913 9475
1061 17270 10914 9445 19587 17086 6185 12041 14333 15743 19809 867 11008 2070 4964 3073 12093 3263 4655 3088 15859 17782 18872 15353 9860 7876
17356 5239 1566 8148 14153 6570 5531 10732 5027 2412 12800 7971 7482 3113 6401 13683 19392 4362 6102 18349 16783 13019 17575 15964 5185 18586
9155 19797 15767 10518 13653 16515 18336 6819 14686 5354 18033 4150 6190 9498 1555 238 13616 2688 211 14588 14195 3808 19723 3674 2847 10387
6092 6577 16937 6930 3785 8599 19056 13575 16202 17566 8847 16824 15794 16668 9447 18076 16953 4544 11793 6880 17462 7303 2541 4747 4727 1178
12483 14280 3648 14089 4051 11281 18229 4750 5432 8235 13525 2003 9012 4357 14661 17127 6134 17894 13075 1091 9469 8051 1013 17483 13210 654
11285 19934 6049 8753 244 7002 8995 18800 2503 5477 13426 18832 7140 1084 7789 14954 18024 6554 11023 10241 10887 6976 18387 9810 10958 8301
17251 4699 17692 5704 8262 855 5269 14025 4411 5373 8623 19705 14761 1696 9390 4858 4087 15280 1239 8217 16463 15536 10284 14462 13869 3541
15832 10063 19148 13484 14765 10676 8824 601 10287 17328 2521 1464 5729 8617 3937 3226 19028 19013 1561 7383 8989 843 7762 6788 10892 17994
9952 10797 15199 12869 15615 1793 15865 8051 1875 17470 5368 13174 1754 16755 3435 19931 5668 10554 13583 19731 19646 13544 5354 13273 9791 2793
1349 10245 2025 18569 6717 12386 13903 15320 5727 15547 16063 11874 9797 6001 9491 4068 15112 18184 2455 12569 7065 10446 11210 17181 4594 10550
18860 5081 6105 8481 15818 4525 18632 5262 7061 18503 11720 13257 4443 3408 9172 9894 2014 18025 2443 14867 19395 18953 18977 15637 6885 5869
9825 17243 3094 3957 7888 11347 10470 36 12090 2215 6835 8537 10343 15767 6221 3246 18253 2234 8778 19509 17639 18087 16130 14275 7744 6116
2506 682 4300 10789 9525 12986 10498 10556 9162 19543 16302 1600 2471 12726 2539 19016 1546 10689 1468 105 14167 9096 7125 18061 8072 10757
12277 16458 15020 11920 2916 5867 7802 2897 16363 3643 4203 10585 13457 7506 18654 13523 10070 878 5152 15343 8942 12740 15115 10644 5907 1131
14392 4534 11018 12148 10811 15275 6562 2506 3186 14435 13496 13192 18221 18936 15389 3385 19739 1701 19303 8957 11673 2094 14155 15626 10065 507
4768 8577 9300 10123 19869 13198 10789 9791 18360 113 11411 12477 6505 2511 491 10091 13231 13476 17038 2536 17800 9701 6019 19204 17972 5167
12259 16221 5351 18618 4113 11203 1833 7405 6380 17461 7415 2408 6677 15751 17315 10893 14331 18545 10185 10010 11481 17323 14207 2009 2034 18078
10000 7540 2041 8181 242 18923 15409 13921 16069 12573 9766 13056 9412 12244 13837 16672 13939 13762 19060 16269 16166 13728 11081 2287 6533 6846
17118 642 12715 2415 2133 12198 7294 7076 8784 3841 19967 15634 12136 18287 10543 14556 12647 593 19611 13352 9221 8121 11092 13088 17283 570
13357 19416 12300 8470 14876 6848 19324 12539 4907 6932 16269 6684 18838 18410 476 14205 18106 5548 5634 9156 13778 1886 9690 10389 839 8024
3870 18597 4310 4934 19067 12261 10575 19122 8664 10185 8723 6859 10411 3408 11122 17409 6278 14894 8930 15060 7639 14246 3860 2740 6999 4507
2558 4268 5105 470 4492 18348 10553 268 17436 17140 2507 17327 10102 7847 14153 15309 8147 10998 402 7875 13125 6472 15805 17179 2657 8547
14413 10420 23 2467 14236 17137 15130 17189 4457 414 9097 6899 291 12972 350 14101 5480 9156 16351 16270 13479 2867 11009 13468 12697 2342
16965 11174 13667 5638 17075 12238 4422 4619 6140 13817 14284 17829 16622 15564 13863 10551 3669 19812 10322 11048 1812 11641 17224 15867 15551 2035
16912 12018 6348 19781 19929 3997 14375 7487 16059 3970 2984 11332 8464 19753 13286 5222 16069 1192 10769 19090 5018 7754 5034 13659 14871 5110
15385 1154 14057 16855 10105 5738 9005 18384 13225 12385 221 7386 3440 3275 8186 19957 5374 6717 2553 17692 16398 3718 17624 4797 6716 409
15031 951 18671 11533 17687 16862 888 16197 15371 342 12220 10693 5131 17354 5651 6182 14193 1625 18648 19838 14327 17108 19348 2744 1840 8029
2509 10354 9583 4852 1033 17805 2085 11996 8387 19525 9967 6517 15113 6615 11181 8707 2994 17395 11612 17208 7180 11655 8868 10289 542 9765
11285 5887 11527 6628 2176 17219 15144 2914 8915 2197 6090 9199 17778 19137 8577 17781 1504 6335 8955 15213 11217 1460 1073 14859 10957 14806
7620 808 2341 14731 2973 11892 13847 3980 12704 10174 13648 10725 18672 19824 13503 559 5814 18527 8230 9653 4535 4272 1715 12562 3145 6140
884 16236 12554 14129 17205 3021 17860 658 1871 3973 3953 10726 5319 10671 13132 10193 5016 10620 2969 91 9484 19499 5507 11263 4485 3485
2476 18388 354 505 3951 17805 9394 10971 15464 12176 4184 9703 12117 18129 8716 4382 8730 13524 8836 5665 19319 401 2662 12537 3003 9201
3537 1391 1214 11562 8914 6809 12210 2458 12352 9388 4225 822 6393 13477 6362 19126 1537 6048 9107 18751 2265 3417 2738 13980 2107 3098
16283 16645 5620 12357 4016 10093 17378 2899 11709 12822 7627 9385 2222 19237 10911 5657 13163 4844 19178 13722 11016 14321 12212 5394 15121 17032
1700 6204 2055 15977 9899 14638 5025 10160 16990 4869 16360 6477 10837 10740 15957 6191 5070 5244 1054 185 11128 13949 980 1194 11002 16890
6391 14113 8374 10625 3727 10091 7491 12685 6047 16933 6486 12435 7912 2927 5890 6135 276 14496 13855 18 5683 2257 14854 2288 10333 1488
12012 11592 6296 10638 18749 12735 13265 17882 8162 14911 2393 18153 4452 15406 5862 16961 2470 12546 858 3300 9142 9726 8094 8090 17582 15584
19521 11414 14003 5029 4985 9405 13594 9017 5979 5722 10778 5817 19780 17260 12367 4721 13170 11545 10960 15733 16978 11652 18957 11953 5168 2411
17509 7824 565 17003 19020 18411 1749 2252 1058 16219 17563 14992 6376 19086 19084 3596 104 277 17236 6772 13199 7461 14707 19638 7718 7189
13993 8154 10922 10915 5980 18877 19627 7751 5068 9752 7467 4981 5094 11209 5008 1002 12157 13984 6367 3222 14415 13694 7903 3467 1178 16442
17111 12104 18864 481 18774 9684 572 6274 19561 413 17696 15529 4322 17561 19965 4407 2674 1743 16542 14037 18984 15700 2466 4260 13842 6226
10094 14847 2028 19545 5780 11722 15893 5213 5611 7787 19101 4783 295 14021 13873 69 17022 9876 14347 16996 2322 6070 13723 2711 4766 15201
10325 13762 17344 7851 15468 6345 2534 13008 15658 9834 554 1221 14578 7858 5098 4669 14147 12401 6628 1526 1734 3132 2990 16055 4007 8417
11551 18842 9207 10472 4701 3472 4831 11789 7087 3357 14201 14373 19619 10047 2071 4446 8876 3146 9966 14734 6879 1422 13487 14553 5687 1071
2298 277 6706 9046 3123 9313 7185 3090 601 7013 1804 8776 18426 19500 9449 1533 3019 19903 7389 6124 1657 9792 6461 13025 1725 113
1091 1499 2089 8335 2030 9344 2745 7404 19076 11760 9165 11840 5662 8669 13140 5345 9814 6120 7350 15502 13187 14371 6881 9250 5035 12681
5598 18807 18948 8107 19352 18432 3054 7071 4316 9391 19133 5306 9172 15893 9804 7469 17128 17959 19152 1181 16155 12728 11673 7490 8773 7872
8133 10376 19571 14444 988 17971 13258 12969 7470 1035 8785 3018 13320 12619 19988 13159 4375 9855 13182 8312 7129 13671 15945 2499 18627 18268
11925 5496 926 3961 19197 18306 4045 2432 10489 13509 12536 16135 307 2808 4353 7032 15944 237 19664 13975 4116 4744 6543 15859 9836 4043
11413 3002 7757 14362 15532 843 1942 6506 10270 12348 12753 5576 11690 16922 2087 12753 1951 8447 12475 6920 11485 12058 10308 6023 12405 8590
12872 7439 11317 14544 19665 5505 18969 15744 18744 9356 18992 13655 2360 16001 7566 16283 403 15568 13496 4127 10968 18072 18293 16333 12888 3688
1110 9111 18735 15361 12887 12119 6303 4957 15647 11847 9979 11964 19076 19256 12508 191 17256 13509 5031 3573 9417 19680 1413 9516 7072 9475
3847 8533 6169 4525 15300 8031 1832 5629 18079 11503 11313 15066 18884 13273 18525 849 10392 9981 18144 10313 1604 2480 12663 16826 15166 1347
35 15539 717 19959 4506 14361 959 17869 12673 14793 10935 2754 7885 17917 10504 6995 19139 9391 5870 9069 19741 5995 14665 2228 4785 10870
17105 819 1762 602 18445 19847 2308 12619 18452 17031 7778 12571 19464 12952 14484 8323 14792 7078 4022 12413 4830 8235 2237 2185 3340 16928
19132 857 5629 19553 15846 6463 10220 4236 103 9043 14230 12775 15013 8163 5360 9751 10629 19440 9655 3486 17175 9199 18053 16076 12411 7218
5793 19565 19170 11055 9366 1861 17352 6768 4524 7286 14289 12813 6486 9907 8414 18957 15219 19235 8030 14737 1162 19728 287 17957 529 19571
10162 16524 6814 8344 1075 8381 5638 8342 633 11879 8539 13855 1491 3318 4175 14984 8570 19711 12666 258 2678 13658 13798 18929 1534 10918
12313 1245 3975 19947 18521 7449 2527 18287 3635 2249 1970 6251 10785 16714 7719 14541 4783 15727 3871 3845 11187 2221 5081 18432 16378 18742
4829 11630 16482 18894 5104 9665 6494 8425 17586 17092 8108 17108 8572 13776 6394 460 9755 10152 5277 77 16677 435 2887 15142 828 19365
10903 1807 5770 16895 5624 4412 7811 6718 6997 8540 6734 4612 9132 16691 4865 4823 18993 9968 5159 972 9958 13254 14774 11149 243 9113
10154 12528 3149 3712 14960 17569 2516 2516 4261 7500 7038 6004 3547 15479 9279 11182 5818 16104 10198 7851 11679 17669 9974 2696 10160 14084
7259 19072 4505 16668 9016 4644 3199 11180 1222 6898 3873 8793 7529 10471 6101 6161 9554 19924 14401 8225 96 5266 1181 8836 12590 18476
14291 15130 6982 998 649 11564 11045 18620 7554 10109 13858 1100 4780 11401 547 4112 7535 17213 19262 16753 6524 16579 15895 14920 14531 19529
1670 1581 19577 14774 7076 19607 15238 7345 9089 9668 12528 5630 4723 14924 10486 860 5464 759 2902 18679 6131 8408 114 17358 430 7761
3689 16133 1001 8270 10984 3494 10426 4693 4365 16134 5502 4021 7111 1142 18760 17755 4173 17038 9235 7430 5175 18015 16789 12475 19848 8131
17404 15050 4462 11019 11800 7180 6317 13108 19387 2334 1483 1560 14553 5639 4297 18993 2629 3683 5644 16573 10007 958 635 8876 6020 4365
19584 2611 8722 3254 7152 12383 4001 4094 1516 13648 2796 9741 1033 8088 8628 12502 18833 9448 7311 19305 13726 5853 7338 19437 4894 17499
17693 11737 2416 13682 2269 12363 5143 13234 2639 4281 4281 417 2926 12684 8816 4817 1279 2943 10820 8377 15461 19957 1394 19491 10275 12719
7623 18899 5949 14227 4251 19620 19039 18900 18848 10158 10500 14335 12908 19753 2723 974 7980 18718 1089 4439 1789 3616 6837 17642 1868 5439
3967 16207 13163 5903 16359 16067 15905 13169 1171 10244 18590 18913 7458 5739 3880 383 10606 14992 13482 4170 4865 18291 5620 1684 7909 18582
10458 5408 10836 5900 710 11752 17807 4166 9704 13777 10001 7808 17755 16177 5528 13966 2726 7426 16218 5015 11584 8333 15163 11035 15838 14921
11928 17278 19592 1331 17704 9830 3722 9724 14469 14046 637 3500 3678 9532 11731 18980 1231 9773 7713 2984 6684 3365 2807 5609 18678 15035
15327 17760 3896 12325 18821 17417 6635 17062 8816 5783 7691 15714 1963 12177 4158 12807 3705 5997 1253 14012 19248 9061 11890 13031 1214 8580
16697 11166 19036 19455 3341 3174 12449 8704 2615 1348 2366 2247 13476 15779 17900 10585 4579 9381 6622 12338 4795 1821 15238 3999 18528 10438
6618 12625 9221 3812 19724 17496 18668 16359 3492 14834 19408 15295 8193 14821 17284 13922 15500 3851 13661 142 1624 7346 9156 9748 14739 1818
6910 16871 3116 12511 8385 7601 6173 7792 11145 3083 18110 3149 7082 19709 17153 11801 14706 12760 18275 12323 10604 3378 8073 13579 14922 16048
5029 19972 5111 6238 6967 18507 11360 9791 4165 7494 13845 10334 262 11479 1636 5515 16531 15096 10945 3496 10370 19216 3747 18445 11721 19148
1577 6336 5560 19174 5039 6703 7433 11015 18189 16468 14728 10443 17297 10669 19395 17867 277 2476 6883 2228 7056 7542 6271 3920 12640 13271
6906 13603 8773 17548 5128 13429 18489 9580 16331 18697 19635 10095 9604 12333 1538 66 14792 11377 12289 5651 8083 19955 11975 19318 15450 16462
19624 5262 7917 6063 6862 5416 999 15464 16993 13215 3667 8519 18218 14130 14943 10608 2855 13879 9664 17181 15413 18230 19718 10854 7406 9194
6948 604 18214 820 18341 9213 16108 6050 8628 17338 7609 13946 14936 14358 4130 10753 14553 1885 2681 13974 14262 5575 4462 12973 14322 1380
15405 17166 17336 3188 10769 11468 15152 18800 7318 11690 10819 349 18777 3213 9376 3399 10321 240 6876 599 5295 4060 14426 6258 7765 7324
15982 7926 11989 17929 19345 6634 10204 15283 7350 1750 17083 7022 15165 14130 4296 16461 8496 9551 9865 5881 9948 18636 1279 12002 728 8821
5797 2085 7352 4920 12998 5967 5874 9533 6470 1305 13410 3090 6133 6341 11374 12640 7451 7980 5209 13843 14427 2623 11220 4110 2449 7109
17261 6713 4925 4045 5886 14373 19037 19688 4899 388 2445 6612 18798 8124 1596 9761 14410 13687 14722 10056 18279 14131 12928 17965 9694 1148
2399 12748 14978 8920 8922 5645 18139 8145 7034 6420 3755 8438 16808 13135 15143 5364 18306 7342 13911 7099 10389 18734 8324 3171 12533 17337
10293 19082 6538 19625 9717 6992 9198 13867 7793 3989 10826 4230 19948 19944 18229 11522 15416 2375 9089 2766 16303 2217 1338 462 18954 9152
5973 7130 549 11975 13479 9791 611 3097 12092 4007 6826 4062 8504 19626 17769 18391 9725 12898 2843 3677 8764 18256 8306 1845 4484 14921
17437 15369 8877 1286 16656 1052 9564 6243 16568 11172 17962 8193 18301 5969 12647 17603 1657 15417 8838 8937 12636 17719 9866 3661 11633 4126
12260 8972 19477 4479 5500 15641 5465 8136 13831 6121 3633 15556 11564 17094 18865 2576 7076 2837 19540 8916 5548 16245 1572 14599 16364 3830
6192 965 1872 387 5936 1689 18570 15144 893 12617 11433 17968 18957 1003 1808 18674 6971 10224 8219 2289 18037 15961 17217 9033 4742 766
245 19775 9174 16491 2558 16622 11043 8559 13288 6500 9845 9131 1014 3201 8268 12126 9521 18121 6123 4317 7748 8399 5186 19939 12504 6342
8840 81 12572 1798 14100 9091 4642 14472 2861 9477 10326 16458 10016 3976 6581 191 12571 1951 5699 8271 11012 6416 9165 18640 68 16618
19368 12976 9644 5553 13186 9904 19516 3861 682 18362 907 6282 13097 1062 9242 63 18631 18071 2013 17826 7115 9350 3150 2178 15699 4138
17803 10278 8569 14515 9612 4205 5735 7909 5893 11344 14083 2960 14121 5808 4972 7569 3230 19018 19447 10972 4573 285 3876 7547 14306 7810
1072 9264 14933 11822 5789 9852 6757 18031 6579 15969 2134 18323 3376 12662 3290 14477 9363 12252 19680 17580 8008 15565 16458 8337 15741 19564
19208 8462 16310 14612 1252 206 9145 6829 7035 11970 5051 17641 17033 15898 6482 10348 22 9578 17286 5723 7251 19695 8659 5309 13753 6428
12570 11532 17672 5804 3726 15310 6562 7603 18912 8223 15192 2976 5838 13667 12238 11169 2585 3119 2779 10137 3897 13049 6511 8099 1963 13253
16448 4466 16833 13055 13186 19481 16726 70 5998 18473 326 10593 17343 3188 1928 7191 15227 2622 3077 17463 3002 14801 13823 8056 7038 10203
17539 10175 7632 6248 3339 19539 11075 17806 13309 16668 9800 14460 12273 14561 19416 18096 19344 2923 16596 13608 15973 2448 5701 12473 9841 5551
6051 1224 2513 14687 2678 7971 10072 4263 14389 5993 3338 6968 17997 6404 5739 16261 12748 7311 1252 870 16688 559 17198 2574 13794 16165
13081 9691 13457 4992 9244 16958 16868 1932 15184 8355 3057 373 866 7792 16291 15134 18973 13236 14912 7484 15834 14187 13133 18603 13264 5561
3193 9145 1197 687 3712 7065 9953 10628 4290 2287 9155 3164 9104 10103 10673 15033 9277 18236 15003 6994 6457 7940 11845 2847 12387 19857
10094 14859 19652 10569 6918 12653 10168 8576 6397 8719 6823 14290 3403 16448 9107 15022 12874 16041 12456 17502 5768 1102 1468 12574 5603 997
2762 17112 16231 17303 6357 6749 8251 4928 13137 4930 4323 19619 7304 2846 9294 3205 3739 8998 17841 7495 19680 1819 16175 18792 14449 7642
15400 16047 12263 1369 17392 19310 9787 15173 14784 2088 1983 473 17592 9461 15959 19805 15957 2633 657 18920 1283 1607 2098 15765 3804 14895
15193 17230 13659 4531 12464 7167 4767 14445 18594 10807 19201 6229 137 18433 11308 19887 18905 9998 11582 6076 7075 18657 15916 11140 12726 5064
12322 17165 2236 19985 5383 6221 19452 7114 19539 17845 782 9803 11975 3825 19708 13328 18190 18342 2164 12085 14323 16116 2582 1945 6911 19142
9070 17843 6874 10397 1456 12323 1321 5771 12048 12020 13632 1871 9082 5628 12335 9261 11776 19449 5252 9316 1580 8984 17340 6708 225 40
15888 9162 10578 1837 13726 7880 17612 10695 19661 8135 16285 7215 3247 18884 11901 10097 3058 16077 1900 8855 16778 7265 2491 6372 5611 5893
2146 14445 6827 11881 13110 15639 12054 17999 8326 12978 7492 9474 17312 10686 12709 16638 10254 19655 10398 12994 7655 14131 3061 8844 12881 12669
14371 310 19587 8395 9526 9894 18344 9090 784 9544 13303 12535 2568 2011 16205 19460 11488 2201 14878 2973 152 323 5040 9140 18506 29
12379 2251 17722 13248 6386 11918 12749 2773 10129 14524 6559 17883 2481 6944 9875 9737 2440 13899 9776 15063 2541 19147 650 9768 11773 18167
5698 7731 8731 10387 13858 8738 11037 13643 19708 7186 4941 8954 16848 9899 16006 11265 12960 14688 9487 5363 11217 18795 8757 5421 5660 8201
4220 10444 15256 17908 7460 13770 6188 1680 52 19894 10246 13674 17158 9043 18757 18181 18894 6431 9442 13819 14682 9276 128 8538 12130 4318
15487 12095 11888 1450 9311 17937 18025 9145 16569 8349 17680 9843 4787 18431 13708 795 19866 15298 8970 11992 19022 622 10019 7986 2432 8638
17216 16650 9891 16974 7773 10055 15911 17631 3514 12759 6253 1580 17152 15705 5372 2086 2797 3973 18272 19301 4878 7068 1011 8663 11317 11802
18236 18899 1467 17408 14326 15566 7269 3682 3923 15208 11529 16349 8614 1550 2086 1020 1255 10137 2268 11194 15589 15140 14756 5435 3348 4818
16320 13580 2279 10686 12523 18542 37 14139 13995 16270 18527 14677 12114 11641 2198 5892 16307 3682 15331 19243 19381 15095 19835 15604 1062 16572
1004 15410 17308 5410 12394 1019 3021 9893 3893 9875 14626 18635 15623 15263 2474 13955 6501 18610 14798 7252 1880 11429 12240 6136 16594 6785
8749 11592 8282 4188 13153 13567 8443 6067 251 4158 17484 8203 6764 5726 19861 4680 7005 4020 10511 595 5419 7358 9478 7073 9663 7719
16290 10295 5091 13073 17973 15036 7500 5233 11081 4739 16291 373 3055 4796 12040 3231 11082 388 9700 6935 14065 7330 17241 4543 5018 18016
7413 17361 16340 613 264 9392 78 19959 10646 9363 13725 2528 3569 4896 14996 16989 3198 1904 7902 19696 12399 14549 4554 6666 8470 12853
3284 6773 1374 10959 9506 10835 8737 9928 4895 17896 4319 1460 7674 18898 2585 12500 1276 7227 16361 14448 2850 17663 15032 14486 17186 9246
10758 4882 18127 12037 12242 12902 12279 3482 4476 9142 15099 595 19432 15589 7874 17827 2748 191 242 17260 1707 19235 3806 1541 560 6262
15813 16276 3095 6048 17084 1057 18915 12071 5671 2649 10634 19274 8766 10626 16995 18719 7120 15951 11416 18994 12457 10124 19004 9247 743 13990
13964 9321 5269 11528 9969 17829 197 5989 18919 9691 14142 10505 13139 9585 14656 8251 16582 11465 14667 388 2620 6581 14544 5525 11308 8841
2692 10877 5238 10544 8132 19126 19011 15449 7735 7540 5805 5884 1696 2825 14384 13063 10950 16598 13595 6842 18637 13316 3236 9851 17031 18299
17169 10632 19311 1318 11955 587 3276 11318 3251 16645 15620 6400 6475 17145 4414 11997 17122 17184 5823 18630 14732 7089 4513 14682 7396 19610
19479 12536 12209 11928 13926 12207 1710 8734 4596 5370 4418 32 8095 3177 7627 16130 6125 14109 15232 13158 9026 17926 7009 9050 14470 8819
5945 3467 5577 1066 13130 3209 2001 2899 4888 11755 14450 12550 19530 8084 1280 10367 849 9859 10716 4500 194 4283 9181 18928 16386 8465
14578 14229 11676 17378 4558 13877 2422 12485 16827 19466 57 244 310 297 18953 17432 2099 1345 14310 8108 8423 14785 8530 13501 120 12916
13536 17668 7426 10612 16191 10654 13046 11906 6989 15241 19774 975 18473 13138 9298 1768 4769 181 13712 11965 1265 11708 9839 2386 6477 9955
2261 13706 10047 8294 493 697 252 15504 4391 19881 11843 3183 461 5671 11281 899 14456 4646 1571 7030 5750 12839 3512 10512 11646 17530
19328 9338 11628 9906 10381 8793 2942 3398 4335 4629 9451 8131 9920 4256 17720 3431 11899 19512 11020 17949 3150 6825 14675 7545 18677 1646
5346 3601 1203 17972 3454 8369 1492 4467 18277 8773 19813 11682 12920 1122 9094 13843 18388 16434 3028 4389 11024 18216 176 9040 6169 8402
17810 16322 7372 15736 13634 16416 3336 3452 7705 3638 12398 19596 7478 14352 1725 63 17908 13783 13169 4394 16436 14232 14478 17779 19724 14331
12265 8888 19931 17752 10854 9331 47 10910 10124 17694 13479 9847 3447 10849 11493 11305 10145 17056 17471 5786 18970 10608 3687 192 9392 5632
8137 1819 2893 13478 2416 3983 8605 15249 17849 2265 15868 2387 3993 6575 6985 16957 10211 5561 7691 17779 5495 11291 17430 60 1618 8505
6121 6845 9026 14662 1543 4067 5345 1234 3118 10693 14042 12734 5153 8947 6000 3585 4112 5770 4445 9369 3478 15133 1841 6768 5001 3125
19070 11134 11134 9168 6791 4808 9040 4692 2815 1293 11774 12492 8670 4882 11305 5281 18628 8828 4854 14906 19075 2888 12045 10619 681 7951
13138 18277 10427 3141 15978 16569 11872 18176 16112 9813 17135 19443 5886 11487 15149 13592 925 9238 19387 8732 12588 16492 8515 17032 1426 18060
808 11752 15997 14599 19828 2179 11778 387 16637 8478 17098 2813 2625 8815 13537 6244 17372 10769 7546 18433 5314 901 17207 854 1453 6509
4506 5031 10343 15993 19232 10219 18152 15291 6321 14964 16226 13338 17357 6596 9083 19387 13634 16343 2484 7999 18372 978 11791 4798 13032 17875
8266 3800 6520 1514 17989 2579 4598 4451 15805 3299 947 10477 10146 13634 5153 11994 837 5614 3972 2053 14862 2957 9682 19795 3894 1566
2013 13573 17260 10753 4667 17301 5307 15309 199 19152 5492 8533 7943 16941 17873 19945 8637 6099 14756 6634 7734 3565 19214 10019 3048 15465
1931 5673 4528 16984 11440 18622 7098 10269 1075 1956 3081 5702 4178 6049 19380 11788 8877 4848 7210 6752 12461 19443 10803 2384 7288 15235
8440 8447 3489 178 3947 15446 7586 2255 5275 13113 11654 1192 9810 9360 1189 10843 12760 267 13993 12848 17917 2766 16766 5296 11232 10162
9160 8743 13550 15010 1407 6904 4634 13462 1162 8242 13098 9005 10971 8851 6511 4170 7906 9308 14677 15718 14444 10693 9469 4994 12934 8724
4449 17609 2108 14152 7070 15336 7930 18991 14107 17737 12627 15418 6318 280 5362 16994 7545 4820 16891 7713 4750 9229 17750 16724 11976 11107
1913 16762 19784 11034 17879 16521 10384 7976 2427 2422 19178 8501 17098 6076 9348 18057 8367 1233 910 2057 9676 1296 10302 13817 2766 10217
17353 15992 13761 2859 3444 19602 2084 18923 9789 9471 9292 9679 4841 15769 9893 18158 2806 15598 9390 12766 5379 9309 18613 1930 4992 547
3975 19157 3235 7765 752 12878 14694 19085 11912 17769 7360 734 12303 13744 11777 721 17752 16063 9463 12190 9987 8791 15312 13556 2615 9340
19430 4763 18413 17757 2209 15051 14470 2114 17506 10145 14304 2300 6606 8050 9390 4460 12737 15321 5035 19879 2893 5278 9935 13008 16698 18607
9545 4408 19064 15056 13471 17607 13386 8359 10793 17309 17661 18912 17155 10967 3963 3985 16865 11326 10849 4535 14044 5154 5739 19209 12238 7500
9288 9348 703 8674 4845 6232 18603 19118 11757 13489 12443 10290 17431 79 10800 10488 12567 1939 13311 12183 7699 9657 15084 8782 10421 19945
13268 14512 280 19558 8077 75 14584 7220 12120 2606 19255 15286 16432 18486 17213 2255 6013 17982 198 1849 17440 16405 12527 18476 6691 19586
10087 13369 15764 17680 244 18227 18857 4826 12934 18754 12517 16472 9840 2531 18892 5319 17061 13907 17757 2757 17451 18716 17252 11096 2035 12673
1490 11716 1633 8496 1931 12254 3537 13387 13077 6705 246 4033 6558 10763 7405 820 18453 13558 19010 17982 4043 5384 16506 3672 7350 4251
11712 710 7574 7044 15428 2817 9371 5030 15959 19991 2561 4927 1942 11391 11033 18962 1382 17272 13306 13213 11546 2054 10345 13533 14687 3619
17374 14155 3001 2160 3142 15784 16858 17897 16406 13701 9305 1207 3888 6957 14368 2482 14473 6912 5127 19324 4786 17577 9157 1415 15433 403
12514 10411 13029 13943 2953 2340 14299 881 10255 12999 9250 16018 15065 10224 19315 1722 638 11281 13041 4354 12709 2621 15908 8629 588 11106
7747 13280 13985 3076 18151 6637 10367 13431 8052 17365 10932 11800 14226 7672 16482 5991 8970 6004 6737 11134 3531 660 1215 15101 4264 16663
19509 1836 8038 895 13752 4391 12372 15251 11318 2556 6289 17086 5121 10343 11989 11343 8748 12695 10477 1306 4947 19064 9334 7734 18241 8384
5875 5158 2549 7869 5219 18558 17560 6831 13884 8181 12525 10728 8179 12346 17033 5013 11809 3899 12292 1573 18613 883 9730 19212 2528 7547
14132 6891 15910 4072 16376 3607 1814 16645 354 18945 6816 11736 2994 18596 7172 4118 18160 14492 10197 1016 7904 14017 3630 18865 525 3027
17126 17778 1867 7900 15553 10290 3173 16339 9660 9064 8392 14479 5210 19770 12505 12921 8271 18152 4327 15553 10165 14651 9172 19179 5363 8784
4451 11434 15085 8389 19386 13517 4309 11681 5774 1283 10945 6008 5721 19517 6921 5172 19745 5021 15917 3408 7667 18516 18509 10172 16345 5639
18133 13958 12127 7292 17344 62 15377 12091 547 19588 1083 7857 2030 13571 1641 5795 6552 18311 6631 16041 19791 3213 14456 1213 15292 18679
14907 7240 7855 1821 15290 19433 19053 786 19185 6907 12410 17450 397 11293 2101 8222 15176 15198 11606 1230 19918 19557 18017 11662 15475 10987
10691 684 13899 16179 3087 19910 19330 4328 13777 16016 13916 6562 19338 3865 4533 14407 10528 13186 6891 2748 18040 8556 9793 19950 6539 4566
8776 3551 61 2714 16311 1570 13381 5480 2589 2776 2232 3715 1090 19118 17640 8407 8542 5398 7602 10084 17221 10363 12325 15963 15685 16330
4641 2158 9748 17357 14909 19870 19584 4039 1281 19538 16991 15439 13482 19119 16988 11074 16860 2048 12903 10263 8135 18213 16401 16585 13363 17201
9456 18540 4378 18825 7502 946 1847 14077 13873 8633 16469 13895 17379 2042 13634 12343 12403 13023 3997 16045 3160 1014 6224 13688 3557 4369
10032 14549 17945 6459 13491 19472 11492 14078 17060 16476 263 15122 11603 3390 17943 15021 18243 18954 12628 2553 2303 7774 8886 1321 15696 4855
2099 16200 5528 15903 906 186 585 14419 1036 4447 816 5689 18747 2499 4982 17947 6888 9060 8339 11965 9918 18678 988 11979 4785 1581
19892 7339 9358 19804 67 19587 5208 13264 3309 2267 2120 3515 7596 5832 3293 15596 15916 12340 16880 2703 10882 14536 10043 19897 9328 8544
7565 3453 12538 8538 10119 11817 16140 16197 5276 4740 18039 4339 18762 17318 16589 18532 9632 10154 658 15190 16068 18146 2068 16021 14670 13043
17240 10066 6418 1557 8839 10722 4636 14902 8299 1282 15342 13836 7332 2817 15194 4753 16259 11965 6918 1325 12630 10780 2677 4154 7390 11370
8948 16120 13691 7514 6458 16364 2513 2721 8442 14826 12118 14989 17705 10997 12448 15789 13571 462 1319 16671 5827 11864 11117 19331 87 8701
13120 14750 5279 9872 5610 4294 2644 3456 1845 18550 13453 9924 1413 18636 1535 19773 18341 10813 18491 17957 6800 10098 16428 1888 6704 6516
2969 2620 15167 9009 4153 4508 10529 16296 2683 11959 8142 3112 15801 17259 13761 11778 18580 9680 4508 7668 14155 19695 8762 7019 17518 8427
13693 16119 14255 528 4288 10383 929 9182 6574 106 15691 2064 884 3372 2320 9634 12023 6974 4856 18968 16289 19310 3798 18453 782 10820
331 14671 7358 10822 9244 9564 4292 6695 12099 9855 8572 18576 14906 10325 11127 11147 6554 5733 15399 2770 10551 19971 3507 8101 17246 17768
10278 19895 12354 15187 305 15257 4324 7565 8033 6858 15841 13451 17933 6017 3535 434 7729 3710 1197 13980 15154 3777 382 3491 18063 18104
10532 6215 4771 3505 12556 4782 13460 6025 19570 1369 15879 16352 17404 6759 14937 8103 9448 3819 2193 11351 7354 16248 16811 17828 12200 16393
2743 2948 866 18941 11698 19408 19492 9620 1897 11472 11938 15579 10563 11429 12172 14304 16487 8929 3263 12264 3240 2948 9632 9712 11858 8094
8439 12553 12671 18959 7295 4355 4004 14697 4047 9504 13427 6762 13772 1381 10734 18611 17213 9825 6323 2079 2892 13122 10229 15735 10023 9473
19988 18488 15203 16058 17510 2552 13920 19976 7432 11449 12824 17151 10403 103 13719 7444 11437 15109 6719 16715 9587 11482 4905 6908 12987 19998
1715 8767 3999 12346 15057 10328 14131 1272 14974 3600 19253 3210 74 19516 5678 16400 5797 11491 5560 14521 9653 8980 442 4328 11089 99
16879 17119 9760 7632 16660 9944 11202 9566 17389 10056 5669 18619 4805 5761 5711 13395 3493 19926 19349 17415 1930 483 3307 11456 3009 3488
16782 17291 18693 10597 17078 14822 10408 14712 17261 9610 6445 6589 452 4776 148 10398 5135 3985 5939 19540 7560 5832 14014 19185 3472 7636
8419 6015 12824 15862 4794 14270 14928 9102 19929 15557 14817 13355 703 10277 444 19724 11790 2452 15089 13879 6825 2098 3665 19366 17711 19707
18853 12528 17769 8259 14018 7787 6095 15112 1137 10373 9667 18382 13853 8659 7032 1197 2554 17968 3631 16602 17671 9799 18836 16467 8562 1901
17876 9613 1807 19298 6688 9544 10817 16765 2361 8866 11753 15395 14712 18346 2465 13953 4214 887 7148 7722 1187 18776 12325 5905 19337 486
7988 75 8723 7216 7476 869 11673 16096 12691 16600 16924 2936 17573 18084 5186 4111 15879 11720 18586 1376 47 10629 1296 19163 16456 1913
17374 19070 4895 13005 7784 17337 13615 6369 6207 19060 14361 9362 1525 14330 591 11441 13674 17332 16315 1220 10892 9038 6320 8900 12246 2414
11489 12706 1539 7051 683 4928 5593 1924 6184 19444 19959 4757 14732 5785 10385 7628 9048 2046 11407 9216 10624 6677 11569 4119 15335 7613
12092 5034 16351 12673 14260 5769 5477 9601 6113 11772 12776 13644 1457 5851 7387 16638 18270 12553 4596 9100 17175 14891 13338 2084 6015 7027
9164 13690 8298 6219 1301 10987 9579 18327 4679 18490 16729 9550 12790 1890 18724 12138 15663 16469 3950 9711 9256 1351 7792 14514 15514 19602
11326 1589 2189 11315 18155 353 612 6840 9048 15641 0 11233 10533 13419 15419 11256 17257 8079 7623 13623 19577 6370 6242 12858 19816 8527
4339 15740 18240 8984 9441 5451 11218 14057 2804 6921 11974 19579 17694 11190 14099 480 7649 16756 8529 19320 7603 3633 1684 3165 14216 15519
9954 3777 18859 8341 19026 16533 803 9561 18970 18544 13599 2427 11962 18970 5499 17201 4452 10626 12182 1983 13447 4158 15545 14091 12978 10245
15949 16294 7580 8961 10847 1251 9672 6461 10453 8260 5699 16076 18732 8967 17431 11472 12803 4763 15540 7793 18007 18980 4954 8831 9011 8870
19486 8000 7150 8061 14158 16862 15829 18236 16017 9673 540 16224 10317 9880 7155 5173 19567 5399 5955 10501 1601 18752 6617 14093 9186 1617
7122 16223 13358 17005 17158 16528 12483 5499 426 19478 19639 153 9518 7051 6507 17353 8504 17215 19100 111 8819 7474 7122 7496 13663 2753
5583 14277 16152 12402 2022 7894 2261 2538 8886 15094 4962 5488 12708 18833 13993 7361 12127 12783 6433 13520 8091 4802 9916 10064 5884 3036
468 15644 15935 5652 14265 14743 18173 1273 18830 9518 15488 943 12931 16995 17751 770 8735 9765 19633 15508 18832 11033 14857 3825 15960 6321
14902 12747 6205 19754 5104 4353 14248 16545 1715 7581 4405 15648 15609 5388 782 12056 5444 7844 8144 19843 11468 611 5084 10350 14592 18903
11102 5652 19791 15251 3216 19433 4965 10505 13101 14165 6104 7147 12935 14943 10006 19496 2589 13787 1806 15013 9826 17968 8549 11842 2245 8652
9943 2345 9244 6260 19635 13483 7321 8551 16389 9172 15046 16576 10324 1157 14967 6309 17166 9017 15052 730 148 2985 6348 6321 5232 2208
3288 9261 19529 2828 15061 15201 15417 8059 11609 9860 18657 16749 4006 16512 19759 18455 3308 9988 2739 17113 19469 5979 2966 15275 19772 12469
5349 9726 16694 15522 5429 3286 1768 45 1062 303 12106 9563 1995 1522 15797 19342 14323 6271 9438 18781 15416 9641 8706 13182 2650 18373
17015 3269 9219 13779 3182 6786 11486 9766 14545 17574 9115 2777 3961 19973 3665 6130 10641 6787 15629 16676 6045 14593 2746 1231 17500 1413
4020 14401 4695 7051 7775 15796 17067 14414 16660 18715 3304 13411 7919 12152 12562 5366 7593 17554 6475 18527 15885 7744 1707 5570 10677 3748
8688 5010 9274 12459 3757 16333 3545 9786 12849 3630 18447 3685 1320 884 3710 8917 9 7598 17648 5582 10213 12770 15751 2001 18721 13375
18917 719 7477 5078 18983 3156 7378 193 18188 11120 6291 715 13228 19562 15658 8998 14162 19805 12953 10866 10851 7228 2918 13660 7525 2556
2820 17035 7376 7176 7817 7496 16842 8378 1342 5409 4983 15541 10564 5814 13392 18262 12681 1550 2631 16448 17289 19493 11332 17070 10809 1784
7592 18422 8316 6521 19132 12598 9876 8750 19303 12175 13509 11344 19086 9268 12627 14885 15170 5245 9940 1351 17303 8855 5775 15548 19464 9420
2579 19373 5075 5584 1384 4562 17455 14183 13065 1956 2757 19890 929 19255 18289 8009 1798 12924 6162 11215 7580 7887 18413 14736 1442 969
13360 1641 10378 7537 1111 13613 15225 12961 12273 7830 9600 8187 15870 8623 17849 2195 15567 14695 4522 4194 16522 6967 18148 4651 14718 2675
3917 12061 10719 12690 5963 13997 5145 3799 18046 3828 17501 13126 11036 9444 1474 7293 6744 3915 17096 18642 19280 6898 11866 16686 19489 16992
13305 386 6579 12338 12175 1475 6362 13143 18159 18594 12942 14700 6653 16859 7208 7729 18709 252 1046 7689 10147 10170 3422 7852 10823 13528
13067 3389 916 10497 11148 18499 19244 13132 3353 5005 11189 14408 2131 11715 17151 12932 16240 18654 17727 15835 1631 17670 9046 19537 14738 5624
6046 11979 11179 13312 1149 12763 7653 11236 9749 1072 9905 10147 2953 10443 4901 2748 2934 1692 6225 8135 19217 13114 12026 8472 1115 9985
8722 641 6448 17065 7876 19230 8802 7702 1589 4061 1543 19885 14367 6677 255 679 12695 1066 8688 15379 11528 12963 2004 212 16771 2135
3956 1603 14493 5341 3713 12643 15856 1178 201 2363 17538 10599 8024 16597 3407 17163 18383 566 19857 379 16190 13346 13415 8826 13100 16298
10647 5549 8607 17912 15674 15420 15850 12292 16309 4581 8521 19122 13000 15081 5922 14401 4797 962 14715 14080 17961 6518 1649 9998 15266 4361
4946 19674 12250 2733 8163 5675 9205 19768 4441 261 5323 391 2995 10422 5918 11428 13736 18246 4094 19462 6363 10195 15325 14863 761 12800
13699 9212 18103 8179 15793 12340 19689 9952 17216 10724 8852 715 9185 3610 15046 13779 6167 9848 927 15434 16 2870 5308 18048 1855 5436
6784 13265 18719 4367 10262 2938 4140 3140 9741 781 18315 3204 5095 19235 5254 16256 16550 1403 1180 5216 7804 16107 9583 929 13316 4435
13749 5566 7390 13831 14915 4316 8616 10569 4764 4082 6090 1437 17948 16442 8633 7345 13282 5772 19468 6647 13805 1662 15030 19773 18281 9360
1803 2234 965 12041 7914 7691 12275 2761 444 7892 2549 4511 13209 7960 12823 11339 4076 41 12785 4822 12488 10838 826 6304 5055 18234
9419 16201 2765 8988 6739 11814 5698 793 804 7918 12481 4428 56 19685 7907 18004 8467 16124 9263 4562 4489 3788 14850 7913 6225 14076
18653 7514 985 2808 15769 1688 3208 12869 1747 15376 3333 17350 12300 616 12596 11260 16299 8629 17926 4982 8610 12968 6370 2385 17489 10925
376 15823 2968 1131 6296 19449 11075 7294 3756 3765 5291 472 18217 13205 4346 11136 16893 4150 4581 14369 17864 14657 11506 11725 8327 13851
11190 8371 9628 9227 9858 9333 13554 14717 961 8740 1048 2820 4532 12676 16478 6838 9849 6664 15697 15922 1190 10363 2502 17812 17684 10220
15687 2430 11326 6259 16874 4066 17845 9822 2557 940 18112 650 268 9550 17040 2864 12471 8197 5665 16452 17003 6062 2739 16255 19364 3395
13770 10002 14640 7673 18616 14489 2229 1139 8261 6888 12495 10060 7327 4826 4132 17639 19956 15951 7054 11559 3459 14097 11378 14993 14547 4609
15124 17993 8597 3235 1628 6821 262 8765 5997 17896 2371 9406 1783 3232 14901 4766 4044 18511 4731 8950 19336 2792 1930 7711 13171 11232
3268 5986 5019 8230 15379 5651 15520 19500 13601 9983 8731 10663 16141 14936 18619 16982 2926 12485 12284 14430 5151 18485 1999 7869 17212 13669
13346 4136 15393 6001 7362 17544 13490 12683 5312 6549 1472 11569 4121 10597 10043 16661 19432 15012 16004 12538 7914 3091 17625 14036 4462 15444
10399 12812 1629 16453 5270 12006 13469 6209 16850 17425 2143 10641 12840 11160 5667 14236 9861 3057 13191 8 647 17901 15880 7073 6362 3131
16048 13735 17451 13134 5744 4748 7519 9559 11996 12479 8364 13024 14812 8684 2876 6377 11415 12953 17618 11472 16754 8237 7612 3583 13680 14927
10036 14391 13645 18621 4071 1733 16679 19167 9735 14073 11005 1399 14022 9716 11101 12497 10121 3648 13900 16964 14838 3192 8129 1260 16407 7975
6216 19595 6571 16344 10737 8891 19908 15854 16774 1708 10979 19825 18974 16095 10480 1414 13234 9996 13363 411 1261 16643 15993 19390 13074 12967
6408 13194 665 11687 15274 13365 10500 5131 15869 3155 6691 19934 18896 18484 14511 12307 4276 4051 17556 16851 6945 16898 11242 5591 13799 5200
10221 16662 10485 12898 4991 5778 14221 1088 11906 16397 17265 19710 4785 13460 263 11298 11801 18374 6670 2247 15375 10016 17146 2219 7844 5079
6000 10793 4443 509 16917 569 2853 12147 3042 12296 97 17676 12432 3784 16920 5355 7339 3631 8787 9453 8338 694 5530 6703 11468 15358
5482 10625 18429 7912 60 15669 3944 18141 6520 17803 4179 14404 1195 10691 12957 3941 9099 3644 9182 999 6719 14932 56 7884 1911 18325
13744 2792 8372 11045 12849 12329 18842 11497 4188 4359 16394 957 8500 17147 9453 9977 15937 6093 16636 5271 10332 17597 13903 16499 775 16502
198 6426 8206 10522 16963 4683 7728 10454 11861 8501 6635 3191 9334 10606 18901 17627 16407 4851 3497 12355 11372 10583 16728 10548 15932 10690
68 3894 15772 4492 17143 5847 3106 10439 2252 6590 18668 14056 8040 3456 3427 8692 1692 19462 19126 18547 19822 14904 4477 13257 14097 4743
19281 15471 16585 8340 393 6604 16664 22 14100 18658 5434 3971 252 14781 9725 11879 15040 7254 6257 4181 2821 6360 2210 16384 18108 6779
5386 10848 12254 15480 14926 8191 12571 5306 8729 13881 7657 654 3623 1458 4152 9283 7391 2711 13751 5715 13278 18877 16121 2049 3237 8116
16460 7950 17170 13303 3566 17440 17224 15703 10594 15068 2692 10910 14969 10995 11124 3983 2128 17148 11872 17883 6946 16458 2801 3614 3373 9312
12518 19042 8216 6776 12376 7201 11843 11719 19305 13453 7836 5974 9700 3489 3803 6809 14105 5891 979 10438 12723 8317 18035 9313 4592 16133
6106 9857 15034 1308 7603 8487 3510 8846 2759 16068 5765 11371 1495 14252 1992 12709 6345 1901 18611 12477 2470 14937 13154 592 18313 13250
1937 704 12145 7630 12589 11553 10822 18828 18553 4896 5988 12882 2799 7785 7424 3247 1161 12924 19773 7995 12219 5452 12515 10440 7787 18269
8546 10373 4088 6379 7877 5296 4236 9756 11046 15311 8280 2574 2438 2313 3000 13710 1082 16034 15296 10880 10551 2150 3485 14031 10143 8264
4642 10556 3329 4515 12781 1921 18162 18620 14137 9951 17724 18741 15887 1563 16959 9364 19186 18605 16626 19534 16432 2786 9547 2818 10270 16746
14173 13939 1110 5169 161 1855 8503 2210 5770 13089 18444 15543 19681 16947 3547 9307 7689 1999 16252 13237 14033 11506 16734 12877 3588 16988
18177 4694 16624 3502 2863 10979 15975 13377 8489 19309 16307 2488 5464 12701 7126 19857 6850 6859 5767 19828 14746 15853 18869 19844 6714 18127
1449 16242 17729 17713 19694 12359 8340 14200 13652 303 3529 9792 3386 213 12748 1805 9104 18851 4630 5952 17249 6244 4516 18013 10137 12413
3103 5197 6829 12084 4029 476 14189 3309 12264 8709 10021 18555 10499 10875 19280 15706 11086 18830 2328 5576 17535 13920 3811 11662 16244 2506
11683 9797 13135 1002 15089 11580 4242 12175 9177 4666 5316 18151 8567 2400 308 12798 15090 3064 19206 8798 8250 2964 3704 13954 11096 14684
16002 2873 3785 11788 3404 5372 18836 18065 13035 18123 19276 9761 11508 18917 3824 13406 18101 6423 6495 4083 5560 10021 4688 1738 19908 16266
4921 5441 16618 8070 17007 16068 2038 14422 19459 18376 10303 1792 9685 4026 10396 19883 14092 6445 6052 16418 9040 18850 16675 1869 8971 9183
7744 16595 9815 4398 9468 2755 12617 9131 16642 18052 8535 15025 1575 15638 18102 17558 8044 13418 6297 13761 10877 7877 18959 11387 3948 1434
13831 9611 481 2485 12517 19843 13194 15732 13590 13265 13384 18883 17180 4903 13711 19541 12693 6280 562 14597 3409 13956 9398 1512 17010 4357
900 17671 2054 2241 13367 13577 2846 7147 19659 3392 240 3454 3099 9965 8901 16365 13511 17481 6684 3200 9828 12818 5150 3121 10771 15051
3367 12474 4265 19409 18151 503 19546 18639 19442 7491 5423 8604 4316 7151 6578 14601 3969 12166 8261 15758 19127 2440 9040 18709 15708 16735
7808 18750 6960 344 12003 6071 16769 15431 16698 273 8472 17244 2546 18039 16600 17373 2695 3501 19561 10668 3675 16067 8258 670 7848 5251
2166 8472 18339 550 12788 18659 5059 1185 18246 8368 4306 9629 13352 19768 18663 1424 10701 7617 9535 5536 5323 13941 10195 14287 7838 19871
3342 3753 15249 14421 10220 11205 9911 15520 6732 5052 7326 17706 2955 9228 8177 1918 800 15013 7942 12503 2040 1489 9674 18137 5623 12876
4396 6270 19434 7989 9553 18248 9913 9759 5948 12384 7433 1896 10473 155 15253 2714 13699 14218 9788 12334 1008 4944 6199 13409 6545 18557
3321 8722 5492 7694 5146 11718 5976 6140 1045 4563 15576 13449 8659 887 10618 1292 11234 14016 11324 17481 8534 19359 12100 18990 7097 8577
9227 799 15437 15600 6261 14765 13120 6416 17882 15502 343 11761 16721 14266 5759 11055 7499 9369 11183 15007 5102 3973 4451 124 16067 14909
16038 11157 4592 3054 5020 16824 17916 3417 316 18252 12764 14122 8029 17503 656 5471 17120 16758 19012 1024 15928 15890 797 19658 8424 3782
8655 13453 3233 4195 17998 13345 4295 8363 801 17162 17075 6822 13196 11680 16865 2589 10514 12129 13784 9359 2373 10428 12214 16819 19914 5705
1238 14853 3792 7152 6454 317 10893 2835 18976 10729 17390 15325 13419 17652 13519 14711 327 18534 12426 17400 16555 14768 3627 1268 15627 13669
14457 7728 1300 18750 8613 15705 15621 7122 15195 19746 11156 5294 18568 10648 17969 5830 12803 17048 12181 486 11817 16973 291 6923 16450 7455
10780 6894 1986 13350 4684 8976 14713 19705 18690 5251 196 9570 16044 617 8178 1351 12742 6950 17875 990 16241 4339 192 5976 16155 1768
1262 11978 3557 18696 14209 14631 15436 12655 17662 7785 6183 12283 3236 1558 10418 17616 4374 2459 17365 9065 12564 4146 7692 3686 12240 3010
19607 9048 2404 6259 2332 19437 3490 19930 19490 14479 12783 18853 15877 4479 1838 15837 2420 5393 6054 588 10294 9862 3226 10827 6682 5703
2566 17123 1439 6717 18566 6306 3950 9983 7889 15852 9387 12255 5492 18626 3096 9500 8298 13474 1041 11367 16659 2895 7852 5165 11350 10466
375 18800 7793 8869 2111 17049 8154 6102 2476 439 16625 8098 19390 10395 12844 12266 2362 1758 7817 2189 5097 2130 8794 6801 1387 19890
7831 8807 10901 11138 1099 5882 17070 17195 12585 9728 6161 573 19716 6089 18192 561 12774 19383 3008 16358 18148 13876 10907 3502 11635 13942
14866 19745 16301 5039 10795 256 3809 7044 3305 19660 2259 8367 19390 12818 5460 3509 9169 1264 17196 9725 4848 17878 12057 10624 4132 5413
7255 5052 14971 16667 16448 394 8983 16229 3674 802 1676 1958 5342 888 15409 2176 4675 14188 17341 13544 5125 2821 15059 17681 4284 15037
14435 10056 16894 4208 1228 19510 8976 16411 2408 12631 17457 6297 1754 12392 17867 18905 12206 14690 10586 16375 8983 18124 11208 16324 6291 3576
5716 3710 14553 17400 14710 4760 19303 19173 6252 19256 11066 1495 14457 4849 5449 2926 14265 64 10990 5309 9886 17694 8744 1450 12108 6175
16950 5643 17863 8032 19506 12645 8708 19556 15540 5936 7846 5752 8189 16767 19040 2153 10510 14323 15872 895 8619 1395 16412 19964 13106 8256
6806 904 1397 14968 1147 19965 950 8075 14030 14043 914 12298 14979 16761 10171 16933 10268 18739 18811 9897 15090 6955 5946 8463 3770 12257
3652 6713 3314 7252 9592 10770 13080 10432 11587 155 18133 9336 10456 7366 13751 2526 11415 11687 15623 14091 13904 17989 9382 14774 1611 6663
18651 3095 5536 18651 4174 18704 19810 11777 16071 467 4379 16439 17161 5496 15881 8881 9356 11249 13741 14377 8545 12345 18880 15423 12637 1258
19880 18549 15256 4368 17472 9799 7410 5696 6518 15369 17316 19937 10573 6807 18886 16884 11125 19947 19287 9465 2912 5885 11503 11745 19488 3992
18446 13394 15432 972 14289 5498 18014 13168 18711 13868 4462 17268 19278 6489 3613 14568 14662 3223 14573 4190 13977 7886 12595 17371 11642 2418
1056 17907 648 11364 3852 3091 1209 16563 10870 18310 115 3753 10231 3465 17347 8425 106 2533 641 12824 12642 5897 11909 393 10895 6898
19547 8665 8678 18576 622 11900 12438 19993 3147 1185 8027 4630 13529 6298 14916 2964 12508 6970 1180 13776 18041 6951 11624 7836 14065 4309
938 15561 4267 7169 13229 1105 16713 1277 2510 17892 2038 13759 7732 2235 13913 248 11427 11414 12939 10629 8168 16955 13348 3266 13324 15579
9981 18932 4941 14117 11595 2181 13571 13824 14515 16379 9212 10000 3978 6137 11886 18475 6579 14001 9970 10921 7537 6069 13324 3536 8194 13847
10621 1149 6712 14282 9021 13324 3546 17077 19787 11685 18272 528 10713 7252 18714 15707 16109 8825 1520 5509 19659 8685 14182 12295 9001 3000
14080 6094 8010 12667 17280 13349 19739 17618 3406 17971 7657 13446 12142 12916 12906 9820 8103 5148 2237 5559 12657 4685 4074 453 14414 15984
12678 9781 15242 495 17841 8066 12297 6888 2929 2806 8005 19494 7989 14747 19774 4227 9555 9221 12420 1482 6231 2418 6235 19277 3344 3725
7542 6727 15353 5134 941 14306 18223 12494 4615 3215 11720 6622 11840 15914 4181 13666 19672 3114 4033 8439 9116 7154 9581 12389 4223 13323
6382 9932 15780 18160 11559 1252 880 16407 18076 6 3725 5860 12544 5115 11282 17763 18381 17254 12380 3068 1697 14109 13901 16733 14317 3974
10068 7579 2619 8582 15844 1094 5144 8354 16593 3555 14506 4993 18041 2775 15435 1195 11396 15854 2415 1557 8690 14930 17650 458 14214 590
13758 6780 1152 550 9766 18093 17178 11719 18367 16144 2598 12800 12387 2816 13618 7696 15634 16905 9084 848 1590 2802 3042 195 16176 9709
16514 3910 4892 16254 1455 7661 8442 1733 10117 11839 2988 4003 653 8804 500 693 13905 10693 4863 8037 2536 19264 11262 11454 14288 8611
15258 2138 19132 13904 4144 7876 7613 7061 10096 14444 19056 1330 9290 11942 6136 18730 7939 2363 13205 3785 17612 13541 15552 12357 6312 14661
2879 13377 6786 1525 2241 454 14081 8738 1842 3268 740 17398 11971 7202 5172 14117 3531 2437 2609 248 15762 6971 14807 7238 15711 14992
5625 17324 9482 2527 15246 1124 13335 9991 10701 12716 9556 18481 1944 15312 13557 359 6329 19987 13536 15704 9993 19555 11839 2695 3715 6789
7720 6028 4170 8086 12236 970 18798 7897 10180 13733 11039 19638 13476 17434 11300 4558 4597 15734 3124 2255 3173 17253 19591 9555 16245 4647
17945 12227 4141 16549 1899 12896 7184 6397 18122 8472 16372 6431 14655 19801 16553 17842 9062 12559 5764 2676 11019 5128 2869 11560 7091 5792
8178 8445 17435 6829 3143 1566 5770 15454 556 15588 5473 17637 12185 4166 14370 15163 3613 7775 19281 6208 8735 6515 1865 5394 1322 19840
5223 14303 5334 14295 1016 10287 897 15210 8942 2097 12637 14105 13512 15555 4020 810 15786 410 13519 6798 9134 16962 11783 18274 18841 11426
2228 11199 17720 19647 3705 11376 9004 964 708 8710 1504 13728 19954 3737 5420 14506 2193 15645 8715 14059 14672 6133 10935 8630 7720 13158
14841 4133 8438 108 2818 16993 19920 19027 18301 17925 17541 1456 2085 14429 7928 19948 12670 16028 7464 7001 9140 16326 1480 5408 19509 8447
3487 8937 8195 7251 3903 17579 6021 18264 12990 18610 4469 7935 7564 19484 12226 18065 15862 8755 15873 1776 18403 19406 6501 14357 11724 1458
15669 10796 6675 18901 19967 13594 11642 5624 12127 19945 8418 16908 12310 1584 4501 10296 4186 12129 1435 12460 7427 7373 7605 4280 8044 4189
10376 1142 13570 246 15707 2678 16802 14981 16105 19241 6056 18376 8272 8872 18297 9964 5041 10474 5899 414 4509 1625 15732 19275 12895 18264
5610 10665 19539 12478 11152 7965 3056 6445 11326 14343 18502 13205 6018 2916 18107 5938 12056 1845 7637 346 15654 9854 18365 5105 10242 3899
8037 7092 6011 96 19182 13278 14536 2109 17816 1325 4021 17938 15543 14533 14988 17617 12099 14469 9893 19215 1855 15664 6665 16584 19994 15716
549 10296 336 656 8903 13513 2046 2759 806 7407 13025 17634 4174 4907 10027 17100 18322 4695 7288 12382 13163 5938 4797 14611 13409 18318
5555 7096 6125 12265 13923 10171 19037 12825 13605 8146 7635 19172 9457 15722 11255 154 19438 12030 18571 4803 6257 20000 11187 12313 16325 17387
17306 17304 3885 7498 19859 5276 10967 9444 10036 4338 10799 12383 4997 13176 789 10608 15047 5513 7381 7035 3007 17992 12984 19535 14166 18441
12868 8678 17245 19542 19054 5414 16335 5970 16083 5374 5599 17832 10987 10978 18607 10794 7296 7835 9595 2851 18829 16308 12315 9473 6657 8994
3387 10454 18575 9292 14441 12579 19032 10949 10467 15040 7537 797 14442 19462 10007 18672 4992 8884 1038 17657 16506 18775 13748 19564 10368 2450
4931 8933 6550 8256 7775 13715 13369 5353 5539 12298 8442 4291 17811 18041 10409 9373 3664 3480 4535 19807 17604 5978 6296 13781 12476 13039
323 12395 6215 18788 8733 593 13891 3489 18663 13076 3319 15769 1184 16969 11011 13479 18681 19173 2548 8969 14911 8260 9020 13391 1128 5201
12358 14202 12370 6503 15008 14538 5640 277 19668 12960 10754 6505 13559 16637 3941 8457 8788 3040 14289 6341 11952 1898 19247 15795 611 15082
2350 10144 18475 1804 3860 544 12251 8006 17308 12298 11364 18488 11607 2472 901 17830 12580 16166 8812 8553 14358 12738 10981 18136 18773 5235
13539 12172 18761 10697 6691 8631 19337 11838 15007 14893 13492 8519 18456 7907 7447 11100 215 12459 17816 9423 14006 6009 7704 2520 644 1744
19801 14493 2512 1044 13062 18907 15908 19264 18212 7892 18027 7923 16575 7729 1146 6856 19843 1405 3462 14936 17007 2053 13011 18306 3005 7425
13468 9884 17852 19971 12258 6554 14648 12742 3647 15607 13335 18917 17739 13329 19867 4599 6687 4151 169 6791 1537 4989 10970 17028 5604 12047
17151 3199 12346 2219 2301 12333 8365 12888 13601 1786 4591 14229 16100 14679 19013 2118 19596 1040 17913 12393 18305 12484 12721 19984 1515 13761
14937 1867 8699 13496 2253 18283 17345 13248 214 7240 16332 3716 9783 7665 2230 18782 9625 8922 7055 8189 14624 11581 1659 18451 135 11858
17785 16425 14726 15467 2665 12586 8039 10492 4712 13522 288 7205 1030 1234 18039 17567 19006 9717 5281 5103 4861 11687 5050 17016 4354 1927
