365
89 34 49 85 55 22 95 32 96 5 96 57 50 1 97 68 85 35 15 64 57 82 19 31 91 69
7595 13832 11953 7188 1547 17508 14804 3220 16627 13829 18594 7716 9513 4873 15264 5659 9126 15562 11226 19314 861 19987 12921 4300 1331 7404
10536 11576 15281 18401 12445 10445 15627 16763 16489 18169 2170 8018 934 9915 17131 9892 1141 3246 6477 11828 7963 4199 18405 9497 8802 4523
3651 5048 19209 281 1366 7295 1812 10715 14126 15057 6144 669 6217 6901 1226 16119 12949 18595 5528 722 549 6600 6931 18488 3813 18921
15631 2295 10416 14013 15508 2616 6468 2694 7700 7907 14047 19599 10186 1867 17722 4450 12558 17417 13625 2818 866 155 1134 17994 3149 11892
548 1242 2101 18789 11987 19790 17324 9131 18415 1985 7461 16526 6197 17578 2076 5528 1009 4861 19859 18071 6301 12361 10977 14315 6030 4710
10656 10415 4345 10177 19535 5483 1915 5887 9832 11809 17798 2045 11806 17593 5567 12579 9829 1007 14262 14479 12145 9402 964 13103 5895 11511
2298 5063 16277 5726 11845 19411 2661 7058 5511 2094 9835 4220 11838 3574 12593 12481 7189 830 14269 10640 16608 3394 9005 541 19798 19536
15510 16245 6461 8060 11953 3154 13500 10344 4089 5554 16164 10313 1287 10041 724 19126 6360 18260 6666 83 1568 17990 15133 13127 19497 15310
1695 14542 118 5874 9684 17349 10623 5532 18639 9793 4929 15531 7806 18959 4686 3587 9675 13765 18185 11145 10294 12032 18681 8463 18461 11201
1818 18601 9611 7272 12944 11634 16103 10575 502 1738 3849 3542 3271 5880 19417 11232 16173 18967 1536 19626 17701 16783 18659 2920 19082 1750
2484 11414 16901 11247 18866 10628 6256 12004 9428 15607 13190 13983 3146 11282 15617 8103 10745 2556 3512 5471 2758 6706 11267 10769 13058 7474
770 10721 1866 14087 7408 1830 14841 15323 12688 4392 719 16222 16059 10502 8433 12794 12772 13271 242 12996 13398 8436 15517 5044 119 15396
1436 4842 10033 11190 17426 16894 2024 10605 4814 13602 13115 17141 17959 8765 159 5398 8255 10421 10697 308 18273 11167 15417 5427 9815 5364
16797 3590 14334 9250 635 2611 15816 14562 17932 18890 11502 12238 5932 7945 10031 18800 12324 6008 2302 2154 17501 14050 16244 16079 8842 8244
17238 19349 10713 2739 18259 18895 3885 18179 3209 14892 17893 5433 7992 6070 2340 19586 3707 1447 3923 9103 4154 10511 12146 10311 7359 9153
12230 17046 16011 9802 2469 16620 1380 1129 11533 5836 18890 6033 12980 523 14193 6112 10577 15709 8673 16223 862 928 7709 8932 6557 5253
13604 11924 5882 2921 9342 14959 2553 2246 11343 18072 6592 13210 19364 10328 14289 12911 11515 11400 12326 201 13934 15406 7476 10054 17306 2143
354 14920 11623 11118 15640 17032 7051 5305 1545 15024 10514 14917 19995 11959 16582 8026 1357 18301 9869 7886 15810 6938 6695 11055 11250 16876
16973 1354 6431 2107 6814 12887 15361 7509 4328 5217 14707 4494 13807 1078 6917 13578 2244 12693 13098 18363 7204 8859 1227 15500 6565 13684
6674 5249 3546 10698 1260 4819 15519 17642 8987 9781 12337 5976 11681 5803 11682 316 1636 19358 14344 435 19057 2791 11267 12262 5758 9751
3503 16438 1049 2396 18459 11764 2597 6597 13287 16671 13672 5716 3761 5155 4009 6905 1769 3860 17272 10836 10300 16858 9472 8545 4968 6202
570 12936 9066 8036 6864 1717 11247 6781 3250 15765 12538 1203 13497 460 6062 8590 11717 12401 10185 19687 5007 9902 9707 6176 19000 4954
6285 15681 6861 4032 9835 4064 13124 16747 7383 5342 11326 13083 6980 9625 1072 7734 7417 12948 9839 7318 19393 13156 16402 15983 2964 3640
230 18435 7280 13360 958 1541 15238 15684 1854 4819 17426 17750 4034 8583 7177 17872 13380 12115 6124 385 14149 12726 15937 2206 1232 14738
5374 17512 7387 6048 19986 9451 5052 8915 15068 3604 14808 17109 16738 17414 19941 5114 9263 13443 12334 2452 16390 16117 16636 16821 6921 4202
1733 18243 6776 19466 14476 8819 11033 8468 10189 9464 8667 13309 7334 19203 19472 15720 14469 4643 5147 6553 13644 10848 8962 4610 3054 8587
782 14839 15956 13411 2696 14282 13461 16135 14655 16030 11151 10672 14445 4796 9963 12929 18861 11450 13333 15448 11548 4482 17412 2007 6142 10380
14985 9385 7226 1446 12810 19993 11878 6028 12260 16877 1079 15170 11098 2785 6150 2093 1525 8899 15234 5080 3055 386 10715 3979 10831 15043
10075 17316 5158 1406 6097 12755 7566 17038 13803 11594 10808 9682 9692 7717 16554 7802 2864 17565 9883 9485 5258 13861 1538 4734 17348 7312
18196 11867 11465 4682 5557 11775 10137 19842 712 15431 11613 19088 16631 11377 17357 12393 15106 11707 13355 1515 10705 3411 1824 7326 5887 18380
17365 6034 8227 1472 1541 6262 16305 3092 15603 6113 8997 2827 5417 12162 9793 1703 387 96 4641 1650 7286 7751 18300 1043 1425 3293
13228 17841 5313 9926 5692 19968 8636 15509 11979 2203 9401 1365 16884 6743 18892 15314 8892 13718 7463 2678 16983 345 5412 14253 2373 14553
9616 98 13812 12298 12610 12279 14934 19182 4871 7300 12166 930 2174 13001 18944 13232 8499 3320 12688 7220 1399 6998 9285 11945 19014 11856
18026 10307 13586 15370 3295 5570 5408 704 1054 8289 7096 18144 12399 4243 14667 10818 8395 12438 176 19865 18908 12870 9370 9517 15445 14963
12390 3546 18351 13109 2824 3101 13838 5331 18928 2329 11194 7676 812 17803 14965 3905 19296 14702 12903 10944 5337 17035 2633 7149 8410 5273
18964 15390 6278 9098 5742 3650 11605 9289 826 11000 4456 15261 1852 18322 3499 1662 3309 592 4361 7110 11195 1146 259 8187 9894 18331
12163 12685 14584 11131 18256 15010 12215 5713 7805 10661 3937 10228 18985 6448 899 11945 16521 3003 2463 282 12079 6152 19761 15114 14957 19596
4039 7498 1738 9492 4100 12933 4677 12070 10755 12176 2891 531 3558 13920 15481 10031 505 5355 10407 11456 15508 6378 12598 7469 5002 5092
11917 18190 3264 801 16581 9145 8920 8648 7456 6939 9003 8293 18609 4064 9504 15394 8650 8401 11965 11011 5905 13955 4140 3375 1694 6421
14722 1725 5507 18062 4247 17958 16352 3526 10746 1716 4949 13877 13827 5636 19325 18389 14517 18439 12187 10392 7548 18368 19193 5185 8552 12658
3023 1361 4617 903 6573 1556 2961 833 7845 4154 15620 8430 5240 8893 617 5721 14917 11896 5487 11706 7604 5712 1834 2689 8307 14435
15272 4170 19962 10271 8371 8489 17750 8912 13 16921 9034 11796 1160 8579 16460 2726 3554 18308 16569 1209 13477 14266 18217 5007 7164 13531
5949 4548 15807 15195 14967 11187 4704 15423 7618 6463 14864 17160 1954 9875 19489 3165 2502 12034 8304 11852 1911 8808 12671 8398 17270 13179
16208 944 10702 17687 5163 9182 939 3077 3827 10212 11920 7556 1260 10319 2286 2136 16341 11105 16512 3014 8112 17502 8037 430 3943 16064
16640 1237 7495 17021 14085 17837 16392 13158 1372 1427 6214 12277 8037 14710 10906 12657 15735 18166 434 3387 6512 3460 12674 12088 2968 2980
18329 2090 14435 4298 13645 343 2795 7349 10352 2883 15768 8328 17477 932 10822 14214 15862 2020 19640 7731 19941 4244 12698 12119 7420 19592
18507 3786 4178 1378 3330 745 15516 8625 3922 17445 15850 322 18921 19552 17952 2072 4409 15155 17789 9843 18488 2691 10229 16028 13003 8896
19956 10639 8749 11384 18743 16246 8752 10118 6888 15159 10034 15656 16492 4128 9761 378 3018 7248 18450 1948 19801 10967 19770 13953 12930 5748
14089 16799 15944 6658 8906 9873 17925 9456 5243 5427 7142 311 14147 16302 5661 2285 5663 7532 17682 519 7879 2453 17879 11550 2233 4922
11284 17548 11079 19276 19468 10880 14233 2433 16015 1585 4020 3530 9522 19744 15380 5162 16270 2155 15953 5380 5983 2979 6639 8806 3041 8646
15749 11839 13067 67 8337 18068 19814 14215 4635 10946 7782 1597 18469 16699 15714 13682 4084 10292 3447 3973 12499 13553 13756 10927 8647 5501
17368 18487 10374 3975 16 19196 19688 5016 3192 3137 13913 16846 6328 2589 10385 11038 9888 13395 4172 1707 17598 3938 8608 2943 7380 8774
2740 16263 2306 17318 17763 19183 4137 9328 501 13261 7466 17897 10405 14007 14840 5574 6809 4998 18342 17419 5595 19267 313 18232 19773 6533
10645 15944 19715 11940 12025 8081 3025 10632 8695 4866 11707 17406 13283 16355 18234 6952 3958 14832 1071 12418 12584 11040 6830 6331 12661 14161
9315 1178 16436 4921 18518 484 3042 9180 18637 17596 19176 18455 2655 10181 19037 11959 1972 5383 8291 4770 6621 2438 2884 4575 6760 13062
7359 12727 388 12967 18290 5654 8453 15582 9498 14082 17087 16721 17115 9133 12584 4030 2037 4500 12635 6924 4469 1426 17858 806 17818 12285
9522 10420 3460 10608 3582 12234 4651 14402 6881 12752 5048 1469 19731 12566 15374 9928 2747 6206 16768 9989 5701 9041 12677 6396 13651 1205
15211 1645 2624 13459 284 15329 1225 13092 8690 1994 1368 13056 1504 9971 9192 12515 12892 17793 10283 12766 3192 9081 1163 12938 4655 5179
15251 1542 10517 7194 13386 14547 8224 3060 17943 5140 1484 3819 18355 10720 11526 10511 2543 840 9013 5683 1926 7079 3499 2041 9818 9734
15343 270 15130 8431 13663 10179 4136 3082 18613 12402 6814 6493 20 4454 9023 16831 10852 17739 14652 872 451 2585 4150 2717 14328 7994
18789 6542 11465 5913 8388 7412 7272 19917 2614 3537 3546 12461 18380 16714 3101 9982 17550 7691 10456 1276 9806 16527 15892 13516 10832 11297
1268 5341 11263 15870 14372 12553 19871 18660 17552 13484 13888 9728 11549 16717 16260 1163 7731 6981 18826 10002 4520 18508 8102 14949 15872 1700
11035 16839 16171 706 13043 17771 12187 14277 8372 7346 5559 5493 18530 11498 15678 906 955 1561 3654 1809 18527 5778 4282 221 8665 18767
15706 19455 2278 3812 4472 11091 9716 13564 1180 17959 6010 18892 19968 15970 16369 1467 12038 9169 7942 6044 8655 8484 16786 16898 8940 9460
17001 12553 7482 12651 4594 9551 18284 7067 4964 17664 11271 15315 11684 2211 5714 8540 18367 17443 19712 12769 13673 6777 14627 15604 10029 5928
19918 16002 18374 15198 2705 16054 2454 10190 18036 12432 11343 3802 1526 881 770 15525 13013 15157 7810 13917 7180 10071 2843 16350 8847 13516
17620 2665 14688 2370 14499 12802 15852 9423 4447 6924 7149 8821 14699 2554 3161 15112 4354 3518 1114 1110 12913 2679 3419 6217 2203 14919
4283 9282 8128 7053 11867 6203 13098 16331 17896 6767 17428 9540 8493 12896 6076 16594 11274 9275 2754 19010 13495 10722 6221 8553 5757 16579
1806 446 1791 18051 17558 11126 16410 8178 8064 13616 10389 6919 15605 15335 16583 8988 14536 15612 3565 9196 8233 9260 15006 2634 2490 19585
10616 8183 15201 721 12179 17198 18854 11008 2531 13756 2292 1853 17969 11752 7228 1565 6996 19797 390 12530 7955 18531 5699 480 483 10180
4988 9372 4074 7470 2173 5163 6244 8317 13423 12410 15406 16789 228 265 4579 14907 16370 12261 13957 14514 13779 14818 3939 2195 6201 546
12225 5098 7817 8823 19385 15893 6944 8267 3393 3446 4438 19727 18157 18296 16047 8250 6111 1048 7819 11657 8580 6472 2983 3495 13741 17225
18982 10646 9931 9272 8297 3583 5979 14769 14215 16855 5843 381 11213 18509 12585 13007 7614 11223 16776 5543 17213 6966 12088 17909 19095 3162
13974 13581 17649 15002 1898 4080 8954 19128 18288 3461 14960 12849 13009 2410 6358 17426 13543 13869 1338 16140 14488 13747 7860 6443 15484 10812
11889 16476 16498 16726 16164 4977 5336 12491 17188 11261 18309 992 15023 13224 17636 14086 17975 17474 2345 15538 7915 15928 9537 15706 19979 14814
4260 10058 8234 19932 14444 15520 10113 1387 14881 7377 11826 3296 12721 4379 11275 16385 9468 19237 1321 7981 15428 7408 12762 1348 6209 5109
6124 15230 11589 12636 9577 8071 132 1421 3166 1234 4779 8153 11477 10782 3386 4007 1462 16139 1986 12006 3925 15831 7465 7285 2468 13532
3312 7111 1643 1854 5534 13276 12294 56 16539 9965 11546 12967 12416 6433 10666 326 14198 3414 9741 17217 4419 12808 9171 5565 5349 3086
12122 12723 9149 19430 18610 14676 16925 8762 7360 7451 3569 9831 5312 3926 9159 15368 18937 8860 14898 14618 9092 5566 14145 9492 7559 14510
9100 17611 3275 6815 4594 18420 9458 4521 5340 4919 19327 19016 18377 10258 2462 12027 8912 15859 8561 7470 13671 19122 17495 675 9587 12558
19254 18954 3355 2279 4844 3884 8437 13595 11768 16407 16870 3689 13509 15146 13992 1011 19089 3979 4813 437 12591 12443 508 2676 8357 1136
12314 2853 15379 14621 9729 7503 6382 10717 14641 10579 3000 4624 7371 12942 6659 14034 5207 11950 4637 9414 7993 15915 11232 15682 8082 17902
14808 10036 8700 11560 12727 4549 16445 18694 15476 4115 12730 19046 1257 9382 2097 691 13652 10353 17692 14597 16722 5064 4191 4787 4927 12698
16881 2155 4695 10510 15844 8155 18889 4536 9141 6613 7280 18811 2834 19585 16934 11053 10236 12683 12779 7678 16223 2844 18898 80 11472 5628
5357 18520 7108 13033 17021 14004 6970 9245 15484 10892 8828 12396 14379 948 9946 7840 11138 4572 795 1746 7582 13347 4724 10954 4847 1546
19603 16594 16312 14724 10552 13352 11207 3876 9589 14006 2842 7333 19265 7217 3328 7962 11225 9051 15165 5761 11526 6853 13907 19691 2444 12767
5868 11693 14394 1822 11104 11219 10063 17922 7572 6692 15850 17683 16870 9789 3050 12247 6382 13976 4676 9053 1213 7883 8511 13879 11523 227
9514 6261 14341 17559 16421 3348 4674 7923 158 17680 2366 7187 17266 17765 19452 832 19560 13065 3520 7441 6411 9912 10364 14883 8337 4183
16489 16062 11491 3115 5573 17660 5021 17155 12011 7567 5739 12316 3109 9964 2378 8290 14768 7972 14937 11481 9199 7481 16362 930 18957 874
4378 9541 1540 14655 3832 5708 11990 9875 5854 5091 3103 17989 1227 10770 4609 5285 8915 17436 9553 7968 19416 6443 14789 13877 14867 3705
9166 17543 1293 16648 1274 16541 15908 6673 8944 3687 11638 7117 19824 6871 15887 17644 7502 17887 17926 19288 1549 4798 2943 12690 5114 2221
17166 5726 10147 9469 16305 4711 3428 19887 7869 8175 14392 19531 5730 3305 8032 1444 8265 16370 13044 10669 4548 7591 15028 15451 14691 16431
6163 4409 6076 2326 10524 3285 19462 6209 7586 10187 12724 13587 16786 13435 4861 7715 17223 5064 4289 14574 3534 13774 8042 2619 1589 1606
149 18268 2646 285 13161 16623 2927 10702 8201 5226 2627 4829 2495 19256 5426 19853 16682 5796 14540 17886 3433 17939 4959 16396 9146 17303
9194 16057 2723 17156 10086 1218 5197 11577 2129 8607 10521 18901 19693 15113 13169 13088 8705 4917 3599 12520 12715 926 3704 14285 576 6426
13128 4078 4143 1195 8990 4297 13970 12991 10151 11778 19790 8423 14311 12543 7074 12170 1947 6096 17474 14844 4538 14182 8814 19883 2284 9777
18518 13862 16126 16887 19733 12380 8965 3602 15991 8712 15409 3543 18835 11999 8504 250 19052 11784 14893 18503 4790 12309 8145 8357 7928 4810
15531 8611 16459 9979 2914 18352 7386 17314 12890 19847 6210 14368 7830 13259 10791 14761 10892 12073 17123 12550 15848 16408 15248 18704 14777 6251
17788 3777 16687 18494 18457 18779 13139 19 5441 1576 16104 16016 8536 5709 16299 13010 9396 15521 850 3131 6028 12248 3504 19913 14877 18080
2073 1818 9757 6117 13272 13681 12539 13687 1953 7908 1964 7009 5820 13484 7615 6577 16226 11885 1018 2914 13100 556 1204 11498 19196 2315
9603 5330 16404 15648 19478 15148 13106 4111 11965 17453 14562 550 12046 6235 13160 518 14376 16804 8619 16294 2837 11828 17905 3654 17934 18533
12971 19744 638 6011 2999 18761 11531 13014 12417 13819 1722 2423 11986 6256 14107 16998 11539 2360 10048 12828 11670 13524 15894 12039 14544 14534
6101 4541 463 15228 5825 5590 19478 2529 18542 15679 9655 18402 10758 1948 13760 15749 14100 14068 14658 7606 5703 16841 12440 11039 1199 13657
1014 19711 8389 1648 10468 17297 12536 13055 16978 12740 16373 10970 3821 19323 1593 5050 10957 4767 6622 19425 7563 13275 18643 17035 12368 11871
4830 4809 13563 10592 5446 16321 14462 12557 7616 11522 10023 7134 15288 9968 7827 12527 9938 18043 3251 10500 6190 18640 12521 1870 19842 19866
2992 3840 3857 19480 15721 8382 10738 9385 10127 425 14844 15306 16635 19678 6827 9261 19013 2175 11486 19268 15237 8109 16497 11677 10890 10768
14823 3769 7907 16346 15024 2763 18464 19453 1089 14584 19856 5452 17571 17432 9642 17065 11900 119 12147 5293 9835 11865 12502 19605 17894 15033
4366 3341 8351 19419 7647 8325 157 7554 914 15624 17390 10028 17495 19629 14711 17219 11843 3399 12577 17143 5340 10000 2951 6226 14485 8769
12368 10223 6373 13782 9553 8971 6111 13261 15261 12535 15687 3712 5834 8469 13693 6359 2694 13405 12138 6227 14087 16718 18228 11893 9225 796
9236 9756 19736 16627 14719 7835 1361 4475 8620 6216 16507 19808 17604 13451 5519 3519 9390 523 14893 8189 14933 187 441 389 535 8808
470 4828 11620 14922 9508 8583 6939 6978 3410 2581 10884 12395 3531 13382 15522 10101 3186 11409 18906 2763 6003 1353 5318 2127 1595 17651
16327 11789 6775 8677 14577 15618 13863 5400 7603 12862 2595 5123 7374 11618 19800 16787 16963 12938 6932 9344 10283 10169 13129 7740 12039 3715
19187 10538 9208 2238 4246 8249 3912 8901 16258 11042 5402 2342 1750 10828 9947 10383 6522 16680 17379 13140 7315 539 11491 9082 912 13150
10217 7594 15978 14063 12006 1266 5385 10000 12863 16614 4097 16128 1356 10891 12578 2400 6141 16362 14206 16611 14230 10881 18130 9149 14111 12853
8529 6249 6097 86 16044 1469 1176 11528 3563 7297 3002 9083 15337 1134 10967 7901 8840 13521 17901 3003 18735 19469 3620 4695 14511 7096
4114 836 1307 15087 10418 12508 18973 18153 4177 11643 10620 5296 11245 19520 4407 15814 7674 12410 927 8880 1568 13039 3451 5630 18317 1456
14494 14774 10606 3200 6476 5158 2986 12401 17148 7829 1720 16039 12629 16835 4280 5345 13076 11407 2055 6165 12860 19742 8528 2740 5273 4542
16971 11685 19411 6475 15472 15271 16224 17814 11065 14470 16405 8872 542 13513 8031 9945 12880 8028 423 17675 14461 18178 18403 19238 19346 11624
14181 1072 4761 1775 11812 1095 2830 7331 5969 19883 10869 19790 13078 10407 2080 2305 9012 4751 13498 6398 17577 19682 9673 1440 12998 7849
2415 12072 17521 18529 12250 2084 11345 14640 1046 3861 15863 4321 8049 18341 19483 9014 4206 12747 17899 19134 16526 6987 4221 4001 9033 17508
14095 2422 11379 16911 10916 3680 17642 14708 1379 19985 8995 17386 9942 10204 18970 13015 14782 16372 4293 6519 15140 12459 3933 18719 6121 18326
19042 13103 17480 11291 13586 13745 18883 8191 5236 5463 17079 13382 15737 12784 2065 15385 8806 13519 14584 16320 668 18976 16258 7697 3792 11717
10449 19600 606 8382 15741 5519 1575 1538 19182 9245 18673 18502 6415 17 19993 9535 16258 16854 2341 3809 692 16915 6396 146 5321 4129
12154 15826 17280 11141 18723 2963 5309 10216 8776 7199 16077 15198 9894 4555 10033 7195 3885 19295 17046 4496 7021 16512 2273 4627 11349 5472
17385 4657 10036 18081 18001 12612 11391 8553 1890 8253 6009 9984 9761 942 2966 12078 9605 15326 18540 19545 6309 9408 6062 17974 2410 8920
1376 18799 628 14033 19515 17611 12261 19259 10739 565 521 19888 7059 10090 12192 2629 10717 1017 2167 17163 15449 16296 12991 4926 12301 17604
18938 2432 4403 866 13525 1656 6722 9656 4863 14563 5741 19019 12373 1571 4680 11220 6316 16056 18542 4836 19989 9294 12099 13527 2675 17380
1447 6802 8907 14522 13763 9288 18971 3984 16991 12368 764 16213 8654 11267 14665 17058 7083 17018 15555 9013 6930 12426 5477 1007 6903 11913
8753 6486 17018 7247 6161 17323 12495 18409 3302 7973 17907 16132 9386 2959 5894 1999 3151 18456 9102 7756 10342 6332 4185 19312 7304 17902
11592 19504 505 3704 3539 14674 19307 14783 6885 19429 1248 16193 9955 5149 1318 4605 17068 13741 16501 11475 1031 12548 1820 7178 12025 12091
10399 5169 713 9100 5092 13613 7570 7884 19415 7209 4341 18203 5650 5511 12692 19785 18120 17487 7896 6402 16229 1200 6496 18877 3790 18052
2630 19437 10542 11893 501 10855 17500 4848 2298 12703 17862 5958 2085 2750 5809 6593 12484 1386 9487 11697 2812 8416 14560 14952 16620 13695
484 9970 15484 11337 11980 18650 2912 13485 17062 2461 5183 7946 4171 15530 3501 2909 247 10682 9053 3757 14936 4127 18392 19839 17287 15456
10033 4776 18693 2187 2103 1034 7708 6068 11054 13131 18223 732 8286 17983 10690 5666 19634 6328 15827 18298 18605 18618 7626 16787 16370 19946
8730 4571 5775 13391 9268 3259 10874 3528 14866 11001 19046 15352 4083 4027 5582 1225 5356 4133 11679 755 10608 11489 13603 4805 11283 8329
6404 11415 3198 8126 19896 3637 14996 14222 17303 13998 12752 9777 5501 3468 18299 11089 11687 17375 19097 16662 15332 16931 77 8360 6808 1016
1286 7615 1592 15002 7625 9066 439 13837 9863 9262 19313 15625 15638 9730 18895 18570 19177 6406 14560 3929 10864 3441 14246 5440 14732 18247
17876 18676 8146 17008 1955 16261 16934 9113 1650 5370 16463 3822 14202 3004 18715 19189 9802 16645 14595 19913 19296 6446 11269 16593 1581 18882
6916 2750 18561 17553 11620 18834 142 11821 3615 9874 15029 19196 16417 12459 5126 12557 11288 6901 16952 3451 9207 4844 5679 5606 10354 3691
17904 12670 138 14512 11388 16990 11064 17366 18810 3804 10146 1403 9185 9504 8258 15164 3971 1569 2103 2458 1177 14554 18419 16424 19911 2494
12091 6023 8042 18104 4656 15597 3908 17151 12434 19611 14441 16835 18127 6836 14867 5628 4630 1228 18980 1799 8508 7244 10662 19138 19977 8104
15023 5944 14992 6443 11948 14661 15104 1160 11380 15153 9228 2430 8989 1738 3760 13569 18235 14951 17187 5707 6604 611 11458 17271 16714 17983
9546 8169 13817 25 13641 13120 336 14165 8307 5430 19387 6158 18104 12240 12997 16673 17372 17718 7751 5508 8712 3476 15838 9506 18388 16268
9357 1247 4698 10356 8288 15574 19140 8657 5058 15735 8056 5870 1463 8310 5428 18348 18648 12645 2436 9928 5859 18451 3092 5216 10326 12183
17224 9881 538 8426 19432 8693 18313 15828 7500 9411 8690 5789 6890 14385 11383 5428 19821 3971 4734 12191 19148 19752 15054 7584 12918 9179
17244 6268 8389 2712 3523 13441 17422 14619 5283 10903 15427 6618 8245 15299 18962 16806 363 8124 7354 19653 9574 8011 8310 5157 9276 18884
17713 3446 719 12162 214 13525 6528 16482 13280 4608 19647 19999 6616 19199 3715 9234 5265 11552 13580 12079 832 14987 8 15766 12932 13861
17184 17397 4874 8933 5477 5302 7666 11975 13543 16944 19050 7048 4823 4988 8884 5445 6633 817 19819 10304 14891 18463 12407 17224 8258 11954
17884 9602 457 11487 7484 0 11929 8843 13472 9130 9504 13494 15736 15611 3592 19049 13952 16893 6040 13558 16064 19728 17045 19261 549 13512
10807 4838 5589 5944 19648 9970 4530 1944 19723 7037 3589 7702 13086 14420 17335 12536 11606 12389 9706 18591 10962 4438 13113 788 13645 11966
7720 3081 11092 9378 3641 1648 6922 16030 14670 19526 19515 1187 2857 15563 3177 3155 19601 16018 10881 142 17981 645 16793 18850 8718 4360
8138 5397 16954 5123 8002 4188 5844 2622 17835 3186 1492 3025 15073 9954 1040 14365 15647 18317 16425 4547 4558 2630 2683 7698 5676 4854
18172 13484 11542 9386 10678 16286 5416 4284 12102 16273 11915 5291 3174 4917 3267 6267 11568 17729 9568 9412 19443 10982 2523 17078 7789 19911
6184 18200 13632 5680 1542 6479 636 14675 1647 17032 11945 10546 5531 7442 882 1916 3140 736 6743 2763 3441 9304 6761 13674 17278 16828
3511 13272 12962 2635 19394 2408 16020 13456 17197 3058 13243 3466 4848 9881 371 13763 3341 15550 14746 5412 4445 14036 9441 3603 6330 2221
556 18725 4869 17619 597 14848 18228 17059 947 15396 687 7673 12933 6511 15706 17241 1126 2054 2970 5207 5302 15728 11015 1070 1772 8697
17735 5999 7096 7880 9228 17207 2195 4894 14914 15102 4238 19653 2431 14694 14838 1172 16187 4098 10446 11914 18875 8247 15188 13625 16841 6686
17052 9925 6917 14670 5021 1875 12221 5914 5117 14438 13525 15467 5020 19582 6609 6046 1744 2584 5888 16830 16967 949 4713 4480 3416 2185
10226 2197 8273 12130 5511 9364 16407 3425 4430 5201 13219 3449 5162 10057 6149 19241 18328 2214 4644 11131 10486 14575 3461 2803 2973 10697
5302 4334 10280 11845 8125 15878 3635 8521 4204 7393 2349 3920 10335 18474 17882 7720 3464 62 9361 4757 4888 1925 8843 8079 15657 6560
4156 5787 4329 14364 13319 16348 1229 12318 2311 10862 10497 16708 15434 18782 10141 5334 1534 1648 18750 3462 15304 8960 5193 4179 18048 6007
14708 9433 11526 18542 14574 16968 14625 11530 14944 17594 325 15788 5255 10337 1060 1001 16455 2702 19075 16926 10221 11127 18016 17120 370 5701
2564 11986 8300 932 1466 15147 14306 3599 3446 4666 16891 1883 14334 405 333 17846 18959 4896 3357 10883 14761 16397 3744 10840 3715 711
6641 15345 3021 8946 6404 6821 12325 14688 8464 5260 6300 8161 7575 6481 3690 19268 8428 14342 19269 8125 10473 6431 13399 17773 7041 1608
1771 10600 15869 8444 9932 10211 12364 13019 2074 7684 6619 4997 10828 18336 9398 13633 12784 13556 13821 14084 12894 3735 2938 1466 18241 4934
7933 18944 18231 13449 19480 9129 10508 6182 10109 257 13861 3028 3206 3433 3554 3975 2526 2944 10797 15573 11640 11550 7098 2703 14355 8672
1672 17397 1316 19393 10445 12072 11434 12174 19112 11562 2921 15591 9808 2881 14761 16269 5084 11170 19312 8347 12630 2351 3449 8650 17733 3268
19996 5725 4148 520 7078 6620 13374 9263 5837 19676 19003 6418 12817 15910 17270 10857 7745 18834 14010 6452 13895 15102 16652 16083 10753 13995
853 17885 18000 6615 6989 2837 5147 1469 9145 2685 13237 5566 10919 8796 1816 18479 12993 3812 8929 15267 1419 9471 16158 14317 11539 7357
15270 1853 6139 19351 7847 13652 10230 18310 10885 19130 11618 12199 10567 4614 3623 17067 17318 663 10524 7680 11847 4901 15929 6120 13596 5107
6289 2419 3354 10913 17143 10559 9563 1065 8401 6353 6712 17255 11153 2391 10625 8915 7558 6514 2085 2471 9975 3043 8414 10873 11150 14959
6488 585 2171 19089 12411 3387 18920 2017 15636 18945 8853 13912 9768 13691 16151 4794 13899 18060 17141 5350 8729 7892 8801 12701 3375 11646
17092 4913 7673 17069 17432 9981 2304 19119 18736 8306 1791 7656 5728 773 17160 7968 5296 13822 7328 17870 17183 14818 3919 595 16374 3996
15465 19792 15316 208 6708 10027 14041 7272 1208 10614 6469 11679 12308 15978 15554 17883 12570 19369 14145 16034 15020 252 15029 10474 16233 2567
9978 14946 19770 14472 17839 12835 11360 4843 7346 11524 2867 18603 14528 2038 14917 2346 12689 9115 11671 7990 3894 18117 7486 11999 17462 10707
1408 6192 961 18207 6880 3951 5958 9701 11823 14707 6721 9383 15779 14745 3061 2983 12160 3681 10560 15531 12791 12820 5644 1753 1405 13320
13292 4191 3965 17902 18590 11885 6396 6142 16821 6757 4213 12715 4754 7244 13030 15415 9419 2083 11396 10393 19113 10806 15970 16803 10788 18742
19751 5131 11464 10796 18000 19270 16599 9748 15591 11512 2586 17688 4173 12927 18340 4691 3592 17971 6159 3481 14777 10260 7023 3518 7585 12977
3448 13414 9965 5519 12437 6035 17603 19136 16290 9781 4879 541 16254 14254 11383 17261 8911 1330 3399 2899 890 9602 7988 13213 16247 19409
6697 6109 13910 12900 17857 11765 17681 10826 8502 13843 13846 19376 7769 13693 17699 806 17661 16537 8212 7958 2739 8287 3325 3509 13348 14564
18539 10839 9862 6111 3402 9932 12698 10930 19019 18186 15061 10719 17321 11963 5968 14623 16296 5318 2649 16980 19389 14323 10211 440 4239 344
16337 9515 3324 4920 5969 13569 2115 4608 3830 15262 13358 8338 3402 18045 14680 18341 15374 15968 16491 15548 15349 12821 12204 11997 17326 12347
13850 18914 5774 450 14250 6655 16913 15191 5631 12604 142 6757 16441 7851 19268 15798 8966 18579 7146 17199 14182 443 14313 14872 10281 1506
702 12794 7626 12985 10491 3478 11349 1866 3008 623 2925 10415 5613 18928 8503 18536 16433 12303 15924 14027 11970 4910 17560 2632 18742 13867
2725 9408 8966 8491 8184 19458 12385 6834 5368 13165 136 10282 11612 2403 15514 5366 19384 13604 4710 12622 17207 15462 10860 19978 16901 16758
12435 898 5844 12000 2969 19103 764 19701 7785 690 12818 15590 7170 978 19005 16071 19095 7930 13672 14659 18318 8468 6136 5082 1589 16448
17320 660 8375 11059 11590 699 3531 16561 14506 12458 2226 14708 774 12928 12151 3813 6832 19347 6984 19876 7789 11046 8767 13580 9682 10134
8024 14968 7691 9393 3968 13514 19211 2163 11695 849 9915 18101 4743 18074 6149 351 12174 1576 2223 15184 4630 7098 2071 4839 14865 12286
8428 3181 9349 12719 7453 4790 18295 12101 10149 9557 10397 2384 6557 342 3357 6859 1267 12360 11721 12872 9771 1751 14513 16736 9516 865
407 8647 11246 11360 17085 8296 2011 13077 3535 6372 14039 17191 13029 13472 1997 562 9316 4420 5376 7570 17199 3346 13046 7337 19917 7466
4106 12080 7232 11358 4531 4587 1870 19077 6776 4164 18724 15175 9352 1188 13922 10751 4512 18435 15648 8372 6978 18911 11006 16702 18792 18190
11711 16404 9609 11903 2978 15464 14959 18504 17301 3601 9770 13954 18659 13018 18156 7882 16626 8791 16014 19930 558 6947 19795 12798 404 7224
16849 3094 10988 6903 11425 459 16294 4060 720 16270 18600 18654 10263 5795 466 17560 8627 14664 13211 18753 1455 6903 9959 14023 14195 1955
4588 4425 5069 19619 7889 15541 494 9357 16664 14175 18992 6640 9996 8861 5446 9133 19232 10994 19784 1401 9944 18882 8956 17506 9310 19518
7936 6551 18481 12088 1175 351 12495 10384 11276 15305 18094 13529 17698 11760 3502 8672 15324 16182 762 14440 11095 17888 19902 2332 16941 19883
10936 12940 4792 12234 18144 13408 14300 7356 13141 7761 12961 10495 10488 384 18002 4560 724 10873 17346 19139 246 15994 14981 10036 19002 12577
16667 7592 12147 9700 17731 7360 5780 3421 1635 10630 1008 1434 16854 7266 12877 16265 854 13973 10616 5730 1715 15419 1444 4348 19031 13560
19245 7645 19588 15596 10337 869 17781 4511 4630 8732 18518 12871 4803 8778 12246 15269 9740 459 3992 17670 9152 3367 8492 8683 685 4427
10964 199 17528 15481 15321 11773 16255 857 17015 10794 17049 11844 9462 7071 9297 4729 11113 6455 9441 2189 857 3424 11521 8936 9944 15260
5646 12526 17460 12979 10537 10678 16113 8083 19012 13228 15750 15388 9945 18306 2679 13986 12895 3974 19896 4147 17639 3204 2844 9752 6983 6981
2652 1860 17240 6491 9302 9635 18648 13250 14619 14364 83 3128 18810 10065 8931 12549 3446 10516 5102 14553 5821 17166 17071 12363 17820 1496
12249 5343 5519 667 2121 18902 11191 5985 3592 18139 18102 6281 17910 5262 10195 2854 5249 13255 13859 6829 3037 7709 13414 1860 6634 747
11090 3795 9198 13084 11791 15837 19675 18665 9242 14050 18818 19618 17870 2239 894 14918 16457 937 14120 5380 4156 527 15371 18043 657 8269
5946 10937 14086 14384 6899 18788 18167 16148 7028 15380 12127 7421 7586 10006 16747 14134 7353 10891 5109 8642 17874 4700 19727 19830 19934 13429
5778 5142 15646 2299 9177 256 1649 19314 18404 3095 3291 14306 15182 15560 11563 9147 14384 10224 1126 9964 5983 11669 2859 18467 17108 7304
11166 9079 1529 5911 15543 8665 15969 10474 218 7681 12102 6502 6339 12485 13574 11646 18711 2509 4643 12626 14033 3070 6443 8495 7736 7551
18234 8769 2270 17504 9026 16324 19019 2241 16271 7802 9690 6705 11933 16769 16618 13098 8273 10663 1088 19900 12343 9962 17921 11195 2068 14091
6362 13492 2074 10879 10353 4537 12139 5563 4822 18910 7646 15146 17975 6594 14169 19469 7900 1209 686 14813 6274 9266 3411 742 12708 19793
8020 3774 8265 2655 9290 11579 15908 3920 6060 17081 10397 5770 5506 19224 13269 735 6217 8349 5326 18616 11649 16561 6922 7666 12158 11855
17276 184 403 8039 7125 5775 16892 16817 8852 16540 15130 14365 4317 4012 2389 6016 9308 14906 5896 18566 15901 11015 2707 323 14689 14923
17561 9830 2524 8053 18673 8415 3925 6813 3619 687 169 3262 1623 5907 18766 9867 17247 1133 10718 15264 5240 2825 19825 8091 10775 13920
11046 7551 16836 5703 5463 8112 4930 2910 10335 11914 6290 11768 16600 12432 13527 10671 13492 16450 804 121 5577 5960 19208 11750 2462 5045
8310 19691 10223 4125 1182 18991 3509 6210 7539 11026 14059 18070 14751 9595 336 9720 16390 8390 819 7798 10514 14729 5560 1677 2875 16745
1920 16214 9790 11398 13286 7999 17878 6172 5572 9140 2238 19537 3107 19205 4282 1781 5461 14471 7611 3790 16917 10974 4945 8414 6864 6337
327 9321 12758 6595 8566 18968 7471 18979 14087 10769 12153 4080 320 7144 8251 10412 6258 4085 14990 17337 12888 12183 11754 15952 17242 17899
11576 13279 6540 918 7592 17182 1226 15217 4327 7477 247 17026 3264 15181 7628 1001 14636 5309 218 10533 18719 17971 10132 18588 15378 17364
8797 1178 9227 10292 14524 5258 5780 5296 8333 855 19669 10983 11184 11043 16629 17040 8789 19269 14960 11971 16449 7143 1516 15221 3510 9231
3605 13915 677 12720 9063 15726 3741 7457 1819 6264 9953 2833 6766 17245 17226 3478 3749 8382 7677 13933 2917 12424 15593 18154 3082 5709
6015 4307 17141 292 2382 4019 17773 10 7014 2421 2697 1586 49 10023 4381 9308 13222 5802 2980 18655 11977 12152 10071 14952 18645 7960
8918 1175 10191 4066 16151 1580 19278 13469 3926 7567 17541 14915 19202 6563 19403 11496 10682 3126 19832 9831 9142 14307 17597 4227 5073 10977
8373 4286 15020 2378 13834 4828 9039 5740 2024 8761 2199 1446 9845 18386 3615 14763 3055 17738 7850 8687 2296 8293 4944 10455 18214 2190
1501 12353 5474 5564 1674 7176 5871 9782 3897 17755 16799 2084 15763 1737 4238 18775 4230 1214 11289 5325 3825 13803 253 17734 8579 12854
2716 9243 7474 10884 19267 13771 9314 2597 6237 6771 964 16415 2654 5185 8839 10659 16119 17316 9727 6884 10605 6985 10678 4917 3169 1002
8897 1121 15632 92 11390 13161 10372 16355 19772 363 337 4840 13386 9148 4216 8090 13256 9843 9725 6636 10702 6471 2129 10592 16656 4492
3657 15553 19074 13692 12639 10327 15653 19968 8581 8639 1500 11254 11621 9827 19522 6758 2777 18551 7949 445 11250 16320 8406 8889 18693 12405
17061 11181 7395 9890 7420 1213 19202 8446 3614 3130 16958 15403 6026 11742 6229 9303 1956 19465 11662 16168 1491 2993 17669 19700 6605 11145
9680 2222 13654 16437 7299 5574 5528 6005 8610 4716 1566 18700 6 11159 2362 7182 17286 1531 8828 14465 4428 18845 3630 13877 9413 16781
5923 12864 6905 730 5817 19142 3805 9173 13346 17867 14467 829 14895 19583 2792 18215 14625 12835 5381 10597 14059 17695 18112 14144 1319 4084
18649 5014 14028 15979 15356 16884 5129 7426 10939 16181 12291 8282 11767 14161 8330 13846 10427 8376 9281 16985 12271 5572 15781 18537 14289 14162
18136 19463 298 15371 15080 3525 9122 12560 675 5539 14190 1034 15659 27 8894 4784 17596 18072 19356 817 16487 16048 5718 2740 12913 3446
9050 10734 11446 14820 12147 215 15805 7806 10566 3782 19726 19568 14848 1006 9834 10704 340 16792 4785 16885 3571 6893 229 3890 983 10568
13807 10495 19247 15451 16342 10820 18973 15125 8550 14885 18421 13132 7014 2529 6352 15719 14956 11478 5736 1099 19560 190 7147 3262 16130 10559
6276 3597 10202 7129 9725 8488 1006 11623 12996 8753 1474 2182 4827 4247 17843 7202 19276 10570 5389 18908 413 8289 4255 11174 3712 6271
920 18618 18235 8263 8504 11200 13986 6312 5501 836 16863 14269 14049 15118 15750 17082 4486 18926 1433 10560 7360 1659 9185 10001 9139 9382
13418 5730 8343 16055 2079 9549 17886 881 5664 6813 14148 17344 11491 5880 7622 10044 16313 19523 8335 3893 13461 3221 17482 3967 15614 19396
14893 6356 12301 13649 19464 3902 15511 1531 15210 3840 13810 5252 8036 1040 5526 11570 19834 9546 11097 14350 12399 3411 13873 14281 15478 6842
316 18969 7716 1290 2717 11719 8427 10179 10313 15252 15783 7084 19443 860 5330 12835 4772 13927 14157 13716 17723 1256 18372 9162 16888 11135
9015 17555 17852 14029 7474 13400 1125 14380 7708 103 13539 3862 17881 5448 17424 126 1746 143 7713 15713 731 8701 11120 8447 734 9051
8741 4276 19304 1365 9304 11250 4257 13621 12057 5207 8929 17786 9591 17857 11469 1587 18408 14818 3604 2675 6845 8909 5209 9295 15108 19989
19845 9066 17032 1955 10242 11257 5109 15056 5295 10413 11588 11727 2085 971 10273 12816 16213 6594 8531 15875 19895 19872 1872 4201 576 14777
188 14613 3954 346 10582 17024 8963 19056 12670 18797 4255 5674 982 14478 8522 7426 1889 17601 4413 19150 6510 613 9346 10797 14184 14106
12231 6777 2636 7628 17250 2940 11195 1590 3587 15329 2423 7006 12389 12667 8360 18720 12624 7887 17263 6976 1400 19836 2610 1051 14868 3356
10577 2944 14225 10415 2302 17532 12969 8423 11721 1759 6420 5348 15528 9779 12034 8741 18007 2657 2567 9999 17412 6129 2897 4663 7396 10675
11194 6385 14350 5374 12847 7033 1795 12755 4015 14539 11262 3725 13459 11102 16154 19376 15621 7797 11423 8160 7407 10557 8121 12087 10513 4535
2085 8552 16230 13778 18437 5813 10776 7400 9335 6603 5085 2877 13182 18964 10898 10369 6674 9032 15380 2501 14395 5188 11316 18456 18209 15866
6521 17551 2784 1148 11493 8004 19136 17451 5526 12114 13436 15372 19486 15717 13016 13937 8561 17725 19208 18062 826 1082 19605 5247 14510 17982
11396 16613 1648 2835 18053 2418 10196 1709 12800 183 4644 2616 14719 4919 9628 5875 16204 13286 16761 11657 15889 6745 4984 7487 7673 19889
19389 5946 18319 194 148 3645 17949 19306 13158 12438 19840 5600 1740 18467 10154 13688 15721 7216 8539 17440 11210 18294 2650 8041 14839 14883
7208 10278 17915 3503 11183 18802 15135 8295 15570 5087 3143 2344 19539 16029 14009 1600 10472 2195 3971 14723 4442 6939 18295 18077 8934 7239
15389 14118 11184 17897 17631 11827 6162 18971 12059 15039 7979 15823 7992 15232 13615 10506 18143 18676 3749 1742 8233 9470 11485 7202 13544 16297
8583 7742 10300 15613 6432 10880 10119 16244 15025 11884 2976 1125 9805 2442 5846 14661 10414 16156 19889 6778 19747 19932 14329 10570 552 10377
261 1290 7018 18082 11465 15597 11519 1588 19642 1977 2865 354 6998 3179 5666 7537 11086 2718 17052 8616 1869 10851 9506 10505 14479 17792
7014 15471 18994 14111 15763 8893 11794 3178 13043 6115 3473 11743 6370 6225 3893 10721 803 16173 19753 3755 15577 16329 2095 953 12016 15656
3848 6598 3312 5917 7481 3716 3716 9845 18891 7198 474 5139 1604 15373 17714 6823 5713 707 5289 1544 10879 9910 15554 18418 8837 5101
5854 597 5096 1027 16444 7817 344 9807 14145 11073 9994 1788 9248 4899 13977 2424 15110 15321 12148 12090 10382 8256 2070 13444 8374 16224
14981 16935 19034 503 17485 4958 4741 8292 10081 18703 18940 11518 10326 19664 17737 1192 15354 15437 1540 17479 6297 3698 9409 2729 13249 14509
5008 5556 17030 12783 15842 10538 11813 6246 1075 18966 8146 9602 3597 174 10256 18955 19707 369 3393 15509 17574 12441 15380 7414 7182 11679
2438 16624 8200 685 12803 16505 15665 19947 9273 7989 4085 15767 17250 19053 14974 19495 8801 2941 12106 13469 10701 11292 1571 307 3293 13721
2917 17749 6943 14545 17360 16562 18244 5127 13891 7951 9663 14298 861 19918 16044 10984 7664 12628 17005 15558 11141 8660 14749 18993 2399 12628
7856 13237 6426 4997 5814 2919 8189 6952 18706 8573 2998 5143 10848 6186 13120 3526 16150 4123 10582 7974 8338 12877 13782 871 716 11314
8760 18459 17115 16176 17413 542 19795 9704 14141 8958 9382 11208 14618 7232 758 1020 10388 17923 19901 19093 14750 12812 8338 16222 14581 18955
16521 2529 8317 6758 12197 1299 1962 10121 6226 14590 10225 15165 89 5600 4510 17358 18374 8123 13905 5681 8903 14953 6870 9125 10913 617
17693 7698 13175 11027 12920 2537 19255 2876 19924 16972 11436 1987 4271 10174 15330 2835 2824 10232 15085 2812 4074 11700 15324 7983 7807 11247
1413 4093 10236 19382 4360 11767 10611 6316 6858 192 16345 7978 5917 17636 1795 13192 1940 16590 16327 8162 8191 19095 3571 4382 6410 2120
2576 6629 10169 2384 4681 9606 13616 9568 13802 16390 741 1313 750 8680 10449 17840 11020 4279 9222 273 16999 5006 14857 13282 12564 9890
12378 9631 6049 13649 14872 5632 1548 15418 17617 19617 6256 11445 14192 17348 10611 11631 5526 19811 12241 8319 8325 17015 5990 6899 18052 8270
9919 18843 13950 13662 10565 12935 9834 3712 1000 6238 2609 7987 1709 13699 19883 178 786 15894 14760 2153 6015 5709 17910 2041 11715 9840
18930 12270 17223 4699 1616 8459 16085 14714 18033 4878 5282 9067 18616 7649 9160 18841 17979 5699 5292 17014 7581 7534 14443 15086 12810 3517
1627 12768 7523 8707 14060 9815 6441 17808 17774 17554 18029 11812 7484 4440 9783 6358 12043 1210 4429 17822 13668 8576 15991 3764 255 11342
4087 15282 651 15458 4531 13757 1685 18912 13193 5739 18306 1296 3628 579 9035 19776 12145 3911 334 16475 9896 705 17221 17230 3882 3523
14954 9491 1694 17639 3080 15565 8109 19432 5302 44 14437 3904 19424 2303 8101 19498 4126 10181 10551 3085 9525 15204 554 13090 18636 3676
9340 7318 618 420 13504 4641 1913 5001 3935 8275 426 14284 6698 10854 8802 12085 15541 5268 1676 7866 10751 18172 10687 13281 17926 4852
15581 2411 15690 10145 4814 13773 7583 12983 6652 14141 17865 16772 10971 9278 6504 16714 16985 8017 7722 12059 11340 7479 12155 2137 4632 7176
3120 17546 15533 3377 2042 5672 2606 15710 13045 1488 10626 8886 1907 2407 15497 17183 15877 8687 17570 10767 1015 9194 541 2551 9696 5269
18842 4079 2875 14793 9776 404 13426 11818 15807 1460 12538 3031 19124 7869 11991 10319 342 18595 9908 12315 18909 17350 2597 17045 6426 10854
16808 18805 10452 16326 5705 15859 17739 15041 3521 13977 13310 11819 11729 18331 12053 10010 10579 12286 6591 8211 1893 1517 10871 18898 3021 14945
2842 17217 464 8519 13415 13577 13878 11236 785 15243 14373 5347 7281 15848 6393 10099 12800 14905 14115 6880 18454 17586 18212 4024 11184 6899
12491 13497 3411 14349 14519 11684 1979 1926 3190 11726 6657 6212 13420 260 17124 13164 1438 4892 14134 11319 15386 10210 469 7808 4460 9957
8665 13487 15425 2250 10038 1031 910 11284 8302 12170 5797 209 5916 2315 6173 1365 2599 794 9303 9236 18816 15333 11239 2821 9854 5198
15959 7596 15785 19715 17672 19558 15323 10529 8630 2220 4281 8648 17948 18951 18671 19650 7483 3238 698 16061 7027 14142 804 19706 6700 4245
4421 4550 14512 6128 18510 16487 10311 10549 19696 5453 16048 10324 17477 11056 19652 2787 14135 9302 1202 3017 12322 7670 18258 12837 5163 17612
11855 4923 15464 12945 6025 739 1694 14589 8075 9345 3354 1225 6356 12214 2586 7323 7985 10880 17209 8805 18186 19107 13438 12209 11037 15353
18972 3965 11057 16184 11955 17472 12468 3691 6938 72 2147 10835 6478 8881 12440 19034 6545 18504 4372 12403 18397 16764 8693 2394 15654 561
1341 12692 2763 12166 10949 728 19932 11093 3697 8871 6373 12292 317 3921 4412 13595 13727 4182 15334 17670 3424 11451 8227 3913 3164 17730
16435 17752 1881 16663 19223 16864 5908 6892 15146 3031 19573 10413 9031 17154 72 1959 19125 14211 19203 19190 19939 1899 10823 2476 1582 17081
239 11527 7599 12841 9965 14561 624 19088 569 726 6302 18575 3327 15348 8551 19336 18956 4121 12569 1402 8694 13361 6264 5330 15732 9037
5949 12794 17282 2022 15353 5660 12982 10241 15766 9868 16032 7275 14861 4446 16251 18573 8046 5032 11998 10020 12148 6279 7069 7484 16789 3279
14370 4626 12327 5602 16483 18890 8596 12865 15117 12608 12105 6187 12970 18707 5728 8650 11184 12209 16648 5999 19784 14441 6121 13448 8621 14545
12351 11230 2937 6467 15454 12726 7381 262 2942 10496 19386 19484 5385 18174 9523 7455 7383 9090 12623 6020 18558 14774 3036 19598 9719 1203
18050 10127 8238 247 14620 5598 419 12239 2034 6376 12335 11781 16834 7992 15940 8287 6455 7850 4853 3486 19365 6356 9147 4787 4405 11071
9501 6003 12541 3367 11056 16921 15669 13954 15791 14216 13132 17147 3497 7916 10967 4369 2281 34 14619 48 13614 15815 12087 10669 1249 8187
1908 10063 3045 14928 5941 14307 12230 9576 4672 3481 16410 5198 9078 10199 12404 9617 2224 15966 1450 724 19779 18439 2572 12693 18363 8794
8769 11800 19807 18515 892 5154 356 10456 14415 7446 11274 2507 15375 18636 5730 11554 9250 13591 15229 11552 5022 18534 14307 14675 16037 7120
10665 2061 16429 1875 8456 2724 8252 3766 11171 17563 11255 5576 14050 4914 15540 12158 4455 7600 9153 14690 11981 819 18246 11091 18361 4160
15049 4199 10532 18373 7389 11027 6969 19303 16145 11153 18749 10997 19404 7368 2378 13446 18218 16102 16108 8677 10247 16698 12770 325 4946 3792
10807 16108 16910 14285 11385 18895 13900 15182 3949 6165 15365 7648 5920 4452 8203 8666 8554 17532 16000 282 14606 994 6021 5164 12579 5316
5509 13797 2492 16497 10243 4530 934 548 5495 3143 5914 10194 15075 6230 8919 8324 6285 12759 3979 19136 4225 9970 18280 1237 12733 11622
2448 4213 13904 6323 10547 15222 7180 257 18336 19173 3944 12039 2502 9355 983 17945 10587 3971 84 8888 19740 11655 16984 7189 19028 2352
12665 1355 2907 856 7184 18257 18602 18544 11441 818 10587 8943 15826 1752 1846 9421 3496 10986 11834 11198 10899 13440 14531 15427 14748 9973
7477 19217 7117 4530 19362 10301 12747 13781 13335 16343 11168 6906 2949 18043 14151 19823 12336 2016 15963 11954 12150 4594 13715 4971 12087 19057
10770 8639 12972 14116 11038 9244 5149 7436 16345 10551 2371 17556 11365 2496 12444 10126 14011 7747 10052 4557 13175 5465 7106 8583 5632 13111
3382 9855 14605 7406 3111 3756 10802 3474 6679 8057 13960 6892 675 1513 3252 13443 16295 9774 9366 1450 16246 16850 9602 5790 200 6503
4842 7709 6859 8740 13558 10285 1777 10884 9767 13520 2036 11623 14158 3609 3682 12757 16842 6501 5076 6812 9698 392 18813 19022 2026 7044
16329 4419 19201 3936 13224 10813 15089 6110 2429 3571 14089 9231 17472 8084 4283 2318 3560 8249 15824 13401 3407 4950 4572 11298 11801 7475
16969 5029 10426 8713 7519 9272 5870 13207 16247 17234 16386 8535 15270 15774 7191 13398 9711 6302 1943 7818 17908 13955 8433 10087 18179 849
3668 5883 19590 4134 7835 3623 16123 9117 3237 5168 7759 9697 14145 19798 10505 11815 4460 10584 2565 1865 1907 12478 19152 6305 4348 11835
16862 8081 14345 12046 19741 19607 14591 5760 15984 4464 14629 14423 11719 6309 11223 5886 11070 7992 7092 5722 16009 2584 8548 211 9842 2114
10573 573 2047 19570 5202 11233 7054 3128 4058 18951 18574 3106 6029 19724 11152 12889 437 8171 3658 5838 6795 5759 834 6671 16976 9377
14319 9843 6987 17006 8295 1374 475 15613 17248 16450 695 10286 13383 18809 9446 916 18152 8434 11584 19169 12892 2191 10372 9069 18308 4207
7080 12165 17083 14784 166 4569 1378 19261 6160 15666 1010 5217 16820 16086 5591 5778 17565 6616 16719 15959 2257 11243 12923 4959 6415 18553
2070 7878 4459 3690 4425 16121 5299 14969 4937 12884 19887 36 9584 17103 6292 10324 1452 18732 11882 14916 10202 10783 17704 11929 12228 873
5921 2445 291 17080 17807 11557 11093 6600 6797 17543 10532 17043 7193 13921 6549 13290 8668 4723 15209 10633 19095 18713 15928 11142 4840 7919
16440 8336 12865 16084 11808 12994 2524 12476 17964 16287 15516 5116 5236 9473 6985 13619 18664 4671 2034 17943 1590 6805 8652 9632 9649 3177
736 17564 3156 1131 12232 19084 17993 4939 9319 17803 1573 12873 6480 17613 10902 1847 7808 19775 2862 16406 16887 16454 12844 1864 9161 3931
18643 9639 5764 989 9053 10721 15586 6239 13137 15813 8868 13923 5332 8748 16606 19987 18417 16919 5632 901 9916 3509 3927 5333 2781 3914
15247 12748 17018 17142 13232 7891 9560 14270 16045 17667 1044 1235 12770 19946 17637 7267 15328 15218 8076 7717 7968 12803 718 3498 4211 10309
6031 9282 6402 13031 311 8956 11154 8066 2286 16411 297 15248 8344 12828 5048 9891 788 9652 15753 2400 14747 8585 7551 18675 14622 9672
19681 12757 1853 6438 4329 10013 854 5663 18922 19942 5073 17552 14960 6583 7534 14459 12288 15463 2579 4582 12940 16553 2243 19039 7203 8156
15698 3643 16193 4326 555 13462 19494 17115 10153 8495 15990 6839 13808 9595 19224 10428 3244 602 18563 11266 3818 19416 16597 4033 8275 17190
4820 4160 19093 17324 2074 6045 1101 2091 8727 16335 13179 2604 18368 9408 14196 7435 14252 5002 2833 10328 17635 14392 9381 16698 11815 17759
15075 3835 302 13271 6052 8347 5883 18418 2800 10920 17472 7636 11468 2609 6491 17174 11915 5991 729 4613 6072 1440 10726 11626 6588 3170
14425 11726 5274 19921 10992 10668 18362 18818 6911 12610 9064 9185 1239 2716 5998 6680 11055 4257 7701 12839 12634 525 18318 4855 4278 6305
11747 7976 14158 14297 17673 4169 5389 14291 15269 15053 11988 1377 12571 17482 8024 14139 9624 18514 14745 4773 12051 15589 7579 18249 6406 16997
2610 8595 2985 9478 4950 18097 1442 8226 2759 4395 3781 5767 9886 679 7449 7333 16095 12538 19945 11792 10234 16094 12696 14098 15455 18765
6145 7808 12773 502 2049 528 5883 5848 4249 19549 5428 8087 7166 10191 4855 5735 19199 7256 2269 13368 3830 5180 9501 8008 18934 11629
3918 5938 16185 7762 14044 5658 16760 4407 18529 5610 5491 9731 8646 14177 3692 17467 4821 12561 17555 13955 11507 9963 3431 5211 19885 10051
10217 6121 16656 13176 7348 16587 15322 18929 2762 10673 5947 6334 5925 4518 5787 11308 19196 6553 126 710 16294 6494 9042 7052 1444 10598
17971 17009 14967 11609 1609 8158 17523 13130 8442 1500 1680 13997 4170 8601 454 1384 9493 8819 19622 5599 1909 17142 17124 13205 11227 17521
1457 13539 14543 17128 3559 2394 4780 6867 15515 10610 13437 11714 4252 17698 19182 15301 8476 735 3711 19590 19449 1528 3109 3877 16984 8698
8183 14363 496 15775 7070 288 12896 12114 11664 17019 3290 7643 2084 179 8936 1409 4193 11 17588 16 18662 16540 16807 17365 11571 9656
2131 10000 11033 19051 14196 3844 12374 6645 3925 9015 6904 10571 10442 10485 4861 12203 11765 18086 9441 18391 1791 4511 9880 18214 15515 17683
11979 801 11097 3197 12444 16405 17977 3590 16782 2064 12012 19720 2255 3243 19122 5272 18704 6925 16624 9737 11876 19471 15323 10814 12171 16772
16193 9430 11361 329 13755 15109 9051 12509 12663 5075 5282 6218 17337 12049 18423 11712 10756 14400 15101 1004 1385 19090 3308 3150 14992 9902
14572 1704 8268 6048 3302 11736 12413 5081 14661 1274 376 11511 9653 14913 14582 8630 12310 5361 11524 4711 12484 2236 3453 4577 10366 7311
2272 16690 12502 1509 240 13296 18202 5320 19431 13955 11453 766 17214 19466 11730 16347 7251 9676 18913 4335 6165 6932 10514 3847 19533 5629
1463 5308 14867 19316 3505 8801 10464 18349 16051 8987 16572 15431 10511 10412 18895 10638 9609 5863 8388 2479 140 7273 8985 165 31 16712
2926 9733 8434 17755 4991 73 1543 5050 13654 8617 3306 2740 2041 14346 18511 16209 7587 4649 14418 17724 6166 17249 5796 13639 9702 12684
16950 11366 10077 18891 2348 7225 14942 1165 19115 2393 12364 18847 12919 14672 9571 1631 2648 615 11178 12340 5920 4558 13206 7144 7052 18821
10169 15342 10627 17674 19190 2600 12570 3970 1303 1484 9443 9543 4705 11341 16725 7225 4401 13782 2871 9719 17399 5846 19235 13861 1130 5259
19258 19007 10897 16713 9447 10899 5084 7282 9756 19085 7413 19388 7297 13206 18417 10612 17980 19039 1912 3458 14585 14208 10446 6883 16292 16040
1220 14291 15671 13149 4931 14239 1280 16234 4162 6251 10910 2652 1711 16500 13338 15194 16621 19799 10702 12995 8799 2319 14758 5780 5301 3937
6253 10794 9062 18900 15795 7359 15294 11044 5729 708 12145 16322 17677 3853 3193 15455 957 10546 14955 14477 9387 3181 12291 4784 7059 16064
5892 18510 2069 18892 17704 2454 9920 5637 1232 18874 1184 8883 6521 16660 5186 16333 17032 11367 14334 15363 19516 1115 17090 6944 261 18383
11239 3377 10783 13472 18016 2363 13347 12418 7527 8675 10115 12799 15119 4711 2014 6567 1596 7864 16344 19199 8824 4330 9427 7747 10690 17776
11193 14341 8174 9916 15767 18188 13634 2867 18417 11730 14081 18399 15540 14181 16098 16830 3950 13307 12893 13114 19125 5274 10478 1357 6474 19977
893 14921 7785 1771 19417 10124 4098 3463 6126 4248 53 4396 10817 15599 3161 8946 4674 12038 19457 16077 14309 4787 9207 9240 4031 8263
10561 12435 11180 9788 19427 7106 5429 758 6944 11769 1951 104 19769 12856 13737 1968 15072 11985 5470 11903 15820 2078 2273 11288 15732 1083
11001 13580 7293 6576 14983 2492 19584 7060 9103 5021 900 18346 17158 12439 18272 11704 11396 6298 13876 4637 5201 18332 6455 11895 18464 14394
19138 12859 19511 3610 6164 5717 9439 4718 6144 14543 16621 18490 9389 2670 1936 19837 3010 3089 11177 14022 16478 1092 9355 1125 13282 19764
1676 3605 12657 2717 5666 1037 3229 12927 1698 14669 7162 9989 7219 2323 455 2646 16626 13761 3270 18233 14797 656 13611 15707 19920 3592
5711 15702 19762 15988 2942 12852 987 8153 11756 14484 11172 10712 16453 17133 5357 4691 4857 18801 15538 19913 14490 10018 4937 3930 1805 19902
16377 1644 8079 1497 19863 6154 4093 4836 9153 2231 4387 8066 14620 4535 3412 8170 1782 12360 14673 19045 6056 11384 13171 11809 8157 16185
2281 11801 14386 12836 6085 6140 12464 2462 6028 17777 51 3377 7455 6881 10735 1916 7193 12719 1426 2198 174 11511 12369 19379 2747 1349
3492 2098 4858 18523 5692 10344 15412 11228 3873 14721 181 8389 9604 18844 13020 17055 3872 1312 16278 7958 19104 2913 2618 2457 3432 3310
18313 17652 17196 13334 12964 1585 3481 6733 2088 8957 8435 10056 3716 1279 5024 19534 8756 10083 10506 12827 19945 16810 8876 10932 12036 14907
13754 4719 11585 15286 5778 12582 2580 15919 5571 4420 3299 6097 1284 3335 19257 1519 6520 6864 5931 10480 14946 17238 1517 7480 14232 14156
2309 9882 5914 4323 13165 9727 3090 15236 12012 13797 15758 16891 13240 6891 18531 9807 4706 15592 5109 15972 2304 8461 14862 17452 15178 11682
5273 18915 1931 9997 17936 2519 10471 17525 11695 8545 349 11882 15503 4235 5348 5454 17749 9071 172 7170 5441 19880 1906 12249 19738 13207
5116 15489 4660 2513 16332 12023 16306 13430 8152 577 7574 11252 8612 11761 13483 15622 5006 8681 19194 4039 12449 11290 16848 14373 4119 4600
13905 8522 4416 13016 8002 14208 4790 12011 279 4857 8877 1827 5140 16584 1542 19571 19777 5114 9031 15751 5866 2613 10917 12452 16241 14450
1203 3411 14457 5221 3195 2747 13015 16426 13584 17713 14589 2397 17140 1681 19123 8764 13995 11717 2772 2913 14328 14878 10159 9358 6779 15961
11553 10228 5220 16592 11689 16679 1490 9446 14807 7254 15293 1523 13441 15581 8102 8348 8802 15601 18030 888 19704 6716 12055 15448 14553 8771
13759 1430 8804 7354 5896 15162 14686 8131 5764 4064 1007 19468 5415 13619 7536 6185 19341 10985 10270 18757 15889 9969 19225 11471 10788 9784
1264 13598 3584 15926 719 17501 17530 400 10683 16059 7361 6774 13861 10298 14298 12120 422 19328 11062 16901 18661 13476 2833 16121 2926 12605
10319 17305 7744 1463 1933 16472 15782 6971 15513 2337 7680 16080 14148 9031 6232 9377 14684 1701 17616 11110 14767 17363 1458 13820 19203 17378
