365
24 87 93 100 66 54 43 69 57 91 81 72 16 56 8 71 47 36 12 38 21 23 69 43 46 85
13622 9122 10010 17339 9655 6429 2007 19637 10317 1739 5540 14476 3638 7738 16058 5188 15644 15581 9622 518 10156 14159 3999 12961 9041 18309
11205 6258 19273 15333 8768 200 1819 9992 6272 15314 15994 3320 1962 1258 19273 662 2212 2389 2798 4617 6747 9002 12425 12357 15988 3280
5670 13255 8582 17861 13204 3258 7698 4243 258 1024 1249 12007 13971 3082 454 10336 14004 15145 11097 4601 989 4239 2648 4357 4819 17051
12173 2735 15322 13973 18225 12406 11168 10914 6560 2159 9015 13984 18888 10770 13960 958 6127 12513 3664 9730 6735 14737 16060 3463 1351 4628
10097 6009 3294 13996 11108 1973 4695 11556 3022 11187 7499 14468 2770 1265 7282 315 2553 5850 3693 7071 10731 1033 13873 9843 12410 19782
17628 4167 18422 2175 1306 11667 11513 1859 7199 13723 15820 8149 13443 10221 3504 8167 8516 2427 18426 4362 17930 3504 16086 16161 15112 18277
5614 17666 3259 14552 808 2289 17848 19098 595 5778 3666 11907 12707 237 5864 10603 1427 14592 2595 2618 3633 11647 19030 14574 6012 15717
15425 15591 11828 5067 5831 7381 17479 6367 550 1369 5118 12468 17710 7492 16037 13469 13611 19049 2317 9888 6438 9420 1720 17947 4032 7959
983 3631 18633 13009 5638 16424 12376 8936 2047 10646 8814 5227 12139 1544 2907 4851 3902 9222 6428 4251 2891 3318 5763 9764 7060 8685
14656 8432 12517 19595 13447 8295 2862 9754 1168 9413 13216 2144 7560 19665 17628 11998 17945 18029 19069 538 4030 13887 9161 19549 9055 14811
14580 10334 12546 15588 9465 659 12095 4444 7122 2564 12276 15536 5834 15962 4657 6475 1298 14839 4635 145 8911 330 7960 4449 16825 809
4950 3530 6251 18996 19780 15653 4016 14108 4100 9918 2901 3979 9269 10936 6428 15933 8979 3023 8908 13600 17686 5648 4515 782 14168 1151
8008 19965 18396 7353 8641 17669 12820 19502 4715 8675 15010 8790 2074 1707 1715 3448 11399 2691 5328 11816 333 2786 18611 1691 19274 8756
7592 6026 12613 5069 9910 18483 9877 7572 310 13182 13369 5935 3945 2545 8331 17406 7595 558 11249 9193 13746 8919 10591 7369 10080 7917
3541 13399 3865 7977 11041 8655 18524 1981 19405 18385 3851 8942 18425 7407 10762 524 17939 9973 5507 17189 12959 14808 7618 11425 5201 17102
13070 18193 18975 19650 8709 17796 9447 3875 7168 12998 11433 5080 10662 8792 6446 5670 4160 19469 5539 18780 9762 9874 15236 17646 18720 9905
2820 13621 15724 18445 2368 7459 1529 2862 279 2101 4112 9813 16137 2641 5423 4892 11450 12330 9574 8378 5325 2077 3011 7288 13372 16867
872 8125 2315 9498 7508 1887 16746 4339 14648 8229 14408 1562 17312 17615 18100 14680 3739 491 7630 12491 18444 8045 14934 30 3307 11731
9994 11598 3592 18659 13186 16356 5397 19345 7532 280 6533 1696 15598 17696 11012 7294 11477 10758 19196 8086 12541 6181 19962 961 2967 12317
2218 15922 13858 13824 6667 4788 244 19123 15291 11146 4665 18053 2505 18841 14403 14505 10388 12677 8831 9388 1143 13116 2920 13131 343 18564
8208 6014 4046 5344 1531 8710 8903 19721 18456 5538 19945 1515 19370 142 2001 13846 4262 12987 2635 13625 19376 2777 8986 12243 807 16978
13043 5096 3157 18755 16823 13529 8851 19473 11611 19893 10908 13054 11349 13903 4518 3122 13025 2287 6527 15320 17434 9362 10710 8951 11434 7784
3760 9624 481 585 16773 14910 9848 2613 3541 12820 4576 14670 11532 15395 5241 2437 11522 11073 16498 5879 15622 2850 11202 7080 5032 759
3475 15170 7453 6496 213 88 4433 11976 14541 14480 8646 14219 6664 3275 12638 8805 7835 1069 17441 7108 18046 13852 16807 4721 244 11056
15125 8042 2780 18241 2061 17928 8212 13531 16904 17365 7624 15940 2160 2900 16396 10118 13692 14595 7480 51 3343 5479 15965 861 19076 7591
9586 13989 14439 17200 8406 9970 3254 1261 16244 2983 4520 12287 14281 10322 5666 10960 16722 9728 10990 7696 14306 17826 16393 4737 18935 8516
3143 3810 1604 2422 5113 7849 9575 1936 2926 13145 12963 17668 3332 9310 19467 721 1058 11513 3657 16047 17525 3940 6078 13299 15963 14791
7259 14170 14817 14979 6910 13303 1731 2743 12073 10111 7346 176 6490 6491 14776 3757 469 6845 490 3107 9458 8873 2987 6056 14748 9496
15843 15937 5034 2396 2878 18315 13175 1635 18870 2683 9506 10881 2608 6455 1014 19374 16225 15113 11808 19495 8863 8480 12170 13020 19907 10426
2157 18722 4760 12323 972 5083 10 11921 11504 6416 18221 12091 12345 17211 635 13364 18454 2835 12128 3476 15013 2043 10764 5901 6149 19214
8531 5 4472 18173 12919 4646 17441 11382 19411 4824 11126 995 15759 16542 3023 7033 9365 12703 11898 2250 10928 2660 9803 14418 16089 8436
9639 4365 1879 9554 6557 19841 19772 17600 14198 8293 10314 4827 4294 17985 7707 18131 4395 663 10486 575 4437 10624 4547 11297 13924 17405
6878 10297 13578 16101 2682 2273 13040 5291 11780 16286 929 10771 12998 14742 3571 10209 586 17202 16577 3799 4745 12525 14152 15325 19148 3447
2276 6348 1313 1064 7111 9818 4139 1556 6510 11383 1241 13864 10823 17160 6981 18615 15344 2680 14311 2559 18927 8121 9308 15278 1816 492
8613 8252 17764 13845 7445 5495 1530 15291 16664 13343 14871 9779 1244 3653 6107 18943 7571 9124 3417 12648 12194 11351 9036 1737 3103 19589
16431 5773 13479 2247 7992 4132 16237 16897 555 1223 16373 1327 19601 11423 13941 15104 5321 11033 6636 10918 4074 7631 8799 9715 99 15739
15390 11455 1762 1904 6797 11365 17040 15870 13232 6624 11793 8664 18620 9949 2251 4644 6301 16633 6962 14653 1406 3169 10038 5139 5096 16733
10471 13565 13856 5888 8200 9423 8584 13990 5908 6000 6803 6626 2094 15992 869 11685 17003 5549 7910 4897 10368 13884 19356 12636 5312 120
1047 2035 10436 18596 12974 7907 4338 5959 7572 62 2802 14851 15064 3494 12200 13172 11582 19257 15143 4614 1244 4091 15479 18529 3705 14550
12480 15437 19140 2752 1952 19591 9555 42 19878 9118 8328 5626 676 1301 12583 1511 7 9033 15523 11276 13575 8083 9870 8816 13467 17443
5291 7854 16631 793 1559 7185 571 5605 19642 2022 774 12789 17354 7042 1653 17563 6988 2933 18040 15864 5801 18228 3734 19538 19344 12887
4977 14926 11321 12237 18869 5420 686 13926 14733 1947 3412 17676 7267 15090 6174 2817 256 2830 1947 2750 18292 7822 10237 14891 11984 1838
18391 13538 3384 7164 11053 5598 6924 11641 6720 14882 16945 10112 4815 1592 14720 143 11158 18850 13175 19016 12190 14405 8625 15610 4054 17296
14645 17342 11285 7195 4527 17809 11600 17827 4668 10217 928 5258 10828 13379 9324 14742 19936 12249 16881 15610 854 13221 6403 15724 2744 15689
17924 11305 18793 14604 3742 11601 4472 7937 14686 2552 9812 491 10076 7688 8112 12340 14040 286 1766 7284 3571 4176 10671 9146 17673 16813
15710 410 17001 9688 9511 15416 9167 12433 19912 11220 14659 30 18832 4966 3397 5014 18899 3171 15420 14141 16236 740 19486 14495 3418 165
19702 5068 4875 6477 12382 7898 14295 16784 12801 18633 15876 13665 17028 7600 9971 232 4174 2416 10676 14178 3815 13267 5401 11237 3042 11331
15639 8874 8582 3826 11209 18036 2631 14670 2816 5502 18970 10561 18049 4077 6062 3282 16435 2298 1108 2668 10769 9575 13932 18691 2377 12593
19167 19846 6877 12701 4959 7890 3128 18215 5513 17939 10109 17220 10062 18322 8419 14416 422 19863 3812 17811 8532 7309 16454 6277 15178 17135
13779 3712 15271 5422 11471 7096 2472 4593 6376 5762 1783 13719 10725 13150 9247 19687 18161 3354 17904 11722 5543 13124 9966 12282 1271 11733
1448 14731 2102 1193 17919 17010 8947 1835 19239 16911 12707 4661 5427 4098 19236 12432 7925 903 13225 1657 2217 10521 5743 13258 6265 13291
12567 19812 10994 19712 18941 6274 11508 14739 5814 17545 10223 307 9156 5797 547 18515 5286 327 3934 6454 7205 13385 5943 16841 825 1959
19326 17554 18066 11106 12816 237 2698 15307 15087 19116 11951 3425 14612 19207 18200 18981 17686 8566 3766 2969 12475 2333 3107 11572 9136 2177
6986 10605 12093 5082 15061 17949 741 5105 12265 16263 165 1040 8291 2216 17965 16798 6776 17658 16888 17526 12928 16918 19215 10250 9047 5020
11456 1586 10427 4174 19998 16069 5521 10363 698 14056 6330 19623 11269 4964 13733 2182 6657 12370 6512 1100 3610 10745 15204 9000 200 3516
2760 17982 13697 4329 11414 3761 10298 14676 17571 18782 1513 19692 2401 4426 17296 4375 11449 1075 17372 12397 9048 19049 6217 16443 7523 2270
10544 13767 7809 2302 12679 160 6967 6754 4766 4198 6660 9904 2627 13887 1940 18148 15360 17586 7143 5391 12302 2493 19399 11373 958 1817
10814 6129 15648 13130 16217 5145 6198 15929 8205 17041 6406 17089 2768 592 9811 823 11994 16882 4402 11404 6615 2852 13699 16255 15033 9906
1765 6621 19727 3904 10636 15355 16390 4504 4647 1448 8541 16829 12351 9142 7787 14364 1751 2476 8362 33 18711 463 1648 4233 7499 9967
6175 10217 14239 14680 9470 15316 6331 19676 16087 2734 7459 17681 11374 9424 12010 1461 15974 18786 8229 4318 15690 13381 9600 18191 9131 10204
8284 14052 15377 19857 12298 7737 17551 6719 14524 12777 14519 17756 18547 5746 10691 14691 7116 1062 15438 8323 19890 3434 11839 14831 19663 14271
13370 8823 15568 15609 11469 5062 2152 3541 7189 6334 15111 17621 13252 2082 2101 1730 2082 8440 10242 1192 2381 9816 3321 5035 16548 9233
9451 19133 11887 19679 19640 8385 3668 5794 3680 2765 9182 5495 6416 16355 6600 17488 5582 6553 18219 16564 17888 14771 4544 9289 4017 5544
6128 836 4660 3038 18935 7482 1409 12021 5205 3669 16033 13455 19673 1089 6249 3382 11411 13314 17521 15457 6628 17719 8369 6192 3740 12997
16327 7721 11656 12711 10062 11781 1111 4403 11815 18627 16013 19371 8167 7223 17890 14648 7954 19213 1449 1736 9620 2736 18874 2257 10542 19254
16206 19210 14373 15385 11151 18673 5959 2100 19108 9232 9449 15195 1417 3512 19525 12928 3683 16784 17211 5525 18645 8614 8565 14160 16754 14669
6568 12907 14393 8904 8409 6285 14202 2916 3952 10190 19765 5024 4449 16975 19636 5716 15372 15007 19399 18437 15163 8040 3414 13271 7553 11230
656 9002 6141 4591 500 15028 1819 9894 12397 711 6300 129 7504 1886 3000 8485 13209 6098 19442 18669 17430 15196 2526 14659 8606 1670
4440 9223 11902 6529 17304 12490 14359 12818 8077 4323 9869 2688 12289 10478 18099 19424 17272 561 2811 6107 16929 5486 16526 2947 9489 4872
6978 1315 12042 12088 8002 1392 5912 13856 7639 18314 6366 14811 1344 12694 9191 14981 16007 12712 18813 12568 3239 17893 9379 18484 14763 3790
7576 16086 4188 16867 15652 17433 8051 13195 7349 19553 13514 10398 12479 10206 17381 18770 15752 10195 13366 8844 7865 13057 19327 2542 2217 18871
16397 19349 16130 930 632 16618 6853 19108 4699 3959 17747 13681 15439 1627 17799 6574 10428 9346 10588 3325 15194 14017 1884 7977 1693 12956
763 7146 432 8088 17275 4127 17493 6703 2521 17847 9870 12931 16993 3738 14344 10462 16026 424 15659 13150 3301 4506 148 7892 11078 7267
16043 3700 12159 19882 6709 16879 11556 14632 6024 976 2250 3374 19296 4228 4270 18656 13770 10792 3187 15606 9067 14626 15715 8872 11483 13569
6114 10288 3081 276 8879 13180 15033 13508 5882 668 1658 18593 9588 2377 19725 10349 9396 18068 107 17069 16737 2688 2345 11196 19551 4534
42 19501 4881 18583 13375 1095 16376 19048 10232 8958 9608 7402 12903 4512 6862 6784 15532 15809 3278 18984 18940 1592 3518 17804 4943 9701
17096 4178 7931 19040 16513 2734 5231 9422 2505 16990 14847 208 14403 10995 10622 3871 10117 17845 3776 10053 552 15578 9131 1097 8625 5372
7081 15929 2992 15796 18471 9040 11266 5537 15279 11994 19156 10467 13978 8423 1301 16346 9351 7832 3623 19540 8834 215 10838 15051 11812 1691
18147 11583 15718 3577 4871 929 12550 17529 13104 14354 11848 10447 12447 3595 5192 10305 12007 6556 2916 4518 16563 693 1607 13857 2155 17476
4948 3550 12171 15653 8070 14466 7103 15753 2288 8517 17681 17532 16434 12611 5894 4768 18727 2557 6432 13805 14697 15008 1457 1530 5170 17888
4331 8189 9622 7355 13316 5546 3258 1167 2257 11424 8316 8240 16725 2083 6028 139 15899 3287 1842 16181 7185 19843 1601 12842 998 1091
7475 8811 4965 3726 9765 8421 16117 2839 8059 18296 3903 10001 17072 2132 3336 3696 18967 12222 10245 14026 8026 12647 19896 13214 4226 16340
15598 3719 489 15311 7237 8819 5879 2911 18802 1928 11774 13563 3843 15154 7678 2071 15388 18731 2835 7362 233 6363 19399 11457 1422 10942
16440 15195 12659 17747 18493 12025 17896 8692 10144 17863 7453 5410 2038 8177 17676 15121 15360 16299 2758 4990 19539 19580 11142 14914 7033 1275
15013 2838 18128 1847 10545 3497 7783 10447 3693 17106 4124 13792 1455 10254 7296 12026 13116 11688 13498 3642 14596 3422 18032 4350 1931 6486
16275 2813 7537 5010 15180 10672 13873 4607 13712 9034 11647 647 1011 16494 14760 10328 17732 9719 10146 5841 12161 4148 15817 1537 17146 19693
1060 1764 16653 6756 4021 14425 4937 7768 1269 10066 8871 17488 13803 14 13390 8635 12794 12428 15425 9280 4624 4183 18285 18025 7217 19812
9972 6209 5067 32 1573 14748 6076 12834 18241 5576 9931 3056 8249 19072 18416 19340 2853 13282 84 12388 11628 16502 6769 15067 13544 18640
15924 125 10118 4916 814 16906 5294 9046 15387 1946 15870 17121 1063 14636 7121 13160 4872 13024 2865 8752 9747 14339 16240 907 10583 16618
4479 16363 3586 18299 5752 19558 3551 5626 1729 621 17329 8012 17325 15178 973 16704 13206 4382 16951 5280 7705 5127 13502 6530 4228 17804
1588 6183 4982 15855 19858 12278 10819 5462 423 11518 1947 9148 13597 13535 18980 4614 4514 1352 2535 4057 4820 5084 1255 4804 11834 10926
4177 7374 14805 4460 12274 7465 9156 13374 10716 4114 13335 16319 17334 1857 385 15179 5036 6741 2485 6801 3580 484 19152 19165 7237 13694
6664 7232 10269 358 17596 17431 19540 6398 17258 13673 4947 989 12483 7741 13538 18218 5323 10529 10720 3381 7854 17542 9921 9652 12065 2569
13607 5782 1953 8797 10912 2895 9336 13992 13356 1883 13951 11555 4460 1631 6211 11911 17707 15088 11508 7060 7648 11211 2601 4169 2641 5354
6445 5977 15206 6112 9989 13915 11812 6741 8749 9901 11508 5212 8323 3690 13312 12349 14818 5239 18046 16647 12952 8060 10834 2313 4325 9192
12971 18850 3547 13159 18098 2915 1956 8453 11786 18287 9649 10649 7565 13751 4706 11600 11033 17705 19928 10302 2504 15835 7056 7804 8767 16961
7939 8380 11047 11975 15011 3368 673 7788 8237 13533 3713 7144 7411 15555 14374 18648 9489 15857 874 8610 15878 13003 7458 18463 18558 14801
13349 7452 9993 12587 16170 9077 14459 4870 18106 18724 10938 13819 3161 1309 5656 2877 16589 19321 12620 2574 12198 3628 14161 19223 5802 10269
6525 5477 13069 8578 1899 492 12567 1137 2413 16264 6805 12599 2696 3146 18936 1275 16302 5151 7291 14945 335 18379 12551 14154 15085 11749
15108 15272 4779 3272 12653 1615 18073 12858 6154 17994 11736 12328 794 14650 14833 18174 6235 14208 16218 15520 9199 12775 19483 519 1745 4785
7620 13765 862 3117 4316 4871 11145 1779 16768 8412 1291 19365 19604 7809 1899 8198 16512 8311 4960 3080 15184 1429 8433 6206 6012 8132
6760 1203 1912 10403 12073 6667 14965 17798 17216 3291 16305 11203 11096 18334 5291 13155 5163 17237 19379 10781 2223 1536 2541 10085 12205 18768
15336 5932 1645 8688 1107 1748 13151 15253 4490 16364 4748 8111 9727 2961 16095 3092 8235 434 17715 7136 1886 8481 7718 19571 8551 12720
17897 15765 16870 12260 6073 14850 4522 18110 7226 5378 1938 6885 15804 9051 16239 6537 2001 18549 6364 18421 7545 15562 7111 11100 15605 9395
958 8773 7169 12568 4422 8495 11089 15176 17701 14784 10727 12683 64 3233 383 11646 19016 895 16742 11212 10172 18024 15932 4970 2319 18687
15081 13805 8472 6444 9861 16151 15512 8599 16463 14886 11538 5668 3684 13771 17511 11219 17167 15545 3546 11308 13663 10157 485 2696 15087 3922
15275 759 9384 2686 1033 10244 6037 18312 11739 11220 19094 6381 10069 12720 1292 5110 15725 2265 12757 3580 15720 17545 11633 16844 16352 10875
9118 11484 5474 13386 2787 15674 8363 19491 13903 13692 14347 11732 4240 4902 17358 18447 6748 19975 5318 15785 1646 4181 6581 8852 12867 2535
19670 12273 2108 15478 1767 5423 1597 12940 4502 13199 19065 6818 11673 7069 16614 14759 15690 10231 12749 551 12590 2097 7865 4576 3204 7788
2384 13691 12734 19923 15475 14357 16531 8723 14733 4443 7911 16422 14967 2951 16352 9357 13602 3231 16379 11879 12227 1292 1607 10441 3158 13730
3725 9382 5407 9271 12156 7855 13655 4225 17373 14909 1334 19770 8573 16005 15851 14236 13525 14683 19431 639 5384 16426 3907 10483 514 12624
11810 2723 14837 6942 3313 5086 17200 13063 2851 3436 19437 15891 9421 5140 6113 3416 14483 6421 6141 9135 15161 4912 4495 5109 18461 3760
12604 19045 5812 14556 914 14736 526 8418 4372 11028 595 2503 14755 537 10838 9239 5854 7617 17040 5424 14133 6276 17670 3682 10536 8375
5031 3386 1969 5103 18233 1228 19641 3786 9522 7275 8615 19233 1503 10714 18700 5658 3224 11727 11016 1218 15368 13475 4184 199 3680 19950
18509 961 14148 19343 5979 18463 2814 4955 13515 12411 8284 6382 19256 17579 9135 17261 8195 3926 3226 3231 10408 9401 1145 12166 1986 1350
16680 11547 18709 4540 167 16996 3838 702 9675 15476 4225 1775 17830 17386 6923 17373 10698 5380 18060 1849 7264 18412 4802 18694 6094 10455
6652 9413 19287 15084 10744 9279 15398 4524 19238 8550 5966 18663 14803 13198 5080 10684 8290 16306 17207 15038 15227 13181 15266 4817 5515 15058
8145 13478 18985 6404 16180 9589 9846 4471 11556 14897 5242 3264 11013 6797 11207 17210 5299 19761 2192 12795 5448 1063 457 12161 10252 13437
8157 10177 11775 15719 10290 18713 16688 12882 7071 18984 17560 14490 7550 3393 7670 18063 7473 16191 16544 17449 931 14814 8861 18812 9179 8058
12796 9930 3217 19165 4336 9129 9789 7976 12772 16196 9397 14467 5715 19346 16249 956 1403 13212 1873 18600 18537 6149 4699 12667 13525 18912
16885 973 5479 4193 6330 1364 4303 8794 11499 8679 13657 8711 15690 13229 5998 9183 3680 5922 48 19732 15399 3305 3952 4374 18796 10222
15027 3950 14240 12018 18085 14007 13823 11406 19595 832 5345 9771 3532 17206 596 11036 135 16812 744 19911 2266 1406 17165 11314 18242 487
4141 11182 14072 5105 9823 6185 10208 6800 8983 19943 16291 386 1117 19463 19189 8976 10978 12051 692 2322 19007 6240 315 4397 19951 5311
3669 5682 257 11023 14617 17911 6793 16714 2098 7040 10377 8639 1542 11327 5457 2707 4689 17497 15295 13698 13595 3922 3028 10859 9910 3987
12102 18370 9201 16550 7056 482 15177 9253 13539 2579 9926 19264 6923 16217 9005 5042 948 8842 18762 10472 8721 2543 10513 12483 17938 6739
5884 18800 7402 14928 7000 6028 5800 7591 11670 5126 11054 17700 7828 8207 13873 1855 6961 8444 1075 3897 15307 7662 14590 9841 8653 3515
19665 16723 5892 3784 2434 15332 14520 4814 15990 5571 2583 3361 18009 11917 17217 6600 14972 194 2727 11860 15851 9599 15983 4171 16095 17690
2813 7866 3864 9001 6301 12606 704 13725 11863 8311 9335 8099 19251 14321 14321 15513 6446 1495 19335 590 12442 1784 7964 914 5041 14540
6102 12070 1481 15633 12513 19792 192 10649 13591 5717 4388 2995 2689 2612 17724 8883 5808 536 3370 889 3812 4414 7740 14382 18238 1992
5959 18011 13532 16085 12800 12517 19068 14580 12332 4133 7636 11525 14580 10865 815 10946 1911 17040 10523 1641 9483 2975 19995 6564 10661 10152
722 15064 19745 9341 3226 2939 13685 3075 1368 9330 18773 3681 5286 6814 17127 2180 9767 19984 10064 17421 19950 6497 2377 11992 3962 15771
19191 14767 3363 7875 17882 68 2877 1148 1440 6390 6181 6445 7778 17259 10108 16017 9362 19067 2172 18249 19701 1330 4253 6096 12103 10951
2096 13130 13466 16298 17941 6517 4081 2243 17551 18516 9148 9040 17466 18554 9562 1416 7701 3897 19721 3523 1677 13611 15190 1704 14730 13539
1449 4605 8267 17899 9723 6991 12366 8795 3126 3757 12515 12392 9026 5957 11311 17133 18985 11508 15175 5383 6536 13762 13659 19605 767 5953
4753 461 16248 10724 15499 15975 7330 19007 16395 11514 2459 13826 1662 6133 18542 1222 19638 6171 1156 3526 4777 12547 18045 18970 11164 11931
5816 11333 18110 12752 8952 18518 12150 17263 13913 10905 19788 15111 16382 8044 9734 1249 7486 13549 15400 6508 18093 16580 1591 237 4778 19489
9107 11975 12535 7837 10267 10234 8391 9182 4762 5937 9263 16796 11630 118 3396 17395 4540 11272 19480 12205 5938 4295 19774 17934 8386 16253
1398 12398 6905 13613 14324 12042 19969 10706 3413 14084 15266 9714 8055 16096 15334 7076 1281 9607 19912 18762 2140 17011 3390 4507 14552 3410
4182 16597 7397 11696 17141 18153 9936 14276 8232 16776 5697 11020 14961 3519 15772 13580 8663 13284 18913 19320 13132 16345 8833 15808 767 11475
7091 12309 9523 18538 85 11509 9748 12262 9245 2052 5378 10637 7783 206 2838 1658 17531 12041 18408 10536 17300 11458 8321 15324 15940 7686
12238 9848 11969 13217 3664 11064 15425 17511 12400 3287 17806 4892 19055 1737 18136 4488 5749 1380 310 8309 18616 5397 4199 6488 7626 12839
7939 12201 15365 12739 16587 11507 10514 19094 13626 13019 2208 18304 14062 3461 16424 11717 10326 10921 14522 929 482 16470 10241 8603 16790 3356
17066 19244 8694 14833 15549 554 19364 17582 14012 5913 8796 16837 5008 4090 9337 12105 13554 6095 1579 13785 19250 19559 19270 5182 8399 19160
12224 4024 19972 19275 4438 10028 3551 531 12076 14151 2648 14572 10966 3905 19437 6879 16406 17614 17722 7066 10959 14138 19298 5762 14735 12316
5393 10050 18551 10755 12672 6310 9728 10464 9570 4218 8561 3507 11508 18249 12716 6196 2866 18248 16161 3618 1164 10996 4003 5022 2902 2712
16751 14029 18764 18671 9881 2273 13418 10905 19373 14984 1273 12220 1908 12368 15251 1552 4895 10170 1349 12560 16869 13437 15855 7399 9650 9123
2211 15901 17481 19195 1564 3752 6993 14277 356 12421 8858 15763 15434 5995 5653 11056 15166 5120 4224 14856 16777 17268 8312 15097 1981 6487
873 14128 8976 4890 11590 1776 19020 12233 6474 5084 8771 3560 522 18384 13554 16297 10199 94 12126 10964 11167 18332 2467 11053 15398 13139
13992 8456 17120 13108 620 3035 3523 15423 13970 13667 17348 5593 10983 12354 12972 5919 10711 10861 13614 6674 6153 9113 10664 2089 15074 10127
13922 10132 13856 8157 11835 14613 18816 7214 16450 2180 10511 19016 10283 235 14086 5008 14694 10430 1690 763 9787 14455 15840 16832 1320 9492
7184 3292 6361 13613 18775 15208 16284 7491 14230 3754 15629 7774 19170 6773 7351 8043 11064 15048 2074 7885 1633 2267 2522 11242 5507 2197
6390 1082 8713 11085 4719 5345 369 2504 5030 15974 5202 17695 15886 14427 4101 14124 9214 17738 12906 5369 8291 5001 14187 12243 12701 18346
16649 8654 19930 18612 6839 5112 10350 13221 8897 17429 5195 14924 2535 15325 358 4700 87 19733 16561 8273 1638 7132 13550 11461 19208 5524
16776 16779 7540 14611 11305 5762 16031 15460 3636 19773 8897 6277 9963 8499 13865 1180 12509 9043 8591 14825 12769 10847 8483 8768 15508 1554
9376 6257 2177 11085 278 13983 8381 8013 7729 4975 7147 723 2240 10754 13309 1773 15853 8647 2310 13124 9360 12740 2547 4902 6702 14683
9604 10380 6003 14026 5804 10837 8330 14364 9384 9126 15727 4475 2135 672 11638 16373 2105 15054 1554 3748 14238 6516 7344 2725 14745 4333
14438 4712 18089 7413 11948 10047 15395 3441 17936 3844 17011 15380 11404 6894 16057 17661 10384 4312 14588 10879 16675 14589 16763 12257 9504 17841
10104 19359 415 19847 14641 15029 18665 12622 17769 8594 4217 10875 2843 9453 19860 17808 7129 6600 10272 12048 5865 14378 741 6653 166 3739
12864 13022 7577 13695 2268 11062 17694 2610 4748 10495 2422 2692 6274 9305 7796 8866 190 18467 10182 4294 11634 14962 3483 18816 2902 3437
10725 1918 14545 18373 8857 19669 9933 12973 423 18863 3759 565 4472 11637 16083 5166 13390 10236 15468 13775 12142 11003 1154 7901 268 4159
19219 13272 1063 1933 2662 8253 11240 7208 4885 18593 429 18037 18475 11897 7528 18585 9291 9463 14388 13289 4030 12444 8190 19661 13042 8018
12636 9159 9910 8420 19092 3640 11549 19301 17075 4918 9697 19250 17673 8813 18371 10475 16485 875 14902 11345 4074 4816 13973 19773 12695 8742
2264 18101 19288 16520 6983 11090 3096 236 12619 17203 12001 10808 18854 11951 4891 2250 6893 478 15699 13308 10173 18071 9222 8580 2771 8581
3585 13473 10508 17963 1062 12969 6657 14835 5688 827 11508 8987 18755 19688 19225 4917 687 696 4328 6524 7775 6223 15343 5991 175 18384
19190 15884 16133 16085 6934 893 14825 822 13503 19227 14183 5012 3056 7126 7941 7772 16003 1696 16702 2986 4388 14974 10713 18925 6850 17097
15186 14039 18254 15540 10940 15174 2697 1753 760 11999 16933 10748 6615 10113 6157 11178 2960 5080 2824 1795 8491 10686 14466 17248 10751 19756
7873 16053 10544 16662 16238 14226 4961 4547 1445 15554 5036 18754 14704 15519 1123 14655 295 3448 14029 8797 6742 4240 5662 14312 4463 944
713 14336 18818 934 3042 945 2927 10687 847 8013 10013 5163 8821 15388 7393 16143 12248 15646 4074 1932 1805 6143 10349 1897 10591 5339
15700 13497 4146 8300 6532 1460 13387 19689 17190 7180 3866 14068 4207 4307 8279 10869 14096 459 2302 13329 14143 9165 11643 544 7136 19801
2988 9291 4483 6033 14202 17960 5768 1118 18638 7577 3661 10532 12919 3937 34 9633 1916 13128 3407 16430 913 18586 13037 15231 1651 15343
16932 2229 13866 13609 14149 6748 12475 756 17533 15648 5925 15264 2264 9580 12309 14661 3611 19848 2145 6646 736 5675 13709 15938 17037 19323
1144 2603 2845 13969 6724 19608 2726 215 19727 15541 6917 10983 13976 14546 919 17104 7778 190 13923 3121 12731 2820 4733 6509 19046 1427
10626 7288 15296 11927 17639 8648 8355 1115 3283 14898 18570 5426 13886 2167 5602 1221 17530 8009 3422 16843 807 4661 6093 16689 12178 19744
15831 18664 13004 2716 16998 303 10892 16579 2872 6173 13491 14364 5988 10698 7929 3857 3609 795 13838 4769 16973 12643 16441 16155 13074 14819
14871 12917 6739 16646 11284 13956 13098 7603 19426 9230 5097 9177 8083 13533 2102 936 13974 4937 16052 8036 11269 7332 13164 5021 3143 3347
11698 18186 9557 19781 17841 5499 6908 2770 4417 9891 5933 12595 13835 9715 18404 3796 2820 4469 4307 1255 4578 10673 11756 680 8957 7799
12940 9849 12611 16868 5302 6478 5685 19669 5179 11311 2179 6045 1965 7195 14568 4704 15027 8209 16333 11524 13083 1501 7350 18862 16600 17275
3721 17588 10005 1931 10942 16434 6915 18124 10350 14919 7020 7564 6752 2352 10179 5680 16809 9180 5611 19845 14205 2855 17193 5189 17698 13766
11719 3733 9218 2882 413 681 19224 15139 13405 10919 8635 9041 8040 16434 17857 18266 2941 9753 4934 2417 401 5537 10735 16546 17363 5612
17655 5521 16459 2089 16825 19638 7977 6337 208 3833 2380 1042 15193 471 3442 6209 19500 2944 3021 14416 14521 18539 4393 17141 17835 18543
17186 10520 4538 8931 17223 16356 7447 16086 4903 2019 13061 1711 14488 11359 4068 1426 12319 1231 3561 16517 15739 19800 6078 16554 13850 8059
15132 1818 5306 14751 17376 17165 898 19760 15766 16458 9821 17907 15368 1713 7000 13141 5333 6391 15750 5478 16531 7768 12796 4508 10688 6856
14711 7663 12297 282 14354 9800 15863 11468 16614 16544 16472 8407 19714 17156 13611 9618 17981 17481 10942 14084 6821 11196 1257 15827 14513 15858
9972 11618 1180 17165 14643 4671 13432 3024 3301 8110 2524 14806 5140 6961 17552 4690 15820 15728 12120 7617 4278 4932 16869 8453 5448 5893
7491 2257 894 8128 976 8741 7982 1796 17275 862 5164 18364 3939 4197 3657 16875 9549 1495 6029 2028 12373 19715 8248 6279 8393 9406
17210 17361 4785 1839 8288 2127 15990 2772 15808 8604 3836 6123 8204 11396 14195 19538 6857 4201 7418 18409 9605 10597 9433 10416 19727 1119
8382 9333 13343 3438 14416 18021 6653 11896 3713 11059 5961 11575 10847 4491 16777 10800 2119 13917 3486 4150 8446 17777 536 14195 879 15090
12679 9780 11798 702 4128 12046 13561 2936 7111 8990 8446 7447 6447 11178 13140 19328 17604 18447 18587 2220 14766 254 16865 12655 1217 2121
6940 19351 12223 7984 19222 19184 19243 7052 9548 18091 107 17818 4320 10113 1945 6450 2063 1227 9069 1881 11827 277 5558 10392 9993 18375
3340 18347 2584 12976 11745 769 7566 578 3443 7248 19725 12012 5209 7984 14015 11146 5126 10118 13271 2322 10407 11932 14534 5882 1886 13730
11185 8324 5703 6522 6738 2879 19392 11847 5277 15842 3288 11811 994 16434 1388 15022 10180 15561 17169 18198 14553 16547 16515 5267 3010 285
13556 1250 10618 3498 10418 17965 5328 3540 4845 15401 1725 18730 10280 7255 9853 8846 1163 18031 4986 4802 10526 17627 951 4619 1775 19725
5245 13646 14263 12588 4346 9837 10404 7320 8300 3269 18646 611 61 12249 9639 13629 915 8797 9782 9297 5944 11634 17689 16073 10405 13632
8689 10378 1075 14358 13608 4475 6837 15671 161 19756 19827 2030 9903 12808 17814 11887 9387 5784 263 5907 5156 7091 16287 15194 15204 17594
18473 1819 7068 615 13137 13806 17384 131 14926 7192 15125 19186 14313 17315 10320 6564 7450 18534 6898 15586 10502 12207 19258 1766 1007 13402
9413 9642 10213 11916 5218 6836 5480 9533 1127 15073 1070 3322 4214 17102 13699 12288 6778 3209 6578 16875 6755 8394 1502 16432 19392 1081
5811 3848 1633 16001 4843 1994 17244 13757 9990 5664 2399 12759 4869 16646 15779 17692 4468 5159 13740 6229 1731 28 14794 3036 18785 19859
10973 11335 16501 941 10152 17037 7796 18503 16766 5885 8369 17516 4367 3106 12485 17693 5945 14988 2202 14527 17515 11010 14552 17214 15916 3955
9501 17872 15908 11319 13120 17768 16644 737 3052 517 5624 3674 5839 11813 12796 14061 10408 7946 12608 11829 2822 11858 793 19739 3699 12831
10072 6598 15841 16029 4709 4241 3454 7583 4497 19154 15278 18968 10378 2219 5292 13086 19636 11071 14037 14507 6069 17959 18921 11611 13820 16591
16857 15929 18454 18531 13395 6879 16672 1402 2495 5575 6953 17522 9387 19123 14422 12399 15579 19394 9323 2223 14832 19989 8262 13960 19900 770
14843 12362 17582 10436 1011 5735 13281 19768 3339 6582 2814 8223 12035 13658 4459 4345 13792 10320 7105 10245 14811 8083 3266 19430 4500 3277
3651 11820 5426 19497 17962 2243 3464 344 11945 15691 6793 14449 8965 6198 5840 3640 5064 15961 14620 18281 15614 16078 18714 6907 19782 12707
11460 8482 10033 19492 19041 2724 17663 10683 8255 13279 12125 18368 3229 3308 16487 7954 7184 9480 13900 12333 1115 9200 10502 9112 11742 19368
7726 12473 611 5644 13538 864 10133 8014 1416 8005 13990 2477 11459 5122 16311 7466 16701 4884 6549 1207 17290 7813 15616 12913 2016 3626
1916 18854 16543 882 52 8983 2647 2445 19192 9929 11031 13166 1963 6846 16980 18128 19289 15255 8780 3253 15241 10107 6436 1978 13540 13938
1462 9567 13586 3031 15297 15808 14960 4043 8518 17934 14793 14367 1098 5910 17212 16728 13527 9609 11523 11897 18859 8446 13026 12295 1248 2361
15274 16364 15440 2304 1612 13058 12517 16436 7959 13742 7811 4182 4780 9679 15876 10176 8318 13068 1919 19687 2140 17248 5940 15114 8241 8410
68 16855 19801 10449 14216 9093 890 16964 14600 2359 2339 162 15008 4018 15511 378 2764 945 7537 9358 2885 3131 14474 18332 13728 6008
9281 13651 1655 18931 13788 17334 8877 3950 4249 14406 15045 4002 1074 7807 427 19565 11495 13566 14184 4996 9243 1396 5006 5566 16397 6220
18049 900 15742 14372 15954 11405 7071 15535 4340 6855 17265 858 9432 2871 3172 12779 3394 18109 7236 6423 11095 3800 9470 17464 5607 12955
19963 19841 9993 1206 9817 1928 1713 8465 4501 18634 17248 10940 15514 15331 18737 13764 5839 951 7009 17369 12681 177 4402 9459 13314 12957
7477 19002 11280 17036 355 4792 3937 16345 5081 13972 3447 17497 16036 7241 16611 3365 7648 6576 4141 11464 13096 16921 13142 5594 10069 17854
15056 17416 10504 18038 6044 15394 6659 8320 2501 5663 461 16757 13010 17794 9992 9074 10544 15758 13833 8550 16160 1533 873 16084 9298 18517
16956 15402 9683 13434 18642 17572 19384 7517 11891 16993 4594 4975 4198 2342 16214 1534 18179 19286 8370 8806 17724 16661 18668 5809 3564 8556
2362 15939 8804 983 18329 19746 10506 7566 7350 18550 5736 19709 19257 3289 2773 14242 1144 512 2426 15955 19576 789 10788 8844 15895 10645
10623 12889 9606 2530 2267 5764 1200 15560 561 12665 14051 12122 17916 11711 12845 14880 2051 5255 16136 1480 17678 12996 16263 6516 6116 8019
3198 13758 12623 10942 1871 2470 14113 16744 15106 5547 9737 11315 7792 15340 6111 14960 8485 8728 14894 694 18358 8548 10782 12484 1116 13628
17730 10188 3586 10900 11642 3478 1481 13370 3185 14921 5124 15589 10393 17163 5836 16298 4465 6586 2022 17692 20 16310 3991 18245 1830 3218
10501 16638 15484 13112 866 10091 14091 8153 11069 9164 15045 9181 1226 3381 4089 4836 13090 2745 10569 8098 14182 13211 16145 14468 18216 18071
11185 5425 15786 2360 3283 3516 16798 19715 13567 6064 16347 4481 16318 13669 94 17191 4123 12218 3793 2906 8910 17517 14591 1596 1429 11873
764 15810 16676 6696 282 5907 5284 2894 12711 12645 14789 19280 15696 5259 1778 13574 18018 5089 6549 17569 7982 14324 19838 2204 17220 1566
11528 12638 15010 18628 6807 12566 153 19562 14051 9303 2053 8885 4460 17209 11227 17247 16213 13745 10567 13805 16307 16861 16910 4941 15950 18407
13066 7092 3661 18065 10180 13225 3956 8765 12753 16868 1118 15060 3117 11114 6851 15346 9776 2653 14008 18011 3174 7446 4104 1959 2293 4835
5599 5344 19043 2393 3715 11403 17600 14336 6199 14714 5622 9771 2233 13163 5944 15350 2719 16126 15201 11801 8697 1339 19578 15586 18010 5754
4658 7340 5537 6965 14840 4910 9958 14315 2477 19069 4221 16898 7740 9182 6584 4407 8102 10518 17968 17678 1497 6561 3132 7954 17894 5469
14760 8477 14047 8645 9720 16757 10060 16751 1760 8325 15999 14029 17906 6172 3444 1084 1446 17323 1923 2701 5102 98 14841 2402 3791 7320
14646 4961 18802 12930 2634 19334 13699 4477 11648 141 2679 10140 5317 4707 1763 18959 13936 1354 6772 13025 14096 10434 18199 16469 12889 15354
15036 19496 19362 1465 1035 3823 10371 12392 18536 17303 8463 846 11313 8946 3220 2621 6463 12676 16305 7390 9471 4345 1370 4567 15914 885
6358 9524 17843 1051 11111 16395 14593 12722 17737 3995 13871 1768 2535 7034 13876 812 17841 6747 1612 19373 19309 1260 3488 5632 6349 10832
2440 5066 6708 19024 15261 1275 7054 18776 10679 7514 7040 1318 8206 17327 18917 2753 7377 11833 14392 1840 10979 1126 5131 3799 5862 5145
3475 12458 11079 11645 6672 2866 14883 7607 11408 11743 7617 15570 3757 8717 2674 10814 17521 18489 8302 16207 19333 7641 1547 7409 14161 4667
10997 635 2953 4806 19782 18084 4620 12392 7972 17811 1840 16993 11248 18658 1530 13355 1883 18825 4330 11164 14203 18236 3995 14409 66 8702
13981 11650 5491 12934 15501 11535 2320 5598 6483 2815 83 15622 1632 12913 14511 8939 4879 13855 7996 7604 5251 4372 3561 18645 4431 10250
9567 5632 5085 19935 8720 10310 18423 6912 15244 15716 1957 17550 10648 3603 19001 557 1898 11722 17810 11283 16888 1576 16988 17029 3918 18974
8390 5097 17188 10255 6951 13779 7 578 5847 17591 13267 10897 8572 9416 9094 15435 10966 10139 86 6876 12736 6948 16288 9464 16399 19611
17082 10447 7250 11902 11253 14588 12608 14152 6806 7727 3993 1137 13720 18791 5711 7135 2397 6498 18366 8581 8938 9165 8868 7812 214 621
10727 15426 3428 18346 4395 18405 13498 18862 2480 10150 12529 2985 14638 7873 9196 2250 18505 7189 7639 2467 4076 8768 17198 1582 8034 7601
17568 10375 15530 6228 11037 5016 15425 11503 9930 2205 12939 17770 11624 8841 274 19199 6 3054 15990 15981 11377 18373 18574 7005 4562 12122
8931 12017 6444 4148 11118 12023 7733 13499 12009 8815 5594 14522 9108 6044 543 106 9837 6624 19732 4366 18274 10359 17667 435 3132 12386
12385 651 7435 7691 2073 5526 19147 8431 1276 7633 18166 9239 6178 13137 15452 10459 11384 4644 13582 12997 6775 18380 19495 2339 10414 7440
13230 10134 4615 8894 11388 3579 5912 10094 5070 16213 803 9471 17479 5570 13159 12085 1291 10738 3916 6396 6441 11255 10137 2158 3430 12953
5468 7723 19028 3991 11378 16258 12306 9722 7637 6944 847 18555 8047 19865 7067 12590 17381 18491 5544 2 5040 15149 11489 3745 7409 7569
16026 13100 9330 12320 9152 12212 11309 18470 8718 3590 4903 8003 16329 14589 4435 7996 17037 6577 3507 17156 1187 11330 7043 3236 3804 12366
601 17985 15750 4087 13801 6904 3273 7230 18078 18846 17006 14934 1082 16492 13905 2849 15302 14921 2523 17921 9177 8801 8029 10838 16099 19468
19529 13957 6480 14948 15267 4563 2776 17372 7278 8422 8510 18295 13921 18801 15871 6580 1104 5735 11965 19875 19705 18719 2414 19218 14456 8573
6099 9106 13361 19284 6216 13984 8178 2560 11562 10558 9581 5553 6839 15869 7933 13691 6635 11819 3721 18528 12405 13328 10914 12439 7557 18412
2090 3080 2766 5647 5756 16489 9456 15455 4125 775 5081 17609 18766 11634 9342 430 207 2221 2843 12463 5364 6722 3051 18066 10828 13867
6463 4583 4278 6404 15020 2879 18853 18345 15063 5466 17092 10882 11087 372 2714 17009 1930 17906 6397 8499 12945 19680 11596 1842 14937 10699
8130 5385 18461 3392 18171 11598 14410 15611 19717 3474 3469 3478 5431 2120 16182 10160 14041 10770 228 7584 17452 19728 10932 12010 16659 9334
19700 8379 12508 8333 16977 6810 12322 11115 5874 4245 19600 19704 14894 18306 4779 381 16936 13474 15989 12610 12319 8521 1173 8648 10114 3490
7399 11365 10694 2003 3819 3563 8791 11639 2726 18140 12458 2970 13081 5612 8840 718 15628 10086 6522 11628 7009 9882 10267 7426 1496 12941
8232 16725 4855 19532 13741 2799 9244 858 19754 7263 178 12084 10463 11062 8958 5934 12536 18125 9280 5663 13995 12607 10417 16687 12088 4207
9707 9402 11086 18170 3259 6745 13903 15190 94 14286 15283 17576 1324 10541 11605 19587 66 14219 5574 19475 11635 7157 11692 12184 10591 2998
7148 5353 4036 18621 19767 7253 2618 17585 5290 13404 12910 16074 5285 7515 13096 13164 18848 3737 3796 8229 16166 10282 13733 12881 5435 12514
18707 6722 834 18686 4598 4245 12452 8745 15969 17605 14688 13653 5351 10205 19101 11603 529 10110 14778 19822 2837 15126 15883 12376 4195 19340
907 11289 2513 17466 12143 16994 9524 18270 3613 3450 19465 7908 6160 4745 10480 751 1605 17433 19787 19110 18744 19204 15996 4960 17781 11169
10902 2057 7482 7668 10218 1492 10684 3945 11614 7591 11034 16392 1669 2849 8378 5868 17422 19757 17185 19701 11500 14883 18959 2102 8741 4529
18197 9074 11683 1634 2506 16184 634 12698 8908 12705 19554 19934 4815 5026 4798 1197 14157 19230 2142 19453 783 12363 18155 6105 16879 13026
11176 8300 16490 9407 2343 10695 15287 3038 9890 10223 15708 9058 1399 10685 19820 19491 8306 2893 17319 19615 19440 3920 11835 2119 6917 7377
6015 19093 3456 5292 9738 13921 1038 14467 5453 7894 14834 17662 16674 5925 19303 2036 2851 12527 14231 804 19203 10736 18999 7364 19119 18156
9407 1395 17219 15198 11344 852 14552 13018 14174 18942 7874 10592 6376 17838 2931 14859 13853 9718 14608 6487 4321 19214 1585 5816 17589 5426
18471 14821 5506 7960 31 884 1765 589 13737 2679 13382 13714 13240 6299 1216 10179 6021 5891 43 18856 18725 17239 10115 391 3931 7333
3183 11548 15306 17404 6667 5818 19477 14879 11192 14779 2719 12883 10675 10816 11191 10961 1992 1979 13527 12160 11384 12389 4868 13906 9707 17109
8930 5833 18418 14397 3112 6468 14125 5045 7010 11910 1043 1224 19314 16022 9572 13460 2901 8789 10047 6061 9994 12951 3197 18590 18200 8297
4241 16023 10744 9703 3591 8304 2687 10474 132 12998 945 8057 9156 7032 12604 6906 7783 12040 11559 14079 7058 19634 5730 19329 14370 9447
10480 4078 11918 14174 10205 12426 17344 2438 18396 16009 6783 14580 18245 14572 1389 14151 14871 3571 4612 4937 14243 4874 13988 7009 5672 14646
6987 19165 8423 8848 17052 11133 16759 4587 4216 9562 3229 18776 13057 7568 14650 19395 2161 7263 18240 15101 10699 14520 3110 6015 14648 15877
17557 2056 17900 5938 4325 736 15123 4767 4529 9546 18846 16268 15709 5343 8084 11447 15194 11429 5043 18552 12309 19783 3060 6390 15178 19576
8728 17653 2249 4017 12944 15021 2830 9739 16903 16355 3272 7639 12333 19325 246 13321 11533 7307 1182 1282 283 5346 10829 3230 8194 14311
17381 14627 18793 7544 7165 18825 7582 19115 126 13071 16335 12731 2135 2686 18787 14650 11939 3258 1689 6754 16140 17285 15653 10422 9264 9469
117 17013 10494 4876 5230 4757 7723 7628 14921 5738 1403 14970 4077 18321 14636 6475 9794 407 14629 576 1242 16106 6159 4325 127 17008
16360 3969 19456 2513 19333 779 11320 10001 17107 8827 2969 6904 5077 6421 16493 7042 7137 7870 14289 18377 6301 9408 7397 15494 17702 6453
1454 3100 4787 4073 8123 174 10486 7524 11334 1674 10648 2125 13469 8397 3079 11049 3165 18963 19957 546 1827 6232 14335 5984 8792 19061
13102 11789 3770 17892 16058 11782 19790 13929 5240 19196 7737 8015 17016 1502 17349 13088 7093 3137 17827 18683 16518 13322 13105 18224 13289 19186
602 2724 18760 4576 12475 13266 2874 18680 7582 11276 5219 6652 9737 7247 12026 10322 4895 14067 5301 10334 9768 7234 12046 5852 10864 14224
2063 16721 3740 105 6468 16147 10482 9292 6552 936 11070 4795 8926 334 18856 10214 18353 19323 18712 3805 8443 5725 17492 16779 11275 4596
18210 10857 17235 11204 6540 3345 16265 16319 8431 8886 7659 16126 6975 3585 17148 14962 15713 12069 9041 588 16971 7855 17618 15819 13873 11202
17960 17413 19701 9673 8104 17341 16975 10287 2906 9760 16 11558 4411 10831 18253 18379 12334 4476 1308 3032 14575 10711 18189 10704 14904 16495
11666 12896 8521 9892 10986 18982 19396 13136 924 414 11244 8483 13562 14542 7373 13978 612 18968 11533 2927 11370 8865 6818 8916 17405 8758
2945 17230 7989 8708 4549 1707 18549 12124 8997 6600 3053 15910 12376 6444 8861 13702 14822 9334 459 603 14918 19238 18653 5043 10737 711
17435 13383 8475 5483 211 14559 10570 14888 17869 11014 13847 15092 17005 15962 1103 17950 4218 19130 12318 9770 2177 8523 8105 1350 7249 3681
15688 1943 4149 18395 14803 13894 2460 28 7502 16091 8515 8500 6230 17143 10227 13578 8667 19940 9138 13841 6162 1612 17569 16006 6418 9106
17307 15498 5596 7502 2907 7495 1626 12854 15698 4616 18165 19352 17204 14923 18340 5081 4563 11120 1766 6927 18217 7829 14506 10297 17035 10534
1522 3798 12681 18724 18635 12679 8826 16030 7029 8907 9827 8351 18458 17898 2882 14342 5094 8497 13582 15813 9658 17213 18420 13424 8965 5326
9346 10535 1010 1441 18949 10171 2600 2714 7125 1580 3070 13806 2989 17324 1747 6547 7322 10582 8270 10840 18209 13992 5951 690 1047 5498
6163 18774 3845 19340 12379 18230 10208 10854 18102 4080 9735 18643 12611 13944 511 8718 9669 11324 10904 4256 1475 17848 18593 9635 214 7135
12514 12675 15928 8789 8826 3373 16420 12368 10802 4457 12648 3403 5409 6147 17902 3537 15930 19604 7645 8741 6326 15683 16872 4843 4058 8642
2248 1531 10200 18870 9322 8692 3085 8189 17240 19972 12200 4967 3328 17736 13691 14341 13675 17267 5018 14582 16364 4580 12237 13887 16659 18296
15866 18820 3041 15549 6975 18287 12400 16159 13501 209 1682 9447 17582 17056 6255 15628 16486 4236 3243 5790 2190 19957 4511 19419 15610 5245
1042 16327 8149 5844 6062 17270 2721 14046 10605 4209 3962 16860 9500 3556 2522 2951 12552 17594 15143 19277 4652 9920 8753 17910 7837 11097
5351 2795 16298 16397 10130 2444 4272 7305 17853 17510 14385 11497 8409 14458 14718 12199 9830 11608 17204 3324 15671 9430 19859 18984 7386 1842
15258 8642 11148 10689 7917 16716 7051 2384 3650 15906 18783 16021 8980 6696 7253 15005 6396 3177 9195 17499 4277 16773 16924 6188 4044 15496
11740 12208 13773 6539 7191 9443 8879 13051 11961 6099 13087 14156 12589 8798 9158 12372 10725 2790 6668 11758 16164 8543 19639 14088 18654 4303
9428 1909 15479 11034 3448 3191 19888 13515 2209 4668 4624 15283 5545 7328 8941 7667 17297 6835 12769 5027 5642 7799 3715 3565 10807 2380
10966 7423 10795 19223 16688 8702 11974 11849 18375 13560 1164 13661 5847 2136 16733 14665 10500 9271 18640 19333 17207 2318 1601 12983 15599 4799
14178 12563 1326 1961 9892 13661 16797 7926 360 16827 6378 8751 18463 14077 17428 19823 1050 17776 12780 18389 11976 10003 9134 10772 1044 344
13274 6198 18853 9358 14220 128 2555 18987 6303 18525 6968 19241 8694 7712 18999 18096 7885 12779 4500 12037 11599 5856 12671 17591 17518 3307
7955 10777 19218 15022 18346 3381 6166 9339 5118 8943 11021 2433 13045 3167 6943 9805 15825 10209 8181 6514 6495 10235 4910 1449 4553 17909
6020 15750 9014 11894 4205 7614 4819 13144 9426 8058 9573 4392 7241 7885 2618 1698 7247 17705 7470 7124 19988 10217 4339 1494 2324 1243
1750 8226 2021 18265 14563 7484 11754 16247 8466 18121 2975 9146 423 18948 7583 2146 6500 2770 18433 11532 10668 7579 2270 9553 5796 12453
10484 7153 17084 1647 11216 1316 916 14174 16963 7447 16338 19125 10203 7522 5618 2838 14516 6983 13244 5917 19030 14611 1018 17488 3004 10513
13639 7441 6260 18799 1381 6006 7636 3243 12817 12957 7435 19551 11264 5504 19468 3640 13514 8474 1612 274 2901 3792 9515 10706 10473 14031
6117 10668 15119 8842 19099 12864 9081 1938 15494 9535 11778 1472 12500 10867 17784 18691 1461 12614 17900 2819 19515 2443 12606 12184 2306 1126
14977 1912 5124 16531 9618 8200 1409 1653 6457 18388 2223 5059 11749 6496 3088 19576 2651 371 2528 3465 3172 3884 19310 6599 15540 8309
2260 17440 17593 3799 6321 7876 17281 405 19250 19473 8499 6945 5035 19254 12314 1188 5399 12333 10206 14150 9885 17244 13773 9137 7516 12461
14298 8709 2526 14608 19586 19191 1642 11083 19449 10343 12721 4798 16726 361 10795 11534 8519 5836 10157 7609 18312 15220 17877 16385 16131 2746
11249 8624 16397 7757 12952 7326 13506 9409 12648 13124 9359 3234 11598 14881 17968 12103 2623 6727 8357 9049 14270 7855 8618 18676 16832 33
17036 19116 6959 10404 8422 7352 17854 3523 11703 18405 12863 18268 10953 3026 5691 11007 13363 14130 12787 7551 15120 2509 18634 6041 18187 11205
5230 12463 565 18896 18812 4790 10472 10184 17542 17260 7866 6827 10802 919 18061 15078 17657 9186 6676 4054 12401 5049 7345 4576 6537 19971
18111 19776 3230 8606 7960 11575 1459 14894 12862 15420 6617 255 3829 6610 19608 3674 5349 6274 2677 2080 19517 3758 17169 3711 16537 10991
13967 15794 9376 6094 2986 11912 4540 14933 19061 1634 4814 4084 1373 13781 5796 13549 10155 14078 9997 19334 7103 11258 3482 10139 6854 12789
7644 1243 13349 19948 12326 16697 17239 9369 6531 7197 18842 5962 16906 8609 1647 12052 11356 11695 2633 18905 10484 4364 14839 5473 10466 5147
4711 15920 3134 16775 3106 2362 2085 8866 3328 9083 2975 6132 16224 12893 8831 10897 15033 7520 14970 891 342 16558 3150 13453 1635 3252
10327 11870 2995 11301 4313 5646 16710 12744 2573 11680 12343 13845 969 14355 16076 18571 4825 10455 3497 6271 4203 17873 17535 12645 14401 7635
14169 7828 465 17357 6300 17254 5367 3757 19496 8955 7657 11617 7984 15998 5415 5838 12102 14054 17250 14040 4459 15005 16929 12755 15675 6693
11506 18469 7537 3872 2942 1432 19268 8868 13590 12749 17019 18033 18556 5829 11934 5167 18840 16298 9643 13213 5597 16331 16282 11711 15358 18585
3226 19297 17142 12429 14386 389 532 14320 6429 4615 13296 9831 17207 13418 13638 19262 15288 9631 7337 7573 17 12858 7292 14806 14962 9537
245 18831 10190 8970 3983 5196 17314 11048 6623 8842 16138 16449 4489 2603 19374 16728 19869 638 8941 2279 15909 17547 5164 11692 871 1160
15826 19246 7964 19061 6655 10354 12681 19137 8354 16174 1568 13200 18068 11067 5190 14068 19217 268 19251 19462 8685 1879 10577 16305 519 5511
5066 247 8067 19116 13319 10258 5680 15461 18143 18068 12099 18721 4154 5832 18856 15816 2625 14465 7313 8820 7102 12054 7439 2282 9639 13585
11963 6567 6419 7473 6851 9984 13198 3018 12310 10467 14348 1602 16056 720 9993 10823 664 12554 2386 11720 15648 15568 7048 7330 14736 10852
15498 6847 8514 2762 11953 8451 9457 16043 11717 6160 2515 11244 2943 15570 14193 11947 7148 7214 3475 13864 15515 1687 13269 6520 5308 2439
17121 9343 12557 10440 17178 17313 4271 3907 5552 6890 5065 17642 2203 10057 12656 15674 10641 10237 5263 876 11015 17129 2082 924 2796 6463
12537 17280 16007 2509 7178 19256 7490 18575 15988 19614 8988 8639 1532 17944 5037 5651 7896 5598 13332 1196 19213 15309 951 19339 16125 2123
4906 8 19244 3515 9899 2124 1459 3617 14503 8852 10099 2078 7147 17372 18 16297 10638 4150 8210 10651 13481 12990 1513 36 15669 15641
17617 13726 13136 17133 2352 12677 3782 439 2695 4719 141 5073 17047 14768 18170 15665 11549 3821 5517 5857 14254 6319 13096 11684 939 2342
12656 10106 15331 8976 18786 891 16530 11179 4265 2451 9116 5138 4010 1131 11368 6990 18364 18527 18038 14717 2609 19058 1240 6063 7779 9566
12381 1417 8868 9259 585 13373 7318 16374 13084 30 17797 16910 15421 6888 4116 19906 16937 18946 16536 17407 1250 4799 11905 9314 13517 14629
6810 10337 6821 4412 5363 17908 17012 16707 2916 16522 5806 15517 11832 7411 13248 2124 1319 6867 14108 853 5563 10436 15706 6187 4477 18665
8596 19229 12683 7895 11323 9069 18850 14361 18047 15310 4909 14918 10842 10157 12691 2186 7506 5324 2196 3036 11542 11598 4423 12342 9123 7961
5040 499 16829 691 3987 6524 9085 8668 17804 8618 11149 3854 474 1656 16446 17554 12290 5337 16378 5409 782 1271 509 12826 4022 12932
3180 355 11094 14731 7777 19189 5947 18111 15414 12792 13763 4851 3502 6490 9067 5932 17836 5827 14754 5351 6090 13689 16130 4111 17205 19125
8010 4412 7450 19430 6470 15964 4622 1265 14216 17201 8111 987 16869 13683 10347 294 4366 13168 14247 4657 8384 5712 3141 18263 17898 18655
12741 1777 17796 13654 2365 9866 15433 9890 3036 11257 13115 3946 14775 6992 5466 6238 2027 18485 4418 14268 18580 6671 9259 14486 5892 14363
3438 4624 4679 8850 14470 3745 2627 16787 11663 6512 7601 17916 7147 12368 7933 953 19724 6849 7448 12881 7320 1623 707 11483 17324 4038
913 9298 2298 11113 11050 14989 16529 17180 8335 8552 4016 18865 1033 8615 3081 6207 8549 2117 15546 525 17257 6939 19528 12859 16535 16125
10110 6578 3510 1154 4907 14212 1823 3032 12677 5504 15290 19195 8021 941 18735 18749 1273 10974 2602 15831 1791 8678 13108 13977 4732 17524
9495 12256 19849 8148 10901 2580 13811 19341 3635 6796 16802 7844 240 19336 9389 17033 14468 9902 15627 13353 6844 6898 18714 6196 16455 19063
14612 9086 9037 4750 12218 12444 11235 15346 14126 15863 11434 5575 9455 3370 15246 9319 8666 19133 11031 5747 13843 11260 15362 12905 1366 19780
8952 15034 10278 13774 3640 369 12601 995 7567 13399 19751 18162 4639 14440 8590 12090 5691 19835 11119 4801 8306 1684 4172 14964 19929 9441
10152 17033 17298 2239 1888 3701 6241 8141 13283 16061 16170 8982 2547 8730 14292 2617 17472 11272 12516 17104 11414 5055 19260 562 18229 9159
12945 18442 604 17560 8597 10340 17643 15521 16247 727 3515 8011 8502 14226 19705 16104 14820 9259 15252 6347 2094 4026 230 14357 2551 19113
11986 8149 116 5720 4778 1153 10371 17100 10282 16946 18054 16423 18175 8978 8472 19000 70 19183 4790 8877 6799 7006 5570 13137 5926 14236
1501 18513 15340 6098 5447 13923 10259 30 12450 7365 12094 16737 8818 12349 8812 12880 10265 3443 7875 10546 13159 11263 4997 16450 1679 16247
6657 18812 9999 4410 7564 2877 18058 15534 6070 14896 11652 13633 19272 10923 15540 1072 13929 9782 13569 179 17527 16416 3202 12152 6223 10931
4199 19728 15713 1114 17367 8633 887 17057 19330 10575 990 17578 5600 3216 12560 5647 10582 716 16455 14850 16277 11581 18312 13120 10655 7534
15034 17434 18259 37 12474 17717 12733 17455 3988 11913 8168 10010 11701 471 8825 5106 18771 19130 18362 15188 13842 15689 4499 9671 15817 1120
17293 12364 8517 10105 1902 12168 16428 2140 16316 17921 5480 19294 12798 6010 10933 3138 18915 9264 18583 16886 11495 15625 15874 18802 8822 11236
6472 331 10772 10819 11611 4889 9263 14154 293 1510 7789 3446 2089 9499 2473 6186 18307 9687 7747 13430 15375 2725 9462 19774 6883 12922
16810 7388 12253 12468 7349 8165 5022 1292 1025 10094 9607 12870 1236 4436 17843 16713 15132 4014 17239 7601 5220 16989 19868 14555 4389 9471
10691 8333 8621 5926 4328 10232 17484 15193 16816 6942 3805 5193 2652 7010 5566 1630 4267 13937 14968 946 3521 11228 4466 13560 3102 9197
188 6869 2529 16301 6823 125 11390 15820 14636 13629 12024 16346 5061 13256 8460 298 17949 18228 2553 768 14570 1500 11247 5915 9134 19378
12114 10001 9225 608 10924 19346 6331 7926 9790 1977 4637 19253 17835 8330 19379 11681 14744 3339 139 10065 19125 7471 13063 12431 6350 1726
17400 9041 3611 13828 17819 11823 16280 12674 17701 9014 7620 1835 8392 3386 8031 6993 19418 3581 17809 18265 12407 3735 438 6392 4716 15571
18938 1105 10304 12099 7486 916 9074 8237 16483 9218 11119 1846 17198 16043 9536 8735 16375 10427 5042 6215 560 596 455 8477 17572 16354
17057 10979 17915 6468 19552 5567 1798 19217 17977 2927 13726 11760 16665 10072 19381 16260 17871 12337 13609 12229 2815 3299 14110 1239 2501 8783
18497 8529 3720 4630 6749 15262 3881 12171 19434 665 5542 18870 14797 9396 16126 1225 3550 12450 13364 19032 17452 1896 13014 15624 12920 3016
2819 3805 11246 9386 10197 14537 11979 1272 14331 2653 6749 17884 3525 9498 19513 3352 11250 14354 15113 18193 13319 16968 15108 15759 12043 12016
19895 954 15405 7365 19837 3510 8307 14837 5288 10225 14655 10451 2711 16414 13914 16496 8607 16542 14996 4083 17252 19862 10934 13350 19442 1256
10371 12900 9327 2861 11528 5176 7209 8921 415 11750 10025 17476 17063 6552 9441 2086 9141 15415 8956 18239 19817 18273 17964 14769 8130 14807
14709 17358 11004 18102 6730 14613 13018 8068 17335 5603 18346 4680 18426 15167 17155 391 2816 986 4984 18879 6571 6806 5590 10581 17251 5543
9480 5720 10136 13263 10719 15342 3505 7960 10323 15230 14363 208 13016 8729 11960 6037 15811 4623 9087 11373 19800 2841 16923 7035 11831 8703
1681 3306 5229 19009 11649 16594 238 4222 16420 2979 10282 15839 9734 16159 12362 13815 9906 18840 1577 2760 9558 4668 2796 1111 375 6959
5168 9600 4692 1489 12392 14832 15081 8721 13163 2239 803 14440 13149 15829 13369 19256 4229 2463 2725 14519 10522 18538 9880 18374 765 3037
