365
98 63 82 26 3 51 96 37 77 82 27 30 67 29 97 27 48 23 0 9 89 90 89 77 6 24
4971 5741 16067 13891 17192 1599 9847 5294 5703 2035 9768 18566 468 1424 18422 6756 12130 8320 16254 14795 9026 11349 12750 11237 11807 3182
19741 16456 7225 3904 16673 18855 18076 14035 10365 14917 6509 12219 12912 4989 17568 15754 15112 13014 10921 18630 13389 1544 8143 16061 11203 16659
6856 8805 17446 16559 2219 14103 1394 9971 2454 8447 15859 13933 6980 11950 10441 12315 7664 1417 4351 16672 8228 1500 11340 9880 15918 4729
18383 10635 1791 9891 11671 11448 15343 4283 14007 491 9989 18171 10598 1197 2349 5715 2190 3681 11063 17062 18240 4460 16340 18134 10484 1772
7662 11443 11234 6932 15615 10699 16402 17918 7496 6769 418 2861 1508 9253 16870 14575 17580 6821 16500 10886 8980 18983 5878 2390 10623 4718
13818 2608 3767 8251 17113 4543 16277 19084 13224 5713 16391 14473 5104 19365 16517 11001 4065 8718 1078 4246 11599 16868 1661 9874 19861 6471
5311 6101 4451 16951 18226 7791 6210 17340 1754 3727 16688 1432 11797 7905 18192 6149 3354 7884 10619 6789 15040 16329 17726 171 13600 7291
2951 2806 15850 9105 5131 14232 5619 5131 12711 12723 11460 1547 15479 3495 10306 3869 19729 8864 11464 18165 1481 5119 16065 3407 15153 14034
15130 12032 9085 1720 3790 14305 5285 17999 17782 8171 8458 12265 3862 3704 1817 8999 12968 2740 5990 13389 831 16090 6705 13241 12951 17002
8465 17091 12258 11330 1418 6377 16886 15875 17547 14708 597 16936 5631 18843 11446 2409 11007 4680 3682 8202 2743 18168 13844 65 12753 11429
16666 9150 7255 811 1046 9763 18907 1043 3134 19813 3088 6037 16283 6322 15840 5568 18404 19202 12915 1355 11180 13872 1346 19969 2002 12197
9650 19505 7342 18695 5473 291 2395 6958 3655 3143 11540 10075 6197 17320 11360 19061 14974 2515 15288 3277 2547 7897 4576 4868 5757 17154
1512 15907 10980 1555 16226 6646 7747 15429 16247 18297 15480 7563 16147 3157 4393 9933 11247 1510 7840 4699 13863 2941 14279 8452 15798 8720
13825 9526 16894 11358 16685 4676 15137 9150 18739 2218 18891 461 14330 2135 3105 14978 4657 7377 2343 16994 1833 13821 11399 4310 351 19541
15624 9867 12969 15158 12840 1138 15982 6351 6025 16484 14485 7960 18419 5305 5804 8295 5007 5613 1227 15411 14177 2097 14259 10461 19245 5547
19407 14707 6205 18354 12581 5596 18416 1508 13050 11333 14696 18389 19823 219 12245 1808 10473 5605 4712 15487 9611 17509 8555 12663 13872 19012
5858 9267 14423 17293 12492 9491 15578 14717 14440 4940 3332 217 17289 6995 14659 10148 16559 4435 3258 3529 4150 7395 7033 5377 18081 5038
386 12089 11159 12616 14694 16616 18874 11005 2614 2792 17317 15089 13175 6653 14865 18531 112 18840 4951 19795 19020 4153 11008 2461 2647 17392
12734 10525 8347 14487 1873 17351 10665 19290 8063 8334 15447 17868 19395 5586 13868 24 18561 10908 12260 7394 5569 9588 13203 10730 13288 7732
12978 3606 19197 118 8485 828 5305 15861 13134 6932 8108 12613 7110 2797 7244 19379 3458 6788 7924 5125 2134 13844 13012 18509 2933 17859
18025 1579 10505 18937 16181 16406 7046 17479 8845 5080 9961 12351 4454 19630 3904 2300 4064 9127 14642 19569 10224 15621 4383 13854 13501 18108
10602 3252 6689 9741 2238 4731 16462 6702 9467 2860 18059 11734 16413 19326 2950 5279 18648 4301 2514 7447 17832 6398 16399 7255 6500 15466
14857 19941 14319 7488 18477 15379 2042 10750 3135 1430 16696 6744 15821 10905 18746 819 1803 1990 5175 16865 8351 12050 15678 13369 10811 2422
5552 8302 4582 4604 4060 9374 7502 11058 15651 1059 9905 2941 12881 10423 3472 13738 6540 16351 19194 693 11285 7785 11963 7303 19041 3651
9238 13066 5839 3840 18345 7778 2461 13600 4277 8760 17613 14799 2632 4763 14873 13190 6651 9894 6389 2050 4661 14437 13213 11643 3460 16676
14776 9977 16058 3637 3847 2038 4231 16861 8845 6175 19159 14052 1360 5369 2459 449 9224 19100 10604 8787 3762 17302 6199 13849 18657 6385
8161 16547 10132 6144 15078 11043 13844 11729 11742 313 4642 15384 14809 13716 4329 3985 10721 80 959 1804 13925 7140 10374 3420 18256 562
6137 16540 6146 10797 4167 9486 9962 16410 9865 17673 16564 17831 16812 16077 9458 4763 11406 9417 924 2876 9977 1704 9344 12525 14541 5155
2556 8367 19154 12004 19979 9957 5454 10393 14023 2326 9724 10560 19110 11011 17932 260 7265 4105 9998 2358 17240 4918 10305 940 4434 15979
1828 4917 1010 5884 14087 12632 9456 577 9973 7836 7072 1236 12116 1915 8869 19080 11693 4555 6857 11558 6011 14957 13150 239 11483 3965
11827 18654 15655 5536 19841 13702 9388 8105 13725 4007 7300 5706 19930 365 18087 18254 17149 13376 15343 19101 596 7735 7184 17911 12300 5826
15003 20 18075 12387 12689 19574 4161 6855 16200 11300 19580 7534 14197 2053 19700 12026 5439 19919 15540 13535 14746 1567 3731 9957 5593 18611
10902 6860 3634 3109 14969 3218 7620 6105 14022 13246 13658 9993 5192 12950 10264 12891 15393 3994 1313 7515 17914 13586 6481 13408 6139 4843
2271 10865 8434 6838 15742 8919 13986 14611 6200 19429 17363 5503 15271 11207 5840 8775 18288 2910 7703 12990 935 2060 4432 16885 15835 8352
8458 2531 3607 14949 17967 10348 5291 4631 16324 8075 11050 5302 6065 2874 14754 18578 5106 19364 7204 2466 16502 10290 8224 17177 17377 9001
12494 17599 10202 909 3970 1217 18716 2646 4284 1025 16116 6732 12136 12953 12449 13730 19692 17315 17972 10894 3774 15237 19168 7624 740 15702
9750 12954 3108 14413 2658 6538 4821 9122 4412 5185 14079 5953 18938 17915 12732 277 8106 11615 16842 15976 6380 14865 14572 13917 16115 5990
14852 18264 18807 16256 3330 2365 11 2529 14813 6596 17613 2478 12866 3924 4210 10773 8411 6576 324 17946 12110 14333 16976 1261 11824 3371
14124 5442 10520 6524 16839 16748 6698 7696 5265 14071 5744 8659 9161 65 6294 1965 15068 5032 18122 2711 17837 11465 6389 5554 13197 6809
4267 8037 14801 10837 100 3721 19086 15975 5283 6138 3666 12757 5518 10901 4161 4170 12923 735 11326 16501 4851 12300 8733 492 2627 2135
1870 9647 19769 17868 10253 8650 17213 13782 16474 12253 1738 14112 2906 11060 16132 19269 3331 16698 13820 7535 1172 1470 10345 15293 19799 740
1321 5227 433 9986 15325 8107 17192 10818 15508 1976 15766 337 12497 6859 18846 11520 1880 6606 16318 4203 17092 6273 557 16997 5569 9998
19746 2402 1460 17981 9337 9314 10413 16121 761 8970 9940 13274 2120 18351 12313 17808 19953 13995 17086 7957 17533 1837 18602 10798 2788 14212
10062 12040 6165 10620 695 14505 11391 5650 19166 9829 13355 13501 9757 4899 10161 17233 17613 16446 18435 12448 10938 17148 19190 4554 2837 3606
4086 19655 7519 19929 2861 10917 12957 16462 15819 17539 13539 68 1892 8276 3897 8320 6952 18229 11473 12497 12413 18719 6192 9448 4638 2712
14709 10207 18313 11365 13865 9445 571 2891 8847 9317 17430 14721 7783 1082 19563 7545 474 6035 8381 8667 18853 1443 8707 10383 15713 11457
4962 17525 18651 18764 2460 996 14282 4155 4112 3877 18976 4653 16737 12129 7946 990 5994 2434 16426 8413 12134 11611 16781 511 254 7814
3136 19904 9734 4234 6399 8710 17226 6248 1643 1217 12366 1229 9134 12752 1938 8666 4368 15222 8618 18828 4908 4719 5810 898 9366 15069
16419 5773 924 1233 7235 6790 11115 14492 4265 13898 7676 19658 9381 5722 11310 6649 19134 19025 2606 7947 16970 8257 14587 6383 16131 18904
3757 8470 10684 4570 10568 2163 5789 4910 14505 11672 3273 15482 10246 17611 14484 14466 14202 9002 13521 5398 7512 15306 9977 11237 8737 3075
15163 229 3067 19309 16797 4474 17176 8749 1989 5314 7450 10082 13176 16114 8369 13850 2845 15492 11371 1134 9708 6120 1664 19011 19547 5488
6068 5171 14994 13368 11384 17546 10547 1041 18989 8528 16826 15325 3391 12786 16522 12822 15752 2533 16949 11660 15034 19086 12718 3535 1582 5922
12619 14288 14032 5156 3080 592 9842 9078 1641 19002 14844 4427 398 4243 8744 16505 4672 19696 8025 324 3033 3210 4679 14963 14573 13145
16035 812 9935 4914 12546 6402 19377 6457 7608 11182 15909 14961 16468 9912 2572 16457 5108 15263 188 12037 552 15405 2185 19227 8340 9934
12682 15580 9669 17589 9005 18860 18207 13114 19703 18660 7392 2263 10388 15598 13552 7430 3498 10325 19576 16476 19435 4824 12820 2164 12461 15695
3350 1112 6131 14682 7994 5340 5033 19856 15823 252 12483 6016 166 17814 10107 17908 9294 6399 11685 15257 19939 3715 1705 13033 15610 7525
6256 2254 5574 18815 17370 19075 4092 1153 8573 8631 7654 11839 4839 14963 8427 12173 15912 8784 2653 1169 15759 618 14553 13286 1492 2829
298 695 17114 9414 15778 14108 15095 3716 15539 17701 10119 3604 10725 17432 18196 6031 10674 8849 11429 10405 2741 14649 2121 10724 10422 15254
3542 3204 1229 747 4695 2550 13614 19119 1180 616 7803 12385 9714 19951 10306 3987 1224 18297 5632 5592 12837 9768 3663 7664 11959 2330
3828 14182 4199 9201 9556 15911 19027 14675 10142 16124 9997 4092 3713 3512 2483 13733 10041 17435 19257 2789 15598 12120 2398 4655 16070 10869
3392 1677 10505 12381 1855 8064 8383 7169 3456 6506 3078 4460 18453 18608 3161 14909 3216 3888 15116 12232 4808 19040 1883 18657 314 900
3972 14281 2960 13851 4066 17556 1830 9168 15270 181 19565 18540 11312 19166 6757 11330 623 19138 10121 12559 6729 14936 19494 16731 3185 5129
13323 14826 6921 13665 2215 2114 7944 11591 6997 18683 15013 18981 19650 19040 10424 12448 11344 4459 3277 6565 10152 669 5220 12060 5009 11678
3302 6555 15552 1417 5890 9209 9366 5312 11383 2194 10772 16239 16281 781 2931 8119 4795 3019 14043 15367 9082 10795 19309 13311 16651 15115
11620 11974 6685 9030 11182 6971 7841 8488 14329 15612 6573 19845 12907 11299 5810 17166 548 11070 8743 3011 2656 10228 18843 17302 19316 6052
1033 2641 108 14403 19338 13229 11839 2722 7537 13049 8251 10277 4545 6164 4592 9431 4082 3038 209 11550 15678 358 5570 15488 1702 10762
7389 8939 6235 3082 4975 1591 8720 3772 7528 212 816 4069 10508 8586 767 15273 9413 5361 10938 173 11370 15720 11150 12278 18225 3932
13848 16282 11359 14004 8653 6614 10669 3496 730 15690 5081 7752 11770 9089 18972 12000 8808 16811 17988 8689 14798 16347 19810 11047 8949 11162
18915 2038 17267 3247 329 2049 9329 8545 9816 4810 5751 4926 4141 15552 16266 15842 4191 12326 9883 1621 10267 3753 16080 5376 5253 10210
5579 14586 1688 4136 8807 18154 12522 6186 7588 466 19718 9266 14922 1239 11876 7584 16277 576 9825 7400 14163 10154 10318 3277 8857 18323
10518 1614 782 12021 18842 6115 977 1927 15262 8828 15678 7793 1106 17350 10358 4278 13378 5148 7960 18322 14934 485 11149 13917 2656 19720
10829 8668 7904 12096 7833 3857 9671 5271 13265 9661 2169 8434 6665 478 16907 12680 4413 3069 19775 2452 955 3569 1446 1601 1111 13025
493 2298 7494 15952 4261 7892 4415 635 18639 3371 14846 6161 3136 1436 4816 4154 18773 6557 3904 6575 19419 7510 15993 11547 16278 14448
5148 16448 821 6199 8290 2385 17588 7503 13196 8789 15274 995 7953 2603 17161 17900 9650 6029 832 12849 11397 11633 6589 12222 7147 14782
18858 5482 12297 8659 10140 4661 1508 16477 19302 6765 16901 18088 17734 3731 19274 7542 11468 19500 18514 14840 15560 15493 18609 5270 978 6198
1146 9518 14941 15413 13925 10481 1682 4191 13228 19191 7049 19230 15102 11282 12302 3958 456 14843 10718 6783 19919 1146 14740 7367 756 19485
8796 3480 13511 8708 3076 1604 19478 4007 3148 9746 12608 16617 6977 9417 7204 16087 12925 7891 6732 4626 16812 17695 19781 7612 10327 1208
2123 12576 12616 13814 3322 18494 18015 18153 4321 3747 9070 979 12141 7558 18273 16437 12503 11630 1405 10509 9466 9691 12172 19370 132 18581
1281 19360 13832 19911 15213 17625 18980 15512 4766 1477 5879 8878 815 9196 13430 7338 13695 9024 13866 5229 17307 19342 10571 9478 2723 3671
19869 13992 11212 14111 1123 11411 10913 14838 12360 5976 7357 14489 16176 415 4185 17397 7371 5735 1768 11034 4575 13954 5740 15127 4036 8391
9101 2253 3733 12175 15909 11941 8350 13361 7503 2634 14742 4736 12740 10234 11002 13000 16735 5478 2218 16739 19219 16820 3 10172 9851 622
1168 9915 4130 9472 5777 12176 6853 3509 6645 16444 2802 12760 8128 13429 244 2687 12527 4375 8793 18619 3822 8500 16661 10089 7899 5192
1863 524 19824 12747 14801 10607 16897 12995 10321 10120 6419 13872 11725 9507 19745 19818 6376 5087 3251 5254 1980 13207 8993 19509 15060 603
15009 6347 15617 10308 16475 16002 7761 6851 13450 10652 14852 10155 17561 18035 3116 15213 14278 18420 9480 8144 18378 13122 6592 12606 8879 17848
6790 11910 15752 5319 11025 17521 462 4201 13085 5063 1107 217 18596 18181 7789 19492 2854 11796 8830 4391 8591 1755 14612 9230 12702 9461
12217 14788 8571 8218 9813 7581 12384 17562 19177 9742 11363 3119 15493 11372 5642 10439 660 4801 8964 14408 10728 6180 6666 12639 19697 2259
16366 16888 16487 12440 18024 18543 17597 2997 8612 18374 11793 9140 9648 4252 7078 5630 11566 11608 14891 3163 2216 16513 8511 14626 2160 18586
10581 5849 2382 8451 19639 15934 13204 14093 4428 6412 3913 6349 12890 2112 16317 9422 8771 18443 8570 10316 19508 5009 3784 12747 175 6702
18279 11925 18578 13104 10209 8364 2281 1859 15723 7488 229 17664 9732 5410 12998 4285 6159 1944 12920 12796 6922 11223 3630 14297 2976 4107
2193 13718 14493 14468 5454 15290 9859 14806 13148 18627 10042 3437 4504 10571 1085 6422 2259 5656 14971 18033 11042 17387 19226 16442 5887 10833
3179 19009 1037 1881 18137 3818 15421 17731 3184 17944 3791 4123 13672 6753 4630 15154 5723 9725 3104 9488 14075 5443 4554 1134 11173 6250
14552 6167 2926 3298 19546 18408 4153 10860 1802 18662 1167 6524 8257 19418 15632 16510 5756 19626 6845 507 18403 5087 13549 9158 17103 12145
13196 9198 7849 14900 3839 810 4194 11000 19715 13254 8024 17615 6333 13557 19942 19 8878 8504 843 14873 10885 15325 8877 7162 12931 6391
14593 16119 14467 3175 10877 4995 1428 9753 17417 8008 6786 12427 18855 4544 6032 14444 16537 14079 15351 3428 17288 448 10649 8673 7691 7754
16861 10674 16866 19201 3033 15579 18476 10772 9329 9218 8062 18273 2523 6380 9218 13197 1646 11827 14340 4456 3585 7949 8549 12201 17164 8718
4021 16829 1719 8931 1379 14714 1423 18997 3901 5411 9917 3401 13208 18182 15097 2904 12306 5972 175 3698 4570 14631 18473 16806 2079 8502
14325 16871 7061 1596 4645 6153 4699 15648 17962 4455 19515 19629 9113 8174 16852 4684 436 9314 11784 18279 4589 6293 9284 13389 836 3958
19133 1441 8974 15886 11547 13565 13403 14762 16126 14488 8001 3570 19526 14567 10860 6554 896 3007 14032 7902 5709 10022 10890 1190 14784 17591
18652 15559 13274 18474 1107 14053 10443 3831 19975 769 17666 12942 15997 12506 329 18469 19301 9407 12164 10263 10537 11177 13682 9222 13575 16285
3224 7243 2984 15519 13409 16438 8868 16211 9006 5308 5135 3167 5254 11231 14726 6998 5604 5613 9202 19784 3168 2041 6666 15237 6610 5136
14279 6015 6745 676 8038 15388 3837 993 12020 11214 10462 8404 9551 4959 17762 15111 4146 17592 12216 12294 7237 18092 16935 5755 2247 5441
356 7378 8799 11775 12989 15608 18937 9509 5960 400 7042 2531 12397 8057 8136 11304 8290 7723 4933 18412 6619 10580 12464 14638 4884 340
5399 10884 13052 7136 19923 3592 4320 5375 6848 3791 8086 6690 6230 17064 5293 6297 12023 432 4610 12206 15610 5274 9485 10964 2765 5966
2975 10091 5039 6671 9910 2230 4836 175 5086 3130 12685 11062 11473 1296 19560 18304 10191 868 17002 10383 11790 15465 1721 14313 19861 9694
10174 2099 4206 14010 989 9628 7128 2696 14559 7260 577 14231 17974 8008 4381 15156 19769 18192 14112 642 10395 4159 13618 3512 19095 19002
790 10165 18216 8096 7113 4050 13430 9769 7236 4290 7958 4328 7983 8134 1544 4205 19445 2539 11256 2875 17593 17191 10542 17882 5237 14148
1067 14270 19031 8022 16389 18057 9696 15685 13209 7741 19703 9490 2023 5785 5523 18562 18460 12997 19018 12469 9021 17527 17641 2607 10790 8139
15130 1028 6585 1919 8453 19243 14097 8734 3864 7507 12488 16188 4831 6958 2179 12069 15951 13585 405 14790 14319 15566 1796 6171 18517 16640
7927 13675 13162 1919 15570 15025 1554 17979 16406 15892 16523 16031 123 15700 12026 5585 19240 17969 9322 2953 19461 16508 279 14469 18750 4909
11253 12774 14370 1103 3836 10099 13160 11913 4498 16178 15956 8592 13496 7309 1826 2523 18864 7086 3904 1673 19457 12414 5094 11643 9165 2560
4119 17852 9843 10088 4739 10881 359 7269 2914 11094 12398 5958 14243 8379 1873 11529 559 12984 18571 19467 18917 5523 2483 4182 17324 11407
13807 1395 3400 6676 1672 12570 10178 19100 18428 3919 17412 8867 18547 1388 1716 16259 4385 3960 2768 16120 10839 18961 15120 15631 172 10686
13286 14304 3248 2955 7638 4270 17262 11110 8349 12481 15017 10973 16215 18976 12023 7422 8950 10710 3815 8089 13914 7705 9728 10213 18972 17666
4059 14968 19996 18985 4050 16812 15183 5076 18454 9043 5667 15988 14440 1120 2426 2501 16525 2152 14576 485 15049 7523 1285 14435 9372 16857
19968 18676 1331 14788 15705 7393 484 259 13939 1363 18790 8577 8456 9476 3025 2594 3281 7808 15569 13482 16229 19503 11521 12343 4610 15435
13176 18397 15425 2333 12572 18625 5862 7022 9249 18814 17248 10378 12077 10387 10101 8795 17505 5611 5822 17500 5829 6985 6335 11629 8459 6550
16930 134 14048 18572 3732 5240 924 6879 13892 3838 7874 4546 6385 7157 915 2466 7278 11489 7050 8657 11725 8891 9493 16074 6988 772
6526 2364 2119 10384 15721 9939 8913 5359 2183 19826 2485 14264 9637 13650 474 9568 16166 5754 12166 12631 897 2388 5076 7269 12093 11145
6463 6150 332 18221 18142 9635 2430 10162 16691 11666 15805 9897 716 2223 3060 15540 3173 6892 17072 19913 16423 6737 17932 14375 4961 383
9590 6767 19444 15345 13671 14565 15537 17158 16621 57 13668 8798 17139 7178 6435 15665 5024 3603 12909 1029 9242 8469 3483 522 1278 12990
7558 7565 9532 14043 18543 5800 19025 11596 8005 3341 17623 12068 8282 16255 3266 7920 14448 16057 12905 8196 11329 1474 1520 3561 15685 8983
7526 5754 3651 16584 650 11334 13111 3361 10507 15834 14229 15737 11579 9722 1690 16038 7015 6040 2489 11253 2085 3716 16152 19983 16385 17791
2924 465 15498 18429 12492 18517 8527 18265 16933 15560 6980 13452 9922 9854 3571 6718 15687 18270 2972 19788 1329 19539 14494 639 5424 8337
18084 6409 5693 19721 11604 13949 18637 12029 11184 17953 7060 13141 5101 4264 5007 6037 8440 6344 15682 1335 13921 10160 18530 18094 7215 3459
4428 14564 19772 6017 7545 14125 13432 9248 16007 11170 4278 3075 12235 5862 276 8484 9775 13554 6380 18227 10981 19801 4122 3357 19423 11532
18956 18675 18158 16485 9677 3010 14865 3368 7794 5159 17861 14869 9522 16000 19605 18439 15378 8693 6120 13329 4495 18312 10877 15096 8856 1679
2911 4881 13349 18559 5936 19095 16227 17397 4023 19271 2158 13944 15084 17693 13836 5051 1119 6465 7017 7649 7019 18762 19404 856 14904 14704
9067 18342 779 10215 8804 15253 8764 18101 10064 1652 7722 6034 17742 189 10923 10452 15166 2275 2930 2614 10374 4116 4637 6908 10233 11164
770 10572 13470 10651 5977 19388 3665 3150 16334 6061 18448 7396 18268 6517 6260 15122 15476 7299 12510 9767 15257 12557 6859 10085 14017 18675
7961 62 14739 14598 11451 17037 15494 10004 1343 14653 13716 5598 1411 4322 4641 7111 2911 18698 2725 14800 16483 344 2240 7632 3290 6577
14293 17345 1931 4103 2434 272 17957 11982 3564 16461 1849 16113 1196 15018 14608 7877 9200 14455 18137 2293 6278 4751 4680 7512 18936 3266
8000 3932 9423 19292 12256 16096 3993 19128 2742 5474 16249 2770 16559 13338 9979 6244 16721 11208 2954 16681 5703 15630 18161 11856 11987 5449
12932 4191 14620 8838 5229 18857 4761 3682 15535 18617 18903 3619 7407 12518 7589 19826 5380 9384 5815 1223 7146 684 4701 702 13433 17564
3791 19139 5410 7856 7687 5527 7975 14576 14023 11651 16244 18773 11836 14751 13231 8934 11656 7987 8791 13403 15440 916 4443 19119 6357 18158
10134 9885 18681 9152 14385 19579 5840 5898 57 17126 15318 18230 4249 14852 19381 2706 15797 8900 5866 2045 9472 7476 12029 6175 19540 2541
19389 1153 11070 5542 14017 18111 513 15221 16923 12409 1043 18252 7105 13499 19954 11710 19419 1526 19308 1955 3030 9910 8689 8620 9917 7795
2025 1343 18625 6630 6235 7190 3301 9760 11819 10502 7302 2099 13524 12075 16339 14249 12345 13759 17165 16213 14316 3172 1789 18631 8179 12936
7446 15370 10701 12866 2006 257 9137 6752 7618 3379 192 19079 8969 17808 12281 4357 8356 17692 788 15998 5958 1326 997 14988 1362 2821
6489 925 14790 18093 9673 2622 18558 11457 3403 4623 15819 13076 9448 5958 17521 16263 9299 4487 2858 15444 12322 15762 10950 18931 18223 13892
8171 4173 5618 9942 16720 8516 14511 1950 14068 16200 18127 8525 10506 16462 15286 17253 14119 9512 16054 4210 2301 14750 7975 14338 13140 14852
17576 19535 11544 18388 10925 12514 10612 12450 10504 15273 6442 7529 18807 5915 3656 19474 15084 18202 2637 2988 1970 13495 13187 13132 385 8151
7501 9274 1786 5582 2630 8276 12252 8721 2302 7440 4337 1294 3475 563 4480 9859 11772 2121 1909 2324 14625 6486 10609 3506 18331 8498
6352 13574 3256 1996 16096 4187 16193 17328 5405 13571 4422 18014 184 12920 3453 6359 14055 17495 13464 6269 7194 16777 19256 10223 11437 3385
10772 10994 2042 988 7016 18567 5709 13711 19554 4756 11091 19036 7674 13693 11313 15118 4068 5571 10512 17483 7028 5434 3934 7359 4982 8928
19330 15611 4463 9984 15320 4332 14730 7333 2635 18229 17826 18236 13017 913 15910 7730 17525 3340 19266 429 5390 8181 13647 19062 3440 4763
15733 9430 2381 2996 7424 1782 15866 6304 19097 3801 14084 12847 15443 2839 5906 18148 19405 13342 9296 3665 2017 13099 7984 2946 2710 6750
1191 13161 2330 16242 17546 2906 18288 13658 16174 3101 9209 11018 7151 12966 19518 13081 273 3452 15860 6228 15685 11880 13910 10383 16838 4719
13331 3363 14118 4232 4740 16084 2985 19091 8341 3921 910 16617 5805 7374 2574 3371 16207 19889 7785 1942 7561 19072 8520 10847 18724 2853
17164 16007 19682 18581 3433 18508 13230 5502 12578 954 7289 16435 1748 13864 13576 9589 5296 10434 14163 11352 9650 15824 16031 2912 8272 2985
8814 7145 6175 17131 4864 19964 16908 1348 4932 17671 15039 14721 11232 14102 10963 1737 16425 1840 16979 12555 17492 16353 13902 5053 13287 13469
3378 9085 11884 2613 3511 1972 12969 19099 7629 16952 2928 12642 10739 17351 14876 4725 1059 10714 2300 13415 82 12226 10844 8908 319 4686
3603 15922 11437 6263 8351 12582 3780 2224 269 16590 1205 11739 3257 4696 1599 13115 19193 8920 6339 2702 14393 12977 19092 11872 13326 11634
5034 19123 3141 8855 5556 2999 1748 16000 8481 13329 6958 4442 3733 5063 14214 8623 9005 6058 17106 16690 10162 15020 4383 11224 15278 16955
3119 8445 805 16739 1579 12505 18086 16243 14623 6186 4428 16957 17421 5420 16817 15077 8571 15263 4744 18758 10549 7633 17170 9500 3859 1178
10476 10145 18703 8773 13627 15821 19523 904 10340 16315 14722 3635 19387 14219 14363 11871 7380 12875 17446 19229 15159 7474 11217 7325 4923 6644
12453 5006 5818 246 17261 2927 17523 15612 19806 16085 18523 14255 16483 9857 10354 18664 7872 10267 1883 19708 3873 13588 3133 17759 19881 12215
10998 18819 9926 12259 6801 8122 5668 19381 15157 2105 3420 13276 14506 3959 17554 11489 11185 1713 14171 11238 3610 4627 4240 11776 17220 15842
17553 19755 16711 3268 17244 19264 5103 18301 948 5042 17076 13379 12101 7031 12773 7708 6507 16017 16779 17379 985 5343 3276 18321 17762 9845
1911 4660 18476 14583 7862 13976 2643 17571 17632 10293 9083 12387 5032 15975 8494 6959 10603 10066 1966 14480 2374 3610 19371 12529 2689 9930
11967 2847 7962 1787 17196 17360 10315 8495 15751 5587 17501 17664 10531 14082 946 5355 12171 6451 2716 2433 8119 5803 4297 1974 230 734
4007 19163 7250 12223 16949 750 17377 16360 13057 13358 6917 3764 18309 17535 13932 6523 17290 861 767 9131 1309 11292 4631 15987 8378 19460
321 17520 730 19482 1208 10233 18222 4965 7626 10226 12961 5836 12559 2696 3818 15021 6489 7272 15383 9624 14308 6951 2258 1649 18092 2623
1255 9953 14036 12634 2113 145 7880 9779 18595 9331 1738 3269 2179 47 7837 1486 18023 16001 18500 1940 12861 12621 17864 9516 2509 13035
5177 3013 5933 16682 12462 7236 15584 5978 10614 11983 19163 19448 11282 18027 16278 9258 1785 14344 14072 9509 663 9620 18372 17206 14010 14165
3586 11117 13071 17491 19514 470 14732 15511 16563 16434 10588 16721 19930 16080 15103 18711 7102 18142 2368 14326 13910 2499 11088 4582 12573 6032
18832 15984 1717 7435 9649 10292 14606 10769 18130 860 4483 7664 13490 13188 8217 19797 9694 9359 17421 11716 3953 15065 12989 14318 15482 10777
17876 1472 16152 9957 5874 5510 12640 13508 9881 6646 7708 7035 13919 5957 12626 7680 19260 8618 5828 14666 1348 4390 14486 9277 19676 3346
6660 13030 17053 6186 2479 10513 1416 12718 10507 9313 3165 18137 14967 13939 10946 106 6974 18469 7594 165 10601 11328 2771 15259 13574 19676
12937 10657 7904 14454 18720 17331 7466 1654 17705 8830 11047 18175 2314 13934 4602 2489 916 16033 17218 16623 14616 13240 14094 3483 5092 11464
13674 1817 12203 18281 5966 16287 18618 3517 283 11447 8285 19905 12876 17993 16050 7330 12121 7400 19840 6639 3028 17337 17036 6340 18980 7691
17047 4705 15413 18250 14272 11254 4872 14617 4488 8701 16414 1247 19431 16883 9080 7742 326 18569 6023 18716 13219 14393 18958 2630 5068 13655
14914 4295 8468 5799 14869 5631 5183 11079 5881 15661 14305 14156 16015 8136 4594 19695 15639 4896 17934 19903 11269 7349 3429 7736 18237 10441
3913 18467 1476 1800 7271 16215 7817 293 4600 5096 6707 9443 14716 8412 9541 1761 14116 17819 14605 9974 18722 11124 15275 896 6062 3704
8349 5120 17435 1491 12425 17048 5556 2172 17273 7903 2065 7153 3791 14584 19803 18989 11425 7524 12749 8694 15617 770 14598 6253 3435 15974
12806 1595 900 1209 12179 16881 3644 2222 5201 2419 8795 18156 10682 5124 9790 9949 16229 1010 11620 19159 12023 8228 1811 19826 18237 11760
8638 14263 19723 11186 6514 14978 9646 10600 3174 12861 11296 13478 16984 5482 17139 7320 11650 15400 6406 14960 5550 4557 19968 19372 698 1042
6027 12533 8975 9728 19741 8432 17828 4284 18911 10060 16633 5512 7041 6624 1286 7158 2660 2008 9572 14284 16813 1927 15545 10560 19299 4148
7183 13602 4842 7935 6791 12611 11880 17122 1272 12678 16796 3395 6317 11018 17871 10132 13380 1485 4926 10996 6665 19709 13310 8787 10015 3220
16072 3712 10871 11862 18486 19604 2387 14879 15789 4946 2152 14503 4510 17182 1553 17852 15900 18376 6338 15258 1538 3365 12108 19417 3775 5312
17791 3374 9894 9828 15427 11868 721 1336 10440 14632 8705 18499 6650 15994 6301 3455 15519 13885 6827 6410 3606 16835 16260 17406 6310 7012
864 4960 3041 8072 15905 18670 13221 17013 4065 16186 15930 16462 15377 9687 10369 12455 12958 7069 4356 17881 15453 11186 11174 11797 16356 14175
16177 17279 10617 12304 16424 344 19033 14825 8592 9719 16774 1331 7518 1770 18387 18486 6282 14773 12310 4030 6075 6357 5 5129 932 7289
11868 17659 10597 15921 11697 13564 19054 18131 12781 13336 11532 19070 17528 417 7152 17233 5624 3180 18058 6919 19451 5567 5756 14665 12595 12711
17704 10654 6726 3969 5646 1725 19323 16357 5931 18535 6828 1358 7673 2745 2012 18003 3029 8089 2678 15485 18746 11089 976 8364 2713 13358
17655 13867 1214 175 9809 15500 15230 11287 2253 6793 13376 13507 17195 2030 15548 13518 13026 9787 11983 6001 10434 17231 2153 16573 17488 15995
765 1743 627 18405 5448 16253 4759 13562 12644 9027 7815 332 6022 2624 18205 17241 4349 2018 1823 1466 2221 4556 18620 3836 3640 14023
12479 6302 8771 5007 4780 9630 11162 4414 19807 10229 16379 14611 8154 4246 10101 11598 11050 18449 3823 15071 19243 1098 6061 7851 8182 19790
17017 969 15237 4529 17242 7046 12917 19 2057 4636 18028 6767 11982 10375 9846 12852 7992 8121 9497 3194 9494 7048 11299 18183 10536 12158
3413 5580 14833 7389 3817 15779 3490 2386 10974 11542 10989 11292 16627 14181 13309 13729 7548 15337 4554 10406 18488 13671 8796 5310 291 17353
1085 9780 10283 16206 16091 19349 19483 17229 17792 19450 3345 8479 10393 14104 14137 7452 6329 204 7701 6286 12733 14238 9100 7362 13584 2537
2306 13235 4502 1098 16836 15729 18200 8025 9541 5998 12061 19201 15070 16824 9289 10376 19770 11171 18917 2802 7289 1638 15985 16496 12940 7438
12292 8683 14558 6051 16543 13936 5037 8002 7663 17492 11195 13373 12034 17087 5119 17752 4328 15027 14149 18878 13509 14685 11143 17494 15929 1155
19318 10863 15697 5369 14678 12459 10052 8429 12686 9521 4166 6411 14273 9407 15828 19450 86 3479 10267 15682 11562 14185 2507 596 4243 10340
12607 18149 1218 19838 11251 10599 3371 8114 4507 3 15753 5489 7607 6536 9392 10093 6639 10714 9647 4719 14941 3080 1284 19192 15780 3240
11721 11563 19386 15451 419 18998 16668 1605 899 15740 6637 6499 17218 3448 4698 18076 10004 1201 11554 14371 5946 5458 1745 17630 8465 10691
4701 1305 8598 6203 9715 4410 5973 10246 2302 10188 13469 3639 9208 1323 17051 3506 9428 9837 19214 8668 18193 13948 2679 15611 9562 3027
6210 8411 2861 278 15412 8156 19624 4 10485 15845 8029 5605 16782 2995 17594 15516 18830 8254 12879 9605 6387 11512 1376 17416 4866 3204
17473 9237 9079 396 17009 17501 15410 2343 9422 18829 9894 6906 8605 15176 12781 17502 5931 7136 2802 2980 4283 13427 5598 12868 12498 6057
4161 9754 4327 6962 2649 2369 1120 14380 1426 17431 19769 5033 13044 14966 13867 7161 4170 15835 9123 79 12351 17369 16833 19030 3598 12505
18877 8732 11719 7997 5319 9395 8543 4691 1164 5992 17702 11541 5699 14572 9578 4359 9325 5827 8299 12627 11828 10758 15786 6115 12697 4889
457 5760 12051 16875 14492 19804 9910 9660 7339 322 7040 15199 10280 12312 3037 10677 6160 5547 16181 5441 1528 7081 12432 18573 4847 10093
13364 7764 13357 14341 6155 11732 13311 10320 14623 7558 1245 5742 17800 9323 18600 4316 6630 860 18959 2909 8181 5466 2431 19102 11357 11917
14239 8819 16808 4902 9686 13781 8676 16444 15877 12742 19991 2238 4450 18747 19728 2968 12010 5081 16705 13758 7374 17974 7292 3702 19018 10416
4617 931 9675 4095 19136 2608 9285 15793 1921 436 1344 14125 18558 6381 2004 19510 6 11191 891 370 10699 4321 1836 15091 14886 4740
1195 4444 18000 6773 4497 17572 14294 8073 9168 326 18749 10293 13653 18947 15757 5107 13286 4881 19847 14577 16208 19449 12506 13223 2620 15735
140 13563 5027 13128 18424 12933 18693 9994 17038 19866 3894 8200 19912 5840 351 19188 8975 5400 3644 8798 17713 11370 8899 11303 12650 16323
2416 9126 13756 6302 16315 12508 4649 3290 13233 8921 18378 19787 7247 15020 6166 1926 1623 12991 7780 15168 17796 19921 3553 19327 5960 17406
10638 11862 3099 19231 15929 10144 889 14874 8886 10539 9164 7985 9648 8830 9545 11599 349 7970 17393 134 11860 17175 16628 9242 11899 13076
4719 3915 2843 5649 7653 15487 12503 16143 4626 17113 14458 77 10680 14023 686 18426 9187 10045 209 3758 12500 18565 2486 945 8179 15943
7492 12230 2514 5927 8065 5219 5680 10675 12807 2031 14019 14561 19993 3138 5411 2302 6131 1043 465 7601 7605 18946 9882 9139 4178 9783
9213 540 12275 11700 12753 7858 12386 7634 13536 147 15755 4744 3185 17779 2867 8623 16450 129 16175 19515 9158 13022 5681 9417 15710 8935
17848 13029 547 5642 4951 19676 7730 12345 8184 2916 13906 9608 12250 14982 6430 11870 6805 160 16968 15889 3620 1553 2559 11175 11604 15130
2018 17489 15679 1184 3808 7835 433 16464 3844 18652 9527 6819 12449 16496 9060 10460 12107 14789 1690 7991 18852 5835 314 781 8367 3650
5414 7071 4414 17039 4604 17122 2143 9610 3443 7451 2951 6315 8359 14224 4740 15074 5318 6317 4955 1612 9947 9166 8972 13354 3184 14402
12228 645 12679 1559 6499 11090 3516 10140 19262 6186 2095 15275 8991 16981 15685 5953 15822 1780 19791 3821 11680 6562 13166 13259 15856 18270
19056 9148 6916 3655 4523 10598 5870 16909 2042 17096 12497 13008 8308 2226 18273 7766 13941 18219 18987 2324 16211 1832 15445 16754 15664 14101
5248 16226 7680 9412 10099 803 59 6969 18602 18268 16847 14473 8550 14584 15979 4906 553 5154 4888 2661 8736 11624 6648 7336 16942 2012
4346 12454 3997 8241 10191 1312 7730 15965 18021 12748 1530 2793 11594 9122 14604 14259 18291 8074 5730 10990 7996 3102 15239 7020 8945 1655
12855 4473 6966 16834 13011 1762 12424 12829 14583 14354 2432 10033 1188 19777 13535 9925 3671 9311 8719 10079 14373 14412 4347 16456 12554 7909
1703 10855 7575 2449 4319 11985 10839 15666 15947 13699 3327 16848 722 3731 391 5521 15103 7071 5385 8697 13393 506 4306 4285 3218 16000
4803 8138 225 10082 4363 3057 2039 4989 3054 7905 5189 884 2800 8297 16899 17584 19682 3574 10210 18273 1643 17801 17374 13906 17450 18626
6756 4031 7411 15349 11508 574 352 6366 5582 13536 17012 12570 7977 18274 3035 14700 15209 19455 9991 17394 18227 17244 18839 19035 769 5487
14934 484 777 8956 19564 11249 19951 3297 19371 9242 6736 5169 15129 11537 10712 1849 18103 8519 2439 6764 319 11902 6709 16713 10226 5457
12628 5962 12622 10900 18748 15308 7734 2454 9773 5640 18839 254 4895 15511 14716 6448 835 8723 14630 12784 7716 12069 11694 1197 14668 12113
12595 5222 10891 4160 1045 12761 10728 2685 3917 1583 2658 2686 16768 8867 16522 13677 17297 10540 7610 13627 16483 2739 18526 3012 17763 11365
140 14651 19719 1192 6090 4437 14966 9539 12354 7157 16042 9119 18706 11444 11534 5676 8257 14755 12473 2577 14511 16089 1957 7108 19843 11970
11367 10695 13706 11792 12205 12190 15668 10521 4797 4706 2830 18604 19416 3050 8956 558 11212 12373 1668 11060 13235 17342 4714 7020 17084 12410
14628 4283 7147 8537 5053 191 4292 14754 5453 9923 80 328 1657 4068 19378 233 10638 16870 12091 1862 11939 15850 4521 6976 18019 18944
11047 18336 8015 12777 1740 15043 6603 16145 17258 13841 2380 12598 76 122 9102 5185 19300 10400 19508 11315 19956 5602 13445 11060 10851 5637
1274 9192 5877 16940 13885 826 9093 4380 8934 18476 6395 14508 17828 5300 9354 1853 11908 4081 15366 17160 15494 9844 8231 13639 14860 19681
10027 14291 4412 6522 19108 5036 14602 8482 18876 17478 8875 11685 15543 15015 15099 11773 19272 16930 926 7866 9559 9141 9 11622 15895 12128
390 8073 6796 11758 6527 13188 7363 2710 6050 9423 19663 6184 2783 8767 15664 2276 5510 18818 4756 15800 6392 1198 15277 13215 3464 18333
5523 2607 15799 13173 19814 2628 19533 12038 7398 11505 7538 5393 4803 11695 15567 9825 16067 6512 19571 6645 2227 455 19971 6682 8716 5304
13478 2538 12437 9008 12403 4902 332 17899 5168 17792 2307 16389 18785 17834 17172 13524 10483 3492 13739 18126 8392 9440 2403 1978 11439 17064
4126 18863 10264 3446 861 8990 12461 10330 14508 11881 8664 5169 16431 13270 2270 12368 10659 146 17073 10876 4030 13707 9963 7080 4655 17928
4424 19115 13405 11580 8345 5205 11177 1289 17116 1059 9386 11289 4418 13837 2528 254 4777 686 2140 5906 9340 14808 9282 15026 2350 12618
14338 4062 11713 5537 14313 18668 5059 17026 16560 2193 2963 2299 4355 10948 19606 897 9292 7264 7916 11534 11543 13024 15644 16488 10328 9072
18642 10795 9943 10784 6942 17108 12412 9639 14119 15896 5438 13838 9938 1319 5883 1312 5942 1988 10603 14685 14733 7953 19229 193 6255 5252
1258 10747 9589 14671 15474 3269 4157 9867 8962 14118 12872 15683 8081 12620 10881 17510 11920 11197 15850 9089 3245 2084 14430 15055 5465 7387
13119 11824 12265 8745 10540 19627 14026 16807 16747 11845 13773 2379 11697 16957 10212 7240 4515 16022 14176 5066 13089 1364 3540 8513 14880 7936
19945 996 270 8266 9213 13455 17263 17805 13094 9648 7075 1115 304 7292 12797 18119 3989 14312 1193 14371 2394 7757 8799 8534 2476 2085
1857 3287 10013 10563 4597 486 9330 15252 3691 6075 19665 6128 5669 13936 15103 471 5103 16943 4111 11402 10818 8604 4414 15324 15954 851
11654 13253 19206 4882 18248 15946 19911 11552 13348 7496 5687 299 9360 10914 15329 7985 2391 19614 2872 5097 2082 929 15376 6304 6940 19469
11392 568 10392 8131 18013 10005 7633 7319 1499 520 12659 10151 12496 12387 16511 14390 4877 19824 7979 14148 8336 8756 9322 7857 17327 3233
14965 1302 11793 14741 14259 8725 17472 2106 69 17169 9664 15901 2276 17008 14797 15067 8061 2043 3725 5882 7997 7423 11192 15524 6634 8730
3300 467 2373 19000 8311 14128 14809 4211 19674 19302 5775 19534 15644 13286 2457 7233 16045 11320 5502 10267 18525 15898 1610 15193 16969 5260
4740 19397 11864 4239 6135 9120 9430 1906 10960 14340 8784 5456 3130 14070 19647 12418 2853 1417 9054 11683 3577 6117 11920 14858 6477 15607
14616 12550 428 10689 18433 2157 12955 14626 3242 18356 10098 12071 1030 16331 4680 922 1702 10074 5547 8028 11208 18693 10938 9116 16981 10323
6635 9262 19905 11685 15155 12624 5511 10742 19570 18978 5140 6197 9311 1279 86 7658 18229 4577 14833 16044 4023 13621 18 17978 9102 12758
7431 10941 18214 14372 10771 8392 1019 1670 9525 12652 12817 572 10950 7561 8970 18616 992 9506 8994 1702 3455 8075 15537 17447 12456 8729
19371 15678 1477 5630 11029 13404 19456 11135 13149 6004 19050 6100 15612 5840 1754 18179 3179 3103 8008 10531 19374 2758 10317 1940 5742 12432
2356 17557 11534 19059 4407 7333 15104 15473 9809 6459 16606 16424 7126 13933 2432 6731 13934 16492 2039 1613 17213 15838 14663 9800 3845 11423
6937 15409 3708 10977 6570 1204 3907 18976 7771 12228 5393 10545 8634 6144 18811 11985 18393 10532 685 3925 12220 2538 14191 8622 4695 6740
8125 9759 6692 16955 1358 2204 5416 11668 18444 2949 2887 11898 9394 14126 14542 11771 15522 12109 15117 6582 10738 13904 7391 17588 15662 115
2606 18649 14934 15832 2104 18149 8446 15676 16003 2273 11275 13798 10532 19508 14903 18209 2755 11549 11116 8876 15283 11301 13336 13258 16446 9285
1465 8964 9479 19396 1316 2831 8875 19244 18584 14609 3786 5540 11793 676 6034 273 9143 10222 12373 155 17884 13160 9066 13072 14317 9813
3689 8078 19728 7430 7440 18044 19399 13896 5391 6386 15244 17055 13150 760 8199 15912 4063 14175 8166 1620 10302 10706 11006 15104 16010 696
19536 16208 7449 18864 17745 3836 13828 11058 8444 19154 15393 18530 2588 17070 14286 12454 1913 10679 9198 7799 15862 9087 12600 10692 11349 9927
17902 17724 7674 9217 9676 18482 16633 3213 755 9727 2137 17271 10599 2276 4488 4704 9688 7674 13891 19174 12422 15166 5957 12596 10306 11120
11228 7472 4554 14976 18844 5229 7232 18162 4773 11038 17941 8077 2880 10800 300 14847 3181 844 15854 17638 4761 19237 17619 13894 7251 12038
15721 12034 6781 9831 430 12310 9910 4804 17447 4628 4106 17866 10021 6722 8578 4695 15172 3565 6117 6186 8753 9792 15709 19531 16984 12395
6401 13444 6624 8784 1478 14704 954 16301 17378 14050 595 5598 9412 3313 9001 7153 1726 4380 8691 4675 18351 9525 16657 13200 784 19193
10579 11251 13259 17446 8348 7630 9301 7824 569 13864 19459 13008 17360 19751 18356 18118 2647 17811 18138 8064 3357 16873 11312 4624 14377 18677
12044 17485 15644 2345 8137 10220 9705 13371 13055 6413 13695 3406 5748 16794 19318 11548 16209 6257 11976 3383 17571 2245 9881 9702 11045 16348
19127 2571 12505 9795 4916 18045 11269 10283 16128 1818 5638 5427 4322 13626 15704 16632 6865 18078 16296 789 4157 17977 17555 10279 16362 12783
7140 2869 19961 5159 2721 5548 10031 12079 8489 3905 18946 9690 6064 11848 189 5976 19487 12831 4161 13113 6217 15042 10738 8042 13594 2903
12487 17581 12120 15159 7197 4591 2090 14153 18937 4441 4110 14647 3305 19960 8800 8618 19347 133 5768 8151 7097 10445 7808 76 13106 8206
3330 17812 2260 6398 13620 13708 3872 19512 11588 4802 12909 347 13843 213 6346 5541 2653 19610 16092 18449 13200 5433 169 4827 3755 9280
17904 10656 3945 439 7559 12019 19653 4844 14941 3169 9631 3431 16075 13537 9916 16846 19568 5892 14397 9607 18949 180 9245 6556 16981 14189
17384 18760 4494 10292 18294 1003 3868 10571 1759 18017 3383 11026 17889 12110 7823 2395 9794 3299 6513 19658 19474 3458 1175 4665 5651 14983
9360 10240 314 19398 9203 19077 373 18414 19835 642 18494 16978 17327 15840 6443 5952 19075 3554 13731 7883 3931 9644 9560 7128 19834 14181
6329 13308 14353 11448 14743 10493 10147 9292 7773 11972 17286 12090 12870 1509 6939 2387 16522 10631 8946 2307 1139 9947 19957 601 4080 8336
19372 4788 3292 6467 13694 5983 9705 12240 6279 11388 11125 16541 19074 2053 8260 11826 7868 958 17550 4288 6415 14380 2249 2399 18315 2809
12986 584 19509 1308 3027 1456 13871 2755 2689 14574 13716 18963 2567 13974 14350 7460 19031 19144 13551 9728 1423 14336 4025 10167 1334 1738
3911 18216 1784 1923 7697 8599 15492 19102 4147 17476 4621 214 15219 4564 18697 3344 6651 13987 1309 14076 2428 8561 8291 13791 6068 10098
14274 12786 5618 15958 12508 12520 11612 4939 1986 1979 9945 1236 13171 17287 7269 4505 12414 6185 595 6160 11342 5790 10698 4550 10984 2756
6389 11941 1653 18427 13927 8308 18868 12030 12179 14016 16080 13079 15058 8872 16380 2717 18513 15598 6032 2240 18730 6605 7478 4777 9992 14372
11467 18634 7181 10195 5427 13395 18453 15356 17353 11627 7672 6665 8200 16987 14182 19511 5774 13233 3954 17370 7187 9155 11418 16819 1310 14333
8909 11541 13471 17785 8418 7727 274 5958 8696 916 8427 17134 2962 16003 9346 8870 19067 19880 5975 8357 13590 7478 12250 7912 13310 146
8047 19281 14135 19100 10581 3780 3172 14673 2588 9130 6807 17751 4440 4671 7384 682 17761 8386 14880 5467 18078 1031 12139 13820 4054 19524
2692 2238 15328 8069 11904 13656 9621 9761 4346 9188 12771 18722 1183 14418 16245 8425 7150 13737 4657 17659 19617 19341 17100 10097 6387 2219
2142 4274 12388 16073 252 2860 6595 4317 9103 8410 17758 14960 19110 12594 2893 8396 16682 19137 10538 14700 8531 878 2082 19468 13649 2047
10329 15579 17482 6336 6764 11611 10822 8898 11986 11608 11064 1023 10381 16354 4420 14376 383 7141 5820 1882 13585 12726 5528 15560 15205 9305
13896 9988 13497 2508 4679 10058 1956 8134 3747 5072 18175 5887 3584 2014 17689 47 13325 11362 15427 14219 6690 1894 4942 11256 18815 4420
10823 7055 4776 1503 13741 19559 14127 18613 9912 4192 4640 7518 10598 12539 13493 3671 1440 675 3170 10594 11462 9483 8372 8200 68 13026
18919 121 2900 15376 13935 4527 19043 9471 10257 7038 18309 8965 13001 12178 1042 4660 2216 12233 11611 15424 14007 12633 15465 19812 15687 12024
13602 14099 372 18234 3282 17389 775 3220 16713 11730 2883 3100 19087 9862 5177 6089 5242 7179 5974 7432 98 18968 15823 5534 1986 14699
12253 11257 7007 11962 2342 1395 5351 7222 3040 12878 19185 18511 11366 6242 18806 17322 19462 4441 12910 13842 10245 19892 9719 15348 15992 3353
1894 9057 17443 6702 5965 1302 16896 15471 7447 18305 15841 10081 16181 602 12184 6382 15929 13896 16126 7093 7281 3345 4701 6694 13103 15963
298 10538 4146 3374 4667 3940 16743 17562 14932 10425 4258 7759 15967 18086 18850 9439 18287 9517 10219 2865 1164 4592 12804 2827 3522 3626
3893 18031 9363 19049 11488 7527 18872 19046 6737 16 13662 1623 979 3891 17510 8868 18757 14253 5629 14371 3226 1959 18188 271 1841 18514
88 5058 6258 10211 12765 7525 13582 117 10556 3106 5437 1289 15642 9404 4162 13358 4315 6318 19558 1734 11484 18958 14465 2136 14093 8885
19733 1019 10933 5585 17763 14049 11519 15917 18830 4269 15369 15895 12489 14556 3683 10403 7583 3953 18044 9621 18045 17631 18949 9873 17585 12371
11851 19939 13280 16332 19231 13121 18585 1746 18353 2799 16918 1999 13976 8970 8062 515 17189 9780 17522 11513 17922 883 16924 17126 19998 16204
4189 17045 7468 416 12759 17529 6955 10658 17294 1154 13620 17795 7294 16850 12466 5300 1554 11662 4428 16226 17774 15668 568 16794 6826 5409
8582 17975 14781 14657 7266 10220 13061 5602 19917 13676 2814 12527 5965 6534 9469 10848 6981 9801 17548 11603 2728 12497 14212 12393 19271 6023
18472 7491 1050 15553 1804 5914 12549 3267 16769 598 1566 18344 735 6233 5328 3356 15433 18745 5250 6632 15380 357 18136 14414 16973 7805
16409 13224 17899 2696 8340 19791 1058 3490 18350 1736 16877 11044 12692 9554 10438 7079 4401 357 9090 8959 17151 1639 5546 17793 17055 13063
9331 8373 4287 17796 18837 14091 8056 16695 5756 6436 7669 9169 2107 8486 11207 3249 1803 13786 10216 13684 13661 2386 3631 17383 4111 15940
19636 18072 11638 18170 855 4678 18553 14039 18959 4042 19431 14365 7529 10021 19647 8133 6338 5589 6539 2998 17017 8960 14056 7396 3190 6782
5159 17539 742 9760 6657 13415 13307 8824 13057 12484 8726 2368 3714 1698 12629 12702 9633 11807 401 13526 5939 13367 16216 17969 509 8649
14357 10689 19831 6847 2070 19461 1239 7300 356 8600 598 1234 2146 12962 2140 8117 14187 19406 6334 612 14136 8813 15310 17026 11539 19806
17416 4822 13817 19408 6933 1209 15537 15146 19777 4724 7973 15815 3500 12479 11948 11124 11939 8492 9559 19839 2375 7052 5195 18374 4099 1208
15972 16596 3952 875 14539 18705 16098 8701 5108 5282 10551 4740 5138 17006 12208 18607 15847 17508 15104 12420 11583 12449 5906 8497 1206 17740
15277 13217 10882 6261 11267 1383 7761 8412 2115 14158 9804 1297 11864 8137 8719 13660 7178 10974 3801 7485 19490 13030 2325 12881 2291 9740
14794 9317 19853 10943 9316 3963 15965 10292 14534 3668 19208 6133 6111 6182 16031 4132 16985 18664 7878 10388 1695 3171 15954 7054 2240 12115
1082 12766 16114 8273 1932 13050 5043 4312 9925 9870 5305 5884 8121 19980 16706 3553 7781 16278 6072 13359 5081 18703 6821 18219 7878 11992
19861 4349 16531 13092 3121 4266 9100 14740 2478 3066 3837 14236 4192 12050 4109 12827 225 9384 3356 3000 12173 7907 13737 7057 10917 11448
8361 9503 10882 2823 3320 8645 718 13073 13874 11643 4014 10676 1420 7666 3381 19174 15461 11668 4346 5847 14564 4474 5056 16918 9440 14533
3377 2276 12944 13023 12746 15827 5207 4861 1623 6727 15220 11949 3594 15472 7369 8519 10467 12231 16358 19855 2990 17196 14453 15359 3380 16373
9569 2061 15718 8819 18873 4064 16781 9645 10574 7285 14617 10055 17202 7821 3321 10520 1671 6943 12174 12173 1445 5476 5614 19640 13118 9481
10242 2734 14196 12418 8735 4864 1827 11161 1047 7930 19103 733 13545 565 4567 14647 6857 13228 9692 16107 10714 12036 13735 15819 1964 1268
7760 19350 15368 7609 5871 4533 1647 13292 10848 1792 17196 223 6273 919 18941 18098 2174 19374 4365 9601 8946 2571 5437 6751 18469 6415
8098 15651 9854 15011 9279 9670 16585 138 4850 11014 19332 6722 5018 1789 1303 8213 15850 11555 17350 1291 18591 16019 16339 13461 7812 10101
992 6877 9320 13925 16022 2726 16157 9291 4816 550 16896 19224 7082 15985 19257 5750 9813 5418 17399 16466 3287 3479 9984 3060 9978 4028
19944 10787 15248 7972 10560 1245 8101 17869 4234 6412 1409 16982 10803 15744 7610 1799 308 6275 8838 360 15335 3665 19394 4973 7635 8061
17542 7560 4106 18677 890 9397 17084 14034 8362 10956 2392 10453 3687 2159 7819 11458 16934 8977 10644 15969 19270 3789 18703 4068 3470 9372
1178 18244 15009 2225 6534 3010 712 5659 13713 19990 11127 8073 15734 19248 14329 3756 16276 1783 4739 6080 4535 18383 15730 10523 13284 10378
16701 8728 7628 12250 17588 3284 16965 18496 1091 17722 11579 10270 12508 19390 19902 10352 7308 15717 15605 19697 8837 18113 2284 11476 10477 15693
6896 15601 6670 17393 15289 4706 10681 12980 19670 12500 15740 14689 19932 9280 12705 7068 11055 13791 11016 4229 11784 3120 16273 5521 9280 3859
1685 18418 2671 13411 3123 12988 17437 16003 1791 17080 10215 5050 10713 3007 18351 8023 16269 948 3078 639 10800 11385 17408 17720 5455 3747
642 4889 14671 10612 14673 3784 13851 3030 13067 16628 16147 19693 14853 837 8538 8684 2988 17806 14550 6567 3013 8348 6818 11732 11463 8189
763 9963 17172 4247 16972 13394 12401 16187 7686 7518 19850 13379 2504 4539 11883 19303 16614 4603 12423 10562 15488 597 8829 8326 6894 1630
10791 4086 11277 595 10722 15592 8731 18082 3958 19824 13072 13944 14111 6249 488 6684 3470 2207 13697 14547 10194 17177 3128 9555 2036 17485
4548 7825 6823 19662 12862 17825 9219 4157 9578 8956 19852 17015 7732 4953 15206 18837 19446 3036 2507 18127 12776 9327 19919 17958 1293 4185
6417 16705 4292 13453 12952 18302 18113 1453 4758 4800 18288 2204 5515 589 17608 9764 17985 1512 1567 3652 9038 14569 17499 1031 15330 14963
4418 9089 6539 443 11511 11701 15157 16138 10025 8718 18715 6734 5762 8892 14554 9628 15117 7470 9746 7706 3926 13866 19549 637 30 7321
1090 4833 18249 15898 3304 18581 7241 8370 4219 8608 13609 8688 13000 323 8381 11031 12499 9422 13361 9398 12269 7095 16804 14832 359 5885
4980 7800 3761 4059 4655 13412 1229 11427 12410 13980 16801 5869 19751 16170 5168 7101 14926 8646 2619 13573 19860 8219 16821 5219 2628 15488
11689 17735 8319 19294 10456 9057 12624 17249 3823 13930 12407 5689 16618 9077 4706 3080 7378 5997 13857 16737 8130 6375 9141 2348 9592 14452
10458 11318 10466 11613 19293 12568 10589 7082 9497 9225 1104 4995 8533 11046 16653 15246 6240 14060 16290 19672 10847 19944 19592 19156 12645 11262
12551 10449 3394 8364 14052 11262 18379 15177 1170 7163 14956 6585 19645 4514 2203 12959 12413 8972 19253 12504 12595 16010 9076 98 8910 7270
15826 8616 2214 12719 9814 7694 9976 14229 16138 13965 1793 16020 425 9047 18857 14441 9808 10572 19172 2939 7422 12817 2800 4571 823 17093
393 5827 8107 14832 180 18810 4291 10188 11688 908 7263 12536 3841 1473 16091 5313 18073 2442 8456 12480 3273 16203 19209 7280 17824 1422
4836 7156 8037 3043 16775 3803 9591 10949 15110 15840 10326 17984 18540 15629 13970 5619 10999 9386 16207 2756 8748 7013 1106 11500 721 5854
535 16771 919 14056 3314 431 14228 4172 15621 6642 10758 14184 14021 15033 19665 16840 19841 11736 3106 9032 2547 13886 12997 1145 3413 13644
4806 15896 13069 944 11452 14747 14559 3272 201 13269 5602 17906 4403 8962 2087 6942 19094 22 8436 3272 960 9587 8566 3631 1409 4635
15185 8771 19005 11601 4204 15733 19515 3729 9083 13613 3328 11110 12582 13577 4245 11753 12432 6570 12901 9390 13862 767 844 10917 179 17249
146 5172 4218 2240 8085 12858 17499 5709 18410 14427 5729 6883 2215 18982 9643 8399 20000 2565 133 188 1893 13198 3037 14430 19653 1854
8275 15147 5837 12244 19398 346 6928 2987 5068 17763 17657 14626 1550 16407 17753 15713 17807 5140 9301 16889 11603 19392 1344 16940 4050 3277
10921 4904 1101 1116 7294 3112 12880 16601 9291 12501 11635 14617 2370 13421 5341 3409 4245 6649 12743 19244 12784 2841 5219 5725 14192 3304
13831 5622 12854 10367 8611 3171 17079 19582 19185 5546 6530 12175 5460 14734 5896 3087 6293 15860 13422 17584 6558 7945 10236 17392 13712 14099
3162 19521 4817 19741 13664 11264 5791 2627 13055 10348 2589 16015 14529 643 14427 17673 10291 15012 4621 13236 16696 5746 18940 15661 4201 18663
19274 86 15417 19334 8869 15600 12306 15940 8838 5688 1239 12740 15376 9665 18065 6382 9104 9297 11571 6071 17746 5585 3612 7731 3442 14017
12441 17628 3587 16800 8829 8155 19496 15061 6324 2319 1636 18598 5739 1411 1481 2416 12765 4175 10607 2865 4082 12797 6167 17187 11733 14216
11619 153 7930 293 8596 14419 12677 11551 3177 4110 8581 4729 2240 11968 15076 7139 15618 17009 16009 1934 7084 8877 16287 2099 3833 9294
1937 4006 9836 5944 11204 5346 2739 3866 5443 14468 8070 13278 10470 6078 19044 14570 12434 946 16885 15397 13732 16860 3741 8828 3970 8506
10660 3023 3578 19466 3963 2646 9172 13431 19352 1439 195 6120 17198 3459 19621 215 7344 12804 9507 4898 8486 13611 9445 7566 12909 6787
19958 5774 16159 11019 7583 8494 4908 16010 8177 5418 498 1609 12747 5954 18157 13190 4447 4394 12258 331 19203 6292 13754 3169 7276 13453
5991 13007 9287 14911 5099 5940 12106 17166 2621 1839 14883 15471 17844 576 17438 1132 10629 16347 18109 12158 14339 17873 70 17958 2385 7707
8111 3110 19970 11471 3755 14303 6417 18302 12423 13849 16966 13790 447 1967 13865 6784 19503 15244 13496 10720 6005 12621 2475 8828 18246 12697
5994 18011 4456 7877 2790 5157 18515 17454 12004 6614 481 3203 642 15626 4031 13865 16794 17413 17747 19245 8108 5721 13540 16851 15566 12278
16952 19244 10104 12760 4874 17399 14012 10241 9817 9641 1185 12565 14057 14641 5125 11604 1052 11852 17928 13951 18128 18216 11159 11523 1382 9981
10575 14212 6813 5014 1599 8143 12520 9885 6668 14004 14472 18352 3994 15217 11274 17788 8747 6192 12816 8361 12825 2839 18413 19315 255 6363
18750 4345 5035 15241 10367 9490 9614 17833 7352 18050 6092 10063 13 9770 1738 17008 18336 9251 16809 12223 1757 14395 17852 14992 15777 4885
12735 18946 19401 13271 19091 3715 3100 5544 3322 700 14793 3137 5240 15731 8612 8346 16252 17052 10737 8659 9762 16457 7384 16992 7362 19970
9285 12953 293 8488 15479 19939 5487 17725 2526 14562 6306 8128 3615 2151 3533 13107 14496 1594 13050 8943 1228 12615 8403 11541 18699 17349
15496 14067 2230 10612 17751 14818 17209 15243 6678 3305 15765 10633 10661 2394 13742 3671 12032 4816 5147 13150 7372 3845 1874 14434 1734 19151
3966 13121 11417 11635 14717 5501 11093 6178 9158 14537 17762 18673 9995 7379 14503 17364 16515 14746 14001 7836 15995 5278 5608 3616 4198 3339
15095 4650 2678 16299 10221 8958 9705 14418 5442 11646 18335 4611 16119 12055 10671 16944 11037 11049 3795 19001 16683 13984 12832 7772 8133 19508
18964 18106 17207 3614 14450 19377 19487 15736 13917 1627 10162 17095 12561 1390 1225 1796 12515 15124 13569 12417 10135 7220 11822 9705 9638 16531
160 4503 928 11286 7314 13250 13189 5385 308 4424 263 9250 11151 9311 13049 2412 19779 1038 6200 14856 15648 19625 19344 11219 19315 4337
3067 11716 13039 10136 7668 13786 25 8579 6451 13514 14119 19576 8349 1973 16082 6309 16635 15400 14378 6124 7440 2747 2829 5438 14280 14940
11204 2286 886 4339 14421 16715 17249 4580 6023 14403 19246 16835 19449 13086 16863 7544 17636 5881 3862 13231 4948 17940 4243 7455 4193 15947
14497 13199 7732 16972 13221 626 1415 3389 8323 18341 14607 7931 5454 1156 6415 3905 8057 1985 15618 6751 2012 1996 6841 2857 360 5688
