365
23 55 59 33 69 72 15 47 78 73 53 30 88 1 70 87 70 68 10 16 13 99 94 53 80 1
12466 144 1816 6612 8196 1373 6716 12844 5759 15944 10951 11690 19037 18394 6347 19574 9600 14165 11751 19929 9512 10349 6042 3581 9032 12815
13537 326 18590 16289 13903 4570 2435 16713 10375 19069 8195 8589 757 18872 11866 16874 2144 10717 10468 11406 17955 15660 6190 13852 15591 12783
9284 604 1570 14804 12795 7510 12873 8975 2170 9675 6823 19457 2205 4907 4501 17929 10363 16312 693 19065 17687 12984 10051 9543 9225 6604
5557 8773 10608 16992 14898 13913 4253 17279 14628 15785 8537 15925 1226 686 12553 16999 10974 15865 2365 6885 896 7048 13266 6103 3443 5215
18414 18192 15791 11587 19795 3755 7005 11862 10336 14315 6104 7162 6434 18380 17193 2183 11642 15635 8373 1997 12325 10696 11365 12101 17487 10909
1979 10150 3425 15475 1052 13336 7151 1318 15146 7904 4638 8275 18531 4668 2108 18880 13954 18073 11989 4497 15655 9994 1100 12884 19935 1967
15617 16883 3821 5769 12197 17751 14402 16665 8209 19725 17759 6312 13328 8403 11973 7058 18676 12072 8875 2914 9337 1924 1951 11878 7071 2878
17423 7002 5874 19794 16504 7395 11205 1851 1092 3050 8264 3971 18643 14640 4910 12363 18247 3492 7746 7156 2230 10431 6044 18825 17462 11360
4535 11548 18363 748 3488 5421 1833 6757 18234 12252 17569 19917 18367 1900 5077 11378 14240 16618 5829 759 10954 7716 9455 7450 10779 8433
28 6062 5235 4724 3441 5559 7846 19736 11090 19926 5567 10222 10926 19003 718 4053 3593 12435 10743 8197 6356 19749 11379 18016 6882 9493
3335 11696 10627 8407 10625 5643 10533 4568 9782 3743 4285 4131 15268 8282 12291 679 2759 15086 12350 4717 1588 12822 8763 11668 16661 2919
1589 1419 17749 10674 13867 3339 14084 14817 17071 12639 18250 750 9640 13955 19829 18072 1684 17770 12881 8942 283 15786 4893 17034 19734 8818
10315 12235 83 7451 11378 17718 772 4785 16314 6794 4994 12224 19214 10369 5487 10409 2550 14536 898 10928 14921 14542 14817 6203 18804 7911
10234 3674 13143 15011 11326 11075 13718 10574 2994 10626 8352 15000 1546 15248 8131 8702 15163 15992 14535 3211 19488 11452 11230 9707 11250 7715
12295 17886 2805 16119 2179 15666 18583 4478 1013 17947 11777 1751 14217 1430 3226 13035 3518 14724 13229 11418 7482 8798 5565 12662 7695 17404
2577 5008 6584 10893 1921 3252 8415 8341 9074 3488 14701 11925 11928 8845 1478 3263 908 15147 6882 10792 6878 13617 12334 14987 5136 13158
17450 10331 2704 10553 17323 11040 13349 6906 5276 9212 4601 18372 3948 8989 18784 16651 2103 3154 11976 5433 16384 5326 13690 2574 1138 17080
12573 9879 5832 13797 17645 6460 450 19117 16454 15513 5755 19297 13385 1155 16482 2108 15456 4541 6502 308 7835 8129 18026 15500 4673 12489
14855 12770 12655 1290 19930 16885 6165 13325 11123 14922 533 16141 16011 14335 19337 10855 9804 3964 8454 9792 10292 195 3897 10355 4820 2147
1958 5632 8200 1971 19673 6804 18128 6090 14387 17873 17681 9019 18096 3184 3916 10894 3017 13037 12000 16383 3493 233 6665 7909 5370 1492
397 6350 17396 10176 17182 17024 7873 19947 4083 7173 9863 1939 6398 5540 17709 16800 4915 18785 7892 3557 3954 18417 12461 10047 6847 9518
2460 11776 8149 1506 10401 10803 15081 2639 17824 10159 3303 9499 14123 15627 7483 14041 6245 11470 3174 14171 12938 9643 751 19307 6179 3747
14736 10588 19021 6629 18509 8469 7472 7880 5277 13245 513 443 8828 17714 19500 11357 12970 19969 2156 13330 7850 9407 16041 17522 10975 19587
12164 3954 8752 14477 15404 17961 1018 8470 1913 9433 17849 12065 6468 3766 13837 14133 1091 134 19762 4439 17470 4805 18981 2767 6080 3009
8655 123 10662 13386 17914 12888 16008 17045 6530 4425 5339 16142 19689 1377 3369 2472 17769 9907 18428 17157 10028 12254 10839 15223 19962 12708
11441 876 649 18666 17329 6975 6645 17319 13845 554 7853 13150 5841 9575 2959 442 9836 7840 18651 13260 12926 4391 9402 14163 16678 2223
19302 1069 7773 18595 8858 13532 14113 3218 7490 17146 16624 463 3790 7425 10786 8235 18667 7674 11020 6534 8540 2232 8662 12190 8340 8137
18611 6342 7415 9458 10669 1021 10564 4665 6281 13777 9837 16043 695 12343 219 14890 2027 8687 3885 6922 18578 7715 8520 18120 9757 4493
13955 2191 17912 1668 14152 11129 1117 15577 16958 7899 3692 16922 15090 17116 1174 13302 14158 1228 5163 15454 18346 1872 17101 6738 18360 1341
2148 18296 18882 6104 5981 7900 2945 11129 17758 16120 5666 3328 15364 9948 16293 17855 19500 8385 9089 18223 6258 10702 15879 11559 1299 2818
14200 3574 10907 170 12383 17760 19438 8751 12935 19255 188 17074 19890 18763 11757 17283 7117 1464 18177 19262 2865 1952 16628 1183 17998 14181
17633 19884 12359 10045 16299 12795 9480 1363 4881 6349 2316 14105 19768 432 13028 8788 19626 17222 5359 6040 2834 11964 4966 98 320 902
15413 13076 11784 14256 8373 4517 11457 19201 17068 15311 17868 2698 15070 12237 19556 12212 18428 1586 9713 9569 19039 19249 6060 15688 16243 5676
4917 3422 155 18468 9958 3764 7110 3483 17761 11221 6830 12944 10312 2351 16970 13383 7949 14250 14362 9527 13730 2074 8748 18088 4940 7989
11009 4642 7437 8330 14000 4956 18663 12710 282 1154 17403 12762 2919 9728 4487 9477 16676 10930 1705 7315 17519 4882 10937 12033 8844 8980
15341 11352 13020 1339 17370 1146 19715 16785 11624 5294 13450 14525 10697 12551 4988 9319 15124 6668 16430 17398 1175 13913 5515 15712 17146 5949
6471 2705 4176 16525 16156 6894 19605 9002 18231 3400 5715 3638 18506 127 76 16454 1601 13917 9867 6566 811 2834 4506 10255 18003 5832
12355 19903 12905 5773 13914 14574 6943 16063 16046 17571 17791 16974 2389 247 12390 13892 9290 17233 16913 5096 13245 14038 18541 6832 13439 19280
13535 15592 19930 3793 12910 399 1350 17772 18620 16474 11033 9781 5804 17946 814 3269 6083 4867 17531 19200 2146 7791 16686 12306 2934 2716
14827 5299 2654 8676 4892 1912 8216 7781 17389 280 1205 9769 1789 5666 18847 15309 9579 6356 19381 16034 11665 17011 10810 9787 19023 3710
8306 13339 1884 19232 3572 11776 19708 7229 17167 12668 6968 18604 18492 17074 2700 6742 5817 11184 13036 4443 8838 5360 3889 6261 5128 19924
18250 8883 7784 3874 4635 13222 14177 7553 4733 13141 14382 437 8009 8866 14027 16217 1131 14910 5046 6321 18764 12592 14080 3469 15123 12161
14096 8892 15658 88 9647 15277 10741 6454 7199 19407 2556 2375 5413 9343 3261 19187 6323 8579 6046 6111 8463 10447 14105 13835 5733 7550
1801 17687 7019 19054 11827 18562 1423 13476 15438 13473 6632 19960 3267 15350 14133 434 2224 9678 1205 9485 14232 6875 14741 522 3084 2960
12311 15711 1333 12518 6271 5007 14076 14364 10442 3842 6250 7663 6809 10462 2260 12761 13885 10519 18095 16317 7400 5436 10672 14894 13494 18590
3304 11570 16472 19149 10328 2651 11136 9715 8107 18140 18193 6162 9365 15301 12649 4386 9811 2551 1865 15405 10000 9197 15481 14538 2214 9115
9658 9842 13120 7559 7561 9327 19047 7658 5118 8511 17718 12083 11025 19938 741 7147 11237 17230 11335 14366 18406 5564 18277 8744 10655 13571
10041 2991 11162 14024 11782 13542 424 13357 142 11165 6886 15630 16844 18307 17408 10755 11577 19770 17913 14853 3835 3663 6056 16799 18580 15550
4272 14446 9235 4053 1390 16035 18280 12164 18347 7899 12821 15172 17691 3693 4825 2713 14984 14692 11687 81 17089 3968 11990 1492 5041 12482
10014 6709 4143 10866 13628 11245 11435 5950 12423 4941 8948 8032 5615 17225 13579 4943 18222 2735 15487 3574 5472 9541 8428 16925 13386 2274
17551 15979 4203 6324 10503 12655 15925 19508 1449 14355 15275 19504 18010 7299 1771 10902 16922 6292 18541 7117 747 5600 11782 9162 7816 3972
8941 7743 442 18211 956 904 4555 5738 12238 12429 6928 5081 2650 17802 13846 9679 9521 2693 6716 18016 7441 19114 18681 13719 11990 6643
16982 14364 14856 2201 19192 1201 10023 19126 8005 4349 19188 2607 10466 568 2797 14399 12809 14512 14632 5470 11929 16544 8912 9524 7178 11877
8329 12809 16309 2766 9819 7021 1498 17107 18680 9159 7936 473 5821 6918 18189 19272 8805 19402 3921 7025 7838 11536 16521 4911 4527 17167
18192 2368 8089 13266 7129 19227 19453 16281 10403 2568 1160 5015 19880 7894 17353 14183 13153 17659 9951 16362 9449 17207 2912 16540 2851 1035
13930 348 2571 541 14828 18094 18163 19668 18107 6191 6502 11548 4391 1729 16021 5791 13085 2656 18160 18281 8406 10780 1315 1633 11547 15580
19121 10515 3199 18086 10854 14145 4235 16582 14745 4681 19039 15697 12556 17957 18785 7793 7858 13468 5057 12576 16362 2363 16227 17861 12626 5695
1002 12227 11946 2172 14514 16745 8844 18818 19867 15566 5395 19274 11450 9910 16985 615 9414 4928 3347 4621 9930 7154 18066 17554 2786 98
19874 10637 10577 18762 8785 1517 1871 12999 17576 12329 9775 16872 11835 17140 4733 3264 8208 12978 7874 1233 19149 9915 8214 1704 16056 18922
6182 2887 5849 7787 5326 5995 8570 6055 2396 12438 10962 11183 19214 19081 8759 9019 4504 5708 14286 16152 10730 6377 1538 2247 11691 12962
5447 17872 3763 2597 1118 5673 6540 12769 1916 1398 12532 5158 3103 16085 9870 18127 973 13682 18821 4264 12686 1547 3484 942 1610 2376
5655 18976 19176 17836 13480 2872 19096 17938 413 15177 16973 17555 1913 5474 298 12689 7437 8419 16565 4044 12244 11629 18903 553 2077 17670
12998 11131 5051 13023 12683 3668 9377 4788 12640 11916 5256 4226 5364 15812 7168 16690 8531 15385 19962 2924 6578 7295 14097 11020 8215 11232
6939 5347 16652 5213 939 12007 18745 6822 19917 2902 17326 7727 18778 13919 8737 10988 5396 16864 18998 16737 16367 18927 10925 10977 17057 8798
3671 14617 5250 3130 3993 14668 8238 4637 17190 9392 3018 17260 1430 5238 343 14532 12717 7890 11705 12607 212 13045 7409 16197 3086 7805
17272 6954 396 4230 9217 15386 15361 5220 13596 2814 11976 6256 18141 3734 16905 11427 16392 5870 1410 15408 16870 8265 14461 12797 10798 9024
12913 10876 8196 281 18006 8494 1120 19371 8848 13436 12533 16416 17042 9073 15209 2024 4328 11425 3206 11058 11167 12018 1933 14261 6247 16670
6922 7489 13051 10273 2458 16617 13357 9794 14237 8680 18748 4500 9326 4486 14098 9687 4178 2417 12113 4090 13958 13285 3438 16572 4736 5487
375 19138 2057 10361 10540 13081 12496 19778 13921 5517 16069 18936 2890 11980 16888 14042 7945 15410 10799 13613 16564 9601 7471 6563 11417 13095
9980 19841 3777 2877 14214 19102 13634 221 5133 2191 16685 4038 7307 15386 18351 16527 18656 18321 2361 6847 1973 2858 14862 15688 18950 1764
16974 7979 2094 6155 16159 15762 16048 17538 8265 12688 1182 4474 12065 8036 16212 17718 11206 12118 8890 788 14226 9233 18919 18051 10666 18761
14858 13540 19088 1765 5566 12421 15114 19383 8547 13805 7076 10937 5969 1122 16832 2786 14986 10162 14526 5265 11127 352 2546 13228 16240 10954
19068 4281 10100 9265 2128 19683 12890 19477 453 15195 12536 12020 5884 3009 4407 9639 2446 14500 5337 3286 6523 17441 7356 11215 11570 2152
9282 2104 10297 7084 12040 7070 9630 12857 11055 3442 18917 3042 12106 7112 19408 12306 14056 19714 1620 2553 16484 18769 14094 15463 684 3887
16433 15212 3840 13180 16762 9753 6638 2195 18243 13376 6490 16156 17420 3309 15454 15545 1091 7859 457 4038 14233 8336 8492 16078 4279 4047
19273 11464 6182 17649 12238 5692 6160 16714 11968 17324 15175 3209 14727 4263 16353 18790 11247 270 3266 8463 897 12690 9888 742 2979 9565
211 13463 11694 7503 15256 13539 10531 4839 466 3743 19138 16024 17415 18851 16295 10472 13402 7880 13850 19688 2102 19998 3865 7568 2376 12926
6963 6909 4119 8360 7600 5128 1323 17246 916 17913 9812 2075 7730 16213 5325 11415 11548 12732 12164 18536 9832 783 8336 14176 10097 16139
6082 17185 19728 6861 19478 7825 195 8081 18956 2773 14063 6490 16416 1198 14996 18739 4563 3622 16130 15320 11897 11262 8364 3651 14713 17772
14552 15251 2385 12448 624 4792 3114 11479 10668 7237 643 14621 5159 5677 3604 2009 18588 17456 14299 8311 10402 9511 19184 12245 571 14335
2635 14489 104 7757 17051 2345 10108 9854 4032 2310 6040 1110 8643 11992 4402 16596 7079 7260 4893 9326 16849 2441 19379 2207 18228 1647
2727 11788 14039 10846 8242 5130 146 17072 11036 16077 2779 6459 10302 6178 9846 9008 8756 3771 5355 2182 19259 11363 11996 2403 5151 19393
4416 16771 13858 2400 3272 14819 13654 12138 5543 11008 7566 8900 2 2582 13900 14997 6107 7316 14053 15386 18814 12140 15952 14389 10850 9622
5384 9634 16489 17791 13454 18559 7256 19970 5726 7349 13648 18971 8304 1204 13675 10463 485 10047 13632 5969 16342 2321 11087 5851 10671 18129
3220 18483 511 19189 2820 16470 19609 620 17565 1207 648 11755 3337 13691 761 14697 18309 5288 5423 5436 12247 8352 7045 18223 3236 1778
4277 858 12045 9265 11628 6433 10945 18876 14371 8367 5035 14637 8885 13289 5471 7102 1457 3 19414 18713 12920 19746 16667 3811 7390 13962
12480 14671 8419 4277 5102 10975 14509 8825 17704 3004 18821 758 2818 6263 14140 11915 10301 4516 428 3425 19889 19581 10855 13005 9343 1675
11312 17766 3552 13588 16135 1654 13862 13490 17872 14668 11968 15146 12520 16196 19147 17366 5079 14863 7138 16239 10554 16800 8528 19342 3947 11964
7682 19335 2769 15773 10076 13841 13073 10465 18471 4918 9834 19636 4175 13755 6809 10844 5633 7840 2062 16899 19072 1035 2353 3382 9446 6103
15357 10638 10092 6919 2084 4506 14675 4025 14783 1294 36 2954 1753 13459 3460 4588 1377 6529 10634 6848 16684 3661 4626 10687 5780 18602
11744 11550 15226 7028 13122 15171 17739 14861 16663 2244 3094 17835 6315 18347 17506 17392 14793 29 412 10845 4861 4273 3144 15993 9967 1908
1292 5360 7359 13570 1069 6678 948 17431 2350 13460 3331 2199 2006 8625 8585 19777 18370 6772 6886 1110 6278 11098 5542 19994 1290 5959
12592 15410 964 5035 10750 18907 17056 1660 8456 5404 14242 14930 16855 14061 10524 8350 13561 6556 5592 8457 3993 16085 10202 15736 9905 13429
17938 5605 10703 19899 6340 2784 12312 15846 11494 19481 7419 14106 13515 13513 11113 17219 17044 4250 6266 1140 17622 3300 780 13835 13146 16808
15186 13020 18394 16076 5152 4822 16237 5483 4551 1256 6281 8522 12365 3571 7676 9751 3377 11652 1242 954 14182 736 19501 15289 17668 11359
15485 18158 10730 1876 9021 516 9086 17693 7156 1692 3536 11752 4846 16947 12238 374 19135 8275 16422 7707 16991 2394 18377 8201 9206 14771
14164 5628 10861 19244 3708 9909 4568 11552 11208 14900 12004 15946 5038 17430 8639 3690 25 16374 2779 7970 19972 12485 3566 17001 13954 11764
18380 18600 14281 228 4619 3479 5861 14863 7170 15851 11012 15511 10808 17727 13093 19290 10041 15168 7755 19095 2889 11961 1351 13689 10995 1347
16241 11557 6620 9757 293 13579 15546 7196 9804 14803 12121 4708 10447 7958 3113 2957 4607 17054 9605 7385 3493 5791 18647 6477 15415 9787
4637 663 11009 1865 7449 4756 13671 17378 11084 12259 9945 8862 130 18233 7907 17136 11062 1472 8465 11095 11098 15326 13430 19391 7301 3604
4721 17432 14558 15721 5118 17457 10123 14754 590 7641 5453 16339 8402 15160 12371 18090 1420 39 17734 1396 15655 3671 10734 6375 19228 19473
15 3841 1650 17540 4262 7081 3270 11804 11238 16409 2899 14299 7699 11335 15415 14742 4510 9705 1109 3220 15912 18489 6434 14403 13482 2546
17493 10060 18223 16659 3693 10193 8074 14255 16696 14634 9371 15435 11873 5386 17482 8938 8100 19528 388 8244 14516 10094 7546 15774 10530 12812
14485 10328 2091 8824 7595 2634 3143 16761 18014 15622 462 6170 7711 10292 8198 5583 17566 8612 1273 1747 3674 13658 17647 3319 6343 19619
17857 11865 5441 7216 19283 11132 9386 940 17189 18941 4395 2920 13964 17694 8852 15910 10864 8958 17924 13502 14676 6072 19641 3643 8234 13891
19239 12014 5443 2255 4902 16318 6924 11974 7968 8080 16708 17837 15771 18073 10361 8723 13248 12432 1712 9267 2417 19354 4727 15753 773 958
1714 4600 10899 3096 16995 10536 11755 16751 9083 1956 3980 11547 7243 9485 18049 14957 10057 13983 7073 9306 12504 13656 514 2487 10889 19998
15727 16180 243 18130 2527 14658 934 13864 1904 6852 265 14589 11119 13239 3137 8056 12412 4942 8189 5356 13645 6789 4598 17543 1389 1535
3433 9572 5251 16317 18290 663 18089 7688 13557 16501 3951 12409 13482 1441 8503 8402 2795 18748 2147 8219 18111 19396 9740 13089 16523 1914
6266 773 16085 8560 5008 9858 3098 17459 1912 8318 670 1160 9287 16375 5993 3591 14768 18234 8896 17350 5957 7906 3242 359 18733 14792
10040 16119 17777 14182 14555 17212 1605 6061 5364 13549 16342 12756 7777 3048 4323 16493 10975 9796 13917 12265 2561 6241 4782 2984 9122 16382
16606 2412 9300 6666 10790 18524 6293 5801 12629 10754 5131 16876 9795 12653 4544 16397 4141 18834 15447 16116 12029 13035 1925 11592 1083 2799
17186 11711 10058 10936 4830 11662 11444 784 15449 8612 11786 5182 1943 17840 9225 2181 12841 10003 15421 14527 2588 16033 3202 12536 13663 3630
17461 12930 12963 7115 2571 6125 14749 9709 12533 2437 10750 11246 281 17202 8696 5543 19577 4008 13265 3657 19508 16709 18475 506 7769 7005
13230 12795 8029 17039 15832 15844 16106 17863 11110 11379 7227 2711 12065 5495 14092 1505 4766 13747 11332 9815 10407 7311 14133 16897 17655 18529
7691 5375 4318 1083 19437 3685 1949 5500 17647 5154 11199 910 14749 14153 9415 4252 9361 11920 18611 10523 11219 16746 4782 19335 1653 13421
13991 10890 16209 15045 17608 11570 6939 9847 10110 14538 10839 4481 1664 19789 12229 17692 17492 5888 18112 12561 15101 6105 18813 14268 6580 14483
19743 8626 1080 14096 13598 6593 12059 17617 16608 13009 13017 872 18953 16872 19114 1444 13794 9203 3972 2097 10543 9940 12072 14614 134 11142
12226 13811 9311 6281 12959 16887 9848 4983 15006 15955 16820 1945 3158 12949 7776 1696 11695 2324 17393 17315 5527 5480 6759 13311 11736 14039
15011 17049 7419 10649 15275 5942 926 523 13421 16485 4796 9706 8732 9086 10869 13945 7466 4336 11056 9719 18168 6878 11506 2202 14682 2413
19304 10189 12776 11944 9879 19292 17218 9478 4084 13150 15800 13588 6963 18662 8383 1811 7685 5109 16707 9308 3477 8827 2380 951 17945 1366
8958 16047 14683 16279 2535 18372 12801 1667 2412 6501 1379 7728 12507 416 4223 7842 3418 14394 15453 13814 13668 11798 3421 11577 6216 14843
3938 10044 1783 8532 6732 5378 2172 7754 12552 19320 190 2345 5514 8877 4347 19205 12858 7127 11609 17198 3310 3651 828 1750 16808 8772
15732 16070 19484 15452 10098 249 8846 13882 4316 14532 1522 8488 668 16702 3721 14840 2896 22 10567 3726 5327 19263 14625 4029 15964 8859
12198 4811 12083 4141 8749 1709 10547 19194 16725 11385 16965 13549 961 15567 1050 8679 3303 16208 3678 6794 10034 14155 10951 379 2024 14197
2202 3634 14311 5829 10557 3799 4326 4079 8504 14993 10191 8807 8623 15807 19861 972 2924 10128 14707 19710 18665 745 12392 2054 3396 14629
5495 5889 17723 14230 4271 13378 1423 7182 18725 4923 248 5963 16638 16302 3604 11575 9756 10102 17943 12396 367 177 16712 8070 12893 9737
18033 2764 817 14003 8369 8530 2034 6526 14692 19357 17432 11252 2113 19646 5815 16072 2195 7601 8972 3808 3085 13939 4063 16989 16034 19455
6377 15603 11201 9054 3363 3551 10501 16379 13065 18260 6761 13223 15731 9166 17575 12431 19045 4488 16039 5917 10365 10428 17657 3247 4599 4363
19754 16793 16597 9156 5812 14620 8179 5029 17724 8624 12388 5160 355 5371 15021 6751 9973 15120 14938 9494 11473 10837 5087 2221 13424 12868
865 19500 16700 14676 14233 7044 2808 1733 5981 3231 11723 2739 11188 18248 10046 8341 6179 517 5211 6396 16584 9882 10939 18737 13997 3138
13985 14801 6748 1975 6690 7532 8023 10841 3082 6975 212 5460 14822 14094 336 3898 8753 2136 18055 2718 6679 12408 5122 15564 14169 4565
9996 15530 5217 4236 11751 9566 7788 3474 4804 1120 4316 12512 2612 17200 11604 6306 1293 17203 4512 18272 4506 17389 2776 8667 7954 17012
19022 3153 5680 7698 19475 6623 11401 4488 5780 11434 15873 4756 13892 7329 1802 7558 11498 16636 4783 17841 6095 7173 11304 3290 15868 15072
9494 17824 7160 16239 15823 19384 17111 2107 10097 6938 15188 6336 14900 16343 16712 12865 10617 13568 7292 11687 19115 17156 8207 16143 17712 15188
7617 5884 1353 5726 12587 7982 4570 14570 19348 9902 17977 11407 11398 110 7797 3046 15669 3482 19599 9635 15824 6585 15326 5497 16872 7604
9741 454 9779 12391 7400 18309 8381 7417 7159 1036 12664 344 3322 190 4667 13817 7545 18379 18614 13998 258 12908 2058 10884 6686 3397
19197 7505 2069 15320 8513 12233 174 8455 8376 3866 566 854 17614 7419 9895 1096 9645 2910 5514 13360 6336 8611 5021 3209 17732 14996
8078 2352 18636 6834 2597 11999 8040 6484 16593 1942 15811 1697 1013 14986 18730 5686 8371 13150 8057 18960 18820 2577 5006 18612 13443 9157
12274 1369 2445 9587 15347 6637 7100 17043 1169 4386 1125 13100 12514 10428 14071 15351 7285 6298 4441 12441 9175 14428 2608 1816 6648 3239
10184 7937 5962 4688 11488 18994 12357 1306 5954 18702 9043 6148 10111 1344 591 15756 7100 7250 13660 12365 7606 283 10628 3706 3365 15472
6153 16476 1912 16572 4249 9248 8001 9431 10349 18781 1583 18297 3735 6010 18446 7535 16506 8175 5520 18814 8927 15671 13125 6813 5579 17813
19028 7938 19945 17952 8485 1556 15542 19588 9633 10656 595 15310 13556 14794 5178 11906 13299 17863 9126 7440 19637 4020 5174 6463 5328 7038
19272 975 10812 5039 3679 14734 4579 18286 18378 15610 8543 15973 13104 5664 4764 19409 7697 5815 4486 6655 5743 19704 15021 2109 2108 4365
18124 15662 1261 2685 2431 1774 17814 1526 2955 4353 19418 318 13155 2292 3369 18924 2591 16197 8324 2995 3876 2720 7997 13088 14172 18506
6175 5142 17483 5275 1594 14797 6645 11242 4301 1815 13692 14000 8837 4982 8877 6838 19382 2739 890 456 16252 9369 16739 13048 18087 15838
10227 679 11740 15453 13770 13280 17323 5564 2096 3969 14739 7143 5849 6183 17498 11423 18056 13811 12050 9281 2935 13775 2436 9469 13618 17243
11039 2414 2210 18287 3409 15955 7999 18057 9611 16328 15346 5694 1549 8956 5672 2913 15840 14419 18978 13144 15436 5034 4323 14496 16101 10560
5810 11904 13509 11252 5753 15384 16876 7286 11502 3531 10815 11439 5754 10845 770 8392 8050 14516 5549 15236 10407 2064 6869 9059 11409 15433
16878 13434 19622 17413 12095 14891 14179 6080 10900 2297 2328 8228 1118 18917 94 7149 3621 6558 11167 4849 9123 3094 15399 5784 16587 6734
10085 16678 15644 12849 12505 10160 4094 1238 6074 8285 14255 10643 11007 52 14007 3938 19687 5416 6609 12484 17341 9342 16365 18839 4871 3927
11410 1233 8717 19596 11409 14306 4596 11101 12011 6994 17400 17855 9841 841 9693 10610 15671 11338 7795 13119 8080 4860 19379 7648 4371 12748
1742 4630 8437 1297 6986 10060 3450 8858 2446 452 2102 19956 5476 15095 7669 6708 11065 15329 13638 254 3669 18435 5944 16008 15749 5896
13686 12525 5244 5751 14210 17625 14347 7579 6126 12607 19194 10587 3001 4956 12722 12324 16627 326 11836 5565 15436 1891 10896 8624 19714 13025
5487 239 1142 15160 11314 3173 6733 19425 18828 15115 8770 16093 13869 15746 13991 19087 14107 9606 1425 11529 1689 2564 10136 14042 17679 18876
1090 17700 10675 13729 5210 9976 2162 12094 3618 13106 12183 18261 14866 2028 2572 12445 10190 10950 10872 18274 359 9160 15222 16903 6579 2942
5031 13861 17950 5850 18446 9847 10511 14200 16810 13141 17162 9787 9584 8405 13324 11187 13263 13922 17105 15417 30 6710 19117 7787 16834 6501
3357 15847 14544 18525 9377 13608 11780 11322 15582 19137 6994 10618 5539 11551 3703 5881 12779 13129 7612 15253 4095 14972 6034 16885 5803 587
1777 13254 9159 17455 10891 1670 94 9504 286 6580 397 1293 18587 16464 9993 10401 4340 1321 6541 279 16712 5572 3673 3830 13297 3029
6271 958 12671 13063 11839 11166 4994 9184 4774 16340 637 17042 7602 15854 18145 16658 17933 6952 37 16780 6593 4288 13919 8114 7789 596
11275 13670 8286 3015 5210 11686 18230 19262 13396 13325 18477 6353 10496 19995 17922 13574 1498 3793 16063 3475 1715 6462 16611 8291 10792 15786
12106 12377 15275 10532 15549 15438 3016 1808 1559 15660 6028 4021 11644 4225 5418 9512 10346 18755 5993 17091 8534 15768 19850 9086 64 10982
7872 19679 5105 5059 8941 7065 4166 18241 12772 2958 19759 7207 10324 3625 8472 9739 8345 9349 7665 13199 15134 12232 19608 3194 14803 3272
12378 14304 13719 9172 10550 7322 3890 6077 4608 17124 13986 2854 18747 10 1132 16233 13112 13085 15078 6276 5978 19910 13304 10312 14906 12593
13741 2065 1076 4991 10563 6978 4541 6138 6430 2300 1324 15280 5840 13492 15315 1935 5925 8515 9527 1253 17057 4827 11890 12950 13503 8561
14686 9364 19176 14968 5647 12129 14542 13502 2437 18213 1078 15282 2703 15439 16388 19168 17437 18616 12787 14410 7133 12583 17693 15980 8891 6762
13919 4648 12787 16227 12914 6721 9882 17042 8558 14785 1172 15713 14306 6269 17682 2435 8936 15136 18881 17477 13916 18946 17596 13862 9900 2773
8193 13628 14660 1973 14009 19631 3101 18425 15387 18513 11991 18633 257 18884 2481 19151 95 9476 15684 19519 8199 16807 12156 14580 15147 11274
8985 12513 4828 11384 13413 9607 4017 16620 11737 15047 16217 16504 19387 15159 15023 14482 6975 17420 15514 8187 15042 3646 14237 5360 2213 19718
479 10948 8205 19218 10469 5598 15610 16973 3731 13085 8246 10107 1205 8030 16701 13596 3576 4987 4582 6746 6067 18116 8976 14792 7916 17170
16826 12909 2338 19988 13455 2821 11817 17542 6173 15396 1606 10111 2573 15195 15869 18268 5569 9069 3615 15750 14548 62 14915 9048 16863 5594
9590 13654 12838 6349 10486 7851 11133 18345 19872 16445 15260 2375 2684 217 1406 10956 18127 5751 6639 3296 6789 13002 10027 10433 12650 16832
2395 16701 7579 6442 7240 12812 2798 6335 16058 5690 6565 12842 6814 5766 5202 8688 17042 2919 3628 13133 16046 4617 1246 18753 15696 17731
2399 5831 2182 10596 2856 11761 15125 2786 3516 2262 7037 11116 19695 16036 9925 10632 16518 19649 13041 9466 15937 15283 16029 4401 18437 13919
975 9720 13179 14370 11353 4190 17712 340 7975 8746 1028 12954 9243 9611 11990 2612 16218 10300 5683 17883 10625 4749 9514 14756 15636 10028
9946 6269 12899 4222 7969 3908 16669 18799 9604 6119 11788 9601 15969 2896 12836 19518 4870 11535 2182 6846 3466 425 5515 5451 11613 8385
12859 9324 853 13089 12079 11441 12718 17190 2504 14855 14448 14598 1597 15267 8095 12001 5802 13796 16301 11651 7212 17393 7793 14726 6291 15894
11791 2782 19538 7228 16316 3839 9027 11774 546 4860 12496 774 14227 3719 14650 5599 15684 16604 5837 8925 6570 1437 16705 683 6928 2975
13274 18058 635 18311 16158 3873 9501 10725 2859 13136 18083 12628 2220 1213 11288 13637 16423 12996 1205 9060 19772 3489 9820 5928 11472 4123
14860 19683 14791 10906 3692 11405 11579 18119 5140 13903 10050 6952 4010 11099 4010 8536 2772 10055 13203 640 6633 17676 10504 4160 6273 12239
5520 1855 18132 7224 13314 16027 2876 810 5574 19597 4160 6690 8627 15615 12350 5901 17804 9665 19677 14938 4615 8579 10054 10080 11331 8611
19139 13696 9844 9511 6358 9176 1207 9316 12429 5966 11328 17312 8354 17509 7777 3246 7853 16911 19550 17790 11360 5752 7129 18180 13420 17194
14601 12195 8849 16351 16989 3690 460 8085 3888 18991 13533 7144 4181 12705 6913 7929 1589 841 18967 735 17583 9845 4540 19652 9689 14979
14443 16390 8718 15576 7498 15549 15442 19283 398 17996 15062 10787 12090 19956 14199 4172 4907 15979 5955 459 16684 13212 9477 19551 9437 179
3737 3569 11288 3630 15301 11512 7012 3073 12534 19340 15976 1767 9545 7040 19839 2386 5966 511 5164 18881 7400 13747 19088 18113 10724 948
17219 17669 1749 5196 10761 12979 18522 17457 9959 14938 4028 14339 16538 2078 15819 2920 4148 6301 4771 17266 8419 17108 13674 1368 11427 4452
18370 5583 17945 2264 19781 4692 1817 2830 9081 4908 11052 5363 1480 8192 9305 9712 3747 19262 16704 15386 8863 7546 13160 11265 1466 12754
8564 15603 13598 15473 16204 3284 2616 14948 9263 13341 1840 13250 8735 5268 13947 46 18679 19180 1277 3251 894 9067 11733 16917 13621 4481
14901 3399 1994 5679 5349 14676 1461 1055 7895 3520 15994 19321 14612 10117 15483 16357 5667 11307 12288 3407 3080 523 15912 11360 9382 17077
8782 15844 3220 16447 16560 11601 13282 19473 13666 11666 15798 1781 6320 19476 10593 10562 12672 8064 9894 172 2853 2979 12615 10069 13246 12235
14821 7875 19446 467 335 9066 19195 9899 15630 1368 758 16843 421 14279 2136 8086 6843 2066 13969 11387 3685 19920 10835 6028 13248 16010
3060 19396 7924 13877 17426 10230 14784 3890 18718 3324 652 91 10394 1045 15270 165 16576 10815 19645 19084 14684 13478 16753 13901 8162 5762
16991 19414 12995 16518 1228 7079 10074 3667 15205 986 2868 4661 2162 3435 17615 10207 8225 17017 855 18687 13940 7118 13882 18465 1679 12805
3294 15310 18865 11587 15023 3956 18784 7581 11016 1969 8044 2712 5716 10837 9297 3074 8336 15721 15623 5387 16470 5162 14686 3117 12432 17987
3055 16005 4542 8112 8778 17654 13049 14653 15725 7953 4632 8753 5437 1371 2452 17132 14370 8263 10252 18831 4048 1127 1797 4294 4145 4342
14998 9587 7589 7980 19231 7105 11889 7648 1264 16125 10242 6770 8530 9467 8387 5298 13868 15721 3734 5028 19332 10118 8245 2745 14119 13233
3622 18334 4378 3940 1364 5112 179 6392 12800 13958 15387 18988 16128 5830 6269 11950 16283 5674 6268 6482 16958 11641 18396 11608 1936 16722
9952 7393 3549 6795 4536 16479 5440 8526 1720 7727 18770 15050 6048 13817 14685 11518 5898 8470 13085 11160 3133 8216 3851 18698 9754 2779
6056 167 19106 16285 8968 993 6549 7041 17123 3616 16857 6048 13550 5181 16533 5038 15582 261 7393 7471 3672 3759 9998 19325 2691 10345
18886 10122 8938 9713 16248 3770 2473 3908 9079 14995 3834 554 2893 12006 8859 7976 19760 7896 4605 12271 14496 13064 18651 15938 15944 7916
6644 14959 10887 12852 7038 9096 14872 8088 9812 12231 10004 5517 5755 8849 1229 12736 2170 18815 1822 836 926 19792 10402 11067 12899 6545
5470 11513 16127 17550 13835 4977 16464 4630 16815 6910 13347 16348 12972 10620 8736 899 10243 19935 13563 15641 2089 1890 14476 1722 5908 11059
8329 2355 6473 5956 6037 6751 11665 136 19907 19083 14863 17336 10970 9922 12442 5969 12693 3091 11 14835 6156 12755 10156 6208 4253 15699
19035 9788 18311 14129 3827 6166 1660 19824 8444 6301 18676 17790 3910 13567 6408 12583 11684 11925 12990 2840 12764 12558 13254 5172 14841 15925
5382 13261 7737 14293 13906 17539 18960 14933 376 18179 7607 7033 7696 1050 16240 4112 3583 19128 13473 6891 12714 7315 13073 7734 16484 416
19564 16878 1491 9861 2013 2391 4774 14195 12418 15968 147 11017 1427 4617 842 13877 6374 3526 18890 15074 14181 13629 3471 7485 3417 19202
17045 12158 11686 16033 17866 361 14846 12597 19072 4573 14975 10105 225 18890 2143 10381 5748 12124 330 10571 18889 8621 7891 952 10425 2726
19964 15421 69 17562 18028 3033 5981 10463 11563 7404 15316 19592 16241 11299 18522 4970 3857 14120 3730 8983 2189 1320 10205 15397 2668 11199
10132 10795 13805 1232 19570 1264 2431 10146 18082 14755 12841 19910 19404 15028 18254 11033 13388 2409 13100 19188 15219 12977 3524 1328 12622 7014
1644 3713 3173 3131 7943 19123 19593 13903 1811 5827 14346 15267 4153 7546 1963 13926 1111 11550 4324 4345 11845 8284 1428 9501 15356 11298
18911 19407 19188 9261 14669 2193 7640 3358 2548 13322 12781 7192 1384 7443 323 17493 1699 14775 12943 9517 7048 8986 18604 13907 9939 8666
2856 10716 17250 15581 7937 12142 10371 8104 4697 6167 7812 14933 14110 7744 968 287 18175 9217 7606 16856 2275 3950 6218 2771 16428 2084
5014 19020 14655 7161 18127 10129 6385 7197 5422 6869 17157 15667 17976 12793 11327 13863 11404 19449 18371 19121 9130 519 3691 17584 10999 621
17858 1610 7733 5601 10195 12133 9637 351 8638 8142 268 16910 13724 10423 5184 15905 13193 4539 7954 6823 3441 346 5290 2287 7024 1270
8695 14050 15848 3687 13596 13739 1124 7490 15410 9051 5067 8767 7142 13672 2326 17069 18284 2288 13845 12491 10596 405 12144 5151 18989 11651
1007 10025 19451 6314 16921 16053 7196 8573 3772 19879 15931 4949 3229 18114 15314 16238 17045 15429 2856 10207 12918 13884 15172 5156 12333 5072
9335 1405 14793 5500 65 169 8742 1554 13428 13723 140 1079 3329 16255 1689 15874 6141 4650 3174 6991 1045 18854 8852 7960 1811 8889
1959 5128 17712 6597 10978 4675 6399 12079 5981 14306 10055 15292 6220 1174 16822 15117 9689 7691 6633 11920 17014 10993 3370 1436 8672 2264
7989 6221 10577 12592 17247 19069 1873 8100 7016 10337 1730 95 17649 14844 4657 16657 11700 15526 14512 2383 17962 19958 5029 18210 3415 13959
7598 17479 18590 7408 14069 305 17124 10478 17606 15032 17945 2540 2126 19800 9773 18306 3171 4950 18746 11365 5813 17347 15629 8240 19796 6616
16799 3476 5419 4783 15752 5959 16772 10651 3509 16291 18871 16569 7707 10920 6303 16504 6011 3044 11812 4949 10796 13042 13599 16764 6164 10601
5486 17620 14280 16444 11534 241 14871 7555 17411 13553 14994 19112 4204 18878 3727 18301 3848 19614 4599 2396 16081 6 14316 19126 4308 9197
13872 8286 5363 8090 12635 10574 1430 6050 7237 5774 17558 4433 10238 1508 18954 2401 8159 18202 7361 2971 14342 8167 9445 18957 12035 19019
13829 14981 6809 9536 1249 16823 10513 11774 5511 15764 15856 16636 15236 3043 7073 15849 13990 15168 5949 6104 1304 8467 14949 8573 17777 7450
8347 14870 18156 18586 6764 12638 1145 18685 5318 19378 6715 1682 2508 4945 13739 4945 10748 13420 9818 13380 1749 3790 8297 8092 10488 10920
17207 18235 18088 4649 19404 6672 17703 6999 6039 18850 6960 12883 19582 14738 5801 15785 11334 9370 4624 198 7843 7750 15783 13013 6700 6607
14746 14823 4410 5977 8655 5066 9521 17420 13050 18165 1285 11983 7459 6525 19981 13357 18605 6641 2134 13607 19001 14227 19808 15934 8218 19954
806 6216 2717 15997 5025 11225 9267 4872 1522 7789 8591 10196 17405 10613 15903 5465 14602 1333 10051 8595 3006 3847 7688 15298 2412 3754
11260 11238 15012 9812 6503 3087 13919 11845 9616 14046 19016 2953 3973 17441 8734 7652 3466 18337 15271 831 16779 3998 13183 6329 3426 42
6851 10225 17567 19894 5423 13035 18558 17346 11447 7992 2922 7415 17271 13493 13238 1981 13178 97 17305 1673 6825 14516 14867 14615 1949 15582
10631 2113 16230 8836 6734 2244 14968 328 7181 13873 19794 16020 2489 8719 89 2427 13049 653 9813 14862 14874 9513 11788 5638 14838 8862
2852 831 7994 10931 17610 12986 10715 14380 6865 7703 3396 9220 5854 7442 8742 19430 14127 11766 4913 19998 1785 1368 18556 15739 4540 1633
15341 3466 1337 5058 5550 1503 2638 7499 5358 1498 15810 14712 13082 6079 13465 7201 8427 19620 1546 4077 10574 15140 3318 11086 18694 9249
18492 4052 17814 8708 7058 10949 18928 9057 19596 12643 8799 7471 16089 2087 14593 8316 17077 17216 241 6905 12828 18659 5273 1089 9222 13086
2865 9579 10409 5484 15327 6720 18261 2169 19395 12607 1948 19877 2270 4716 19326 6328 12702 13432 8822 6811 16161 2949 10450 19754 7356 1896
6127 4235 7018 19783 7076 14289 3354 15748 17760 18986 212 18798 5830 7554 5273 17879 6027 6783 4174 15033 15338 19936 9753 9421 4123 19343
19387 6185 4125 18010 6518 7433 19920 15613 12904 12863 15535 16497 13506 12252 4634 19109 10400 10619 9617 10167 16897 18072 9493 16241 4518 6168
4502 3104 16251 8850 13769 11103 5160 5560 1798 9863 13167 2936 19389 5145 9156 9938 19422 9279 18434 19798 7038 13846 17274 16656 19812 79
1740 3243 13382 5863 3095 11464 19205 8146 15224 4593 11225 5476 10884 10 14703 17375 9225 12278 5462 13898 2761 9190 9596 12526 1279 13145
5161 5696 6815 17458 15365 1978 11824 2762 1912 18093 13767 2349 1529 3400 15270 7769 13520 18392 15644 11653 6327 13443 9945 4193 3248 15282
3113 10612 10313 3808 11313 7729 9139 3136 17192 11788 17746 13172 8308 16542 6708 7200 14739 14111 17235 8270 4940 4372 1776 15366 15936 7604
4251 13191 8598 10229 5197 19468 733 4298 10867 8271 5389 13231 11045 7986 575 17827 19187 12834 18590 5399 13758 47 14304 3239 15078 12831
14636 4145 5735 5954 17275 8102 12584 4138 227 8102 3510 19828 6425 19464 1077 14988 116 19963 3793 7579 9989 16052 13086 6152 4338 5483
15063 3009 4267 18123 14668 1248 11054 3362 14761 11475 3030 3684 7922 4997 17940 6929 3746 13667 12781 10650 1498 6549 2348 9649 244 7685
3864 891 2146 953 689 19944 56 19649 18946 12421 3104 10515 16880 14495 1613 5189 17075 9283 12088 275 4467 10512 7301 8306 19212 8162
1285 7705 5444 8099 7363 10810 11991 10857 2642 5943 16062 12057 19737 7474 1824 13052 12841 6145 18262 10134 13720 8278 18150 12864 11582 8144
10912 206 15201 14792 6916 13773 12125 10500 7380 14422 6444 7855 1733 6981 8529 12625 2176 16327 18809 9044 13358 5856 1328 13972 17882 4061
1129 719 1134 13224 1033 15973 4640 325 5345 425 2595 17715 15548 3649 13937 5688 16547 5339 8489 7533 3456 11005 1816 1479 18396 17791
12759 5098 8207 7148 3022 15800 5655 14900 8695 6166 17990 1505 17559 19465 8802 14618 62 12612 11903 3098 12609 4547 3903 18644 15023 332
19478 5424 7012 7752 9607 4808 12194 8469 6615 906 3152 9301 29 17348 13515 6154 12428 3353 12447 1417 8286 12158 814 101 7714 18988
3249 7259 2224 10163 18214 12345 7128 3694 6002 5395 10231 16528 5015 4540 18083 9229 15829 6648 5087 12435 8722 750 5195 2261 17217 8516
18660 14970 8530 15019 12794 15679 18026 6706 3072 12689 10593 19371 11342 6591 16320 4385 10776 7178 18337 12139 5089 4843 14301 12773 13648 17944
1822 3361 6777 14283 19738 1088 1243 6813 11553 14089 5680 15835 15480 9279 2134 16774 17937 14096 17933 19436 9018 6788 15744 6323 5570 19570
6652 16264 7948 17149 19726 16255 19527 2571 853 15163 13294 5225 19479 12387 7560 7762 2032 13809 12342 7713 15314 4055 17180 15566 6437 12963
2618 11848 3690 2974 7401 13326 19964 19692 19896 5638 13411 5708 14557 11681 685 9660 14737 8111 15897 10061 3345 2660 8490 5765 18762 12279
9266 4688 8174 14490 14188 8513 6203 18566 17948 11003 17664 10301 16210 9044 8687 12895 756 8154 8974 15398 10151 13704 15569 13669 12111 19531
4766 749 15502 15325 8687 18349 14184 5342 7042 5418 10443 16126 17893 11256 4596 15220 19527 940 15690 19821 7070 8364 15027 9183 7480 15389
3493 6726 13692 10543 19076 1148 19375 3320 17296 12331 1819 17453 18998 553 3651 2896 4318 18561 10500 19031 8140 3588 15053 1339 11711 12577
17380 8784 12573 5830 16480 6799 148 16181 5604 11932 17136 6188 19524 2438 4012 19491 7844 14874 2496 15524 4353 7975 4379 11451 3399 19734
6339 17250 6462 19819 12837 2923 16807 1234 4322 16960 2094 9499 2806 18662 16091 1948 7612 1593 9253 17630 13390 4476 13262 7283 19962 12673
5895 3896 19407 912 292 17240 19411 6057 10931 19597 439 19747 2317 19924 4455 14324 18379 7757 4925 7770 16165 1030 1892 5929 5465 538
15256 2349 2282 773 12464 13518 19012 2732 15160 14254 11612 19092 6078 11887 1081 28 14386 14141 9412 14516 18874 4824 4009 16935 17927 10899
12952 11256 12737 18625 19073 12658 7257 15349 19364 15542 2773 15176 7266 15522 17741 10692 5596 13667 4454 6305 9050 2262 1445 4431 8094 5776
13032 10026 18320 16853 17965 8652 8818 18808 15177 18929 1320 8774 18424 1628 12109 18605 9992 8753 7671 11386 17121 19341 19849 10601 4190 7916
2282 15305 15459 13393 319 15509 4636 17834 11965 18624 1740 8669 11099 12825 8143 12602 4076 14706 3349 19338 7116 13601 12406 18433 18656 12177
4782 7593 18325 15621 12364 18180 14036 16087 10567 1145 6212 14038 8408 8295 11926 18177 5042 7696 14113 18386 660 15928 17566 18986 15034 16522
14515 1683 9233 13843 3547 7631 19986 3285 17752 373 17602 16113 11949 14107 6772 4711 15563 2081 5553 6784 11513 1340 12431 18765 8925 18107
2999 575 19491 13211 17337 18886 163 9926 6088 4401 18783 16047 6113 16448 140 17844 7759 18774 302 16152 17850 18361 8067 15139 10157 64
17308 11691 8819 2692 13617 6687 10383 12730 7809 5461 11345 13945 2828 10697 12525 15968 14982 6492 12986 11121 14739 2886 16252 12072 11670 15912
12804 18154 7921 9663 19465 17539 14414 7284 17790 8569 18321 791 2928 10163 15802 4393 8743 7849 4914 3019 5744 8611 10498 18397 9329 16988
5647 1333 6606 11485 13428 8434 9621 17822 12138 6869 18909 9398 14589 18001 6827 656 5116 11010 17332 13580 19994 860 14372 10531 1504 8916
16898 5465 5197 15083 3421 8105 8021 13560 4378 9606 18388 5609 7743 3168 6922 8178 14447 12129 2429 9094 10345 394 10171 13399 5563 15084
18523 11217 7521 9436 14190 7928 16659 2735 1741 11892 7015 18816 12118 15273 7799 16501 4816 10154 10470 9375 17845 10221 13945 14958 10908 15213
14545 4194 448 18277 3082 9552 11946 10717 8229 18045 6321 15298 13368 10623 4438 19880 9127 16348 12175 4098 14151 13707 5408 18635 8325 3791
13416 392 16767 7369 16435 1093 12053 9896 16288 16201 4035 3716 4457 10292 5202 12171 5978 906 18406 7364 102 12630 6316 15648 19304 11049
14828 16615 10171 1316 7722 253 11685 12081 19331 49 8265 10265 11325 1411 14811 8294 19854 15065 9057 11379 16953 11287 12901 12799 2711 144
14836 16282 14923 7568 4796 436 11974 16499 1324 1670 16813 10764 6994 741 6294 14481 2043 1547 17857 10202 4461 11271 5156 6369 3003 153
6603 6641 1748 3894 10499 10180 14777 10935 15475 932 5181 15256 794 14238 13998 11762 11650 5043 19649 6648 6510 17495 342 19693 14348 15557
1993 12212 2073 15772 5810 16436 15469 19317 19574 3797 595 18588 6772 4210 1804 3254 16507 14561 9804 12950 10325 18481 19388 7600 7173 3112
9112 15568 8909 8530 15423 15051 8158 16255 16261 5636 14326 1683 17968 4213 18047 19753 15790 17756 2073 19003 11601 18932 19556 7963 5341 17646
8941 7483 13942 10701 14160 6166 11411 6875 5176 5705 9959 2198 18551 18267 19035 12869 4843 4674 18705 668 15600 15033 6441 1132 11340 14236
7427 17490 14804 3034 9308 18078 19477 12842 3398 19100 3866 2906 15834 1479 18516 2200 19430 15513 1557 16057 2423 9191 123 13968 2859 8076
17379 18195 19827 18989 12257 7874 6371 16779 2034 6553 13097 14795 14793 17868 14175 15694 19588 1397 19090 8694 11429 8715 3402 5556 919 206
17210 8518 14957 8665 12238 4564 11887 11342 7315 12636 6634 5171 11110 19345 12529 5193 5967 18739 2754 15700 101 12407 18275 3581 3604 7379
13131 15275 18478 12887 12158 14233 9678 13509 2938 2360 12673 1778 5574 18483 10407 8280 7974 18940 19016 11387 16864 19072 16127 12952 15782 10063
4575 7150 15080 843 3778 612 12989 16738 12643 17308 16498 16126 7439 19027 7448 18037 8912 15745 1015 18656 19779 8848 9064 8708 3067 13888
10745 12657 2329 17736 3629 5178 19710 4398 11513 6346 5722 15289 14091 7387 690 10144 7669 13930 1067 8260 224 13653 14748 14944 5333 8045
13480 15377 10817 13869 1376 16777 3139 2586 11391 2029 17232 2149 19340 11944 2367 357 17640 363 17371 19534 18467 15242 8297 8799 4843 15615
16125 16738 14855 18619 7533 1774 13298 18009 17585 5433 137 6593 12036 18896 4318 7460 14028 14216 13139 266 1734 3680 5290 11823 10620 4281
8510 13557 11394 1887 17081 3912 13263 11117 2118 14393 17582 19157 18055 7141 18449 2908 2345 8254 17698 2573 4441 18826 3325 14681 3139 6351
2081 8694 17814 11722 3724 12057 7675 1675 3185 8698 1371 5264 2648 11051 5716 17925 5173 17247 7701 13596 11295 10801 13589 17450 3040 12161
8432 17066 17008 12644 10712 7558 18301 14350 13225 3179 1482 19034 18010 10435 4126 16774 11250 8653 4034 1722 17031 376 13968 4764 19702 4163
411 780 9320 7081 10208 9686 11256 2810 8178 11394 17121 13004 239 17435 279 10712 824 9059 6354 7906 17784 8821 14699 9179 1811 18421
15549 16050 14725 3713 917 16674 8353 7905 13194 1152 8814 4812 19124 7579 17956 8428 1602 3335 13223 4827 12576 8186 9326 12606 19346 1161
8373 7952 13118 2593 7246 18451 2924 5154 709 9099 6781 15697 704 3236 10395 11831 19858 8869 17871 13545 16385 17877 6814 14286 2087 10574
3947 17202 15655 13047 2010 19597 2648 16773 6446 11029 12027 13861 16292 9223 4488 11874 3913 18700 3009 8723 2313 10343 10645 10559 7003 14446
6945 4980 11472 2596 11406 2775 6643 19584 19635 569 1051 2431 9187 19887 13743 3598 8486 178 18979 7977 19019 19312 16753 8950 13012 2947
4291 6490 18087 6974 18586 13862 15110 4258 10630 3768 14624 10726 13770 11133 3189 6516 9730 15776 3278 5886 8596 2835 777 17574 11204 86
12573 18395 17544 11391 8070 2212 311 5217 12995 16649 7833 863 1210 7611 15728 19292 14585 1296 18305 8520 17951 2223 3170 9460 13350 14770
17925 16017 9991 5077 14677 6346 1385 2046 8908 3082 11529 17384 6145 8490 4374 7874 8411 9081 15903 6793 1240 682 11593 17249 15766 10281
8421 16822 1307 3160 10322 5866 2978 17375 19877 13635 10070 6072 13953 10462 16367 7736 9922 12855 8673 4165 5961 1300 18154 10787 15631 12824
10134 14544 16976 9375 12450 12460 13398 8869 14668 1234 19005 15360 18053 14689 5556 9045 8348 4699 1734 1603 6922 4736 13773 12769 15162 5232
7315 14094 6092 11205 8568 13807 12987 2155 9138 9658 18818 6546 4997 16421 18523 18761 603 10127 1136 16323 2072 10391 5712 16097 51 14943
12935 19473 8824 9962 18429 18131 9287 2383 8767 8033 18232 17469 15508 16879 15618 3471 3482 10937 2932 10138 13466 8893 4315 15431 3741 10237
11903 8520 14699 3098 12641 1366 17888 19854 3007 19448 3384 19933 17204 10229 14745 6571 137 14033 11851 19127 14088 17289 19749 12492 16505 10930
10977 3639 4868 17627 16402 3805 7204 13620 7401 7242 3080 19884 15581 15600 5749 13795 18126 18196 18589 4566 11816 17481 5836 16500 9997 17987
16018 3042 7702 3757 8239 14103 16933 13826 11525 4206 16400 7679 14273 19281 19136 11493 3346 2233 6394 2750 7949 7324 2343 1409 16054 6584
9912 4253 15093 10338 14062 11434 11768 6597 13356 7200 3000 5283 8920 6495 4096 17812 18015 3350 12355 1010 15509 15176 11731 13230 19779 14742
5440 5347 17203 13128 14437 7465 8399 6302 16144 498 11396 5843 1326 16684 2760 5956 616 15550 11937 665 12461 14350 1365 7166 1151 17372
8075 14415 10643 10760 18063 12378 13120 10814 12273 6214 8272 14861 6301 2397 13318 17041 5414 5763 1557 13638 16569 3708 19016 19153 10061 5370
16293 6422 8122 10109 1497 8330 6209 300 4498 17928 5543 9692 18204 13863 5450 2004 11057 15853 9303 16810 13703 1899 18405 11431 11336 15252
4800 6925 9993 14195 15857 15030 18763 4460 4472 8284 11092 2329 48 13128 10526 14468 187 10866 77 6985 4215 4919 19908 2340 10890 10066
10388 14948 13724 2964 2645 16173 3911 6133 9033 16344 11792 12522 11417 15187 4211 2639 11066 1205 10482 374 3819 15910 13650 17549 2063 858
10145 453 7443 1142 13489 14530 2682 13411 14551 12109 4886 9248 4604 11531 2797 3269 4857 7043 3186 13422 9574 10680 17201 7346 8484 11115
4299 2897 14084 2675 670 1413 19411 11487 17474 15936 2313 9731 11283 19136 5342 3278 2878 18429 11169 5513 8245 14513 282 7112 16900 4222
16918 11039 4188 18228 12688 19475 14682 3795 15717 7395 8558 9093 13013 14418 1041 5043 16504 9649 1406 2394 2973 15393 279 3864 7547 19266
129 8773 10312 10539 5936 2387 6759 10748 6079 14950 16093 13207 10598 7311 7731 19704 12679 11774 18210 10227 16210 9954 19995 17518 18177 12155
12136 6102 16773 9926 15346 13321 19891 2342 2338 7781 3312 12339 4497 5548 11135 15145 11035 6681 19799 2611 9150 7705 17883 157 531 9840
14925 14667 3317 6922 2762 15338 12320 18888 14405 8673 6768 14009 11962 18688 9231 3025 10843 17381 17978 11420 11703 9756 19063 5978 12962 12750
16008 12257 6858 10208 17229 9487 12206 5681 18156 5905 4145 5663 11270 3055 15842 12940 1421 3450 10902 18478 18841 14993 17294 15373 8361 8980
4377 8253 10205 5998 1168 4319 12717 7047 4552 7488 17861 21 11699 3740 1693 3890 4559 9074 1734 4078 17900 5761 13650 16956 14847 8306
19429 14698 8946 15864 16693 1440 1064 10582 1963 9973 7615 711 15259 4551 7489 1194 301 15015 18121 6630 8801 10968 5165 1228 4752 12507
582 476 19112 19297 13981 16983 736 11968 18162 5460 1719 3078 650 11085 8847 5186 10272 9272 8065 5122 918 6701 14473 2649 1569 7315
1587 19722 19999 5755 18176 10207 1 12523 11070 12496 16171 14844 4429 9584 14165 10171 11601 7028 4716 2166 6385 12660 10039 6364 3979 14219
3449 11277 14112 13904 8402 8425 2344 3424 9248 11523 3371 9164 16768 7074 9396 5436 6363 6695 11870 7872 7494 6302 14032 15888 6650 1630
16278 12746 16132 2851 1756 12814 13089 9365 19632 11646 13551 15354 15544 1213 8216 1374 18116 7332 12339 458 9777 5343 7316 5327 8263 4268
11159 4640 17983 476 14210 10969 12374 14118 13565 5113 8301 501 19585 1733 18043 1885 2452 674 14652 19001 850 17691 11993 5659 8484 1899
4086 8271 3260 10992 1251 7174 1226 15551 4443 593 4060 14157 3810 6876 13924 6712 10064 12993 10716 9042 14042 19126 6776 8408 2890 16823
5377 4069 9463 10543 17943 18984 6388 0 18056 10154 13305 13003 9543 8326 3399 18289 2770 18311 7189 1003 1291 5516 7008 18592 6091 10315
16039 1060 13935 4256 19194 17420 17708 6395 15204 11439 5014 11093 6958 49 12473 9168 3302 16759 16556 5037 10166 8414 12673 4844 1230 1900
15183 5177 5721 9731 9634 3863 18803 5518 12542 10948 4700 15070 3375 13171 15650 5590 14176 16821 6345 15134 15075 2906 449 8801 13752 9476
7201 16509 5744 7914 6536 2509 407 16750 18629 16804 16684 18137 16110 13167 17244 14272 1321 12341 16 9515 5839 15290 11938 3139 7829 7427
11417 13978 7995 9564 10130 8454 11092 5071 18897 2919 1436 1580 19375 12272 14704 11147 598 8218 14326 13916 14709 17150 12058 9384 16783 3406
19768 14876 6066 17215 5300 3090 1057 15197 10142 6843 356 2399 18057 4623 3735 15524 3723 16940 8218 9086 14466 11432 6830 1752 10052 9471
613 6545 16567 3620 18048 8089 10956 10726 15107 10306 1930 7203 6306 19853 112 1007 19817 8214 8735 9259 10640 17701 10789 9277 4415 1174
11404 9941 2116 5960 2556 5134 4263 17739 10904 11582 4951 13769 2252 8585 11071 5433 6590 6019 8633 19613 2911 5171 7788 18618 9104 17863
4978 14960 11336 15282 3178 7237 7124 13607 3706 19592 18573 15201 277 18905 12490 11189 6014 17036 5256 11304 2074 12393 19118 17 8880 10101
19833 2322 15678 9522 11245 11608 3230 4505 1174 1543 12496 1592 1988 6792 17051 8789 11365 6547 3198 5976 3269 13115 13038 3967 13373 4762
9884 1667 5577 18672 6378 13299 14526 82 3342 1364 13845 9786 16897 7212 18108 2434 11490 11463 15254 5237 7033 12716 10132 16169 3641 5205
890 3601 19 3584 11586 8181 12744 8372 12518 4526 18006 614 18130 13951 12986 19657 9900 5011 2120 1840 18371 11327 11776 13733 8495 10450
15972 13456 2726 5136 11177 17131 5924 11196 4959 12328 14225 18872 3175 15790 2526 9900 13789 7069 8061 10526 548 4780 1471 17746 14249 18933
15172 10823 17660 9439 8904 10643 19959 8311 18128 12511 18799 18247 15774 4674 17553 1489 5804 4463 1062 3033 13795 13334 8552 19418 13523 5380
17382 17511 15854 10907 2030 14213 9213 297 10849 18180 1501 19525 3569 14907 15911 10300 13405 8591 1397 10881 1966 1614 16142 18574 1691 687
19189 11355 3737 12607 14137 14982 4429 11472 498 10758 1287 2274 18367 3666 4167 235 12097 14436 15376 18255 150 3396 1574 402 6324 12320
3940 7659 3889 11763 1007 1618 17957 4357 16968 6252 9992 16617 9943 12556 15809 10732 9152 14949 9746 1805 5109 7112 15619 18368 3511 16435
18106 6220 18434 1341 13021 10549 15003 6614 13125 9996 14507 18920 10791 17230 3967 12014 5103 6703 12135 18195 10910 4227 16637 15236 15120 5093
746 12730 10636 277 17032 7703 1228 1285 13996 16818 16379 7038 11497 2588 7394 3031 19553 17443 13368 19769 3079 8571 15338 4941 15068 17767
4138 8356 3171 3210 9581 19710 8450 4789 13132 9444 17936 548 8272 6665 10023 16472 2932 16085 7329 6505 10793 9095 5057 3257 4935 11303
17825 1005 2402 19624 1642 13481 18344 2155 14862 7086 16566 120 13890 14305 493 6594 7609 3964 18791 13898 8635 14398 179 17057 17598 6711
19177 8419 12835 14039 5477 18563 16694 14740 481 4778 2723 16835 10983 9368 7905 11744 15390 1250 6014 16253 3248 1021 8818 15018 4940 1592
8963 17186 19634 12484 19146 12264 8896 16509 15839 7280 5498 14383 19018 3002 4695 7855 5910 1921 11808 2728 27 8905 16833 2152 7238 5701
9955 7056 8670 3190 395 2434 3606 4564 14746 5431 8574 11017 4551 18756 10950 9616 9621 3343 9555 8145 2447 9821 4876 1768 17957 321
5474 19758 3493 4565 41 15566 13684 19133 6779 5475 16108 12289 17568 15595 4499 10667 11377 10370 16217 6466 18155 7910 11882 18821 8454 18315
9389 777 11723 11524 19017 18402 16749 4176 17488 13852 18067 12238 13160 2097 17175 1705 14990 4737 4355 14187 16642 1422 17828 512 3109 13228
3890 8206 18869 5449 17592 8320 12168 17209 18629 7371 5292 16447 10697 12508 18852 14031 10993 2323 1306 11164 4760 6299 7057 9056 1077 10083
15724 18572 1056 8988 18336 19497 3538 9347 10867 294 3143 15770 1044 17154 10640 10014 7614 16198 8985 19063 17614 1330 4458 441 15041 18025
3822 10846 15913 12683 3677 4241 12252 4902 13545 14566 18286 104 6195 18926 16507 19713 6157 14531 3930 4532 10659 13186 14665 10150 1135 13053
1461 13104 14835 2789 9637 2419 5464 10130 16062 5746 7478 3466 11356 10566 3355 12983 13876 19248 3893 2742 6452 4728 4203 5408 375 5551
19876 15377 1213 8344 17798 20000 16541 10968 9267 5866 11467 14326 2250 10147 18045 18343 10556 6434 16312 18375 15672 10425 10332 10088 19312 2295
9288 19267 15852 11216 9542 9821 16861 14819 3544 18742 3957 2452 19505 1577 19935 5110 8878 7810 6485 16638 337 10647 17119 15723 388 3056
11575 6633 13698 12348 12909 4182 4024 10318 5980 19663 14003 6416 18501 3138 12420 18221 4552 8015 9875 8134 10529 2259 8898 18818 17665 17878
10062 1603 2458 3526 9870 12556 19368 13360 10443 11332 12829 798 1911 7309 8945 8266 15030 1428 12636 9495 13463 11145 14737 15872 11744 8835
12998 7360 6866 2547 1033 1445 8281 8469 12947 8873 4199 12266 3958 574 4367 16532 19477 816 12252 5575 4600 7790 12262 4784 17793 14225
6558 8295 19711 1333 7192 13254 18754 2072 8248 14367 8205 9677 8692 14672 8450 14718 15327 6837 12946 12874 12746 4344 7445 5492 3758 14634
577 18193 6822 2088 962 7649 17329 10060 14796 13029 15250 16378 6389 2523 14785 15223 10443 13611 463 16081 14086 6137 5093 18613 19582 4135
