365
87 40 23 95 24 34 10 16 97 39 0 78 80 82 44 34 43 74 66 30 79 94 61 72 67 45
17731 2277 14092 11303 7367 10014 5725 16537 9851 14728 8597 17496 4399 8460 19417 12661 12257 11244 17515 15817 4734 11143 280 18601 2758 12539
4124 13421 2963 3611 2856 13780 4448 19132 1089 1909 5350 19202 2815 16603 16178 16037 14583 6403 1243 8808 11538 8589 13531 12369 15079 9548
10702 801 6367 4252 948 9350 19426 6037 3536 18321 4801 17398 14903 14411 3769 9222 10151 11720 17880 2983 1380 239 7224 394 13465 3282
15176 9333 12268 13819 8066 8104 996 10011 18653 18229 7476 4318 9678 1916 18156 17148 7805 19573 1327 50 16415 7874 16724 9773 17883 6658
15262 8999 8025 19903 13705 3412 9531 12348 11280 13882 17959 1923 4836 3785 13471 944 2094 3598 12588 16614 16531 566 9787 18958 15378 10068
16411 18936 4729 10641 15920 1866 8947 1429 13323 9336 3487 19061 18862 10699 10337 4308 13377 8634 650 4624 19412 7344 15023 11715 15942 3519
10898 16919 4776 1592 18395 4705 19772 10955 4627 12973 7456 8770 7044 13681 17547 2871 6566 13040 12328 16420 12858 1866 2396 11924 18288 2085
4402 9994 8823 1339 804 8637 548 14847 1425 6049 10475 8465 9418 18401 19633 1744 7564 13713 11738 18475 9042 17316 14835 3496 13171 7492
3088 13163 510 14973 2557 549 19708 3998 16739 16509 2539 8966 7832 3980 13864 5698 2595 1844 18733 8816 8433 838 18970 16943 16259 453
19715 19802 3263 5247 8008 3660 3838 12249 12601 3288 6349 9075 927 7612 7387 14784 12273 12131 17598 6546 5063 708 17194 652 6139 9552
16199 19915 4424 13594 16496 11286 11112 17292 10125 17703 19262 18513 4039 19710 1850 12595 10634 5415 8892 10488 17385 17993 630 8204 11806 8681
5664 14283 18572 17601 19621 8910 14221 14778 938 2698 18077 558 18382 7512 18276 14866 16930 165 10502 5533 16146 14697 633 12202 8599 1568
11210 15399 1577 5951 254 14193 1288 8225 13407 12203 2318 4469 10953 12575 11902 5560 3977 13547 7917 2304 14864 6907 418 1957 9168 10017
3363 10149 9523 8245 13098 3785 15128 2939 8451 1213 2388 11253 10267 18996 8493 14136 19632 3897 1026 18997 4936 14979 5483 4880 2177 15309
8091 5852 19467 12937 14825 988 5442 8804 11114 16388 11849 2893 18911 10220 227 9983 15147 11181 5929 1222 15288 276 8881 1373 13840 1423
13988 8441 18222 14750 3873 11622 161 6628 7253 2641 3979 13895 11588 3316 5591 6515 403 6895 19223 13537 6459 10566 3617 4687 2582 3127
6764 2653 18592 12173 10523 19886 14552 7262 11912 11136 12946 2064 55 10105 5211 5954 2082 17613 3617 7580 15863 13276 5251 6519 7356 5670
15265 6402 16005 18955 14359 19675 9739 12772 2496 12624 1936 941 7353 8382 15834 11870 11070 15799 14008 7020 18692 13196 12608 11727 17018 5853
2628 18765 5828 4491 11740 11953 13325 12850 2550 12306 17382 5843 4630 8785 7108 4401 11061 11412 8336 2286 8312 1720 1909 817 2259 18741
14537 5240 1478 16596 15165 6382 16163 8778 5691 14126 9500 3001 1045 2463 6602 8828 12413 5013 10 14623 19974 6231 4065 13450 13412 8859
16240 13139 1118 12872 3028 9886 10377 14360 15353 18217 12812 4759 18549 15694 17526 9124 1257 2353 7591 19028 11546 1096 18636 13639 11479 14340
17827 16423 8610 5282 19709 13019 15304 7005 6929 1681 18179 19513 19314 2329 14480 3380 233 11595 23 16177 1641 16248 14678 453 4420 18188
12098 14255 5782 17231 13328 13776 16099 9955 10487 6192 16239 1307 3171 17560 18569 13131 18905 6333 8280 8228 18817 12580 3986 14650 18107 11356
11376 19872 1231 7395 19584 3023 17005 18465 11441 3383 7612 265 2917 18195 17098 1660 8939 17305 5998 15925 17988 19970 14315 6067 6020 1319
15428 7960 190 1812 16114 10718 2772 18402 11515 9924 7179 10335 2297 584 761 6543 13893 14476 23 19164 18421 2927 13983 19400 18598 16027
11673 5921 8860 8371 2340 857 9627 12915 2669 11411 7604 6295 7654 18264 17796 3112 1702 14314 4827 19717 10940 7158 9122 14503 5380 8585
16352 8565 10007 6285 19023 112 9729 18188 14257 16619 19074 6692 2634 473 17797 4406 11005 2579 16026 5313 2622 13584 14944 11742 19228 14073
7183 19233 11958 17032 19890 12604 16025 10048 7726 10738 9451 18911 15803 6984 1357 1473 16903 1238 6062 15141 6714 18024 19746 15092 2780 12421
16979 18665 7606 7342 12972 14389 7661 15123 9812 10735 4822 17314 11582 4202 7618 742 15286 16133 732 5277 6338 18074 18527 15624 7242 18408
16630 4028 406 7615 2160 13365 18409 17782 2670 7629 68 17438 9595 3758 4694 2835 18764 10916 6309 600 3920 10458 2899 435 9174 12717
14114 5302 4256 838 15440 2366 3733 539 13103 9749 9608 3483 9414 11047 1903 18302 686 1591 16979 3108 16368 17554 13082 13016 3529 15512
14326 13493 19303 7191 19347 17493 5498 15424 12688 10207 12223 830 10149 16021 13526 15867 13399 13710 9268 11308 2148 17497 3778 7599 3332 7784
7460 9450 19539 19592 18496 5297 9002 12831 17456 17206 2801 10287 18442 18093 587 11541 15915 7435 482 521 19051 6503 16586 4672 12369 19158
4554 5380 7628 11417 3602 16416 2732 19324 4677 6950 7463 13724 1666 7214 12667 709 9033 13077 10557 3868 17848 7878 9877 7719 12470 567
9444 17399 2580 19858 15824 6084 3676 17171 4270 19501 5197 11553 3174 8335 15540 10492 1679 16335 7072 10987 6484 12880 2801 11585 5754 15394
12648 2242 1020 5326 13896 12114 1858 13056 14582 3937 4570 1402 7321 8131 17666 17145 9603 11045 15343 4503 6590 18369 16973 7419 10336 17778
8948 12473 7665 1435 14973 10037 3124 8029 17516 13403 4146 13998 17875 246 9779 15119 12272 2561 15590 1226 2217 5926 19173 3641 6188 19484
12835 4653 19959 999 10097 6644 8457 5357 13384 14240 7549 10296 17237 8867 10115 12183 2169 5378 11092 3950 11703 3678 16350 11101 16034 9258
4000 16813 1535 11565 16833 12825 3306 8798 19214 19238 12894 6922 19487 7120 12484 12800 3625 12523 12703 5930 4845 33 12086 11008 5289 8887
13234 836 5892 19480 14400 5194 17834 11338 8710 16450 6513 18793 15283 13307 9880 1852 10255 17643 4781 14481 19044 1621 8233 5036 10360 15745
16131 7006 7270 8517 3593 9170 15301 17835 1444 10225 18309 12242 6911 4457 1775 16281 6819 14135 11025 1230 13707 6650 874 11786 1157 11630
16816 9043 5174 1568 17317 16207 14467 6772 5691 9039 13705 5567 4344 19143 18459 17279 16265 9063 17115 896 11726 19442 294 12609 6083 10445
9415 13520 10687 14040 18467 3740 4100 8413 4897 7097 10036 4823 17165 11639 7286 12883 17647 7265 19022 17015 8411 16828 16463 784 11586 15295
14934 17011 5233 2074 3472 7927 12027 6012 8140 359 14673 11609 7008 4167 3335 11189 15510 6418 2890 12027 4283 14556 11002 15063 13252 4655
6252 5211 16445 1573 8920 2943 17402 8264 11523 2556 16595 15283 7961 10329 4394 16363 8786 15272 8538 5274 3280 1890 15397 13678 6719 4601
4770 8640 10779 13901 14322 4155 7002 5083 1855 6983 17403 6007 17257 16161 2979 6201 4534 10824 15960 19656 14369 18111 8826 1444 11490 3239
9005 9897 18207 10461 11470 1894 15027 10211 15883 506 9637 11506 2811 2833 15613 13858 1795 11118 13468 1496 3233 18694 18299 18873 11058 16235
5181 16112 1134 9372 18415 18151 19215 4138 18513 4299 18243 12669 16172 4577 19060 19221 7745 980 15421 5239 12557 9395 14894 1527 7249 10981
6388 18465 15844 11367 15371 17293 10736 6059 5793 17968 9819 8048 1675 16180 19836 6980 5577 12739 8354 8597 8333 900 1198 842 16033 6447
7519 3524 12338 14926 19751 14682 5646 15903 6013 8617 11634 6730 16863 15207 4100 4943 14349 17770 14828 11973 4679 12509 15496 15077 6026 375
5671 10976 1373 10109 2970 4538 7335 8959 11339 494 14248 11261 7943 19494 19731 8527 18253 15537 18056 503 1293 16969 18625 7576 1546 13163
5743 6283 2177 18785 19870 19287 15755 909 3601 8922 2392 8042 17867 5604 18569 15609 19504 15865 13941 5539 7357 4021 15437 8024 1729 4280
11161 4728 14047 19460 3738 5708 13833 13192 2692 13977 10834 5037 6460 15952 995 6757 15826 14343 14525 3900 13642 2890 16375 8120 6926 1135
8598 13187 7969 5552 975 9637 18273 669 17559 12469 19770 4392 17441 884 15794 8053 3440 14641 5033 17405 18211 18387 13965 17102 6503 12652
3365 13099 1814 4279 12878 13503 4019 10113 3942 13631 2781 6031 7018 4648 17402 5732 1368 2449 622 18781 10802 18903 1269 8407 1208 12236
14419 12777 11223 14375 8624 16350 1571 9686 18589 18090 14152 18811 6751 16134 19941 5851 1146 5911 12736 3484 1478 6715 13466 17393 8149 1172
5216 14955 12010 4145 1398 18053 1219 3731 10003 14568 11833 4523 17879 8849 15383 1439 6588 9527 8264 19964 5203 8674 3411 3431 2841 2545
852 4966 19957 8080 13716 5272 9910 16544 3720 18859 12783 9424 3689 8920 1230 16768 4348 6789 3893 10176 5246 6094 11470 15783 7092 17100
16387 12351 3184 12312 13283 8370 16943 16805 19833 16742 2586 19063 106 2218 2894 14925 12398 6427 6198 19383 9257 7072 2614 3871 3594 12314
3169 2234 15536 6370 19666 14808 8154 6147 7937 13508 17880 13041 11069 5944 1477 12712 10076 15831 15518 18755 7355 9126 437 13087 1835 11991
7685 10805 17055 10958 14951 5967 13661 1174 11297 272 14352 13411 411 4532 1159 5498 1571 555 8357 4178 8586 12334 17341 8120 9690 4405
6313 14878 9828 7269 16446 11915 7382 670 16582 17161 19557 8305 1612 16445 10871 7408 1593 5895 12053 13509 6569 1305 5644 17836 15610 10277
15435 14752 15308 3382 1898 19630 1650 12974 19518 8212 15462 5285 11793 19122 6917 17559 5369 2936 9590 1938 4082 4914 2630 9144 18561 12487
14011 4928 11616 13252 15335 3595 13260 5124 18552 19885 11592 12263 15127 5590 11233 9124 17353 14790 6028 9420 18995 13141 19893 312 17535 5133
19328 6898 2478 5369 15677 4118 681 18934 15706 1435 18810 5996 4783 8866 19979 12877 16244 11098 12306 3986 10366 7838 2575 9149 6001 2561
15458 9821 15501 12312 12958 16170 4667 15452 8749 10208 6982 9425 8289 6018 19026 18149 14917 11121 14250 16161 14314 8707 2351 11049 7049 10560
8276 3990 5069 19684 9798 3989 1378 17064 16577 19745 9801 13926 18454 9059 5801 19967 19607 3195 3087 19877 9200 4481 17246 7468 75 5615
12704 8555 18537 933 7704 17510 18057 4122 16198 10285 12711 3188 3807 9431 6899 820 17152 3600 15523 12465 4453 18092 1318 3364 14831 12514
3370 15320 9451 159 12549 18244 6203 13854 11484 9317 9320 12485 5240 2412 15238 351 8308 8749 356 5642 6580 15435 1000 14860 7072 18618
13993 7473 18864 522 7298 13284 17145 1055 17862 19683 8954 11974 1342 18805 4517 6890 5953 51 8699 6289 3930 2389 17368 14503 13385 134
5757 1873 5676 12910 5850 9852 3568 12161 10544 6903 4292 15797 18085 12747 94 6139 16762 6453 1379 1592 10108 8854 17416 4974 13417 4911
14301 15919 4952 8282 18672 12893 4267 12946 16738 4911 17462 13693 10662 12872 4554 9274 1288 2316 12772 9905 3986 12070 746 12463 8592 16811
9367 12527 1245 16458 8625 11124 4686 3487 2401 2693 19065 3439 9575 12342 18809 10949 12249 41 16924 1462 8983 14118 17938 10995 16724 11327
1290 1191 18047 4714 19782 2333 3067 13858 14302 15866 6292 7888 9364 3900 14831 17005 232 16874 620 1957 1539 12932 3205 17177 14981 6545
15106 8830 7459 17435 16804 8767 13832 8941 15203 10200 1612 10835 10752 1385 6890 8305 3682 1580 10441 12898 17729 182 615 10667 9266 6280
13613 10556 14117 5126 10109 12003 13529 11115 5352 8760 2190 357 12048 5178 13035 5443 17818 6015 6342 11677 4825 4414 11580 4169 11038 5734
16331 13473 15945 13582 14716 7214 3213 7237 16465 2773 15340 14893 15066 10497 13548 15433 186 5727 17636 14811 3451 5833 10208 16521 1126 10905
7707 8082 17063 1147 17847 69 728 16904 19016 2416 12238 19031 5469 7928 11087 52 4264 4621 3826 16815 16623 3070 12907 10862 14626 4066
5882 12303 3030 7015 8080 7216 1634 4698 11442 17799 11118 15711 7246 1396 9449 15634 9658 11378 4569 17645 6851 13103 2482 18979 17509 3795
12145 19566 5908 10391 6230 2262 13562 3979 18072 746 5683 10648 2078 12987 10835 16915 5101 16895 8270 3781 10314 18086 13073 16004 13389 16360
11246 1195 8211 466 11175 5612 7992 14683 12558 15845 17435 14621 17824 15929 9204 14868 108 18820 16859 3821 7465 1103 9580 14756 18635 14363
10454 10254 13879 7068 18808 4967 5878 12226 198 10315 6024 16904 6926 17516 11408 740 10878 8799 5732 17493 15415 17968 6835 3293 10667 2697
17424 789 18640 4186 540 11874 19167 8935 19164 13970 17334 10155 14615 8260 8662 6350 16176 3185 14648 18054 7601 15596 15712 5757 6729 19094
17186 14414 4335 17220 13462 8934 4143 13093 9573 9527 10727 11005 13380 8824 15294 4801 5532 16064 5544 1753 1853 1945 15729 9182 5338 605
18680 7431 851 4387 14510 4257 7164 19272 13075 10985 17802 3145 10826 342 9400 3562 19271 13262 3500 7223 8636 17965 19004 5463 1178 13851
1122 1526 16846 2260 12801 16807 9494 17753 2332 9578 5826 19022 13843 10020 6707 10471 18808 2569 13236 5580 6538 14849 4926 5326 16984 9322
18455 12819 7256 18686 1315 10635 10714 10303 18139 363 3569 6725 5782 3458 3578 19482 4638 17775 4085 16467 6639 8704 4920 18720 4147 2179
13593 5170 7624 11333 14083 9916 12945 17963 14873 8575 2094 15459 9741 10112 10508 7878 1303 19708 10040 4713 12404 17114 19229 18628 1796 989
14129 6022 12754 19621 2199 14085 17992 14058 19221 3713 8115 2509 5237 8819 10945 4034 8577 6701 13888 12213 18513 1726 18027 18453 18483 6219
5353 10545 4560 2568 11968 5887 2391 17412 19629 6 12209 10061 2351 6786 11085 17663 4159 2745 6158 18437 4066 5064 16755 14226 6791 5246
17388 19140 16747 8537 1270 19657 16793 666 15299 72 17257 2794 19568 10100 18621 5011 3924 16826 11995 16124 1487 531 9502 3381 9676 11774
14668 10220 8304 18453 8986 19689 1801 12986 11532 2548 13228 8384 6736 6571 13206 16991 1279 8702 8233 4125 9445 10196 1035 17150 12048 5990
4494 5635 13170 3847 13489 2397 6638 19667 10042 1539 6897 11397 3124 15413 7706 13560 12041 13752 3505 11925 16312 8164 17337 8877 18939 12588
13192 14845 11268 13259 7704 1667 871 2531 18692 16928 6458 13661 18129 139 3920 14207 1002 6555 1844 10922 16858 13161 18240 14077 15754 5433
603 13674 3118 9635 18446 6098 17092 15067 7850 13720 2036 6814 9997 15188 10972 1414 1565 14424 5951 2638 17721 662 7173 3610 14150 773
8730 16899 1081 6818 17685 15024 17087 6404 17737 9833 5140 13816 17379 16128 19401 11285 14095 9397 14412 13469 12655 4128 15124 16044 1294 3357
12817 4581 1633 537 15316 13435 19199 12567 16066 14107 8493 10671 7286 3697 12003 5568 1241 16524 13491 508 297 12394 6822 10523 12084 12407
18223 1604 15152 15217 2014 6231 15257 10260 13112 17867 10054 566 1159 6225 4152 12191 6480 19322 11030 18282 11993 9732 10190 9852 3739 3340
6317 3248 8688 5256 8034 14572 1927 48 2223 3508 13944 5907 4471 5160 6506 15526 7567 17104 9726 4000 779 591 16411 15834 1709 14902
9110 8951 17934 7007 7740 17612 11902 12984 15077 16997 15946 7203 6987 10144 3535 4306 8846 2793 17012 16455 4401 12416 2434 915 11738 19491
4169 15577 19088 4620 15392 1678 10145 9186 746 2517 13895 19756 14829 2329 5670 1170 6196 9245 12596 9226 18007 7151 2833 6059 1071 2317
12849 3601 14684 19508 10455 3567 14976 8094 14208 10966 15033 7754 7399 6440 18738 2621 19867 14972 13487 14260 16029 19354 18163 415 15937 11590
17384 10380 2202 11717 2015 18084 4033 19109 2020 8216 4321 16503 15453 4927 10963 7022 6701 4678 7962 1456 991 14449 19717 14849 16217 19303
2405 18469 7279 6076 13331 9386 8852 4925 16047 10412 3534 9857 8793 5848 12737 2388 17360 19997 3099 1857 348 16622 11401 10861 8750 844
19757 4170 1501 2579 627 6829 9408 18741 10909 14041 8396 19375 1377 7415 17094 8295 16343 6046 7079 17938 1998 414 11830 9331 27 6801
19268 2611 1632 12958 10337 7175 18383 4557 11127 5238 19878 18079 12922 1965 8414 19723 9047 9873 3802 6386 13790 3505 4582 14229 108 19413
3829 3345 4581 14264 13712 16971 2856 4053 16295 11566 11302 2892 4059 11294 11692 11491 8404 19408 11854 12534 17399 2908 4675 15834 15356 13387
8088 2095 12199 1375 17032 18602 18021 10535 11360 8545 3962 15064 18118 2836 4988 582 2797 4732 12321 18053 17014 15260 17565 17013 15993 17711
11257 11629 4799 11046 6752 1964 6237 7347 5231 3976 5783 3635 13709 12316 7641 9635 6981 12579 13391 11894 4620 9485 11023 13797 3052 8850
3140 6378 6267 8324 14497 3141 12017 11125 2899 15370 5411 18070 4860 1146 8852 14339 16623 12549 4081 18929 5615 16107 5471 1273 14042 8131
1191 5317 4588 1034 639 18108 7504 14173 2957 4417 3313 4820 269 18114 4329 5504 858 6937 7105 17154 14859 1403 8249 18105 11089 3865
10571 432 11300 8244 16851 2890 8890 10098 3484 18372 12050 14027 14163 14506 9099 14503 15055 2722 1325 10509 3263 9511 1175 14935 10124 19807
6490 158 17265 11870 5468 15768 5296 4895 7387 18825 18835 834 5977 15038 8995 16201 17792 6870 14615 16531 2338 9560 5209 18685 7616 5781
6088 7631 210 5889 14463 13302 14186 9210 44 7040 13199 445 17393 273 13557 7815 1678 1117 3627 768 14860 11161 92 11323 15895 17029
17875 12024 19672 8152 7605 2234 8018 940 12234 6919 3503 3971 16543 6308 6766 8585 11002 11501 7646 11694 16803 19758 4662 4116 10747 19553
6978 7512 9130 4001 10549 4395 16244 3828 18191 15283 9668 14798 9903 9431 4394 18919 3590 9955 4916 15406 5793 8849 2312 7828 16340 9769
2675 6071 14068 6319 17507 16938 19241 860 14804 731 6634 10130 247 18747 3612 8005 11229 16162 18990 16705 9439 1933 4114 5810 10430 515
4192 8055 18587 18030 6076 12954 18851 19521 18767 17137 13936 7224 1441 4468 835 15878 7262 6940 17385 5847 12157 11840 3649 4972 2276 6856
6633 10777 16749 8316 1071 10463 17263 17599 686 4470 4487 242 2836 14208 13765 1219 579 826 4406 11865 16786 3918 3679 1901 4726 17636
15035 5583 6897 5065 10347 1580 4122 19397 10592 8841 12697 4293 3615 9954 13312 15138 14720 7083 888 9317 1901 415 13634 17570 16888 10973
9726 16402 7458 1085 11860 4223 8248 2508 16579 5702 14607 19421 19494 5287 1764 1620 15278 18501 20 12941 403 9688 2437 8609 9507 11533
5276 8417 3537 7021 16181 17766 12305 11720 3841 7858 15321 10319 5939 920 3904 814 6509 6082 15991 11975 10111 3922 11036 11505 1405 18915
5387 8329 3608 17242 5521 4307 1324 8809 2515 17035 12551 334 15571 1992 7981 8816 19205 2745 11744 11879 5374 11256 3556 13891 902 4229
5073 8253 11825 10100 13604 18816 7141 9944 9591 6331 3923 19100 3783 10987 4175 16168 11114 8861 11440 1011 2782 18665 3680 8215 9013 12989
3619 6630 5096 18501 4212 14383 14257 6254 1737 9404 6946 17671 17041 17273 360 1426 19873 11836 15055 8326 4266 7041 9984 16029 12701 19733
9569 13775 37 2852 9536 4058 4523 2119 5 2982 7676 16889 19975 18057 8059 19482 3373 10748 18112 3382 10211 19594 17581 8539 14168 2996
10773 14755 764 19397 1133 2875 19956 12340 5750 8509 1479 11935 14314 16610 19924 9941 12464 9576 4188 767 10718 15579 11703 1381 9904 12806
2202 469 99 12301 13757 5848 18986 2577 6875 8830 7913 12885 12843 19510 7308 3708 16062 10026 9984 10731 10447 2395 7948 11926 13162 8129
12872 4519 1555 170 1069 17859 4553 12853 5036 5730 631 12753 13701 15526 10511 5934 1282 8931 1652 7714 13002 2037 16518 2747 4482 13195
9031 3884 6586 11676 2360 6762 5909 4250 16282 6534 18874 12072 6921 16181 4546 9208 13443 15235 7902 10050 3370 18142 4665 4240 13681 4317
13333 5486 16761 16690 19390 10047 17252 7430 11829 1471 19610 692 4660 4820 9023 14383 2397 12802 16679 6351 3127 13650 19724 4982 10893 16178
10988 7303 15604 13191 2022 6167 5379 701 9396 10043 6975 6881 5642 10995 13702 9151 9738 4902 4555 17541 16426 12531 14591 9283 3387 16205
11191 9296 1514 1208 8910 14593 889 751 19121 6409 17499 4519 605 7033 13888 13121 2467 1916 6248 6434 11274 5397 7282 10236 5513 2974
17140 18365 12101 16937 6407 745 19419 13330 14278 2724 18429 15726 9209 616 17811 9388 17744 16663 1676 8430 3085 4786 7508 11769 1111 1215
14664 1103 14549 4860 3999 19111 18825 7494 15355 2072 3926 1350 16949 13013 7923 5976 3486 6818 19023 2189 8907 680 3693 17626 12829 3878
12669 4428 3183 10926 15394 5811 15180 4062 18407 15673 13573 12757 16410 14460 3736 19739 2985 6179 12597 5551 9850 19332 2443 10111 9202 9816
15189 2893 2550 4076 16628 2141 398 3856 13173 11689 13150 11331 5843 12461 3441 18494 15486 17719 1617 11557 5827 13002 9085 11587 11334 5731
18570 5807 15418 9790 16478 10098 5055 3164 18634 18728 3777 7586 9972 1821 16369 9034 8108 9826 2170 19710 8844 11736 17233 15982 5119 16157
13167 6228 13691 19898 14762 11934 12211 9870 4564 7236 7283 14456 7298 901 9386 7075 1209 7086 4986 7198 15212 16270 12526 3885 2697 13104
5615 12792 5566 6519 445 4330 16066 4569 3528 18466 6260 862 7499 5429 13041 9221 6466 17986 11381 12206 3304 2873 15396 12589 19143 7707
15477 3185 19543 12360 14231 2244 14577 15274 17027 16913 11444 16283 13866 14931 18548 1208 16059 5082 4159 2866 10310 7088 10429 7503 5355 8183
4653 19672 3213 13043 3594 17493 12891 16734 18639 17152 7437 9615 15898 16064 6775 4802 8946 10532 14136 15021 6589 11710 12038 14461 2321 4064
10049 16171 2977 7742 333 9869 5915 16419 213 5195 2115 6998 13257 17102 12818 19737 19018 11097 19818 4229 1863 4296 13934 1767 2825 9809
2375 17066 7165 11631 17279 3885 12291 2598 1190 8513 7857 18381 2041 1542 18443 11966 9773 4429 697 4292 14027 7720 13879 1257 10759 18782
4883 17497 8461 18094 10644 7817 6679 12354 5489 17163 13658 9023 2201 6860 13120 19220 4824 8082 16096 17901 8422 16880 13587 554 14088 17751
14826 10419 12078 2481 5611 5988 1199 3271 9942 5881 1070 16942 12941 16931 16106 6601 8412 6243 8905 11675 18857 15170 7314 1124 15087 11709
16178 2420 7993 13560 10586 3468 12771 17237 14651 10244 17417 18403 16643 6676 10496 10467 5137 13034 6780 19415 1474 12926 13280 509 2655 16044
18053 12185 7358 7152 15172 223 7841 9352 19746 11012 9127 2251 14960 1249 13852 16513 1854 13051 5689 16186 5204 9605 15015 18861 9775 17333
5912 11342 6673 16146 11403 13043 19287 8158 18600 11865 6496 13809 3701 5770 13830 16512 12576 8467 16150 13850 14804 19258 7338 15447 7660 4757
16932 3524 13153 18351 17664 11501 7102 17202 2179 10414 5888 17738 13854 7586 18748 19267 8461 14358 2294 4379 17865 8528 12704 17480 15774 16831
8625 15334 8363 6421 12320 18121 10026 14876 17890 9521 12287 10620 5282 9398 2865 6323 17746 4896 6597 2710 3233 7976 4577 15574 14542 5956
1720 18674 3003 322 11634 13443 10692 7657 14847 16687 13175 15134 11358 14084 10742 15819 13961 12386 18732 19006 1782 1996 14348 2337 5504 4954
19210 15050 9605 4474 11009 19301 7166 3478 19498 7404 9887 1043 1905 10766 12538 15371 11566 7446 7176 18837 5488 18922 7731 10081 2398 3003
2534 15561 9340 15043 8969 12449 15473 4012 12333 19027 5826 16863 17434 13897 1952 2987 5055 12142 19793 1344 1222 10204 18126 16667 2992 13951
5651 1201 211 15065 6689 14848 10097 11445 17262 1557 10583 1869 7875 12840 10971 3962 1690 13078 15782 14569 18608 635 699 3319 15077 12413
3567 9765 14420 12911 475 6654 1111 3018 3928 400 18924 13776 18439 11464 18569 4606 5377 17615 964 2543 10748 5186 18843 19408 14296 8761
19924 11455 14832 10279 16450 19720 15718 14185 11147 13474 2249 13828 6275 19946 4243 7594 12429 14620 18100 7763 7509 2572 6370 12531 3143 11222
15061 19875 18386 11420 6593 7858 9591 14339 4387 8481 8122 13957 16633 13187 18258 2973 9225 21 10306 11409 4223 16312 11780 18873 4406 3669
7365 18961 18038 8250 2919 5168 2200 19510 4339 3462 7194 4618 15505 7331 12228 7481 8761 15196 9202 2786 2886 17231 13554 487 1462 19464
6837 217 18302 2970 6526 14787 10320 11602 17505 13118 1236 16176 4473 5176 9192 828 14490 10732 1591 5938 17602 14087 18974 9622 19184 12134
7688 17635 17522 4092 18301 10777 9575 12877 617 12884 18645 11848 15666 14492 12060 11321 2752 10095 6296 17598 11197 12463 5549 9197 7724 5296
14442 7283 13271 6539 4952 19399 8293 7241 7131 38 6787 10822 7609 427 5302 13873 13134 12609 5973 1424 6899 17835 6803 16232 15215 2305
13804 3159 15128 18873 9525 18836 2138 2395 16298 15174 4468 11889 2821 13869 15715 1863 16450 6448 5609 15197 6829 11664 6848 4330 7722 8512
138 19272 14423 11611 18558 2864 12906 14284 7962 13424 6013 12632 2369 1646 2997 9161 2021 11630 15770 3315 9483 6213 17493 14875 6607 10590
6580 19873 595 2492 7234 4384 14201 16311 10258 4343 19682 7854 18130 19 583 15134 19837 14755 10061 9691 743 8570 3011 6015 6342 3130
17593 13337 18320 6515 5470 2752 4882 11337 2400 17450 754 316 5563 5957 10439 13883 13105 18621 9987 7248 17398 3521 11910 15767 11573 5562
17662 13127 10682 11000 10265 19144 10649 6809 17559 9709 14278 16960 15344 3435 19528 10854 16573 12910 10069 10457 11090 9685 2030 19127 2778 556
9461 16831 15115 497 17379 18024 15593 4002 6395 10418 7297 5623 4393 4409 10882 16269 6815 3851 18883 13610 15034 5493 3663 9982 6606 16692
18848 10625 19457 10680 18091 108 9268 18960 19400 4459 2283 19230 18317 16005 16016 16092 19195 12126 1328 18657 11343 6089 4846 18859 407 18751
4280 16566 5518 8390 7850 5463 15300 5220 18257 13682 17651 11150 11590 323 12693 19132 13958 5212 15890 2616 18644 5085 7734 1135 17985 10942
3639 11409 17385 10422 18831 9908 15914 2473 5282 17582 17816 12340 10366 14391 5470 11329 14396 13054 9461 10805 12768 18954 13657 11834 3076 10339
892 4059 13612 7529 13234 8543 3874 5449 8261 15689 15126 11891 17845 15714 19353 14286 14369 1073 10000 19211 16882 18973 13969 12231 8691 5954
18011 17760 3661 10545 2816 14124 17495 7914 14887 8611 13998 13703 19897 1936 3511 18446 13734 12721 16512 768 19467 12203 18883 18870 126 6184
8439 4768 8975 15171 8610 11055 1141 1482 1454 12875 17601 3547 17894 8188 2631 18873 2783 8018 12918 14739 12388 19774 14259 4208 15025 3771
13877 14495 8369 6199 10601 11260 17212 16970 9537 18467 1281 1975 11436 10112 15323 12996 5947 11579 10152 15056 19859 16025 19264 15431 17000 15342
6200 10801 4624 17992 5829 13718 7593 1866 11484 7193 11421 10309 6391 7631 4472 13643 5432 1871 18989 5992 7178 19915 17031 14635 9130 17720
3469 6679 19390 381 12492 17232 5070 17821 9936 12687 19600 4594 8518 12178 9462 10249 1350 547 8976 4665 11100 19769 4212 1378 8777 19964
15999 4435 9639 10072 4281 14576 10234 18473 11318 1564 4184 16963 4648 2813 2315 1254 12282 4005 13509 14520 15867 18528 8827 14961 4030 7666
5452 8492 3368 8141 4900 9968 11872 232 6303 12624 1829 15522 15402 13517 16683 4034 10561 4825 14692 9221 1794 3707 7966 309 918 13067
1385 5365 9676 19529 19572 12424 12673 10961 3899 10550 14348 10718 17831 9532 10255 2682 6139 7967 19085 1953 4909 15963 2506 11315 11044 4373
17355 9733 12687 7611 1806 3466 17861 3635 12815 13577 11352 14292 10241 9117 19821 18822 13198 17280 3834 17605 12322 19857 1590 12889 7031 5385
10123 14526 13860 4334 11503 13089 1916 16924 9281 13844 10984 387 7100 15740 138 18083 10857 15424 9219 8757 15655 11739 18596 11382 5427 16164
4419 11671 19502 1624 14703 6714 15449 1643 2031 2779 1410 3382 6383 1934 1218 6645 9176 5946 166 16115 1047 3954 4524 9606 7348 5854
8596 8973 15815 1634 15099 15268 12873 12390 12443 5215 163 10944 7473 10624 13078 372 15494 1218 6307 133 9310 2563 5019 10768 1120 424
4062 15497 17935 9836 6234 5855 11312 4236 5877 17869 7239 11262 16686 13282 19756 13777 13414 2615 458 7830 11502 18756 14206 15499 12014 11972
13577 10259 12607 16888 1793 10515 1187 10968 8677 1092 18429 18969 3005 9574 18518 13102 2582 17155 12719 6759 7250 8487 7370 15514 18255 6406
1090 15426 5938 4425 10860 628 2160 4342 16627 16065 14972 16408 13622 10812 12700 3228 14223 8599 1454 14518 12464 11091 1192 10358 5906 1509
5537 12439 8896 9856 7672 1168 12026 10153 12090 6905 7573 1038 15807 16943 17859 9960 443 2776 16439 10066 17793 13539 11381 17310 581 19445
11787 12417 7368 6682 7432 5392 1419 4578 6165 720 8885 5462 6280 2647 5839 6125 12902 407 18015 16561 6493 7178 18635 18915 1595 7977
9343 9708 3673 5129 19132 12453 9511 10120 16010 11353 3084 4924 9207 714 11715 1966 2742 13513 6346 9024 3040 7638 3341 19608 16336 858
17999 19807 14420 5210 5461 18659 10884 18858 19170 7597 18359 10645 4263 12140 19462 15634 5384 19266 1647 1269 9514 17542 3033 38 10410 18033
779 7757 258 18742 6281 1581 17528 5660 11659 4754 563 8130 16873 1324 10166 8478 11828 14996 16650 15291 1188 8947 7731 15265 5647 1944
16764 9578 5105 3005 452 12615 3207 1228 19979 18922 17073 9462 19602 19821 980 17971 11135 9759 15441 12391 14253 12837 1321 7965 15669 2217
4538 8346 2892 9476 278 16402 1437 12098 3188 19248 4077 5841 15632 13572 9915 15192 17716 19817 17558 405 6129 13146 18905 11951 13932 14640
12739 18472 17929 7678 7368 3196 11497 5298 4252 4365 2188 7521 8151 4083 3835 14357 11759 19161 5468 9344 5870 6698 16430 17036 15673 996
15079 5224 1578 19537 1462 3012 10011 16543 8855 8869 8749 10568 17349 9582 19078 10659 10419 12554 17945 4047 5870 6204 19989 10408 3235 8693
8507 14367 12941 12194 13543 4531 6542 10938 15346 4059 15752 9273 6872 19814 14886 12394 9318 7976 17984 566 13319 19958 2834 6449 8815 186
16465 13069 12387 11284 19489 14440 15964 19767 9307 7483 6783 19839 11909 7420 1468 15566 15086 7254 15895 10504 6782 4974 7469 1468 12137 9628
17420 11945 6346 4540 5808 13255 10932 5406 15483 9045 10496 18283 9751 5100 11844 12829 5169 11132 19579 8076 6491 4668 13333 1083 9302 15657
5038 1326 7243 629 959 4502 6406 1384 8798 15399 5395 12068 18298 3626 19752 1187 13451 523 17651 8563 5600 2472 16975 3140 19408 14784
571 13762 14654 17127 13846 3832 10765 1213 5780 17978 2460 15253 13448 8895 7823 5650 104 7965 713 4809 10266 18729 1044 10395 8998 17949
14913 2256 814 3537 12936 12861 18019 12973 12535 8064 18152 17921 2913 915 15710 13485 2021 651 10017 12493 13501 17456 5525 10713 15904 16857
808 12830 689 10186 6238 14816 18575 7031 1563 14240 13642 9775 923 7443 595 19407 4343 7697 2837 17828 13245 9052 2509 5807 1985 19728
17187 6847 1632 12970 2120 12874 3447 17835 14701 13556 7500 10734 6701 12403 6082 14624 16895 19555 8142 18815 19476 17720 9671 8915 9507 10259
10033 8084 15589 9928 2435 10212 11114 14918 8467 8533 18728 930 4587 6506 7960 13280 632 7374 8818 712 17722 3806 5226 14282 14627 9309
19406 4657 1569 6435 3712 16062 7697 146 7510 544 13131 17978 15441 11780 201 19422 9613 17349 14816 14702 12143 3261 13764 5077 1586 18052
123 4046 1187 8581 18963 4855 5155 18684 15212 16469 9224 12627 5085 11180 2499 19721 11554 14459 16694 3464 9762 71 16769 1539 6732 5368
18739 16960 9271 16143 5467 4506 1399 14348 13906 1072 9901 15226 17846 19402 7475 4630 17409 13714 8296 17007 12395 9274 14291 9208 13589 12039
4718 3213 15101 9465 14363 18122 8348 15909 1838 12460 472 14625 4224 18635 14499 10546 8959 15589 9510 17679 4576 19231 15412 1408 18193 15020
4637 7529 15260 12047 3322 8244 2355 15455 7044 14459 5356 13313 18413 13246 17502 17378 11284 19219 10961 6442 8587 3099 3751 2319 4092 16701
15563 18866 13798 11542 11277 8273 11377 1136 18950 194 10574 16960 8931 17554 11513 16172 5363 13082 9441 10962 1026 4745 1280 6 9664 14010
14146 11940 6262 14910 13553 5630 14349 18905 10111 16618 2243 8606 3600 14267 19913 5434 8154 4023 17140 11170 1364 19979 8558 9298 7187 15315
12074 17562 10945 11177 9725 8059 15580 18833 10313 13257 12117 1499 11983 9944 2732 6911 3643 6947 1213 9981 15888 7798 19482 11305 6386 6716
12777 6476 7598 7735 18699 9706 8546 11574 3775 7990 7220 17092 7929 19672 18993 8054 1584 6651 15198 7754 9688 10058 2544 3498 16805 12013
6105 18543 1645 5102 5420 8893 5117 413 9615 12577 13106 15121 2309 17254 6047 6824 16036 9369 4934 13504 7697 439 19820 9265 5604 8429
15035 5747 12656 300 13292 6079 14241 14015 12817 10796 5081 8389 13385 6718 7829 16383 1058 6937 8491 19890 18341 2274 5145 5263 7082 14221
15281 13293 12827 16802 8159 5861 6569 12660 1052 14620 12005 10308 8685 16678 19335 13495 3125 16591 14081 6226 19313 2603 15032 6299 12088 9071
9829 15738 9157 4800 1137 8698 10512 11787 10367 2136 14924 16588 5384 13106 16428 2013 1121 14129 15181 17046 5990 11196 18699 3822 3369 5614
18302 10713 949 7658 4680 3421 1791 160 1632 16202 1962 13980 8744 9913 1415 11821 5349 15771 5578 6612 13445 18620 10672 2141 17268 16631
4849 10874 3009 19670 2052 68 13295 9887 16057 18904 662 1212 6116 19024 446 4460 3521 3790 3530 1830 4543 17415 4095 2643 16503 780
12091 170 16656 13825 11675 13310 13571 16904 5291 19264 4983 15797 13323 5345 12088 17075 4785 12850 6817 15527 7517 3488 3775 7375 856 2486
814 14821 15107 16275 17198 568 18307 175 5547 12127 13021 2740 5632 4788 14309 5658 8557 9350 17717 14874 7723 8862 223 2800 2093 8099
6252 10308 18131 10328 7780 16603 14939 17409 6644 11128 1697 6544 1520 5192 5938 7352 1189 15653 15645 112 8613 8729 13803 10744 997 6158
19614 7510 8111 3687 3862 9966 2943 19600 10591 16065 10697 11082 514 11590 8505 15799 16976 17342 16467 7838 19574 19208 19212 10788 19982 940
1315 13507 17972 4942 16441 8385 16531 434 14540 1869 7586 592 6061 277 3461 5496 12409 4356 6978 17908 10876 17846 18056 1734 7583 17918
14150 9492 13774 19002 16905 18239 11909 165 1261 8049 14552 16038 2404 19840 2382 16560 19933 10551 8363 3470 13108 14481 4350 19851 4493 18825
16016 11591 8183 15083 3889 2446 6164 5804 9314 14691 1307 5072 13075 18833 16467 7356 16472 13195 17151 12835 5182 14337 6181 8441 9097 17237
5938 17259 7416 17141 13248 14846 8900 15669 1736 678 9858 12709 11828 9568 12445 8667 8740 9692 7556 9370 16405 14774 13679 10719 8771 2784
18971 9684 19859 11674 2582 11586 13927 15101 457 1874 18750 7267 196 165 1862 13900 8423 14026 1049 13541 7609 13496 19545 14715 2769 13208
13991 7683 17441 8978 18210 14481 7662 14376 14571 18320 9226 5360 405 6654 1142 1660 11406 10582 9273 1704 3000 8917 684 7799 14175 7105
6418 16717 14121 6857 17312 7056 2158 11138 19245 11807 3386 14628 13582 15127 16332 7820 11662 2162 13112 12978 2758 2656 15812 15393 17990 18263
16500 8738 17764 15571 15590 11927 5097 6105 14542 10699 17139 15049 4507 3374 282 10204 4523 7280 9698 12415 10333 17697 12256 16725 18524 8891
12702 16536 10904 12028 623 12021 6398 17505 11869 7179 16624 14759 230 1356 810 1024 15491 12833 18602 6111 4525 15593 10066 13497 13425 3365
6715 207 13179 11256 10610 17682 16227 9625 798 5407 3343 13144 8904 10414 14532 7019 17738 16007 15879 7322 4494 3642 17885 17961 16454 16129
2833 8093 18966 14169 15184 12428 19700 1177 15425 9608 17867 19623 15906 13728 503 10828 2048 11172 18034 18673 13673 5204 2242 670 1063 78
8454 11189 4502 3273 3506 5316 18390 12589 9958 4898 17993 2722 10529 1650 9984 11075 10700 12027 18264 13771 4587 11338 14413 14940 12212 18522
9087 19113 9472 10737 15057 10532 14924 11107 4564 17008 14455 18761 16026 4165 18651 9514 7990 15541 2087 4736 13017 16466 3647 13765 9570 19467
14719 3179 2617 7461 87 268 12116 2151 14984 15462 9229 5883 7891 8288 16365 10476 11198 9855 6880 2072 475 6497 17676 11644 8632 1811
2425 5189 4631 13230 11644 689 13079 13429 1780 3530 9153 19771 526 3582 16768 11453 756 15925 9262 2537 13587 7215 9035 13164 1240 6813
3259 8827 15140 13962 9631 19577 5902 1414 17659 19339 7942 14206 14147 10738 10079 3442 10163 14284 5695 3917 17578 2564 7617 19816 4132 17450
17877 9557 944 7058 6760 4879 9113 15520 2096 12297 15512 11787 4414 16181 14308 16729 12982 4977 11263 12248 1697 4726 5709 1438 12068 7283
14906 7099 14110 14513 18844 18711 2792 17090 16346 17163 16860 227 7039 16701 17066 2589 11379 13339 3168 19399 18605 10002 768 10151 648 19785
6268 6271 1129 11984 4369 6592 3511 12319 7086 12778 1736 11609 8167 7573 17922 3178 16507 15844 6349 10731 13893 3327 15525 16956 6892 1877
13879 13599 1506 852 14088 109 10845 11803 10267 2099 7563 19185 8757 1977 8669 12714 9673 2101 13757 6561 1707 9369 3725 8262 16273 11599
12795 4748 3382 11306 14070 19137 17111 2147 5966 4519 908 9902 3367 559 14226 10847 56 4317 15779 18774 12496 11999 9176 8216 2863 8750
608 13042 9980 11582 10008 14230 7012 10983 3625 7049 14570 17617 13518 8856 133 11394 6227 15086 1846 1636 6929 16714 3928 12109 13607 7204
1831 12718 19719 9671 6800 9337 2685 13225 6998 3084 17779 18473 4499 18604 17177 19583 8023 1538 16355 446 19876 2308 12802 10236 11194 3848
6297 2509 8498 7893 8180 9332 19314 17040 15825 14200 1371 1054 10674 19638 14558 16990 15553 17603 10404 7521 6848 8064 6102 17400 1921 16759
8062 9666 18233 13102 13821 12985 10324 6637 3311 3774 13992 2866 18540 15094 13318 10854 2022 9848 15479 15709 911 808 10164 18425 5230 5525
4710 4167 16643 13426 19147 793 18942 17022 1518 17958 2894 12322 1313 2550 3142 6792 19008 9689 1056 14488 19077 1236 15339 18563 16757 783
9086 2586 15061 15833 12065 15950 12863 17802 3515 6760 19135 1518 1865 15785 9361 16331 4442 4380 12258 8881 5591 9013 9707 17817 2780 9740
2716 902 534 4784 293 1672 16805 12683 6056 3546 17985 11030 8816 11790 18774 15531 13535 7887 11796 15400 17524 13250 15013 19645 17804 15177
5179 18277 9087 15378 12887 17437 8827 12525 9680 19204 19198 12445 19303 2364 18185 8771 1974 16607 15604 17977 12845 8703 17697 10610 10818 5585
10635 14126 4025 896 10949 10463 11058 8230 2744 3095 10897 8522 13634 13380 14266 14983 5355 1164 8813 4632 9176 14083 6339 12256 12565 19356
7828 316 18852 2248 10224 14617 8363 1116 19341 11792 15682 7600 7971 2070 149 217 17801 2074 8543 4842 19336 16219 10654 9869 8521 1006
17594 5499 11926 19208 6314 19434 407 1694 16446 9402 15236 5035 4475 10794 15950 13414 14057 5570 3939 3337 11737 3151 19513 18198 16513 18748
8516 6222 6794 11515 17579 12061 308 728 1568 19381 18341 15731 16743 12377 2626 13575 12992 17412 3697 1428 16433 2041 6826 4285 13234 17448
19581 14702 10113 17179 11111 9181 11945 1582 745 9481 12055 10265 7620 16295 14172 8887 19653 6029 9139 11291 18603 6313 16934 11761 7658 17100
430 11856 3112 17600 10783 706 16991 16275 4584 1759 15327 14579 16770 14146 13844 9982 12106 12458 10975 6635 2582 5359 9795 9497 15985 526
4037 10269 591 16586 73 4565 4883 875 11784 18014 4864 12688 150 7926 851 5998 11068 5716 5235 17367 9369 19761 16780 8643 5801 9587
8948 5342 17145 626 9929 13214 10727 9513 6533 2190 13966 6266 3544 17376 16862 10752 18984 8750 9765 7531 10300 13152 8598 13627 16211 10668
9539 4051 14146 17345 2747 19075 12017 16996 3709 16483 1599 7596 17039 8379 11528 14906 10984 3051 13092 5967 5660 4806 12251 19406 2558 9065
12048 14256 17814 136 14937 14707 15026 4021 17827 10896 18887 7836 16377 14774 8054 3434 8508 14862 14795 14424 15336 11188 282 7841 16381 19446
9914 2522 13132 17452 17602 8950 17716 12880 5563 18318 17927 4270 9057 1862 11726 7559 14293 3204 5703 10872 1666 15560 12211 2765 16251 5869
15785 12279 7227 608 6841 19013 2178 17148 3751 3419 9619 4437 3645 705 17990 14179 18897 10959 4430 11235 17851 7327 2033 6206 15489 6002
16294 19146 15973 15873 5388 19737 4186 12229 6643 13797 16375 8939 13886 13266 19588 11035 55 4141 12363 2909 17324 12455 12668 5568 5328 6371
8536 15994 13084 6839 1361 14159 4822 10582 10233 18833 11535 4571 18246 9170 5758 14605 9629 2476 4222 5491 10683 8868 16834 2847 15858 19171
18231 13688 3242 14397 8457 4895 18546 12707 13423 604 10065 943 5429 8325 5857 17046 9344 6250 6070 5984 9811 5730 11614 9998 1494 4244
6122 19101 3414 10966 3498 7372 6341 926 13747 11071 14715 19634 16417 14924 8839 6287 15310 8816 2846 12075 12964 7434 10646 1504 5907 15134
12985 13848 2944 19338 17258 17034 12140 15647 1019 15150 14911 11191 16430 15616 12501 8238 1100 1839 9958 19309 8503 1873 16007 6675 4549 9879
8892 15896 3249 7074 3026 2124 17634 15316 11327 17977 17077 18495 14494 13392 5401 2412 10313 12295 14692 2867 1854 13455 12364 6543 7615 9702
19612 7818 18190 1406 563 19097 14476 4272 10009 9328 16568 16459 9579 2274 5636 7557 12776 19637 16911 14180 18468 2838 13847 575 13510 5938
3999 18070 7103 12468 19522 16102 18883 7880 19982 659 3125 18090 15548 14012 15469 11248 613 14446 17601 4080 16113 5491 16536 7019 9944 17751
3125 8909 1733 9609 18679 7087 1436 6300 15746 10062 12656 7704 12420 16971 17020 13252 5005 12559 18697 16901 7740 2465 5653 3119 15793 9464
4702 2530 6596 11625 4445 10346 5021 16722 2473 4392 11824 12641 15209 10969 18083 19724 9424 2842 3138 15801 8354 16945 16539 12528 17674 13467
5341 17545 18423 3857 18462 1740 16138 4320 6297 2815 18035 12201 11175 418 5029 12849 8992 4966 8673 17223 19285 11763 7167 11262 1156 3951
8434 11261 19241 9596 14941 12781 12802 14610 12938 14766 8757 9800 2776 6738 11718 19914 4362 1013 12327 19565 1992 19767 5185 19270 9854 1551
11637 739 10658 5908 2269 8169 9379 5282 2951 6504 487 12547 1681 16028 10247 19117 16506 648 232 16556 18895 6343 14585 9940 1989 6103
2976 12237 12071 11937 9130 2512 19573 12640 8608 12267 12279 11302 9029 11439 1305 4087 10758 3308 8904 6801 9840 9116 10135 6077 17956 4386
18966 16152 15820 2020 14772 2366 15614 8229 5450 6130 6127 17036 16955 10129 13607 9405 13216 11277 3949 13994 10415 12380 19071 448 11383 8488
10743 10570 4231 10469 1775 215 11818 15650 232 976 11629 17343 1240 15963 3932 5719 10538 273 11031 11377 2715 5215 14066 18858 2008 1464
89 13361 10506 19147 2000 7449 2508 10342 9131 19429 2709 5515 13025 14044 9699 5225 6071 18116 15666 10929 19107 18965 14688 10551 13243 13604
2060 15431 14533 11332 6704 18791 984 7525 15994 15492 14990 1061 6071 17600 9948 9597 2933 7623 6714 9430 15694 6118 18144 16543 14115 15675
8919 18476 14012 14055 19863 18825 843 13911 3300 1436 13703 1881 6277 149 16895 7236 18714 18461 3764 5090 17464 13038 2252 15127 10522 1608
4741 17207 696 5067 17599 11105 8029 12025 13163 16975 16935 10515 12153 14762 11092 8718 16707 16920 3884 12885 12544 3794 10431 10219 5182 14241
12724 1721 816 7073 3162 4603 15707 15653 17170 12440 2167 6247 1804 9591 4385 9401 664 14330 9931 5443 8422 4845 15165 1306 11739 2225
9375 12434 12008 2799 18725 4057 13599 2348 1141 15293 4692 7203 8532 11342 12386 1297 2533 2175 15054 3055 13018 2037 9528 10531 19325 12297
4060 15257 19448 11851 3402 10026 14111 5330 3463 3767 19792 4379 1537 3112 11981 17114 13493 14710 11154 10259 10045 1652 14468 16451 5867 17499
8924 12805 13354 11811 13634 5172 10931 14012 13251 991 14779 13119 4911 1413 11664 10330 5028 3183 15991 18235 17717 14832 16991 17695 9439 392
7358 18393 13039 12022 8713 15257 19374 4059 17066 5201 3258 18582 12685 3124 172 107 3388 618 13193 7781 1106 19370 2467 19892 15706 14369
17398 18960 16971 15019 3795 5455 19203 4649 8016 2352 4580 13180 5110 8647 18197 14673 10814 19919 10227 8542 19914 12859 6064 9661 7084 6303
5168 3825 2606 10158 15866 5983 14963 8552 18284 994 9890 13448 19163 19314 14384 17415 6301 827 8362 15062 11337 14266 5935 1520 15954 9769
13376 1593 9729 1652 811 18254 15427 3145 2673 5143 6282 849 6519 15949 12894 1305 3477 957 11405 18747 19591 11199 10138 8901 5334 17651
4097 3370 11406 11673 4483 15234 17944 2657 5132 9021 4243 8987 12053 4505 15488 9481 10260 17898 7545 16781 19485 15993 7074 7480 674 8565
12733 13767 2914 1645 18359 19545 1157 16686 6098 8459 1204 3365 3151 4941 3291 14486 5081 13990 19446 96 17238 5361 19840 3991 6355 11687
8281 5862 14967 645 5673 8348 1176 4705 18332 17854 7375 13316 8301 6400 1782 8867 9316 11731 4957 17378 4423 4737 10095 2705 11109 12463
2328 19614 5632 3584 3062 366 2986 4362 10134 6194 7248 16091 9916 13222 10775 8668 18991 340 10978 7652 9099 16041 19492 14044 10273 3426
5920 18022 6625 6994 13809 13484 13702 7760 17062 14574 5895 2566 4977 5003 18497 11066 5813 9244 15084 5794 14004 10857 11916 19171 18326 1477
18769 1554 12741 17303 15380 17338 5700 1115 8939 7124 3821 2399 13340 12740 1169 1595 9168 16342 6135 17360 4716 11886 9673 18502 3534 18908
5501 12732 4733 1606 10284 8786 8063 8106 15473 15015 2658 1665 15688 9507 447 19892 5048 2603 1826 13042 121 774 16197 4376 15909 11635
8649 18009 16959 15891 9029 19957 16264 1139 6657 8728 10557 4794 13049 5848 15371 19230 13026 7976 17538 4177 7417 6125 15112 14781 17044 13967
18340 6882 68 10980 16387 2060 18119 6251 3626 15628 17667 1152 10489 5303 8926 13565 10682 14497 5677 11927 13379 16057 15934 13606 5309 12432
8577 922 7422 16602 19101 11846 6231 7360 2421 3361 6231 16521 9991 11858 3954 2937 3257 6882 3785 15775 4746 16681 884 1823 1834 17930
2738 9653 1393 625 16228 16933 6567 15514 11314 8988 9834 9314 14068 9003 3805 3571 6622 17848 12139 15019 6091 11998 3825 16698 13113 12190
12083 3529 13801 12653 11957 12853 3355 5851 3872 4088 2083 8958 18380 18492 5512 12655 11881 10523 2531 19543 11264 5769 3920 9367 16145 7167
11133 3030 4 7146 15745 4174 19776 17345 12404 2919 3710 12984 991 1976 2260 17458 12385 8763 3090 11129 8372 2115 7959 16270 15836 10028
10325 14694 4461 1638 3420 16649 15880 2153 15229 1084 1678 11132 11955 15602 10663 45 13665 11796 3902 10808 18686 16585 13715 13114 14587 1832
9400 13395 17119 9303 3633 13291 497 9994 19541 13342 9230 10903 9782 13965 19196 10761 6882 8672 13130 10243 5919 7231 18819 18850 1946 15724
12629 16920 19637 7113 7170 2352 7812 16498 17095 1947 10022 19483 254 13095 17547 1307 16709 14797 2735 15303 9748 12744 394 18971 13239 8907
13717 4228 16436 18625 19601 8065 19826 6548 7407 9069 9293 1688 5343 9731 12530 14289 4594 13076 3770 14547 17183 1922 3919 19990 7353 5595
3867 12570 16027 13029 15452 19638 19807 11148 10482 11964 626 13870 19983 9419 17629 14707 11997 304 12248 18582 19329 7935 2972 1157 16576 18384
15461 13974 7555 6281 16761 17435 2606 15452 4284 15770 19964 9205 11538 16223 17868 1083 7883 5324 2401 9183 3907 4276 5276 6166 3902 16275
10668 2152 17806 5734 15843 4837 16743 9268 8143 12456 8774 19292 17765 5020 12832 11211 12091 15837 5498 14922 10921 15895 3745 15695 15099 13630
17447 14119 18100 12744 17428 15600 5458 19805 4735 6690 813 17455 13567 1891 1578 16882 11922 19576 15578 12548 3740 7617 10464 9573 15349 13319
3515 1025 3462 95 9014 17128 10401 19870 904 9744 6098 7696 19527 18183 16420 11954 6579 6559 10342 19647 15566 19647 17663 11185 14125 15212
14748 3113 11581 15820 19195 8697 8976 12800 8732 16893 18028 5221 12577 17004 8540 12262 13730 19932 3066 18474 3136 10293 16307 14871 9570 19605
9630 12019 5155 17577 6396 888 14288 15433 1046 17798 454 11159 17722 550 7847 16149 1189 19988 18497 16759 12641 7924 16788 1339 4482 4935
17152 2982 1447 839 277 369 15549 3908 17814 49 17159 12133 7056 2537 12401 19040 17154 6065 10590 15718 7493 11406 13266 3402 5722 7074
7549 14925 13134 655 5391 7206 14283 4587 9932 4556 2458 13778 15492 18001 916 13513 17935 12268 13680 19081 19308 5868 10627 18504 9279 8781
19609 11741 19425 9064 9251 12701 7244 893 13397 2911 505 5286 17995 6008 2927 19223 6827 2619 9413 10930 7398 12128 3705 8895 6386 2881
11607 12962 7848 15599 19481 16320 10829 17321 711 2768 8880 16822 19771 2365 718 6855 13678 10108 2907 1508 13187 1630 2977 12928 19133 10815
16120 18722 19448 8570 14166 7335 11448 2542 1029 16004 2319 16969 17226 7535 9236 19979 18665 17754 10345 10552 3947 13397 12425 10105 1709 18117
5646 6527 2205 10176 16894 14976 13689 3873 6151 12768 7867 16653 8469 15967 19205 18544 17632 8467 10798 6164 8177 16430 10868 16977 19454 10470
19108 14104 4364 10602 16316 14351 11564 15563 2220 12235 17971 19071 15202 9569 11574 776 5673 2586 3778 14054 6029 7163 19318 10854 14386 7718
11945 2001 9910 13166 6571 18470 9380 14142 5127 5293 15358 11855 18237 11784 7457 15588 12943 5909 8939 9997 16269 4535 14531 5041 3366 8486
7710 7061 19881 19669 13825 12841 17501 9696 1473 19806 18711 9884 16198 3363 4176 10868 14094 1759 13651 13076 9469 6877 3264 4484 802 12213
14491 16692 18194 15753 8182 19825 8036 944 18258 14862 11410 14774 2175 19504 9035 579 14236 584 12655 1824 15053 6075 1525 2867 16476 18884
7146 13818 10591 900 4992 3736 9173 8377 5225 15050 14181 10 14211 992 14360 14231 7727 10701 6157 9974 5537 15749 18736 2495 19485 11802
3477 14664 2394 13518 14565 17297 9284 8046 5848 19399 1914 2204 18566 6057 2581 3258 3174 1796 11566 3830 5444 14539 2204 1140 9117 10678
10007 13863 11386 17946 10821 14754 6365 455 4669 10009 11063 8689 5537 100 8833 18557 10598 2141 5949 400 15333 5480 5593 19420 3556 378
9013 18748 6245 7109 9721 14044 17283 11181 196 19476 18004 19960 11483 10032 609 5991 246 6718 4936 18357 8619 7837 18881 19724 7540 17539
6411 6266 1888 1099 11791 8171 16485 15744 13972 7161 18592 14677 18703 3149 119 11548 6895 16105 9783 16817 14668 3475 14976 6961 15008 5149
8714 1693 12190 3233 7208 7387 6527 232 1977 9423 19338 4464 12561 8787 10014 4321 4879 6085 3882 19517 5584 12821 9021 15458 2371 4583
9310 14006 11534 18935 814 4055 866 2452 2738 15850 17062 15475 9750 10750 8538 10546 14439 12379 10840 13097 3204 9748 17736 13098 2830 11895
8486 9137 631 17849 15267 11249 15356 5945 12727 15593 6292 1173 11473 18513 9262 10606 5840 1506 4987 19453 5610 2053 17111 6431 7333 424
13789 10988 5678 13093 3809 5222 12604 8978 8821 8191 11558 4072 19738 13477 7293 2121 12807 1901 10389 11869 619 10209 12896 14704 2390 5919
5844 2570 6719 683 5620 6169 11000 10785 18447 19876 19791 4079 6597 841 568 2341 19987 8682 12677 13934 17008 3352 892 4281 5196 18379
13988 19261 12534 16351 8220 13386 16911 510 9150 15819 3681 12720 17352 7873 4966 16534 14452 184 13036 10347 14289 16165 10549 3376 13092 9287
8839 2778 9023 6670 8929 14684 8900 11221 4770 3944 3670 17819 18272 12607 10300 18681 6694 17613 18601 12493 4566 13748 5452 6892 7733 3442
19141 10055 16013 9301 19656 13294 17863 5878 9092 15329 1132 9289 423 7616 5763 320 10511 2537 7124 11526 9126 9671 4432 17870 4587 6508
11048 12547 8579 14789 17155 15902 476 15022 12755 3162 19176 10888 16938 3007 18199 13292 491 9910 19841 10193 6871 12079 8313 18737 15202 16284
8914 11917 15381 13440 12632 4691 3081 18326 4906 9097 13864 12412 16202 7546 14739 721 18887 18558 14179 13701 4940 16737 313 10811 14512 41
7429 15373 7164 4823 3229 3926 6374 11430 5853 5626 6909 11850 9174 11144 656 17656 3653 11971 2789 4158 12129 8635 10334 7309 7807 5823
12730 9432 16233 16354 17049 12385 17697 3871 590 19285 8494 4130 6692 4998 6089 18423 15515 5288 19945 12925 7895 16392 5544 4778 19548 6279
151 10981 17406 12819 13975 16887 16210 1115 14758 10354 12520 1742 535 9328 19762 15961 9671 7616 13406 12916 1883 3568 12916 18876 16734 7608
16472 3532 19312 11965 2265 16836 14977 13066 635 13791 12033 18903 6933 14375 3740 1157 7702 12320 3460 8887 7861 3396 232 4245 5508 18872
18200 2098 16098 17040 13498 11119 19524 2393 4571 6145 10829 16704 3542 16564 10806 19678 11871 6917 2805 19519 5696 17848 9846 16496 5558 9183
17559 6989 13912 3408 735 8749 16721 4726 17984 10333 5270 11001 8274 6672 19329 7703 1857 18340 17560 2650 12681 17993 16431 1467 18916 8637
18083 18576 1997 6355 18369 16052 19314 6529 8964 10854 7481 5507 19223 3192 12997 16604 18302 18218 13048 12985 4327 10443 8782 1644 590 7912
4812 1806 9591 14085 18765 8613 1791 17350 17757 10921 3760 4961 7706 15171 18433 16686 10433 18198 5496 9245 11345 4685 13343 5753 6808 6747
7426 10071 7648 4330 7609 9107 11658 15319 10732 10797 18666 5132 11889 17599 14905 10146 14575 18767 4303 17308 814 17974 10249 9266 18342 3404
9759 4727 19049 7838 3837 2284 12793 2818 19236 14456 11113 3801 15174 7685 1090 18827 19650 7129 13065 13955 16300 9696 9534 1585 11556 3195
18197 19659 3967 18743 8686 13169 8381 5895 4669 6262 17027 6705 19965 13934 700 12529 10379 17720 19197 15207 6922 8827 11784 7541 11952 12455
2517 9583 9338 14963 2498 919 621 6289 5060 8598 17682 911 14056 13518 11146 12180 12497 12554 4280 11512 4651 564 5231 4870 14259 13897
12154 9638 891 7440 1936 18683 17236 11691 10162 19977 16595 3231 2247 19358 4177 928 11567 4842 11266 10630 8432 15813 11398 6783 15866 15180
14352 5636 4967 11533 5041 780 7260 1608 2327 16283 7978 10714 15632 7833 13905 7300 14130 13455 16519 13621 8236 2030 5564 3829 16538 12325
10540 9946 19461 12210 11878 4000 19163 4903 12679 19265 16074 4963 9899 180 19723 3541 8079 4201 16943 16304 6261 12898 12099 13316 3643 5006
15502 13890 37 3417 19070 9880 9350 55 4889 8342 19904 6666 5366 3534 17278 4394 6762 15232 13212 18886 18333 9842 17239 17826 13923 7668
16069 3639 1698 5779 7632 17795 14000 7795 15702 7187 12133 10474 14533 7810 7250 19020 6850 4300 17871 6619 16863 12159 17294 2171 17934 5223
4546 6434 13499 12689 5555 6605 1711 17521 18793 19626 6120 1478 3471 7729 17980 2928 11420 15600 18019 12961 15386 16481 8549 3359 6155 1384
7072 12589 3035 4704 10052 5394 17740 18667 9602 11920 4178 1281 10876 5286 15748 13403 15127 17782 7717 16150 14184 18907 4871 593 2394 12861
2966 19746 10553 5393 19878 17079 4892 7690 998 18314 13643 14748 7071 8516 15744 9355 18967 13865 5868 7058 19729 608 15143 7482 16075 18501
5628 10584 17739 15632 820 15108 8407 18786 17229 19752 4903 10278 2793 8581 11477 3225 8843 9703 13150 16868 5372 12606 15593 15149 14950 6746
13688 4690 16219 1700 17205 8237 6655 12519 19984 6181 14632 1683 16065 17788 2144 9986 8299 18168 4853 7508 9954 6780 8228 8919 14581 10759
7621 19093 18497 19688 17450 14899 1499 11676 12590 3768 5511 19004 6770 7066 3123 4389 14445 7531 2599 14273 8980 18518 8305 17936 1158 16062
