365
16 2 88 45 52 92 85 4 61 41 54 77 94 19 23 89 80 6 26 42 30 78 37 10 0 91
7118 8008 12966 11390 5114 11604 19820 11474 14800 17452 14155 19589 7358 3137 13221 994 3219 16979 5813 5771 19512 8522 19834 17972 19254 14818
8063 1833 19930 16636 542 14631 19357 7352 8273 3762 19072 5031 18313 11760 8212 8190 15918 1869 63 17988 2297 19571 13454 5364 8450 4498
3900 14805 4366 2057 9860 13032 7821 4871 17028 1505 1450 680 6037 11008 14744 1601 15587 10078 2794 9397 11762 18457 12757 10951 4030 3262
12180 2011 17851 11139 8783 5233 12034 3502 5827 6389 11669 2625 1381 15495 9904 12474 10897 12390 1506 16209 5180 11152 3687 4877 18368 16054
68 3392 12201 18329 18659 13320 1811 7767 16762 10651 3447 19369 17959 422 15563 18213 19227 11103 8938 5830 15986 16911 10198 6271 3041 4052
9541 12697 12539 15867 11757 6663 6863 19049 9315 4487 6217 3457 17471 18765 10020 11113 525 17409 10297 8619 18074 13090 13029 12280 15940 11960
18453 12083 5256 10939 8360 8750 11147 5109 6378 12899 6227 7142 17366 16073 12239 14779 14395 12196 4954 17682 7983 15246 9293 17987 9011 19251
10834 2632 7164 362 14433 8078 7510 14828 12922 1081 3840 15756 558 6425 14967 17721 11582 16604 19022 6268 3057 10547 18929 8364 5851 19766
15341 3676 3509 4190 9583 15786 8876 8082 10189 726 8756 2183 14507 6377 2427 12427 3551 6113 4986 75 7419 9902 9753 11023 9492 14550
8661 18777 14735 15793 7795 15879 17759 15320 13801 7493 6635 17103 5526 13662 17595 1249 1695 1004 14376 5279 6766 1095 6953 15322 1871 13660
16177 18784 7376 15259 2450 13688 6725 1209 3508 3432 3756 11783 4500 11055 4436 12504 15906 11917 11261 264 3486 15121 7638 1311 16389 15022
1379 10716 17969 6704 13895 218 310 16354 16904 19440 9431 14141 12851 2185 17430 13708 19965 1945 1873 18605 18689 531 12018 11630 18544 19205
18383 8939 12608 5808 8035 19343 10848 18926 14574 5448 6163 2364 12834 453 4786 4075 8201 4780 17644 13923 9485 5813 2046 16770 3460 12801
14138 5001 14537 5067 12627 942 230 19648 7995 15859 18492 12992 1964 530 7575 10902 14245 9426 2272 14385 19689 7991 16008 3324 11854 10789
11211 10217 11337 14393 7648 18154 13876 3506 16061 9242 6503 11824 9583 4613 4797 4898 3029 18990 13689 14534 11306 15278 4757 16470 16037 1359
4863 10743 16052 692 7015 13143 14041 5309 17586 16686 7189 15102 5569 10934 12708 7069 19489 9618 3794 3766 7924 12888 2131 3941 18125 4242
656 16096 7921 16808 3785 12374 4126 10023 14347 1470 6708 1960 4499 13057 17992 9227 11829 14379 18288 6925 8790 14164 5202 6150 15868 3617
3107 7578 1892 7982 4969 6966 5253 2937 11623 16943 13773 5463 11622 15369 9973 19794 4763 19863 5620 6048 11609 7069 10701 17747 12029 6916
3614 8753 7037 3111 10100 1131 11004 625 4389 13455 194 6546 4209 5626 10830 15179 12733 12488 6570 8951 17845 9483 10394 2559 15408 9378
15621 8389 9631 14374 8175 13354 16841 19103 13839 831 4598 6212 16772 13161 9317 4778 13915 17993 15051 13024 12493 10693 18646 15808 12106 5143
1879 3341 17646 12830 7376 5771 9895 14851 17583 16110 13540 19089 8306 12687 17999 4702 8896 9295 10513 5844 11951 19061 8324 12893 3905 10584
18264 6144 4189 5384 15122 18 477 4098 1393 534 5220 9372 1201 18027 2421 4495 1707 3728 7325 4852 7229 7609 11554 8907 15284 19428
844 15406 9934 14904 4084 16538 11989 4003 8337 19530 16619 15446 18445 9222 12608 18231 2539 19908 10065 4127 15225 17482 9433 1718 10942 16757
6618 12532 7461 13284 2852 9558 19668 18177 6549 290 6936 18560 1895 13549 6480 3226 19702 18840 5958 17679 819 19692 11187 18987 8877 4453
9319 10618 13511 18945 18944 14229 15870 16465 2937 810 14529 19439 7033 13010 7134 11958 17619 14420 14387 8040 9404 13927 16433 4411 13576 14748
10786 6026 14247 17436 5090 4238 6275 2080 689 19565 5022 12559 745 19310 5177 5349 3038 14042 16405 2616 2751 13470 13717 9344 18912 9609
12693 16415 19323 15458 5864 132 1428 11277 11394 19123 5520 19036 4310 4782 17612 3014 18878 8893 10074 16698 11589 1964 11812 3679 12837 12857
3671 5184 19197 9388 11851 17061 514 15572 18947 6242 16399 4079 19729 7381 2265 11722 18322 540 19048 12499 13363 7496 3119 11610 742 15189
9463 6105 18421 2914 5815 10635 3866 12427 72 13034 11898 14551 12657 8635 8446 18306 9819 3281 8825 13317 17932 10212 11625 9375 6195 11916
10456 18079 5228 4792 11501 130 3868 2404 18616 9736 7046 6829 3625 6534 15794 10475 9917 7392 2955 18735 8079 8186 14602 601 8079 5255
4326 9184 3710 2699 2826 10156 4894 5601 14908 15295 15852 13423 268 4640 4707 9340 14130 3791 13017 1950 18492 16688 16698 2267 16684 9397
17023 15396 18 19519 17173 11663 15025 2969 19194 9915 16463 10774 7556 9194 17820 8356 10985 5507 4964 3707 15292 3732 14022 18188 12624 17762
8399 3400 11547 17499 2872 18661 7657 10604 6741 11171 10318 17064 11866 3569 18903 12678 3233 6193 8710 3144 839 17954 6760 353 6702 13835
14447 14316 17053 4720 13164 17783 11894 7421 12236 10594 13411 17809 14502 15715 4798 17316 18035 4622 3326 13535 2200 10513 6692 6477 306 6631
7831 12773 18055 6380 10602 16646 1228 2101 18360 4901 14877 10405 18730 2791 11234 18100 2914 8395 1432 1295 16341 19234 4231 17081 2145 5375
543 18508 13305 3843 12181 6018 14522 19759 12409 13053 19392 12534 9526 17641 15299 2328 18565 7312 5618 14305 10052 1762 8197 450 14434 15898
18552 5358 16730 8952 1922 13201 6391 8326 19337 5612 2912 6823 7437 11434 17850 17231 16570 16143 13791 219 10023 15745 4062 11016 1393 16775
1266 650 13859 19787 388 7024 18002 6504 8247 8236 1707 3494 12590 1992 8878 12998 10570 15456 348 3368 17866 16625 5058 19366 3237 9905
14102 4658 15643 17641 18558 17024 8746 5552 14210 10068 170 14415 1173 17311 5754 15173 14790 10980 4091 10889 5607 13444 19019 9746 12312 14085
6204 7911 18867 15384 2434 4029 16466 15595 1441 1987 2068 4657 6873 17369 2611 18764 10027 15981 11381 11281 13171 1671 19427 4600 16997 7131
3503 13472 6443 18113 15757 16513 10126 17518 6623 13331 5118 5658 19572 15518 18667 12971 16215 10394 17368 9064 15189 14605 243 13405 1912 14760
974 14609 9948 7437 4138 11093 6714 12906 13703 9153 18884 12465 18129 14095 18088 9235 16255 19839 1734 7895 17909 15616 14386 870 3293 10988
12645 8694 4296 18145 17806 10607 4513 14146 5452 3442 8875 5988 15859 5626 10424 4611 11280 17617 8503 14455 7022 3859 8938 18775 8730 16248
11540 7559 19393 1568 1996 5273 13424 12849 11198 17822 7736 14293 14150 828 18320 7413 3206 16849 6916 16095 7711 11441 16033 4258 4020 17019
17616 14722 3307 16081 4515 7711 15351 17236 13899 9670 14902 19304 9047 3812 16480 8289 5900 1743 18448 18095 3073 17168 15060 12051 2963 16856
8497 3846 16194 5550 15083 18513 10529 16042 9145 16443 8147 8142 15314 11977 19641 19529 2593 17507 1517 14853 9844 2624 13488 10271 2408 7294
7419 7467 19862 4252 18688 1674 14434 4149 5476 1341 17736 18455 11410 11596 14262 19503 6713 9400 12369 10449 13905 18966 2300 14080 7288 7753
10807 13781 19283 9941 5302 13312 19865 2105 11953 1233 10242 12153 18021 10672 10352 7258 14480 901 2573 16767 17460 18691 3262 11875 634 14043
15881 8845 4543 12564 17334 14537 2401 9458 19429 17728 13980 10318 2641 473 1605 1813 17985 14336 12566 9551 5804 93 847 16396 8579 12702
10384 255 5634 8937 6819 8291 14103 2368 16519 1461 18429 979 3931 4207 2107 14948 12960 8548 3384 7268 289 3204 4004 5843 12663 3819
9375 17098 12561 2378 13888 15245 12720 14210 2348 10759 10412 420 4418 17490 6561 7607 19417 11445 1634 61 2282 203 13841 1566 11957 1785
1091 16031 11 5389 12766 11966 4257 13098 7653 5781 11824 18967 3375 7093 10519 13563 2472 10939 19099 323 5992 495 15741 12615 13933 2077
11882 18260 2506 19826 17438 11907 16239 19224 19947 2829 3183 16095 8119 14276 63 6651 16932 17882 5906 14643 10398 2927 14277 10949 11551 8039
16573 5543 5788 3463 8396 3194 15865 8472 1940 19512 6424 17061 17652 10644 18191 5195 882 10068 11953 14416 5702 7558 13045 7204 4754 11346
10641 7327 4811 10923 13603 9987 12117 19698 3381 16726 18173 12142 17084 6863 9213 12646 7838 18105 16723 211 2439 7005 17987 1873 1107 17944
18764 19947 6403 14358 91 19500 4791 9425 19633 1874 12014 5548 18584 14280 13955 1281 13006 16621 5607 10992 17747 12916 18864 19142 18119 2366
15135 6996 5907 6600 14424 10188 3616 7495 3121 8770 4290 9455 19094 7224 14285 10684 8410 11433 17815 11525 11947 353 14643 9458 6202 3997
8600 4319 7259 848 3781 4418 15851 2378 8412 10276 9902 15388 113 13295 15542 622 2737 13659 13940 11537 6196 19720 11975 791 1515 8191
5752 926 11780 11680 12925 9206 18057 9504 18695 14427 15973 942 17784 10898 7098 2283 18116 686 3213 1019 1358 14950 6609 3415 17546 7324
4595 9171 112 6973 7531 13229 4841 205 8614 11866 3133 17640 2020 4155 13803 10013 15051 4033 19613 19654 3739 17227 17310 7244 10695 12472
13765 2006 16882 604 8962 3710 755 8317 4826 17254 896 19940 18283 12290 17980 7642 19237 13807 6685 3083 19538 1480 6405 13157 12201 18720
19979 11933 10517 15861 17110 643 251 9786 978 5158 14903 18255 13814 17648 15476 18499 12220 8444 17938 5598 4487 2035 8607 3411 14242 13835
8057 16340 13063 11232 9523 19426 11671 9860 5249 1935 7841 10418 3750 13241 5707 1728 9719 14011 2686 16697 18975 2223 17427 17411 9278 2892
13211 14434 742 13174 14738 2391 19972 7639 18207 4149 12911 13182 11807 5724 12997 12291 2971 2915 15839 2501 18142 19188 7274 8334 9247 10735
1761 3976 15332 13420 1965 9219 5836 11299 953 19585 16791 7631 18486 11651 5634 1586 4633 6132 7609 4326 6249 2910 7422 553 13962 13877
2450 7627 4812 7549 17306 14702 6929 15871 77 15611 15016 4530 5035 7303 16985 15624 4951 6915 13429 4773 11820 12714 15552 14379 17542 8386
17142 15905 14882 12483 1011 14571 5289 8890 6238 6856 3960 7861 1353 383 9423 2591 5665 4847 12972 15498 12336 16041 15910 5919 10915 18307
19641 13133 1810 15736 13924 12307 979 6579 8455 3746 12830 13785 14701 12937 6863 8255 4194 7240 17988 7104 17979 10936 1791 3114 15610 8341
3079 17496 7000 16422 5170 1589 2167 16948 11065 132 1643 14809 9269 17002 6397 16870 9506 17476 3790 3570 2649 10570 16748 1247 9611 10266
6691 17533 11201 4040 14238 11725 3962 993 17480 3038 15525 8937 5729 12425 18889 8007 1927 10968 5810 17461 7229 18630 18220 7843 7269 6196
4988 12319 7239 5719 13533 3672 7023 19384 10151 5722 18015 1690 9493 9689 6271 14325 1723 3546 9908 5511 2592 13019 13514 2205 9561 6781
4247 16893 9225 14871 166 16552 7622 8532 6874 18310 14011 16934 40 8357 3694 17036 12483 3882 3508 11013 3899 4664 15247 8813 17337 14443
4517 12743 14638 3909 118 15673 19744 10516 18754 14903 19408 14081 18729 18966 3578 5389 7892 4185 16289 15068 15379 10504 4336 3385 13899 4106
9853 6375 19269 10434 19694 3630 281 7886 12912 19316 14702 2119 7964 10718 14827 2270 17929 19825 14152 19790 15478 6057 11203 13606 16228 14643
7616 7939 3717 4826 10033 19806 9891 3613 13062 15702 10269 11106 12217 3799 5828 1793 13914 8865 10941 15819 528 3357 4218 13149 4731 12198
3546 1056 13974 3076 9741 3632 17614 11697 634 644 19265 749 16171 1396 7808 7115 18297 15634 9579 5470 13843 2911 17178 269 13341 4615
9458 8010 16397 3496 10792 18883 7867 6968 12530 11868 19807 9848 12857 10054 7156 14390 11793 8366 4918 2948 17639 8245 1283 8709 15858 2689
4680 16432 15682 6988 9504 13236 3779 4220 10519 17075 11418 9294 17711 3166 7864 11925 5209 380 11466 3784 7016 1780 3440 7425 11779 1248
6675 7476 15061 4707 18158 7666 3080 3383 11641 14931 636 3828 41 1222 14266 5373 17561 17991 15176 19548 10996 5244 9713 19750 13326 10728
4278 15770 950 1282 4865 11826 1052 1706 19808 12560 9478 8626 6822 4520 10472 2451 5156 3891 15333 10722 15737 4284 11160 13989 18207 8114
14446 13220 19432 11529 14616 8866 17355 18597 19353 1789 16933 1570 9026 18002 18651 18939 8182 7573 6438 8833 16489 17544 1097 10637 1078 10471
6895 4649 9425 7928 16217 5572 1202 3161 6334 857 11265 1008 15314 128 16716 16608 12743 7201 12013 6804 1689 19816 16707 16072 11691 11300
16193 12326 6393 118 5302 17491 15976 13151 12684 7486 10173 1729 11268 15152 17254 7606 16843 19193 19275 13152 6450 6272 16259 3664 9940 19490
15503 12230 16018 19468 13563 12872 8281 12319 17215 15688 8596 13443 7420 6192 13823 14071 4850 9320 10588 13619 11737 4571 18715 12366 4053 8393
4607 1522 19875 1843 5482 7705 17133 18253 19567 2766 11989 13938 5403 8901 18969 443 7798 6610 7545 2204 9173 2954 6720 4212 11024 16729
5018 17485 2509 14684 8529 9855 17153 9003 5487 3299 9077 18884 10998 17664 3869 12099 2602 2524 17938 6040 5759 11119 13471 17998 3121 1482
9480 17080 18771 18650 6848 7881 14582 16389 9662 2049 17161 13650 2928 6476 3333 6949 10945 10912 10833 7367 1591 17847 3635 17729 10092 15638
17326 11221 19462 4208 18142 18167 1633 14703 1846 936 13105 8636 9715 5348 1220 15820 1673 9427 7641 6314 14724 13072 6150 4874 72 8779
2198 12365 16567 8941 7096 15617 5630 18969 12222 12155 1280 8649 17169 5049 1846 16723 13649 7826 4073 18939 10216 5681 2195 17216 3487 196
13195 18378 17953 7146 3790 7387 14651 12052 14850 9725 8480 2048 7113 14123 19402 4540 13060 4773 16964 4681 10022 10862 13064 731 13533 1819
11152 1438 1466 14951 13038 17938 13659 16693 3169 11848 13978 6725 3332 16257 19250 997 5739 4218 9585 18714 10312 14666 12369 7043 4834 4020
3461 19103 12157 7326 2822 13199 2317 2354 17463 13431 14382 6201 15347 13760 1433 6598 15874 6687 1689 15503 8270 7670 5844 15426 3834 6117
9497 18785 6728 18576 14911 14685 5165 2561 1752 14738 19968 2988 14808 17259 14664 11731 18415 18492 6776 5866 3753 14998 3258 14229 19597 1826
18421 864 3721 17694 2007 4524 3509 18668 9859 11700 694 17794 46 11678 13628 6540 16833 5274 12536 3664 17123 4418 12348 16895 12053 12172
7893 10766 12069 3556 7965 14601 6382 7967 5025 4228 17834 5986 18880 17659 12276 429 14816 18661 6701 12267 17188 17492 19472 629 14283 18301
1680 13030 14003 7190 14176 17931 5487 1192 1343 5308 13391 15693 18993 19937 19334 8359 9179 14303 11373 10962 2128 18717 16775 13233 12444 1923
1691 6027 1839 13194 9379 11133 9389 5328 8081 11350 11817 1006 19420 2482 5762 3095 10188 10368 5942 11163 18221 5077 15314 8979 185 15022
9337 15672 10920 8082 2411 11582 18676 5800 1520 5419 9415 97 628 9679 14205 15311 13179 186 1487 10094 8924 2965 5175 15604 3183 5119
19652 19052 1087 6511 16851 898 15331 8957 17600 6560 13746 9230 11898 17038 17541 8149 14218 8336 13448 878 7608 16065 16550 13430 1882 18812
15787 13876 2990 16784 18761 13539 15881 3051 5650 791 1432 2729 5631 19807 15178 10322 11012 8133 3884 18114 2575 8403 11578 10564 13620 3614
8207 5679 17799 17618 9406 18777 5397 17785 1342 5034 6345 14931 218 19710 13885 18256 18274 17873 17084 9788 9352 15555 1472 16646 17056 460
9385 17887 3042 8498 7120 2308 12714 19675 2573 3245 14940 11684 18450 4126 3109 2987 12676 3974 5118 3864 18770 17959 17483 5197 4016 10272
4999 729 2947 12840 5600 14504 19086 417 16752 7127 100 12553 1727 8097 11248 18845 19608 6038 1110 3228 16237 12161 16013 9993 2008 17218
12807 8265 14830 10009 3662 4167 16934 5036 1826 18217 3497 19914 3541 2969 10133 11167 8480 8229 8081 10352 18271 15492 18593 17691 18296 12389
4020 5155 15538 9908 1078 15382 18844 8040 17279 12741 2749 13324 2312 10624 1670 6917 1294 16332 1183 2846 18547 6475 10379 7592 10268 16595
17464 12949 17641 11286 1868 14444 2424 10879 14643 1125 6095 4318 7738 19055 18581 11818 8214 2742 9102 3953 6385 1885 5838 18117 16048 5022
15087 17623 673 3492 18347 14993 5166 16658 12880 13876 19999 4293 18602 17890 12025 8158 14624 17779 10090 92 4365 18263 1941 18064 4160 1878
5212 2340 16572 12766 2565 17438 3867 16830 7088 5586 6808 4793 19548 17820 17268 4129 7763 4834 6110 19546 10912 12629 12170 283 7783 14533
4285 3936 2737 4511 14189 12827 4270 13758 18975 15780 7716 11547 11642 17152 1765 129 4988 8067 11912 6862 204 17867 15422 9034 13246 9640
15531 19555 3284 15558 15922 9085 3489 13067 19698 331 11191 19655 14246 6514 2635 13548 5776 13239 16726 1887 9669 11715 9301 15926 18046 6886
17954 17993 14345 15787 4003 2359 588 8295 6328 1230 15513 11369 7312 14321 3558 11360 6754 1998 9781 12146 11074 3938 15937 5825 12800 19660
17563 21 11529 9177 1182 3358 5129 6980 8549 12762 5323 7451 17284 18888 7273 1703 17953 18282 9308 15988 11016 449 16462 4596 10691 13028
484 10299 12990 16853 19355 15607 11746 5225 1510 19381 1584 13729 61 16607 1922 9536 17169 8946 7009 19120 15942 5994 11983 10967 842 8619
37 4876 13333 11535 3031 10728 9630 10173 1473 13907 15938 8753 3449 16498 6499 1141 4438 17805 7693 19951 2567 17128 18939 1727 14707 8095
16979 3359 658 10331 14939 11017 7522 11257 559 1866 6895 3185 1054 6254 14270 6216 19123 14102 1322 16976 9087 17669 11141 17985 9319 459
4222 19779 6254 1565 5830 4640 1602 5496 12379 6596 8542 2605 3907 19430 13954 7191 13404 17984 13595 7853 5058 11428 10453 17458 13896 14837
13992 2061 5924 15444 14484 17249 3844 14646 18203 9784 8814 4996 8563 19460 8858 11532 3297 10177 2454 17564 3327 12589 8428 8276 11139 19350
15496 14180 9997 11658 3716 15880 16837 12122 4050 15762 11715 19823 13838 8101 4802 13648 19361 16807 170 10499 13418 1622 17567 3958 11563 13815
7834 7013 12083 16241 19137 1514 11914 11582 14025 17638 5957 3153 14790 18454 1878 16763 7202 8178 17761 12402 18658 6234 6320 16972 8592 10520
5696 17808 1072 5383 16522 14823 10080 4796 2106 10134 2001 19961 18755 13651 12571 11276 17986 5403 7966 7243 12228 18094 9969 8669 7773 1093
13915 8431 6814 5504 8994 19033 7716 15194 12411 10096 4122 19639 13344 7487 18165 7724 7251 5327 41 16340 18775 5871 615 13817 8779 1896
8831 18279 5242 16531 16664 17480 4779 6796 7496 1515 6249 7236 17212 19072 12422 5372 8804 17243 17740 6073 16948 19315 15670 17539 15716 2852
18578 18895 10257 19526 7152 2309 7697 5719 17007 12516 18020 11970 13295 7534 2357 2831 8755 10416 18133 5725 11622 16941 7778 15742 12825 16447
19371 11900 7314 6279 1158 5432 12256 8346 18074 17717 15041 8973 9079 8793 5694 13721 16016 6959 8712 2707 18335 7040 15037 3739 16590 5838
15480 14126 140 13127 4690 19169 17681 11312 10005 15063 4018 18760 7934 7309 10183 3052 12524 11488 14993 10905 15828 9694 16089 2865 16628 6531
19486 604 19728 15466 223 16569 17062 9323 3031 9294 14771 2122 5907 12489 17176 4900 15413 1239 2081 11107 5555 19222 3250 8217 16872 16322
14673 2385 863 4313 17860 11776 8671 1476 4819 8012 18590 14443 4027 16363 15145 8517 16586 18681 16629 2313 5744 6526 9194 16606 7417 10607
2368 14852 4220 9852 9877 7177 5225 8064 8242 19938 17589 1135 18548 5657 14187 17428 10936 4909 5782 10949 17078 10419 4960 6214 10753 19604
11967 16028 15826 7507 15930 4640 19739 14036 2341 1046 14666 5836 10452 15276 18016 16223 7583 13276 14397 11788 4971 18597 13014 3136 10603 13252
27 17705 18478 5871 7544 1925 17373 5069 6805 16511 9684 11559 11333 19912 1892 1826 10688 351 11604 14548 15214 469 18889 17483 1721 10199
8819 6955 15894 5272 17203 4038 11669 15345 1494 7066 8637 18824 6029 11005 2721 11835 731 9012 9514 17731 12879 19496 13435 4861 9533 13856
14751 11701 620 1734 8262 3159 1823 11039 4848 7797 5125 600 8216 10330 502 12602 3748 9299 17689 10932 14062 7761 9654 858 6339 3589
1177 12895 19384 17723 14297 15107 4680 28 15898 2930 6908 6048 1822 15848 13210 18537 16735 17887 1336 14548 801 16023 13954 9720 14259 15137
7223 8221 13983 18451 10127 6152 14675 5421 6833 8359 11847 14969 1291 16468 4742 16564 15606 14143 17362 19373 1753 9828 12697 17206 5426 10628
10552 17034 5098 16509 13813 4302 5031 2240 14662 19618 12663 1894 13775 9057 1994 13355 7091 944 14278 12524 11434 19584 15978 14926 7590 11546
6648 16490 3246 14562 11515 11601 12133 1184 1222 1037 7888 7818 18527 13088 1898 12850 16333 18521 15131 12404 18764 17382 17430 17899 7764 4935
5691 6884 19812 1893 124 7196 1503 18793 13075 19817 5813 16821 10972 7424 18459 11680 14586 8494 12519 17222 2019 13776 19983 19447 2795 5465
17030 10120 3366 13819 14806 1846 11409 2312 15942 10440 11311 16052 9262 13638 18833 316 1475 4576 16306 12271 16717 7063 1409 18411 16739 15107
111 14634 16455 1010 3675 6314 7423 540 14516 73 9054 18328 4036 14575 4273 13823 11156 14800 2731 18988 13976 14815 1894 15078 7664 10564
5699 16250 1935 17442 3538 17914 4455 11996 588 4235 17910 866 930 11006 16067 13955 4249 10079 13883 4512 15887 11246 16885 12895 15057 16559
15360 3320 17392 2333 16057 16719 3219 7224 11562 14639 1950 6335 11787 8498 7712 8156 18367 5774 17059 19377 6185 8768 269 2713 2957 1860
16845 4517 4747 19183 6846 909 11462 4946 8304 12395 4090 13339 17637 9838 4138 18440 17257 11545 15537 19124 9679 10537 14243 7583 3051 1640
12068 8289 16577 17890 7827 16719 2376 1748 13670 13709 18574 3740 18320 16819 12020 11499 2845 16231 15630 17543 9661 12805 18883 15321 11265 14312
5364 12676 8328 10662 2335 6334 12688 10040 16345 12596 15673 16306 15785 16645 8915 15638 12283 11064 3299 7396 3117 14896 10418 12965 5717 15365
3710 14648 4008 3294 1151 1802 4492 15002 18987 18230 16028 2055 5560 8378 5527 15143 16945 12094 17539 8255 13098 18144 6373 15321 17572 18933
17249 6885 7568 13206 17901 409 13565 7686 11535 5669 5405 7975 14267 12709 9253 11027 18677 18709 13307 10349 3129 11980 19263 13849 18783 2456
9330 11206 15751 17540 12890 845 16595 16509 12769 17312 3967 10304 6366 3857 6783 526 2225 1193 6109 8524 7550 2581 15389 2083 1631 18330
15916 16457 9089 8497 16364 11409 15943 5670 2848 5238 16721 11509 17430 10211 9325 1074 9355 5081 8453 2925 877 6191 3684 4244 14980 75
19773 16563 9336 5475 2285 7568 1962 8149 16363 4119 12831 1681 7958 5622 17494 15791 19742 2712 4519 13390 17679 1313 15938 15970 15713 18956
5531 17198 19915 207 6000 4491 4849 4305 17032 6501 1115 15870 6823 3267 1538 6115 14462 16342 4108 5589 5807 18860 16811 1094 9174 4453
16559 12601 18283 14092 2010 3758 2978 3641 938 7106 17389 6211 9051 5046 15493 10998 4316 15740 7580 14018 16621 7571 1942 13298 10360 7314
18235 18267 11450 6614 16511 11205 2593 806 13901 17002 856 1144 12031 14805 10690 2503 12015 13191 15708 8761 8775 18998 18955 13305 15234 2465
9404 5218 2179 16655 18525 14952 15970 1084 17483 8770 3177 7584 1395 89 18448 2014 14971 11594 14723 17327 13248 1859 9066 6812 14158 2910
18922 8131 10440 8708 6105 4478 19150 17952 268 19086 9344 18245 18530 56 7829 956 17917 2569 7378 15194 19459 4047 16206 15188 19217 387
18890 5421 11714 4260 13633 16680 9281 14521 15618 80 18958 2956 6359 1099 1523 15878 16111 7081 15237 3840 1736 8447 18772 7775 13508 7923
4991 11539 2812 12837 4909 16303 19255 18857 17550 1354 12870 3687 8434 2394 13242 9345 10527 18887 8994 7935 15219 18264 19289 11968 4404 14072
16892 12212 2378 8305 13764 12003 8311 10706 6085 16558 16844 3384 9644 11461 7655 13833 9296 5822 8171 7211 10625 9154 3272 19455 16534 1156
15449 16229 16859 6331 9443 3966 7207 14834 12316 7510 8364 1866 11525 4565 11993 14067 13962 15966 1619 13383 5041 8273 8965 2424 17625 7532
3797 801 11255 4359 14739 15333 8394 10495 9642 19284 5824 4755 19875 2523 18584 18698 10619 18577 5380 6144 2179 15844 11435 18907 13568 18224
9180 14984 11110 1945 8089 3139 14500 754 17543 14349 16769 8943 8728 8012 19611 2871 17944 16023 221 7137 16797 17028 11885 13797 7267 2736
15914 17954 15270 76 6481 3270 1947 307 4060 11771 4300 16705 10024 15535 5764 10604 8687 13064 1841 10316 11923 281 14884 1585 13949 5560
13840 12710 14151 15370 17615 2439 9865 7354 4663 6301 13731 8329 13452 11743 14001 17734 18767 8460 17375 17653 10775 8272 1447 4697 18879 394
139 18625 18384 15360 3313 14662 9357 9853 16301 5130 13346 2959 7099 13317 2123 6136 19213 17608 12366 3640 5879 11702 7343 14943 8595 9080
11705 14886 2985 17950 15858 6464 1226 5532 19384 8563 12660 1305 6884 17870 17816 11109 4064 8089 431 15863 611 970 1012 3357 5836 1709
9523 8879 1730 19539 16523 2393 2238 10750 16948 19873 10561 7819 5913 13710 13952 766 12177 1875 13795 1216 7713 10485 16074 14914 13494 12739
17463 7378 16751 5978 1813 14331 7807 3365 10336 4696 11967 4615 18816 15764 18132 1420 947 723 4917 2675 14143 19395 12422 4977 10850 11363
6458 2002 3908 13768 19260 17134 8766 11298 16984 17938 3612 16976 1606 8162 19392 2318 3077 5831 5595 3083 17630 7024 19319 18259 6344 13869
10779 11041 19198 7173 3163 17168 6967 14360 13061 19402 13613 8863 15267 18591 9840 6704 17225 18395 17085 2307 18243 269 4781 11804 17444 18597
9178 19151 5300 3525 13894 14347 7789 7120 10768 11131 14402 4481 19412 12448 13660 14234 2671 2454 19852 195 17182 13271 8878 18673 3328 12028
11709 19278 2781 9324 7321 13563 7890 1427 15946 14616 633 16166 5509 6259 18217 16024 3748 8391 18393 1865 19732 12299 7426 10316 9002 12661
3965 15632 3081 8424 14448 4976 16356 15119 7520 10752 11529 17985 9830 1124 18724 12343 1964 2920 12372 6171 17291 10390 15394 12548 12520 12328
16069 14634 10572 12524 13356 15736 12202 1526 12958 6048 2404 17138 8275 5465 11647 10795 11793 17682 4965 7637 16591 11751 6368 3677 1081 9816
11009 13636 16547 142 7214 17174 15061 7937 10973 991 2451 6781 10661 2164 8653 3854 9499 15235 4877 3186 18986 6686 7656 6257 12364 16116
6528 3202 18717 19256 19406 8570 18212 19873 3825 14476 12022 1656 6933 16103 9302 8037 6181 1520 10005 15610 1442 19537 3444 16990 4429 1603
147 4186 19047 9810 18853 4437 6979 1559 13420 16769 5400 11304 10477 10881 4495 15816 12521 1805 14355 12432 9453 8359 9644 13964 2235 2229
6864 8965 14979 2959 1498 8338 18095 19349 6721 10058 5147 14958 1970 3645 5885 899 15393 3561 17200 7286 6474 16409 7121 3941 17156 2369
13816 16464 17712 18964 13704 9600 16504 1076 3304 17889 5297 10885 4981 18852 8641 4363 17749 14832 17530 2036 14073 8364 8464 3746 10293 19632
3315 859 14442 5677 511 2970 1551 6287 15019 16962 2425 10772 2486 15911 1295 7669 19376 15782 12661 11975 10065 9408 16265 12220 7663 2380
1774 193 4878 11579 18256 15664 14869 18055 14769 18878 8820 12108 18153 10819 18914 18680 6682 16096 11271 5463 3100 17760 10463 15567 16506 17779
2776 4597 6296 8957 8134 10329 7806 3767 12728 8987 11812 5375 19211 2522 17864 4138 14474 14480 6687 13070 959 5199 5647 15100 5532 18118
1523 17494 4045 19222 6420 2293 9284 6090 4495 14956 13247 5114 18959 132 10690 12250 18816 14885 14228 10129 8563 484 18449 8474 12528 8596
11422 14994 1835 13520 6180 9156 11012 19155 10642 8333 12819 14089 5371 9738 8814 8193 13998 15004 5749 5208 12459 7929 14554 5772 15845 18456
7539 6364 8937 11435 11045 17732 737 19936 14524 18895 16510 12463 18480 8549 12802 13843 1006 7210 11219 3154 14508 19881 14697 11719 17157 5794
10900 2585 15133 17150 1483 2476 8462 2311 10073 18326 19611 14310 18493 16721 4765 5397 4284 4938 6542 4264 10618 6018 19681 18364 1922 17943
8772 6252 6903 9428 6740 4581 3097 1885 15590 4490 5870 3938 7824 18919 19772 17048 14170 12838 10744 14749 2616 7833 16795 3987 18705 18943
2830 7696 18176 14197 19978 13968 4772 13381 19427 16527 13974 9219 11378 7796 10340 10179 2060 12783 14276 13050 13879 558 17153 8144 6410 16252
16821 19278 15857 12396 11862 1309 18626 2346 5771 5091 4669 3675 762 15311 19511 3730 3873 3100 19862 10749 16524 17009 8776 14759 2549 4430
3175 19107 12137 18269 12826 3453 9479 6037 5203 17805 14482 17073 508 5809 17635 12856 12834 10021 8569 15038 17886 2715 11062 16365 16323 3432
3310 8035 1122 2201 17366 937 443 18203 1789 16909 4203 12697 11337 18786 13776 6110 19946 12149 3742 3546 2754 10538 19252 14228 11909 3854
15880 13751 17446 5987 4771 18636 15579 6653 12079 9952 3676 11870 14105 8583 4328 1932 12717 2063 19020 5508 17944 7734 6831 5349 5369 3550
5004 17713 12673 16662 2238 11731 4920 1867 13019 8357 1322 7436 13097 2669 19940 5657 19012 11008 6490 2245 15865 6543 17622 19773 14458 12284
500 1826 13983 9029 4722 13396 348 5732 13472 12939 9416 17671 4225 12070 17570 12786 10077 10119 18684 8779 11750 17993 16716 4596 5551 3709
5229 7808 7245 11093 10747 18167 8210 19119 12933 16419 17930 15695 1490 11983 16988 12733 7448 2240 8554 18112 4721 8440 2050 6785 4332 10131
816 7509 7462 5914 226 11554 3293 849 11392 17006 13216 17638 4177 10807 14545 6169 16744 9786 15437 13524 1513 4084 9002 507 18352 17784
6841 1280 3074 1101 17066 14392 19999 12744 2487 14866 12490 4139 14152 16942 10371 6783 1013 12536 16194 10291 12715 622 10929 16839 18243 8267
9223 14193 8545 3757 4182 18084 3476 14623 10347 4180 9499 6271 3784 17899 16156 11685 16077 504 17129 8074 14724 6019 19442 5795 9889 1579
18432 14649 19581 8993 7893 15887 8512 6654 6615 13455 11054 15112 1972 1341 12885 6173 1142 18217 12090 7645 13789 7857 17633 7011 15672 6460
1142 3249 13112 4105 2905 6561 4208 19913 7741 15458 14749 7634 18921 132 9507 11058 16623 15792 4906 19551 8339 2846 16235 3841 18581 12208
13385 141 17711 17956 3839 4045 8755 11498 2603 13010 13820 18893 11021 8566 8259 984 2024 6605 15040 16448 2835 12926 3673 11905 15608 1607
12192 2448 16610 5495 16603 1002 1872 4183 5593 10658 14143 11904 2076 18260 17024 19526 3281 7523 10958 1439 4109 14538 2848 10844 7317 17352
11704 18865 5244 11997 3494 10151 18270 16612 1403 3437 1148 15341 6087 4552 11588 11409 12097 14795 17810 12694 5720 13856 2496 14624 7809 17475
7577 10063 16807 6114 5843 8489 12069 16396 18698 16904 4441 3363 15477 3550 599 14542 10700 8157 10302 9914 6923 234 14206 12702 14588 8949
15467 6676 5024 10314 15797 14491 7461 16044 9680 3776 1541 12021 1680 5233 1475 7392 4054 2132 18590 2254 16447 11763 5820 857 16551 8938
12675 4728 16334 9094 15822 9243 933 8215 4548 17934 16856 13786 10062 11706 1991 7577 14838 7761 2688 8584 11532 19793 787 9323 13147 4023
15658 17958 13381 14480 14193 2840 7337 2197 8949 37 8641 14076 15587 771 19263 9936 13244 6146 13400 8511 2160 15272 687 11306 9870 1734
16821 2534 1898 11698 9964 225 17674 778 8540 9277 8965 13704 5712 4807 14425 15867 9019 371 19542 18647 18223 7313 18078 18402 15900 203
10072 10199 7145 11744 18878 5348 10515 7105 12503 13669 3812 8124 4400 17897 12190 11037 17497 13123 7068 18439 1338 15220 1313 8119 6866 6419
12021 4948 18556 931 18504 13819 14760 10730 9267 19165 11004 19818 12744 1397 19242 11668 1019 15317 12638 6039 19235 9551 5882 13863 4367 18541
7859 12434 14943 4544 5410 12788 3390 17576 977 3945 4285 6681 6812 14199 2717 7555 12758 16553 16865 9547 5413 15838 11733 127 16339 7068
18409 2142 2886 18504 12198 9393 14099 943 17967 3742 15919 5823 4788 11705 15969 4732 18361 8769 2954 10956 6014 16846 11567 19161 18501 7250
18835 14350 11901 19053 4080 5819 18327 570 18453 19555 180 3481 7954 18688 17225 3718 10998 6727 16801 13100 18487 8301 18267 880 10028 8264
16308 10150 8302 14266 12921 13882 5583 16990 16676 16822 6945 3677 6339 7679 16027 5204 2707 19789 12865 6023 9281 10533 3696 5682 3535 3590
17023 17870 14889 11104 13531 14829 15771 11403 19902 13511 12286 1860 6795 624 1853 9040 10432 8825 15438 17970 10738 18528 4191 17061 4416 1698
3126 12711 8240 5609 13543 5184 11263 1779 4833 423 11420 5161 13481 10182 12263 2309 3198 10724 12829 10874 2900 11080 16986 1470 12061 1211
12341 14369 6312 1804 18595 816 14007 4122 12037 18281 5849 8688 14493 18139 988 19077 16241 12993 2520 10801 9611 18577 13677 7981 8442 16688
15950 4881 3778 5431 7118 13782 12998 18103 6512 4214 5339 525 15032 15044 10212 8911 871 947 19630 16717 8153 4135 18955 6272 1690 14752
12024 256 12194 1434 7145 678 13727 11473 15065 7600 359 6867 9112 14219 14230 11364 19725 14284 7705 14005 17799 10668 6268 9089 9732 3620
3121 3254 2545 1322 609 11594 6570 11444 12749 1142 7936 1022 16809 15007 13387 2029 5742 2170 11077 281 2223 1855 4396 7166 13621 8579
16709 17021 8357 11399 11459 8133 489 16343 19629 16832 1298 1808 12979 8965 11017 2178 4494 9413 15002 3503 16985 5846 743 2735 14150 17753
13156 13901 2988 1740 3310 5513 14976 13569 723 6753 2438 240 14382 18614 19842 11173 19172 14311 8521 14959 8200 10748 18857 9847 5928 14823
3443 17760 18901 4184 18929 5205 16676 13020 8462 5501 8902 17099 7455 1883 1646 6901 4510 10483 18057 13319 1132 15259 8303 18592 11986 18930
17819 18525 17162 12696 16924 10816 7312 16525 8784 19639 17837 3972 5896 16280 12542 1865 2945 18754 10920 17528 9516 5626 14352 3878 13209 19264
16301 11482 16686 12675 17409 6477 8246 3206 7459 1122 15951 13706 4117 10172 6457 7842 16282 5617 17411 16036 4817 12941 8411 19993 3850 9813
5633 1851 204 6065 3073 16167 4678 6446 4034 563 1860 6408 9430 14781 17675 9501 13246 17388 15823 9291 16309 6699 18310 14102 14662 14907
18242 4186 2338 14522 6744 14500 1880 12219 1777 14888 6516 17370 8727 6843 13228 10448 2205 10691 5349 18350 15527 13661 748 12818 1191 3298
10207 3747 295 5148 9758 13439 10835 17420 11857 13791 4930 5402 19055 19816 14618 6310 9664 17416 3508 6894 12958 16803 3932 18366 3264 17018
2523 18554 8992 3451 19537 718 14225 6278 16182 6291 18308 19019 3123 12246 16397 1841 19644 2967 1325 19786 10987 13481 19861 3711 12454 19130
19669 3987 13750 15448 18732 4500 19367 19608 13976 2243 14565 19167 7865 1514 11774 15766 16415 19126 10093 16953 1123 4160 13887 9579 12562 17554
12288 16281 6078 12647 17985 15739 5418 6319 6462 14899 5886 10039 11094 19733 10295 18010 2205 4044 18862 14874 9284 6046 4204 10115 44 17192
18434 8790 4904 9576 14989 18885 4058 6113 18438 10767 10974 1518 12834 18202 8035 4021 55 13531 8290 14045 9600 8641 15514 9289 17103 16518
16863 6174 3412 15929 493 1130 18437 807 9447 9155 1589 15163 5994 7008 16772 3021 9440 11344 5384 9487 18561 4025 15489 11424 8284 16221
17667 11757 6735 2425 1162 4586 8306 16942 5251 18601 2190 1417 5887 1701 11315 3300 4297 9085 2652 14040 2154 11425 8389 313 18349 491
10695 1299 16711 3924 12134 12602 4226 11045 10381 17441 6473 17609 143 11317 9714 96 14699 16361 7941 13641 12571 15316 18829 12477 5775 12786
5254 16851 9120 9059 12765 13025 3544 437 18273 9479 12539 3509 9037 16353 9277 2948 9866 5375 18367 4215 11158 1442 11441 10637 125 7156
17327 3410 18896 4328 87 3534 13118 11357 17285 1233 10268 11599 7404 674 17853 4742 1590 6128 17594 693 7025 1151 15202 12880 8067 8845
1114 5413 9847 17855 1141 3315 1344 19321 12541 2992 10297 13228 622 3465 4733 12261 6267 12163 14496 360 17309 12581 7657 4761 11048 2729
6365 5205 4801 18782 7751 4895 5842 8992 3276 11506 10227 15395 18209 9552 9203 12531 5534 4171 12980 5355 12297 6474 9776 14743 4779 18284
6618 16908 1663 5161 14673 16603 6247 13581 12371 9063 857 5384 6657 10896 8609 7529 6679 3706 6719 12421 6868 1162 2522 18099 14371 3981
4643 19375 9955 4182 7698 10246 2987 19696 18578 10360 7242 3422 9086 3522 1093 8093 6537 9947 10556 14980 9610 12433 13202 17771 7005 14952
17589 16335 2648 3094 17700 13009 16261 1749 8909 1846 17923 9500 18581 8712 18761 14555 17013 9156 19367 14434 7572 3933 6341 8476 15468 14667
2075 6338 12631 6558 5711 16796 6399 19772 18666 5300 1168 2465 9652 15776 3730 1214 157 8695 3912 10397 17607 17449 16976 9913 723 3734
17856 17751 12562 944 2923 244 18743 19821 13824 10472 6383 2806 15514 15128 6827 16379 6187 5781 3996 4005 11261 2085 8334 12614 16202 503
15010 6129 13704 2528 19546 6311 13072 19913 18631 14503 14869 174 9628 4756 11654 3722 3533 15777 14343 11622 12915 6665 5890 13759 5108 4286
16642 3843 11640 11322 11509 17648 6202 18468 12357 4616 8944 15664 5150 17544 19475 4682 15888 13256 8328 6379 11758 4187 5817 14464 15589 3383
17848 18230 15205 9010 3716 289 15180 5187 16214 19033 1072 247 19133 9452 9413 12601 2554 18365 17880 7005 7641 8422 7398 13820 8184 11343
2822 1038 2355 6824 11763 18103 8681 2686 6159 4200 18713 3854 18063 9095 4995 12956 24 13760 19898 10611 4007 16599 18945 16552 229 14114
7965 17468 14110 5057 2567 11628 17475 19753 4704 15191 11476 15492 11500 11591 7411 18827 996 2356 16962 884 16493 19045 13106 14302 16727 8921
6552 8501 4372 3636 19046 11680 11788 5520 10421 10505 3243 152 14177 14937 12695 15304 18776 9280 14465 19973 15268 13553 4439 10476 6995 4958
9831 993 18875 8546 5229 13059 16822 2854 11974 8124 2314 19079 13162 3321 11377 12527 3495 13245 8461 4897 962 12613 1507 4704 9315 10471
3823 429 19741 7080 10563 19773 873 5423 18229 7171 743 8834 1332 12954 6327 15008 4650 6313 7501 9308 8436 4521 14397 15983 6771 11538
2031 15286 1755 3366 2276 8178 7521 17612 2035 16434 4523 16914 18541 14359 13541 19804 6532 14288 18999 2657 63 15898 12208 14946 1656 2248
6086 6292 13221 10958 5546 1313 12301 14393 11388 7690 4027 16293 5628 18948 13445 18933 6695 11555 2783 15337 17896 1373 18538 2907 17128 17789
1644 7112 5860 13693 17072 6466 3763 14596 10521 2775 9090 11355 15621 19621 16408 7876 916 6124 9099 18350 14044 5811 14854 14388 1192 12317
5016 17085 7906 18238 14005 9970 10463 11582 12903 18998 6128 2607 19691 8711 4697 9903 18230 13887 16831 8855 1162 18368 12681 10434 13898 10080
12263 17480 11861 8780 8159 4933 6818 2516 1184 4670 11286 4462 19763 17356 18008 8404 5147 3403 15081 694 8357 16508 12366 10555 5160 14324
12999 5430 16199 15224 6203 4783 11404 12686 7039 17856 15443 1524 8761 15028 7658 16087 4765 13838 15463 17128 8115 12694 17510 15882 3817 3431
10883 3944 11866 13177 3847 3682 12984 7302 1363 12022 5901 8707 16467 14099 8305 2526 2068 11055 16143 10559 3149 11378 10073 14937 11150 7108
13222 6867 2350 12523 2905 2995 11808 19507 2611 1401 5709 7940 5985 4617 10650 14587 6906 19130 14012 6243 2148 15168 9714 12409 11030 4049
16267 19620 19444 17280 9799 16044 7866 15354 7449 18133 16350 10712 9287 14907 8175 11085 5507 7109 15155 5616 1978 1400 10386 17757 17722 2760
16774 1819 13225 4309 2203 17349 14395 17214 4424 16959 18486 19940 15872 17680 12129 17634 10565 3411 11916 15637 13524 5886 18558 2416 4439 16689
19283 5001 2137 14339 8885 11907 12912 831 19143 16459 2263 18967 1069 9155 10392 2639 10549 10401 7596 12588 13596 8261 16133 19129 5267 9605
8553 19456 4193 11429 5451 6662 16995 5788 16594 17675 3455 14628 16045 18950 6634 11696 9881 19194 3205 15445 12490 17896 18491 3812 1078 14766
16419 7820 16471 1245 4490 4653 6357 14709 16826 6430 17973 8234 3486 16798 3561 8106 2277 17936 10043 6504 5033 13246 7498 8646 2745 5432
2195 7503 13202 17096 8168 7749 8932 17977 8248 16992 17525 11681 19671 18111 13020 8178 6160 226 10070 17662 6708 14119 18897 11295 18972 17763
12005 5260 12923 1273 8512 3397 4258 675 7022 9397 10814 11379 7278 11591 14888 12298 5785 9620 11618 1827 7783 17294 10787 5640 1740 19585
18978 15628 12988 9674 9266 525 16028 8597 1675 5442 12056 7678 8420 12725 11840 14792 15945 401 8038 7358 12057 14999 18081 229 13673 601
19680 15898 18603 105 11769 7776 6832 13382 659 5243 15860 5528 10558 4481 5792 4736 16403 14417 7280 17573 13377 6291 15221 15480 14973 10160
15847 19063 11036 14730 4645 5135 16085 13776 11650 11429 3905 427 3333 15551 18100 10480 13288 7543 3935 15846 3637 19850 11965 13040 10248 8521
11821 7464 9045 8031 5858 12763 19080 6087 13707 13294 19750 18255 18633 5929 15120 8606 8344 17027 16719 10257 8340 15415 2327 4446 4000 18975
15872 14780 9551 13321 11105 13461 2791 5302 1909 16837 13557 2580 18974 12176 15906 7113 13125 11824 278 10078 1140 2591 6045 7190 19066 12373
9361 2784 10718 9156 7990 11151 2416 489 13171 3837 9218 16217 9287 8724 10417 17103 12074 4657 5315 6579 8132 18093 17776 13879 17357 9831
165 3736 11758 18129 15224 17315 2833 3366 3110 6654 9404 17845 17764 12086 18419 13323 5323 16956 16112 19290 8371 16573 9070 5175 15298 18468
8640 19142 5633 19951 13873 18113 14805 4310 3657 13918 4256 690 7825 5923 11984 8936 16971 5276 3083 5542 15493 9873 18311 18064 10874 16919
8772 833 2134 10895 12506 13879 11526 2459 19868 9742 10778 787 2759 358 13224 7029 3317 18212 17976 18315 361 14202 16606 8284 11048 19230
17979 1987 14848 17176 3375 3875 17319 5757 19386 12006 9662 13144 16836 480 1429 19106 5990 10246 12690 10315 1019 6134 19734 16748 4581 3886
5646 11906 5100 19194 2728 16257 328 7341 5070 14741 17454 18672 6059 16638 11885 3241 2632 1050 15714 2654 18342 14111 14545 6289 13136 17638
16562 16465 16730 17232 2941 11336 10627 8812 1368 5514 2037 8291 14076 8702 12827 2690 2338 216 10676 8674 663 1060 2519 9096 18055 11611
13155 19438 9609 401 10251 3053 12624 2916 18799 2296 1726 621 1145 14630 3945 19631 15129 12987 16497 19510 14397 7795 14451 18973 10886 13842
15088 3944 9808 12625 19044 10580 8107 14852 13501 5049 15532 9264 13045 10956 6222 12149 15388 9371 10453 2210 17210 6911 16637 9183 16129 13393
7051 8645 7950 6790 9304 10308 14118 14956 9387 15222 7107 18943 15622 19261 5001 18669 819 5284 2582 6684 11724 5182 6936 7475 3398 5018
8800 1562 15400 5088 17001 1980 17679 4941 10239 5116 16825 19774 15039 14262 10470 12281 16215 17142 1305 5873 3659 7800 14520 6148 10541 1883
11488 2014 12250 19615 18725 2250 4573 5298 5605 13568 9129 11403 4731 9999 4562 14957 7159 14345 9958 120 11786 18846 7246 3296 11398 11242
6773 11162 19854 8685 14744 18640 5415 4986 9091 10166 19114 18676 12792 16768 17472 7560 7403 4515 3093 7509 5729 16763 9100 12549 1676 9824
15689 2845 17076 12572 6988 91 13416 16652 1860 5547 15418 6774 7959 3477 1562 1692 15165 8830 14752 16117 13608 17954 13194 2641 11381 3327
2963 11092 19146 14714 1104 17411 5744 17548 19706 5295 12404 10251 12684 6707 15367 1923 11101 7941 9899 16668 18616 17937 8142 13445 12947 19562
10018 5381 14678 19311 2228 5918 1402 9669 3684 17033 15993 13555 18560 54 4529 2589 11059 2940 14974 3396 18418 5289 19605 16845 10755 16
11812 2718 2215 17596 18122 19101 18940 8481 12528 1194 10899 15444 15244 8280 7588 9143 11197 8549 16252 4681 3506 15104 15547 5318 8102 15978
16648 11529 4540 3587 13944 11069 6219 13150 11969 17327 5377 17099 18789 14508 12523 15422 8474 13867 4767 13033 10432 9904 2688 5306 7088 2527
1498 9272 18716 3249 7827 6523 14832 13972 18634 12822 13370 19244 16442 19261 2448 1543 16336 9457 3706 7158 1281 13380 18997 2035 6236 9574
7851 15438 2332 6272 13865 3848 698 19290 8617 9601 19705 3821 7974 5802 19042 14084 1826 6506 18985 11989 8481 4607 4132 15459 7212 19776
6184 5014 14959 18287 17203 1078 3636 439 18647 14818 17884 8009 12384 4439 4090 6010 5187 11710 12381 3839 15967 9649 19440 18111 10619 5788
8791 6332 16421 6996 14396 2233 5335 7587 1153 10894 7108 16358 2800 3263 9507 11491 19165 16759 19998 17076 5728 15697 11542 1823 17971 1660
5763 279 12857 12769 857 12058 6539 11248 2667 1383 18607 19052 13078 292 3226 9199 9140 16993 7428 6195 6789 7739 12004 16426 18263 16457
15537 9605 3559 18511 8536 12217 90 8841 4423 2850 8234 7676 4146 10116 14969 8162 1955 5037 8835 7167 16857 2695 12098 5785 15598 7600
12710 14895 8317 18308 19729 17582 808 4304 19655 16839 11492 16072 1399 6026 17843 13698 13920 7709 7180 16046 8426 2 10133 16123 15785 14855
6279 12728 1510 1040 8395 3252 8543 5377 4229 6812 8949 8142 13466 19172 11417 12601 14436 7996 13441 19719 7165 17160 2968 12653 5279 10250
1981 16689 18832 19510 5809 17144 16452 9668 9890 19450 19182 9706 12002 15002 6853 3636 6083 3354 5245 11117 8631 1090 872 5724 671 1707
12762 9113 924 12205 6911 6680 1694 13224 4710 7783 1516 15009 7860 1200 3792 16897 18907 16583 1847 19853 15287 13732 9605 11992 5461 8604
3962 13188 16451 2252 6794 11586 5669 5970 2526 4872 17155 17838 18019 4715 14195 14121 10489 15896 14887 7294 8395 19384 13013 8333 11087 1755
10391 11897 11653 4590 17816 9648 2445 13304 17354 10216 2368 7045 18601 2057 7996 3738 11013 9929 14657 956 715 6860 8541 3134 9113 14809
1868 13186 7535 16002 9315 6529 15936 16433 15131 11008 16453 15799 17757 10826 14668 11951 567 15053 15246 7700 12199 15890 782 3238 19332 1607
6001 9584 4983 15717 13800 7885 10247 7734 9168 17265 13034 7622 10814 1076 6064 16634 17817 19093 17869 15598 10451 10545 866 612 10481 3156
10532 11784 7296 12707 2040 352 18679 18522 10486 17848 19390 10307 10365 10407 11485 7797 837 12628 14610 18225 10916 18874 12941 1666 16580 15175
177 11806 11743 11710 14660 11305 15125 7151 9826 6833 16185 2755 19214 3644 194 15588 17202 16047 6164 3010 10050 3344 5520 10322 18601 16610
10180 12302 1789 5309 11074 9452 6437 17077 279 683 11656 4788 7079 8448 5796 10564 9104 947 15566 4929 18356 11563 4625 7210 4402 12301
8609 8012 11998 7329 10527 8720 2501 18339 12118 14792 10697 17935 795 3264 3114 9264 5685 2464 17465 5590 17420 10838 6968 19354 17034 1074
13043 11273 18540 14707 4289 3680 9330 14211 6054 16107 12159 4439 18417 4303 15323 7931 9414 8241 17101 4558 18668 3528 10938 10291 499 13502
13505 14374 6888 5511 3867 15599 18864 8378 18635 4113 11255 17837 15288 19876 16724 4730 7314 327 16866 1000 6692 12113 10310 3322 1533 17672
7757 8069 19300 16216 11062 11039 10795 9774 1780 15181 9763 7646 3455 14929 2802 13250 7101 9483 11302 7678 17310 2881 16494 19860 5621 3991
13765 8893 636 9894 10091 6007 1443 15924 14591 6655 17222 11102 19398 1953 12621 6366 9405 16876 6824 6356 525 14745 10932 7205 7325 6089
3775 10951 7295 10922 8747 8176 8262 17567 11285 16488 753 635 5551 14607 557 1453 10216 6208 4520 13930 18517 17404 7910 17829 7978 2094
7005 19936 14896 12202 11905 5129 16115 19407 11598 19963 15865 10567 18362 13794 12828 3956 469 12356 14874 6553 18361 343 13184 7503 14818 13954
11627 9905 7419 18290 788 12967 12182 18460 3437 1958 14009 4066 11312 3437 18382 18680 12604 8439 8239 7352 9697 11170 10517 14637 194 6732
2337 2572 10563 12892 1815 3392 762 14635 4348 12487 1868 6119 18482 12770 13590 11583 1302 8972 14181 10285 14038 2847 9560 19409 6215 8863
6215 11809 12178 1378 18981 19870 4536 19402 19220 13683 7570 8098 14123 15600 2412 10478 15877 367 10729 18977 12207 8967 9249 15279 14700 17984
5167 8770 6178 11414 5305 13177 191 1219 11089 16519 17133 343 4989 5926 2202 4592 12355 9651 19053 10085 10979 1019 2868 8427 13237 14829
4504 4171 10449 7069 13532 13952 5321 2629 14104 8781 5398 14974 17625 12271 2670 11064 15569 2700 12051 11171 3521 15273 1528 18349 11730 5511
19741 6282 4453 19865 16407 8005 4468 6761 1732 6959 14099 12606 11164 4553 8660 12842 8271 16725 7904 9486 2910 18888 5406 11107 7275 14793
17340 12738 12940 6786 10762 16327 11150 8325 16401 12571 11096 602 1450 19687 15056 10778 14368 14679 4267 18849 6749 5553 6854 18880 15892 11445
459 9528 3048 17355 5813 14092 7450 252 18268 8275 2112 9197 2642 17529 5625 5713 13006 8064 17775 6377 10942 12614 14833 19634 3055 658
11315 16741 9474 15088 13859 9371 4362 19025 16258 5929 16010 14150 741 15579 8081 4725 1893 18994 9018 14864 7630 11158 4365 14713 12040 13887
2374 10378 7557 3579 9730 7855 19494 651 7068 1569 14701 7749 7226 14282 8872 7272 11294 13260 10865 16678 1168 6230 10738 16568 4210 12515
18217 11343 13108 11002 10834 6209 3362 13196 10177 14738 6978 9867 2328 16319 9072 2127 14935 14735 12028 3460 4532 3748 7310 10864 2662 13923
19214 5434 15169 18846 19552 16896 14270 8080 3022 14076 4376 2211 13182 4537 9867 2623 5451 2802 6643 18101 16350 4419 4386 14061 2383 15390
18521 3966 19649 12756 19259 12049 13976 12601 19121 5039 13715 1339 8164 8138 2153 17918 2714 13385 3256 19342 14773 7884 1438 13628 5927 18686
17148 5508 2353 18207 9591 14168 11478 4442 9248 4561 10584 11320 15516 6490 5304 14278 6073 9677 5070 19667 4061 444 8182 12578 1749 18952
1663 2730 14334 19360 2241 14149 5247 8797 4916 7960 2531 2793 2275 13201 3249 14829 4503 7387 18187 5173 15968 18969 555 57 17655 3051
7631 17041 11184 4392 2962 1386 16876 5874 3098 1667 1245 7556 18150 6615 3156 10403 15545 2017 2282 2798 4190 1454 4014 17900 7229 14678
18412 10842 2910 15642 14657 18882 6916 5308 2055 11161 18859 15969 8271 7048 782 12596 6748 18146 6638 15958 5753 10227 5247 9044 14336 17207
11664 5837 1948 213 11131 8394 3044 4710 19018 11750 14222 2052 17455 923 8541 3613 10173 8748 12281 798 3252 2601 14922 19676 1118 2824
3126 16369 19298 5041 6711 15562 14100 4689 19237 17792 4352 13998 18892 6284 13162 19203 3107 1890 15143 12890 18996 16919 355 10127 18615 13610
7044 7131 18147 8637 13299 7036 10591 9426 7047 18418 13211 3157 11988 8334 6442 550 140 13818 7365 956 11918 16079 7946 10737 1279 17496
11344 17530 11281 477 11014 11527 10561 164 3157 7152 7773 8801 3203 7278 6365 19754 15781 10002 3646 13047 4686 6911 9300 5554 6346 15114
14650 3665 17552 13006 2799 16108 8972 18508 1843 9004 2590 18724 8986 15801 8767 19388 8034 11393 19201 4933 16903 6035 15883 19603 14377 8061
15635 12047 16828 1745 18285 7340 5200 18526 8449 13363 15834 19171 15354 13314 3285 2355 5891 8599 416 14140 13383 12416 16353 1346 10042 1067
4836 8294 12207 6038 2227 8578 17158 14780 19168 8831 3684 6904 1797 10225 3941 9907 19792 5425 18978 11501 8728 1578 14326 3499 13559 18296
15809 4215 5463 9444 11887 362 5693 12795 15626 11754 13498 10540 372 11689 3060 18826 1912 7315 15942 10585 5212 3123 16440 18548 2896 19072
8691 7169 17576 19151 12798 5217 19001 10470 7798 6958 18087 7730 2954 5604 11326 17933 8233 9031 11235 13036 12198 6096 5294 16522 3422 2201
8227 13741 19650 7624 10118 2130 15308 1164 6701 4248 6346 18086 8593 17266 1219 17257 15740 2359 7862 948 3441 13119 3505 16515 12247 11124
9649 17392 2268 5101 3587 7850 7542 2790 9746 9361 1352 1412 10991 12350 11492 9349 4191 15795 2667 6906 6155 11692 4837 10449 19210 16261
2970 6836 10929 10943 17136 16110 10284 14821 14014 14923 9568 3761 3045 17116 742 3410 13978 9042 17966 17688 13412 6737 17907 18957 10326 4682
12610 1390 8231 13340 7771 14568 5255 12596 8197 4597 10690 1594 6843 16006 2096 14058 8720 17175 4807 14194 10181 14736 17840 17738 6365 19495
1373 2609 5273 4960 6630 7606 14189 7708 232 8177 5364 1104 19752 18163 17849 7928 3732 2141 18434 7562 10734 17975 1293 9395 18664 3202
11979 18853 13612 13587 6951 1742 17786 15646 10333 3592 4941 8247 10146 14280 16395 15285 8411 4367 3443 6815 12071 19537 16416 8373 16760 10095
3596 3836 4415 1176 10522 7534 18279 3973 6941 1513 14759 10387 9806 14353 12781 7257 3043 11011 2419 1428 16126 13193 10649 10163 19630 4036
1128 1201 6195 11799 9997 6761 19386 12051 15182 19186 8195 4678 4316 19369 7245 10953 16431 16931 186 12882 5608 18440 18564 7712 5099 18672
4973 16969 1064 10590 12787 4844 19914 13751 1533 17775 19493 15067 8346 7356 6075 14336 2759 14707 16780 7484 4308 12686 18332 5639 4725 17163
19884 6059 2557 5491 7116 11762 1668 4004 3479 15489 11567 12102 3845 17511 11825 9361 6860 14081 15622 8591 9582 7773 18320 2751 15519 7871
5683 3056 15748 19197 13945 6280 17595 14276 13970 6788 40 8758 8182 1858 541 2486 8495 5144 19 19701 13039 10495 612 16494 17999 4915
3116 10204 7790 184 8455 8181 3791 2609 9851 14680 7272 982 12770 17277 14511 6423 15416 17780 14104 18519 14718 2593 3930 290 13130 5468
9735 5457 17622 18773 8685 3103 7828 16643 9779 5378 19470 18078 6403 3179 10445 16446 17235 17403 1345 1183 13561 3939 14703 4618 9762 9034
5606 8014 12268 4441 14084 4431 19187 16869 9345 8852 4029 6307 7088 6229 16809 14094 3589 17363 11296 16476 14375 13933 1838 14671 386 14550
6081 750 18223 2133 575 6746 7057 18147 18422 3483 7194 7386 10457 3497 1161 11187 7387 10139 1251 7459 4970 8243 2282 6031 1117 2
16682 14948 2983 5123 7986 13005 311 7890 15314 6079 10075 16239 17810 9109 16292 284 4090 17225 12494 18923 12953 11282 12107 9700 17604 566
1348 9758 6509 17698 17817 19951 11811 10961 17178 2053 18775 14739 13396 7147 8893 14153 2713 12351 950 12286 18623 2118 6478 13173 8296 1975
16945 14176 5069 15688 4996 12118 4641 15922 13951 14520 18685 271 11735 9868 13750 10470 3323 10722 5955 9471 10923 2320 10097 12438 13170 5145
11724 7581 8052 17762 686 13741 3450 6506 17523 18611 889 8487 2242 18069 10941 17347 3211 9516 1862 5010 12271 3604 4847 18814 19872 9618
8861 12276 12419 19078 3750 1967 4813 6047 16514 19641 13054 17609 7592 1482 16451 16603 18131 12860 15286 16577 14069 7457 12848 2924 10767 5913
18537 893 1722 5730 6764 9034 16796 5606 4620 7455 5968 17968 16425 15478 15610 4637 6880 14269 17775 19784 7113 7965 6994 8340 3812 7863
12918 5455 13942 16955 3786 4358 3756 7255 4493 11512 3205 4370 6310 7496 19997 19577 19104 13943 4389 17873 4790 885 7382 15996 12300 19198
7719 5221 13138 11674 11283 11900 12567 12866 10126 961 11954 7306 3333 8823 6772 2068 12024 15774 4055 6959 3992 16061 4964 13096 291 15977
11588 1294 12789 17267 16963 9627 2515 768 19271 17627 4451 16896 16180 19449 17180 1825 12451 13856 19211 13954 4408 10488 3366 5731 12286 10825
6534 7170 15560 1037 7408 3657 7995 2360 8732 18964 11355 7636 10379 1651 3975 3244 16517 19834 5793 16382 1690 14987 7733 17141 7485 748
11532 13960 5669 4349 13722 18036 5554 10921 18653 3405 13097 9097 998 5180 9888 5386 15536 15804 7682 18828 11033 6538 15490 18163 19828 7825
7538 13612 1277 8029 12928 10117 13689 14311 1220 4405 16959 2620 6041 12511 4266 9577 13723 11675 212 10790 3947 4265 2913 3277 872 8273
