365
72 11 89 69 76 47 31 60 87 70 32 73 13 7 97 20 65 47 47 67 18 25 8 93 0 58
14690 15313 4841 14163 17160 3157 16758 18587 6331 6340 7303 19776 11592 17476 2824 9202 2314 13027 2566 1819 4710 4018 6818 19524 18826 2415
13529 13666 18432 8256 14996 13427 1395 7440 7967 6336 13926 13290 2485 13992 2288 8946 91 5282 18128 10680 9602 4448 9620 2786 5881 13426
4997 1006 6914 10481 13314 13999 7185 11596 9287 1271 281 16646 917 2769 14616 9649 7156 16823 7875 4008 1060 7584 7405 8285 6814 3457
3881 19209 15985 3891 13546 12348 10106 18374 361 7495 10108 14827 15973 5949 4490 9227 12884 13854 13696 15978 16249 145 9033 9729 7282 4452
15987 4872 13497 19682 19723 15539 1918 2732 5474 3690 9261 763 9323 19126 7265 15917 19855 5031 14154 7287 11065 12544 18436 12821 13224 6738
5945 5493 14364 7520 10943 15451 532 249 19756 18548 9592 8159 14666 7563 6694 5400 15935 4973 10572 8763 5822 7179 14298 16003 16748 6985
11363 9209 4293 8124 13463 5970 14907 14336 2581 2542 3565 9418 12471 4050 7831 13214 4783 11482 7108 8241 92 3819 6158 5932 8319 18690
16550 4874 8979 14160 18475 17730 677 14259 19326 5710 14944 9422 14184 5961 18841 4412 9045 8564 14994 16054 12341 6943 1453 18146 881 3151
4611 14897 17056 19401 15416 894 5801 19976 15801 7251 11965 12181 15665 17161 12557 10317 1108 11641 15083 18502 4612 15490 18710 12078 15406 18489
19898 16296 5369 269 4344 12512 1739 4971 18851 19022 5535 16990 7781 12097 10590 17608 4979 9489 18718 11590 12069 6402 11638 5312 19877 16144
18339 5893 17853 17635 12619 16204 19427 19990 10087 11007 10420 1379 2733 13434 5606 9696 17626 13498 5377 4583 7014 5420 4383 8274 19297 17426
12643 11865 10874 16239 7140 3376 5380 18847 17256 8307 10420 5619 18305 17564 14601 5852 11759 2581 10738 9606 15306 8357 2990 2633 9531 10855
192 6465 2382 2442 5986 11582 4818 13431 9251 6534 7554 352 7040 11663 6344 1232 11277 8951 1821 5844 4063 2012 2589 6344 3055 10503
9192 18258 6980 16924 3441 14155 15002 8753 3432 10019 10052 17044 14019 3731 18389 1614 1147 3836 15801 15110 570 10021 3709 860 4706 9357
10481 857 5079 14470 16313 11732 18734 17290 3565 19575 17485 16741 11225 9553 10620 6492 18545 18158 12681 2649 15974 16003 18556 18520 9250 13137
5889 18468 10378 7774 7235 7375 10155 12883 385 15116 11191 7620 7925 8494 12263 9233 7361 1792 18087 2422 9931 856 16685 11719 1950 18030
14510 16748 9258 6412 6059 170 6083 4463 19978 6751 8526 18127 11451 10984 5655 5465 8612 2837 3614 7293 2411 9547 3387 4197 16867 15223
16241 4347 18416 1517 17618 986 6765 9493 255 1854 16957 2068 15218 11968 14530 998 13996 15481 18842 10645 10532 3777 467 7148 7139 7144
12972 10597 18457 12053 15982 13107 10446 13064 12781 5561 11252 15768 2922 299 11472 8611 1067 4355 10009 6693 15861 10542 15141 19762 16714 8532
2461 3931 11035 10602 14454 6442 8120 15405 17414 7174 18996 13649 18664 16773 19867 14378 9658 13700 13720 10285 10613 6488 19540 16505 8838 10706
9724 17805 18718 7320 1737 4689 6403 1796 5484 966 17812 18758 18431 15331 3467 19230 7390 5084 19036 11426 1958 11878 10252 14834 10397 5934
11763 12448 12298 10155 3529 9497 17371 11314 5729 8271 14568 16538 2798 19320 5795 5030 18584 4763 14244 8526 6351 12555 298 362 3673 6322
7281 4345 13519 382 4418 18318 8937 10542 7255 8471 4018 4327 19356 13118 13404 17750 7535 18529 1968 14189 11382 15670 18238 19599 3823 18339
12693 8616 5537 5644 19608 1918 12203 9035 18958 14432 7291 3853 6825 15875 18035 13485 10125 4982 1978 2693 50 10232 17586 16887 19618 15
17621 4136 13260 15297 14068 19451 14614 16720 17138 13864 9931 7091 13147 14793 11829 981 1199 9017 6898 4372 7414 3111 19171 18094 18037 327
16599 19192 8944 19270 13816 4522 4314 7829 4706 5574 14660 18444 11819 11086 11214 7099 13550 16627 13287 11901 18481 5019 17810 8443 11536 2956
4448 5254 17594 10987 4244 14748 7757 5528 12872 10581 11106 1253 15113 10927 19395 4820 4015 12174 8218 9423 7534 7700 6276 10054 7670 17652
16538 2943 17053 7411 18525 14952 5829 8384 12933 18963 5742 4746 413 5788 3398 17624 19477 1479 15440 3067 11678 9480 14441 12744 8395 8424
12442 1349 8537 3910 11616 5854 5681 6970 4907 16898 8038 18667 19139 10309 2380 17951 18219 6578 9668 17561 12672 4467 9204 18022 3359 4323
12093 19704 1158 2342 4117 8187 18226 8118 12087 19532 393 3269 18502 3515 162 13465 9967 7363 16315 10503 18101 7203 5004 1424 15242 14750
3018 10615 5672 5027 12541 17851 19070 2933 13879 17522 6909 10062 5460 19317 11451 17658 19823 10810 14021 15991 11660 13826 17023 17666 18540 7672
7602 18892 11339 17283 13692 3411 5534 9653 16442 14149 6572 12967 3701 1817 1363 9303 13249 5178 17949 4267 2874 5019 19211 11546 5511 2976
6236 5775 14458 9997 9106 7252 4816 10132 2595 18020 12055 4709 11501 18605 10191 3262 11211 5007 9206 4439 14498 12855 6156 17668 14432 18115
3716 10749 15837 1404 19533 14969 4413 7939 11455 5491 7433 11142 291 12269 472 12029 17552 7012 10816 14743 14476 4752 2384 4660 4048 16690
9847 13222 19895 6071 9381 19381 14180 8997 11445 7050 2723 176 19045 13437 5427 16671 2814 11805 15719 17143 13686 5923 6293 11683 4021 19423
8076 18772 19146 14321 12287 12972 685 16116 5802 3991 17916 10835 8644 2607 10894 10883 16635 13441 12270 18693 1130 5956 18947 10562 16517 5900
694 1951 8907 1710 1133 10214 8583 11958 15843 7100 1281 10092 19858 18162 3038 3323 1439 14124 5017 6930 19162 4655 14429 17108 8526 9032
12110 71 3956 5085 17289 18927 3030 740 10063 15208 424 2487 17949 8457 10752 6581 12438 2565 11914 16165 9497 10168 343 16920 2979 14538
12873 8739 2829 14847 7883 2139 9346 15673 11831 1406 17234 18279 15293 18136 9617 8989 628 18795 10672 103 12426 9759 386 9318 6278 14708
18101 18327 15260 2627 10745 8207 8135 19633 15961 14796 6044 12702 1831 10278 10724 8613 4521 16594 5396 16721 19702 18093 9673 608 17485 3982
3172 19967 7191 13931 11857 6068 3109 10344 3530 17753 6133 19560 11269 5048 2424 3721 11858 15055 6670 6192 12255 6788 11454 9844 6631 9743
19414 7218 340 8549 6096 9378 1544 6075 12229 14777 10361 5619 15918 8902 12648 9670 4502 3126 4516 8757 11791 4600 2365 13652 19464 14135
6712 17960 19156 14100 12139 3842 19833 17162 4793 19920 13149 13178 6592 7295 10564 2838 17365 18997 10380 10033 9828 8485 4353 5294 10335 18172
2693 1499 12068 17105 14971 8081 1799 10716 1873 15554 12414 11894 1146 10206 5802 10319 6962 1636 11118 18515 9628 10129 5181 15817 7154 6233
18551 2610 8229 3004 18219 11246 10823 12064 10518 4499 5676 13717 18425 16400 10511 117 6993 5058 12738 12311 5074 15125 6155 1847 9976 15536
3410 5364 13697 12461 5545 9959 14901 13165 7901 7115 627 17325 1134 16481 15511 1764 9269 11257 17846 2476 1891 4937 19777 18794 3098 18219
12075 4287 2215 4620 17097 19832 9246 6289 11069 19588 16334 15160 599 9980 5660 13503 6113 7088 15709 14762 13483 9120 2 15387 10702 16582
15991 3236 8533 4023 1688 13706 16922 12768 17626 11931 17516 6822 10547 10835 5051 13655 16335 9651 867 11039 3475 2163 1569 68 18051 11944
3044 13339 17951 15361 13514 10489 2732 6258 11622 5706 18945 11594 5992 3399 10186 19109 8942 18810 10542 12892 16978 16398 3509 9753 9461 10674
7416 11358 10536 10004 13172 1731 15948 15922 17384 16576 15883 918 18422 5836 5229 19540 5202 11734 2118 6627 4001 13255 12513 1358 1966 7853
4254 3125 16357 7150 4387 17866 5848 15129 5893 13438 6014 12133 9721 4971 10303 15266 13881 3967 13407 6449 18030 7693 6363 19357 8626 3779
12111 12822 5470 3567 12484 3905 12071 2601 14852 10697 17629 14636 15765 6275 19214 16249 985 18225 2587 5175 5345 14324 247 3167 13262 18241
4654 11669 10262 13932 16393 2496 8811 14191 4043 5652 10913 2149 5887 17788 8313 7622 12929 9246 9340 14270 4114 15701 1863 14772 13482 4077
9431 5129 16778 10442 13728 1342 9755 6924 19139 1582 8892 15915 16540 18503 18301 17266 1292 12636 145 16667 7808 15262 3410 7303 19527 8887
5491 16806 5579 4096 4612 9236 15324 14660 17456 19215 6731 5746 9141 9688 16031 16447 19382 11317 18162 19488 19232 18906 518 13889 12076 13291
11902 4604 921 12967 15659 13974 19866 19391 9905 6693 12836 6596 12255 17717 2186 13594 10806 267 13408 11952 9726 3343 6543 518 10011 2147
7468 2518 12994 17531 12552 7691 18608 16945 9816 1466 12678 5026 12935 11536 11149 16962 19821 16268 16748 13971 12985 19491 725 13176 7999 15853
18147 17610 6151 3555 11442 19786 10230 367 903 11078 712 14807 9564 3553 16662 6292 7444 7199 7849 12392 4123 12677 8846 8106 19179 10273
9874 1544 12895 7617 3622 2051 17597 13705 15820 14668 10682 1434 14113 12979 7315 17776 19540 14835 2429 11380 18640 11635 6977 17400 13512 711
7184 9047 1621 14631 11037 3212 11177 3074 3724 15318 8982 19542 8009 18297 11590 9031 5250 19492 6778 10946 2210 18470 616 18053 3194 6199
1997 4954 7148 17491 10824 773 11689 1477 6927 3558 17008 5062 7868 6684 694 4576 549 8856 4894 61 2563 15310 7605 3527 4160 2467
9033 14232 17594 13099 7250 14843 7407 17324 13212 5154 18404 14199 11717 4785 12187 18862 18734 18963 3603 2558 10474 12841 14033 12179 13136 17851
13265 10934 19190 17235 19486 17491 18511 18424 8084 13015 18586 4994 8406 1921 12018 7797 6467 15996 9865 5561 6478 17858 13216 6794 2319 3002
16840 8011 19614 18280 10148 11858 18158 14500 8062 19041 16590 9187 12949 14718 14865 16446 18684 19241 9614 13767 4361 4189 17755 7349 19436 791
8601 16844 13499 19532 5555 5886 16532 17815 17594 3071 17599 9865 12430 5752 15935 10229 19368 6809 7519 16855 16944 8346 16551 3016 19049 4840
5566 19131 9340 16845 955 4417 10056 13510 10856 4391 12849 16937 4936 9630 17163 18528 221 2763 5153 9192 1813 13651 11488 18242 8457 17798
717 5578 7830 12206 3985 17692 17282 11895 682 12815 18632 3784 16634 14867 12646 3005 9802 12074 14203 9238 17550 68 15341 6369 17009 14885
4252 3579 15943 5287 11600 6775 17525 2039 2449 8669 10714 2319 2291 7685 11410 4884 2461 8151 19005 11449 19474 12833 16942 1094 4561 19984
17205 1344 13996 13697 19930 12552 16165 19125 5261 2387 3992 19479 13317 11298 160 9021 1597 6915 9495 11960 18726 14812 12402 15425 15192 19726
10982 1993 1642 10843 9070 5827 9637 5623 559 357 6910 13621 17619 8258 18664 2751 11696 9485 5447 13987 19663 36 8822 6702 14159 4094
6500 5397 9081 10912 12728 16855 3587 5677 15481 5191 16833 12912 8489 16957 14063 4723 6940 8920 14451 1040 19784 2917 1899 16382 8162 2840
19776 9415 4597 2264 671 3599 13622 4525 14062 18547 16318 12832 3849 10770 8961 13525 19001 3692 12279 4954 15962 12461 7665 2513 17007 14596
10343 2977 5123 3440 5933 9899 4991 8703 5604 6946 8979 12069 13684 18941 10229 18993 10558 4147 18659 17890 5611 4554 7520 18540 11036 4438
13273 10373 15317 3254 9583 144 2379 16867 12127 11622 12454 11889 12909 361 7011 10674 15700 12338 351 7556 2745 19254 14807 8907 18602 10756
9870 15967 10265 6152 13090 9612 19928 6243 13881 19856 9835 13454 6067 6488 1244 4259 17245 19487 567 19007 16977 8613 10257 10401 18359 1945
19941 11776 12879 17983 4693 12341 10439 7383 13247 1160 2121 13921 1896 12654 14190 5504 5369 3885 1896 12249 16364 1612 155 6107 4706 2820
17411 5669 7891 1537 6190 14494 16289 4496 9341 17420 7147 2872 10465 11293 9150 17898 16527 17163 12356 14216 6801 10003 4538 14763 8255 15400
4088 3257 17572 7908 14022 4656 15482 12453 18983 2785 14383 13245 1445 1601 4019 10230 13568 19104 1543 16679 18915 15149 4532 14723 10191 3356
2830 7345 9522 13223 9968 7096 11640 3283 8891 5306 11161 7149 3582 2189 10923 4947 775 16355 5355 10848 9059 5108 16157 7219 695 18386
6780 15149 7055 303 18128 9135 14930 4167 14830 1002 15105 2263 7271 5719 13617 17174 11320 17317 6194 10469 2450 17763 8416 6401 3545 2154
4927 8299 1189 6223 3605 5513 18353 16620 3986 13606 13156 13936 16290 8565 11046 15710 13319 3008 15708 8758 7151 16673 3086 9069 14834 6615
4950 8932 3022 9538 3012 19706 15331 7460 6748 18991 6167 3595 2659 6419 17622 13670 16495 2944 2702 9604 15398 12499 19601 6240 5704 6739
2320 5648 6060 13715 15907 15019 7254 15794 1538 8976 18287 8184 11979 2797 14267 14104 18677 1086 7560 772 5342 10034 2114 3386 6180 16748
8453 8591 1145 3607 8483 4507 16722 5592 10674 691 1697 19063 10446 16039 1321 15259 3657 19811 6974 15005 15045 7859 7940 10062 3031 13739
2499 6398 6778 16907 15329 8728 5654 11901 6843 1221 6550 7518 647 14814 8425 15909 17109 11771 10895 4083 19042 13312 5550 8893 7825 8900
4794 4193 5980 1971 13462 13241 7856 142 1662 2296 4153 17603 13803 15125 10187 17123 11552 17419 19969 13008 6327 18775 13702 8163 13959 10577
6463 12536 10692 6111 9640 3259 14272 5304 14481 3789 10030 19388 10660 5828 18972 3163 11682 9066 15319 1229 17487 7020 16372 12733 16472 9211
8988 11800 13827 15059 2828 7634 2576 10413 11498 17870 6415 6140 18357 17667 2005 6359 2207 18474 17996 1330 11669 18508 19943 8503 4647 15464
8067 8564 4843 11318 9830 479 7425 9610 16486 16162 1175 2092 11177 6877 6882 17057 5271 11651 2806 6017 11949 15827 2994 5425 2092 19553
12929 815 17354 18972 14085 831 17705 6535 19849 5890 1251 17 11218 7943 18732 8333 8108 18792 15649 8223 17637 7436 17173 16582 1671 2701
7087 5801 180 14479 8425 16438 9630 7846 3485 6798 1352 14334 13283 13436 401 7634 17722 13065 15762 11946 6081 1326 379 13951 18985 9877
4961 4917 3154 3780 19349 14991 6432 4471 9278 14480 13626 7698 10255 14012 14854 1990 17695 2743 240 18569 11762 18260 14139 9744 14434 6276
2986 11510 16908 18500 6159 15946 7837 19884 10489 12649 13438 5780 5682 18332 10170 11813 7721 16869 16426 19906 5746 4471 6890 11957 13014 6280
7872 387 4500 9663 4275 19725 8750 18376 9558 17284 3028 6741 16247 5741 11891 7904 2047 11701 8913 4069 4283 17121 6616 15807 9042 1728
337 6361 5708 10653 16476 10370 11675 9168 4032 16432 6675 9462 7045 19716 17437 3431 18762 17511 13968 3390 8677 10318 19541 16249 578 14407
18084 9167 657 9781 2346 13502 12446 14138 8054 14434 12723 2676 19976 17642 8520 2177 10752 11524 9819 7902 7688 16833 9867 11748 18208 19004
15121 16967 778 11112 14463 451 19311 9997 15532 3153 17533 6604 18819 16489 16653 11510 4608 7472 11015 1525 238 1868 6426 13960 1584 16936
7644 15809 4987 15869 11836 13297 4264 11343 17779 6022 1459 9976 11134 3056 6308 6745 11471 6471 13292 19104 7399 4342 6148 1977 12381 9700
3641 3690 19084 10149 9456 17615 14800 5342 10676 7938 1928 6535 11886 10281 12295 7632 12714 15626 7944 10468 2393 10882 2070 3091 10933 8312
10954 16107 7922 8684 4526 17264 14997 786 12612 13706 5040 14941 8026 19827 14189 19690 14618 2614 7961 18572 9188 3940 7082 14267 18167 14846
2563 9381 12302 11626 8631 13361 3630 9968 1429 5897 9789 15563 16013 13437 15831 5871 7948 4810 16588 9103 17298 19815 12363 4317 9572 11574
16806 3745 786 15672 11690 13878 7163 18832 6713 4613 19388 8292 14480 7913 11245 16504 15992 19290 15122 7809 13969 2363 2341 3627 10504 6594
18413 2194 2330 19329 3987 15239 18076 6985 5084 4796 14433 15898 12627 11475 5419 4622 14609 19977 12807 14132 3524 19015 134 19466 14797 10963
6978 15329 7743 5004 6378 6822 19010 2331 4523 639 12089 935 18748 1712 8019 16464 3399 6544 1590 1800 5303 75 19256 5567 6775 2695
11312 9940 8778 9188 14674 5149 8321 5294 11071 19151 3908 2266 7215 5614 3160 10319 13745 14601 6480 14079 13752 7897 9036 19878 12111 2583
3008 17463 570 17778 11681 8877 11142 17336 11217 18328 10692 16648 11192 2630 2180 5684 9373 11813 13952 19916 8182 2055 12317 8866 13292 72
6530 17008 11762 1993 11466 4735 11079 290 13723 1084 17704 9335 8754 7399 9747 593 803 19514 5421 7298 14416 6236 16991 5335 1963 819
4207 14537 2591 11401 17235 938 11779 18347 6592 14221 19018 19547 19723 19881 18945 9036 17951 12146 8491 3817 612 19195 16322 3529 8524 12223
8242 10685 14296 7581 12112 990 3219 3714 3569 1140 5620 10091 12371 11611 11289 9995 9212 7897 288 3957 10511 15839 7816 2828 12296 835
4364 3803 19444 6756 8508 8029 9779 12058 463 5895 14468 1363 5360 8039 9373 12540 18897 1706 5795 8826 18311 11648 5481 11851 16180 13369
15532 4027 1261 3499 15917 4445 7502 12265 13394 813 7939 10607 200 8032 19441 15918 7612 13025 1727 14095 5699 11631 7808 993 19847 8291
10053 4836 3273 869 5086 6410 6779 8262 16796 12030 15638 11389 17273 10730 10468 17736 16479 1542 7490 4995 9544 15448 15883 14527 13634 4211
2312 5946 14842 10081 16573 12515 15587 11632 5020 9526 5808 15149 10995 11412 19449 2387 14408 5469 8274 14085 17919 1972 16995 1622 5433 13021
15948 3122 7886 6790 2779 6926 19078 275 7736 14707 8625 18235 12607 14425 15033 2474 4863 1424 1738 18020 14204 4974 15445 1237 6388 13
11661 10898 11468 2350 3721 7332 1312 19311 9487 16934 13697 12487 1246 1599 14076 16811 17098 274 18133 19943 11931 17057 18161 18460 10475 11948
14276 15318 15123 11533 9402 4895 10114 14242 15255 4165 11510 12670 1787 17760 19074 453 11935 14666 10020 13386 12951 2805 15816 11231 5097 1085
17496 19065 9187 9364 5964 1464 11032 12401 1155 3681 16770 5034 4804 3651 16080 17397 16063 10755 15979 14799 1435 1392 3343 3883 14428 17155
9260 16487 2346 5047 2683 8929 12889 1751 12691 10744 16658 10765 16535 9543 4844 18389 11455 12766 15823 13024 18206 3150 12092 10079 4808 9900
10011 15864 17383 7896 11123 18215 10509 19409 8860 15639 11427 19605 11581 18754 16671 8677 9820 7710 9362 8965 4624 13157 12839 10664 17842 8755
17340 4431 12333 6861 9064 4104 11032 3805 6197 19735 13931 41 17875 18583 18895 8204 14699 17769 17265 1190 7633 6683 8884 14995 5179 18640
8571 4321 17621 15618 17246 5186 4122 14890 7464 14839 3542 8711 13959 13958 17605 17309 19947 5223 19839 18378 8051 3945 5544 9300 2889 15110
1444 19900 7840 8895 11003 202 12488 2054 6518 9654 14678 11896 4432 102 15756 14206 4111 18330 1345 11042 17109 17548 627 741 11980 16138
14866 4247 6279 9861 19370 19213 17032 1324 5647 14105 6092 17004 7386 15490 10933 12800 13074 6261 13429 15785 8594 12498 15222 5596 8306 13903
10874 14137 6712 19570 17193 12722 7255 5248 9755 17576 7575 17276 18712 9011 7591 14144 9136 7618 15173 12466 16203 16220 12045 7898 5467 10854
4273 2004 95 6997 2083 5404 11826 7807 1809 9766 8649 2442 15249 11238 19774 9739 3800 11863 436 8308 15328 9807 18466 16923 10263 14957
11023 8656 11447 13451 11577 18712 18705 18420 18578 14156 14876 2545 17506 10052 6713 7036 217 6691 6471 13219 16324 13279 3397 4971 15016 2958
11773 10254 9222 17645 14821 1989 4309 7257 9587 19384 8321 8972 14279 759 1891 3689 16018 3095 14544 15078 10958 3426 12904 6971 4572 4115
9403 4771 14871 15222 14854 7250 12410 4286 5079 18264 6885 4072 5536 7931 10624 3662 3167 2201 12514 7354 12290 6333 15493 1195 4501 334
15960 12502 2061 18769 11880 18761 2833 7122 7237 13076 14782 17080 10622 17839 7000 9946 18769 19146 2782 6 16633 7107 6515 7132 4286 12727
6893 1789 15996 1151 4977 15014 17798 14064 1893 11287 9635 6037 9389 5911 6702 11949 19724 19805 5504 3095 14997 8692 18046 14354 14287 11290
10418 15716 14120 11923 10952 365 10476 11315 10372 16782 14458 19113 16506 9424 2054 10297 19338 17969 2201 15836 5492 15662 1679 3478 6822 15528
13519 7651 1068 12019 13726 4337 12716 3694 4718 13155 17763 14673 17347 4759 13649 1821 1969 11879 5690 5345 1180 4773 2449 5204 10401 4130
13424 3451 3799 14411 13330 2379 3817 2683 13641 16574 17168 19536 11916 7077 15083 19295 11521 4436 12094 5018 4464 1482 16930 11745 10328 5129
18870 15 13420 9584 12875 8653 9752 4772 2718 19308 14399 165 9349 896 4867 19222 9277 1067 14007 4265 18590 17635 1733 1749 7828 10253
12719 18713 15131 17688 12140 11001 5216 5443 8243 14325 18917 18234 12430 1238 11907 12977 13802 9667 17133 19264 12841 11178 13837 8654 8164 7619
2451 1664 18439 2936 19297 8570 16218 14189 19059 1297 8735 389 11820 13250 5976 6037 6014 18065 2202 11063 9575 12183 11598 19974 19596 1183
7153 2001 3794 8167 12687 10926 17141 18952 4273 12905 6496 9929 9549 18636 6975 17328 3358 16599 6257 16823 8090 1024 19648 17370 19398 2156
11164 10350 8975 8091 10063 11315 3805 1934 7066 8627 6653 8940 3967 2169 15168 12106 19150 11626 4851 5858 17288 3692 3780 10667 5958 17381
15431 6099 17059 8354 15664 1273 15433 7420 10930 7388 14892 4407 3412 10932 2643 6560 7154 11187 2472 2499 2322 18853 3813 16887 9929 5602
11826 8296 627 540 18738 18520 8428 657 18444 16119 15578 14216 17704 15355 3812 5515 13843 16941 19851 18950 13099 16222 17118 15544 15191 1313
11215 5065 8191 12451 16616 16627 6168 1386 19047 6919 16402 2539 8053 15016 7459 19797 1697 14086 838 11460 12967 11410 10057 8224 12183 13803
25 11782 12708 6689 9069 10265 4207 912 8985 9667 16313 10768 8838 12344 15772 479 19166 15925 19776 2859 13124 9419 3468 925 11824 7639
6165 10148 12097 13387 17911 3326 13339 10581 5550 5780 11815 12264 11239 3736 10609 2739 18303 15088 4710 17730 7595 9014 2904 2547 3967 17889
13967 19074 10910 11338 10743 14538 15395 11279 18420 2476 2329 8146 13499 11570 3845 13245 17344 14423 8617 16927 11611 6497 2163 1025 18839 12776
8728 1327 1060 9810 3664 3600 8596 10171 4438 18984 10686 2015 16058 9885 17579 10149 7751 9045 6204 14680 6771 19646 6891 3243 8402 376
6915 12301 8550 14353 11265 3677 7186 14961 14863 17398 2924 2068 2458 8708 13393 16339 7913 12488 13422 5447 17579 19202 5835 5266 2245 4874
6558 7232 6546 5158 4224 14854 4663 2570 8027 6190 5066 3869 762 17140 11358 12942 16970 520 8543 4764 4713 13111 11938 2988 12635 12226
290 13920 15185 4691 16914 2770 9756 17140 4499 13999 858 12607 9389 9062 9914 17502 4452 12425 12801 19794 13441 12379 10570 8273 4069 6809
7019 18433 968 4432 1049 11477 17045 19483 16688 10207 9838 6709 5357 11597 16954 19877 4757 15570 11237 11214 12226 2107 16513 11955 17768 12523
7019 4190 15456 5237 16929 12467 648 11967 19562 17649 17326 4965 8847 11948 17215 16135 291 626 4275 13353 13510 10217 11695 986 16643 6925
745 11265 19265 10502 15714 4921 12931 7071 11796 7498 386 11359 15296 15002 18679 2030 7975 13433 15257 6914 2190 19157 11164 2136 16827 17045
2292 9710 16553 19558 13349 17355 4807 488 16295 6526 10435 7938 15784 16194 7311 14923 1989 18846 15105 10792 6969 11901 6657 2616 5547 18874
2289 16081 6786 10982 11042 8684 14351 15977 11468 3176 15229 1075 17718 10850 17219 7104 13443 456 17042 4060 5712 18000 5520 4852 12035 7344
10245 2226 7061 7408 11292 16674 18126 4961 6210 13858 3307 9125 10250 3401 19506 12490 5951 19180 8362 10344 3724 12856 11755 15455 8993 107
14126 9422 17863 18649 8223 617 10673 4446 17650 7917 8132 18573 4908 16989 6760 2876 7817 3812 17824 5763 14343 280 17249 10033 12467 15516
7468 18879 12167 1691 5764 4399 17849 12689 5264 12751 11379 5424 5131 12307 17251 11863 9437 8174 7877 1548 18132 530 1850 1859 14102 19858
19552 7549 4005 11495 19110 2989 23 18274 7909 2739 2689 11003 2092 8486 4352 7445 429 15447 19570 13290 15860 2559 13997 1275 14439 19738
12782 17089 6744 1328 1811 11476 4204 310 12187 11610 11127 19143 1454 12476 17228 6902 7842 7895 1715 17087 14776 9345 8116 5936 16811 7065
14702 635 1036 19426 3151 3911 9101 18144 4971 5226 5728 2030 1627 15982 9763 7461 12242 606 16928 1694 623 5154 1280 19970 11329 15462
6485 5947 13333 15542 19673 117 3130 18716 7712 13995 8056 14215 8147 9718 1066 8037 7568 7040 1371 18138 203 5716 9087 7603 10670 12118
12315 11695 16221 15941 11545 16073 7078 15416 18278 16048 17282 3848 9916 2210 1295 8399 968 10568 2160 8204 12835 14495 19818 8715 10134 2914
11529 4807 13392 2029 8806 9333 7999 10011 16760 7573 5926 19493 8587 3331 7580 4430 1073 14470 12960 4877 4439 19491 2970 5983 1248 10750
7704 1889 4624 12735 11484 8864 6963 16852 4412 12800 8175 9090 426 9556 4032 2280 16558 12736 2846 16948 6662 1570 9394 4766 6716 19904
12842 19429 7710 14455 3046 3482 9066 13738 5417 15522 6760 11831 17949 3107 8927 12434 16610 4133 8208 8741 14437 13336 17489 16841 10709 2352
18032 11556 16612 18535 11853 3221 5688 6520 10392 2841 12219 17325 855 15254 18198 4089 19706 1197 6082 17621 2721 4871 594 5985 860 18125
9734 8979 3198 7984 12103 7178 8273 8867 1456 7031 19726 10408 18489 7879 2129 16140 3979 1185 16875 5844 1820 18195 7498 17661 18401 16995
16869 11243 10386 2087 3404 416 16280 12795 3521 10149 13469 6869 13482 11550 7809 18203 2987 5007 3775 14168 16144 16766 13715 3247 5664 10799
14629 19308 8533 2802 12994 17105 19437 6710 2286 1851 1850 6073 259 719 15584 9451 15455 10903 13702 5178 19672 6542 18244 6603 15736 671
11208 976 10033 19799 723 18870 12859 10223 3703 4832 4286 2696 18153 18528 12156 13065 17423 9580 1826 18411 5313 5137 14392 3238 14596 909
15476 7614 13622 4835 18585 7921 7269 9281 9108 3864 3352 5754 13821 2591 16551 2908 8750 17383 15883 6585 10809 8507 13543 11660 10160 1105
10210 11668 5624 3285 7477 19876 10234 6486 5123 17332 4236 4348 14455 14963 369 7178 9662 12876 9809 4166 14324 2024 16674 7019 1423 15526
2374 4875 10318 502 1217 9747 481 5965 14174 18399 755 4224 3436 9844 8249 13826 11308 10427 9228 11607 9444 15864 4087 4376 17307 1800
11317 2994 13862 10101 12711 15484 8641 7449 9990 14055 12534 7624 4755 18216 659 286 11254 12920 16317 16328 14963 18568 6010 11176 10727 18147
9586 13869 2219 6035 11084 16304 6292 16960 18873 16555 17534 1463 16410 6222 18895 19824 13841 7855 4491 14854 2298 10035 14281 6195 18267 19914
15817 569 461 6709 12728 15282 4179 19112 4157 10718 4293 6677 12816 14321 5512 15650 13299 8263 13442 14481 17949 10660 839 19929 15616 352
6574 14957 4754 1818 8046 4212 8730 10154 8867 15919 6583 716 3279 6365 19491 15518 674 12556 8130 2774 10871 11730 18285 3100 6850 6731
19543 19466 113 12995 3545 15551 8107 18967 10896 4194 4523 12971 17106 17113 491 13644 16768 16304 1655 11391 18799 7522 4337 8737 13615 13620
17002 12790 14540 19391 16254 18386 17164 672 9166 1422 15004 5347 17321 14662 11507 3544 7343 8024 12933 5481 1476 101 14706 19012 19523 10165
898 19865 15050 19849 8426 19100 7714 759 19314 12855 7085 5765 1150 9441 18713 1778 10507 18712 3390 17067 1737 13845 12029 15221 7434 19478
4493 8248 4362 6736 3179 18090 17087 17130 15812 18832 479 15133 15021 9976 4432 13080 2353 8297 18956 8585 14406 15702 14587 305 1622 489
15476 7076 5637 10690 19916 9147 13956 15195 3332 17328 15333 4099 8422 10886 12563 15887 91 9232 1843 2288 15590 19657 18512 10931 15603 14230
9190 6624 12622 17785 10947 5646 19449 14754 2348 6298 9553 6444 11375 12648 16081 19933 16877 12727 3388 6964 3708 2740 1534 12659 13239 8912
13080 19151 3722 11282 17376 10640 4944 15518 1048 18336 12599 3987 17966 3907 586 10765 3458 7267 4368 4957 7597 6871 15230 15585 16565 10185
9359 7628 12578 3663 8234 16990 4355 11692 10999 1712 10926 2989 9132 12501 16858 17294 13542 16570 19515 3338 5985 13691 4935 6456 19578 4082
13353 17041 1638 3621 218 10692 12197 5632 6427 15299 2240 19102 12746 6898 19718 5243 218 8035 4119 11237 11881 17625 3688 19715 11083 3747
14590 12397 6869 122 209 2365 4603 9755 1165 18077 3926 9058 12034 15464 16045 18008 2424 3862 935 5925 10623 16813 18332 17323 9191 8481
6242 11820 1436 6318 19649 1591 5070 11828 13124 19349 2018 9086 9066 7444 11674 5672 258 2098 14022 9994 16661 8401 3656 3040 6178 18197
9277 9528 15222 15350 17616 1237 16356 1660 13421 15731 11145 13974 2896 15219 501 7376 14504 13575 318 273 16014 12337 7297 15808 1182 15698
14540 14998 5673 15179 17255 17457 1768 8070 14592 6482 2360 12008 4658 6928 1146 18780 19201 1373 4631 19181 6221 14102 465 14298 15920 16855
9594 4877 17356 4809 17004 1768 4152 15292 10165 13929 17425 7199 16892 1859 4442 19537 6086 16383 15387 17903 10677 16455 585 7506 8088 11053
12865 11050 18531 18017 11252 12709 6233 7779 6271 6137 6349 17008 198 9369 1460 1936 18872 4614 18164 7311 8186 16074 6868 13322 5218 5
6784 1961 6600 8916 12358 4844 7148 12481 14049 2296 1306 18368 3574 8885 12918 9656 17395 8831 4788 15522 18562 1961 12493 6991 6553 4910
2596 12126 15923 11549 6094 11598 11462 11482 18785 8625 2948 1172 8375 3701 9537 16377 4734 3303 15527 19687 16542 1813 4630 4600 13810 14244
2726 4179 19143 2326 11336 5411 17913 18759 3502 5470 10926 1443 17842 4472 8292 6434 19861 1710 5596 8959 1534 947 6591 17421 15424 15555
7634 17809 11384 14488 4937 12502 13453 9413 3039 14241 10418 13125 2446 15722 16697 19670 8350 18604 14210 19905 13597 17475 1746 15349 2431 6639
5174 1092 14406 2908 17721 17841 16725 19706 17225 9783 4275 3890 13924 3886 2868 15625 8864 3996 19971 13507 3992 5686 2536 19946 8057 15612
2458 4726 11371 11703 16834 1343 2064 14547 9505 11322 6988 16324 19231 19157 15514 16452 10292 8738 1691 11076 18455 17237 12066 3082 80 11986
15660 11669 18249 13369 8334 6458 13056 7271 815 6059 7684 19830 5776 17905 1915 7362 9945 7445 7058 15552 5732 15519 16185 16216 19241 5819
6974 754 4387 14816 3430 4883 15102 833 16323 9429 8728 6640 1774 11279 4468 12973 19411 8758 1168 5747 2698 9628 8998 554 16275 16450
11068 14424 11877 15158 10450 15858 9145 5489 12915 17633 17246 1370 4988 110 15434 3718 19068 6087 1532 11396 17294 19706 7335 396 6577 17766
10844 3383 17575 16573 19961 168 13555 2206 15200 16598 4572 7751 19944 2629 15336 13145 4732 12039 18520 835 13748 3554 8599 9981 8476 4171
3912 16968 6777 13569 3599 16923 13292 9263 5592 12097 19918 6413 10189 19986 5569 11350 15680 12207 10346 790 14312 13837 18561 5787 17649 16522
17080 19430 15444 2839 788 6955 861 16584 5918 10163 1468 4302 499 2506 3983 15080 15421 3895 7349 14883 15387 22 8170 5524 10535 3790
17349 12604 6560 499 5295 1183 3321 7970 1705 3600 16668 14476 18339 12919 13067 13995 3832 6677 9588 16310 16298 10625 19585 14194 10617 7196
18110 6082 1882 2602 681 4237 6173 6762 9348 352 11949 6433 19124 268 4177 12670 11045 12941 15852 13373 16711 1641 10484 18926 13320 10998
19499 18126 12616 8758 4477 2013 6706 3940 16886 8331 10393 16492 9611 14639 5524 9212 13465 10195 5338 12893 13253 3254 6786 19862 2038 9318
15116 13104 5387 1275 10661 4327 8014 12568 16326 12132 6538 3631 12293 14986 1068 860 12400 5101 19357 14537 8667 17026 6519 1136 19964 10422
8010 14923 887 14436 6683 17323 5565 2569 19432 8824 2150 16237 17258 14097 1074 4671 19761 4184 10902 9241 18587 13872 12185 12591 2294 5617
7840 1745 18636 16779 6960 2153 9410 14741 4894 13170 5093 16131 1139 10317 18723 19823 3036 14042 17375 17836 7657 12442 11271 7856 14069 16463
1628 10073 19541 1876 19060 3783 14289 12864 16014 12948 5621 3074 7104 12792 8655 16828 17097 7483 397 11918 13208 17631 2557 3172 16611 11470
8754 10892 1714 15021 5564 11281 618 16113 8206 10021 18072 8970 19279 10342 1666 8032 4790 6893 1526 3115 10803 13890 13706 16687 4999 16699
7357 18001 18516 17302 820 15129 13383 1844 14105 3285 12822 8106 2574 6311 4178 19443 16144 2870 3524 2815 1620 16171 1088 624 18456 7139
9609 4159 1651 9429 3764 15882 2864 7013 10959 14356 9322 10351 5445 4306 8783 3949 7136 19049 15712 13149 8258 10703 9200 18673 7599 9882
2823 4712 15706 10179 590 8464 11819 3872 12730 3941 14971 9227 14978 5622 2576 15549 8750 3167 641 1387 6761 2387 1561 19938 10025 17408
19159 1598 10763 19576 19872 18180 2530 17694 898 19055 14039 16645 17409 16849 8897 1964 3337 12184 9970 19503 16607 19555 19100 15594 8195 2026
14384 13804 12007 9663 1426 8837 646 17024 4998 1220 11816 16216 8453 16831 19933 8862 16893 183 3256 16183 1496 3804 19469 12684 2141 11069
1260 18353 5680 8045 19039 5639 10038 8535 4621 3295 10204 12559 5203 3704 3221 1817 614 7998 3887 3894 5884 1294 13913 12750 13894 3940
406 15649 9676 13077 1278 15665 10895 70 19817 17649 14192 19454 317 16466 7695 7419 12742 4043 18795 3336 7395 1326 8067 10689 19569 14003
14839 366 189 17877 9441 4863 19088 16193 2413 3254 2862 3598 5921 5949 3605 18251 11951 9881 15879 14155 16035 18417 11242 9689 1692 8821
12941 1448 424 19293 15787 7060 12411 2364 19079 757 4899 10472 11963 16465 61 3539 10159 392 8153 5632 5418 424 18137 17875 8739 9206
1131 5434 13770 1789 12575 14468 10388 3518 16165 7794 7352 15559 10598 7971 19172 15337 8585 11161 11682 15425 17408 19303 7352 9244 19605 4086
5027 5853 7887 10453 19358 18769 17874 17771 9731 14389 17145 19567 4099 12026 14986 14540 17461 15508 12996 95 16235 652 18182 18636 15002 6481
18312 16736 9051 9479 53 16264 8720 7724 13379 2464 7243 17329 12692 3367 14448 7832 15744 10341 3856 13039 6981 8862 15470 9832 6035 19879
14165 7557 9619 3772 16201 1453 6437 17049 16639 6096 18969 4090 8936 7885 2759 3552 4203 1636 5763 9647 4483 6541 12708 19015 11759 16822
17965 7259 19224 18155 9830 17627 3620 5951 3970 13245 19786 2653 4405 16142 17084 7793 861 15216 12542 2598 221 7835 3620 10970 15244 8993
7444 8567 2629 10953 10467 3667 18047 9711 8374 2663 10453 3416 9664 506 6309 2620 5539 6332 13884 4303 9603 3373 12558 12382 10938 13054
17334 7566 899 17751 5011 5445 7272 9625 8785 19807 12894 17803 15282 13610 11260 18490 15400 11705 14429 8943 11731 10738 1416 1739 11312 11717
7328 3497 6366 19963 11925 13644 4245 12978 13401 12360 17238 8161 6256 8176 2922 14475 16678 12106 16679 13087 16730 15430 5111 3614 17752 14105
7398 6150 18319 4213 1608 13946 13249 6328 2903 16037 400 11569 10080 16831 12448 10028 10819 10893 15989 15103 13069 6775 3673 5090 11899 17743
8771 3858 14802 14162 4258 6984 2336 7246 13002 5261 18359 617 2967 19519 7898 10551 9611 8163 413 6656 1763 15929 11266 17756 2596 17981
8102 10682 19014 3060 1939 19660 6921 6400 13273 1253 3352 12268 12584 9645 6666 13466 2893 2881 3640 14050 16376 4482 8750 1791 19891 4153
16884 16387 10736 19992 15004 12743 7882 6243 17576 16219 5891 12675 14333 15811 13084 4520 9238 10387 18262 5943 4142 2300 12967 16883 45 14352
12185 5564 14682 17577 3003 14864 7398 2434 7067 724 18452 4531 19195 19081 16536 5710 15880 12969 14071 13973 15531 17944 17577 3320 11840 4982
13595 19038 1192 12407 2403 2745 19465 17415 13202 2119 3083 15250 17090 13353 68 11809 16934 17398 10020 16458 9927 5943 4207 13988 9447 4158
4609 8162 2438 18926 17020 4829 7189 15630 18540 16903 1456 11481 18269 17174 519 11792 939 11840 11843 18940 19353 13505 13793 16954 9978 13970
13676 13364 17836 546 9876 5997 11586 9097 6045 9512 3728 4106 8371 4555 5371 18349 18761 602 2024 8078 13577 2122 4635 9007 2745 19750
19829 4803 10329 9611 7032 6662 5714 1465 1531 2753 17375 6227 489 709 9048 14502 9528 14936 19792 11163 16919 13237 12539 24 10872 2920
2073 13836 4488 8201 1316 15377 14526 18884 18594 12855 15871 1538 14008 2540 2710 7404 4683 15545 16790 201 18594 7358 13971 1948 12619 15136
15300 10409 18493 7218 1036 3781 10371 1392 11442 9831 15915 18978 17796 12909 11910 14629 5161 4892 7054 10946 19651 11250 13636 15252 8770 10335
11855 15017 3273 1237 11210 18367 8044 12314 9677 9790 8025 2949 6850 8900 15105 9605 7759 14406 16394 11571 10433 18294 2533 3277 14086 12509
19375 15734 3212 18286 8625 7241 254 9049 1549 18364 8308 6333 6485 11904 8417 801 11552 13523 14611 13062 8791 1292 15427 11187 4165 4950
1127 10924 4225 3627 16405 6872 3312 2681 5962 17193 8670 5508 9552 10166 8692 13889 17796 16065 14508 18738 19392 8000 14984 2036 10221 13646
12648 15251 9895 15252 4775 8454 7799 8707 4215 13563 1465 434 10710 19075 8252 14789 5694 4162 2980 3345 17719 13625 9714 792 9550 16312
15000 18370 14047 19489 17272 2975 19874 107 323 8166 14426 5968 18218 5077 4371 7097 5740 2015 19414 1394 6003 18640 8167 10811 11877 17155
15489 17534 2987 9935 18203 4732 14448 12595 13820 13342 11888 2051 9998 2767 16497 8861 10576 19229 16340 10317 7733 1200 17868 314 15489 2259
9605 1286 1358 1398 8348 10330 2779 6199 4733 15425 2589 9295 8276 8533 3011 1087 3994 6366 12725 14788 1334 18324 19755 19614 6809 7993
12680 1325 7080 2319 12428 13159 6326 18949 4255 16460 3170 13291 3893 4061 6097 3010 10593 16845 107 4683 7241 15435 9477 320 9623 3441
4523 3616 524 6474 11317 7108 5028 13160 9178 5875 7568 2797 1492 16247 13371 4727 18424 11344 16960 3318 14053 10827 10611 17643 11025 12816
4292 16505 19444 17054 15670 16206 17837 16215 12600 3682 15166 11372 10519 18137 9784 4605 15471 11680 11424 4917 7488 19480 12461 2116 6132 1795
11406 18871 5635 19572 4661 8834 12914 14411 3682 7854 2635 3771 7059 1481 4383 16691 1573 6531 19961 7805 12963 10455 13349 6865 12537 8967
9018 18418 4398 12047 7070 7663 19768 12453 11990 10544 18181 1106 3518 9374 8408 17814 11391 2989 3226 16691 10861 18435 5652 915 19783 5330
3268 9689 5344 766 11387 1923 9927 11764 17676 18716 3218 6804 1790 10161 15520 10215 17026 15146 7863 1221 8171 13244 7762 2893 9029 15566
9769 6380 2557 18226 19817 9519 7192 8849 11875 9407 4588 2739 5608 7229 4071 14605 9440 4312 11195 2590 18394 11187 11673 8561 9517 14282
12856 16973 11629 15439 1882 5600 18538 17708 728 8436 12717 9235 16229 7844 8086 9274 11477 2319 16122 5232 10449 762 16996 4616 1210 9553
4455 4549 7441 18061 1004 7438 8322 924 13486 13473 3020 15054 14373 19181 7472 10386 5074 9855 18387 6861 14445 6155 6685 4828 9316 12626
1021 7132 19002 1787 19755 16258 11356 15888 18596 18162 13695 8966 13829 9371 14403 18971 8194 7967 13714 1542 9877 15362 6708 1470 12072 17127
8242 2382 18662 4005 3346 7592 5467 7561 12140 12714 15239 8931 7280 5133 14479 8160 18840 9964 7626 4762 6392 19214 17181 7518 16992 9273
13006 17638 5595 262 9854 10381 12054 16478 10388 5725 10669 6371 7468 11029 1585 16424 1602 16856 5717 7628 1116 6523 4964 15972 4941 7834
7511 18320 13145 17027 11742 12271 80 6688 19628 16105 4258 3959 15176 2017 8272 16151 16043 12484 17533 2865 11915 2811 11506 19534 19737 9960
9774 12242 13709 16154 7925 7964 621 11617 776 15798 8338 13652 19585 8316 5345 701 2206 8078 1166 9539 10096 16097 16371 15953 10778 18164
8142 7617 14234 16238 13244 15681 18183 3328 9170 18404 12640 19259 15843 7011 12445 10729 3173 13015 2773 8458 6142 10575 10031 2103 9155 16305
3756 1729 16253 10742 1929 14684 4695 4142 6101 14967 14461 7049 10370 14314 7068 14389 2777 11384 4165 6523 17970 2362 11073 9475 2404 4848
13929 2613 3646 6445 8519 19125 10266 14056 18555 12234 3855 3832 14376 3899 10165 19809 1464 1577 9487 14635 6874 13169 14286 18512 19758 1182
3114 16806 1891 6632 2120 5913 1289 15796 3635 19005 16961 2888 14855 18950 6470 2449 3563 14565 1603 17456 9569 10925 2144 3959 9623 15728
16124 18822 17195 16501 13686 7730 3274 13872 17599 2586 40 17914 17024 3070 8615 7819 13042 5775 11652 19428 7047 4033 16518 16441 10473 5744
15860 5672 139 12600 647 11073 10667 4134 1693 14457 15117 15660 17468 15791 1868 19644 6771 14728 16610 8665 8097 8349 10849 1 5665 13473
3389 12650 18879 1883 8803 11975 4107 10278 13287 19988 16016 17445 16290 3329 19133 18396 18294 15902 3164 14976 10712 15982 5307 11335 6946 15363
15411 2257 10547 7949 14090 16157 7009 14764 16221 17082 1623 4199 7664 13741 3943 8873 18253 2923 30 9737 9060 17102 13435 18845 15534 4739
10292 11388 18434 1565 11873 4034 5260 15248 3464 19371 14122 16766 17073 14769 8788 19869 7463 16368 11380 3930 15563 978 10235 7507 12686 11365
9294 1602 10144 5555 5155 3539 10739 5712 5820 5369 7713 2520 8047 18132 3529 4516 2537 14723 2314 9806 8355 7916 15876 10357 938 7568
3640 9173 5346 5019 14680 2056 12550 1409 11681 15591 12568 8354 10886 17121 10948 8452 18103 12903 9833 4094 9114 5199 14969 4307 19359 7189
6358 9659 2964 9582 17125 1267 2280 13407 5195 11527 13451 19617 9213 18304 8741 10751 18204 13863 14019 19687 1546 2039 3019 10447 4715 6091
7092 19389 5612 1104 4237 11422 17643 10189 19369 2402 13733 3672 19535 1093 2739 8790 1354 3443 15381 16909 17287 1490 1011 1341 16528 16592
172 12082 8511 7877 2821 7574 19433 18680 14007 18163 8708 13291 5003 12859 10121 3867 7000 11686 19809 17938 6197 10216 1883 244 9400 14921
16083 15639 14185 11369 1166 17915 4084 8191 7049 9551 12252 502 16083 2157 9868 14137 17935 6606 446 10936 10915 4470 13203 6921 8539 9347
19806 5068 14063 19840 10189 550 4917 3131 1415 11311 7464 698 7272 9443 14119 2342 11417 17150 18764 7620 1769 17907 12412 15319 19920 15247
4128 16180 16118 10248 11822 18679 5844 3965 16187 17746 6347 12029 1366 2780 3584 3985 15623 7273 7588 3275 9979 2410 11161 569 16609 10048
16141 8652 11576 19307 17862 1896 12314 16396 15182 19645 871 12777 7363 15666 4135 11958 16900 7923 18705 1722 8756 12856 1514 6430 19779 7142
2291 8178 13431 4527 15594 19392 2269 9978 5136 14824 3382 18709 3953 10470 17358 1579 6787 18048 1252 18865 10824 2473 10712 6521 1009 4700
17945 3287 2345 16172 14243 15895 3616 4516 15378 11389 7543 9090 17974 6450 18034 5031 7977 3937 17189 5669 16973 8361 19175 10759 18070 1973
10731 19749 2324 1592 2459 7574 12974 10920 3530 4248 8071 13255 16021 4308 6286 18245 1019 16992 11734 1051 3979 14560 6270 12199 18099 10702
19295 8741 7525 13617 11581 4644 7648 3568 16793 17567 16826 1554 15966 4779 15491 12849 19777 4829 2589 1111 6620 4686 3669 17952 13615 11579
1799 4578 357 302 19903 13959 15103 8311 19983 4713 3634 4638 14990 8886 4036 18059 5132 13275 10247 6418 3866 19605 13865 4890 8600 16619
7382 13044 1380 15948 311 1935 13063 8465 15317 13676 5721 13874 6926 13584 3807 10046 14709 15329 14963 10353 5638 17790 3981 3188 16680 1753
9224 7274 9140 18151 19228 18729 12461 13607 764 7977 15386 12969 5776 5443 18231 14625 13941 5543 12873 12431 9304 12838 13461 12067 1187 6387
17525 15008 7980 12026 7212 19391 6221 16645 935 173 6878 10924 9875 2019 6954 16569 4270 1803 14102 5842 10853 3493 18313 18929 14091 2916
5814 14738 827 4025 10414 10346 7392 12493 8531 12225 17180 19832 5132 208 11604 657 14955 14038 15269 11129 18310 16327 8522 17285 12809 7136
13057 9866 5910 3419 18452 9892 2111 7636 17281 2886 15348 6611 16440 4218 3622 11606 12718 11990 15333 13956 12521 12963 6428 17753 9153 10552
5835 19343 5384 14396 14143 19020 11891 9949 12270 1104 18964 1543 19135 14063 14021 13602 10407 10773 12002 3534 19258 770 2539 6290 13009 6036
12726 10908 11164 13227 9165 12732 6624 428 1330 5921 2616 3004 13748 14780 11546 909 14921 19973 17344 9742 9760 15839 17001 18797 9269 4221
13513 6777 15217 9366 19092 16767 11579 8861 12240 13236 8946 13174 4792 4863 14189 12092 11237 15372 12299 12444 2993 15305 6329 6181 2458 18000
86 6078 15360 2566 2619 9995 1529 3333 6252 18020 8040 11295 8102 10882 14226 9026 19192 14310 10387 16417 1914 17190 16014 18016 10029 8037
1815 18111 2814 3979 6891 2660 13851 6433 3361 15743 12589 8186 4126 14616 16908 13615 12632 1984 10109 15805 7098 7876 19704 15058 12087 7903
1533 6727 14997 2687 18284 9446 856 18710 12071 892 9617 10616 13849 16438 8081 12731 2162 4602 11462 18714 18027 11452 7569 8272 14468 2387
14907 8662 17828 7079 14305 19558 3157 15503 7622 323 15932 4388 17743 1777 11063 15803 7952 9398 11198 9922 14313 6938 5619 6279 4681 11684
487 12165 3817 332 1556 8609 14333 6935 2914 5636 8128 13192 12602 7869 2206 18071 1113 3267 2115 639 7134 14105 17353 4098 7665 6027
15540 5770 1659 196 5660 372 16501 389 6472 5479 19281 6718 5061 14386 10562 18895 18313 11931 18940 19489 5715 1246 3889 5757 10922 17662
9909 10733 8528 14468 16147 15537 7263 8306 15417 18545 9776 4724 13205 3392 8181 10563 5020 12342 11718 16718 15652 13849 589 6036 13910 1465
10798 11782 13769 3692 7700 9233 10213 14251 11311 14866 9713 8456 8 13126 11721 6900 13453 7872 12630 12404 8574 5388 7960 1615 10886 13920
16094 5044 7139 15926 9087 16566 4681 3864 11529 14864 4934 15285 19775 669 8663 6634 2203 7180 8513 3633 1194 11664 14244 12013 16029 14113
15792 5078 8192 15840 2425 6523 1352 10981 8496 5409 14863 12683 17239 10476 6400 17369 12657 9422 4554 1967 6165 19918 822 6539 784 16684
2907 2658 12951 3421 4177 4693 12351 17892 17768 7242 19111 11177 6019 17598 2574 18041 18043 13703 3872 5175 7021 6559 17183 15663 1293 5218
1335 11349 18632 9854 15403 11577 6569 3061 3809 1054 12242 9862 18832 10647 1087 3801 18470 7041 5854 5796 7673 6464 3773 5705 7842 9144
19996 4508 10307 18173 8206 19525 4643 1690 14288 8600 4363 15419 6944 4603 2757 17770 2255 5937 18349 10890 15123 11103 4650 14918 7231 5064
8247 14774 13438 18257 943 18264 11858 6368 8064 10160 14722 6579 9484 9076 7154 11231 10088 8588 12079 17586 1623 2289 13234 6446 15035 856
15049 6777 11542 17118 707 2477 7675 18100 14806 11989 5884 13138 4361 4150 2686 10401 16760 9546 17774 8386 5441 14907 8190 6158 14176 7266
17233 3513 10345 7614 17136 701 18244 12452 17282 9176 15615 8829 19001 9583 8579 4375 19685 675 3066 18588 19186 4408 12145 8252 332 7181
3806 18843 18029 14347 9736 12208 18044 10493 7263 5659 2807 9559 3196 14430 17348 219 10592 15107 624 7368 7504 9533 17394 12734 14941 10475
1774 2882 5946 5541 4736 8506 5862 10769 4105 11488 7014 7994 18261 18262 9825 19822 17482 17959 18975 6046 4295 14214 1233 14196 2185 14324
8823 18268 2467 10899 11459 9565 12614 12058 16749 12496 2191 1720 15025 16097 10518 19064 7861 10782 17571 19023 13534 6181 15532 2281 17009 7122
16380 14677 15898 9619 9044 18586 1720 5173 2004 11224 9794 19887 1839 2603 5243 4511 1488 10786 5624 11459 7918 7366 14762 6327 2626 7553
13789 13184 19329 5863 19411 17987 5499 12019 10958 10230 19116 2302 9950 14213 5504 3375 13000 17044 11144 17423 4406 6806 1276 5521 5331 17626
7857 16373 2820 4018 6888 1155 6614 444 18290 16848 6073 12685 13441 1200 2509 5350 19476 9261 8998 570 18740 11955 3013 16828 15379 14356
1362 17778 10735 10982 4103 3008 13315 11899 13028 3638 132 2226 6293 1965 7560 4467 6756 11248 6772 9352 15954 11572 319 1980 16557 13304
6696 7963 5917 13997 608 15172 19907 8522 7835 13311 11831 7118 7482 14705 4630 13080 9507 13175 18881 11639 6997 9181 10956 13082 9214 17156
539 17124 19519 9585 4635 16543 19063 10914 4512 18591 19270 13213 2402 15237 6771 17035 6036 9292 18481 2711 16123 18123 2213 11114 17324 17963
16148 8298 14901 14455 15833 10597 6589 1066 2319 19421 10414 10555 19174 5859 14831 8356 16254 1519 9994 12837 8219 17216 12614 17818 19303 18699
3134 6650 3327 11670 17363 17640 7143 16374 15256 19604 13273 5311 5510 18253 6475 6015 11840 14686 17450 9080 8942 7512 8599 3879 6955 5165
19745 4078 12760 6262 19250 12228 1974 16018 4406 10888 17960 1106 14641 8869 19700 15023 18357 12167 8690 2842 19520 19321 15663 476 11541 1529
4065 1615 19494 7 11001 10808 12698 5438 16036 7743 13456 11077 7988 14252 11077 17855 1047 14340 19186 7406 10453 10714 972 13035 16364 10258
5934 3715 14831 11250 6379 8924 13245 1309 12143 15463 9718 11591 10689 8 9926 19560 5068 4029 13564 11913 4277 1831 8938 14645 13427 18173
18111 16781 12917 4175 5015 1850 7454 4053 7517 7435 3034 7906 4812 4741 7408 6644 11052 13403 16067 1688 7100 511 2328 2293 17852 8669
12634 9136 18322 8295 13433 18159 16572 6591 15220 4510 8229 6657 11050 11253 13502 1091 8294 11183 14436 6344 14779 13389 9772 1421 23 3214
19844 10853 18563 4496 18633 9567 5081 17114 14069 5814 2629 4283 3483 18711 14881 14957 10894 10187 11176 9506 17246 10323 452 5840 15508 4679
19297 12917 19374 19414 9786 18572 7195 15977 9834 5653 18118 714 11773 14203 19832 17819 12832 964 4235 7710 1859 11685 9822 2942 2068 6573
3068 15057 12513 413 11034 18272 3026 9501 6417 13716 15799 5691 15715 11370 2143 2756 15595 4063 18077 13554 16305 696 537 12974 15025 5058
16492 6946 13011 2111 18519 2565 14980 17576 14209 16299 15868 19145 5604 261 16213 13771 18074 928 11230 6577 17654 4728 10839 8289 5624 10540
17506 9201 6076 5082 18990 11037 3546 3699 12387 12682 7400 3666 11200 7292 1975 13287 15227 13970 13361 19928 10097 10764 4779 7716 1852 13031
15357 14572 928 6861 18241 7992 19280 9177 19723 8975 16791 9870 17482 3405 3268 8049 4356 14250 5794 18767 15358 9192 45 17253 7355 6519
8893 6406 9357 14064 7765 9256 19211 4603 13938 19741 14538 142 6983 2561 5195 6754 11765 912 8784 19593 13023 11792 10452 14139 24 10588
813 16593 192 795 8770 12558 408 8222 3288 18681 1838 14448 12137 7801 14136 18017 6877 14924 5542 14511 16031 12450 8237 3812 10814 8197
10612 19405 14909 2359 3934 15884 17345 2227 7601 19381 12934 3581 13713 12812 144 11150 1283 19312 4199 6343 18337 14557 7646 8931 7419 8816
8388 4269 4091 17930 12548 6970 12000 1268 6198 12770 7894 12995 3805 3304 15733 703 10995 8067 18541 12759 195 13034 13880 13324 2919 2590
14707 3294 9253 18019 7760 19112 4860 1617 11677 5178 5110 14426 12445 19213 7592 15795 9226 8847 9388 16434 10729 7108 1908 4700 13226 5794
1342 5432 4834 12966 1713 16094 6197 5583 226 8998 8997 18063 8719 7921 1479 6705 72 4644 5140 1566 16571 3778 14814 14670 4991 8691
18879 7273 18380 19704 16851 18217 7651 11435 1511 19263 12619 6429 19986 2972 7466 6922 14112 12796 8508 13965 19924 17995 16180 1621 19903 6879
3992 12417 13370 3239 13008 1908 16047 7783 16017 3121 5102 15065 668 7084 441 12199 17516 18442 17419 5516 15181 186 1521 14856 18118 16631
12560 9115 19153 14136 16521 12718 10707 9518 10475 14562 8852 14700 8573 3122 6365 14902 7171 12939 14990 16246 4015 8175 990 13461 1452 4394
14256 1917 5128 19415 2616 10475 7962 14240 3425 8325 15522 12512 11968 10112 4416 12336 17695 18141 13057 4002 4718 4749 12446 15985 10724 13833
19721 19337 1581 746 4055 2486 19153 7400 15572 15073 14110 11424 11121 14440 11384 16196 11933 5671 5601 14714 12153 15017 1685 5539 3295 14710
1294 13625 910 634 4562 674 5004 17449 13013 18529 8522 17976 9821 6026 547 12376 1347 5649 4091 4477 10214 16273 1726 4992 16538 19260
18340 7087 3112 6403 17734 13423 4750 12329 1299 10459 14650 8173 12902 15265 1561 18653 5554 17192 11444 14960 16986 2301 17653 18776 4857 10317
12533 15218 10703 14662 5215 17281 494 19256 4676 13733 19432 8858 16308 12794 18240 14703 5945 12193 2746 17823 19822 14920 19570 6919 3274 17568
6610 4829 11519 3539 14309 8452 13470 7949 14838 12963 11904 5524 5955 2517 11084 15208 88 2939 11581 5149 4763 19454 16764 2391 9449 1908
9253 13288 12103 358 8892 1968 819 12481 15019 19052 5790 11029 17013 8205 15773 8203 14956 9015 6112 12407 8497 6215 5783 8481 12671 14596
11870 7 10842 6540 9771 8382 9645 19440 6482 12682 13579 3300 6972 8574 13551 7737 10368 16593 2079 15457 14043 13063 14915 5009 11659 12804
19271 5478 14498 5888 446 10591 19527 9490 4922 16997 15081 15170 6119 7969 9181 1503 8046 5668 3255 14064 19562 7968 3042 13497 17696 11150
561 11319 4531 1673 18049 16981 18155 9034 5246 580 5452 15996 10596 1099 11052 6276 8514 13240 6494 17640 15135 13779 18419 722 19703 2269
2039 3476 16731 7798 9081 981 12864 6610 4521 8444 16392 1402 14920 11232 17320 17035 12307 17254 15028 3772 3413 19577 3796 10958 17671 9286
17153 14442 3260 15554 16006 4826 9445 10781 11051 3926 16839 4741 1645 9790 13412 10803 11164 8200 1242 14278 18744 8360 7841 2860 16672 3107
19476 5735 19319 12388 2930 4297 12374 2324 13076 16132 14572 12824 1761 19349 6066 14867 3809 9953 14935 3506 16245 15504 13785 18566 19954 8632
13542 18822 11020 12956 10548 14458 13129 19617 17931 6754 14198 19006 185 16186 4426 19203 15697 18576 17627 12978 16220 1204 2308 15923 3376 17130
7448 5884 11512 8549 9701 9240 13409 4637 3528 10991 19833 12428 8092 7743 13056 19940 5517 6891 1020 19426 12686 3242 16379 902 9452 8063
13832 18877 10554 16815 16862 7398 18692 13811 2037 13297 1680 11611 7499 306 10006 2799 4431 18851 17165 8666 18670 16273 16563 18510 12786 5955
15576 2826 5318 1860 7319 7124 9400 7357 7735 9621 13942 1606 19225 3204 12389 9277 3701 17776 14703 2804 15340 6727 1307 16475 3513 11449
7904 9330 3734 14881 4243 9011 6239 15561 17192 4737 4122 12880 18853 14609 7619 12551 4996 8575 9343 10413 8693 14686 557 18427 5011 132
13863 19207 5516 4478 17727 6248 17520 16415 4998 766 17902 7559 7837 13465 12773 3973 13367 8042 6715 18867 9088 9173 6846 2975 6961 17000
749 17964 17279 19475 8805 1705 17493 13281 10839 14048 2315 1930 14088 918 18468 16901 12137 3003 1825 1697 18949 14778 1626 15321 16844 4050
9230 16343 3112 6188 449 5054 1659 1226 1671 7680 4863 8016 9819 977 6444 4968 15429 18807 2457 8783 4223 17993 12451 6338 14877 1523
5154 4099 9829 16045 5122 5835 733 1982 6879 17416 10907 19 997 16435 17419 7622 9678 72 1516 19037 1447 3375 7013 13488 17508 13259
4857 117 16210 13660 4607 2816 7425 19942 6211 16405 16272 1312 2898 3095 14142 11438 17951 3816 9348 18084 6759 16270 13113 6643 12813 5843
12909 10820 2144 1487 15231 18240 9279 4406 6283 1930 3637 4422 12188 13034 2692 16694 5144 700 17038 19755 15374 16493 7509 353 19317 5197
8509 9048 7123 17376 10465 1 638 15202 16903 5581 8728 3452 2322 17666 15488 6187 16883 16067 17234 2675 8865 4579 14749 13573 19342 4977
7700 2017 14851 8842 11564 2313 18588 9342 12298 9082 15797 18521 9819 11832 12303 18170 6506 684 1155 5038 3700 472 9389 12512 10812 318
3171 19645 7654 12630 3061 719 18109 4478 4257 3614 18176 316 1944 8282 4190 10973 16593 18521 16637 14977 18955 8958 1980 1893 2817 14638
