365
54 36 84 63 72 55 80 37 50 35 77 59 90 11 22 74 33 22 43 36 62 54 99 79 84 96
6505 14019 9622 4171 5281 18655 13101 14202 10779 6780 8466 12214 16685 6587 15595 7587 9599 3902 18258 16693 6996 10591 18228 2706 17339 8901
3526 2561 17499 5302 16731 10510 7038 16200 3382 288 8057 4125 10838 18376 7001 14319 10488 14842 15615 3655 10454 7367 5616 8308 8354 10591
3427 9106 17269 9340 456 15697 8466 9346 16971 8476 2901 6941 6081 14494 18355 19822 7791 3936 11423 11468 6303 363 15043 18183 17696 15889
8321 7793 13260 17971 7572 16349 5066 3901 11829 9998 8621 10317 17862 4424 8010 11937 2965 9884 11785 7100 5883 18826 6015 8623 16218 14921
7649 14650 5637 8296 11126 17230 3106 4263 17486 11845 12552 15868 11454 7889 15126 8667 8138 8379 16215 18800 18973 18366 5465 12737 18461 7886
15085 9937 11598 2409 8750 16216 18127 12719 14682 16513 14608 4531 17987 4748 2127 10101 7800 17503 15507 11910 14548 19596 6518 11487 9147 4359
6912 6893 228 16531 6661 14948 12764 1853 1420 3655 9668 6317 19993 5628 18374 9240 8048 19610 10415 19718 5209 477 17042 19691 4321 7152
18986 15773 12559 8474 6216 14553 11756 8450 744 17211 14673 14767 352 3968 8477 479 14202 15860 8865 264 7492 12535 1842 13251 15743 3071
14716 16008 15503 2076 16287 6041 16221 3614 7771 16682 13098 11585 12204 155 8703 7674 13891 6810 7229 4554 5922 19815 6247 10217 15109 6276
1724 16714 17980 7201 7575 2146 11641 3767 18819 16466 15447 19339 9372 1427 5340 7015 18455 5373 16696 1821 16729 2162 9273 4347 9112 7924
4290 10986 4213 7442 3392 16777 11983 15632 6046 11515 5853 15055 7707 16736 15386 15149 3976 8478 931 9481 19117 15133 17580 8699 19493 18290
3166 8156 15235 17217 3752 4795 1670 18781 5213 3105 6969 14207 2205 10258 14419 8886 3534 17741 5294 2057 785 19955 4028 1647 16990 12921
10469 14071 11252 937 13054 7424 11503 840 1278 13615 5494 14050 12854 14505 17852 19646 1935 8819 6886 12307 4002 2793 19719 15854 19726 1438
4312 18853 13805 7235 3234 10036 19927 6791 16332 3756 3168 2134 12436 7213 14068 5750 8806 9613 12666 1987 18804 14093 14440 19992 7923 10213
5046 14760 13687 14094 2652 2776 1458 4417 2807 19130 1686 10817 16006 18802 15043 3988 2664 1153 17390 597 11384 14290 13378 10512 5572 6970
2623 510 2013 15681 3446 19981 16038 4813 15421 6010 9133 14947 2060 10913 8105 8840 10544 8701 16583 29 8009 19007 13011 16720 9001 19510
1626 2197 10767 7124 15757 424 14205 13908 14754 8646 15320 2452 2939 913 2983 404 16071 11631 12463 67 14814 7469 17131 10265 14447 5299
13983 17560 17952 2217 10580 15161 12575 6105 4553 6301 17472 2857 5358 14283 18373 7621 17681 16866 14851 3547 13531 12220 6547 10695 11251 5659
7235 18654 10971 5814 19080 6446 3740 3242 8719 438 1644 3190 13015 9288 12157 16099 3996 1559 2015 18993 17212 18715 12289 5006 5795 6230
19415 11898 15604 10806 14444 6955 5640 8223 2502 19828 11742 7235 11673 7844 9393 880 4198 5509 9817 1946 18345 15109 12191 14934 10095 15514
3998 3873 14760 15203 4800 13444 3462 12178 2549 13076 15798 18086 8397 8493 581 8526 17834 5842 11870 9300 11897 785 16324 18915 6142 9233
5027 11293 19109 16305 264 1207 18195 15 14773 5445 11261 16020 1508 6462 18875 11508 9671 15552 5399 7540 13257 18052 2342 17768 6385 19338
3781 10312 16884 6908 890 14976 12542 7560 1728 13276 2761 14522 9213 14705 4714 10925 1541 18511 11304 4332 14512 1253 18167 16255 9905 16081
6545 2833 11584 14732 6287 8007 17990 17076 1782 14601 16037 13908 2362 14377 84 4869 1695 10779 12963 13833 8001 9534 4255 13869 1161 14620
3963 2347 11861 1919 13901 1077 16595 3085 17923 13296 7172 8647 17445 2886 6365 19048 14512 6344 14378 8406 18633 6410 7191 3837 16628 15538
1745 6050 18690 18173 678 3993 13153 8610 4909 12716 13006 19763 5008 18142 13774 2292 10027 17763 16391 427 9825 5593 4313 3951 7024 2872
7707 2005 4727 7476 759 12135 12940 12368 19859 12931 381 16165 15755 4760 843 16038 12504 12381 9 1533 15778 3621 15079 6103 4465 13649
5977 18134 15390 19084 10464 12418 10098 16977 17498 2703 18897 12475 2834 6984 2930 7985 8375 8772 3822 3332 7245 16177 9558 12503 7470 13247
880 4957 3781 16490 7799 1875 5492 12876 9541 7382 17214 4763 15072 18461 12432 14304 19439 1873 17467 8151 13258 16804 8044 6781 14263 7425
6846 7470 3637 14768 12731 1734 12342 7979 1201 17537 1773 13806 19851 8379 9667 8875 11689 4753 4364 7101 3091 4844 8236 8352 15584 16547
7891 18095 14525 6736 73 16290 3184 11245 13567 10942 14528 10852 18085 17077 4817 5854 1119 14862 15995 6035 14573 17827 13997 7619 4129 5293
3753 8452 16473 14493 2232 11014 5129 18166 13024 8431 3241 2251 4146 18439 9479 16109 19307 13428 17822 19242 11644 5157 933 17889 11198 19882
2185 3697 11690 19806 3934 15824 5618 8128 14104 15635 3742 2028 7975 16307 16502 5322 9170 14624 2806 10783 19198 3389 6646 2833 5581 960
7104 15070 16053 16937 3320 6724 1985 13017 7432 13712 13386 15660 418 18609 5014 18245 5620 941 9368 3301 3125 12245 12579 14323 18585 19887
5353 1052 11157 3059 954 16811 17558 4295 4811 3631 17750 3094 17639 11134 12420 5245 958 10676 3336 12735 14731 14788 6483 6543 17453 12179
12584 6714 3394 1041 5772 873 3922 14662 14515 13660 3797 11264 14375 5961 3869 19056 7491 7427 17425 19964 6012 18784 7972 6963 8514 10664
3096 11770 2083 9666 10393 10757 5902 1891 882 17326 7699 18946 16210 8548 10655 14970 8318 18573 13168 3373 16212 15515 4923 4652 7357 1951
13923 1852 10519 2362 3990 7565 9409 9872 11542 3702 11172 3665 3890 17155 1606 8563 14430 10533 743 9501 2576 14260 319 708 3478 13643
19187 5369 15100 2379 3899 3995 19472 14355 14391 8178 19838 2831 11071 8487 417 15363 17637 837 8685 13654 7813 9940 17846 14174 5719 15346
6540 14312 5819 13984 7493 2611 13945 9322 9579 16214 3535 14326 11470 9042 15081 696 10828 10757 16836 13258 11135 12965 4125 12213 4074 13484
12994 13408 8355 9662 18579 3787 16561 19579 2479 1883 12231 10974 4851 16082 15702 18330 1644 4720 3640 15913 14436 6095 6163 6229 3334 15460
4459 17189 17298 3681 10159 9983 10967 8945 19305 8022 16930 19290 11735 10311 11687 19728 12803 7846 17589 3986 2090 874 965 13598 2743 13305
10102 18717 17044 14804 681 15428 4976 13884 7558 11897 9721 11248 3819 1027 12589 8472 7544 13115 6949 12144 6512 10389 3108 11504 16838 7312
8900 5284 11164 15180 19533 5746 7328 3975 15803 11399 12618 14734 14166 544 8311 11836 17431 9653 7985 3125 15599 12549 15527 12264 10203 7546
7447 2098 18095 17149 14222 17183 9389 8538 2524 14415 11181 6548 8137 19089 13870 4984 15119 18030 12690 11489 11334 16493 14563 15377 17611 18801
2187 9111 1780 4701 16134 15673 11812 11677 2464 3841 12825 17941 19453 19149 10434 10268 4755 2541 19701 13300 17683 15791 3618 15039 11505 19733
13814 17622 9737 18567 5150 2583 11672 15388 19762 10582 17888 4821 11436 10856 9524 6917 1079 1313 13880 7363 18628 18344 11619 3035 5725 4581
6905 2906 73 7800 19305 915 14610 4563 14496 14267 15684 7816 16397 3943 14607 6547 2218 19954 6181 5751 7606 13398 5176 11517 4290 2780
14658 17770 3422 15303 17134 830 15760 13841 6733 4552 7437 6163 282 2278 2723 19153 5711 17232 18575 7584 6066 10860 18479 12378 2413 3520
18251 13988 18119 4393 4580 7792 18743 9880 19590 14272 10550 5768 12014 1005 4073 11535 12537 5238 18111 12665 6996 6037 10386 5552 6531 1310
3590 6472 778 10038 17864 13788 5626 7889 1708 7905 15737 2792 1136 2086 19052 6272 16647 6121 13133 19248 14465 10795 16929 10629 18363 6271
2790 4369 16673 4272 8302 1090 2850 17945 8089 18236 17653 6835 5844 7971 14307 7883 3258 14499 9800 6923 645 18100 1745 9734 16600 9113
10668 673 586 17829 1454 5933 16078 6497 14977 14922 2937 12890 19289 514 14036 8883 17011 10753 12399 5471 8002 2452 7977 512 2592 12584
10006 2155 13265 19976 19376 5543 17396 19196 11947 5140 14874 327 16464 657 18879 4603 12813 18772 2827 16226 18749 8852 2307 152 6340 5926
4911 5205 9035 1006 6530 3965 2346 1991 11508 11247 1979 4371 18823 3832 13853 2383 5414 19244 10271 1314 7513 15404 8449 4590 1107 6608
16815 18699 1925 16508 13901 19493 7148 16428 12305 14120 15398 1496 4396 1186 15349 2540 19894 3459 4034 13673 1441 888 19482 19397 10623 7127
577 2097 11695 17271 8421 10622 6434 2911 6625 13391 15827 5196 17795 18731 11646 6221 2440 8946 9034 9560 9548 1505 17555 18634 1784 5557
19961 5332 5369 11076 18921 10741 9252 2786 2732 182 8709 15864 16427 18833 10782 8874 1951 10832 851 2062 17578 19632 9352 19283 3070 11123
13683 8057 17927 8438 8175 8371 2850 1297 19703 16685 19032 7480 2440 6401 3321 10730 15429 12503 3408 10367 4365 14852 17570 2767 6696 10824
9502 19684 18535 10006 3510 15631 10092 15895 7006 12837 6974 9042 3407 17780 16481 9380 18286 2716 12715 1016 858 17057 10946 19861 13721 2802
16904 10287 15638 15178 7487 19362 9551 10310 18899 6428 797 6702 3318 9767 11602 11350 1688 10316 6899 10283 16022 14807 4261 930 10945 4657
16471 15106 9700 9314 4493 13056 688 4388 4274 10068 6670 18712 18048 17023 15087 7504 12569 15689 11442 15013 7957 16388 1932 18378 9717 313
9802 5699 18255 4125 12762 9615 276 6162 7289 8216 2092 15560 10430 15272 627 15317 4641 1358 18458 3030 4842 16401 18453 15010 10312 8345
7004 11702 7287 1815 6724 8361 16695 7852 17777 5947 514 8751 18955 7645 18475 8892 12000 9211 3906 11867 3232 1020 17604 4697 10269 19006
10098 11770 3322 9833 17595 14653 7804 16631 176 8312 9276 12259 19936 5981 16943 14044 8263 11590 4740 4785 18234 18412 10056 13060 18249 451
15822 14592 19047 18673 19927 4467 9756 5151 3311 19465 2833 990 13936 8442 14293 10416 12067 13564 5223 6398 12233 18820 15496 6799 18943 587
8616 18074 17791 5034 17049 18718 10706 15211 14162 6105 3767 13930 19577 11874 19296 16781 11144 8311 706 18922 5064 11198 2351 3901 13970 10011
7834 13992 1841 450 5341 3095 19609 16002 3379 1673 5582 1719 1246 17214 11877 3083 18755 8956 18478 17845 9941 4669 11188 11684 18965 12812
8344 13900 9230 8384 917 10158 17213 2994 12801 19830 11865 18850 15737 229 13598 12502 11922 6020 11215 12069 3999 7056 14064 5048 15494 15509
18310 3283 16688 1191 1055 19172 16801 17745 11762 12836 12887 12807 12004 8740 15206 13299 7877 16764 8479 15165 11119 8949 17589 16422 2697 16928
14234 3574 1681 9445 3196 8610 7847 1229 18841 9136 15403 15562 12592 3766 13093 3763 7278 19777 10975 598 5596 19419 16144 6051 12846 8783
7407 7409 2896 11890 9371 1016 16266 1470 6817 13136 17436 4889 9134 2266 1433 11649 10293 17254 14042 8530 9112 9501 2896 2131 11795 15087
4412 13249 1917 16345 5751 2836 5156 15726 12868 7315 15556 8219 9360 18831 232 14361 15699 6428 12466 13647 15208 4779 7116 13594 8451 12599
7566 16131 16526 15950 8043 2172 9874 13962 17912 2883 13153 17035 8556 1238 2881 10201 1215 14622 12194 9306 5617 370 17648 7478 17800 11494
7930 17640 12054 18841 6128 16050 15500 14634 3706 16486 14785 8597 16109 6454 13650 15254 16435 2909 9890 17884 10781 4393 6597 10053 14514 2797
3997 5712 528 8669 7193 4146 13312 15040 10566 10178 7385 18905 9917 17137 3088 19504 14529 12864 4739 8595 15687 15047 4162 3266 4286 413
7464 16428 9406 15623 2794 6726 14375 16918 9115 14490 12099 15243 6925 2302 1980 11003 8413 2407 12646 19062 5974 11063 11950 294 5704 16240
17921 14987 12167 6161 10615 6931 470 4607 13555 19215 4701 7676 14817 15109 500 13256 11593 7967 8562 9799 497 3616 18853 444 13799 4291
5617 15106 9144 7689 2054 1975 14601 11741 1024 16899 11532 18915 11126 3283 1671 6259 11145 8409 7298 16059 11651 2693 9608 16952 9730 6150
17170 6160 4842 3375 9187 6334 16989 5289 9726 19659 16954 7165 18342 11416 8986 5640 8263 17392 17417 11766 19106 11923 17801 15199 2080 1026
13169 1054 11299 15717 12849 11228 3487 724 7781 7853 11243 7128 2507 5374 6567 8693 13915 11847 17111 6778 4656 6124 13662 7625 17449 6490
3608 346 14358 11264 18128 118 12902 19743 2265 19905 18271 3485 12928 18290 10216 18947 158 611 5969 10094 4868 210 10638 16129 10740 16719
9508 12804 14883 13486 2842 9303 6913 4486 3393 19638 11114 14656 13679 16933 16909 6967 4250 1791 10576 8093 17003 13698 2386 3833 2802 9780
7043 17352 18886 19524 6191 17163 11699 10429 3194 9506 15090 5681 15211 16117 15451 3310 778 6651 7334 16117 9411 15506 10075 865 18564 17536
16383 7847 18380 18028 8772 5876 12653 13315 5596 6844 1159 19084 13876 11703 1442 12084 5248 9243 7698 6121 11236 1594 2542 668 13603 15965
15960 49 7234 15482 16371 16078 2025 12321 15626 14819 10924 15117 2146 13302 2199 9435 12473 6271 5154 19886 11396 3708 13956 17022 5213 19766
560 4155 3778 13816 16225 14698 4547 7073 11336 1487 12551 19113 18116 17620 15680 12098 9661 7690 12675 11920 19913 2959 18621 13656 9174 19685
18049 7715 431 9758 15148 18435 5354 19987 5953 19301 2053 4300 3701 1278 14779 6383 16521 10854 3050 15131 7975 15788 18407 4584 595 14688
13878 8850 2563 2217 653 9050 934 3200 7303 11084 11561 10564 7171 5523 8929 14492 10981 19941 14146 18128 15535 19622 1962 7390 16246 9820
12868 8060 6705 16209 5728 4302 989 1837 16940 6525 466 11352 2868 13705 396 17527 14205 15482 668 8434 15619 16271 18754 15561 4165 17147
7795 999 7338 10240 6012 1188 16646 13033 8599 13351 6409 13397 7290 8506 3125 7189 14709 9413 16571 5748 15057 19085 2452 9506 276 8600
15796 977 9278 9006 11789 19146 17386 15056 16782 14407 17348 5528 13054 5457 2688 8592 13599 5575 13466 5883 13377 5258 16459 5797 15553 18604
14661 12974 15173 9838 16248 5281 16240 14039 216 17884 8506 1435 1848 18426 14422 17720 19973 1047 14573 7440 17184 18927 776 9339 9457 7236
4761 11726 14965 197 16991 11329 15751 18731 17411 2678 17631 10294 18426 55 7691 6885 435 10755 16899 18095 17148 12728 2226 7856 16915 15705
19763 7687 3295 4515 16803 17322 8064 5409 3250 8811 4672 8862 3986 12133 790 12594 15753 9302 1362 14267 16280 17753 18478 19727 10262 603
9494 6014 8008 14798 14746 6956 4469 15910 9765 15789 270 3578 19540 14630 17220 14625 5344 18014 18990 18363 2102 9573 1140 9727 9248 13360
7899 5984 6822 19013 5060 3168 18023 17721 18441 18705 8171 2898 13277 1847 7554 13384 17709 14597 8439 3285 795 15773 12838 6925 12132 7093
16240 7688 10233 11268 8614 5167 5499 3666 13864 19913 12848 13353 615 7775 9701 7111 4752 10119 17970 13293 6178 7225 10616 17084 990 10797
2312 16062 10093 2986 19775 5590 2620 9408 12308 12819 9688 3350 182 13579 4229 16359 1374 1759 10527 19887 5719 1154 17165 19183 8136 19261
9824 16199 17473 4247 11532 15753 3674 14015 16993 7201 7932 2729 11960 18426 17197 16872 6808 14673 10746 16647 6402 17629 780 4290 16790 11907
12949 18349 15251 10792 9985 19014 7914 14377 3075 885 3223 2539 3046 8517 264 248 5588 19609 668 11169 16840 12440 3581 10601 16983 18648
14569 7703 10434 17407 19630 12677 4510 12121 7638 10649 4440 18980 18418 9573 4860 6257 11062 14549 9315 17975 4813 2863 13189 16650 1252 16723
6174 18033 7025 7394 16521 12164 6408 16205 10883 5410 7465 13921 7199 12657 8300 2587 6798 11276 17828 292 10195 9063 13990 5598 6124 3409
6818 16720 1172 5443 7491 12477 8238 9878 12634 18533 18806 18144 4452 3914 16975 4170 1351 14460 7140 6474 1179 13281 14629 13854 1557 5198
13234 6469 2318 18369 14876 10764 11287 5047 8575 12130 2516 8414 4112 8408 15043 9704 8818 3327 15857 12190 13167 9343 11777 12279 11230 12761
5909 18099 1057 14308 5061 18686 1931 11644 12111 6271 11960 5895 1962 10915 8987 1617 8768 13832 13458 3360 2330 8784 18846 19024 11636 18688
13176 15399 18590 11147 17428 5067 1724 4875 6849 16763 8195 18228 2128 7157 17613 868 18499 12890 11265 9087 10557 13008 9658 11374 18410 19485
16773 5688 10522 3496 2647 1964 14737 16055 8939 14961 3267 6163 3215 7158 8935 5777 9575 14138 14306 10656 14236 14434 191 13099 6058 1893
15432 2207 4883 1384 1560 13172 6914 15185 13877 10848 1832 5052 9219 16652 6224 17745 13349 4152 1020 6175 15668 6805 5159 2246 2420 9689
4991 8255 5167 7808 17065 5826 11372 3128 7369 10062 1316 868 8678 10759 12742 18310 12992 18131 13170 19996 7589 18639 5329 2439 9725 8753
2477 9023 9789 3582 8118 13078 10098 10155 18041 16545 1365 1837 16041 14322 16711 1392 412 13892 5487 5767 9713 6520 13757 14469 3572 4876
7647 16175 16574 11807 364 8696 16849 8119 6278 9900 12587 11746 6146 13979 806 4876 10534 14564 7305 2156 5060 14539 6851 2844 18196 2105
8629 13024 6394 10988 7681 3063 2424 6675 17070 863 12882 15305 11113 18148 7665 10495 8080 9737 2694 4874 7666 12137 10993 819 15918 17804
265 9567 5836 17211 2717 5823 19130 15853 15392 9571 19402 12538 11704 11832 18103 11284 3258 19700 921 2038 12237 6458 8849 4641 4808 6008
7779 563 9833 18933 8382 18155 4278 15205 9486 14554 12898 14411 17078 13043 12495 11365 1674 17298 7928 13132 4986 175 17918 4643 8773 19177
7027 3084 16440 19748 1288 13120 8747 18412 15472 7086 6787 8784 18909 15263 6840 7732 11191 5326 5177 14223 10832 3730 10007 3710 9858 11303
955 5082 10574 4977 19410 14851 9372 15714 4042 10570 6163 4706 10850 17529 4052 7516 10059 15146 9955 18448 19381 10135 19232 17564 12775 5800
5000 12923 15949 17072 17383 5936 4408 10763 18433 4779 11534 18403 4561 4569 801 9863 6238 5283 16637 682 14804 2696 112 3384 4079 19188
17056 11689 11831 563 7809 12549 9025 4109 18050 1810 15982 17777 7180 7495 13755 11352 3757 12708 19863 800 14602 8649 7076 3008 9139 18115
18191 1818 14571 11597 7568 10751 3016 16632 11847 11609 7365 567 15269 7738 908 4185 18592 19240 11033 1037 8019 18214 11611 11794 17275 8235
5596 5857 4778 4647 9161 1748 19705 4002 7712 11288 8020 2273 16020 626 6996 14376 17195 9366 4246 7713 8913 1462 17340 19926 8993 16603
19854 10697 11613 12435 15532 2625 11491 6384 3800 1133 3999 8141 7450 11538 1028 15824 10101 10236 15036 6106 30 17837 12059 15779 2567 19565
12969 14129 19606 10805 9391 2241 11522 12159 3509 11497 2397 4275 4268 8442 482 16324 4179 12635 6327 18283 208 14288 9510 12748 11954 5027
5382 396 17235 10387 9859 10742 19904 6619 3166 15441 2257 10753 2644 2430 1041 14232 7147 3711 2448 4641 6376 18606 13476 10720 10231 2619
13152 12260 13790 7921 9694 13168 1190 15070 3597 15597 7412 3897 10430 7429 16824 591 17326 14474 2339 9893 8804 17032 8065 2921 5224 4105
17309 15250 10849 1759 5229 14568 17097 10242 2164 12132 16028 5930 6260 16730 13312 18390 13389 4340 6543 8575 14962 19299 12946 13937 10141 17604
2707 19175 18584 13722 8216 4208 16052 19251 18345 16126 5646 13269 593 17108 19060 15108 19886 12243 5493 2994 15812 16932 7828 7498 12390 7084
19418 16480 2543 12802 17777 10667 8692 10700 14905 17799 7500 19418 10968 7636 5282 8198 8681 13971 11652 9164 12741 18022 996 12379 12386 12626
9202 9439 13481 1906 16257 16241 2840 18621 179 4438 777 1381 14362 2524 13749 8759 2986 16886 394 19846 19909 16762 8814 14143 3588 17621
4595 19189 18607 19232 18487 13693 18948 8322 19282 16947 11592 15690 12354 6658 6065 7464 16736 5757 7385 9578 5720 10744 13973 206 981 17931
687 5105 10510 1813 15054 17157 12210 11707 13478 19635 16952 11872 7398 13505 13381 13779 14057 5461 19460 2988 11386 3683 4424 11896 9272 7706
331 17532 10079 16790 16642 13989 13072 4822 12355 13546 16588 5481 9169 19212 19316 19321 18253 18900 8932 8753 5090 8219 11479 2532 1744 11547
7163 15799 2291 4892 1553 2296 2686 5769 15531 16461 19711 6777 15526 16905 16706 11829 9357 7492 19599 5580 9071 15063 10130 4181 7044 3273
15761 11121 17836 6721 3797 3448 1613 9346 7190 2784 5850 13564 6149 3766 10442 9399 7466 8345 6203 16692 13323 5503 19256 13647 372 16350
8276 8341 16228 15590 7847 4981 15008 1715 11506 10252 9453 10840 17124 16472 13311 17231 461 1397 4541 6254 9973 17377 16884 13015 5871 2576
2124 3857 17951 6352 9493 19023 773 10494 13338 6205 16991 9770 6108 8548 10573 1354 13864 11755 16482 19295 17146 1744 11596 2970 19118 19378
5098 15239 3039 19467 3207 8552 3586 14652 4802 13018 13671 14225 17069 8138 18635 16607 11782 1609 15207 15896 13684 15236 4029 5430 380 18126
16286 14257 18944 3505 118 6753 11210 956 11735 14624 14280 13916 7704 1712 1380 8096 15060 14261 10210 1161 18078 7845 11768 486 13260 565
3613 13257 12716 13720 8728 12289 18222 13382 7609 5535 16004 8086 3322 19516 2127 13318 12366 12043 14377 7074 5812 8675 12567 11884 19712 17
2986 9351 17941 10309 6263 8897 13695 19577 95 12956 10154 3309 11478 4294 13515 12191 10495 356 4809 10874 13782 12035 11520 3064 10113 4819
7126 13896 11354 8211 6400 2422 18429 18227 9647 10369 1028 13456 15172 15371 18469 9107 12616 5147 14251 16285 11262 13339 16585 17833 19314 17751
1374 17451 14974 16985 15354 19034 15565 5852 1577 13929 12126 5634 5452 2686 5184 13957 9361 2035 10287 17863 12451 9047 2469 2071 13374 11239
859 9991 13801 19762 591 4007 5536 16915 4572 15482 8865 11809 7833 5435 4599 14328 11945 9238 19239 12709 7694 3786 14215 14925 13856 15456
12547 17959 15110 5810 1450 3759 15391 17492 19963 6486 6457 4623 7909 3683 9746 12857 10539 14265 2583 1492 5360 19239 16196 18179 14999 5580
9675 10434 10077 18165 18205 1843 8836 7137 11664 13112 17449 11359 17764 12101 13706 2428 6884 18654 5023 7162 9337 14550 11674 8569 1527 7472
12200 13956 10388 10666 6867 17963 5610 3086 7123 10400 4250 11310 8471 7262 7224 12538 15272 18251 8138 1220 19419 61 4724 10773 10115 15975
13996 12979 10204 10580 3576 9921 10263 6349 10745 15543 2323 3245 7891 18851 9726 17455 3830 13201 9274 4830 10499 1955 3254 165 10166 7985
3838 6442 11951 19795 2965 2222 14219 8140 8755 11841 14170 16857 13374 19013 19638 14186 1638 11589 8661 3087 7919 6821 10026 10713 18564 3034
19995 12176 223 7259 3361 14168 10050 16916 19634 14021 19931 1973 14850 5440 12373 13091 19557 13035 11773 11023 15356 5690 2239 1357 13592 9247
6283 4157 758 14881 536 18397 19948 18834 9922 10053 3075 15336 15745 12946 17202 14466 1856 16478 459 12212 2189 8161 19538 6453 2764 3482
14416 7212 9916 10406 8954 8538 13411 11842 11545 2772 10568 4948 8149 11546 9446 7627 5973 5387 1088 7460 18954 2631 8591 4409 15828 18580
4767 6031 17596 5306 13089 1517 6200 6233 11677 19371 5868 14850 8866 2815 18793 4345 14124 2052 19360 15982 4956 17140 9861 12057 7438 1171
12804 11338 13307 13917 18041 11580 9793 1940 2250 8783 4331 14698 7620 4515 9530 131 1260 8043 18649 17328 6117 17765 10991 18317 14504 18456
18866 2112 9327 13994 8831 13411 2159 8057 3643 838 9001 16012 9777 5211 15399 6024 18683 4547 558 10758 10814 5287 14781 16651 12746 19808
5154 6657 14492 13925 15944 17145 3656 17518 8392 3161 18530 1847 3993 8633 16487 17401 13185 1976 5254 5341 13354 8974 10359 12377 18936 16674
14258 14666 7841 15430 13805 18425 7321 15167 1527 8048 1712 17261 19182 14866 7723 3782 10686 737 18692 8696 14268 5783 8155 10366 716 8867
12425 7358 3818 806 16829 5753 17351 9801 4875 17071 8373 7530 1273 6090 13275 11218 7782 2382 9557 8482 9561 14999 19966 12599 4274 10549
5835 12965 4922 5299 9860 18808 18248 11026 11214 4094 18958 2838 13497 13882 299 1299 2007 12994 8097 17478 13803 4216 17312 10796 17452 2397
13201 16323 3557 17861 16456 4432 11614 9924 2732 7501 15356 19306 8326 17075 12781 19127 6543 14465 12579 10784 18603 13472 18088 11718 4675 7552
2546 18065 15218 6340 12090 19152 5288 5636 17611 5953 11004 10378 2538 1172 10779 5845 2431 5565 15835 9228 1226 9757 1928 14651 3623 5789
10796 2635 8191 466 17562 12227 15727 8698 18766 4878 1220 12503 8848 8596 3244 3166 5216 9583 11656 11520 17672 11891 19617 7367 16050 249
8642 10271 14104 15343 9710 5900 8890 17946 8424 237 6743 9675 6813 11511 1600 3176 16012 3336 6778 15577 14243 8293 2384 11406 6640 12811
14087 15441 2499 1920 16917 2125 10711 10496 18219 1572 19385 689 9859 4533 1017 3178 18156 11011 18310 16270 4511 5497 13094 16837 3409 13501
3063 12941 976 6116 16270 13900 16941 729 8815 6553 4060 6508 13622 4197 10293 17411 6997 19671 18019 11438 47 15407 13233 2036 3672 19619
12977 9449 13472 1704 19417 13109 2078 2465 11103 18245 7920 15039 2706 17682 16648 364 8747 19994 18225 17321 19549 7568 10365 1654 434 15513
19215 1155 11920 6047 6758 4136 10111 8331 1661 12456 5101 17065 17226 12618 5901 8137 18522 11101 5022 1709 5100 17378 16501 11656 1394 19471
13177 6473 15733 9986 8580 283 19220 7829 14499 12722 12267 4631 11040 5255 12330 18761 10335 9817 13527 980 12570 5939 2554 8208 12727 562
6844 10272 1641 12685 7455 16388 4494 16981 8271 8769 10966 4721 10213 18028 17574 6261 11650 9189 16385 19388 4568 7482 12633 7771 15793 2659
17723 6694 4726 1556 12526 8871 8136 1409 13625 7737 19438 1747 15570 6869 276 17869 1416 3856 18456 7267 3844 19913 647 1821 1038 6563
17169 2242 17460 7670 8229 3620 13065 1051 12044 5479 2052 13087 4012 7283 9521 12351 6901 16380 16762 183 416 18411 17131 2048 12968 9032
11843 5055 2515 636 10463 19737 3391 15420 8314 1513 215 11567 19335 5763 6743 4187 7376 16422 1044 9 601 631 4361 14444 19490 11913
6259 3248 9371 6796 1940 17970 9246 5526 15177 16089 5228 7468 13006 7454 15396 12512 2402 1950 12891 14090 7908 17608 4702 9229 10024 3559
11759 9201 18604 3098 6727 5473 15653 16221 15640 16827 8520 15926 6880 15843 6170 11817 1515 14542 17661 3512 16034 11698 15608 1783 14780 11561
4260 15061 11530 9245 15634 6717 3998 180 12265 19001 11520 4637 17791 9045 14235 16762 15455 16545 2103 19330 19594 2746 8597 4069 3189 17042
17562 18157 11968 19009 17690 16339 12386 15714 138 13690 11073 15973 18690 18491 5660 7214 9484 11237 17495 1506 14610 424 10657 12201 8277 7031
4733 14402 3342 10175 16391 5321 18295 7761 19432 8957 11609 10017 13001 8143 15415 14006 19132 14671 5139 13401 18397 12879 19696 5399 2900 10903
6115 7174 18785 1242 3272 10196 7505 2612 4235 18555 15222 18750 1407 19875 16212 1681 7028 19725 3428 16994 11530 4746 9173 8323 11370 2054
17339 8474 16170 15322 14052 16018 11479 6192 12231 4541 12279 15023 9256 11621 13444 5975 13319 8184 3989 17966 5091 4792 6324 6573 12482 17611
9682 11064 6592 6915 3567 8503 16393 15467 9303 1617 17737 17361 14314 6278 6335 3334 1751 6687 7191 18351 3768 5250 5084 10138 3409 881
1802 14578 4472 17250 14847 11876 15813 16462 6832 18574 8468 5915 8300 10284 8997 3855 7643 12663 19076 11161 5469 12294 12079 13186 17039 5598
13048 12560 4913 15196 7309 11780 14681 8660 18036 4518 9630 1296 8753 192 10352 13600 1378 18921 19144 11965 7693 14399 6857 16411 16723 975
11906 16216 7279 10259 15700 8442 8684 16329 4426 13564 18338 15568 19470 12298 12806 16730 5965 8495 13180 19285 11821 5224 3950 7599 9656 17923
18410 10880 10344 12402 9898 19028 14048 12703 4841 4232 18933 8043 9621 16799 10787 15504 6867 5184 19034 14303 15270 17768 16995 2460 13852 3693
9448 5216 9179 9829 17362 18788 15866 15876 3745 13712 13884 5002 7827 7356 18038 76 3027 8577 10593 11230 18421 15946 18475 15267 2011 8816
18219 16422 3588 8761 8717 3264 18990 3418 5922 534 15290 5267 5883 7819 5847 12908 2358 15311 1509 6789 7892 2782 19841 17371 13286 13160
9460 310 15897 2930 11579 902 14428 1521 1180 764 8626 4545 14835 18564 13878 58 4809 15528 10710 4697 13114 18402 11117 8406 13408 15150
7430 8693 18064 4030 9508 11606 4402 18800 3572 3643 7184 5474 2226 2558 18442 7029 1169 9992 16971 5113 3513 14208 15966 11844 381 2738
16545 16787 11705 4191 11182 17818 15587 6739 313 59 5636 5315 2173 1320 8492 8341 8681 15659 643 948 13771 2323 5158 59 14830 7534
6888 519 15799 8794 5928 6150 7823 10235 10476 5884 7066 10852 2414 19443 8757 16372 4079 15968 14229 3777 3193 2911 10149 10079 15461 17300
6851 17142 13952 13929 6193 18132 5889 18532 14650 14433 17354 12475 13959 7064 17337 2223 15180 1997 7085 908 4747 19455 9590 10472 15487 13343
6587 9380 16039 13590 4447 2472 6256 17504 4131 7077 15056 11518 14062 9797 4467 11640 15174 11756 13753 2882 3701 630 16763 13455 7406 5354
5191 10739 7562 14510 3468 16663 15676 113 5095 9477 2253 8782 19390 1483 11932 16150 11553 9358 16808 6243 2294 7977 13908 3224 6767 16468
13868 8963 12398 1816 9563 13154 5109 2744 18719 2372 2557 16202 4092 1551 5722 17390 9602 15877 10878 9528 1863 8501 1614 5275 16090 9796
3863 1629 12008 2050 8507 8429 6667 18275 4464 15514 2114 13840 3746 14997 11116 11142 4652 7066 4433 11894 1327 6051 18719 19040 2594 3893
1989 17680 6022 19218 15487 17754 16124 8137 14053 8542 14253 7611 15522 19145 3280 6384 14961 15736 14835 1577 18282 10107 18138 16205 15317 18123
5994 7345 16325 3085 7816 8868 3527 10058 518 7808 5242 18552 14181 13666 17982 12782 330 5045 18586 17968 10124 1300 1385 3244 5717 2285
16451 10095 14260 727 4369 5726 14062 9265 19179 8538 18595 3976 6033 15639 15279 13347 3803 18212 19459 8199 11504 2765 4215 13849 6527 4068
8377 494 18112 2480 14918 932 1468 16324 3689 7772 10895 5813 4004 1344 11467 7668 15559 16649 7046 12615 12701 14614 17928 4281 16792 17820
14370 387 12393 9617 16780 9607 10768 8998 9690 17774 6721 3335 18367 3122 8671 4409 3767 6941 5998 1533 5824 4964 16962 526 11351 11287
8460 11647 10593 4333 12634 162 11815 14639 11227 5493 16694 11736 19965 10241 4240 8359 14281 3609 17041 19089 18932 16952 7527 9937 3015 14305
18413 13073 18327 10419 1732 16091 438 12652 17713 17344 438 19954 9553 13623 8676 9434 15634 10503 7764 13347 16905 2896 8423 19148 10799 17835
4390 11443 5698 4225 6884 6520 15281 17585 18445 17940 14892 9766 11107 672 9991 2836 3656 13384 11678 8092 10201 13028 7370 6000 150 13470
18247 12245 18070 18120 17669 19588 18145 2632 3948 17732 19142 8155 9980 15143 15866 15485 2743 17211 242 10496 1987 6134 2373 4304 15838 6947
15103 8971 4931 18267 2434 10589 13121 577 2823 17914 13560 8510 5086 1095 11482 5526 13567 4942 8785 12649 16379 4738 2900 3726 10194 9159
11066 15071 3138 13316 1026 9358 17066 11749 3770 13057 3392 12383 17912 14201 14758 6436 18495 14759 1310 8543 2942 12370 1721 6681 14098 15016
10724 4201 11162 242 14701 4621 2774 9889 7537 17602 1406 14432 3798 15524 8965 9882 8991 19474 317 3450 18954 17444 696 5925 10080 3374
4285 10472 15202 8875 13644 12432 12250 12293 11734 12486 324 238 313 1084 9765 9155 9062 6119 9473 13344 9108 1310 19869 8675 13921 19391
593 15918 7759 9080 10582 17602 5744 3611 18493 930 15071 15686 7136 16680 1200 1211 17109 15672 8765 12992 15579 5264 14598 13645 13943 3888
9868 11827 8763 9079 19393 9007 12351 16363 15444 19138 14637 9041 9752 18741 6887 16205 10724 10481 1154 12230 3830 1000 6532 17418 6403 10083
713 14663 19424 12400 320 7062 3533 4626 12704 10422 306 17792 16544 7654 790 16251 1663 18681 130 10185 10038 2394 1168 10078 208 9171
2475 16034 16758 19974 14434 6247 290 7427 2776 1694 11949 3743 10935 9236 16441 7474 12373 13721 3380 4104 18388 15210 15366 15973 1201 5490
14146 6753 15130 17094 1694 18567 2454 11588 14773 6936 10052 13006 17121 16313 17471 11223 16628 13489 3309 19711 848 19118 4017 18416 18209 19412
1103 15593 328 3545 8093 9883 9059 11721 44 19739 179 10645 1614 18288 12692 3932 14451 3542 17853 19089 13799 7076 15203 6362 10144 17421
18455 5465 13234 8109 8066 8484 10020 311 8320 8117 6525 6154 9557 11866 19804 12390 14079 16988 11144 16333 13465 13752 10548 3995 2545 18975
16569 1201 10309 5825 18342 6887 8045 2627 5502 14719 9918 12766 8622 16090 15298 13013 13484 2773 3362 2809 8447 4458 5390 505 8142 2167
19820 19180 9453 3860 7706 3307 10136 2138 1922 890 6415 9095 5304 16361 334 3017 10381 15983 5032 6282 6684 657 6978 8016 19854 1085
3106 13850 7213 18170 3179 1048 16498 10387 2790 5197 2065 1755 10626 9592 12502 2990 351 3934 14727 16109 4364 10455 17165 11945 1842 18565
14218 6935 14946 9541 17721 13803 14265 12857 3532 19861 17948 12644 9054 12608 7828 18759 13313 11613 15848 11428 8814 7812 14254 10266 7047 19563
1802 10119 9491 17720 1549 3442 16727 19233 4351 8265 1784 15669 17695 8244 15364 3026 10495 11374 7012 393 7558 1105 18692 11247 1786 315
15458 6363 18272 14101 7300 724 14821 10816 2629 7525 17160 1567 17247 12288 8471 15274 364 2821 5653 14227 15070 15178 6432 203 11102 10860
12282 4103 3570 17684 19453 3915 1479 3752 8868 12943 15666 4294 8920 13023 13546 15395 7333 5660 10151 18546 8471 5827 1001 15818 826 9396
14493 18671 18843 18242 15354 18214 13471 11837 13328 3700 19654 12285 5902 8474 1140 11306 9505 8556 1963 3897 14159 12340 15070 17181 9242 11942
17930 3140 665 13696 15598 1416 8123 471 6098 1287 1574 8293 8525 9477 12426 11604 3537 15924 13530 9583 18617 12313 17645 11240 5773 11814
8010 19782 15221 11455 15922 12880 4497 7921 19750 17814 3260 6915 11787 578 4482 6411 17828 14507 4907 7342 3 2176 536 10238 17453 16125
5539 6551 506 7851 13841 6545 11265 11782 5292 2403 15684 4533 5875 3849 407 5725 5450 5610 2242 2862 13908 7460 13696 16066 14118 11792
15837 13828 18173 15308 4499 14689 17387 13223 17179 17318 1165 7155 17610 13240 924 4367 6757 17028 15079 15128 9681 13564 16119 19625 2677 15262
7032 2136 8332 5403 160 6177 11472 8350 15717 17244 13462 5279 16357 7573 17894 4486 4912 15618 18417 18291 7545 7706 14194 12743 10862 6107
335 11461 3771 19685 9716 4010 14459 12367 196 2049 12513 19294 2773 10130 1812 10143 7998 7823 6182 17556 4119 4247 16000 4689 7658 6260
15877 2588 13938 10889 1298 11890 10545 13349 19077 18250 967 2156 16393 8196 16857 5415 14498 18517 16124 10353 14735 19399 10183 15264 10669 3165
15890 19681 18601 4158 12588 3659 2932 9683 2995 4561 13989 14021 17379 13953 12902 13619 19734 485 2813 8834 9003 15459 4104 10397 16270 608
12123 15961 8283 6270 11417 10218 4847 7089 6812 17087 4355 16296 8351 13511 13394 7883 1649 11403 1217 7982 2915 7968 3915 4964 14133 15646
14244 15140 17530 14097 8282 16024 9469 14861 2127 5067 10606 7679 6582 14745 15153 9970 13439 24 19648 19611 3655 1539 4459 8156 9547 15759
5811 3050 4767 347 7109 5301 5548 7109 16394 6069 8765 14345 8691 3379 10111 9392 12395 6048 4917 12805 8633 17846 16200 6996 16347 5570
13292 10724 16431 11554 13932 10136 18633 598 13787 15590 8554 13234 2373 6513 9269 15247 19974 18372 14696 4439 2216 665 3540 3783 18021 831
16543 12529 18340 8546 6371 7820 353 14788 15681 14450 4133 18533 18236 1702 1888 16858 18349 5886 1184 10327 11996 9950 14123 5239 18024 17367
6760 6423 8478 13155 2904 17816 1938 2462 11236 1036 9022 13256 3023 14887 8994 17970 19939 9904 12144 2761 3953 4804 1416 17643 13988 5161
10695 5818 3488 13743 9616 6134 5518 12295 1660 13087 6962 11069 16535 14374 19019 19808 19036 18834 9527 5178 6303 17891 15508 6173 8790 13400
4839 8232 15740 4813 13449 12299 13683 17570 15210 1161 2171 13674 12933 14725 9786 7582 12937 15887 10211 17120 18586 6163 19003 10083 1265 10469
5682 17243 1687 8600 17394 14018 4869 6811 3971 1426 10944 2834 299 11272 15447 8496 19144 15537 4312 17237 1298 11607 15875 13934 7350 1689
3915 6853 2551 11025 19273 3582 4705 11665 16581 12228 175 10690 17171 11456 11054 14606 7681 14347 1928 7692 11037 16461 9427 8716 5031 13168
2194 15794 10067 13911 6566 9942 9020 14104 3807 1457 9538 18685 15318 16149 11800 17109 11286 2459 3120 14474 13749 4281 17954 13334 9660 12823
13820 4412 9552 11519 19797 8615 16948 6648 13004 4276 3863 12809 14923 6059 7397 5190 12793 10220 14519 1030 11419 18752 19845 7951 5312 14755
10918 9944 9923 15002 16879 12965 19751 10362 17210 8719 8973 1450 15552 12075 19470 19707 17637 356 1453 14148 17374 4862 7082 11858 2757 15789
1004 13899 7683 2020 13280 15589 13490 18128 16203 8332 17096 14741 2509 14979 12660 8445 5644 15724 5178 13874 15860 17726 19131 19068 16216 13839
1039 18675 12653 12996 14275 19449 9022 13762 13953 5474 11192 1523 14595 9942 5270 12952 2833 15934 3125 552 16390 16538 16365 11562 19340 18273
8646 3063 5037 11709 10638 6289 17833 6554 18635 5956 16281 11184 6138 4019 3399 6488 1446 7612 8960 19926 3147 15824 9672 13661 2832 15652
18180 11644 14183 2144 14635 6011 14402 5174 6797 19370 5819 12687 4249 12463 9337 15947 1114 12888 18478 15278 12321 9927 4200 15647 10053 18395
4437 11157 10348 19139 12273 714 10940 10432 10935 4262 17504 8038 10995 13229 2554 1399 13299 14370 4874 97 14626 11176 2391 14863 11758 17509
19889 5211 18446 2363 2825 11386 16086 12064 13701 16567 10453 10143 18695 12066 7255 10573 872 8464 4428 5049 6767 7085 11117 19319 15028 7716
15227 9407 6884 3509 13296 10761 14981 2745 6501 5491 12261 15420 14293 11630 16202 13434 3856 8225 258 17557 16972 19071 11969 16406 4561 9350
13807 5051 5312 18681 14978 11708 2046 6486 1220 6346 19223 7300 3163 8930 14752 3757 18609 11853 11686 14763 13089 2938 5971 1414 19163 935
15355 1174 4095 14507 6140 19860 6794 6880 925 6949 1410 7562 3340 301 10280 19711 10275 12428 2596 5423 80 14172 6253 666 10910 14283
17651 12588 15941 1543 7473 5434 10100 7350 8207 3951 14564 10995 4450 6681 13234 11813 12385 10282 484 19997 6640 12857 10417 1892 6960 1556
11752 4194 6249 1285 15699 18631 17824 5332 1862 17587 16750 6903 3401 16310 7842 14797 4200 12013 18358 19781 4032 9065 14049 19920 543 12989
6740 6509 19362 12345 12218 13892 11662 17795 19507 15894 13440 7731 6518 14086 17120 14350 4233 11448 6264 1005 3689 11969 8228 13761 11991 15443
10358 6998 8527 2840 3753 13759 19859 2667 11509 5263 15381 2078 4576 17902 10266 13856 9160 9687 5448 16478 4020 18795 19120 14862 8973 15338
6865 10457 5857 17526 19059 18604 12257 8563 14842 17459 11701 9133 10085 16706 10498 18394 16500 1750 9346 8277 16761 11713 18021 15702 7154 273
12715 12556 7932 16784 10850 2304 1756 5729 10402 15921 17395 4236 3671 17874 1299 8198 19001 15224 16260 2690 219 16322 1502 9061 9250 9973
8646 4970 18522 19757 5965 8785 14137 7372 9080 6640 15181 10648 2491 12755 9865 11953 3989 14255 5221 6970 6852 7332 12125 328 6073 2253
6617 3666 19674 1027 888 6645 403 19025 9385 9061 3979 4809 10064 2645 16876 2990 652 12530 14719 16869 2007 12172 7456 4086 9477 11301
2261 10734 4992 2963 7388 7362 6662 13255 15212 2748 7302 8368 19269 18053 939 3137 17000 19795 5509 17179 17776 7422 19659 19970 16252 19774
848 19532 16173 13376 13923 11600 18268 11293 1368 12808 12560 4991 10319 3112 10485 13721 17495 161 5593 18432 10438 2602 16022 16841 4908 14481
1025 11895 7943 9047 11368 3200 768 8220 9460 16212 1381 19101 5722 914 10 5093 6769 10484 13039 13855 17695 4795 16590 19081 1579 3050
7133 15598 18210 15650 2229 15526 18446 15311 13029 4286 19672 8784 8967 17784 8834 7755 1215 19925 722 10015 11047 6903 3062 6649 3765 2515
4184 501 11456 7817 1149 949 1020 6660 940 10618 10508 5064 16174 40 9172 7282 9071 9329 17673 449 1279 5722 8691 3186 11393 18887
4573 10598 6638 5823 4642 14586 5280 13502 12838 7656 8242 11041 16397 6426 4231 3349 17583 811 709 12970 2090 14319 4360 7562 11080 5821
14395 898 3412 12648 9805 15021 11849 11948 8318 17596 19071 1654 2567 4815 12742 11109 6069 11755 9173 6017 4510 8843 8163 7458 8582 6963
11157 8144 16205 7999 7738 11554 5195 48 14959 2710 17713 12029 2655 1636 18720 2880 16480 13521 712 17054 18645 16205 17320 8563 16116 13706
15932 5632 2011 5370 127 13179 1011 9766 18083 17 11388 13078 1498 6530 14727 16833 3627 2201 16681 10394 15691 985 3530 17847 10702 2710
16617 15117 14642 15195 18997 2742 17072 11972 8068 17721 12215 13043 6126 15945 9388 4345 1444 7925 6042 5838 2224 12863 5632 14859 2047 3920
1861 15097 5876 5105 19143 1663 4126 9513 8139 4609 18681 8407 10820 13642 5333 8047 7123 15895 19217 14710 9368 6860 9039 12974 17706 19221
18769 9126 18074 4707 179 11000 18429 10854 11224 8525 775 17453 6928 12165 14758 17323 9532 11944 13174 10823 12355 3010 14984 6519 1424 9373
739 1599 14296 1913 3901 15763 3479 5721 19404 18790 17525 11835 18543 736 2530 13812 1576 12639 15443 16278 3384 3252 1299 6460 14802 2582
13546 11763 11176 2910 18325 7392 4702 19380 14482 5183 13095 12991 16147 9582 5503 3564 323 12387 14798 1446 14623 8042 12016 11808 3486 5876
11243 6452 12468 1446 17378 12539 11839 10545 3868 9549 18937 17020 1059 12156 8528 6127 16143 765 19040 2366 16824 12177 5528 12509 11245 1516
10436 17461 9367 9960 13132 14377 16149 18416 10635 18324 14336 5448 13 8531 13315 5816 13573 9212 18132 13514 2678 12430 18642 1190 4559 11407
3324 2833 18063 18200 6226 14034 2965 1509 6145 18904 13292 4047 19434 6366 8534 1313 344 2432 19479 1033 13868 12497 6999 9348 15703 19675
5920 11382 3711 19192 5927 18700 15054 6149 6033 19506 12013 2441 10085 17133 2233 10245 8591 9257 18245 2618 11003 5408 1488 4754 15592 17821
10859 9052 10498 1958 4462 9848 19198 9153 7968 10845 19900 16674 1819 15356 1526 6350 11984 1631 235 16417 5555 4765 7244 18953 16973 8415
8421 110 9292 7175 19454 1471 12277 9584 5025 6023 18015 9517 16822 415 3532 9275 9147 19209 15569 19488 15335 10750 10287 1884 7193 14244
2967 5112 5846 19053 1533 12272 19389 589 16179 14625 6080 6236 11642 4249 8622 19502 12325 9421 10070 7061 17515 10362 14096 9955 14231 6476
18996 17255 15644 14768 459 7329 10881 8503 7814 10762 12410 2036 7226 3920 12062 2942 12436 14197 7444 9317 7512 1033 17502 18538 12280 4431
14144 758 2531 1508 575 13932 16993 3143 19583 8882 2698 13977 1904 12152 1762 2367 9234 2813 16484 3967 17319 6601 11281 19017 13475 1711
8880 16445 6121 517 15723 862 18223 9372 16333 17858 8186 19684 5575 6988 16691 11614 3939 5895 7742 10002 17557 1659 10353 1410 6400 2552
2934 16440 10368 150 9119 16680 13678 16809 16328 557 17019 3439 1773 12499 4331 10301 15017 9675 15526 6528 13999 9194 2875 6155 8453 8847
18093 13876 12419 17063 2650 18820 2503 3585 16334 17732 18852 716 9804 11246 7541 19709 17729 7917 16998 3304 16453 3445 1555 17695 7180 19910
15429 19502 9980 14763 5022 17862 10211 4646 7677 16170 15679 11663 2054 533 5715 19925 14874 5889 3202 14613 14238 16739 17418 16205 863 484
17737 7855 7523 11983 14357 2195 802 16811 12253 6173 18934 6363 17387 3486 19319 8217 2094 6171 4855 17608 8187 4242 17820 17875 7254 15856
9451 11907 8386 16094 15351 12648 12773 17900 9712 2696 13133 15773 2253 4208 13972 9421 12159 5974 1360 10055 17407 8759 14592 5515 415 7938
333 5286 15441 18170 6350 10959 14791 3542 11179 10252 9715 15293 6024 19362 10328 14377 3474 9463 10586 7791 8864 16937 6323 15314 18328 19355
12604 7183 12749 9134 19002 15852 2471 19200 5400 2218 3796 14249 14932 2638 11603 2404 1294 16453 19326 3350 384 1373 12074 15184 17835 53
144 13490 15605 2463 3828 18626 16494 2018 10573 13388 15608 977 142 2993 2905 15922 19138 8571 8373 346 18811 9998 3521 15479 4308 4674
8582 13854 17928 3541 1738 10951 5577 13526 1370 16936 12953 14334 15207 4561 6584 15477 11437 18338 2954 12021 15121 6136 3266 19988 18013 19394
3497 11814 7406 12384 14250 9172 17965 10309 7961 14514 6346 18594 12099 6797 12860 4156 2880 10388 15876 3735 16887 8098 4533 993 606 12216
19667 14160 5248 19711 5667 11192 1671 4296 17406 1957 10449 15907 19677 10175 15966 3949 7776 10397 15018 9599 12638 19285 3441 19258 8383 12771
3038 19457 10090 1723 1096 18087 4740 18537 16727 19266 8219 19574 17428 410 5194 9416 7716 3625 14935 11151 8784 12972 15681 13790 11641 6835
15500 15331 6669 5918 3110 14540 6967 11057 5208 13257 5122 3441 2397 16244 4302 19243 10953 5827 3067 6836 10455 9676 4821 8751 14002 16781
17157 17421 2036 5801 15102 5102 14967 5720 6687 10947 5439 3807 918 9689 9059 11485 10845 8425 6556 14390 15795 12085 7058 16008 13692 19455
7659 13229 4554 16840 16199 19246 18505 2170 3533 136 1654 4243 18276 15207 4352 17825 14690 5404 18701 3634 11410 17146 11042 17589 879 1789
17236 1287 3257 15022 1911 6462 7361 15798 4129 12006 10956 9561 7294 15173 11452 17245 4429 9379 12288 2544 5048 12754 2135 6757 1777 1175
3850 8488 6406 3059 19380 14336 9688 8876 15724 7685 7227 18850 14587 15581 10740 3361 16033 10050 8746 9648 17525 11308 12318 4707 16464 14328
3147 3155 11197 1429 14570 8528 9725 18347 4189 19465 6696 1081 7834 14887 13282 17635 7301 17135 15005 10378 10743 1872 18688 32 3269 6787
5351 11456 15720 476 7362 17309 14380 11330 14072 5062 6158 13941 7257 8735 12603 7934 19528 4711 7563 3834 14724 9769 18423 2373 458 16545
2177 12794 5825 17917 13907 5613 7131 9931 18375 15180 8583 5364 16642 11531 272 16080 844 3561 8274 19845 4152 16461 5542 18602 8020 9576
19528 18345 16621 5282 6298 16299 6998 6926 857 7391 1268 19849 5767 19034 8734 8566 124 19574 16782 7528 1039 17386 12152 12867 9113 7080
1338 7983 11838 10324 5095 238 1342 9525 16749 4487 13485 2812 15681 18290 4626 12542 9590 5608 9460 4561 19852 4308 18176 5750 347 4601
11883 11608 12188 18651 8898 7361 11600 11412 6059 16957 3923 3732 18303 4110 3474 16680 10783 12375 4559 7062 8772 903 121 19805 10353 16810
17984 9534 19841 1074 5212 1250 17348 4173 7486 3104 18382 5254 13663 12994 10180 2598 7626 2941 13991 14338 4190 2904 5959 18647 19746 5139
15595 2713 6789 14288 12903 17518 11431 8173 15113 11957 10141 1618 7015 9441 16301 12744 16051 1381 14791 3360 13999 16788 2907 17783 6251 7946
13907 5821 9105 16999 7463 9310 10197 12012 11922 17995 4640 13989 13083 17712 7176 6059 9151 11025 4231 19968 18671 5828 4781 15032 1004 10086
2902 13977 13956 4996 11686 19174 1045 16993 18434 5110 5422 19287 2499 6382 18050 9060 12853 1597 15367 7235 10924 10522 6647 16806 9821 11579
6533 6884 2756 432 11566 2600 645 15862 10035 1400 7351 3604 1350 5347 12500 6684 6473 12010 7905 16052 13416 18314 15588 18329 8738 11085
18246 12180 12453 540 16137 11983 18818 16687 10662 2548 5370 4906 8168 2157 18656 18933 4314 16295 10628 11719 7084 18878 9003 15671 8696 576
3243 10718 2315 9154 10197 12441 4665 10661 939 17565 16429 3801 14471 18498 17540 17594 16922 1141 5247 15739 4678 14021 16157 9944 8420 10322
19390 10666 13399 7220 6880 7803 12162 10055 955 19792 12281 5811 9003 10258 18924 4540 6258 9745 1437 8487 10294 1418 4486 10105 1684 17935
12956 4586 19433 12707 350 3651 559 16242 5600 8914 8455 2484 2667 128 10206 10132 15299 11346 3966 15635 16912 10511 11530 7300 3334 9030
15603 11407 15188 10434 11334 7854 15125 7525 376 18822 14 1369 6612 15696 4672 16378 14385 214 17868 16235 17723 19849 14494 14636 1817 13752
11418 6880 18634 1040 15074 5692 3589 3234 18185 14560 8435 2926 5175 18891 1023 6396 3279 16428 4657 10926 12968 18192 6723 12274 11576 5426
8942 17926 5449 11328 18965 10393 3830 17569 4512 17899 11525 2972 12706 15851 1189 8050 8136 13813 6682 12366 19228 10885 13523 19158 18918 10234
14361 18500 1130 10330 7480 11992 11437 4049 1401 19719 82 19071 17059 16060 10312 7475 12556 6218 17291 17431 12260 6773 425 10993 6461 9479
15767 10687 19942 4026 19452 14579 4137 8328 4052 1625 13089 15027 18019 17977 19640 16626 17808 6553 13029 14959 13992 6277 18185 19378 3967 9799
9788 6499 13953 9027 727 8557 14338 2991 8586 16569 11192 19427 3966 7187 16003 12810 8761 672 157 325 2343 8219 5936 8408 1777 10163
5297 5704 18289 11867 7209 3980 3772 18292 3953 19147 5909 8673 8850 1778 10589 10760 9701 76 18927 2516 11757 13368 486 4387 19151 14912
10063 10246 14185 16577 18073 3791 9272 18697 7108 11920 2374 11538 1436 13976 19069 1366 8201 14791 11705 7666 15720 6873 7261 15 19455 10019
14898 9321 13278 5291 14556 4176 1815 3381 14293 15009 15657 1536 13712 17843 10960 171 5137 1650 14830 15708 17226 6440 12071 7795 15678 15124
17688 14761 2673 1745 17624 4028 9432 12104 1303 1650 10182 6744 8302 19321 1961 10819 2888 6363 4234 7936 2624 5459 17997 15823 19697 2422
742 4898 12067 17668 6619 15478 8936 12386 5392 6005 10629 80 2037 13509 11476 5726 6111 9864 13168 7588 17788 8335 16024 15189 7478 11789
1197 15999 9628 17354 12954 4548 5108 13106 8092 16020 19192 16250 16821 3662 17150 14391 6467 11932 1450 17395 8771 18184 9152 9913 4023 165
473 12767 2025 19731 19909 4418 16795 13458 16535 16905 3158 13996 2600 8604 19529 19895 8668 10195 12866 14891 5325 4734 16353 12445 7168 5580
10177 18494 16377 14523 8407 4681 3022 513 16577 12052 1870 14164 3997 18377 18955 2321 4831 11709 3104 11744 15339 6134 5931 14633 1427 13156
9032 2583 5980 2208 5480 15591 2301 9238 13972 13811 5943 18830 15395 2970 11332 1957 16342 5632 16561 507 4563 6372 748 9758 10680 8870
2305 9138 13455 1468 6534 7334 13130 11942 2740 16438 6343 2884 9197 1326 16791 12055 16490 14070 16909 15293 16186 2667 15470 5675 19680 18798
52 16290 13504 9786 18349 15393 11482 8483 16620 7232 238 17399 35 4743 18118 12652 15872 8769 14830 6623 8856 9001 5175 6922 16636 15657
9873 6248 5882 17423 14978 4952 7584 9947 16948 13825 8562 15050 13698 2705 5478 17229 18209 14036 3868 10127 3098 15535 3826 4873 16439 8822
8810 1628 10138 13367 9411 13091 4777 2309 17440 11417 7654 19313 6186 10643 4226 15619 7987 4094 9516 17726 6140 9816 18265 6340 12566 18298
13232 1502 1488 7820 342 7680 8797 6528 10487 15699 18764 2462 7772 9487 10551 5971 9255 5117 15347 13782 6219 14448 6443 4942 14308 1552
11542 17025 6216 8765 325 19925 15028 5919 6066 5529 17316 10157 16914 18164 14657 17521 18501 10097 19877 13335 13430 11166 18196 5236 4004 5102
10041 1268 19326 17970 11444 12894 16300 7619 16340 6590 14447 19218 11278 2519 11065 15416 11806 19794 13533 10163 7849 17736 7430 18701 5771 14313
4148 3047 1458 6914 17999 19002 5568 3137 4859 10881 11356 7689 9644 14261 13416 264 17728 2326 8368 11848 7827 12432 5741 7789 1189 15342
16604 10180 15392 19798 12574 6183 16165 3027 1172 12584 15264 7166 11948 15203 19745 876 16509 9436 11591 6833 19408 12164 12079 2398 16755 5565
13668 3026 4890 1646 14899 12882 557 1563 11697 15210 10443 7729 10216 13813 14219 18096 14365 4807 19617 10356 3684 17237 9657 2677 11368 10538
7307 14782 12249 15825 3964 11702 12879 9881 9990 14655 2227 4013 16803 9246 16343 11284 17463 18825 12083 16804 8317 6304 11787 8684 6503 13652
1252 17936 18571 16957 19814 8942 5359 18853 2650 6387 13116 18551 5028 6415 12771 4036 16933 18130 13276 2231 18741 7636 3062 13003 16863 291
9288 15402 12063 3709 10165 11692 1071 886 3096 10860 7974 14089 18196 7711 12727 295 10200 4469 11897 371 16586 5310 19645 13881 16067 19696
13639 12077 17154 10197 16360 7498 4018 17232 4383 10792 11428 1812 18494 12743 7234 1535 17481 2582 9978 14958 11544 14993 6064 1742 12703 16582
18997 6146 18084 4927 10142 19050 7579 4370 12502 7166 2410 13427 81 6192 3848 14803 15843 10848 9884 1558 637 2075 17560 9710 5727 9129
9836 15198 4045 14465 18412 13752 14642 14603 1025 15997 15364 3796 13580 12881 5262 3555 2792 14816 4773 1506 17897 3507 7594 4493 5581 15014
9657 1379 959 6606 10896 3535 11614 3381 1932 11569 2369 2858 13564 3529 3838 8563 4925 4370 7609 15610 11587 14564 5225 11118 14806 10025
4958 225 18720 7532 17799 3638 5821 4654 10654 1931 8773 12334 5910 342 19691 5633 1370 10920 12561 5358 11059 5137 17480 15142 5697 8935
2308 15344 5643 15807 11300 18069 6281 11065 10449 16931 18901 7463 18867 13315 4142 1960 15963 8624 7664 13324 1907 6228 2755 19862 14564 16397
18844 15267 19529 10439 5028 1829 6364 14695 19059 13130 8756 9482 10836 13621 1650 14549 12480 17856 17196 5176 9669 5942 18077 3305 17744 13209
7071 18901 13665 6957 15494 2699 13850 7227 18993 12384 230 19632 3608 8638 5633 16872 18159 10131 16974 10646 1011 18862 16181 408 7218 10572
11294 14264 10394 13221 3575 16159 5365 17913 17569 4337 10028 1173 1603 19820 1554 13179 17272 12725 1236 14910 9623 2640 4176 18619 7920 10974
13196 17418 18894 10329 705 15964 12758 1522 4566 16404 8219 3963 3377 5431 6049 10227 10532 9449 4585 10634 10481 149 8714 10282 14814 19606
9673 9565 7156 3647 8210 7480 5688 3561 4721 5824 1810 14237 2585 12505 18142 19428 11999 9522 13227 5779 718 16080 11521 8820 19878 4160
15043 17531 16598 296 5204 11306 1081 7576 4396 4385 5762 528 5544 13463 15996 13939 18182 4932 7988 241 15951 14732 13047 10691 2235 7127
6167 9903 3592 4612 5697 143 14826 8291 17551 18560 17546 17207 12263 16141 12217 15463 19855 4794 14148 16787 2375 19408 8972 5400 15564 15588
6771 12401 12048 4398 10049 12930 11265 5200 8921 19608 8354 526 18572 13012 2942 18887 9699 11254 12177 16265 14009 17448 13065 13089 2618 10644
249 12237 10781 10927 795 6207 13357 11590 10271 12549 15824 2857 10366 5353 7718 17414 15771 13062 16399 3666 10793 9419 11637 1228 18402 15810
16903 16677 12035 4982 5571 19915 16975 5298 10862 18789 3144 13301 18503 10991 1558 16339 19640 6359 10032 4905 10534 10823 14592 6630 1553 15023
19485 19914 6391 8809 16277 4462 19826 7115 10858 18412 3554 3364 59 1552 4311 3420 10861 15068 13495 18129 12170 4961 6321 7800 5863 16017
1825 12179 1211 11164 4176 3766 679 8083 7980 144 8132 4285 2293 19486 19779 15961 3197 7218 14069 6933 16986 6082 1455 17912 15680 12653
7356 6860 12907 10182 7880 16624 15126 1206 12663 14382 2336 7589 8432 2347 16808 17074 18491 17616 15632 17060 17230 15688 15661 735 1872 14496
8765 13674 15842 17938 16749 13065 11864 1773 6182 681 41 4569 16878 13493 8628 11135 3095 19790 11958 19369 18144 2403 11043 6382 16610 13509
1920 19829 11028 19882 14495 9630 17671 11792 3304 17625 15419 13607 4210 10110 9792 9315 13189 7453 18246 281 363 10314 628 18376 5002 13740
