365
8 37 80 48 59 10 58 56 100 18 65 93 81 92 54 4 80 10 3 10 48 80 50 72 99 53
15584 15890 17704 12181 61 11309 12178 6282 14673 14528 15838 10272 1721 17562 4934 13284 4694 18080 6958 6151 15057 10229 7193 6448 1700 13568
8809 964 4432 4357 11804 3166 13085 7322 4552 12709 1574 1490 4005 2197 12695 5819 8811 10066 1637 12231 5431 16739 11690 15576 6704 2266
2670 421 1136 16737 12334 4356 7677 4762 220 2958 19510 7416 17222 10604 10948 14019 1603 2977 4621 11976 15218 10525 10011 13643 3012 16303
7614 18881 19827 2604 11071 11416 15545 12381 1555 17745 4885 5773 16470 19746 17683 9103 15215 14117 5102 5262 16986 5856 7992 5279 11356 1268
10955 19766 10119 18165 17254 15791 18979 12777 16260 5445 6260 12698 7047 13716 4844 17891 2938 1036 9159 18981 5904 1137 13424 8551 2684 4032
7369 12679 16172 1858 16268 4941 18761 16199 17435 1579 10541 5906 10514 11736 11004 11803 9036 496 8545 8837 9247 16217 3914 19968 8740 9416
11360 5019 11260 6230 12266 15507 4444 14490 4634 10529 4367 13411 15261 2681 2467 6766 12008 14747 17171 5192 8667 7276 11629 10379 6906 8996
5726 5142 965 15004 7131 7254 10835 13054 18087 2893 14597 3766 1006 9919 10324 6144 8101 18580 14119 16606 4033 16575 7213 17486 234 19343
16850 8599 18475 11925 1201 6318 7058 2088 15400 15660 19220 5776 13701 8737 1834 1157 17366 5733 352 8394 18195 17720 4552 19225 4388 12041
5591 11501 8776 7849 10398 13235 15507 4160 4016 10622 7277 7951 9044 12499 18235 2520 15433 10566 13498 17578 17618 17952 16186 12259 13101 18710
9981 14455 18415 2162 3429 13234 11443 17321 3369 12399 11174 11163 263 9938 13950 12846 6679 16180 6761 3638 17456 11050 6324 19645 16335 12565
4222 17717 7822 15804 18169 14153 3210 6444 6196 16556 6714 7067 7582 17018 2552 10728 1887 14170 10733 6263 12896 16289 14991 7873 18274 4626
6206 415 14245 1586 2395 8188 18017 11050 14702 13324 6596 873 3632 16613 4167 17782 16420 18233 14435 13229 13900 5395 18028 2713 17611 19906
3072 7521 13371 4414 3891 13911 17853 9677 7591 15443 9337 15936 17803 12573 3329 8161 590 16013 15479 15772 12604 3764 17733 15396 1541 19385
14391 4395 5460 3982 5003 6985 11670 7668 15346 5909 19348 121 16002 13978 12287 3398 589 14572 9216 303 3974 13446 17722 16570 19505 11768
4548 2533 18704 11541 9400 973 13422 1668 5342 5621 15018 19282 16939 5805 3644 6383 12460 5952 14517 12708 5066 16289 8189 7606 17185 18260
19938 9828 14372 14740 13339 9149 9637 10531 16744 6613 168 8174 19694 8589 19237 17449 4061 11983 2461 16809 14607 15669 10117 15232 14221 19145
3872 16065 13570 17510 2342 16488 180 9009 5366 18964 9646 17979 18811 6759 15552 6096 11424 10498 15578 16665 10665 4565 15139 8551 819 12724
9935 7627 4288 6879 1564 1749 19394 6761 1673 13268 4745 3835 7740 3924 8129 4845 8377 19561 303 1754 8058 7019 11256 2811 6106 12956
16812 15786 3230 19917 1542 18487 8066 4533 161 5521 17292 17283 14205 14063 15751 14725 18338 4885 11428 9112 6398 7330 13980 17083 18749 15422
3481 16795 11390 1456 16440 2533 11366 14485 3871 5814 10531 15443 8365 17001 7507 468 1043 2397 6794 12881 4693 10520 3252 15413 4688 15950
8098 10277 11681 8065 1318 6745 1376 14804 3011 4926 14863 5203 2228 10763 13084 5329 14846 13792 4968 963 7328 12603 14603 12857 12843 5618
4576 5546 1127 2236 2805 19825 2465 14407 13392 2087 7845 6835 16415 15600 14868 2553 14936 16288 19164 18509 19420 18419 15600 10317 15258 18913
9119 17240 2906 4126 2243 5189 12378 11280 5879 18101 2175 5513 520 4711 15617 5212 14251 12228 17996 17057 12009 6133 133 8117 8298 7542
7436 14191 19471 9778 10551 18663 3464 13758 19577 15777 773 16814 11890 11884 3527 10996 15449 7502 6671 9195 5421 5197 16579 4765 5204 16554
9489 8597 14300 6695 10914 4745 14660 8688 3456 16707 17494 15366 6881 9101 13290 1055 9987 6232 2291 125 11745 11988 14336 2342 1415 9222
14169 3151 6028 9884 16171 7415 19717 11264 14854 15669 16359 4962 12350 2518 19341 1524 15313 8504 10593 14816 5397 13522 1245 9489 5879 9935
18017 18033 17084 18723 13022 3088 9243 16144 3816 19396 16743 13127 7845 18070 15450 4802 8859 8889 16202 2368 1081 5074 8385 6259 17385 5211
3643 19702 14208 17608 4021 17117 1225 4751 9960 14658 12821 3089 4995 17927 8347 8155 18617 9466 8223 19036 626 9284 13940 8623 2874 5198
2164 6176 4530 1486 318 12294 13209 4521 13360 4509 504 18868 11281 8325 19931 5881 9890 3015 5492 4882 6258 4888 14699 1247 5879 17780
17585 13147 11033 766 10426 8447 10657 6869 12597 2145 19450 19147 2568 1677 18915 8606 10981 3563 16384 18557 51 19413 2673 13503 10570 8415
11074 9581 14530 8024 18963 14376 10616 17701 9844 2519 3545 18022 15808 15886 8369 13200 576 3663 6704 7565 7653 7372 9349 12043 14470 15023
8386 11967 18822 16964 4112 3898 5129 2722 2070 13592 8355 884 16406 3285 14165 2132 95 70 16270 1350 9909 17739 18665 17911 16658 18104
11732 2131 7706 24 4496 18048 15265 5882 17269 10865 10931 14724 5305 5613 9736 4202 16403 7770 13936 6871 13671 18507 12778 5428 19766 10458
4649 1437 6932 11336 19265 18258 1600 5025 15626 4466 19079 7016 16552 15028 2868 1356 8500 17015 3641 8672 18111 16998 2899 10953 3094 2322
4215 7949 3528 16509 13613 10401 14407 19211 16460 15134 19072 13900 5173 4940 2007 5157 13617 3615 11099 14397 10967 10742 196 10594 10277 2633
5218 17475 15502 14289 9310 7068 18302 11790 16004 10520 11347 9978 364 4866 14283 12936 15219 8261 8454 5419 15237 4987 1723 11416 19222 1548
12711 19276 12374 9828 7171 10182 14299 10392 3236 4637 1202 19283 5663 525 10427 5373 17788 3044 5886 19147 10221 4292 12289 18576 10922 8542
15261 18680 1504 15419 18064 12780 588 12205 2604 7669 16029 10212 14325 14860 5161 12668 16895 19735 15045 15323 2406 10688 612 14287 14067 19797
10720 8264 19474 4618 4176 17075 1610 2734 10363 4449 1486 19969 10381 19867 18575 18351 8978 12975 14289 3721 15388 11779 2598 13158 17313 1253
14461 10021 17296 8929 6937 16184 5635 18397 7140 1487 12362 5033 5363 8751 3139 377 6899 8053 17752 19462 10521 6446 12748 10225 16406 6260
19651 4986 18391 17739 10704 5372 433 5959 5849 6692 2356 13659 5548 5278 13601 17507 15152 9813 2105 15662 16358 263 8908 7085 7221 14765
16483 6195 4088 9015 5081 6922 6385 16720 17359 567 8581 7290 14075 3848 12331 1767 6408 3312 13628 6383 6070 9312 7060 4913 1988 6659
19188 14897 11403 1264 12106 18984 5910 4015 10846 5667 3254 9624 16183 14838 6005 7315 2578 8928 18295 11974 9353 19746 5444 10157 11077 9431
15405 8308 15878 12469 13450 3473 2269 8606 414 16764 4207 16607 6251 36 17003 7831 9365 3826 6660 11474 2186 10731 5436 2076 19437 10264
14357 19810 10187 12960 604 16269 1837 13888 11993 13810 14682 15633 228 10682 15990 1913 5604 11349 13181 15053 16488 18894 1588 15615 3207 13634
19300 1689 10938 18474 240 16117 19426 14545 17918 9683 5322 9691 5588 11950 5750 1026 17565 13186 9944 10399 17935 10622 9025 9646 18568 18973
8571 10287 14930 7895 5517 7008 19342 10657 3921 10152 6222 10816 19312 12662 6555 12423 12880 10769 4983 13597 13189 3944 18698 9244 12040 2592
8784 6070 1238 6381 18246 18664 1979 7849 18812 12058 15831 9037 10501 19931 9182 19667 12823 4005 7969 12952 14701 9226 6044 4877 18212 4728
13982 18114 9799 17617 10319 6613 16366 19029 7534 9861 6859 9287 12507 19708 17465 5989 18668 9209 1003 9222 16027 10733 5017 7641 6368 8356
18849 4851 17586 13904 2300 7938 16714 18810 10900 9480 11861 11796 16691 13324 5991 17320 7738 11254 19664 421 580 10021 19464 16936 18392 6532
11412 19070 4168 1135 19234 11424 17583 16100 11263 8157 2459 10922 6061 5825 10520 4917 5558 7715 11859 16282 9943 442 6217 16096 12010 16014
18778 10195 6663 15764 13393 1707 4771 10823 14130 11397 1560 6240 17857 7885 12637 9728 19223 19749 13813 15529 15431 2913 5853 223 4866 1552
8056 19365 2802 7497 1616 82 10668 10856 9034 7833 19317 2513 6809 5235 2577 8956 11209 16568 9924 14409 7298 7826 2236 12928 8994 11094
224 1802 8590 16728 18452 11379 7424 8306 19804 12176 10050 5908 7547 17152 15968 7968 5174 13532 17855 15443 8133 9967 18838 13757 17131 10428
4612 2629 6729 12239 7436 15758 4858 7393 225 14945 16537 12162 10489 7053 10223 12030 8704 2486 10956 11734 6138 7706 2541 1813 1463 4945
14863 16470 10141 1658 4915 17136 10102 8101 17558 486 14843 16383 10646 4053 16885 15087 17167 13808 1677 19247 12934 1139 8457 2631 4260 13216
9064 18973 5834 4210 9644 14532 18560 10626 16460 5935 8188 18305 12710 10680 2627 5878 7516 1493 19796 2607 6281 17803 3359 10214 12652 4290
3525 8182 1608 3780 4304 19541 7161 19631 8138 18937 843 17965 707 17366 4345 11584 12831 18431 5522 1189 16807 17923 17180 8274 10259 1013
15795 4004 11438 14716 255 2009 11794 14953 14807 7276 14684 2479 13368 14081 14848 831 13914 11435 16866 1719 18854 16422 15810 9294 2877 9840
13850 7265 7872 504 4128 12914 11243 5878 4196 16836 5313 5415 19035 12497 13172 16036 14713 18251 14486 12364 11764 15642 365 16437 13806 12197
16340 15210 14884 10857 6899 7576 13875 1740 715 15447 11761 10268 5469 7290 5790 1973 2799 15129 8960 17316 17761 12347 1262 3990 3312 9885
7003 1818 8833 5207 3089 13508 3550 13656 16950 9611 3077 15053 14400 15980 7610 8648 1874 4086 3633 1963 9732 7625 7782 15400 10830 853
2392 257 2137 16326 11206 12811 6017 5298 12081 16074 13697 15567 9834 17009 6165 9567 18670 7334 13892 4220 1852 2569 11753 2829 12454 5198
10444 8383 8292 3457 14507 13556 8096 4693 3128 19379 8622 11482 12393 94 4596 7138 10618 5839 2927 17198 4638 11476 11290 16293 8019 1867
9338 18569 2358 4969 8706 3747 4960 13427 2368 15392 19417 8100 15928 17301 14511 17734 7437 2387 10640 19491 6037 17425 9517 10002 1804 6687
3563 17854 12271 3759 8437 12861 10424 18066 6398 9329 5239 3860 19131 19193 5716 6388 4227 12430 12371 10552 2239 18062 17195 8724 5318 236
6895 18888 4212 9582 9160 9593 1568 8427 8948 1721 14945 4435 17025 9965 2903 13764 14448 10240 16241 16508 7977 8788 13777 13896 7873 5415
7980 832 17130 13743 16099 14120 5631 1672 6050 4931 4165 8763 2605 6064 1881 7810 2025 6440 16852 4480 12858 14838 8810 14163 1759 16975
4958 17053 2507 9889 3035 10762 12609 11539 170 7216 13755 450 11373 16167 5975 19457 4382 12590 15320 14498 4854 1265 3195 2369 19522 7395
19591 8263 9209 9846 16540 8 3040 5154 13610 4472 2091 2668 3182 19194 12108 14125 18290 16039 4259 4900 2262 18910 3025 3698 10636 7168
13714 14533 8698 17503 12030 5059 1782 9741 8822 10125 3819 5636 4921 16682 12966 9755 19617 7853 12749 4742 2398 10849 8603 10120 10519 9537
17791 17966 5050 11557 3520 11240 6770 16640 11104 1709 8311 8253 13056 7575 18958 9056 10262 10786 16669 12162 12581 7240 13524 10663 11642 18988
10583 18472 6848 5538 1166 12904 1683 17857 12315 4397 19810 8793 13327 11700 4602 490 953 6766 425 5215 18055 2046 12515 1716 2147 14517
13160 12125 9848 59 676 4680 1556 18279 3298 6236 13297 14617 13626 5532 1752 9120 9891 16595 3570 11613 10479 13114 5139 11049 4348 6587
9947 11220 9990 11144 6951 13836 2049 3331 2698 12808 19834 4067 8073 3367 7255 7440 16065 2903 14452 17148 6168 16054 2840 3022 4886 18936
15035 19201 2653 4301 17991 2621 16120 12649 6546 19220 17342 8573 1477 18571 7657 15773 3398 1208 18041 1219 5945 5136 3839 18215 9435 15306
8295 10674 19052 7003 17127 11658 11184 11595 2332 18431 19029 16045 9431 334 203 16058 8724 1015 19356 10789 10215 7677 9241 18418 17311 13275
13074 17044 3001 5870 19664 1159 17753 5484 9291 16962 10612 18233 9189 9526 2390 2633 9380 1849 11083 10120 15682 4000 2607 11213 6204 10364
1803 14454 13479 9793 1889 13137 10535 1364 14782 17279 19456 8815 18280 2435 3618 19107 6395 17957 19815 5782 9786 3574 6419 4511 1776 7395
8746 16516 559 13381 3400 5514 1508 16592 2388 18946 11796 13557 2940 12366 11103 15335 9403 8067 16911 8337 13350 9740 226 19579 5269 4586
13429 6467 5235 14801 17302 1657 1479 15092 5231 9991 15411 2987 5152 3342 10216 2409 13604 11265 3838 788 8528 5786 8540 16167 6058 19394
5556 6753 15044 18724 7665 9519 4275 6313 3588 508 13476 9921 2193 1441 19568 12236 2731 19591 13632 17241 16834 2176 3719 18759 11081 16250
19224 14679 4370 6913 2966 11824 19619 15386 7640 13730 11129 3037 17721 7448 18200 16775 15231 16505 2361 2170 2795 3689 12468 11849 1458 13781
8590 11415 13684 1417 12605 16699 15085 6397 14664 15322 8187 9907 11925 11757 13284 13293 5591 8394 4066 17147 237 5025 1212 2196 3761 9163
1484 19086 11748 12491 9816 1464 14176 18844 5599 5217 14581 18374 18175 11474 11901 7026 16289 15609 16435 12462 12290 15203 15001 7505 9994 9941
8987 8723 7590 8723 6604 19500 329 8270 2163 7484 410 5616 4688 17496 16929 8817 2449 13646 3740 11833 2611 12890 6181 16758 18430 5863
9148 11195 10480 15272 915 3120 18127 19200 17025 15433 9120 12658 8111 3910 4380 16493 13386 5317 12787 5547 1188 179 6573 2865 3753 9183
9541 4336 16560 18627 8960 8211 18392 15838 6221 12877 13235 14128 4865 887 6061 7691 16460 8393 19723 19952 12395 5493 7819 16528 11311 9745
874 14890 16226 9917 15918 17188 18342 18295 12047 15441 19635 7955 10851 220 11665 8770 6079 10097 9387 7213 9609 7173 19140 4223 6642 16722
838 10092 16132 9363 17055 2225 6288 18646 12458 18756 7500 16643 17916 17614 13294 19372 9790 13282 3291 18436 14301 15275 13494 668 9800 18655
5770 11290 10262 4104 842 547 4720 1446 12021 1408 16025 19114 15074 17093 10587 1569 6146 16173 14764 16486 19850 8260 11436 3568 10054 6619
18886 2741 18543 10829 8322 10772 2535 19480 15923 16337 5838 5028 5327 9941 11859 6378 16860 18649 3051 15019 17868 18633 17348 3965 6395 8692
18615 14605 16948 17954 7214 1052 8119 2116 11402 15704 15136 3579 1406 16171 14493 4456 14410 18990 15895 17334 5074 7087 14525 792 18426 4344
8353 10800 13406 1678 11803 2905 15843 8608 7490 17341 18949 6037 12477 4087 5526 19348 5091 1045 6505 10292 16438 5704 16887 16699 16640 19820
15870 19595 13205 9722 12702 2378 17980 12893 10190 1649 19758 483 12403 13922 2889 5181 9363 10625 12589 12681 15985 15276 16063 18522 8178 9903
15981 8167 12138 8349 12760 14623 3042 18873 486 932 16842 16724 5204 4602 13181 16914 17288 15602 13021 2649 18192 16475 15212 2258 15373 8150
2760 17016 12742 14084 701 17155 11007 1284 2345 3310 2824 18172 18060 15611 10029 4862 17258 13606 16972 12507 1707 705 9150 12184 13553 19383
7925 106 12442 11181 14650 5108 18172 1429 5549 2665 12607 9328 17778 1814 9672 14809 1347 10100 14102 17928 414 19317 4860 672 5444 15698
5345 4718 13857 4488 1318 700 6671 8086 10568 9766 5753 16963 10824 18463 11630 7589 11488 6499 7600 8290 18071 14281 89 9501 9894 3046
10355 13768 19542 17925 12649 10025 6159 12322 4330 13418 12017 7767 2771 13143 3758 3755 12858 4418 18376 8719 11116 17626 18134 17375 4713 1008
18671 16707 9430 223 10190 6918 18947 5855 9475 10205 16826 12562 2511 3581 5247 10983 1117 6201 12256 16685 7391 11393 2768 12014 2682 15716
14756 8070 15750 14856 11794 16620 7477 2580 6733 8883 17300 1912 4323 1447 13861 15422 17331 15980 15748 10108 12285 6284 10050 14689 808 7016
2450 9022 15539 13534 13866 18560 18002 10018 5699 687 12171 15726 1176 5062 12913 14336 6712 7482 16396 148 19056 16967 2724 8394 4681 12095
1610 5216 9947 14636 19165 693 16824 2753 13357 8999 19455 19857 16425 16614 13533 188 16852 5217 283 8843 11961 2896 11484 9575 18846 10334
9032 7843 5924 12632 4840 18028 7418 16208 17302 16722 15019 11441 5652 17070 13401 4870 15116 11047 4112 4663 17270 17814 12369 8157 11255 3896
6414 14873 9057 11617 3849 1382 7318 14695 11455 18188 5099 6392 9056 19902 657 15400 7513 4489 4134 7650 7196 6249 18817 1984 18401 11380
8808 17653 4103 13586 4828 10815 4327 1353 18158 16318 5767 14679 9702 7199 5592 11980 7628 10609 10880 6768 1459 10693 6829 3549 12085 15379
180 17746 6376 14712 1118 19244 19898 12424 1976 12488 2009 10463 483 9508 15632 17528 14353 6682 14455 2066 14756 6782 12940 2572 11717 14781
6994 8349 9913 3075 2545 14192 12956 7469 9116 14001 10198 10395 14426 17975 16724 10030 19322 5092 2729 8430 10832 13400 12731 16707 2669 14747
10271 7305 8159 17392 2397 5459 7644 5239 9565 2082 17163 4930 11367 14237 5924 19643 16046 5783 8728 2859 5632 11148 8849 1957 249 15574
12032 2200 14990 1416 15960 11556 3600 13719 18696 12675 18473 4320 12307 4417 18932 2620 10244 13227 18541 9502 17875 10450 5051 4986 13684 14140
9485 19927 9435 2535 8808 5099 9235 8686 7779 9762 18681 1103 23 5697 3525 5334 14037 14553 4124 12126 18854 15894 19368 1438 18196 7867
14726 2133 2257 8860 7351 18412 15509 13495 491 15090 10564 10363 8801 8222 8098 15167 8196 17618 1323 13061 7680 9404 19783 17286 13807 425
19349 13284 10464 9652 699 16395 8831 11894 2250 14331 248 11548 3118 7365 18368 6355 5646 17413 19154 19190 7252 3146 6253 4640 17091 14235
16017 18429 4126 7265 10204 7061 2180 1921 6349 17366 11441 5354 6429 555 4613 9806 3208 4296 18178 17876 3358 11860 16340 16573 9106 17470
2906 18103 12617 16110 605 14516 11862 15009 3336 1916 9467 9076 8632 10845 988 14451 1210 15861 13627 5432 11128 11639 5625 15139 15246 8571
5781 12665 6213 8627 11271 13903 11309 5308 6427 17833 1904 16857 16314 5568 13204 15479 514 2757 6780 3029 15090 7197 19247 9777 7319 17808
9049 5540 19655 15646 14147 2403 1638 9617 16566 18818 17027 9635 7844 8466 14130 1743 18097 1787 10835 17881 6587 9346 5964 1032 15945 3390
175 17635 18519 19390 13922 5587 7191 5362 6773 8042 3289 1358 11366 10614 4138 5241 4758 2278 3701 19757 14928 16873 13143 9907 10269 11459
16730 4512 2181 8627 16319 1189 10749 16052 19189 3226 11332 18966 5814 10415 11445 8596 18944 18137 13082 5502 400 12476 16046 7320 18665 8121
13036 14559 9977 16732 16672 14619 155 130 14053 7351 10963 13872 2004 7320 18775 10463 17201 1157 4789 15344 19455 17084 12100 6519 13346 17918
10381 5019 16369 11370 18043 7227 8202 6154 19873 12174 11601 19484 15202 10101 15004 16861 4086 19900 10154 9714 3126 17854 5886 7899 10048 4452
4121 6522 17297 7707 11886 17637 12121 16517 4 19668 15645 18891 1612 9542 7914 3927 12800 2438 15887 10718 9639 6436 18765 14489 8786 11865
13898 15007 1247 10979 1795 19798 17728 2399 12901 12100 13604 954 17679 9491 7528 4326 3830 14693 7669 7081 17017 19748 942 19487 17118 8041
12739 15841 8443 16019 6725 1555 7709 13249 5197 7942 4500 4211 5212 8873 10879 2902 4370 15047 5778 15238 2031 7731 11393 12552 7154 3006
14674 19461 19640 14211 18217 13579 13383 16633 15517 13072 11327 17519 10023 2757 771 10586 3788 16 16796 10535 15980 9068 18508 15149 10711 12220
14310 11364 11048 18460 16013 7953 10923 8588 18075 13441 13818 17622 18776 7031 2128 8976 15890 7244 3838 14856 12233 19227 19868 13030 10271 13511
1641 14577 1917 1540 2634 742 3309 15877 656 12043 9466 16023 3784 12795 1767 778 12654 8096 9739 8600 4700 8968 10475 10639 12761 4659
6950 2189 16246 15330 2328 19445 191 17389 12792 11872 11738 19455 10403 4951 16967 17844 16224 5116 9296 6791 6584 38 6576 13073 3370 4631
19497 10632 18204 11905 5436 15019 19747 15330 9299 7011 13384 19984 3091 19457 16516 4355 9774 4933 3314 2718 4091 19078 6488 8077 16062 3684
41 11918 8695 12793 17142 6015 4418 16646 6535 2968 16707 2111 5243 678 2603 17986 18118 16573 10421 3097 304 15810 2048 11439 10476 303
6432 15477 17474 7835 16717 18686 8888 3283 9799 14150 14367 17135 6951 16409 4161 13965 3119 13780 7142 5458 5690 4943 7410 2673 18258 2493
3639 13924 14384 604 10608 8709 16243 19208 14350 10795 2491 414 2430 1189 8747 5051 13847 13284 13523 18566 6224 12468 10593 17962 10056 4225
5178 1239 17686 7839 14408 13647 11752 13768 13437 14240 17056 18168 14477 14751 2382 8273 16342 8725 18477 2601 2846 14626 15850 6442 14226 17300
19043 151 1898 11820 11544 9932 6134 17948 15903 16860 8275 10300 17831 12195 12431 2656 13535 18817 13423 14170 1333 6430 10745 12526 11508 13693
10240 17693 5355 1083 17980 4917 5364 6003 17072 14353 1545 2219 19275 16005 13864 2886 10322 10731 595 4207 4396 3842 2717 6538 17325 18851
19538 7005 18707 1302 6548 1759 15439 970 11859 7650 8528 14908 15920 8051 2392 7853 17895 19605 9766 17278 13963 14399 870 13827 14092 936
1332 10010 19055 17509 17642 1314 11203 1283 10087 3673 11958 8091 1812 8229 9355 7991 7436 5924 13589 16183 17580 16442 7839 1964 7162 12495
11463 17483 10188 16805 6184 6819 10623 7621 15629 7567 6056 13634 11743 6157 16601 17431 423 12823 17709 8561 18386 12265 10713 922 2651 8956
18976 7022 11105 18935 6632 10651 7280 6341 6603 15018 4275 19554 4529 12755 9077 44 17418 15462 2266 10718 13338 10294 13382 828 12902 2221
8234 12049 16729 6947 19447 12699 15522 8197 15018 3907 9844 102 18032 9098 16349 8506 12923 3510 10874 12253 19447 10155 8102 12241 1952 6896
15780 615 3772 16534 13003 13852 4039 19138 15999 13625 18646 16603 6078 16131 15870 10818 11836 5722 5250 18113 3155 18304 4577 3788 9522 7620
17424 8345 228 17398 19142 3312 6650 11481 16393 17503 2012 11446 5224 3588 1719 10897 15495 13682 15296 10411 936 17711 9513 17018 9597 3714
9242 846 10280 1060 1629 2561 702 10016 7784 19665 2366 3805 9405 12504 14553 6172 7069 5403 15753 15102 631 7070 19499 10916 3091 6365
8096 8706 8064 15173 746 8149 3519 5390 4381 2907 18033 1141 7278 2738 1481 14720 9156 9873 11608 7361 9148 16079 15425 18765 19939 14110
5908 10915 73 2447 3980 13443 11413 10002 2929 10418 12032 7437 3118 18347 4531 2680 14051 330 16795 15104 16620 4328 12024 5037 6631 11499
10376 6558 16477 5771 7381 16191 2468 9332 8568 18590 3782 8412 13160 12008 18161 17239 17647 9768 3118 19683 9273 13626 12741 9795 15789 18945
4347 5422 11342 19050 19211 16815 11697 2960 10290 15364 18192 5406 7261 1082 12564 8211 18281 10863 11510 13645 16756 11115 1289 17664 1320 8815
15270 18201 12476 19977 7453 1981 18125 4960 7066 12884 11416 4155 6069 2493 15274 2146 142 14142 10082 17266 16519 18674 14252 4542 2046 19973
161 10367 4528 11650 8574 16757 13107 13424 4934 10354 1794 16725 8585 15794 8958 5363 676 12899 13076 19905 13021 6299 14204 10450 14610 11285
2467 3137 1859 1284 3183 5521 3390 2557 16184 4186 14054 6608 13629 9734 18405 4718 8903 4423 17321 18270 18325 19897 6918 1575 13063 17162
6072 3199 8231 3058 11641 9193 11713 11193 6850 5851 14298 3690 5664 11297 10892 12311 7766 11722 12073 13639 9972 10040 7409 17568 19280 19990
4619 3120 18243 6947 10522 4646 12047 12580 10817 5185 13586 8579 7138 5157 10684 9222 927 10194 3134 11202 17327 7561 939 2904 2738 11738
9433 5002 3683 6936 4438 15029 9198 4984 15920 18405 1083 9317 5733 9129 13894 330 2418 2876 15176 9215 18945 16715 10067 8876 4852 14509
12091 13438 17327 18234 18681 16594 1829 13560 15150 19241 1170 6718 1731 4028 590 11645 12739 14286 16857 16108 6319 7563 13506 3636 1308 16500
14659 12210 2681 14569 13324 2217 7933 13209 2692 2675 8022 4235 14219 6865 4205 19761 14857 12893 16004 8972 17520 16455 13837 14435 7963 17416
4071 310 7841 6395 16471 10367 4693 9940 9731 1809 11962 8417 15871 7529 2417 14475 9490 18421 11656 4644 12401 13668 13141 18619 3053 3664
3730 7418 3473 13473 1432 7104 6635 5096 6943 9498 6003 6475 17379 15696 17636 12185 6302 4020 15571 615 18556 18259 6567 9890 1318 13899
11169 12290 9887 1376 1155 18984 807 6745 15791 17214 10239 8193 1092 1902 1646 18716 3861 17341 703 674 1328 8093 18771 15745 16347 15018
14967 11518 6972 12510 506 17209 13280 2507 7686 9200 12834 14662 12182 17110 15347 11534 7101 19107 17113 2959 5878 14291 11837 2770 17147 15191
2923 13388 19158 9634 13327 14052 550 15608 12094 6538 14620 15656 19637 13178 18142 5026 18714 5908 5620 7214 15007 1969 19665 14107 15930 1799
5296 128 1409 13399 17914 2042 16861 2168 16588 5153 18229 371 19623 5307 3256 8393 2203 2813 7094 9670 8463 7828 2854 4120 426 18935
4425 18213 12463 16522 11129 8792 1531 13081 13262 9206 8810 10081 16591 6570 18193 6725 4148 10070 5872 11516 13320 6714 3521 1089 8136 7614
14104 3764 3045 7014 3599 8737 17584 14775 10919 19505 16328 12068 1789 19044 14123 19266 3939 7082 10971 8369 18306 16694 2481 6863 3952 4877
17370 10314 9225 6552 19695 1103 8840 13321 11549 3768 17899 16811 13564 3757 6206 15227 7700 1499 12964 4569 15616 3997 18078 16023 5439 17287
15619 12442 14744 3149 19399 5791 14855 17949 18576 3842 19768 9408 16606 10111 9956 14589 13056 1607 4974 7444 17169 4797 18090 3214 10188 10727
14149 2870 3466 3648 11035 16536 19691 18766 19122 17669 10118 16539 3299 3357 18297 4025 16024 15702 8903 13645 14035 13760 9877 6112 17342 17218
18691 8820 3481 15148 18824 15945 14868 18191 15889 18999 11591 11774 6734 5708 3477 15442 13294 16194 18809 13808 17756 10114 8564 1666 6721 18278
2314 15359 18544 5465 13559 15240 13362 11570 4867 3244 6639 4452 18049 7690 4349 16407 1008 4355 13528 8982 346 1609 19377 1975 8145 6138
19584 14902 13281 2061 2243 2910 2321 2671 10352 17686 17247 1387 14474 5768 19108 8745 13791 7444 960 16727 13715 16905 11853 11302 12200 19402
133 6688 16463 3832 7480 1997 15080 18085 8980 17026 11592 2732 6683 19157 17855 8507 19296 7124 1542 16094 19082 5556 8563 7373 18583 2483
668 6878 2491 4288 1815 13112 10937 7522 9595 13817 11149 17581 52 15344 18712 2842 5654 5978 6965 2062 13193 14343 2577 1409 6350 11582
18406 9411 16235 18778 13744 5540 9803 17334 11360 2718 19270 19821 11431 14741 17048 17606 175 6968 15871 12604 835 8889 11505 15450 2699 11811
1399 12810 16938 18042 511 17268 4209 11233 11607 15691 17785 9244 8739 10987 11580 4240 10160 2508 6203 7309 10168 18761 14786 15038 8818 5747
13644 13186 10334 262 10346 4733 17397 3316 4434 7700 386 15343 14485 2222 12559 6926 4693 5385 17091 1316 6466 13727 13980 19706 2725 16630
15013 8226 13119 10374 1542 6305 10434 14989 1221 3879 11789 19890 13375 17909 15424 3904 1502 10165 9648 7299 13833 19584 14894 8107 10930 5482
13117 349 4907 1340 11989 6626 5492 14374 11963 2192 8430 8671 12124 14580 2989 674 19090 11076 18145 4671 17884 19834 13649 4040 11056 13616
18702 18767 15287 6383 2716 7365 18586 1448 3174 17593 16126 2586 3989 18011 13515 17709 3100 14820 18123 15317 2105 18773 5985 12075 1918 12451
15159 18942 8414 5381 12925 7932 13681 14188 9384 16694 1619 15844 18458 15678 2430 847 6671 4255 16165 13747 3091 14143 10280 10127 2868 5070
7286 2372 6424 3237 11778 3178 4073 2229 2323 11851 1679 9601 18316 13701 11652 1653 9007 19512 12083 6197 10267 15490 18553 9398 3778 13620
18320 14825 17375 1157 8913 16945 18802 18064 10600 6984 856 12411 8016 6711 18421 12708 13456 2401 14559 4660 3455 13180 18007 1713 10652 15536
9644 5445 19823 9988 17480 15390 12569 6239 14979 19826 10523 11036 17496 7763 3165 1922 1222 2492 17207 10474 3881 8017 8132 15560 19347 5755
2332 8640 11167 12376 8031 19948 10500 10690 15379 1954 2577 18019 12882 2131 944 6232 10517 9182 2478 2091 15900 113 6577 17486 19232 2092
19908 6237 4594 572 340 391 3179 1613 5068 3281 14023 12456 15602 11008 14011 7211 19218 11547 3225 14890 13860 355 8055 17922 3139 15729
16449 15668 5996 19570 18279 5824 2891 9333 18128 1798 17517 4934 13866 16091 7671 7500 9008 17286 15668 14417 11017 6722 683 3446 3697 3250
12086 2984 11534 574 3415 5061 18514 17531 10198 9327 7355 8124 13515 91 826 2767 9099 9290 1687 19923 19211 11359 12138 11799 18823 11986
9861 5534 2193 9053 14949 12955 16446 845 58 12210 16076 10380 6833 9418 14321 14947 9350 19457 15849 16433 4206 16492 9973 10648 13010 4400
8552 3290 16259 17871 6420 6057 6544 6947 7756 6144 2533 5055 17424 9780 20000 12792 16559 11358 1445 12599 2373 8222 3998 13394 5449 17292
16854 3410 548 17152 4123 8346 16665 7958 12358 10582 11857 19499 10015 11768 8334 2890 7281 19384 6694 14748 15777 7474 416 11264 7485 4380
11382 3077 3697 8139 10509 19868 10910 4419 6491 14956 11242 4135 16514 6802 10852 4448 9365 13400 7723 8298 15945 10969 8064 5814 9629 16722
4509 3545 12054 7842 16754 14603 8865 15739 13938 11615 653 11759 10605 17765 7094 18791 4003 5634 480 1167 19673 11534 14943 652 12367 3944
9354 5412 14095 1338 4922 2957 12726 5736 19476 9268 4351 13266 8170 8191 8171 15430 11551 5097 12259 4980 18627 11097 13387 912 17732 17948
3841 15535 7898 8209 13694 18752 15553 14838 6863 19560 11179 18943 7745 8386 17260 471 3742 14121 9961 8420 2931 17645 10804 4457 17271 8182
10347 7899 4387 9896 4925 6841 7168 18339 8813 1397 15683 4800 5642 1248 19951 11306 6630 19576 4859 7647 3850 8411 18386 277 9630 16198
11551 3207 6322 7930 3790 18380 7724 2026 9263 16094 7760 6421 17728 8270 12597 4465 19171 11682 3415 2043 299 10284 4117 14123 5374 8290
8292 5314 12018 19124 14221 11062 8690 1866 15063 12680 8348 7766 8135 13019 1648 2995 13152 9942 2859 2758 954 5143 6973 18515 15018 5838
1660 19755 12442 15236 14229 315 10221 7964 7328 4020 11501 19286 2910 4569 2081 5589 11648 13549 4805 6711 4363 3062 9960 15708 96 281
13229 2437 4381 773 16272 7309 12557 4085 8512 6322 54 9925 16503 10654 8430 7439 18719 16392 1621 10632 8734 17108 571 4067 7527 5482
14804 2493 9173 6566 19884 15659 5492 6319 2829 13899 14752 6572 19061 7094 3194 8180 1764 4777 18579 12738 10434 11090 12893 520 17264 10972
16279 11196 17169 15005 845 9577 10414 4706 14497 15937 12922 982 12484 7945 5166 4119 19869 14533 16601 16597 11953 3976 18546 7366 123 2366
17063 9600 12916 2378 4082 19910 13678 4042 19269 369 14739 4500 6260 11050 9419 1220 19597 13808 12669 2448 9625 17449 137 9087 9862 4714
2838 4333 16039 1903 12514 167 18420 4938 15303 4890 3832 418 3422 5183 3187 17696 6268 5193 2421 12887 13936 16443 8187 19454 13231 9953
15446 3365 9232 6598 4867 8164 11902 7992 347 4746 19398 6823 8884 4199 12299 9493 10601 17227 6002 4624 719 18600 18775 8439 7687 2445
15690 5833 5189 6980 18679 2869 7435 1640 5104 15137 9076 17593 238 8758 18777 13155 15697 19589 10795 12201 9838 13446 10009 13830 14828 899
11999 5632 4295 3478 16815 5193 12469 6541 14082 5630 6077 12385 18091 9605 17295 2669 10085 4788 19727 11298 3944 13671 8960 17559 1966 9303
11314 16880 13580 7998 7375 9244 17237 5130 17064 16898 14830 10156 14288 15387 4059 15584 15315 3079 3052 18854 2235 7634 14377 13602 961 10061
18116 12933 12703 10209 16052 13615 17710 10860 19286 12937 9982 6417 10978 10438 11894 934 1385 564 19652 7032 1878 2103 749 6776 5915 12766
12303 128 11407 16822 9399 7885 10119 6502 10947 11664 18290 17636 6384 1215 1317 15731 19778 11839 6463 7951 1382 14964 17261 4383 11326 5624
13295 14531 1258 10863 16132 8128 19653 4896 755 8625 7999 4948 17834 36 11474 11875 18963 12027 10403 19659 2092 9860 210 15070 5265 7075
17802 3169 4071 19921 11719 1750 15553 14219 8618 4192 3597 13391 10442 2347 9742 19371 7273 13612 9359 8113 6270 1034 4324 5147 10158 1846
3030 5574 1348 6962 6898 17267 16840 17163 11205 6496 11662 1152 4638 16490 12384 15690 9848 17129 13278 9486 2508 8978 15108 3029 19096 1060
5370 1965 17826 16133 3681 792 8668 5617 4973 13617 5037 2181 9811 8031 14502 1453 15534 229 18527 7957 10233 5196 16804 11929 12241 6963
16154 14072 11123 18957 5818 19910 19349 11250 1312 6187 5425 19076 13356 2080 7198 5174 6327 100 9571 1584 11868 14669 18866 13634 2273 9578
13300 8291 6801 9706 16674 3560 3247 1335 12274 14196 14307 11581 17923 13539 12159 2191 7309 9732 13827 15628 7998 8738 17153 465 5120 3194
8390 10431 8100 19720 6296 9306 7004 6604 9709 16704 18950 18446 15893 5374 14334 11856 214 3659 14727 6777 13546 15549 452 4033 18270 9494
10942 13007 18384 3028 3841 11002 15723 158 2049 10106 4443 8383 18075 18520 17430 4683 1273 19658 4114 3096 6702 14778 17172 9105 4749 18468
14287 11541 1895 12799 14286 19085 11798 16133 10076 18338 10002 7356 11109 2839 15127 6648 12654 9647 11700 12776 14720 19751 5357 16977 9773 3381
2356 19145 8929 14980 9751 5838 1082 71 795 115 17189 9140 13538 17844 873 1367 8431 1453 9645 1400 5819 13555 17241 903 11493 10622
6943 2650 3967 788 8325 13525 9870 9273 13700 4886 10747 501 17214 13104 9258 10727 6771 16953 7694 9215 13695 13922 13638 3744 17836 19077
14612 5297 1567 19716 17680 10748 3626 19771 3837 12509 1255 17274 11766 15513 4110 3672 10589 10907 6010 6023 5360 16558 6286 16784 16744 3571
7524 19116 4765 6336 8715 3455 2739 8518 11565 6174 7417 8845 18399 4873 871 14146 1301 7877 5627 1707 4189 3170 3388 19015 16054 17522
9529 13714 19884 17187 1280 10927 19732 10439 678 14483 4090 5381 8773 4389 12695 13836 298 16701 7683 18086 7604 4430 13579 14413 14392 13715
7954 1663 14501 10190 17854 14491 8553 8453 6505 5010 14319 14539 949 2012 14920 18614 6394 3848 506 16701 1812 13836 11060 11074 16587 16193
527 13558 5206 12529 17390 3809 16914 2735 7576 18846 7342 8824 19006 4053 12223 6628 4249 17024 14706 16110 143 15554 13829 1007 7184 17388
12991 16807 17522 6670 2857 15386 4657 322 2194 3372 5289 4378 19824 18790 14010 11050 17098 9125 10137 17831 10479 19094 14121 13872 14788 6591
13381 1266 4056 15938 10101 8605 17623 3164 5786 17040 13218 6559 2463 2430 15658 16010 2639 18761 15246 8720 8117 8652 16560 799 7570 13381
13734 9392 9610 9718 764 1608 12096 2565 4237 11958 7246 16411 2045 9345 2484 5460 10636 14845 3618 9027 6929 14231 9851 5523 1486 16675
17024 879 15816 8013 13893 10678 13265 17922 17365 6724 13675 10070 111 4401 1140 13344 2451 7401 845 16970 3143 4427 10769 4996 5356 1468
1599 16982 8824 18828 8321 8053 13804 18092 5685 17572 9434 798 415 1646 7362 6501 18708 17023 893 10308 2039 15933 11194 16882 18643 4422
19917 14908 18985 17762 4657 15601 1184 6584 1970 1209 10447 5314 18194 12645 18540 1044 11748 4525 8329 7354 2703 19431 7458 2378 10342 6310
17831 13679 9466 19576 11699 5396 8737 14592 11199 19698 13729 5751 15998 2218 6969 1607 715 11494 4760 2283 1184 6235 7577 2071 13372 8935
2027 2027 9622 2615 8216 13286 14830 5000 14503 5766 485 514 8910 19233 773 19831 18972 11589 6745 5750 240 17681 6865 4646 6318 10753
6893 16578 3531 8672 6820 11743 2450 14991 13018 15538 1360 15777 18921 18973 16710 4769 6005 15738 13227 1083 15105 895 3091 10767 15368 1545
9622 298 14862 16954 17076 18425 5110 5199 18758 12174 6799 14437 6976 12477 2603 18188 4714 14489 5326 1069 17071 19499 12364 13894 16140 16295
42 12839 18325 16937 6765 5847 10930 5999 13716 13063 5855 5348 4479 16932 14815 3844 882 6100 12008 12064 9524 6447 10208 11822 6031 18012
7472 6066 7482 7196 15744 15280 13641 19524 9774 16815 16550 3979 19032 17637 18492 11914 13281 9864 12281 12026 15217 357 11654 5733 16184 1263
14117 9204 5854 9198 6727 335 1809 852 13506 13845 6049 13441 6188 6846 18198 9414 18819 19649 3927 11946 7724 15305 2705 19149 6927 6698
1005 6443 10822 10516 15866 199 10854 8984 18212 2042 8647 2002 2190 2508 1584 6405 19918 10898 10945 13330 13579 6995 2299 16324 15405 7341
5076 3157 15880 15072 4764 11508 3430 13294 10404 5901 12522 490 16335 2883 2666 12786 7204 15906 17592 8773 7118 2498 14419 7505 10848 17594
6016 17221 5662 8440 14023 10270 14909 17034 14739 9926 19093 7055 11214 13215 9168 9379 4467 19776 16425 2993 2993 15701 3916 16567 4888 17193
16139 7391 3413 18734 17997 6332 14029 5862 10675 19854 16363 11872 14020 4011 10451 12562 12347 3428 6075 17088 3860 17271 19880 1494 10444 728
17271 18276 18025 13147 4093 17587 8543 2694 2051 18877 507 661 5114 3681 12230 7790 11342 12545 7992 11408 6014 5819 7781 15468 3464 15448
17772 5234 9414 13922 16026 18400 3217 5182 1007 40 14817 13895 17135 7163 8938 11240 578 14009 19618 8356 18162 16109 13717 9575 886 7731
7786 3202 13083 1435 3800 18544 4097 12800 14672 8678 5340 3643 6488 14397 16296 17094 17710 4983 19872 13025 14824 12043 7288 16393 2543 15513
5063 4610 8607 17093 14394 16290 6837 19470 14347 11866 1631 7617 17912 15165 3834 4405 5368 1466 3270 18990 2452 1968 6878 4255 16861 448
1248 3458 14860 5557 4394 5977 808 19475 10088 18389 16538 14234 7796 1771 14162 5242 9018 6572 3171 16506 16878 19426 15494 10605 12206 15317
13858 16933 7536 8194 10879 12961 11247 12088 12641 1404 16431 19340 6529 7837 4929 2433 5333 18288 9138 17215 6084 7598 10675 9694 18755 7023
19818 217 9064 555 16170 1302 10269 16031 2068 855 13847 229 5237 5336 13445 18644 5829 17807 13524 3288 4434 7911 11278 18477 15179 15048
490 14246 14441 15882 10750 1680 2483 11042 4293 3731 6983 19151 13027 14718 13721 15711 7854 10035 17789 16519 19754 6038 9958 11672 18905 16639
12959 15593 2786 16980 6591 11501 15222 12137 14676 15128 4410 19621 1666 7977 18257 2867 15994 10119 1412 8043 14175 5237 1465 4151 14694 18227
18491 13978 6315 6276 17973 14010 6121 14535 6479 10248 13829 1020 19368 9550 19240 9239 14499 13619 12249 5728 9642 13326 4522 1575 11100 4048
15470 14084 3372 14831 6067 19280 13346 16755 7642 3647 7625 19193 14012 499 11679 13149 17087 9480 17478 5136 12826 8356 16560 7512 4017 8376
15020 12992 19909 3210 18091 4164 12147 16607 10870 14436 19730 5093 1615 13672 6095 11051 7055 11038 16144 1865 1556 3093 18035 3822 18386 2596
122 8874 18860 13125 14234 3028 11892 710 4314 2024 17184 2750 10161 16359 14132 11710 1293 2228 8748 16858 8010 2344 11004 14710 6748 19163
3794 1374 17939 12273 8657 6994 622 12049 10649 2995 13825 11011 19026 12536 15555 17922 13708 8469 2138 12408 3215 2078 3789 2688 15514 11571
10360 8435 8260 5636 4541 7282 2008 18407 11227 10222 3123 4571 8317 10180 19914 3411 1877 3840 8535 13296 16282 3929 18046 13560 6573 11964
16910 13899 19624 10825 16926 9221 3458 8611 3397 2674 19118 513 5300 17029 9161 16704 15235 13847 9122 17133 9082 5099 19233 6561 180 13954
11014 10734 12480 19380 7311 11455 10777 11333 2119 4622 5743 12323 19935 13743 3327 19169 10486 19214 16721 13612 14433 11167 874 4451 25 1563
18613 6698 2163 17535 4874 14004 6452 12501 19348 14833 11361 14089 14322 1548 4140 14819 12645 4190 2978 12225 8660 6287 9578 19346 18382 11678
5730 12088 17619 3575 9965 8256 10610 594 10332 7620 8394 1438 948 8362 19062 11866 14164 19247 2610 8558 11014 15377 13831 17890 1980 10900
18802 15915 7760 17305 17805 2308 8415 4691 4358 4614 6549 17627 5664 3351 13913 16097 19609 16650 15887 15549 17647 1491 12747 1480 8964 16037
15648 9526 11412 3711 1205 18048 8408 1735 16637 6699 6183 16291 14119 5736 11080 9170 13338 13831 2356 30 758 18035 19546 12090 14664 9992
6050 568 13810 1649 11228 598 10437 7499 15913 17354 5819 6309 14962 11915 28 3528 7457 7548 18185 17588 13801 6517 3658 12889 11025 2326
4913 5795 12086 5354 11788 15229 9772 15128 14785 19953 13993 2188 8514 7738 6297 10267 14537 1994 19236 14589 15520 4096 10751 10639 4047 388
6226 12213 5595 16553 17575 5794 990 1635 15255 6068 17280 3564 2130 1607 9547 2203 15368 15695 6293 16465 7864 9681 19561 9060 9280 18856
2148 9355 3183 9810 19286 17366 10275 17727 18642 12980 18496 14198 17575 8977 19239 15883 2760 17588 14112 7096 8705 15530 6195 11034 10190 14072
17472 18738 7780 6540 17038 15087 8247 7718 15276 3536 10276 5972 8730 12158 8491 6883 12209 11203 12000 13971 19286 12493 9900 2294 19924 10986
11934 13563 9400 17359 17897 585 13800 11539 16008 2204 5177 2300 6803 8454 7033 2948 7486 18840 3530 630 7036 18758 19259 7127 10507 14150
2745 14039 13777 10685 3729 19799 19601 213 16599 2924 10283 5696 16210 9192 7999 10402 12738 11148 11057 16767 1656 4298 19511 2132 14310 2808
19955 1427 1472 19279 12400 9001 13880 3018 2217 8026 8011 15349 7289 2803 2498 4518 19009 14735 7964 12341 18383 19744 6946 12682 5097 18333
7150 4918 4340 8536 15152 12019 16646 4752 10419 707 9476 6145 11714 6326 6072 1372 7080 570 2160 5632 12076 8432 13732 687 15706 51
19367 6064 2840 7228 19529 15723 19675 3599 19435 15024 13058 18701 17091 6948 3489 16832 6404 8732 8573 2795 14735 3038 7466 7727 12247 3345
13970 13493 19480 17489 14297 6339 452 17149 12363 16986 16109 646 9819 12502 4193 18987 2255 1822 19409 16830 12218 10209 6653 14533 18150 14041
18092 9306 10898 16531 9792 12820 18195 1722 12569 10591 8644 472 3852 7662 6017 15822 4081 17957 14017 6471 15222 10346 5702 17918 14689 18673
9840 2886 7689 16823 10038 6672 6630 5491 18667 6857 9258 15680 16561 15536 8037 12408 9181 9878 3262 11848 8749 7583 3675 6503 19071 2171
11053 6053 17572 15414 19640 16695 3713 7207 15214 12909 9642 11188 18322 3520 5928 15410 13778 150 2182 18010 8707 8023 15845 2108 5299 2614
14776 17734 6329 11581 10678 18881 18778 17146 6184 11677 11433 19891 4665 13813 2434 16591 13464 3298 8087 16039 5477 2142 9375 8628 381 16459
5334 15059 5537 9469 8131 14495 9526 17842 19175 3724 3883 11085 18395 5937 7414 19875 16381 19383 11083 9990 9087 17250 19073 12336 5328 15977
5261 13588 14991 3718 9952 10788 658 1755 16965 4823 5995 15877 18400 17697 7545 9580 17619 18922 5131 18688 19965 607 6271 14500 8672 14624
11910 5538 16630 12705 17420 2348 11050 1104 2696 4172 12736 13573 2238 9740 7767 17660 714 18795 15675 4767 4459 11736 15284 9114 3882 9286
3249 2549 3985 4426 13046 19773 8910 14661 8816 1771 13761 18571 2417 17145 7146 12251 11016 8436 5339 1318 11878 14000 9658 5918 3220 10042
7360 18913 15693 16104 13180 16924 6785 5556 7408 11257 2106 941 7989 5166 5306 11452 15849 7183 3175 17221 9745 16913 15186 5124 17599 18269
13112 14753 147 11563 16240 2792 5963 16732 10977 18102 1115 2575 11785 13428 8166 8238 12688 18886 17832 6494 9381 13460 19981 11585 12877 11054
4966 18431 10358 18369 952 14960 2869 705 15671 9598 9288 2836 15587 11266 16741 3441 11479 9519 483 18458 13111 18668 5264 19917 3800 12873
4490 2626 14558 12134 571 17178 5166 9393 3070 13191 4402 6854 12714 14013 19570 5168 6543 11223 1092 11257 13561 12269 16380 19439 9103 13164
6175 14283 7496 3992 12543 715 14410 3096 14267 3483 16058 16738 3852 8288 2846 12606 2637 7836 1882 19934 4040 16259 4709 18710 8018 12237
12908 15222 18615 17801 8581 11916 17132 3936 5170 18905 4997 9768 5513 12044 17412 3308 1946 19156 3913 5691 14625 206 504 13410 18664 16501
10126 10882 19555 17368 3517 18631 11364 958 2357 5445 2810 5698 4462 578 14587 10797 10175 10167 5972 2871 13898 4376 16051 15814 16835 10431
10533 10827 2580 12154 18864 9152 11241 16848 6431 19566 1315 17643 10359 13110 426 768 9467 3351 11770 11671 9328 8999 15885 8920 9512 2123
9598 16892 2413 13033 8220 4409 15723 7784 1569 8334 16242 18430 9093 12730 16347 1652 4414 2883 12915 19628 6719 13355 84 6765 18258 335
17777 6409 19914 8574 5767 11477 9654 15934 7367 19074 15473 2446 7910 8927 6624 11832 17139 7983 8016 6065 6889 592 18707 16676 7468 12592
8704 2180 13244 14353 10919 16190 9106 7974 5770 2865 17688 10017 14051 2473 19746 14809 13840 18933 11276 19639 10509 17481 3525 6893 17594 10293
3917 9163 15748 14984 12366 14766 3164 8862 6281 3488 10387 476 12989 676 16852 15851 10351 15175 19232 12871 13452 7308 8198 14297 13780 13809
9743 17872 18872 17509 18980 11727 7621 3870 15264 6871 9487 7557 2764 3600 14769 9092 19591 11843 7896 1897 10876 8958 11107 11460 685 3494
19137 879 4546 4702 15845 10387 4019 1505 2259 7657 855 19747 18384 5829 11440 5278 5050 15595 8893 10151 16765 4548 6433 6593 10026 15470
16637 7854 19002 8124 1371 11883 18821 5816 6681 19524 8897 6710 8466 14365 5148 16469 5746 242 3443 17012 14769 18675 8752 5188 7351 7920
2939 15711 10117 7572 18074 19395 11359 8166 12025 3435 11822 1696 4421 450 578 967 13217 8377 866 10223 3786 14814 8825 11326 4268 12047
16299 8064 7499 15633 6730 5386 18818 17043 2225 4172 3556 7942 2622 10156 2826 4370 13025 11984 2653 2908 11599 6448 9676 11440 12584 2416
7477 6205 11963 4663 5897 17357 15590 9621 17553 15937 3531 17280 17809 9256 8438 7604 5111 7165 12632 400 1453 6470 19933 4311 6855 8595
17911 1537 6091 6978 3396 8254 18848 8958 506 7116 11556 4065 8300 9038 19929 14649 14576 10849 18484 9455 18327 12672 5108 3042 11097 18989
15569 19493 14013 10208 5577 2919 6222 18126 15280 16061 17745 5579 17877 11639 3593 5151 10741 12924 15036 2819 12605 16296 15645 7467 4689 2952
19304 3352 6130 17489 8401 13648 6231 17512 18919 750 6293 12619 18229 10080 9289 13856 15309 14521 18039 1610 5781 12425 10439 4793 4921 4021
6289 3034 12413 10819 15768 7351 17012 2106 8984 4564 18454 13100 5505 9672 16221 14415 5673 9815 8608 9846 5830 4860 8021 12685 17074 19688
12480 9214 1716 2111 13338 2329 9152 5836 4519 8780 14143 14075 15448 10045 7874 14131 4080 17734 1768 4120 1326 10652 484 2320 18733 17744
18546 4861 13847 14244 14807 7352 18344 5549 8938 18707 5465 2612 19083 8173 17596 13166 10340 16989 3706 10127 19439 15339 4751 15915 12948 18558
10583 16701 7776 6912 19398 1445 13379 19636 18760 12559 12012 16460 19203 411 9460 17614 611 18430 17605 15066 12018 19035 5545 7274 6019 7915
2607 7989 17325 6637 7494 9761 15614 12789 14944 15409 2956 17142 17900 1001 18191 18723 4170 11029 18861 3028 16828 16335 11179 4903 352 10562
7626 13962 9920 19414 17315 15171 18749 15967 18578 6229 385 2019 7567 4203 7623 14493 8456 7 16799 4061 7993 11118 2670 17010 10994 17778
4656 3489 3909 19525 5238 9307 17172 13015 18840 12240 3266 10665 8036 1479 9527 15223 7985 4078 2762 8530 13883 16859 12759 2072 18251 11891
2445 10856 14231 8791 18913 18374 11873 14079 5608 3925 4977 1315 12588 10900 2279 2790 16917 14213 6620 13226 5119 10237 841 19807 12608 12083
18765 4558 5552 19332 138 5010 11490 16484 7106 13494 11946 4355 10785 6810 4139 8881 11873 2612 17654 3298 17690 12162 17902 6102 18174 9953
18505 1317 6600 1327 13827 18930 19681 19685 7974 4663 1408 10760 9406 10421 8165 12762 8880 14360 13279 7767 12348 6693 14425 4407 19012 9149
13550 8469 649 10210 4052 15633 14824 15729 623 11062 4895 2757 2585 14716 18762 4494 14919 11909 18434 8264 17434 17300 5356 19015 19111 16244
2123 14062 3114 13241 10481 6173 16797 5040 11720 19625 19899 6998 1265 16264 7453 15548 2360 8463 1759 15839 4851 4812 2077 14204 1662 11660
18764 18354 9767 5505 16215 18864 19683 10069 13743 16377 8086 13061 680 19375 8060 66 8759 12184 18498 11172 15894 9339 6930 12322 19887 19439
5617 13768 15435 778 18895 13077 9459 11723 84 17334 17196 15684 18882 10358 11009 13071 1323 5861 11205 19286 17116 19085 1914 5570 14583 6598
6789 15042 590 9805 5632 3096 4690 18548 17233 1100 9124 13660 11595 17250 9988 2657 6503 19357 9536 14807 17036 19294 11218 9394 14813 19839
3276 9905 12611 2091 1095 376 3160 8674 1610 10244 9880 6989 18429 11418 7752 7706 6338 8917 14836 11620 5132 10287 13785 446 19340 8252
18933 1555 13300 18241 18280 11899 10834 2227 1919 3517 16611 3830 3076 15340 438 13323 8747 8501 15428 2323 8435 14190 13878 8458 17349 17907
4536 12537 16231 14893 14497 2404 1754 6573 14170 8746 111 12268 3245 18143 8264 12615 11017 19042 7812 13923 2293 17895 14190 16489 1064 17490
12379 18182 8409 17132 2706 9164 16226 4282 16275 11398 15425 5928 14807 18808 698 10179 15345 9736 7693 2250 9760 1915 7676 18380 19173 4140
1335 8373 7832 4066 6790 16559 15925 5301 15491 5366 16609 8309 12600 11867 7419 1010 11135 18536 886 4625 19991 3265 18944 10199 9244 5781
6520 19132 15466 9859 5122 9677 10463 3637 19289 16871 2319 1426 17738 1479 696 14898 15701 5778 4865 15693 7802 19510 16118 136 13720 7939
19455 8434 5800 2688 5040 14319 4436 8345 18586 13801 9897 5223 13596 8163 13667 13880 3987 19353 6914 6768 14183 17047 7514 6976 17434 930
15209 5534 10681 11043 15180 10370 6324 8121 6268 6165 10749 19185 9430 13641 19673 4443 196 5445 7119 17036 18371 7567 6662 5335 933 10123
10969 14032 5261 14218 13714 4354 4934 4595 1203 7442 17979 12445 14767 14992 3425 10288 912 17157 1034 19683 11708 1162 7656 6774 7666 4534
5211 10745 19578 13083 1052 4279 13788 9271 15791 11355 1727 19047 10012 8345 14549 13897 18903 13897 1650 13952 15713 6610 771 5729 11314 4969
7660 1339 18331 12738 10650 10309 9334 14364 5188 10375 7289 19958 1256 14332 11145 778 16505 7061 5944 19878 2171 16269 1814 9452 19036 3928
1388 14873 1749 15809 16236 13978 7452 16349 1152 2751 19401 17303 13826 7552 2284 5039 6149 12827 13575 17937 12636 16124 540 8167 3675 16513
10896 16015 2612 3462 19043 6514 3059 9030 8430 19396 12454 11053 16430 9364 6818 11129 19656 16070 1652 2609 3880 11047 629 18181 820 17690
16276 12322 5126 19653 7517 16160 7671 654 10004 19902 19708 4135 14949 12489 17263 5112 19024 11792 2375 1990 5107 12465 4082 1140 18935 16029
1702 107 19848 16306 7746 19961 12369 13804 16331 13396 15633 13008 13509 18846 12656 11573 16622 9420 884 14030 2744 13202 16096 11776 10993 15796
1872 14237 4110 12752 6490 10440 7822 18738 5782 11945 13858 1150 7929 12513 3362 3343 17114 19190 15010 7389 15660 17889 13060 3266 7799 7244
17523 13085 16607 7026 11684 10005 6412 3051 6917 19933 4910 6377 17420 13710 12942 19235 12583 2551 1928 10933 13142 5730 8595 7329 16253 8226
7237 5537 7158 983 16397 16442 3246 16188 13697 15273 12612 18036 7424 16101 18347 6140 7631 55 18932 18189 11042 4131 4744 18601 18795 15825
13835 18782 5478 1946 11435 2185 15714 6455 7517 4900 4535 14371 9910 4872 16901 3889 13095 825 16523 9578 1236 17651 18419 14929 17353 19259
7246 16621 19920 4545 12537 6592 9778 9217 17986 5066 12506 16022 9078 1246 16849 12549 1214 11738 8695 16553 5634 5941 19487 19890 14370 16239
9375 15348 4046 7421 12479 10210 17514 6772 14006 7088 19569 10396 2717 13843 16449 11447 4381 6504 15640 13307 5630 18112 2636 19624 10869 16025
11484 1449 6610 1447 826 15074 5856 2954 14334 2303 235 2414 17782 5250 16020 15418 3942 10937 19567 7838 2740 5341 4818 18874 899 3468
19655 14255 1039 10161 18183 13211 10862 11985 11951 14016 16169 384 11886 16028 9283 7622 12035 13476 18437 17719 15571 15619 17845 16313 12949 17492
18980 9275 8848 17031 11690 5018 12199 13720 2749 6103 16432 1294 18972 18909 12903 10304 18059 19978 15489 10218 15864 18087 1315 2391 9224 1149
14816 12828 3559 4794 17615 1446 15627 10556 818 634 143 9519 15399 13755 13657 5552 7217 11428 13381 16656 1933 11229 86 15110 2259 9729
12492 1989 13072 3032 680 8711 12792 14726 2139 2055 10684 983 14757 9917 18878 12375 3267 968 3867 11520 8066 13001 18875 14079 15244 329
17682 9392 9924 3724 8741 6672 11747 3008 17737 19896 2681 5915 16504 8288 7003 19356 18599 16129 14105 3091 5322 3851 9817 13938 8424 9452
15881 94 14196 6127 12866 13700 8042 1346 6936 7763 4379 18396 8235 7535 9505 17854 8736 2227 2796 6741 9318 12524 6915 2158 1769 14930
12925 17872 8867 12624 10602 922 5291 18803 15037 13283 13717 15747 8288 3500 10897 2342 6735 13093 12612 5257 19366 1618 8910 4679 13295 17192
12906 13224 1810 6305 4419 9215 4538 2252 773 16997 19541 3037 8774 8051 7522 15761 826 7247 4813 13002 16341 688 6762 18429 8517 99
18382 9679 14869 19329 14096 8203 11944 14144 3229 8277 4416 2026 2231 7234 7429 7112 1800 8110 17035 551 5677 1239 942 5497 16414 3378
9501 1856 16535 16454 13760 15472 126 11784 8798 9187 162 19865 718 8441 14076 16725 6094 15196 10541 5362 9415 918 12988 15972 6611 2867
5030 2624 7588 7839 8099 16971 7240 13220 963 18121 11114 10349 203 17961 8394 18864 16279 3107 12499 19747 12731 3772 14545 14690 10576 17169
15225 18488 339 3662 9138 15751 10878 6408 13612 5608 15632 11181 17056 4440 12073 12489 11055 10655 4927 16079 8468 18097 9161 9571 15905 17148
19836 13984 11145 1025 9043 13201 2349 16073 17369 9588 4897 7034 773 10599 4238 17177 15563 7445 1364 16881 5855 5605 2553 19426 10359 11292
14190 14690 5036 19621 17548 8329 19961 18552 18235 16856 12316 6261 2640 11338 9154 14275 553 2108 6574 1266 10944 16021 19793 11391 5603 17938
1549 13507 14104 1184 9461 1141 3299 14599 2633 13636 10778 13479 17311 13066 13509 1890 5157 5442 18703 9821 2520 9711 17376 1925 2141 19389
13311 2143 15205 5109 17427 12884 6779 10042 16623 9530 8801 2827 1642 15492 6322 17301 14198 6261 1073 4032 8798 1716 8364 17932 1139 1909
6084 19367 12871 5525 5185 13497 18179 2320 9783 1928 12635 14370 10086 17592 6098 1969 7332 3022 2288 9673 14417 14090 19011 6463 9895 8727
3791 12375 9136 4707 5163 17495 13673 8657 19864 5684 11374 9596 1277 19326 9867 14265 11641 1312 14343 14371 2468 3825 6126 7914 16758 6595
11343 11630 14702 17344 15781 7927 17794 14413 7488 15461 17231 7361 12153 3301 14824 15992 2280 2504 4357 13989 14035 5278 8381 3174 42 2380
3414 798 8740 6118 2346 15619 16390 12010 1921 15156 6435 10371 11367 16239 11468 7888 3265 18569 12132 4557 16597 929 9428 7038 1905 3460
3541 6540 287 6874 4450 4994 9660 19081 16919 5559 6778 9796 2926 17362 6600 6399 779 10585 10081 9209 13264 17656 944 1366 13143 12854
8781 3530 191 15423 8877 6011 18422 6357 12074 19698 6018 18972 7822 11755 11882 1993 11546 13626 6510 3844 5842 14593 17082 8218 15798 9968
13089 2231 2089 7549 7744 10586 7902 9658 1969 4601 18024 15623 19425 10967 17202 12703 18899 11427 12695 7134 16524 18530 3464 11936 2500 10953
7913 2071 16181 19512 12331 2900 8880 12882 15261 12940 6041 1913 5720 18061 8684 12742 2768 784 8862 14489 10400 11248 16327 9433 7774 18277
18501 9961 5521 1766 10729 10571 16681 4684 12647 10782 4028 18899 11025 17259 17644 4808 10534 6027 14696 6063 18900 8403 15344 18746 11223 15610
