365
41 79 81 58 29 29 4 52 88 3 13 23 8 47 93 0 48 94 62 49 67 89 44 99 74 96
8550 545 4242 14665 18911 553 12500 11252 13584 8250 101 12393 6151 11620 3391 19449 16868 2155 1477 2273 3219 9839 9966 3635 7031 9
2390 8651 11314 15733 6216 17077 12262 16163 19547 6510 7818 18470 6446 3971 14116 1674 8445 1231 9630 11808 6797 15894 2466 10924 12605 4125
11980 7150 17146 18473 3181 4040 1430 12823 4138 5605 3593 6645 17807 19691 11694 9044 13834 9289 19877 772 5123 7564 13992 10604 12634 14078
6913 9463 13807 12494 6422 15284 14110 17673 18719 6503 13091 14511 17049 7498 7605 8359 17841 7476 16757 13677 5 5032 656 17668 16610 4932
11892 5155 18297 9543 18159 2081 12086 18759 8268 4662 13079 5038 4120 1619 529 19696 9781 18553 18440 9819 10396 571 18563 14728 14088 15319
18836 10473 3914 4500 13002 13640 19588 16568 13740 7050 675 8917 11901 1908 13825 15776 10270 16770 16799 14449 11215 11691 17036 12643 15498 11582
4862 17244 16416 2209 11325 12905 17755 9404 6484 307 8105 2221 5022 13071 10427 3917 14225 15474 14332 2392 19389 11847 18375 5618 3905 5208
13133 4670 17299 14190 8699 6130 16090 16842 14338 18096 539 1868 11237 5473 15486 10272 17853 5625 7561 13121 6920 8099 15881 3165 3162 5538
8161 8985 10715 15389 2491 12286 5761 11906 9365 17675 580 844 7301 14150 11020 11764 14618 8965 13333 17216 7933 17487 348 13934 10000 1632
377 14944 5786 19238 20 17274 12674 3719 13358 8199 17575 4135 12622 4938 19011 14795 18926 1199 16173 1391 17561 7624 14341 1511 17676 19251
16065 4327 17248 2754 169 3954 3554 3925 10242 3090 18811 16704 1199 19206 324 13960 17803 11001 3459 2041 19566 12272 17441 6087 13827 15200
16992 5692 1874 9505 19753 5059 11324 19684 19815 6238 15295 18414 1608 4999 3426 892 11944 16130 1257 9254 3607 995 18225 1253 3732 4331
3652 6579 4838 1596 5611 8949 14430 4721 13763 680 5622 11389 11393 16631 3259 3057 2134 12826 11613 19789 7766 7593 1968 1895 15546 7553
12164 11112 19011 7023 18382 19193 16347 5382 7620 18974 527 11147 2620 11069 16103 12714 19383 3737 8498 16789 6661 2907 17113 18178 6880 16261
11578 11737 5220 6521 3157 3025 16870 14190 15830 15537 16787 15728 1409 4259 9986 7235 8629 11253 11301 12089 16754 11694 15594 12996 8333 10586
4152 3884 8693 5611 3691 9250 19861 13481 5246 8704 12427 9216 11205 11178 5846 1984 13846 442 4003 6752 15066 5440 1874 7991 14058 6186
19677 18313 3376 16055 16799 19739 1222 1455 13274 16392 3051 10129 19303 5376 6704 18822 17158 15029 17217 14065 1904 6292 1621 165 1353 13943
5101 16127 11374 3814 380 12169 6712 8031 6670 12008 12849 785 16525 4659 13171 15145 7485 4223 13286 13856 6003 6697 5186 19275 15494 3042
2453 12517 19055 19754 14218 8055 17373 4924 6074 13647 11911 2718 2054 4352 15346 12468 5936 11396 668 300 1560 13260 2667 2057 8497 9969
10397 15127 6909 11153 11648 10922 18552 12622 5062 9870 11560 6338 18972 10454 14899 2755 7979 8221 1864 12080 19779 5223 14106 15674 17828 13501
282 5300 10991 10262 8839 17108 5323 1397 989 9533 6615 17146 15582 16821 11318 17164 13170 5824 6075 11229 15286 16047 3044 3525 12546 2011
1702 13239 13761 6026 7454 8563 6606 11783 6846 3274 7846 5284 18206 18575 17618 4531 19828 14232 5400 15056 15538 9743 403 15449 5593 7328
15393 16337 16628 6511 1567 3179 2697 1549 13210 19269 19724 19274 912 1406 19309 10089 12553 8167 507 14933 4497 7835 4837 8184 13593 2109
11510 10233 8370 5593 11205 4605 13688 15251 19081 9638 7007 12448 11424 12361 4332 5819 16527 4891 6116 9797 1521 10036 18058 4564 17078 12842
17930 10572 13599 2593 19598 19148 5335 6181 5247 3166 5260 801 17257 8476 6600 5333 18480 5482 5488 3334 18371 7648 5981 11889 9866 13143
10315 17739 688 13971 11076 17582 3554 13676 4388 19022 15395 3647 1608 5208 2928 18560 208 17582 14091 9956 18090 16399 4714 10868 976 1879
17107 7622 18115 15820 9027 16546 112 13819 18451 12207 13477 10044 15786 18 3142 6031 8212 9927 4587 9441 3809 6397 19144 6905 5708 7163
19881 17396 14265 14508 6713 1837 9308 17138 11596 14373 18634 8601 8721 19924 10627 14620 16125 14194 6451 11284 13775 2929 13411 16391 19502 14222
7200 3404 13335 16375 8186 15157 11881 3989 2615 10829 9897 14583 9725 151 15177 13638 7696 16159 4983 8344 4256 18808 12450 13072 8398 18406
12647 2939 2284 4601 5031 9728 2468 9232 11866 17179 2053 7916 15612 15450 14193 5804 11481 8114 14982 11957 15173 17421 14237 6931 8104 9642
16518 5677 19525 12372 2576 5852 1211 6627 10964 1564 8564 17711 9496 16553 6941 11923 1618 3864 1440 6591 15302 10055 14077 6618 12339 12281
18496 8672 6911 2827 7682 13955 8817 9836 1388 504 8046 19857 15266 5098 1138 6152 14926 11017 4986 10073 5705 16130 17308 12126 10001 18861
2439 16812 19740 17864 13467 7880 13853 12424 7348 1318 17987 15651 13403 4968 15045 6704 17744 10658 16718 19683 8872 19199 9411 7509 18949 11176
11121 8489 7803 17518 6810 15716 11056 3456 740 11682 7984 13935 1521 1557 16804 18715 1544 14347 55 15924 14693 4749 11380 2251 11136 14711
7792 15717 17782 18416 559 256 3874 6314 2299 10665 16526 11974 240 13384 12061 354 10715 16754 2168 4430 12816 15232 7760 16732 14996 19219
99 1492 2355 1862 9129 19370 3997 16341 16205 9137 6989 16021 14318 12815 18971 18592 15043 7589 16546 10597 185 3796 14512 973 16829 4891
12999 9002 18587 4045 14476 3932 1565 161 8471 2848 1408 7030 19125 14473 16934 18571 9813 7744 590 14758 1602 5467 6398 17454 10990 2717
16419 12517 15818 12984 4980 19998 15805 2875 5489 8368 9000 12036 10485 6625 2794 7065 2399 2252 11502 19943 12993 15268 19894 4861 11723 11047
19412 3877 15613 14586 4347 14353 3325 464 12656 15538 5771 13111 17971 64 7317 8209 9553 14642 19142 11072 7777 4177 15402 690 15005 5978
19163 11811 11439 2156 9379 10301 6182 19058 17619 9392 19758 14572 10114 6297 11089 6906 5344 2686 19233 12976 17602 17874 9611 17717 4756 14008
1963 6378 3661 12373 15962 16433 7527 6361 11612 4013 16428 237 5532 18775 11763 1014 14377 19964 4233 5318 9329 826 13176 13985 1990 13847
7283 7146 14676 3783 15197 18960 6856 8783 6791 5764 4814 5347 8824 10760 13244 10602 11137 7197 13726 19976 8749 1927 17961 18197 18293 12618
13533 11003 12023 12489 7726 1538 9186 7303 12333 16273 8264 2101 18139 198 3336 8200 1688 14662 985 14899 17287 16202 9173 10089 9251 17233
4264 15100 13411 1592 10788 3026 9265 1469 1011 17475 110 5379 9252 18609 10578 19865 12566 1416 1607 18987 8170 15180 18720 11695 5082 13934
18549 2900 583 17728 2214 4945 4406 19843 2096 12666 815 10060 10634 1148 14551 19902 8946 16785 13296 18793 18102 6125 679 16287 849 6497
3995 292 18723 10450 16843 10973 19098 454 5652 17915 6971 4846 10766 12230 3045 17979 14324 492 386 15995 5148 11458 7681 3832 10246 13085
3318 17917 18603 3515 8521 11314 9444 11735 14710 8994 18928 18305 12738 9459 13098 19880 7558 18640 17320 2642 7818 6140 12129 9273 5184 17424
12054 3624 11628 19081 11204 14352 18033 10082 15329 3408 13241 19762 6007 19176 1327 10031 10235 15290 6957 2156 6207 17688 9135 14891 10573 13752
13201 7907 4201 10291 291 11813 1265 6417 3611 2694 12976 2354 10032 5430 9903 10958 18035 3074 395 19111 15572 18370 17791 18542 19869 708
7623 31 9419 7428 15617 8876 5095 5477 15320 17528 2909 12006 4279 4897 5877 8560 536 1836 15087 17197 14382 1772 6786 15216 897 15266
7354 19532 8186 12008 15137 2419 18612 2455 9918 8340 2271 18654 10167 18488 4724 10764 6848 11533 16633 8598 8710 11097 18154 5227 15363 18373
10252 4662 14328 9989 3755 6716 155 17554 18534 9759 9168 16928 6284 9459 17656 17978 16520 516 16342 2498 11316 12967 6075 14844 3224 16361
11484 9190 19066 6757 11125 18291 5243 16568 3387 9770 19146 10645 10579 18241 6852 7375 9950 2127 2960 19919 11051 16726 7115 316 13413 2759
14685 10223 15118 11935 2829 4150 12475 4543 9916 4227 10459 13518 10588 19118 2121 10715 17028 5190 13039 16665 19288 11090 11400 2193 18060 19377
18075 17363 6117 15494 9632 14388 9968 2358 7011 12237 1962 1673 16832 4048 6825 6007 13559 14231 6536 18786 19025 7041 15519 15684 14300 14859
10507 10070 8729 4586 19352 11357 8512 8284 17130 2850 16303 14078 8883 136 4143 16858 8756 8709 4654 3512 894 498 12796 9715 17718 19552
8192 12391 898 15932 6928 11368 14829 15978 16039 133 17710 13471 17793 7785 13732 12659 11159 16436 12420 4140 10179 2135 18582 9428 9380 1197
5925 3985 1550 12762 14691 13240 13512 3059 376 7422 18015 19297 17578 15990 5885 8116 12242 19157 11469 9915 18035 6425 9354 1246 3078 9085
8040 8695 17899 2698 10023 3577 10066 19929 10596 7278 4726 1213 9277 11547 490 14487 1278 12288 5145 7179 2467 3728 9151 7094 16636 15595
15653 5646 10937 2452 18188 6909 19715 4854 5794 19893 12870 5397 5146 17109 9662 10142 4472 420 14756 5623 3031 12567 9170 12954 909 4786
11922 7792 15403 9367 13688 7192 14105 2813 12716 12965 3783 12443 5945 7122 13528 18813 13349 6136 11227 1768 1123 5678 2160 11762 7533 3887
14308 17874 4999 6827 16125 5033 13960 8722 16018 10227 5295 8347 4940 19935 17750 1256 15694 7798 7644 18441 9083 151 5419 8411 11593 6452
6865 6765 14380 5823 6954 4081 2078 8864 757 9242 14888 8656 10232 125 18132 8149 9491 14203 1651 19237 9774 14885 5514 7977 4009 13362
2978 13152 4616 19157 14210 19103 4843 7392 7125 2939 374 8036 6641 4163 17434 2157 14598 10151 10451 19900 7888 15424 8553 12289 14897 6337
1573 15964 2654 16149 4079 19089 13430 16681 7140 5472 15024 8094 12384 7261 2961 14718 13563 9992 9449 16859 14119 388 13003 14550 5137 3484
15157 4864 6587 4801 12287 10937 4374 18762 11681 5055 1135 18400 19978 17706 14550 4952 16957 10897 8804 15566 7177 6902 8365 5044 9840 9884
12460 4599 10336 7728 503 15426 15422 9719 725 1745 12581 16101 6264 6755 7457 14683 19130 8808 11590 11409 12618 9187 1132 13605 14050 4183
9640 19914 4921 9131 5725 7665 7901 4486 17591 410 8972 132 6008 19356 18125 1981 6334 9929 826 5629 19591 2099 10584 19580 9138 4296
15164 14875 14298 5703 17719 2432 15601 6710 13824 1364 19006 2337 15284 16375 10560 13186 8781 13357 222 11975 1399 19655 15249 18364 6788 10190
7072 3298 7774 8055 14580 8151 12799 7672 17053 9994 1404 8661 12847 16237 2756 19321 71 8166 6885 16937 4398 13449 4521 17914 3849 6422
9275 6451 4633 18239 14497 2844 6518 18176 12895 1003 8661 7426 12670 2219 17706 4278 2371 12490 16416 11943 14958 3275 15520 17699 18145 5911
9757 9427 12657 2220 2117 10370 13125 17971 10471 1 19291 18599 13251 12846 773 19099 11691 7232 18152 17394 18584 13634 17711 19399 4181 10471
6486 9288 993 13174 3624 15194 4644 8058 2711 17278 12354 6336 4010 19112 16710 11638 18872 9560 859 9708 10571 1825 9329 15880 14003 10811
8846 18952 1795 7571 12135 2246 9137 4746 17698 14267 7772 6365 9113 7820 4687 6956 1873 5790 17513 9524 19708 14776 7829 15492 9863 11148
13734 7044 6456 6292 17574 8880 2529 3713 19549 11631 4321 13552 4059 10654 4884 7921 10491 7051 2292 4689 16363 8990 7051 3416 5669 8092
15585 6404 2380 5971 17310 13668 1722 14352 4429 18567 3272 14016 18084 7203 16255 16340 14290 5576 3430 1551 17983 8606 8847 9339 13481 10785
14161 12559 7111 4856 3609 9431 1871 10421 2308 7694 10420 13453 17681 8532 3071 3216 8920 8244 4386 19725 12031 2135 4735 9357 10736 7410
8787 16973 9190 3042 14028 6255 18408 965 8425 14722 8999 10291 6118 1633 14648 19521 14597 19815 6022 1538 1167 13418 114 8597 5337 19800
15950 11081 1297 8129 4645 566 19840 14123 17363 18397 11212 12734 4797 2309 10201 4437 17234 9340 6700 16123 18472 12715 3428 13723 19003 778
625 3230 18852 14201 369 5554 14057 15262 8591 4345 5061 11213 17662 8122 17265 2980 15732 7665 4456 11133 18812 9746 5113 3092 17082 6685
4222 5325 1732 15266 9384 1032 4418 9736 12164 7035 14855 5840 2569 3735 18121 1341 13357 10318 16029 3593 12007 17808 1888 8927 630 3888
11419 7145 2470 15460 17455 984 19064 14578 7360 11529 17340 19025 18277 10308 12434 1344 19181 13897 19875 7657 16561 9286 8177 6655 14908 6063
17844 12707 7078 6733 15229 4974 19164 18688 8009 15858 14434 6067 4714 5926 13831 293 19531 17872 2536 16888 13308 12887 627 6289 7970 272
9548 983 13102 19468 4207 3548 13279 74 12922 4900 14717 3127 13322 1225 15951 2131 15201 9182 3992 13803 5012 9601 15668 11945 888 1145
19235 4296 18811 10910 7002 5988 3657 14472 11049 289 17177 1798 13984 11635 10838 8548 16792 7087 17689 1884 12185 11314 12375 9724 6909 1329
17570 15485 7417 10952 1389 9731 519 2864 6160 508 10541 1636 3481 12842 12581 12509 3381 1009 4995 14990 123 10811 7063 17988 12933 7076
11644 3697 7834 3152 3906 1546 18943 12825 19833 6155 19302 3253 10874 5764 18729 16437 7686 11564 3573 3117 9505 1213 3105 7294 8886 9437
6965 14175 4292 13673 3401 17099 5236 3053 13620 1424 14372 1484 3265 12031 9897 4813 13466 10166 9278 7353 14719 14646 7746 17122 3816 18146
3311 18383 16949 11627 6021 18413 16435 16126 13556 16389 15734 18762 10536 8195 3047 6116 18760 8036 7731 6397 6624 9370 2218 6439 7705 6240
2796 12165 10401 10884 5291 1541 14789 18109 3782 4397 1388 10353 12487 17464 16255 19127 11629 16820 16905 9190 504 8219 2927 3640 6219 16003
15711 8974 18411 11834 19902 12868 12897 2746 8505 17736 16521 2440 2486 15390 13178 3337 1504 6801 18536 3223 18713 9614 2057 2665 15798 15454
17811 651 7846 8592 14637 16849 13404 12972 4427 17909 11119 11088 9945 817 6734 5332 6584 3227 11554 15452 3978 9372 5146 4827 1893 14557
15525 1450 7045 9742 8315 800 3628 12727 7744 16010 17482 1689 14099 2179 11062 15607 16366 14332 12887 17214 1062 3256 11432 12941 3027 4064
1353 3303 11763 6286 14456 2179 13756 6612 11175 14427 11781 5586 8940 15824 10284 5214 3813 19411 13761 737 1821 15914 9521 19986 17186 17189
3764 7280 9879 18028 3808 1899 18515 5357 4597 4932 1813 11746 5327 7042 18438 17545 8611 11354 6662 19251 13698 4482 9395 2053 12711 9619
14397 19603 1131 10074 17714 18493 8408 15743 6704 7827 16780 11578 5304 9381 10879 19960 18080 14518 3379 1077 5472 18795 5885 12417 2717 16954
7828 4360 9063 13349 18690 10831 7411 11844 940 15610 8815 12929 278 9656 9010 9541 2550 11504 10175 19574 2634 3449 9315 11038 18112 18068
12191 16519 7907 18092 3155 2463 7059 10463 15144 17569 4860 13567 3435 8327 3067 16822 13471 9593 3582 15523 10162 19837 13167 15575 7881 4442
8091 4340 19518 1231 2097 3372 9800 2624 1425 10894 15202 7855 5373 10750 5787 4369 17959 3515 16819 9132 1584 5335 13727 5011 14810 19405
19783 2914 7092 12883 19746 2534 18386 1364 14254 7232 6364 10041 15397 2479 10292 3604 9642 16912 5936 6713 16390 271 13903 958 856 5081
13143 13111 1928 13058 10625 7542 18721 19877 1427 6969 4546 18704 7365 16173 19621 8490 5330 10814 17288 4953 4509 5348 9878 7885 12234 15781
9005 4455 17632 908 678 13289 8515 2358 9822 14475 2265 19975 14963 10964 6199 10352 8397 19980 17441 7440 19567 14010 19851 13067 6531 12104
1761 17848 119 17175 10691 14242 19218 8825 8565 11946 16428 13408 6515 3239 11205 2368 8243 13339 8305 17154 13046 11401 7099 11036 13580 2547
19714 13495 9176 12713 17940 17880 11594 14947 3345 1929 16038 1236 12051 10768 6060 14214 6223 19202 3241 10234 99 10969 5061 12563 3423 2685
1623 18896 16531 18976 5493 6646 11670 17385 6327 18120 1572 18883 15166 7610 2642 14100 19929 861 4744 13200 11038 7389 11380 13644 4104 10948
1639 7913 16204 3274 15183 19827 8331 15636 7237 8821 11307 9620 18324 18024 14980 6591 6839 9024 6369 6078 2319 15819 7162 236 1707 9508
10827 14474 11483 12382 14805 3176 7611 12082 6376 5114 15356 14750 12608 10149 7651 10394 16924 9112 8961 16602 18569 11473 4101 12519 15202 863
245 7072 11802 14592 932 9624 18982 18515 13604 12131 12507 16058 11948 2885 19888 16914 3692 15580 2915 8914 9340 4175 11460 4354 4772 18813
14976 8433 13708 9542 19374 9095 12238 2922 7340 15721 13940 12683 6070 11450 14797 74 12217 18872 14665 6256 8085 3600 5707 14628 18260 11362
1088 9708 19149 7337 11842 8017 341 347 5665 17113 14712 1345 12024 5390 8214 8927 14343 16032 14812 18879 19229 8365 9119 3107 12387 2205
3039 5802 17262 17062 9841 16480 19105 3855 10982 12894 1676 1971 15034 16988 13429 4231 3962 16980 11627 10496 1407 2180 4659 205 7628 2801
17938 12158 10678 3563 3536 14634 4959 16729 10108 6053 15730 1709 16419 1352 9843 17025 9782 8486 10160 15200 7674 2667 16135 5973 18052 15772
15931 4503 9677 6452 8502 5896 2286 11946 1833 7651 18927 12310 15110 2771 13723 236 4093 969 7233 19517 2317 19110 12613 3946 9430 16687
18204 18057 1876 2114 11730 3804 15974 6279 8041 18235 11205 15292 9113 18153 5851 1445 7981 5971 11515 18170 11591 2584 902 6054 12863 10394
15075 11188 11391 14783 8233 1493 18299 2631 4203 2852 17112 3585 16656 10233 15472 14295 6728 1588 9200 19723 11618 11837 1973 19065 16582 10809
11669 19014 12490 14016 12308 1187 3822 7673 1654 16106 310 16914 18949 11700 12522 424 18673 9643 3552 8963 2541 882 15565 15058 2722 4594
2533 11576 15952 10755 10234 1809 10828 8624 9285 12934 12065 17905 17540 19431 468 9532 18995 4663 1226 16922 3653 6305 1842 8895 8213 2021
16306 10183 10167 16843 16078 7776 13641 17529 4552 17338 12791 140 14518 9775 2137 3765 5012 16070 2986 12769 9948 19635 13132 7764 1991 11537
18048 12238 10223 19258 4250 13558 6762 16009 8901 9463 5172 6924 13399 19921 17502 17172 4192 19733 7193 18926 576 2178 2897 6267 4432 14604
9943 7132 5447 9332 6097 12740 14173 19768 17838 6337 10817 16695 6217 15808 19510 19645 223 8488 8812 2723 6619 6462 2483 2171 8318 2581
16321 15887 11285 2233 14229 11703 394 14212 17704 15656 10698 4592 7471 18384 17921 17901 18299 13626 4938 9077 16139 7485 11494 16511 15939 3226
16244 9145 14457 15173 13900 4156 13576 15722 19518 1857 8220 1345 15376 3149 10729 10317 10717 14028 5515 14604 15246 18322 1726 14778 7800 9981
8943 12368 19104 5755 17989 7231 2448 8811 10546 13396 3645 557 1615 9171 1048 13111 14729 15651 12310 1568 5881 1167 7724 8529 4926 1859
10983 2179 14624 4063 17748 10544 12139 17986 10859 11154 10667 11473 10303 2552 18283 9357 6449 7382 2479 5787 14511 4170 8599 12278 13098 8930
2306 7443 10310 14378 2199 2532 19613 15803 2810 11129 6853 3454 11624 8029 13594 11735 4129 1507 12155 14259 5853 10471 17886 19813 17003 8841
14161 14875 9451 537 6887 3018 8300 14337 16478 4981 15618 85 18626 18578 9559 17499 14290 1676 2928 14709 3824 16742 14965 6027 13441 13384
8213 15438 18305 15851 337 11605 11368 7225 13993 18776 5079 9814 3418 9385 11192 14409 7846 10998 17160 1135 18271 16840 14471 7666 14872 18042
16109 5138 5730 17240 9441 12192 6580 10863 4698 7250 2396 254 10442 16781 17991 9209 3346 4429 18142 9728 6067 19014 12 370 5205 4822
10445 16612 1853 14911 4370 14506 3586 43 4505 508 15020 18808 3668 10408 6776 4358 174 8477 2870 10964 2630 2748 16249 11607 6374 15523
396 597 12450 9310 4652 7052 1203 3164 16498 1061 17914 5325 6424 15383 19357 13602 19721 13587 17511 15711 8954 12755 5083 16475 3415 12937
14205 10394 10774 12624 15399 17198 1557 18995 19272 17169 9551 16442 4616 17213 4612 17208 9232 11760 14508 15112 9735 2357 3433 6241 9611 13722
11125 12815 18699 2869 19135 3829 7426 14560 1307 17133 11229 19596 8580 10515 3995 7131 6773 11553 10509 4793 2942 13265 15951 18520 739 12976
19582 2550 19858 220 1207 18273 9766 7381 5732 11930 18568 18495 10921 146 18667 8759 13332 19757 3228 12593 2990 15026 18175 10350 13282 358
19787 8472 6068 7709 9716 6431 13651 4637 12585 2812 10649 12188 18755 11940 15697 18092 1140 4464 3401 540 6032 10466 13569 9320 10248 5630
9150 7860 10781 14433 6379 2733 6258 10230 7715 10620 2063 7713 19038 12160 3781 5120 19163 1458 12364 19190 4846 6104 10299 16701 10167 3100
4080 14817 18031 3408 12755 12222 15199 19065 19239 10839 11456 42 9179 11141 13800 2348 18080 849 4373 11923 17819 350 10343 5313 11148 12204
19311 5218 19157 14979 6433 15345 101 1329 17750 1743 16613 12691 10576 9767 9840 8323 1182 12170 5896 15393 6142 7616 10600 17818 14857 11555
12497 12900 12706 8941 10103 7405 17608 16451 13908 216 14873 17640 5526 19548 13811 14334 10434 1169 449 9703 13505 15127 15963 12806 8276 2130
14741 15888 9132 5640 15082 3243 4019 5228 1604 10537 11392 15183 17392 13301 12931 157 13921 11646 13869 3073 2145 19578 7206 994 5129 16397
7624 16935 9996 3519 5727 4429 7750 1667 741 18879 15497 1243 5673 6402 17898 9480 8304 7626 12504 15116 12372 17769 2673 7785 2674 6502
890 2214 19470 18947 1436 7699 7033 10571 8087 2057 8537 5582 2161 12108 3482 3484 7155 7861 13798 12706 19215 1915 13020 6684 12555 7432
5539 14045 13404 11392 9079 11034 19728 10469 8895 3688 16423 19686 1108 8395 5520 12424 2945 5165 3552 4945 14081 4386 851 17434 18392 11351
17829 13774 19665 85 3807 11136 8999 19009 16120 8516 8889 9335 4208 5758 14814 11149 1869 4604 13464 12294 11449 14579 11462 16375 17498 17611
14139 7985 13811 18497 1445 18907 1681 16241 16524 13107 16316 19026 436 2984 8920 13308 1400 12301 19240 19234 15282 1774 2614 10214 13969 1798
19078 13553 1250 9442 2784 18022 19113 15450 14600 10158 16491 7305 6262 13282 2271 8936 16012 6380 3029 9365 12953 2624 5029 915 11510 7404
9499 3437 10573 12680 16534 13271 5922 8187 19803 15891 2008 1640 15399 974 15960 3062 1540 7746 216 15754 1932 14685 11906 20000 11393 18906
1319 6039 12357 2657 12075 10987 2600 16872 11174 1437 2055 10318 17479 18282 2021 7633 18257 5137 11365 16213 15198 12307 2706 5100 13057 3746
3637 11012 4810 18277 12390 15227 4767 6750 5502 10524 6442 6529 347 6087 7676 6964 5356 12057 1454 7594 11736 19433 16632 19249 11902 5325
10661 5040 15649 18958 14148 8028 1455 12316 18892 12606 8644 3968 260 2148 16920 9319 14827 11212 248 18879 11911 2651 3436 3053 9956 1798
14403 18548 16159 7375 1734 3841 13553 1205 19125 8500 1533 8715 4889 8233 507 16385 1232 12487 5179 15635 19577 2819 14659 12860 18216 11651
19264 17567 1583 2470 4432 1539 4911 13237 4832 13917 13142 18225 469 17730 10276 17200 6339 5868 7897 8399 4171 19013 1114 19564 13620 2228
16627 4726 10233 14417 674 12184 8045 17526 13720 509 4087 10641 10230 12350 13648 16728 8936 4004 12400 3801 14978 7396 10961 9721 4117 7470
14489 1926 9338 12162 6934 9992 18570 10573 1811 2500 10046 16312 15139 996 15919 4098 18314 9844 13297 10072 8556 16298 1232 9641 18343 18707
5981 18588 17611 7461 2986 9945 16730 7344 17413 9356 18754 13962 7984 12161 2877 18736 10340 6769 2681 3943 17475 7967 2020 1881 13264 628
11396 17698 9878 11742 6731 2120 8914 11177 6929 5357 14280 3955 19119 4056 8221 7429 5568 18302 2873 7159 11919 17741 8245 8288 17547 7255
7058 9936 19274 10553 10807 15542 10951 1040 16316 8864 15206 13763 5368 5594 14619 14116 14977 10204 8615 5044 6819 8635 6072 6778 6265 16885
17582 7765 7488 15390 13427 48 6332 11436 7661 13367 10968 5892 18868 4612 5538 1025 3899 13696 16657 4900 4638 12028 17075 12323 16540 13250
6697 11964 7983 204 17285 463 15650 15670 5917 14176 18748 16256 9193 3518 1951 14424 13287 10840 2712 4274 9135 7193 15865 16738 13467 17284
1477 18497 3356 9645 4108 3528 10643 7411 6040 16310 7487 15056 19287 15027 13131 2551 16514 977 4247 14659 19101 16268 746 7510 10760 18380
5288 6119 1040 11262 6332 2888 3885 18672 10553 11 10237 10088 13652 17787 7286 4017 4890 8953 18172 11741 10198 19925 7705 19627 13249 11146
11593 16726 4318 9325 12197 7297 16318 8041 13744 1008 5257 2383 10227 18977 5622 2095 5898 7091 6956 15739 9151 19383 19756 14337 4500 14176
10363 15532 7996 10098 1556 6247 19331 1768 14536 10308 8210 18706 9025 3430 13490 15384 19089 19870 7643 4738 13916 13954 17433 15711 7873 556
2175 6660 12274 6328 18916 8 139 636 10455 16361 8492 7102 7666 1823 535 2321 2558 2046 522 7405 2598 19916 480 13582 13182 18986
17529 18536 17978 17984 10793 14967 11825 18062 15186 3422 6104 17460 9803 14863 6989 12704 8612 9759 10906 1220 13827 7045 17123 3895 1219 5259
7586 11164 18419 18798 17745 11262 6573 6310 3382 16388 5593 19349 9886 14920 2695 9897 4587 19859 12105 18373 9733 1700 15956 9718 10315 7500
7667 16177 16529 18065 6228 17295 14694 11336 1191 712 5181 10608 11571 392 10207 18319 7407 12402 4908 17272 18600 11408 7305 16502 13179 12028
7187 16535 18103 11133 7997 2764 74 761 17810 8066 2160 7103 15130 5254 8002 3192 13868 17373 10404 13486 2759 11054 12299 5029 19794 13375
18133 6637 7905 16844 10913 16740 6298 1455 13493 4809 16068 4533 15779 18302 12411 4506 17380 3582 2505 1832 4878 4975 11540 13112 16260 14165
6588 2889 9116 7639 6876 18137 9050 170 7726 9918 18108 4489 9208 11361 17890 10744 899 464 9712 18556 11166 18035 15728 2448 11836 277
11869 19631 5552 14814 2738 15247 8182 15263 6318 5873 11142 16750 2820 6358 11169 8696 17758 11224 5124 17461 13370 6081 13392 15930 19946 11022
19437 8873 10587 13384 9476 8942 7738 9992 14433 8655 9331 1022 5996 7667 625 11002 10190 13105 1455 3648 8278 11539 1458 758 7058 9518
9554 2211 15895 9340 13928 12336 2166 8801 2233 16484 5716 14033 13313 18913 9488 18157 19519 16599 16643 13333 6239 14324 3133 13648 14433 11841
12446 2172 16552 1796 6587 15810 15520 8212 6104 5248 1392 9526 10909 18426 19660 2015 13290 1781 7757 4578 12161 6383 6645 16146 17529 18701
5835 7014 4749 19328 10490 3783 18062 8184 4893 10037 15763 19778 8461 12340 8820 5102 1241 3684 3162 378 11971 15185 12605 2301 16896 10111
6004 4552 3731 9458 9099 18888 6386 3543 2199 5750 10214 17853 4025 11051 3095 3070 19802 15298 12002 18436 19646 4414 6823 19125 1321 13126
2749 19354 7208 17017 12610 18747 15436 16356 7133 5670 4890 3645 533 2584 10396 19238 18859 669 3653 19362 13749 2402 10919 1365 11298 1684
10010 10323 2427 12467 8120 1012 19749 3866 19169 7025 11632 8894 11107 8392 3309 19369 4614 11987 9439 1514 12127 11699 2379 10471 19051 12407
8142 13661 19760 17290 1981 2286 14116 17457 8244 17191 18197 7323 1343 1275 12314 3492 6709 1627 3033 16124 1690 14478 7304 15783 6659 9834
10668 12722 18809 13842 16243 8023 1304 15841 11521 18311 11228 6040 4754 14214 18922 12119 19256 2994 12882 3068 8590 9535 2070 6302 16192 14017
6993 10126 8281 12926 15967 10472 12844 8670 11281 7017 1224 34 9780 6574 10916 10998 18565 13431 6248 11652 18127 4682 17351 18433 3335 5788
12272 19304 2432 14084 3882 18733 11810 13389 8794 14629 2512 4206 11360 7532 13639 714 6064 13501 11735 14113 4379 8523 7669 16899 13089 14235
1745 15150 5644 4410 2371 16620 9240 13868 19215 11546 8961 1816 10177 10945 10659 2107 14271 16667 11576 7217 19286 3687 13371 15659 18683 13861
1002 17648 6793 12080 11207 4443 10967 12847 7610 1145 14727 10117 10637 384 11235 4020 18167 9322 4222 1834 202 9672 14430 1569 3740 8066
3825 15144 13909 3949 1765 8649 10000 1076 4628 12679 3612 12925 5187 10298 16940 2120 3630 642 4386 14860 477 6912 15742 7475 4056 13899
12236 15709 2737 14841 4547 2649 7987 369 16602 15661 19310 12325 14305 1459 19519 2435 7108 19933 6842 4590 17140 14438 7949 16832 14315 1924
11150 4671 1685 2282 9739 18356 4321 14404 18393 9005 2713 12031 600 3658 9504 16346 6383 6797 13806 7397 8658 3712 7676 8813 5176 1130
6026 10699 3873 3226 4303 16878 5567 8784 9930 3239 14184 2053 18928 19134 12110 12314 5200 4058 3136 9180 16203 10138 17298 4295 8233 18562
9802 18447 10209 7194 14048 14519 9918 5841 19027 16988 18989 2524 6631 6830 10879 15470 12593 9257 16141 4104 6827 4140 12159 19641 11339 19802
8490 3404 17637 5088 6262 9118 19407 5524 15641 16390 3637 3281 7902 593 14035 11301 10878 18940 11498 18957 11723 8350 19650 15490 11548 6095
18881 1100 15963 615 9265 10728 7868 16961 3714 14136 10992 11546 14643 16644 10277 6262 18546 15641 167 7915 13948 7425 12066 3566 5670 8936
12281 3092 7489 2474 9033 6205 1812 18373 6857 12724 4435 5672 6045 17207 9619 589 18315 1970 17855 6933 4774 4012 18959 14793 8895 3486
17818 16341 3614 15723 12820 4879 1945 10630 15282 583 18485 9354 8515 13313 17849 4742 14596 2737 8867 14370 4616 19655 2567 12130 6899 19276
4850 12836 9605 9130 6912 18667 19889 16691 5246 9182 5374 14830 6483 3996 18816 4123 17541 11093 16918 748 6103 6167 16858 4805 3413 9012
4147 11455 5281 7084 12610 13956 9871 9547 14038 18402 15225 15833 2605 18629 2783 2812 18820 9235 13513 6773 1048 19312 6981 4090 16926 11122
10780 8186 5329 16814 16232 14980 16303 5642 16631 4904 12536 2844 12383 3026 1330 18286 6424 5412 9807 85 14253 8533 1611 11861 17730 19306
1950 17123 18612 3571 16014 11934 3370 7368 2311 1290 15992 8068 16891 3066 527 15105 16774 1116 15117 16000 9793 12964 5646 5294 14975 8456
7306 12495 5049 10902 16646 16741 7785 3448 7403 12328 5721 14443 2491 12980 7367 14054 3781 7005 7584 17970 1403 17569 1244 7940 8975 12024
9035 8897 6956 4089 16237 7536 13432 5491 3002 3291 1197 14482 17612 19034 1081 11784 9596 411 16949 3906 19730 10031 3850 1812 9779 11361
19299 930 7929 14566 5330 7398 17129 6470 2182 584 6534 6223 3718 14224 17843 7362 8477 9282 11807 2665 6690 14109 13038 6731 13864 13098
16027 11970 3277 10461 8290 8538 7328 12836 11688 19870 8342 11108 5026 2791 2590 1832 18277 16359 14081 18873 10023 2239 9451 14637 2686 12354
8106 16988 15935 17715 17591 12959 6633 11383 16199 2226 18585 16905 6610 10918 3510 11075 1594 12854 18608 4191 12652 17839 16014 3806 1664 9571
14575 7345 9629 10545 3933 4688 1768 4993 7121 15360 19933 19563 14063 8434 9237 2905 4920 16008 5593 9788 12391 4884 6717 15332 12923 13362
8475 3078 5038 1950 7952 1573 36 12647 4124 1354 11119 18533 13751 404 15254 18879 4157 2667 2834 14834 15393 18136 5746 15877 7501 9863
15594 9018 4065 14946 13421 7114 10363 7786 10739 3883 1852 17461 13980 12908 8977 866 17609 1903 4754 5982 19372 13662 10587 3705 2751 900
14977 12884 2615 3551 7707 14958 8974 9911 17214 14102 6359 3817 11271 12921 17018 6939 15088 6692 9620 13488 2919 239 15607 10104 6965 8762
9979 6113 15543 14938 5721 11716 6360 14318 14101 7071 13829 5279 6353 13362 12138 16793 19516 18523 10818 8248 4298 19058 9020 17114 9628 300
16268 7319 11241 3699 7623 5369 6593 5974 9785 19760 494 18390 5373 12963 6831 3947 10974 8548 10920 9869 14921 18258 13189 5459 14379 3842
16036 6830 7635 14497 10213 37 17186 9602 6455 16932 7986 7204 18959 19921 9065 19077 8433 2363 10036 13981 2262 12037 13801 11167 15442 16118
18560 18149 12025 6497 14666 2744 11243 15572 10703 16088 10990 19611 11721 11094 19034 8537 19293 14836 5574 11810 3798 16047 19214 11988 18951 15335
2208 5100 834 6997 4276 7928 9235 14264 19090 15915 6982 16588 9400 6338 4371 14898 8036 904 1305 1135 5195 19750 1271 15215 551 14716
16606 3486 4716 1903 6357 8957 5065 14530 13595 2488 5214 9626 12817 16814 4984 3504 15165 19843 17286 10220 9532 11262 15424 4606 6860 3670
14730 16927 2492 8186 4466 8395 2351 140 2889 2877 14853 15064 960 13867 13609 9826 1586 5099 6122 3097 618 16694 18748 14940 16288 1930
11256 14181 15658 3399 2423 7082 8337 18484 3455 6630 2130 6313 18952 2124 12152 13320 8444 4770 12118 18689 12483 3836 19635 2355 11135 6678
18682 6187 5772 3669 8336 9216 10502 7261 18287 2514 8759 3521 905 18656 8290 8431 15346 4659 4549 5819 18567 7341 12029 9374 10811 6448
13219 17289 13808 12570 16213 14917 5509 7679 12202 2345 12177 2249 6966 2494 7435 12220 14583 16250 8207 6443 16927 11703 16631 6616 15704 12937
15228 17143 12817 13238 7259 2744 10314 11577 2095 7595 8560 9627 6329 4873 10831 17098 16186 9802 16691 18862 14875 2567 1190 5535 4835 19349
13167 3535 6822 19786 6576 1784 4199 19151 19099 19511 16354 19614 18927 1992 18884 17814 10982 4604 19751 795 11913 10443 16243 1748 11408 2481
17438 1989 16244 8495 6781 2228 10858 2453 12190 19310 17467 2923 5456 16587 533 1287 7908 8568 8263 11021 5730 4031 11477 17327 16220 16432
3450 1101 13881 7390 4629 19256 7823 3660 5006 6792 881 12950 1273 17724 14751 4724 12520 9605 3261 19325 1916 4956 18757 6207 1545 8249
1116 7472 17681 18094 14608 10488 9968 16707 7094 19944 1238 9346 10236 4171 7074 18413 16945 11072 19880 3860 13375 8848 2449 18694 15807 10084
165 863 17149 8704 10159 10002 11260 11657 6586 1644 14177 12604 14646 19063 5008 15162 15511 4724 16367 10975 1570 14236 2875 18259 13340 627
5905 11332 10312 6232 19104 4870 17734 16847 17887 8568 3258 17782 9678 3892 10675 14887 15874 15461 9478 2470 17710 11959 306 17558 5251 9553
18784 7331 19169 16804 2578 10573 12059 15286 17302 7522 19506 18996 3550 7855 577 5052 18974 14800 13165 10154 12839 16290 8896 17018 676 7286
15229 4232 7036 11883 17568 17202 10173 16086 17062 15033 7476 13034 129 4496 19138 5960 16491 3457 15189 18493 1550 10889 6741 4994 15017 5817
18398 6047 4657 11977 1079 8056 9010 13545 19397 7219 7143 14463 5070 2751 7991 1572 6836 23 1700 13248 3785 4029 19174 3806 2778 9408
19392 9168 12858 16147 7797 7901 9921 6550 7621 16216 16037 11413 9456 6074 4334 16733 3488 11759 16086 13201 13784 19215 7719 18615 9405 9267
18647 13520 11488 9322 16197 6905 13018 5717 801 14918 8548 14416 1021 14282 18955 36 19087 10115 10891 7178 1514 4319 15879 13361 13194 3732
11972 7532 18176 16313 15365 11887 13939 2508 5373 16721 5512 18035 8155 14344 4603 19987 15525 5567 2713 18000 8770 8610 12730 478 11789 5565
7109 19203 17394 17633 16215 11277 17301 7411 3852 15725 12525 19299 3980 17472 12126 11017 2612 5911 537 8005 5262 18005 3024 14689 3393 11044
3251 8763 2886 13139 2247 18671 16317 8423 7089 14642 6686 10529 12679 489 3741 8721 10646 239 15089 5507 6235 8362 16047 12746 19372 14796
13290 11124 4932 7560 10487 13658 9279 17000 4568 1947 18745 15310 14885 4460 4579 4031 10729 2269 10851 17940 18695 18050 12445 13343 15621 6501
4040 12630 14746 9449 4796 17206 15541 12024 6023 15869 5592 18780 10096 10098 4368 1314 7659 7503 15206 3675 6033 13853 2516 2084 4449 5964
13655 15297 7367 6422 16285 5075 19775 5421 14307 6075 11403 16821 16056 16967 8438 6817 1202 15245 7570 1844 4562 3911 13878 18122 18217 13880
15023 6035 9376 17708 5266 19910 2018 4914 19852 16409 10680 4070 18644 466 2981 16274 18196 5897 18275 9258 12059 2896 13692 1810 3873 8658
5302 8903 7863 18683 878 11677 7053 11915 12806 18753 19179 82 17849 7050 5408 15847 5573 11932 7477 9619 7178 17760 18274 2989 13390 18129
3468 16065 14517 45 7454 8387 10683 17825 16923 6044 16475 7802 4516 11483 14698 8550 2342 4743 12508 965 12615 9322 12497 15363 6461 5525
14287 6411 14977 19231 15369 18492 14308 1515 9368 13513 4295 14647 11408 13110 13276 5740 4405 12590 1841 16764 7709 13178 836 17130 9083 9344
10868 9145 16492 11924 13549 1243 11469 11349 14130 15179 10173 16008 11418 1027 4823 10197 9773 16012 9543 19973 3174 10190 11119 6423 9251 2687
9080 1346 11437 18560 10819 8399 437 10917 5684 5911 12394 10139 4174 8273 5978 8538 5042 6557 15948 9746 4053 14213 16782 2353 7633 18137
7082 1097 3981 6753 13733 10620 16280 6376 8396 5506 12965 6027 928 12139 7319 11466 1585 17843 19933 19609 14119 16156 17769 2668 3647 19181
9684 19844 5176 3011 14323 2414 12327 11714 3489 8834 15085 4059 5812 300 2409 13813 7552 860 15184 5366 18992 13958 9854 14984 13048 9521
14665 7848 15285 2497 3207 4931 9761 6498 10873 13673 7021 2768 4563 18776 4111 7129 10475 19825 6045 18101 8835 17250 421 19419 18685 11293
18524 6762 19333 18165 13546 13057 12671 15566 7104 7119 4410 8760 3725 8570 2534 11859 552 14869 4303 7166 8947 4624 13863 15280 17219 9172
19033 7457 529 16084 6004 204 4136 5997 17222 17502 5586 18108 18146 9760 4564 14219 4065 4836 8891 6972 3707 8129 2095 15471 5123 15416
7997 5627 3034 2516 6735 17041 19388 17622 304 12678 5631 13269 4047 3745 6889 6604 8684 12646 11489 11050 8793 4458 18551 7076 13948 12936
19888 5291 12787 3764 10373 19583 11483 9750 10801 11981 1505 19778 14117 10042 18970 6221 4299 6188 989 417 5441 13449 3056 2788 18481 14198
8798 18069 8637 7552 9101 9651 11533 15922 9835 19878 2897 11216 4811 13373 98 4443 19335 658 12258 6202 12227 17940 19667 11776 11268 14671
2928 5654 19410 11709 14658 2430 15448 18356 13768 9573 1761 10959 19116 17835 2177 17209 19080 16008 5442 2836 17399 9791 19142 3310 9939 16580
11179 19401 19497 7323 10344 16945 12207 17945 12321 6358 7144 6446 15500 3490 9008 17346 9835 17730 6886 3293 2016 3449 13979 14047 5716 3625
2690 17953 4559 9713 3658 13646 15115 265 13121 8079 16281 16402 11685 12304 19126 11887 19920 19492 16206 5137 1297 11345 17971 14418 3888 12890
14771 19312 494 13731 9780 19691 6915 17334 18776 14371 17409 6586 19117 2823 5740 17245 222 95 9345 12108 16866 17947 15743 14687 14524 7451
7778 12942 19044 16224 9693 15795 8856 59 18699 1647 7712 16833 14262 14403 874 5941 13587 18095 6685 15670 8713 107 15800 5713 3683 6088
14563 12275 19647 18184 85 2885 1449 14081 14734 6636 15557 6186 15839 2795 12455 588 11229 6068 13897 18329 3802 6804 8595 14315 10343 11067
15578 12592 17653 2615 16953 16881 8896 10195 14450 16727 16505 6842 8984 12270 1245 11043 7339 11091 6699 18000 1339 14875 14463 8033 16318 581
7822 15958 7680 14676 14360 3166 725 18359 2404 11785 2706 14130 11980 7958 411 17772 17435 3993 13385 4738 3288 2099 5865 12671 16436 7105
6968 8875 14399 3639 17178 6473 3095 16520 7840 4023 5501 18460 10753 2448 18836 3377 438 11204 348 9099 18958 12069 3771 4563 4459 5885
5134 15590 12456 18802 4242 13580 171 16903 10774 6932 3986 8906 13851 8684 13684 17930 9161 6966 4847 12950 7812 2094 1724 19858 5538 13094
8033 8160 15978 14669 1560 1577 14000 11763 3685 15807 3388 5838 15836 17600 12586 2898 1609 17005 12676 14790 9115 16349 7074 3250 16771 9408
15014 8228 19040 17538 3254 13480 17815 19367 11635 14395 3324 14657 6469 16788 14 1070 16973 10922 18953 17692 8268 19497 11481 10252 19567 1189
5658 3271 7652 4362 13632 13378 19885 10928 19346 1165 10012 14448 11166 19073 5433 13728 16475 3861 7928 14597 10269 17946 1003 2267 12863 9821
8265 2693 11773 5548 19073 19966 5018 15555 2228 4070 13570 4956 3310 2761 4408 796 1541 7517 18596 17375 1433 11692 19956 1876 12729 4461
15353 7579 5303 9081 1293 13787 12347 2931 6740 346 18542 19014 17670 10586 4136 12004 18770 5461 1213 2931 2885 16095 2438 6668 14340 7846
16896 11872 15805 5003 5278 19611 7330 18995 11275 4639 4198 15498 950 3875 1488 19198 8375 16047 14860 10489 4828 17685 12253 13217 16478 16898
8663 17505 18818 95 6213 3176 4785 14117 12966 9850 3861 13027 18260 10094 14288 4036 3438 17342 10306 16586 19421 9805 11115 7710 8124 6983
2537 6544 17896 18803 13273 11825 17659 4595 14180 6453 10548 1932 910 8317 4921 9390 13383 7277 1406 4488 1729 9649 4877 7510 7891 1331
3037 8989 10901 3547 14355 6561 13042 1468 7960 6884 16548 6093 3913 19893 6812 12235 1416 15210 19429 6585 14533 827 3777 12182 9392 7031
6755 8178 5302 18993 9080 1428 15759 7182 11949 660 2515 13409 2976 5330 16853 11821 4234 7479 19267 7868 11289 1983 6088 7778 10755 15928
18790 407 8609 8201 19208 3110 18968 18039 15792 2289 1175 15228 14836 1393 11974 10295 3572 5564 2554 12905 1777 4240 18375 19878 14288 8614
19522 6255 5500 5509 6373 9291 7729 8924 2109 5378 33 9637 1792 1022 4028 1118 1844 18598 19953 17111 17442 18677 2594 16740 10336 6016
7559 16549 18880 8641 8210 233 18390 9003 11641 16783 3048 4104 9299 11792 10168 6434 3126 15131 15235 3001 18947 14818 10827 12931 3373 15653
17633 17088 10518 17799 15099 10809 16599 6766 1442 6751 3789 7602 1747 7322 3844 144 15589 9150 14432 7423 18180 9241 4623 18855 4412 554
5104 7836 8706 1039 950 8343 6083 10334 14241 17780 950 783 477 1958 11633 10478 18251 4078 4068 14269 5821 19445 5033 14236 19899 10977
5711 7566 1568 8260 12153 11823 5380 5534 18901 13582 10612 14779 14495 2176 17515 6309 14824 14816 1542 9021 16700 3391 4233 6479 8130 19244
15065 4096 18609 14652 8859 13188 14380 5650 8774 157 9034 15643 6634 9957 2866 1786 5400 1365 14157 6744 521 8505 5801 6693 3042 9574
17167 16791 4017 12350 15884 19931 7585 5830 8996 14065 7251 17398 10406 7991 1170 8275 8846 877 6984 4266 12211 8478 18990 18174 9551 12834
16843 12270 4691 982 11665 40 3504 12112 18741 10787 11845 17786 14950 10769 15184 8625 10365 12341 14251 6040 17398 6613 6573 11760 15014 4678
10738 9528 2422 13587 16225 11466 9472 15864 16109 7630 18725 6213 4693 6206 11559 9346 18339 17120 4419 6995 12359 5899 19135 8027 7787 4253
13379 13718 15944 18982 14056 964 4349 16257 6546 14996 12574 7612 11917 19676 12565 17131 8550 10464 16281 19457 1325 26 18130 184 3486 17111
17367 17503 5225 6314 16940 12389 18571 17180 9596 17642 9061 4965 18685 7313 856 2786 8971 10372 4664 3693 4244 13724 3981 7500 9428 4840
9634 9352 3564 398 14406 77 15475 14070 4411 15835 19831 2199 10478 12742 17875 1186 19101 9720 19788 3126 11523 15565 4973 11703 11898 9382
3406 12074 19886 3411 8218 13476 18881 2867 5351 2161 18786 3449 10019 15366 3342 1886 11871 11288 9919 15228 16897 13501 1031 4983 8854 5948
17674 10303 12034 9426 13427 18309 17771 11732 15785 18591 13341 5903 13538 8719 1224 2084 19609 17887 3071 10533 4581 6231 1190 9701 15529 302
15601 6459 17771 6573 13126 7081 14467 5272 18151 4552 3320 16784 18805 1775 6827 2770 4698 9288 6141 19843 17320 19126 6302 10446 1781 18875
17931 15261 15405 8424 14944 9847 3808 8245 7459 18507 12027 6433 18465 1350 16866 15674 13759 13613 5282 1966 6606 13493 12447 11325 10607 10674
887 15437 15820 4157 15498 9607 118 10500 10160 3278 7676 5950 10975 4205 16247 18973 12015 10902 18038 18658 2991 7100 12070 1659 589 8898
2254 2461 245 16736 17928 7636 4836 6907 9688 8472 15050 14678 1244 18823 18839 13137 14412 432 10189 9738 5574 19249 10674 101 5725 17337
8752 17370 9927 15358 11248 1292 17710 5982 7304 7317 1670 10568 18304 14938 17574 13991 19692 15009 5267 16781 1076 19891 11096 13804 6267 4825
3653 15858 4803 724 5835 17170 9930 15666 19285 3327 14260 7606 9050 8288 4338 10819 14444 3828 7286 15919 547 15158 8771 18913 1165 11022
19488 3537 19853 14414 7787 15681 19451 5563 14182 5699 6985 11925 12830 15668 9622 18219 19894 4158 8210 11861 3971 1573 6372 11229 13359 12264
2016 17018 18869 18032 6766 6575 11620 1270 15859 12212 5009 11958 13780 662 18079 10737 5894 6103 2226 10924 7147 1743 11440 6408 6200 15782
4767 65 15129 6201 7496 15777 13501 14810 4672 1005 11110 14901 2374 4263 8139 1564 356 17013 19675 10247 13613 18046 4414 19105 11553 17248
1095 48 14258 14388 12588 15260 16402 6887 10253 8043 8266 17287 19343 13880 1372 5588 8085 468 160 2434 1885 12764 3193 3530 12081 5635
11781 12036 12287 941 7635 6541 889 4442 12170 1957 3863 11604 10490 7598 5685 6263 9520 10341 14440 9224 12791 12289 17392 337 3419 6848
18448 3221 11334 5701 17451 16970 1542 15887 5229 13796 19161 18384 13513 9100 14338 398 10000 5187 5686 7608 4054 7898 7255 2479 14362 11533
2320 17085 3546 4534 17224 4127 3799 7462 9805 3773 7517 16328 15691 19131 14085 8032 16433 13769 9458 1725 1607 5784 5912 3763 15726 13726
11975 14077 5483 8649 11257 7320 12623 7765 11216 17046 12704 11437 741 13875 701 17458 11426 16472 10882 16665 1782 13843 13842 13665 14637 14448
556 15702 1561 17696 19173 870 1063 4519 18511 741 12734 5312 16662 1674 13403 9619 15131 19748 19348 1837 9576 8430 7763 19897 6740 11767
2348 4613 3893 7302 13726 869 7494 12 2292 8728 6078 5490 4920 10557 14220 2405 8181 9726 8224 6572 13620 6497 13973 10089 16516 17115
3398 18028 13728 9122 10489 2589 16567 15228 2092 8932 6243 17333 5364 18824 1415 11107 12515 2455 17241 3117 12326 16832 2103 2090 4266 18991
17482 17771 5648 10870 18171 15750 8233 18594 18590 13320 7759 11926 18655 3514 7217 10672 5302 8834 13064 8581 8710 4687 585 10408 6262 1203
6569 5742 12783 19058 2788 16990 10267 10297 3350 3304 15685 6537 8051 13344 16643 7134 9496 18875 16948 4661 1842 18807 8742 10009 17843 16922
1547 8679 18374 13437 2842 2829 3365 9195 3137 5091 1074 9472 3602 13961 10336 19969 15485 3551 8936 473 16313 11960 5530 3218 19897 2034
18090 4573 13940 11966 8780 5872 31 9452 14436 5560 15131 8194 11154 9890 11908 2913 217 2373 12047 15536 14987 18600 12681 1892 19868 4095
14396 1280 4726 15485 19762 5254 11513 3577 3504 18146 7435 614 3862 11072 3054 6369 6924 16379 12517 13070 1371 12776 4933 952 858 18747
17727 5640 8088 9883 15313 13782 434 4739 865 10418 12924 2773 17394 2688 10880 4164 2061 19808 507 14897 2397 4510 12984 6035 19370 6144
1606 8529 6241 15093 16168 8069 17590 19964 7690 10249 15315 2804 13249 8431 12081 18761 9286 1850 18204 12318 19194 9398 9591 3765 13308 715
14053 11156 14681 12887 3814 7583 13900 18285 16861 18169 17364 19628 12281 7938 4625 2219 1567 17396 17732 12701 8531 12171 635 1239 12601 18073
13157 18346 12050 2364 731 17363 17350 19915 1479 10910 19334 5214 14361 1514 16409 10400 13938 18129 7153 9337 17163 9668 5180 1289 18189 6013
7756 421 13297 13887 11960 11170 459 17651 19191 15447 5677 5373 6141 7174 5323 17432 11907 13122 7299 3797 7064 5731 10282 7952 5398 12175
11475 19250 19856 12555 19262 18500 9813 7233 5272 12489 4302 6744 15845 4538 997 18356 8422 13234 12941 5999 13440 6485 363 8275 19114 11910
3210 17583 11556 19450 13562 1258 19981 18574 6979 8131 13916 5127 18484 13656 13046 4612 17721 18727 10973 9218 16341 12286 2920 14787 1530 17676
6812 7669 15538 17858 19318 5290 9125 448 18892 5462 11543 8690 351 14395 11942 19994 1430 3200 482 11024 17843 15232 5931 7462 9407 9318
10778 7157 8619 8068 12157 8767 5907 15690 4582 6411 3646 9276 17546 6686 374 4884 1218 6531 10244 11959 3422 10626 18305 494 13254 13318
12006 2275 10495 14056 6665 1386 10534 15244 4052 3960 16331 8131 13481 13088 8753 15219 18232 3336 7784 9670 10940 13882 2844 3635 13724 3098
14885 4153 10716 17578 13981 6722 17004 16609 7568 927 280 19414 4250 4636 19795 13742 3643 17433 19376 11208 1705 775 8920 18888 10364 3220
6642 10239 16614 7059 12935 183 1821 12839 8589 17686 14070 12095 19208 12005 968 14706 11423 17040 2424 11271 773 15482 10533 14004 4370 1421
3553 11103 1493 5895 8513 10965 8374 4313 16596 11197 19810 4253 1275 4502 4950 12228 14301 2438 19649 17261 11205 11773 10908 8227 9423 8026
1954 4512 4526 15890 2625 5045 5948 17759 11142 13296 18957 14731 9442 1914 12687 11703 4383 409 3130 6370 12486 12470 16596 8484 14131 7511
3882 10771 6797 15956 15870 6548 18817 12224 5605 19261 7117 19890 6663 12583 16172 19188 5408 18960 17932 10125 4173 11696 2504 14350 15401 9714
2322 8683 6072 3949 2874 7727 16471 16504 9093 3550 9831 7267 13667 12454 3970 14880 2995 9647 12424 10296 7023 1554 12477 2342 749 5412
19762 3481 8795 10416 11747 3625 6622 1994 15950 2464 11886 720 18815 10134 3576 14436 9460 3524 1969 4139 13734 920 2807 18245 6859 18102
1400 4584 19572 3292 3933 5772 11649 17400 440 15710 17293 15311 271 9166 17776 8029 18395 8661 3568 4380 6718 2682 7123 3015 8990 5744
2414 8219 5953 13363 3247 2178 12160 15916 10735 5442 11181 3664 3278 18692 17204 12184 18294 4367 14504 6967 19470 12739 2590 5198 19988 3356
7738 3730 1127 6037 10959 2513 19981 5926 10084 1680 1443 18248 5199 4657 14648 4098 19559 223 2021 6962 10017 13575 3471 7631 2584 19245
8049 3507 17052 62 4853 17963 11986 19281 8533 14914 165 5901 7151 2863 5437 6315 6269 10812 9997 4485 11738 18750 19963 7246 2382 7218
14014 18455 18197 5530 4869 17145 15056 6917 6103 2352 7393 4313 19391 5302 19698 3240 6723 5762 13676 2011 13511 19781 3287 7075 1364 4066
8645 1779 6003 15291 5743 5189 5650 12597 908 7454 15349 4873 2067 8943 775 4083 12347 12589 16481 14596 1108 894 5303 6862 15255 742
9978 9860 15886 7245 8631 1089 2167 16083 7008 515 11749 4264 4820 8160 15259 4861 13014 9570 2685 17561 18402 13843 13727 6143 19868 4934
11773 4039 18223 11430 525 9345 4667 1609 19285 4720 18989 11282 2975 4875 11587 11154 18887 13466 8325 11633 5708 3254 18145 4064 7841 19874
3841 1096 19499 55 15656 2003 12462 13033 40 4832 2451 15539 6178 16083 6353 12272 5989 17570 5253 5085 4291 8189 11036 12354 10260 7189
14551 7127 9893 8050 5019 16899 10650 2576 5392 53 9029 12755 19995 13774 3010 17066 4722 2809 10416 6759 10464 1104 18747 498 14796 82
10422 12972 13704 18778 1585 8897 19777 15504 10025 2520 7966 12651 4480 3960 7253 5997 9806 16012 15472 4797 18792 17819 18417 3250 11793 15345
16524 2445 3692 12475 6002 13971 16875 14321 13080 6461 8208 15491 4463 9940 11585 1200 7324 8867 2807 14758 6908 9549 11519 2419 1853 6334
14979 12176 15173 4590 17225 2122 18969 8005 3932 11598 9110 19491 180 17490 4270 19713 279 17104 12356 2404 10779 15591 17791 17984 12158 208
7225 18049 18983 14307 3187 1545 1668 7783 10918 16682 16458 5826 6086 18637 13485 5502 16580 4076 14887 18720 19768 13269 3346 17612 18638 11418
9600 11794 10960 7755 4786 7686 6703 3165 8824 13693 17728 15324 17022 3395 13769 11172 6753 5262 809 8990 18783 4450 14467 15692 18444 8404
9970 13143 9644 14036 4449 14824 18682 14883 12025 9267 7993 13994 19289 10367 5698 10837 16538 1706 159 18118 9615 8212 18493 51 15040 3993
9429 9503 2805 15682 8655 18945 1408 6086 8185 2703 7142 19348 1800 17989 9622 9732 12503 4056 18635 1927 10398 421 3558 18769 5060 1668
1477 1729 3709 242 7510 2502 9673 1228 363 5978 6714 9679 13817 5193 7025 3917 19863 10567 3224 10732 19945 2978 2120 9946 1727 12823
10969 17763 3419 17360 1486 19437 15467 2847 9697 12537 14394 2208 11098 4602 2075 9127 13361 16832 5656 16941 15268 12623 2515 4204 2559 18376
7093 11817 13182 8912 6213 4435 9195 13669 2713 8351 13658 14854 12322 5298 11046 16550 6666 9052 2691 1780 13090 1528 507 9375 5694 14528
6345 7413 13702 9620 11600 1632 8423 5050 10041 17992 1089 2748 12008 19827 735 6270 19251 4240 1104 9304 12405 10179 11864 13579 18536 2149
16800 15839 1734 15293 11238 7115 8849 19603 11239 2766 17542 13805 788 6225 19606 7506 13310 84 9744 16502 10073 5190 5467 926 6742 8313
13235 19022 6531 4923 4268 12110 13409 19441 3118 12453 14746 5504 2481 8000 7509 4476 6976 8062 16168 16901 18620 7317 19291 6710 17783 3618
8491 170 1891 18801 15245 14832 19970 4468 18264 1986 14478 5294 13878 12433 3347 1004 14652 1602 12457 19363 18467 535 15089 18504 11722 19660
3170 14954 11355 9971 11050 10556 1780 18951 16152 12557 8695 11085 6109 7812 8759 8534 3764 9581 14982 10250 7222 10952 16359 3643 12089 3708
18369 14409 15293 15128 655 15737 17016 6746 13894 13277 15701 1846 10823 14813 9816 16257 14422 3705 6834 18663 7270 17192 10190 17275 9237 15862
10672 6971 19710 14223 19655 6281 14619 8931 11084 2592 19032 17374 11132 9649 7024 8806 4408 5082 12857 2921 17364 4459 3409 1799 19864 13630
4609 14579 11244 11889 12709 267 3725 3110 17367 13927 2336 15418 12037 2484 9829 11127 6604 8908 16729 7013 11303 4095 2581 12764 535 15002
14332 13720 12989 17205 14629 957 18347 18685 9213 16379 14800 13844 9591 1261 15393 1328 14104 587 18436 14749 5449 9862 393 6215 19069 3951
2117 1610 4394 4855 6259 15091 19176 17556 12495 18436 18628 16992 2665 14239 598 2633 11936 15305 716 14400 14562 2753 11355 2324 18452 6658
4202 3795 14442 5024 16357 4554 7054 16311 9180 12769 5960 41 13226 5839 6295 8919 18123 16308 19512 4717 12400 13180 8563 870 17769 14983
6544 18234 8575 3351 11190 463 13221 9015 2062 1860 18738 1914 4163 1770 19319 9182 6886 7986 10587 12121 9211 1651 13272 19159 12620 13994
7940 3082 6897 12887 463 9206 3288 16313 607 3671 13860 10737 5226 10614 12058 9662 889 17086 8900 7331 12161 13092 4676 10359 2744 19709
17041 15864 11382 8471 18029 8544 11040 873 9638 18564 17503 4092 2447 1986 7120 13020 11199 16345 11419 7628 5294 9984 18275 1995 7649 1489
18665 18104 14061 4037 10997 4007 13796 1922 5220 7496 5684 16578 7225 19378 14433 9038 13246 9403 1701 15582 9176 8375 16839 16094 19895 2899
12410 17578 12080 11483 12282 12885 9642 18123 382 19248 15800 11091 14881 720 10244 11417 16787 4606 12737 5106 7539 1049 6825 19879 119 8033
4863 19914 16358 13130 16833 17205 11091 14361 19956 16603 5958 1229 22 10199 1732 3813 2226 4136 9461 19566 4382 9223 19914 18274 12637 11715
12306 8477 19648 1977 1136 3608 19332 3858 11898 18622 16629 3130 17434 6826 16554 9473 12683 3859 12404 14952 726 18126 14183 369 9620 2680
17530 11932 14003 15586 15811 12443 17528 650 6280 11997 8268 14334 2190 15613 10932 13525 7737 18846 7469 4359 13796 3434 5048 2561 5004 18750
19477 6876 1984 3956 16432 17216 14022 6805 12909 19628 16458 5964 18624 3213 8084 4188 16629 7963 11375 14906 41 18214 13898 17771 7873 5433
19112 16951 4652 10488 15807 10606 10967 13651 14999 1138 9783 14534 5700 12475 18752 11677 15642 17966 10723 10829 9110 15419 106 6839 7115 7666
2738 5683 2910 12794 16318 13877 14168 11160 1172 6571 1997 19809 12914 8191 9127 2254 4442 4096 8066 17955 3383 10405 3557 4281 3697 7399
16843 1584 12768 12839 14742 12179 17703 6284 6596 12016 17455 6455 19451 378 2861 9414 17843 15873 3841 1692 9472 18227 16461 16021 12803 17878
557 16549 9164 2080 452 11874 12852 14243 7956 14575 9728 18813 2066 9052 8390 19127 1796 3218 2058 14612 1198 19989 17755 15624 3719 5862
