365
31 66 95 66 90 46 55 48 72 42 20 13 36 15 10 47 79 79 50 99 46 3 12 15 98 43
10777 15563 16114 13524 7638 5535 17120 9224 12293 7058 14238 15752 10672 329 4031 7255 12171 570 11206 15675 15999 12389 18221 5918 2932 10904
4956 8729 3189 17866 3285 15941 11116 3192 17250 2044 16164 15683 15455 6907 7174 1180 7472 4502 6499 4333 4705 306 6591 13379 7207 4024
5189 1256 14382 9362 19571 269 102 666 11887 8631 9293 473 16612 5915 16277 10141 1886 12913 6033 9062 14950 11074 2525 14859 16325 7696
10124 2278 7899 12850 12546 4456 4457 18208 6881 13411 5569 7569 17286 12036 5750 5202 13210 7144 18726 1343 14893 5862 11123 18477 14547 8055
15114 8304 3052 14970 901 17310 4739 1214 2543 8306 13866 10382 13089 4442 9376 5620 10376 15963 5321 9077 14613 16752 6631 8533 16805 4128
14677 7420 15067 3712 11927 11025 9922 10929 13949 9581 7397 19894 10274 2870 16187 9347 4011 16743 9630 9503 609 2676 14729 6983 4388 1223
18902 9401 8712 15265 10648 8181 13924 13159 13100 16978 10118 910 5724 16502 11045 18451 14126 15234 1490 14663 19732 10094 13052 15371 14019 14334
1169 4926 19596 2619 2553 2813 3958 14896 12673 16043 16589 10281 1990 7750 18881 6758 10720 17643 17249 174 17067 9793 8207 8531 11809 15047
13681 9282 14262 11080 8207 17320 17759 7263 6439 17671 5089 13922 14319 17880 14540 13250 16994 2363 12959 11771 11670 17406 13845 5323 16480 744
19204 16457 6826 4649 15787 16761 6214 19220 14635 9682 4101 10459 18353 16465 2233 18753 12157 15764 8451 12327 760 8951 4583 12960 3164 13726
6572 7076 2055 14726 18463 18753 1776 10877 6924 10383 3024 17985 167 17453 5954 10225 14597 19588 7309 224 11687 15737 16028 10835 11684 5924
13527 5872 18514 7460 7866 17708 8280 1394 5137 12568 316 286 8756 5004 19790 16477 512 17242 6350 1995 15426 19957 4774 17523 19259 4004
6314 17677 8905 3595 3258 12336 13140 18090 2183 13129 6394 17038 8055 15754 12741 11381 15929 13236 9222 9015 18443 3849 19323 15258 12397 11856
1299 10263 17520 2090 9134 5294 6928 8427 705 14958 19350 9129 5790 8730 13140 17397 5208 633 12264 1905 11960 1241 535 14321 14134 9322
13964 14816 10184 5801 3097 2728 19214 17065 8634 8632 14592 11860 14197 7180 11334 652 998 12109 7968 16840 13850 14733 3444 17600 19911 13127
8333 6928 12990 11884 11585 6258 15345 2089 14925 9963 17009 8455 9988 16315 16041 2335 19771 3591 3410 14346 6708 8441 8488 2570 9522 17313
12281 19269 3193 929 1766 15316 1916 17706 233 1102 10696 8867 16098 2620 18077 19599 16881 12900 3306 19522 9309 8694 2176 4870 15906 17397
2836 8551 9024 5884 14046 5020 15110 8861 2860 2759 5637 15943 2863 7027 8728 1115 2035 8482 6442 14896 6478 1594 993 19932 11186 964
4326 2826 14892 8223 18349 6986 1767 15172 18560 16763 16037 11566 14568 18612 6744 242 1709 18152 18745 17810 6750 17663 17663 7173 10702 15751
18643 10312 4752 1638 11959 6112 1738 16642 6864 14487 19535 2938 10232 10238 208 16075 17418 16762 9040 14064 2963 15207 7303 16350 1732 19656
13088 13568 8203 231 15793 10232 12468 3447 13106 12256 4172 3960 10324 3963 10325 17769 7864 15550 13924 5151 6860 8487 2937 12349 11446 6080
9331 13587 14722 5397 16679 10840 10452 14913 7761 9315 391 1871 3715 10353 15781 15876 14596 2788 17873 15010 12636 16737 12428 1474 8106 15220
4061 9408 16203 15242 19603 15438 16405 1728 18440 5855 13798 9950 3092 6186 6468 10824 5074 961 0 11739 5967 7883 8747 9505 16751 18239
754 276 1155 8545 17030 14524 833 3697 9832 12203 2893 15237 4420 7236 322 5477 5427 10733 14540 5725 8271 19073 11748 9283 563 6950
2177 10113 12044 977 10953 17854 883 12141 1211 4645 3052 11507 7241 18133 16325 16377 14139 2713 13775 7881 13674 16702 3114 17012 8610 14797
7846 17286 2799 17823 11369 7094 17124 12976 4474 18174 14117 14441 15594 5968 11889 17595 15982 9913 990 10336 9824 14012 19196 3958 771 1388
9166 8517 15681 6709 15320 5683 12400 19084 11650 5074 12071 10346 6952 18268 13108 10617 13683 16061 15746 17236 17763 17000 14589 13034 6819 17344
8325 9537 11723 97 9866 13358 4956 18427 5150 7535 19157 14580 12413 7813 12329 16667 5756 19650 12724 5129 15092 19467 18577 7841 4363 12921
5923 14088 5559 18842 8933 12456 10080 10122 12433 1290 7806 16552 6277 9735 12808 10939 17653 13585 9865 5303 17278 385 17378 19962 5486 16534
15497 15915 18308 17905 18472 12133 4191 782 7447 6599 3005 1908 11319 9660 7639 1458 5244 11849 16150 13126 7651 9545 15127 4373 15463 19440
19205 7677 12373 3379 13567 1996 2699 13499 6835 6085 19322 4131 19497 13212 709 14234 15582 6435 5361 11186 11383 9446 19108 7165 7109 18171
4470 8351 8614 17363 1251 83 12739 17580 9739 15593 2543 19188 17371 9024 2862 3438 17053 3665 1884 10813 8889 3090 13653 14614 18240 9408
4129 14236 9563 18336 15878 16621 10513 8307 14836 3559 12729 1660 16958 14041 11982 195 9965 17927 2351 4637 7100 17508 6906 12966 14379 2595
11396 16671 2103 15598 453 11817 18292 8645 12297 5969 12920 12261 1535 9074 12325 19657 8353 1863 262 10692 2271 13973 9663 12174 19049 14816
15903 16456 18334 324 18899 16281 17145 2971 7594 6380 4311 17509 11878 15206 16050 3925 1729 9629 14920 16326 11818 4296 15505 11841 13813 19693
19821 2734 2613 10041 8046 8737 5848 17769 1631 9599 13431 934 9052 3258 10956 13106 12744 15485 3107 8420 3016 18123 10877 13373 5050 9909
18857 2178 2161 4431 5010 6069 5147 1596 7013 11366 14123 15154 13638 10137 10085 2564 8278 15912 7223 15733 6169 1223 3359 17690 5823 12167
1575 16234 16505 18977 9208 193 8682 6 5953 13191 7979 39 9603 6743 14228 5750 8126 3430 13847 18490 4565 13351 13403 14046 294 6284
5825 18436 13816 5533 12452 16900 14763 11631 6911 156 1114 1995 13376 9927 10406 9193 235 1796 3575 12965 5213 15665 13863 12254 1130 12673
5395 14264 4434 17223 8721 18556 647 19252 9496 9701 11104 18420 9306 6096 16879 9537 428 8446 9173 9942 4189 11743 3194 153 3263 3602
10751 9488 3177 1712 11374 6187 764 266 9406 3165 1529 934 4011 664 5986 5043 9859 11598 9052 2221 592 1682 15821 14782 908 3371
18731 5999 6174 286 2527 796 10798 11591 19771 14226 16108 9853 4773 9058 7609 17393 13644 12929 4291 12946 4893 377 362 6026 14706 6277
19295 11948 9775 10334 17092 11176 4872 604 11478 11782 15089 13061 3879 11605 401 9060 3018 100 13332 13748 4437 14767 6793 8612 3152 19179
3085 19886 17607 19827 4910 12841 6150 10788 11495 11784 7996 3651 1622 10934 10641 5379 16681 8250 11331 13561 7891 8958 2896 10567 14788 18999
16485 18459 7304 17747 12246 19753 10922 17638 6674 10944 5845 16297 17814 13622 15668 2925 7680 6644 19337 6110 13615 4984 17871 18001 6306 7567
16618 18784 1398 8043 18671 1760 4601 5443 142 1437 19659 3607 7983 3918 18198 18231 4180 19982 16940 6761 12160 5236 715 63 2771 7606
7403 5979 10158 15758 16189 12888 18958 1974 7868 6421 14977 154 8709 8851 18847 3891 17692 16978 13267 19539 10881 11489 4566 15191 16031 6539
13006 18664 11658 7105 1284 9268 16467 15911 19744 15341 14751 11827 4603 4672 11454 1224 15644 18406 4254 15724 9785 13426 19371 15427 13415 13775
16828 16274 5501 14773 4718 3779 13876 15188 15744 2665 1267 11520 15611 10213 15361 1584 17483 15419 16696 11904 7359 17181 19666 16542 15419 19370
18080 2231 8341 15758 19773 9852 14604 8166 6300 8885 9686 11823 1163 6119 10700 9175 4647 1754 7960 9723 13581 19252 11904 16177 6626 7133
15685 2545 17894 16286 2461 6741 14241 18243 4936 2602 19711 5220 9808 19971 2783 8129 5288 6023 5175 10743 17407 15615 467 16821 8576 6152
12567 15234 16424 1229 10781 17808 16959 688 13594 15470 19149 13072 15784 550 1003 9816 2234 8930 13673 8681 13207 2123 19158 13732 16460 10315
444 1719 18755 5108 5678 18952 107 13565 1574 5984 18659 636 4385 13555 11160 19014 4131 1859 2203 3461 7436 9493 14362 3785 16741 342
12200 9006 5990 7749 11757 1284 13167 3616 8978 18889 17300 11509 2342 19411 1247 18167 2409 16164 11798 1586 10010 9782 12979 331 16010 17640
10897 16767 8334 12883 15663 2169 16250 13834 1481 8565 15605 9482 17703 13857 12390 18410 12993 14683 16547 19103 9960 11551 16369 9098 118 19895
10278 19654 7341 16427 5645 3405 4671 15126 5475 17139 11856 10125 15221 739 12192 4303 16541 10391 914 14952 7570 4988 11639 877 2880 4996
10735 9726 452 12249 13109 1295 10083 13249 7196 13613 18924 1017 3668 12347 13470 9213 15911 7572 848 9178 493 10150 11374 13327 2216 7180
19880 4010 5016 13191 13321 16549 9361 2202 14638 1095 3878 11944 13679 17812 10121 912 4236 367 17649 13210 16338 2743 16875 6062 14318 6680
17073 4899 8170 18584 12556 5276 2801 9560 2461 7709 6766 68 9430 18711 9246 19118 3625 16834 6021 16305 11047 6179 12818 13887 13393 1941
19798 2103 8142 2812 18938 1475 19548 5206 17728 19586 14443 974 128 15159 14645 168 19834 1644 7800 11075 11051 13952 18008 9964 12601 2766
6294 12047 6139 14873 10857 14253 17605 13861 12720 15304 9931 18476 3620 3043 16927 2981 1103 14607 350 8413 13805 4801 4405 2237 1136 9806
7051 11091 2827 19952 4279 11332 4502 10979 6726 11740 12042 19935 19084 12088 16251 7213 17136 4614 18517 11587 15385 19146 17627 2093 13473 2206
10291 807 17009 12539 10342 14295 2247 1748 5238 6938 18812 13037 6695 7714 6126 4147 7622 18718 3517 12360 19427 9006 9677 9708 4887 9316
19658 6660 8280 1004 13701 8233 4807 6104 13804 5424 10291 18705 8760 6721 7039 10415 15295 11217 10799 10495 534 9462 9436 18540 659 1895
4504 4643 3788 4820 5321 2232 5978 6251 17850 6461 3741 12535 17350 3724 18530 9852 12560 16567 2399 2264 10704 544 13749 16888 4641 16825
4001 16798 2437 18633 19054 17592 11889 6135 730 1828 7916 10216 19527 3217 19592 1957 18467 6596 7348 3127 16295 14984 6670 8548 4412 4808
17574 51 16666 17973 405 10666 10874 7710 16628 7562 11901 3362 8662 14199 6608 1869 17345 1780 2162 2414 9439 19096 18088 10726 1717 6871
15652 17055 18605 217 5500 17343 15073 7500 4034 15393 5040 2844 11112 4059 12944 7955 11195 16663 1387 19329 3513 1816 9282 11435 3275 5268
7065 1048 6851 14536 11532 12383 9534 5120 3998 12208 10305 17477 12056 12622 10511 3148 15661 3390 15548 11145 11786 3466 9064 17722 14328 6062
18771 19985 5029 6218 10924 10170 6418 13588 15873 2900 13658 5428 17424 16521 15799 8785 15291 5245 6919 1267 12708 15888 1132 11023 3431 6762
12557 3330 19747 8638 15403 13755 19465 5300 7306 6965 18034 2834 1971 16586 18625 2370 3964 10442 4110 6064 8465 14672 13207 18474 13542 9290
15228 6014 12600 11994 18452 1082 1650 19915 5461 181 1483 16630 8302 3266 2395 14543 13739 7181 14786 997 2890 12136 11749 12541 12295 17518
16743 17116 6584 1515 11126 5862 1776 3836 5680 7403 14429 18708 16611 17718 14995 1818 8740 4231 10761 19089 13753 3433 1165 7540 1080 12451
9699 5996 6624 8445 18378 17933 2064 2865 16199 15058 17451 3156 13333 9087 11743 18508 6291 7276 903 18156 18211 13124 1138 15976 13862 1057
19719 17596 16928 3546 18854 10378 18501 15307 12483 12440 3699 3842 12413 10645 8057 17305 4479 7712 18216 7748 9873 16945 3707 11640 2067 19248
10976 15372 18200 15926 3117 15940 3041 218 18302 7383 9058 3562 5319 5546 8677 17575 5422 10253 7749 15713 4373 15635 16384 18050 3947 19124
15090 234 7668 1636 18066 18551 16339 7974 4774 5612 12106 18195 10559 10137 15129 16522 5302 12841 16804 13337 6151 14813 7031 8604 4114 15289
15024 11863 19313 2268 16621 6087 2315 8659 3779 10471 18905 10332 9917 8573 14047 11488 401 277 14533 8539 12856 3813 6311 5585 4684 13279
6242 19934 15664 11683 8905 1409 12405 1170 897 16141 14976 12235 12529 9688 3773 2873 13784 11436 15294 1224 10558 13632 18813 420 1467 485
17684 18874 8356 16276 18307 2892 18589 5944 10809 16145 19474 7605 11928 5149 6298 227 11673 14569 15450 4441 17767 11155 14806 635 9205 1407
13460 2679 2708 12385 12251 4205 19945 16630 16984 3653 3281 19389 13100 17011 6681 1905 10672 17875 12814 3870 1407 19920 10250 16032 3861 7013
15935 10520 12619 3285 2488 9206 6608 11532 6017 2900 10169 11107 12179 15087 6218 5567 14129 12917 8801 18987 2447 17063 8003 9870 15624 18256
5360 17234 9929 17254 17569 11670 8960 18430 1116 8158 11799 14881 5592 10302 18577 14449 15087 8659 16837 8890 19231 9515 19747 12747 2548 10114
12463 5822 6183 12013 13179 4062 3286 3336 502 1698 14672 1761 14060 2554 13802 5105 1912 1139 3360 16328 16492 7004 9121 7674 9542 3271
3469 14845 12202 15517 3356 15620 6580 6484 7758 11888 5883 1336 14402 5953 18145 3848 16882 2760 7857 19780 2775 10261 18112 19727 10684 10076
3472 12865 3023 19914 14102 2670 12948 13217 8681 14949 14683 13792 432 1035 11138 14997 14686 17151 10959 13151 6866 2697 8324 13074 8506 6536
1565 11514 48 753 2394 2700 15 12947 10299 1898 15751 5324 9939 1634 19642 8275 6703 4744 6610 716 16336 16119 12194 19746 18146 5309
15309 9588 3198 15137 10528 9114 18299 14854 17817 1040 7843 9187 11270 14721 3529 17299 13944 7973 2905 8627 6960 851 13030 11941 1467 13020
18228 9480 719 2621 14895 14963 6365 11115 13360 15680 9615 3920 9413 11122 8741 5769 7364 9393 19934 19886 8250 18372 3170 15670 3652 8635
2224 10728 5089 7961 11175 18383 499 442 12753 9135 13285 10494 4495 8226 7251 5521 14989 6778 9689 11731 10638 4590 4552 18145 8932 7626
9099 189 5043 6964 15743 264 8937 10979 6685 17724 5199 13431 18859 12165 15867 9431 5346 8793 8681 3263 19455 8202 3941 12731 811 4112
8782 7511 1830 9540 10451 6514 6174 19273 14628 9502 608 16859 5049 3864 17087 14775 5072 9924 6425 15611 4769 16559 15810 8464 9386 16070
19834 9031 14746 8173 9986 14498 18174 3470 17722 13259 3429 19850 5636 4807 96 15605 1830 16730 12257 13997 8312 3738 8132 17714 17992 15126
5791 7358 5654 9745 6922 7437 18335 1398 104 6750 4000 10112 3691 14567 9715 9749 16393 10027 1912 13152 13960 17139 6580 16494 2828 16504
11597 5876 17821 3139 10823 16828 7191 6590 18683 5688 850 19823 9619 6367 12091 7002 19540 10431 3796 12484 3983 15761 8965 1436 19329 19296
3378 13085 19927 7391 4340 8893 14442 5464 14879 14814 14817 12426 7842 1484 19142 19773 1479 8286 3858 3817 5539 1705 5949 9537 17554 13214
19975 8374 904 17770 1547 5559 15758 4220 4150 8433 1705 4466 6493 17312 17806 17738 9851 13974 18683 16435 8201 3688 19121 1931 8084 5118
11510 343 19862 12722 17718 16141 6601 9011 1238 9744 10446 3428 7688 19077 2093 11466 7358 14270 11889 8508 10570 16100 17863 16679 310 11420
799 8178 13068 6798 274 8331 560 8629 9693 7357 10974 12564 8864 6049 17952 1659 11929 4201 12894 3096 7492 17826 16576 10026 11271 9384
18964 17003 9608 17938 12334 6822 12637 10391 13800 4044 3008 10744 18661 11268 16463 2085 4998 5518 4835 14158 19942 9981 13670 19620 11670 6810
4654 19972 11399 13133 19343 15183 17618 15469 6911 238 16983 19894 15501 545 4935 10714 14282 3948 9886 1828 18331 10374 13025 13095 2168 17540
5090 2310 4243 587 16602 6845 3184 8178 14671 13550 19400 7086 11406 10559 6266 10883 19492 990 9147 7981 12631 8533 7644 7723 12413 1601
2082 9996 7912 15751 14851 14307 4861 7723 9873 13519 11309 12575 16912 13668 19241 12597 4054 7685 3415 8503 13960 8853 7773 1495 19770 7727
16290 4017 6233 9316 2896 17189 15290 15531 19932 14010 12938 19687 7806 12923 6773 10640 16474 2349 12880 10764 9909 2667 10772 8490 6419 15392
23 15814 2116 7646 8731 2643 15175 13504 14014 17020 758 17903 6708 8245 2299 10691 10896 15461 7433 6212 18956 7664 4656 9429 14130 2203
15519 836 17256 9855 3234 9904 9369 12678 6801 11997 1911 12744 15052 19898 5016 15232 2335 9579 19203 4389 1663 8162 11018 18618 3530 4472
19305 14021 2597 10728 10010 18977 10956 12998 16044 7441 17762 13713 7049 10515 15632 3808 15546 18175 18755 14118 5560 19184 14430 6070 5598 6971
15790 1851 14841 1119 4221 4228 7535 13888 16880 12485 5731 9473 4622 5851 16443 16707 11591 12876 8164 9554 10027 6318 6233 5758 16847 14816
10511 5082 5683 1481 10773 12888 11507 6497 1378 18924 3250 18497 15717 15194 2989 16507 15291 16424 7939 1374 2830 14396 19291 65 1053 15721
5772 16263 13973 12344 3083 5354 16657 900 12733 7651 19246 16383 15463 15300 16122 4395 8123 17240 17897 16952 3227 5173 5490 9397 10909 22
1203 7946 15500 4852 10900 8690 19372 3203 7978 2089 14382 6857 15637 12683 8834 11797 2131 2640 7957 6676 6638 4758 18412 6269 4414 5569
11160 13866 15112 1514 1286 5482 7494 11982 873 9334 13831 13247 861 15065 520 7515 13539 6746 1857 15515 238 14350 9274 9620 12959 16843
5364 1147 1652 15989 3887 11523 9597 13689 18202 14048 7961 16086 5701 3304 11983 4855 19367 17389 639 7495 11681 12294 16096 16236 19234 2223
11743 4839 10441 11900 11025 599 5144 7777 13877 9193 10689 656 9683 19211 13304 12482 1876 6645 3593 18706 13370 1559 3860 18003 19170 1763
12896 212 7074 3299 5362 1397 2901 15584 690 9917 14999 9818 10077 6608 1900 12679 19225 16853 1647 4654 13975 134 8823 14499 15508 10519
11692 12823 8553 8811 3316 16420 2808 15112 19889 761 8207 11533 11799 13691 7907 19086 9952 13467 405 17719 10042 5953 5133 13909 4473 2039
6915 13926 16011 19037 10270 11151 2104 4986 12719 18351 5497 4983 10245 13826 17774 16477 19449 2843 8904 16910 1541 14521 3591 10609 7981 8402
14926 1130 11616 1762 16359 8671 2502 10954 10344 13059 15288 14265 5310 7301 2519 6845 19061 17443 17760 7111 7929 13651 3560 13632 9304 5604
11503 13603 10067 18733 13356 6936 12362 2275 7259 7200 2083 10295 19152 10838 2117 11648 18702 9529 18499 18274 19786 6205 6210 13451 19446 14121
10740 14864 608 2426 709 17160 7252 7181 7593 10670 8818 2152 9727 9612 14637 6097 775 13856 7749 1304 9098 17681 17580 13714 18400 10745
13057 2424 1293 18017 9439 10420 9164 10507 15077 17210 12556 6270 13891 584 11945 10219 5591 1297 8569 19818 5350 13001 5010 6655 4833 3835
5760 8935 10349 8978 6430 714 5915 12584 12951 648 16059 9362 7595 9336 9851 6450 11291 1464 3123 928 19170 19063 14343 388 16307 737
9480 3159 18307 8639 13714 2722 17904 566 19488 13419 17831 872 11492 4198 1424 7636 12773 10393 4892 11297 14882 12163 19576 11231 11223 19319
4722 11261 7658 5557 15348 16231 12806 13602 4438 7317 10088 3961 4985 19005 8711 3775 11258 11696 6603 18973 434 11503 7892 19418 5625 17188
12029 1123 18984 10034 5261 14623 1092 15943 3800 19397 2617 9548 18964 2049 18508 11732 5086 16938 6052 6102 17916 12719 14 7963 17608 7694
7912 12151 18175 8920 12695 3676 17466 5846 10462 14457 2398 12224 19640 15797 7256 7624 12895 894 12151 449 14426 14748 10686 96 14215 14186
4372 13041 9459 5230 1632 11351 9962 10754 18031 9507 222 19974 1384 10887 11002 617 9255 9159 5829 8982 3576 14160 18641 6662 8370 7144
333 17545 5535 12419 2260 7758 17373 8105 3164 3562 15071 12457 18762 2316 9171 3132 18969 1024 17122 10027 5873 8264 14373 5076 18267 10516
19039 9430 11826 1408 4720 10498 1044 5246 13741 15920 14656 3902 5879 12984 7642 15895 8073 6251 12298 8360 8459 14915 4873 12541 9809 961
7862 9034 15119 7091 8734 12040 11622 17517 17886 8030 2298 6946 7599 19114 4165 14426 7729 18070 19988 5522 17443 93 10401 5350 2385 11375
16319 13520 12785 5180 11814 14274 14129 19565 18628 294 656 18977 2452 5409 12741 6197 12680 4074 7914 13412 1547 9882 6136 11091 15558 2430
12042 13421 12772 4138 12939 6710 11019 1865 1901 6721 10409 13883 18451 1296 3709 16431 7923 16677 16258 2564 9789 1028 7391 4622 14851 14166
15820 12698 13759 17430 13127 12359 11593 15270 12053 9067 15518 12160 7496 9267 8600 13558 18565 19699 5712 3601 3217 18391 19486 6793 4017 16984
4462 13960 5047 3064 14070 11154 15804 1105 6438 10999 5123 4266 320 19792 5409 919 13960 3337 3471 2894 3367 8853 714 17108 13775 15688
18643 6820 4295 17162 3989 10818 4647 9537 15653 16375 19220 4757 10525 11201 4452 2491 1944 12418 2700 18142 2811 19453 6797 6831 9720 9998
17537 776 11564 9189 12165 15819 13787 18547 3534 19515 10062 834 18846 9157 9064 18406 8553 14468 5677 14439 4628 14985 3045 9523 9852 8041
1545 15005 411 19373 1128 11792 16083 14006 15639 9359 10178 15357 17754 4846 8141 15758 8783 8563 2861 17050 18984 8569 2835 17737 12814 3895
17953 5718 14363 2722 10943 14044 15577 5450 15016 3998 10975 12727 5629 1809 4547 9616 13117 11122 16219 13544 8943 16590 17473 8609 16520 8431
5797 19715 6977 15982 9747 12625 77 12193 18893 7863 723 12298 15012 2529 14179 3176 9808 9112 11467 5035 6340 9164 15110 547 1341 10783
1067 3790 7188 8094 9399 9640 18002 4019 18174 9187 19994 10240 9503 12654 14306 8148 14169 19908 17413 14927 13379 2960 8639 8743 8171 13439
12998 819 18276 1361 16966 3466 19324 1255 8728 4380 16979 6765 10928 13516 17617 13243 8246 13860 19200 1129 19668 16360 10036 16034 13938 7125
4149 5077 6819 19209 19863 5767 12139 5080 19733 5896 5764 12502 11617 18318 8884 17680 14255 3307 17801 4713 2310 14235 947 7201 10072 2881
6799 3017 19976 7112 9774 16017 11658 9936 14579 3674 19135 3237 13998 6867 11737 2547 15091 14693 18458 3869 7696 13025 18890 14879 1675 15959
16003 7661 5292 14274 4621 3808 14141 12740 13762 4759 6476 8213 9276 16247 7946 3749 12252 15333 19936 2723 7377 19254 6651 17082 10754 13978
15169 11712 10404 13710 16436 7022 7921 19403 6635 15574 9652 54 15838 9986 10467 2152 5626 9722 19967 11032 18758 12075 3685 11888 7300 8768
11240 3951 11083 3363 12738 3374 13648 11657 14264 5990 12090 13489 58 10003 13918 16511 19822 11472 15504 17649 2894 19861 15213 16054 10856 9774
17679 19687 13950 18411 11002 364 13403 2257 8538 300 18316 18469 5118 5662 19249 11415 17908 12868 11070 12122 19972 237 18630 12840 4129 5493
14590 4781 8745 15955 5819 10852 12506 19103 10058 19950 3865 18176 1406 5410 8916 17467 18246 2706 15122 1135 18888 17474 16632 6170 17588 14553
19181 4422 13830 19421 1156 15430 15301 4997 9522 11376 19028 10282 16253 388 4465 6090 7546 3136 7024 18043 3561 5604 6059 215 16159 3171
7948 8143 16241 17764 15907 10809 9141 8266 10899 13220 12843 9786 15800 5016 2021 4061 7792 6366 7681 3462 13674 2804 2442 5067 1950 9930
14017 8499 4995 16303 8067 8547 3572 19676 17821 10812 3893 5481 10079 5335 18195 7834 3419 16505 7548 7748 18963 3777 9165 10416 17730 1515
15073 11982 2647 12867 4177 2897 15386 2057 7449 18249 19310 2155 18823 16244 17788 13175 17643 12971 4264 4855 13219 3119 16255 14176 8234 12469
15716 1845 942 3956 16584 10988 18580 16553 3894 567 17541 13526 11398 9736 235 18062 4906 9696 18264 8974 1314 2326 11392 17644 5288 15479
8091 19479 5776 3148 10381 18236 6380 13395 11643 13913 9975 17583 11514 8551 2922 3679 7304 10221 12954 8806 16116 19648 15807 18553 8093 7649
13122 15970 6328 3455 14861 19842 7235 13816 4915 1397 77 17274 10049 7882 10835 8222 13494 3691 9485 18389 11854 10574 14098 5774 15506 5802
8182 10178 7650 14740 18894 18329 9119 2695 7174 18418 9493 7478 6614 11450 851 10342 14371 5703 3378 8528 13228 5389 18261 12242 5430 8827
2076 6089 18297 17969 5405 8923 14362 15133 12498 2400 9070 19727 19552 15244 14646 5181 991 2478 11476 4555 8087 15632 8443 15428 15703 17718
5357 1755 3676 6428 13994 14175 3032 16755 7989 15114 855 432 9473 3106 7505 9467 13174 6217 19178 10068 6614 11497 7297 8900 8295 8035
17405 8453 3935 7586 12343 5598 14100 17177 3005 12231 4030 17747 17875 4448 18146 2358 15848 4773 13322 13529 15056 8837 7973 1646 1356 1763
11939 17037 3847 17785 13912 11195 18837 2179 16406 9484 10106 11863 401 1250 9472 18954 11654 16475 16913 8499 15650 6235 780 10397 9442 2624
6642 3109 10591 6388 13672 3739 10723 1762 16804 2613 4897 6302 3090 16764 14794 3520 12028 17369 15923 5630 12980 18642 1237 13211 17236 6860
4033 16882 13688 15068 15219 12772 559 18792 14379 12237 3448 16994 11200 9836 15653 592 11469 4791 14198 892 138 13441 15893 12558 9018 13553
13973 19576 11590 7860 1774 12930 13823 4130 5048 16460 8667 15443 8414 9243 12713 13339 14323 7498 18876 11015 6962 19191 12208 18788 16454 15404
6431 10354 19556 8135 7387 7942 6371 13532 3250 8619 6053 15691 15221 13796 13316 12565 7384 5203 16622 4124 19001 2903 10750 6024 3853 19184
489 4175 13195 11929 9190 13742 16561 9279 5141 12301 9540 5769 6287 6248 14014 4452 6445 3548 15311 6389 16534 17208 11959 3557 727 3554
7741 4545 652 16998 10986 9297 5375 8297 16976 11912 587 19635 19877 13866 3007 2003 8141 3433 7498 11062 14221 5695 8825 16745 9890 18368
14723 8700 16725 18105 4481 7222 1932 13890 11779 8725 15300 7950 10225 4136 13469 4318 11387 15369 13522 19672 7014 18880 19544 13889 16658 13299
15938 9910 4835 241 10201 11361 15966 639 3486 4134 378 6365 18364 15847 8471 15425 8695 12229 4752 4682 8431 18341 9861 12362 5483 13930
19762 9386 8725 13851 18809 16468 14295 16232 14369 13638 3632 1347 16262 18373 9212 14153 1184 6006 424 5373 2216 2619 14188 15479 10003 3471
7307 13033 5145 9985 15001 19706 17674 12294 11959 8508 3364 3296 7220 17445 10014 2573 2028 6583 12062 18144 17915 5458 10522 8372 4069 1234
209 17998 17293 13255 997 11127 8075 14216 13125 3941 16259 7327 10040 8278 1259 5649 10280 6273 11268 16796 6962 7366 6590 14603 19821 15856
18867 12758 2255 2182 19978 19510 8016 4611 15724 8075 18091 19919 7747 8084 5579 1574 17107 4686 17050 7360 21 3519 8599 3206 7469 15430
3087 14442 3696 16619 16111 10980 18035 2055 2397 7206 18943 13370 16304 14524 14495 6663 16265 1068 1611 8987 14673 10614 17914 3332 9986 18536
12037 2309 205 452 3814 7158 9117 7670 2507 10081 7489 15110 5363 2113 1456 5418 3375 6709 16425 7481 1011 15910 16167 1472 11312 3784
17449 4850 10395 11216 2349 15852 11514 12869 15624 16136 18410 12987 17934 13789 4264 13980 2109 7395 9340 18685 750 14063 16476 12164 11123 14690
13859 3790 18023 18868 14318 12287 1025 12212 12703 2861 5175 11976 1618 8941 696 4931 9669 5023 18801 5485 15070 11549 2332 18426 8956 18183
15630 7629 3515 12151 4714 19152 16601 9264 12821 8512 14073 13007 11275 783 271 15505 5323 12302 13896 4775 2842 9998 16538 19238 14244 14326
3658 11589 18161 6566 4767 13791 16399 1819 15411 2140 8024 9658 16978 2220 4576 14126 9624 12244 19722 14844 13874 7304 15447 3491 1945 19781
5334 9992 9859 4127 5087 2686 3943 10350 6774 15678 1110 282 1929 12039 619 17895 9335 11653 10801 15275 19074 9989 857 3490 17828 1858
16479 12720 15830 2659 1229 460 19912 10747 17053 10901 14791 6432 2135 18512 13077 15457 3779 2101 960 13225 958 3739 1075 7341 12968 6812
12146 8998 4084 14676 15579 1652 9423 11053 4316 6247 16765 17992 12734 8384 9212 2518 4284 11595 19017 8020 13402 15852 18529 16849 5722 16167
4070 8705 13978 10399 9606 10051 14204 6891 1620 18835 6664 17980 9748 13357 5219 9695 12573 11449 16823 18727 16826 13138 3102 3339 7318 6940
16365 3670 1730 6683 8578 4015 12556 2917 12063 6725 13081 11255 16026 9610 1773 16894 5535 11284 7520 5662 2871 19234 9866 13819 1487 14442
10094 13320 17515 18128 18395 12641 244 4272 2335 5029 10939 12889 18323 6006 15782 14943 9923 9190 5307 1672 15105 3180 592 7528 1915 7110
4504 9192 6350 8119 11631 15778 13255 11922 425 16604 9291 12591 1661 3079 17098 4756 14742 8093 14819 4355 15256 1913 18910 6976 18243 503
9492 7658 15169 17787 3026 1706 4374 11798 15027 19861 18111 6881 8868 11113 16608 2459 18988 3893 15331 571 17664 6476 11063 7055 4025 3777
18047 552 15536 14884 19146 1168 7360 12962 15191 7160 386 10485 10573 265 9892 2180 16484 12900 6045 4815 19070 3859 7422 2893 10176 14412
15875 12160 10549 19684 5261 6064 6767 1487 18937 7292 19462 15443 6604 1366 11126 10718 9245 1622 3770 696 16306 18840 18983 18814 12379 676
10158 3021 8834 15610 4792 10304 5934 16178 16814 12941 7736 13976 8939 6841 14382 12431 12836 2492 3907 17411 10272 6220 13234 19853 15086 5999
8387 10382 9579 10818 6069 15148 11789 10420 18400 12439 867 15908 5591 9863 3604 7150 5396 6661 10719 1599 14346 7631 3787 796 12603 19734
3252 8886 13630 17916 7045 6715 7529 2058 16324 12019 17799 3053 19610 11365 2748 19816 15880 2107 13367 11132 17643 4840 16038 10187 5709 2597
4644 9389 15649 861 14426 17406 15981 12080 7799 19800 4400 8235 8211 14934 4151 8348 7176 2285 8803 19996 10802 11993 18971 9978 14450 13918
10484 1256 12175 14661 13120 6321 12578 4164 11106 4339 15057 12336 2254 19171 9494 2748 15062 18974 18951 1741 2939 18131 3 7038 3794 4688
10575 6538 4404 1051 2441 8674 1088 19876 16824 12640 8077 12158 11217 10269 2337 3322 5046 2506 7921 14460 9685 9199 13990 14919 10610 17235
15986 17633 8883 3101 1386 13270 14176 14561 12044 18314 11987 11273 6685 11615 16905 14425 5853 13879 17415 11876 10364 1155 10988 15293 4645 1467
16327 6652 18579 782 6726 5747 8682 6686 17547 11409 18369 14440 10657 7112 18575 13030 7518 2350 9525 6384 9422 6643 3052 13753 13402 16359
17391 3311 2299 12112 4082 13486 13915 4888 5075 10653 10737 10211 13279 3678 3041 8900 6714 6738 3020 8870 9165 10809 16192 13783 16310 19927
8286 18090 11397 19416 4494 15760 7385 9504 16776 11600 13415 13567 1872 14660 14884 6699 17451 18400 10274 16498 3746 3288 4657 6810 4220 4143
15054 7469 11229 17055 15412 12147 14728 9042 4401 18703 12408 8031 14359 2120 8345 15290 17463 13154 5155 3689 92 11238 4174 10772 1807 1474
14928 11023 7716 9411 12764 14531 1056 12769 14368 5065 322 19515 19324 15616 210 18857 9676 16852 5262 18111 19702 2793 12638 19686 1356 2042
17246 15895 2824 15428 17467 8425 4784 3999 15346 16456 11625 5253 18088 2468 4409 16054 7738 9588 19408 12058 7239 8862 19123 16646 11572 8498
9097 15382 14493 13778 1003 10919 19187 16887 13874 15711 10363 18516 14149 1733 64 2820 10305 1746 12613 8070 15884 422 13866 12381 7970 4831
13178 1013 13681 11174 3836 16800 1291 19313 13228 12193 3988 18741 18782 8610 2629 3018 5447 9154 4386 14932 19005 19902 15396 1473 16661 11428
2604 8527 1038 15230 2685 16933 9655 15249 11105 18852 2608 11489 13427 8529 6254 2444 10238 19333 636 19272 13582 18594 8300 8895 1133 1438
3848 7153 12048 8884 1828 19975 12339 17100 14152 5556 12595 10477 17818 15706 19012 17073 4450 2942 10942 19495 593 3135 19139 4792 10292 4918
13666 11444 5606 5708 9527 7477 19657 16829 12603 2253 19486 16325 16505 12722 18696 16510 12607 2092 18166 12259 2118 17835 15352 557 14553 3091
15306 18285 18086 6958 13672 7785 6071 6627 7595 13808 11439 10140 16266 6035 14303 17989 18127 18815 12399 18471 18950 7999 1933 11627 2231 7999
16891 19156 19997 11004 7258 76 17833 5503 1735 7770 2053 8279 16834 13067 12587 278 14678 13319 13249 5670 6484 10605 3062 14020 8108 7032
652 15959 10540 15472 1429 13132 5326 2143 8848 3089 5832 5837 7463 14049 16614 14157 5030 824 11594 12416 13849 12676 18427 198 3171 9094
9839 19919 8173 14010 17129 18170 14615 14170 16106 1095 14112 18036 14835 14356 7507 10414 3408 6953 11870 17433 71 1932 16608 10741 13283 12067
1175 2203 19402 17969 14236 18357 4865 7365 13292 10867 10081 12130 19777 14619 14850 18062 6540 7865 9905 5139 1234 3573 16522 17400 11706 19981
10867 19841 3265 6426 13116 14926 15171 12398 7222 11842 5561 4922 6134 19745 11016 3672 2657 4832 11914 10410 12568 14733 16254 4459 5734 3598
1266 5129 9173 17579 18070 19804 7368 1172 11717 4413 14338 3990 6109 15628 1193 5596 12228 7423 3676 6499 9199 5790 3569 1124 13275 4899
337 17285 1314 18525 1132 11893 7586 2006 11532 4457 15792 6407 11851 14046 6549 12449 3047 18772 6860 9539 9543 3056 11248 7869 18867 13777
13244 7347 18455 727 13747 14492 2504 2637 10856 6696 3178 9518 14166 17800 12051 15736 818 3303 4776 18319 1984 15492 12726 5519 6848 11821
10863 10608 14072 5506 12199 4888 6597 8199 6223 9078 1171 5347 4460 14326 12492 11467 1944 2390 9934 19807 16513 2389 7741 17582 11890 3552
4640 2624 14418 19951 7829 7577 18371 16973 946 2700 1145 3897 7360 1449 3659 7127 10521 9 10450 1516 13004 15317 463 17777 16712 9063
7597 15786 1208 11983 1597 19947 1770 1247 7724 2010 8010 16222 15588 13370 15832 7830 11917 17901 13273 8025 4232 12065 18132 4572 9420 15766
13065 13231 12034 12159 6638 11747 937 17616 18607 3974 4388 9217 16137 10381 5652 8891 17938 10777 12656 8874 7121 8799 13452 6193 4368 15247
15119 19727 19165 18002 9321 13146 18914 7621 9000 10443 6104 4638 18970 15056 18329 18706 7669 10081 4102 8029 9236 5363 7882 19661 12570 5895
19539 17135 5546 17046 10912 1127 17057 18648 12622 3807 2998 13758 6633 3973 6343 8270 14174 8297 2588 6490 11890 5499 1034 1495 19946 10721
8745 13173 4471 9501 13709 17165 4125 14973 6548 14557 11932 3747 18665 18868 9523 16799 4934 10266 7003 15710 8703 11238 15290 2440 15948 19203
3983 12841 5155 18823 6460 1993 495 9252 747 14449 7128 4937 8439 7771 3845 3597 13332 5931 51 16232 891 14827 1284 6720 19483 11374
11201 12686 15302 5795 1541 5674 11887 4076 7784 14439 16758 3358 361 16474 7689 3757 588 5747 17924 7010 13430 12961 15313 10409 6363 16234
12704 9819 17401 17438 19837 13315 6632 10879 8033 16269 16205 7905 19744 6283 11760 8699 11344 7827 3948 14927 14830 15747 13178 15859 9293 3023
7297 2224 7519 1803 17551 18786 9477 2272 16225 14391 6349 13311 1073 15922 3991 15683 15802 19931 4303 10875 664 18538 8564 7058 9418 2241
17606 15083 1198 18368 18278 14608 17110 17775 15234 6833 13746 7179 2711 11523 10515 7719 12337 6025 13010 4881 1308 13790 1734 19200 1862 3784
1056 882 11211 6765 14022 5904 6506 13227 19935 15997 14707 5530 1335 8079 13807 1893 18247 7561 12718 11921 8897 5398 23 16126 15947 5271
13415 19310 1370 10293 2994 4220 13616 10743 5107 2279 784 18181 6853 12832 6120 1411 6980 17534 401 12369 2858 5768 7887 4987 10441 6776
4424 2523 8658 8220 7160 10817 11677 3656 18024 10527 855 9616 11734 15415 2453 6285 11821 6843 1100 15575 8265 4546 5846 9921 15562 12253
9953 6548 1217 12204 5979 13128 3597 15182 17315 10706 8246 4492 5265 16575 7679 11964 5725 16992 6410 13898 17039 11177 18225 12361 14222 17778
10643 2537 18692 12567 546 13459 15604 16209 6650 2111 16613 3992 14064 7936 12387 7757 1726 4681 3324 2120 14555 5610 349 3479 19255 14867
4713 16264 11243 18959 7676 11485 1143 42 12604 5190 12126 18715 18773 5499 8539 1347 4322 651 17434 89 14030 4801 17535 14126 19551 3190
10451 17389 12415 17302 11520 16272 9930 6526 15222 10637 3337 19926 2308 4354 10283 7571 19051 15385 2143 19731 576 1464 10557 9131 11599 16457
7150 7642 10572 4547 19104 9651 5744 8958 2960 18167 3834 666 8526 1134 13931 4879 12178 8760 6334 5824 11170 16785 3347 12886 8362 15667
11334 14842 3965 15595 1624 4731 4426 9103 295 1897 5554 13602 2875 17381 9457 5383 11933 17934 18848 14085 18748 19049 15026 6528 13936 1657
3328 2339 16508 11623 3528 2337 6577 11464 12788 10175 13122 2425 16715 17667 274 9400 4458 14022 12321 7099 1774 14971 10163 17989 567 1110
6629 11209 18454 3932 12868 13232 14344 10981 15191 19547 9324 14038 19674 1381 909 5799 8366 6121 1613 1903 17101 9052 14579 12594 15364 4390
14014 18499 12491 17308 9820 10785 18269 5207 6095 419 8816 6423 17691 15517 81 3589 9572 12126 18516 16586 12071 6690 4267 5959 3530 3618
2864 5301 13186 7400 12087 4465 2907 14549 12276 2036 2178 1542 18089 7821 2609 961 7304 5867 10588 1744 14296 1866 15338 16971 2094 15010
4362 569 3307 4659 14510 14871 4226 18213 5477 10480 101 17863 6402 870 5961 12512 12651 4086 6525 4435 11270 4471 16379 1045 3880 7214
14491 5890 15980 15501 13013 10712 2375 14486 5913 6576 4362 18405 11469 19765 7967 12837 8962 2287 6768 12749 9911 123 17570 15064 5483 8569
18147 6562 16958 10897 5251 10603 62 4778 6371 1282 6320 6654 9993 7641 16057 4164 17165 19924 10778 10833 7188 362 7937 11555 17636 6218
6143 15192 15881 6282 14037 13898 8446 8128 10061 1176 17097 12434 15232 16990 12583 14861 17265 3761 12929 5680 8425 15617 9421 6312 10278 15403
11162 10954 7122 3216 7920 18700 643 10836 10851 17006 11722 12768 13885 12737 16437 3337 7623 10982 6497 11139 19068 2555 19651 8927 19201 14185
18319 926 679 3507 5624 3430 9236 2619 5854 6656 11829 14629 15784 8631 399 5133 16992 6885 1641 5293 2380 2453 8335 13109 6198 9297
5606 4103 681 19720 18514 1761 18160 3925 19210 1875 3160 502 7032 19103 8211 4726 5964 7895 17195 3182 8829 9154 14503 11345 14201 622
13879 7685 9603 13413 2249 5817 1853 430 15588 10346 11772 8092 3574 16437 12616 235 11001 15238 5341 19031 13518 9692 19818 17129 9156 2060
12081 11801 5939 10748 11829 14136 7329 5694 16995 11707 9652 9027 9458 10306 13257 2408 7058 7820 11589 5047 17115 10449 16410 5044 8437 5627
3688 11110 660 12308 16255 12004 17169 1805 9683 14042 17986 17531 12744 6014 5020 10195 7744 13714 4819 5349 10685 3143 10351 18432 17898 462
12762 4610 3842 7780 3482 19839 12770 3000 3203 2210 16132 10387 3615 13508 6581 17315 2840 7584 5684 8392 4724 6621 5978 13708 5396 16408
14594 10474 10246 6221 18196 11822 13977 19446 9764 15359 16775 3222 15907 12049 13402 5952 4517 11931 4054 10632 1632 15109 3939 3466 16582 13081
5698 3563 13755 7796 10015 10138 7692 8285 3574 4512 12323 6804 12992 12727 5144 6322 12547 5366 13129 9605 14710 5320 6872 16679 11316 6971
2886 21 6163 12888 17522 11994 535 1153 13083 1484 14475 10753 7892 13168 3405 8604 11837 991 14181 6542 5035 7969 75 8534 4089 2428
11220 10165 13366 8226 12063 18742 17642 16224 16023 8892 6796 5129 17716 19516 436 15811 18996 17816 14122 6273 7756 18533 12253 15616 9406 19770
5753 2232 3319 15705 5815 13408 19008 11895 8305 1195 3585 7568 5479 12685 8677 14903 14011 2335 10147 10615 17800 14750 14966 15330 18446 17097
14437 92 14307 3599 7946 12468 1152 1220 12272 10201 1384 11717 19994 3324 13884 14225 10115 12579 15686 3839 7447 15103 19378 10191 4064 10089
1426 18410 8690 1016 19977 7766 2020 8365 17783 5574 118 18344 16016 13620 10890 16635 1772 2967 4554 1156 8201 3462 14933 15029 1030 6508
19561 7554 1081 18084 4061 6189 12257 16128 8549 1875 19616 578 17046 1332 9032 14663 11027 12351 18073 17896 546 113 7213 7337 16905 19477
15256 10116 14218 6701 8694 11329 16964 15032 14854 13715 12362 12107 17302 15316 1894 1278 11122 5421 14581 12434 18635 16084 4540 8552 18318 19069
6865 144 3496 12946 13475 10286 3156 1047 2379 1681 14619 16753 19917 7906 8115 11696 15736 8755 16128 2279 9310 14049 6578 12849 8658 1269
15645 19750 14599 3081 14772 18912 17283 10906 10235 12942 16628 2857 3412 16710 16855 19705 9663 1451 10875 851 17171 15299 413 4075 18913 6243
16899 11752 457 16079 17247 6809 136 14372 15776 18574 7892 14227 13621 19314 8917 10027 5615 5917 19954 7990 6418 16059 12699 9110 8825 11746
11762 12608 15940 8320 19707 1645 11790 10466 10584 13863 10808 9185 12068 8534 11311 5905 13783 7621 19671 1139 13931 15414 2431 9969 425 2513
1719 3398 14099 11031 18548 883 18840 18817 8058 1734 8309 142 9916 18428 13670 5840 980 5421 12781 14637 17707 15591 2122 13152 11053 8194
4946 7659 7761 322 13292 17264 18743 1988 15222 3566 11182 4584 375 18183 11067 18189 738 18427 19261 6737 6094 2908 14094 16465 1913 3043
5913 5870 16848 833 19352 15554 14129 13837 5264 9885 25 9037 19297 13711 2430 19352 16583 2778 6508 14228 2605 4196 7117 3550 3405 3264
2695 7675 6269 71 18750 10390 5784 7210 15016 2879 2118 4790 15227 15576 5884 6635 10787 11534 7537 53 16494 19516 15910 13108 18868 6965
8340 5867 2060 9335 3157 1504 15741 4363 11247 7506 14994 17115 2766 13849 12346 12190 13133 15302 8998 7220 5472 10590 18180 17588 213 5349
2624 6341 17350 4570 4852 11256 3171 15861 18732 11266 6421 18732 17193 5843 18190 2220 2380 16544 12918 5497 4861 2463 1161 741 1475 11243
9989 14125 17683 2152 14434 12245 18143 12222 5057 10005 10124 8040 1663 16377 499 13134 4039 15948 8893 18735 232 10239 6680 8540 12238 14412
4685 14980 17287 4068 15773 4368 17818 12052 11350 12158 4254 6800 14868 11561 1336 12770 3435 12404 7039 6203 11525 1164 15902 10467 4108 13750
336 15648 19945 17964 15730 596 13356 1055 17078 15563 9051 14548 6211 8439 4631 3588 1116 30 2405 9938 17305 7778 8391 4561 10302 13290
16917 10920 19866 13015 10038 5489 12645 16212 14217 6425 12680 19573 9811 13260 3843 4214 17260 2436 10772 10052 13716 1407 12389 14995 13108 1184
1202 15249 1539 13779 10439 8171 5376 15988 5345 17664 6577 4545 7225 892 17215 1903 14707 13066 19276 6635 4345 222 16979 4786 10623 45
16892 9506 12001 15779 7001 6901 15047 10582 9326 1979 5016 7057 15282 2343 2244 13179 8741 19695 4360 5269 17355 15670 7289 14777 15512 7112
17103 6156 8660 8276 9953 14037 12838 11200 15751 4842 7690 572 15437 3465 12435 18321 164 10597 12541 16358 853 13886 10146 884 5225 16432
12972 8759 11847 19169 1725 13687 16354 9604 4629 18461 3791 14556 12805 4871 13212 14543 10630 5855 19366 8429 6012 15338 540 3328 7695 16079
9627 17366 6388 10895 16472 15701 14785 13848 5335 1045 942 2810 17228 13320 10674 3117 17497 11429 12395 18848 5710 15533 16050 10361 5267 17231
6545 18695 9514 671 18209 7682 378 8549 10821 4717 3108 18814 2365 7736 14337 10507 5765 18502 17697 1374 10033 9112 13623 1410 2945 3209
18378 7841 13909 16350 10432 7906 6601 9725 17963 5122 3745 5687 3661 13404 1909 13943 4533 1824 8943 7201 13625 617 17618 3069 5378 15776
4449 3521 7750 554 9523 3203 14314 5231 1271 959 12530 1840 2305 1543 4267 8008 13054 19625 643 9797 16368 8347 16909 16044 11022 11321
8204 16317 14889 13228 5051 11250 9369 9876 14436 9027 4606 6819 16947 14385 17359 14349 19984 237 5927 7875 12441 6093 6172 5745 17681 5920
11657 15860 424 17104 16265 14682 7803 208 6107 7425 5256 9124 15869 15517 688 2859 19393 2081 16753 4730 16915 1935 18188 11991 11319 5681
7909 2986 6169 6379 18264 969 13012 15198 12931 6539 2707 11302 990 6637 12920 7155 4450 2178 1139 17190 7350 16912 8631 5117 18475 3018
12706 12045 5024 18963 18776 18841 7373 18490 13243 12050 6637 17779 16236 12251 5256 18705 4182 7176 10932 5672 13761 1187 982 12950 12207 11650
11651 5602 8773 118 9861 9373 2030 1654 14868 1467 6442 18064 14937 12206 12166 5818 5820 9181 9321 5171 17196 2618 8178 9337 14528 9360
19631 12415 7021 7824 920 1709 12707 19973 7966 18044 14431 9607 4305 11329 6752 7813 7449 3625 10095 10474 10221 13808 19312 79 742 3206
16022 18106 17382 18657 17496 18932 12636 4240 15693 16781 7452 17161 1408 14271 18166 7418 1697 17184 14067 10111 15874 2605 1753 15799 5650 14897
19276 7276 13838 9831 8900 14488 12170 19616 6866 19463 14908 12982 6097 8495 38 16470 6956 4776 6248 16137 7690 17710 14376 14024 17285 3288
3951 19139 8604 10426 3001 10958 6383 4539 7169 11923 8171 8545 19423 5691 96 7637 5715 6765 12785 14306 2750 361 3808 16160 4378 6279
3231 11811 1470 7493 16855 3031 11697 11357 7705 12446 1266 8745 12765 18654 11460 3945 3632 17642 19675 18593 8558 11401 5957 17500 11308 4423
15500 19441 18899 10906 10249 5513 3076 11561 11649 6038 6669 19274 9534 12778 13388 12447 15605 16451 14776 18405 11956 2714 14586 10176 9928 16266
14184 6172 12788 11415 16521 13671 771 8678 13772 9710 4909 12007 2386 1026 9248 5833 13114 186 12447 3266 12666 13922 6074 3420 7512 6393
14589 15263 18345 8555 18508 13931 12034 13453 9859 18535 15897 1655 3757 11494 14284 16706 5655 16067 13068 14266 13546 19018 7865 18586 12484 924
6440 11012 19334 3866 460 4328 17273 9023 7173 4942 754 9447 19998 18889 15187 17473 19621 10598 715 2210 9267 17388 9404 7520 8277 15366
7289 2642 13599 16472 7763 19518 18807 9489 11370 14859 5158 180 14175 13002 6278 3543 13369 5294 5103 5140 12254 7172 838 1350 11545 15164
13921 1295 17271 5998 11339 13768 3725 19443 8316 19843 5646 16084 9740 13976 16560 256 12336 15692 5113 2649 15865 12131 5851 14427 7590 10381
3621 14921 8104 16828 12583 2085 8831 16503 18150 7161 11731 7833 10075 6344 4140 12346 19002 7938 2617 7212 10428 16853 2862 16871 8325 2851
14189 7414 4406 13569 11719 15022 11481 19327 12140 3011 8112 19371 10323 19658 10540 4690 10321 9469 15727 900 7049 11799 17710 5950 17687 468
9573 13411 5332 15626 1761 15357 12175 6519 15234 812 279 6490 10572 14343 1437 8943 6978 19193 4004 7410 4952 7027 4462 10007 17243 175
13262 4439 14172 9257 17123 5741 1935 2440 1022 15693 13724 11401 8554 3933 16411 887 9276 17770 12458 13896 3426 6960 4604 9696 9485 11240
6278 7314 14685 8343 982 8076 7823 5600 11519 9858 4056 6580 9044 3069 17629 11600 10977 18198 807 10475 751 10830 4352 12951 3146 15284
4273 3333 8990 3654 6926 3453 3891 13983 2838 6189 5657 13937 14797 18110 7774 19668 4529 2872 19083 12823 16157 7837 133 5188 1476 1923
6365 4643 9149 12191 6331 4441 3998 14248 6184 9372 16089 11274 14730 4386 1814 10165 15769 18114 14330 8830 10339 17874 4148 14002 6134 2742
19722 17322 9795 13458 16638 8444 19738 19533 3810 8061 2793 572 15290 10777 2092 5914 14823 16142 9727 18431 16053 17435 17507 1583 19587 10841
19475 15982 10357 18998 19690 6714 11405 13866 3585 3512 9532 16233 10217 3640 8231 4390 3952 6608 15949 19010 3394 19162 11583 19325 8337 7980
19822 4923 4138 2821 11956 289 17392 14708 14344 3610 5960 18995 7814 15054 15981 4372 3475 19784 8862 16718 8292 1132 9190 19438 9307 12548
10373 3621 15198 1463 6207 5948 9400 9451 12156 1913 19922 12006 1709 6557 14591 5756 320 18177 14687 8913 9742 7548 305 4478 2882 10039
19248 18859 4424 5374 11337 10588 1867 4676 4117 14754 1761 12668 19559 10135 15347 1106 4210 8866 5650 7884 3131 18471 11145 1226 6015 15378
15875 16958 19948 2000 14870 19478 7176 4930 4429 19529 9169 17598 12282 8360 1696 14482 3006 16242 15624 12998 12690 7687 16666 11661 8217 9639
14508 15321 13482 14267 8413 8614 4921 17176 16464 985 15896 9299 10853 7400 12466 19917 14468 17488 13496 19393 17368 616 182 8000 15181 14387
15310 8586 8581 11119 16715 9162 384 8798 18196 1036 10282 9580 7246 1613 3328 16541 13338 19966 6293 2156 8148 5867 4879 2774 3701 19510
16677 4995 12018 7887 10469 8167 7513 2281 12790 530 18149 3558 4555 1713 3834 18320 981 4825 12519 11481 12108 16787 19153 5073 14412 17284
281 7489 10263 19341 12449 18971 7584 10635 16965 10894 19113 12984 16952 11924 8287 17272 18244 7428 438 1811 12839 15947 11192 13481 16274 1548
7240 7842 1343 14777 3276 19680 17573 11001 6702 14662 5967 1458 12880 7745 18149 15916 6306 10379 1232 6723 238 7668 11741 16846 6734 2835
7838 6151 14583 11212 3378 12041 17433 9816 9135 7448 10 11012 15918 11974 764 3982 10800 18351 6859 2167 2506 8295 16074 12530 14935 15043
10696 6651 2446 1641 14052 425 395 110 4139 876 17867 187 15765 16499 17506 3740 13520 13069 8447 19383 15505 16832 6544 3427 10584 11899
14805 6680 18850 18632 14049 9914 7435 11058 6952 651 10941 13227 18799 6168 16333 4225 18124 14158 12173 12608 7728 4796 16234 10289 17941 528
14005 13578 15600 95 14240 5401 6203 2033 10765 4255 11211 4179 9104 6965 7846 12080 13335 7502 6812 1274 14976 8489 16075 1475 15605 18497
15050 6293 5227 12139 7874 15029 10849 3069 4967 18263 18663 15848 12373 594 11951 11286 5430 19380 4276 12535 14806 3778 10352 1335 11199 8664
16468 16332 6844 144 19508 9836 87 7367 15497 16846 6139 11970 11918 17006 19686 11710 17474 2989 15224 18680 16520 14361 15959 2800 12617 11843
7328 9375 17842 11626 16509 12201 9600 15793 16641 11992 12654 8418 15354 5445 227 2962 17727 11336 3824 18103 12263 8995 19515 9967 3398 17684
19252 17406 10606 5257 8789 7733 11847 5130 15616 15462 2890 16063 18285 1245 9925 13797 8524 16421 14324 606 14107 9785 15615 11893 8632 6077
8353 1243 7611 13892 19813 2451 2066 3610 15823 11910 14817 15101 16609 9626 5833 5459 12845 12201 5226 13996 2943 573 14667 19257 19131 690
19116 15298 3635 3297 1086 11889 339 19072 8378 16536 3122 4761 9252 6281 1117 8894 6100 2248 5620 9996 19535 9926 19744 2156 5518 9246
3332 948 6467 17760 15439 15090 11147 17803 12393 19099 16037 6861 1131 18304 16396 700 7933 14354 6357 15534 18404 1808 18782 3263 18789 5656
9440 2066 10907 15232 4246 5759 5471 866 8293 8424 15160 16630 5230 17580 1303 158 13411 7046 4782 7444 7805 5496 13863 18251 14780 10679
9346 11194 17446 12546 17546 18703 19572 3183 10138 957 15603 16667 15756 14443 15159 872 12474 4786 18384 4483 6831 2626 11564 17619 7336 2200
462 8304 8586 5362 16070 7256 8836 11423 8233 17107 2589 2519 263 10083 505 12625 3109 8518 6299 17810 7960 12745 1462 12216 16394 17251
8114 6238 16056 143 5322 10168 8444 1568 19897 13071 2011 10506 3196 9292 7680 15662 361 15923 6221 7477 10527 13793 15440 17355 11914 16541
19738 16047 12873 19780 10012 7484 11573 18808 3776 4526 18734 12140 3234 1603 9828 1532 10094 14134 528 13980 9176 17586 11747 11527 7543 776
18939 17242 9975 16643 2933 7033 10019 10705 5848 17368 11751 9397 12719 3967 2961 14134 8997 9869 11214 8806 18655 10242 15614 8690 17237 2845
13667 10656 6752 11414 4726 9113 19938 12066 19195 11932 17329 13427 4790 10183 14981 6133 1185 5094 10443 9753 8994 12299 8507 19693 14746 19585
7020 15609 17600 6148 11544 1059 3407 16417 7552 16735 10309 10831 776 12022 5736 7018 16367 12827 16257 15988 4915 13569 15809 17295 488 11467
13606 7310 19529 4167 7053 6361 12091 10043 6620 10033 17874 5573 1778 3424 784 14873 8690 8945 8578 2920 2678 1977 3314 9391 9299 18841
1092 14577 11143 19835 3676 6880 2892 6341 6760 17929 12743 13683 2296 13469 13232 9412 13768 15429 9085 18002 5922 6385 19739 19324 13301 19520
12581 4662 2335 1702 7754 8382 4539 12828 13092 607 7036 9387 8316 3470 19304 18022 6546 18757 15666 6875 17038 11862 3217 15460 19912 3224
17901 4171 15464 1216 7893 15253 6139 11983 1031 8533 823 11956 6296 12766 14735 3606 14438 13725 11321 19323 221 16636 5679 8407 13563 8862
4855 19222 10653 18984 17117 2334 15330 19381 16893 6767 575 9581 11410 6160 2364 6453 5366 14971 11724 1113 13768 15439 14233 11949 18459 1416
18213 17010 13069 97 28 398 8508 633 15024 10781 8091 809 100 12530 16151 670 17214 9920 19848 17173 5065 9085 3508 20000 14497 13306
12086 1284 5413 8074 2267 1023 18055 5772 15671 19065 10054 2889 2418 19041 10588 12000 12430 1734 2907 2685 1320 12091 16559 7657 2026 16385
5586 8604 11266 1224 2923 14005 479 16815 1561 7686 10909 7138 15388 6424 3182 3940 8031 15512 5398 8383 994 15866 17739 13020 4256 5656
18373 16132 4967 14638 11028 13814 6436 12534 5992 2646 15733 4168 12818 4238 5795 5888 5750 9436 3064 2079 11975 5065 1089 1287 13692 19311
2284 284 9413 11480 5572 7164 13102 9700 12138 17144 7902 7934 16701 12427 13194 7352 6063 13399 19193 947 11113 4733 11632 6859 11540 5642
3072 8490 9390 1468 8686 10915 16171 14657 7498 11768 12556 1322 6307 13472 2482 4511 7212 18481 4293 4257 17076 3226 493 18033 2301 16865
18148 16152 18507 19242 2738 17424 533 7048 6912 10740 14997 83 625 8155 6689 10486 15481 8136 2183 18812 14169 2612 3726 14240 17745 4544
3418 14762 11155 12227 9549 18483 14686 12980 9952 4385 6531 398 5592 15328 15359 18073 14593 18293 9183 1269 9267 7364 15084 10487 4770 17334
15146 10429 4042 9654 331 5102 17294 12999 15894 13907 15486 18808 8626 19854 12955 13892 832 620 9614 5992 15574 13791 16887 1957 12030 6282
7111 9750 16316 15530 7229 1291 14935 16257 1197 1918 19680 19088 15542 1805 3297 16412 10997 17003 4062 1705 2886 15663 12074 14034 12669 11222
221 2855 3823 12381 4007 1802 15340 19901 1861 14637 4203 6606 10785 14752 16206 17650 12568 4088 2653 16572 1546 9321 3471 185 10802 8416
12501 6782 4173 351 14588 1550 18792 13140 3849 14827 17040 12442 3322 12167 8262 3590 3025 6744 4213 18653 9944 2922 17411 17166 19223 13874
7193 5271 8588 17219 2713 10635 16963 16362 11854 7831 9816 16474 14026 18612 16769 1615 8484 2005 2429 18406 16332 14515 18595 14443 15249 15889
16928 7218 16347 205 6263 1971 12556 6251 15626 10881 15717 19272 9070 14563 9570 18388 4014 6990 18066 5114 17590 19805 19012 4780 10808 3360
2455 14275 16812 19655 4841 1633 9636 6147 19815 15608 9838 19328 440 9473 18019 5471 1305 14047 273 8900 17041 15291 16962 4138 154 1582
15294 5059 10093 16941 1227 12664 11999 13308 4452 13861 6901 16778 9994 6546 13775 16790 10477 18814 5373 7805 9592 1804 12748 19064 8124 41
11898 1402 1325 4434 13126 2080 4335 2153 7308 9604 6019 18731 4008 5661 13728 11703 2190 2724 3095 7965 10936 3733 11350 5968 14801 15421
8344 15645 9258 12723 5961 1897 1990 2619 18908 8031 10242 17865 13629 10756 11746 8272 14597 8628 364 132 17555 19255 13420 8852 8259 5702
16131 10498 15269 16859 687 5140 6693 6878 2061 5123 16731 16153 14899 1338 18233 3289 16663 16096 13650 13304 18779 16127 3471 14947 17282 17569
12289 14583 6019 1932 9203 1885 19362 4042 6939 12792 12329 12230 5433 3462 5421 5302 8492 5873 8622 2599 6248 13349 5256 3388 15820 19545
9906 16590 15625 6200 4061 6897 1850 17751 5077 6718 19642 18693 12396 1671 16745 5105 12882 16296 18089 15410 14909 2394 3046 19722 1359 17299
16212 15470 16746 4840 18849 10945 17868 6810 8400 3573 2584 4774 19338 16915 16650 11166 8038 15247 11312 5914 2221 12465 19821 10757 6786 13356
15821 18131 15046 7448 8040 18279 14129 15967 16695 11987 205 17273 5839 5227 7637 2931 488 19427 5164 11542 8323 6476 12771 11108 6601 8121
4532 13465 3246 2000 7174 13343 5414 16745 19724 11377 11941 17683 8226 19425 16364 6937 628 3052 19049 17111 8693 16600 15927 14367 18175 10205
7376 5282 10182 12027 13436 7972 16482 9935 7425 4406 9041 18320 2783 16024 1739 16103 17718 6338 14808 11672 19926 9637 6844 6316 17753 9300
