365
2 41 87 67 10 16 22 99 86 25 45 70 31 94 78 61 1 70 47 22 87 97 92 38 42 80
8495 2391 14044 9410 8496 2787 434 18549 3226 4481 15791 1270 4201 11273 5298 16187 17114 14112 1358 7917 1938 16501 9083 2276 119 1635
3006 12725 11056 899 17404 4657 4735 16032 14404 13267 6674 15356 12219 13815 2080 5897 4621 3873 227 3862 3739 925 2200 13467 12131 11483
15066 1411 10368 11592 3046 12957 18568 1723 17480 14342 17996 11853 1970 3384 3649 2836 11242 8876 2514 8321 5203 1283 17908 7011 9238 12425
15446 19535 8966 1520 9421 10406 5410 19693 6689 7579 9832 19260 10355 3910 2628 10235 7851 14079 18189 16368 8452 10426 8726 4997 13822 17090
11720 16809 5241 17537 11958 17376 336 606 13663 10360 1281 19245 1082 16325 15128 3675 4930 9806 514 12075 12417 16410 3805 334 3194 18125
10471 716 17786 1209 19190 14758 1479 16907 3263 6555 16249 1633 6045 9343 19737 7185 5980 12857 2857 19958 11471 6257 13530 5788 1654 1932
94 1318 11963 8654 17180 19667 8493 4766 945 13115 8671 4174 18346 9602 586 6606 822 7586 8712 9065 5003 2015 17606 2080 10856 63
3576 14568 17657 835 17600 8851 11784 12230 11225 19071 8230 8926 16620 8167 13890 1846 7738 13262 15176 657 8805 277 18597 18499 10915 7477
14338 455 6134 6641 10126 11385 13600 14253 19681 326 7344 5502 2703 15464 15284 16269 4686 18913 18076 8494 15802 11392 3032 19407 5467 3930
11150 973 13393 15655 9867 18451 3465 9082 17085 17749 9374 7528 18865 1594 277 9085 13541 15942 14598 10910 18908 19216 54 5518 19939 8594
6810 2178 18849 17959 396 180 13409 17762 19511 10149 9099 6321 6626 8804 5091 18456 19004 2509 9837 6589 16345 9379 12712 16063 8946 10868
16466 11930 5964 13386 1995 341 19905 18346 8205 8644 10456 19505 1901 5921 11063 15718 1908 14013 3875 19858 4589 13740 14864 14111 19586 5287
13572 6547 10230 13761 15854 17945 5824 5526 5419 622 346 10563 19499 13024 16353 16130 1842 19140 3855 3713 6732 14773 7430 11995 10247 4664
1809 16441 13878 15176 10336 12269 17042 19365 6468 7528 3309 19367 2828 6953 7937 19982 12361 17848 4815 6038 17547 3678 2541 7893 19742 3621
1124 7707 7366 9196 3909 84 17727 10903 9552 16153 15096 13986 9501 11789 10461 6202 18915 14270 6164 13097 2534 3110 2988 4128 17798 11342
16502 319 4913 3610 11911 16182 10541 12223 4227 14067 19672 1269 14395 16910 5738 2540 18329 16875 4992 3037 15625 4199 5329 15094 4944 12570
12540 6226 6297 10453 18134 4737 1543 14094 19547 17137 13544 17517 1754 8178 7587 14658 2922 10885 11455 9445 16741 12344 11466 6945 11849 9406
14556 16040 13203 1569 7376 15341 9197 15288 9966 17562 10365 17473 16252 3187 4157 14479 18652 17686 8710 5983 8107 12378 14297 2277 12839 12809
7557 2577 17527 6900 11907 9936 1841 1120 19690 8435 11271 7942 12968 8298 9356 11177 2175 4177 16479 8973 19150 8198 10989 6633 14296 13247
10470 7939 1640 8076 7857 17318 18235 12380 1455 65 17408 19025 16453 5812 19097 4161 10502 15684 4932 2267 6066 16548 1695 146 2875 14658
7687 12366 7963 13881 18201 3422 7491 15918 17618 6712 10104 10145 12714 6129 2173 5350 3412 7570 10531 10265 16090 13976 1551 14603 12229 12396
14118 8236 8895 6227 6314 15890 3806 6505 5808 2975 19760 8921 7114 6533 12209 11032 6342 18893 14062 18982 892 11249 10018 15253 1762 4229
9791 13562 7512 8120 14068 896 4390 9050 3380 14944 1024 3367 7574 1277 5280 1922 10766 17780 18627 13833 15454 3417 11271 13704 15804 7218
17187 3893 17651 13675 16440 16918 12916 9016 7586 5093 14994 11436 13702 4051 2964 12849 16997 1731 17790 1434 7430 15650 2079 9520 19842 16700
14122 3569 14568 11884 5141 19649 18374 2634 15861 431 13550 16086 5323 19555 2672 14431 16064 7287 7686 4910 3730 15252 16566 6389 4467 2637
5325 12731 15257 10042 2002 2117 15704 8772 10435 1858 11968 15736 19679 1006 1829 13640 19193 8327 9697 1675 16470 12187 13675 10957 19663 19685
2766 1706 16178 13178 14267 10699 18507 16271 15416 18806 5673 19061 3202 15255 13236 2279 9999 4692 7606 13858 6783 17078 8934 13127 9430 3240
5387 19291 5900 10673 10313 8665 5703 4718 15240 15383 3573 1272 19535 16106 17525 14469 8574 8937 19935 308 13446 4540 11847 5029 5068 9630
7611 74 19916 16253 15388 1580 2329 8255 17867 10129 6739 13862 13505 5527 19661 9591 15844 16311 9089 3563 11671 17417 4062 12058 5479 18094
3848 2308 11771 5271 16099 12494 2093 2582 3866 1530 1477 17799 11549 2901 10562 16961 3476 13184 19888 9486 2759 7150 4170 58 1253 15995
15647 4466 11114 14956 1187 18351 7477 13767 3814 6862 14187 6662 12726 4818 14177 12821 13682 17150 14164 2161 15316 1176 6748 8884 9932 207
9882 12191 17661 17772 16137 11458 14111 1322 2821 8274 11145 4642 5437 11272 14172 1463 13336 19405 6567 19170 11511 5588 6455 19347 11571 12578
2313 5996 17550 17135 4331 4208 8465 18004 14149 11055 10463 1773 4087 9632 5996 11803 3199 474 16744 2794 13059 10013 6828 13468 10744 6924
1506 12072 8823 13506 11213 17401 7733 349 17516 6418 14441 19330 3451 3485 5945 8410 7007 12206 18582 15277 759 6967 4249 18365 18648 19072
17610 16495 11273 18493 5004 16172 17768 4423 19630 10425 15163 19003 15626 12372 12919 10634 3654 18356 2750 9490 11016 10755 17097 5937 3241 6277
1572 16367 3503 8637 6739 12973 873 18711 5387 14361 17357 17388 16333 9896 7522 13451 19156 10043 10953 3457 14870 6920 7856 10867 16281 10289
19267 1173 6933 11026 5636 2871 3824 2340 14892 14286 4167 4546 11095 8154 2927 7548 14733 19446 641 3543 1714 5570 9014 1849 1273 13926
11194 16840 19354 1161 3497 12684 6395 4371 13712 10760 13506 751 4005 3615 16704 7555 15573 1031 9211 11603 13793 18244 3636 9509 14225 11080
11375 17275 16173 18894 18024 1397 4133 9943 7878 427 10587 13654 13722 18975 651 5159 8961 2892 10314 18528 594 17649 2101 8665 10692 18719
12595 18287 11933 18306 9429 1180 12015 18303 10880 17897 17413 10910 11875 5045 11654 5769 2803 10812 17590 483 6558 7298 15081 13383 17203 17329
3877 15819 6226 13399 11149 5445 6477 14274 13677 14231 2968 12893 11312 10518 12199 8965 124 4840 13182 7999 467 6238 8215 9843 5119 11581
12608 14009 19116 13982 17056 9821 4118 6336 9056 5599 1464 11898 8400 1735 16955 326 3899 1349 13274 14014 16171 4080 12538 14005 480 2478
2190 14588 13644 19809 13277 22 19304 6134 12498 15345 16034 91 13038 1148 1754 6546 19357 16732 2934 281 11479 1253 10407 19011 5058 16306
3334 19440 693 18558 2702 2126 4962 6177 11858 3974 31 672 14517 14252 11752 18282 7746 10532 3640 14158 19102 16665 1487 10272 1141 1191
7467 13410 11335 1009 18848 10588 18957 1445 8769 19247 16921 4535 7272 19384 5281 9466 1970 606 18944 19874 6036 17563 17340 685 4220 17819
19978 11665 4812 9767 10416 10044 1976 10524 10429 1567 7444 6375 2518 1789 19914 3810 11883 14400 18177 11170 18585 5526 16049 13188 340 3255
7608 11360 15472 7392 14501 18478 5362 3377 727 1116 14655 6745 8662 10133 19260 8945 12799 3287 10903 196 117 12752 14582 12981 14930 4165
8345 3583 14788 8867 10063 2182 11105 12586 12214 11511 5788 3511 15321 9397 18369 10952 19569 2984 3972 12834 17404 17718 18359 5935 4818 7443
3474 12417 3428 15891 7362 7631 16354 16342 9816 1087 12945 14643 11685 8601 13859 8408 5348 16459 1661 15129 4737 1861 12005 1374 19518 546
12301 4629 8489 16320 10729 13304 9408 1544 13420 18818 8137 13544 11745 9287 13810 7252 7147 16724 13492 18538 11225 13410 2713 18746 13631 12874
5801 9144 9801 18004 11981 6934 17648 5446 17672 10288 7416 12162 7789 12037 305 11718 4841 5764 13562 15511 15373 15707 18353 11499 8359 15365
17880 544 16170 916 3945 13948 14132 3472 5857 4023 13525 2194 7358 9785 16458 19042 7079 5040 18495 5549 9723 15363 11728 12405 18990 19671
879 306 7198 13747 13265 2022 3487 18256 18212 7831 403 10830 15675 19112 6178 18255 3638 18908 1872 4688 15481 15582 8332 13980 19090 12573
9515 16356 9992 2634 9653 2123 10373 4082 15778 15636 2657 16902 12980 8682 19723 19879 16983 6247 16443 19734 8318 15751 18522 16701 9387 18865
2271 13365 8536 17698 2630 17102 10634 1843 8480 8410 3058 12557 7180 9374 2122 11312 11828 16847 10607 4021 11408 12696 10222 1953 3805 17197
6810 14298 17733 6269 8689 10536 9800 17739 17830 19280 11477 8178 6889 15095 10979 12041 9995 17462 4512 5703 3065 19341 3655 18153 15653 19815
14514 9532 19850 16290 10893 12322 3551 5113 3200 2240 10550 3484 10426 16259 1591 2818 5921 12281 3505 7036 6687 1188 18852 8637 13936 5631
13860 15516 9885 13946 12012 19843 2151 12913 17321 16766 9062 16930 14839 14854 7764 16710 17763 6294 3922 5081 9971 13778 19042 6083 11046 15839
11448 9466 6607 5330 18913 14880 6194 6127 6935 6053 10489 10016 13632 16300 10397 14396 7355 2229 8810 18046 6821 13959 18461 2144 17263 12297
8748 7764 1867 18983 6091 19609 3335 3667 15295 5599 8885 5678 12717 6410 17299 19042 3529 19234 5387 14901 17564 19941 12713 14768 9190 1138
5701 7751 13139 2430 7968 7459 19955 12040 12279 8101 17166 9494 5901 9154 13047 8196 7549 19111 15477 11997 7010 11492 10550 16781 9134 14216
11988 18739 1158 16215 1262 742 12148 19888 8947 18350 161 15553 16282 6606 10756 3354 15560 3547 16760 17225 5231 16911 1872 4104 11514 10884
11041 178 11010 2280 8928 9215 12027 16644 7899 2630 14260 8926 18571 11863 7296 5102 3024 2040 18850 3368 4492 8858 9522 1935 4942 6597
395 748 3414 9197 8562 2071 3790 17365 5839 444 18291 1849 2255 6431 111 5446 13790 6484 18523 16911 2012 11885 969 10900 5516 16177
15077 9300 453 18013 8329 16296 6039 9492 13411 4439 15634 4071 3742 12996 2829 2445 10410 965 1335 4863 9776 2587 18978 1662 14990 13311
6528 17530 6664 5170 6414 5514 16661 9821 4245 10467 11526 3315 14653 7920 7233 16210 1903 6945 11136 16050 7905 10856 17246 14834 19328 951
16413 14805 8525 365 709 6528 13139 6946 16522 2399 18354 17232 3542 17226 5672 2681 8142 10614 7953 18510 8860 16380 10178 8499 17045 10981
1456 16249 17392 12838 13042 14645 11043 5553 3793 18065 12586 6636 16448 13966 14012 13508 14766 13015 16078 10255 6037 5404 4992 5230 2377 3557
7592 13166 6759 15919 10057 8173 8340 16748 14200 6322 3679 11466 8270 16901 10103 16049 7684 9469 48 7764 5618 2476 12581 17465 10699 19849
12827 18379 1385 15706 5242 703 6148 18820 17134 7605 8279 6044 7669 1489 7965 4931 11192 11548 15595 6190 11848 11005 3737 1471 3451 1913
13424 9691 14656 17280 5030 13819 13846 10634 16058 13698 989 10935 4726 4259 673 14440 12616 11434 7153 13108 9671 18974 3000 9882 19628 246
4461 7727 2538 8160 1558 2186 15966 455 16539 3582 6365 4840 14486 9862 12104 10603 11374 15793 8307 10272 5100 5932 18524 8820 15552 5846
8396 11493 13730 16095 4214 10814 3008 16865 4018 7121 1720 11838 10992 13296 2197 8125 1493 7447 13463 13945 1539 2275 17345 1275 12607 5502
11042 13900 3684 4390 766 5932 4306 17704 11181 2296 18656 19552 10973 5169 16848 15232 16998 344 10853 6976 1258 5271 3278 16162 3035 1206
4261 10320 4247 19236 9000 9140 7364 4244 13225 11996 11058 15803 13595 2142 3565 10171 19619 6960 6498 13596 3537 2074 11175 1579 724 3969
18940 2938 7314 7943 466 13174 14344 13278 17136 8699 18690 12141 19298 10152 11558 11507 1165 13614 14578 19871 10942 8084 5682 9053 14987 13036
15424 7321 598 18721 5964 13685 10652 16586 1615 6990 7919 17128 19281 2981 16467 1624 15658 1852 11992 7474 10990 8875 18235 839 11816 10307
1076 1328 17545 162 17777 4460 5687 5440 10471 12586 11815 14031 7296 12011 6819 15448 1099 7665 14619 17004 5432 1337 1060 314 4546 13523
10337 5460 4825 16070 3149 12781 1293 11882 4036 19198 7845 5514 3127 306 16725 8764 11446 6575 15850 9423 17492 13243 14123 1862 17023 15472
7699 15650 234 18343 13923 19981 10225 15433 17589 13757 9920 6732 14428 12314 15557 10436 13338 5440 13650 12509 9746 13354 19073 5828 16155 11095
649 44 8633 3436 17329 6211 14174 6255 8280 8690 19177 16168 9737 5806 8975 12205 7696 12876 224 7534 4161 11294 8581 11519 9637 2913
14530 1635 19333 7410 9545 9433 12204 17799 4682 1782 3778 9461 10831 14585 6049 3856 17658 17088 18016 17900 6039 14778 414 18578 8062 7326
321 8066 5451 16053 12681 16145 8419 11707 15708 14163 3776 10784 10905 17167 16856 1482 11925 12842 12653 9384 5479 19599 7459 4656 14291 57
2155 3020 4055 4927 19036 7528 12595 1724 1777 12586 3935 5223 3520 13750 768 14046 5491 18576 8168 2193 14585 17539 69 1058 13063 17376
7316 3946 12869 15329 12005 15994 3565 14238 3351 7369 12095 13427 3871 10509 7364 8452 6196 9254 18647 18706 7836 4677 14986 8788 17902 12941
5334 19230 10552 7831 8965 15388 5838 18203 10757 15459 16936 15927 11776 14458 18215 5280 1057 1312 19075 7693 19576 3004 11637 2963 3805 18903
18401 2082 13958 17916 18594 5866 4727 11330 17200 14869 584 16667 3769 16199 3169 195 7216 5381 9711 14094 1704 11624 14503 19519 400 6583
16073 3298 18060 4990 9934 13887 7294 12908 17628 7233 10604 3926 6467 18400 16767 1561 12732 16618 12801 5040 2582 6909 12452 15031 2748 2890
3032 16896 16396 15763 4893 14520 4098 7561 16549 4641 13697 18246 13629 13358 5215 13205 3831 10677 4242 6562 9589 1679 16910 2038 13547 14370
9094 9443 16288 12789 2025 5495 19049 5180 5008 691 5861 5874 3619 9465 3666 19980 19422 4799 16819 10344 11268 5188 1832 13793 4488 18591
4236 17865 19572 6981 16629 6624 12129 18795 10536 10576 3784 16306 18078 4173 49 5433 5623 14718 15371 1460 10835 14762 13577 5313 7054 8896
11227 19005 12774 603 15272 1688 8924 13838 659 6673 10393 6181 130 9793 13552 8881 10484 19425 6632 14498 18273 18854 8061 16499 6325 12983
19210 15725 4061 13583 9080 11453 5911 17126 19333 15440 19459 5853 16406 18732 12725 11968 14116 11877 5366 2796 13419 938 19421 17896 7439 5186
1562 16574 12702 8666 9908 18957 9872 16334 8158 19000 2842 4164 4862 17894 9857 4330 5316 13690 1019 12296 14398 7595 869 7293 12566 18056
12903 8791 16640 7536 7684 8922 13732 7491 8956 8658 2375 6053 14353 7099 2941 12151 5527 8902 2147 9769 19198 1813 19192 878 6783 4913
11022 16137 164 9501 9169 9317 2017 14145 4060 14524 1877 3441 12170 3911 2350 6634 17883 7693 3143 8996 13621 13812 10008 9502 14387 7346
10404 1420 15056 11147 6858 8213 1668 10773 3311 19680 15441 3461 18415 12832 2252 12186 15772 14738 5864 6913 15215 19599 17707 8739 17366 18375
11554 5513 12178 5767 3181 14341 18182 17136 4180 1960 16799 3883 13579 16014 16475 11258 68 10072 15212 12476 16858 18823 19748 14657 16309 15486
8300 17966 8290 7338 8360 15279 3018 13293 16327 13630 3139 848 724 8727 14187 7588 18502 15633 16243 10106 17938 9382 16087 12178 18686 13625
17511 15207 19313 7535 13142 8297 10375 18294 10716 8864 14021 10226 16147 16353 12042 2813 14817 8781 5730 10573 363 5872 5776 1253 4362 16979
18800 9919 10319 4838 16708 3275 15439 10746 18399 11656 13997 19678 6267 10572 5015 797 9882 17141 7141 6719 5542 19406 1738 1795 5965 13894
6886 86 17014 6248 3445 10584 8324 3649 5248 5494 5647 13250 10518 5094 6774 837 19990 11958 17497 9607 13206 13640 19536 10401 11880 7071
17596 16936 13855 7601 12909 14805 19056 667 3396 2825 15243 9375 9664 16507 7509 12417 751 9775 4239 18033 15681 1497 14853 14061 9751 553
13714 10601 10568 1438 8558 158 6860 9913 10492 5762 14258 16343 19831 14544 18720 16697 14 14324 15602 15216 9910 5232 12075 4333 8755 6120
7979 11081 15724 8597 15437 10811 17974 19374 10496 6980 19562 19277 16258 19590 3611 17388 17214 7873 1769 7359 8485 18052 7533 8145 15315 15440
8138 7714 1461 14588 5226 5806 9557 14302 13294 1308 13764 15969 4246 7280 14070 3824 8455 16194 13664 7917 2261 8276 17223 7388 16651 6267
14799 17676 10594 3643 7101 13128 5340 1411 11399 13956 12066 16876 267 8027 9310 12338 9645 8171 16288 18712 3819 8650 13989 18232 1994 13146
18288 12933 1735 11139 16548 9757 314 2181 7390 13133 15251 16545 12512 15644 16727 7016 8831 2474 4718 5770 13769 803 16186 3741 9366 17217
8375 13441 2709 42 3330 13413 15278 5616 6820 3702 5215 9680 3681 13270 7360 7371 17695 6506 4484 1636 258 11414 18791 10794 14949 1662
5813 3397 16479 8691 15197 5927 4479 15885 14421 6188 3371 10180 16422 12842 14161 11087 672 11508 17613 6605 16967 10447 6855 11157 19316 16136
6853 6664 17483 13734 9852 6439 3528 18548 7499 4785 11859 2445 4081 8602 10766 5438 1443 4021 4872 577 14967 15915 18312 2412 19994 1482
3701 15405 15609 10409 2512 13557 10616 15791 17459 15792 14458 2916 3504 19731 7721 3366 7806 200 12043 19593 8863 12702 10046 15773 7797 9999
10534 6866 1091 14706 3826 11582 16800 11141 1257 17804 15148 197 9518 5069 19229 3925 6237 1650 4338 14395 18800 17380 12823 3479 6411 10345
11492 12710 3232 13946 2867 3927 19986 15287 12151 8757 12712 12102 11961 2593 3924 13170 12877 15958 7623 17712 499 11804 10840 17442 2278 6350
9135 8042 15127 17 4846 13027 17008 8052 6711 1049 17592 497 11901 10631 18877 4425 13704 10949 12263 12302 12952 1186 15188 19161 3082 18880
5672 9387 10975 17518 12942 12819 13370 5911 14676 10815 12023 13313 921 10351 15127 19402 14227 7409 10853 251 6489 12049 18650 14677 9472 5076
1228 2700 17712 6851 10468 16059 953 7100 3621 10280 11690 6488 9914 9321 6704 7374 7311 5917 5332 16790 7580 9771 2851 1528 16788 9670
858 18695 2145 9028 16679 8964 7695 7132 11027 7589 8886 486 5876 7716 1855 18903 968 10182 7986 4681 5007 14410 21 15014 12103 204
2320 17948 1044 17781 6209 7002 2136 807 3491 10924 4782 11448 540 11765 14142 5109 14519 11734 4946 1782 2983 11137 15240 5269 1584 5734
17804 19250 19305 17818 18642 2401 17885 19032 15684 14391 3701 4191 2136 18263 6212 8411 19612 11438 5813 6844 7854 11477 2024 9301 14490 17915
12187 11724 6388 4562 8194 17784 2279 8210 5737 565 10173 2703 5031 2693 7717 9596 7978 13217 4129 12001 17527 9739 16308 2217 1280 9029
12542 14637 10733 13328 6086 16931 4504 3693 9273 11878 16993 16291 19704 2254 11507 10995 3837 17758 4610 600 18637 17580 1267 12906 1871 18896
18625 15635 7517 16495 15298 10417 12010 19872 3268 18814 7731 10683 7416 19037 2796 650 11209 918 1269 5806 14898 17373 15211 19222 19287 9758
4910 13048 15365 18092 16460 9153 14228 15151 14768 24 15082 5158 3862 6131 15519 3684 1453 15610 7972 4661 14773 9977 530 15889 7720 8315
17199 5877 599 15879 423 6606 9307 4322 3196 803 6296 18226 1997 17493 2019 3241 383 15847 1206 17978 827 13885 19418 9472 9000 7876
16534 15569 8718 16995 10880 13934 9143 2455 11355 14710 16951 9440 3047 4621 12856 10516 11458 15381 8677 6796 3722 19220 2271 2996 11649 15495
4757 1734 16307 9944 6913 14966 9300 24 2332 6192 4350 18056 4560 15866 2556 1882 16577 16169 10472 7896 13125 7807 14309 18494 18840 1630
7951 2083 14706 7741 13594 2358 1465 17773 17771 8291 2576 16391 5547 12712 13168 932 1526 11706 9883 12654 15616 14236 9888 10029 11300 10943
8199 5399 2121 1805 13668 16958 11547 17387 16112 13078 13596 7918 15883 8278 2529 5248 3507 12503 3234 17249 10849 19900 8251 8513 17096 17880
408 18735 18803 15831 2054 6133 13159 13308 9859 9237 14729 14284 12017 12269 14102 11525 17547 6469 19810 4865 1212 2851 15188 12595 11984 13731
2787 79 14 12035 2736 16589 4079 1900 13610 6114 13312 16450 5372 80 12126 19609 4456 8369 4448 4770 4407 1876 2374 2787 15533 16309
12388 17111 10673 14573 10823 7601 11169 11211 1539 9428 12695 15891 15852 3763 11643 10298 9993 7790 10516 4254 17525 6323 4530 16894 13854 751
6972 11094 1319 2031 13083 446 416 14788 18576 1304 9914 3431 742 12772 4653 14104 8468 7998 13999 12062 14458 12083 9903 10645 7437 18417
19151 7239 4235 19609 19612 5769 5372 16280 4477 9200 19197 6016 4211 11285 3769 3039 15265 12202 11090 18169 7932 5387 4757 10090 12598 13401
19504 11441 3180 4534 5250 18049 10225 2957 5620 1025 564 16345 3157 7077 9708 5319 4579 7734 6393 624 2217 4725 19858 14528 2068 3757
111 2850 19585 9131 11363 4147 27 1230 17944 11942 3085 10391 3092 10322 4593 3377 2558 2190 3593 1756 5489 4227 8473 19360 7842 10641
1705 14098 11583 643 757 13996 14551 15390 7017 17653 5589 3928 17549 53 10285 207 10364 11218 12109 17392 17464 4058 9717 14739 12521 3779
6698 2544 3300 14260 3383 3238 14867 7099 18927 12477 9594 18665 9648 13720 4165 2089 14271 14166 10239 1139 1401 13105 47 232 16099 9303
13423 12156 11391 7043 7256 8857 5213 12905 5619 10888 19215 8307 12905 7575 2588 12472 14676 2432 10702 9197 12015 17637 19381 5103 14942 14051
18211 12688 7851 2621 15475 4381 6387 350 7231 1902 2643 7689 17168 4738 11647 19236 9975 5858 609 112 16655 7536 5984 7415 2155 1934
7444 4574 7410 15423 1410 8433 722 2791 16805 10751 6033 13935 19558 2191 18330 7162 10825 8954 10069 7937 5943 11007 5614 19617 8387 9667
8366 17927 7005 17549 18873 669 14869 17274 10946 19561 5345 4472 9179 19623 12669 2371 17159 7502 6308 8591 11751 11899 3351 11041 5325 17263
1895 9128 2824 8830 18404 7426 13246 19943 6161 6181 2364 11510 7443 2200 1027 3263 4632 16214 15552 2259 11027 4694 3535 4531 12390 5361
11239 7768 13646 16582 14296 10107 14067 5910 6854 13341 16699 9286 6881 15378 838 976 10585 6671 14933 10411 9282 7085 16153 11112 19600 6051
3061 5633 2794 9141 6867 11097 4633 2142 2077 7953 7453 918 19359 4791 5968 5844 19406 14221 4395 17260 16167 1015 16537 15757 6404 14164
8908 3613 11695 3 19927 19923 9493 9290 4867 11424 9239 2173 14695 416 17625 12698 3897 18233 7990 9073 6514 4421 14797 9500 16117 11130
6954 11358 8948 11893 15074 10235 9866 4930 9905 2114 13957 3072 6854 14531 15683 16762 5772 18869 11946 4371 3359 7691 6227 12527 7682 13336
5717 2678 12294 19447 7451 3074 1140 15169 16368 4670 17339 1484 11719 10380 19890 3192 18210 4486 2952 2911 5589 11502 16277 16359 17375 13460
5693 14516 16804 13364 465 13123 19860 19153 10901 19213 5991 9805 17642 14519 12002 11604 17310 11232 924 11725 6535 10171 8569 18717 12289 17364
15609 6146 19649 680 13949 4593 2410 5 15 12820 4372 11202 10099 6377 13491 15538 1484 14482 12293 7166 8553 5762 16726 10607 8404 11350
8837 4493 19070 10119 14764 5741 9699 16916 639 18165 17739 8100 9909 17731 809 18893 8444 780 17076 3678 1422 883 7742 16920 8431 11468
968 3392 18126 12941 14208 11963 16526 7315 16681 19639 4914 14201 10777 11100 542 13235 18678 8592 19591 5109 2932 1761 11112 12871 14256 12856
7479 16781 6770 13585 1001 6132 753 6940 12789 0 4464 4644 15536 3221 10587 8886 6698 6247 98 12563 16863 3260 5936 14363 19649 8859
11516 1542 17052 6604 5417 1757 750 10846 17597 3189 11337 2279 11750 4532 9185 6666 14921 3523 1024 16468 19015 2612 388 12867 13589 6334
1427 11411 616 18135 18377 9776 3264 12113 14454 8945 16609 6443 19812 15352 11652 5019 19478 16442 7901 6531 17419 15098 7901 12904 18489 5294
4238 11277 18831 9498 7342 11423 1654 10652 15831 2889 12011 14752 1566 16750 7598 2608 19997 17257 19433 6330 3906 13532 17896 673 14986 2914
10 16375 9780 14883 8958 4803 12003 18653 5656 11170 4400 10238 5677 8815 2334 17763 18571 7641 605 14251 113 10802 17577 18885 2888 17981
16509 13055 19120 3124 14336 10877 19837 7710 3064 19889 7524 15034 3883 15391 9215 9012 19238 5675 17459 9149 16656 8060 406 1944 122 7536
16772 14062 5427 14536 7338 4499 9881 6385 18163 14710 5585 19082 165 9524 18223 17716 19234 8317 4708 11268 18217 12860 12973 16327 5294 18048
15255 1353 8162 6422 17446 5939 1984 3287 17186 15387 18521 17016 14656 3167 1197 3312 16015 14867 18145 5077 13099 11497 16726 772 15484 11180
1308 2971 16458 8202 14951 10495 13864 11412 4649 5807 13427 3004 3475 4945 14140 7174 5284 14208 8587 4727 11833 14374 5129 10791 16687 15765
9670 19861 18261 16740 4137 1631 16788 5392 4016 16716 9687 11971 8408 11225 18392 18079 13152 5653 12682 18147 2241 11448 4068 15763 19059 14530
12038 12180 9125 17199 17192 4839 5610 13587 2206 16501 7903 11967 10580 540 8100 11055 7043 7120 10721 12367 15816 7551 18624 18966 822 12625
16528 14060 17178 19710 6893 9597 16793 2444 16973 12688 8454 11208 15250 4670 1118 7991 3305 8072 15525 11143 6985 13287 15484 15128 5156 3990
11797 618 11622 15723 5647 1004 13143 19528 17965 3302 1408 18169 7262 14670 11133 7110 7552 7106 18837 11029 1714 7331 14710 5428 1659 15446
5112 6966 19380 10992 13173 13736 17676 10566 2507 702 19011 18926 7929 1930 19937 6359 14551 646 13994 16946 7692 3630 14841 17199 15480 18258
4600 10996 17941 6259 2926 1157 6843 1892 3755 14347 4390 13378 13706 7062 1065 6477 6491 18788 773 6725 9973 7645 5073 12125 11117 10513
2271 14616 9680 11285 5718 17419 2155 6694 8229 10538 10020 11640 11362 13214 16141 12586 17740 4814 12259 16406 16223 15595 19841 15405 18256 16851
13411 16537 11795 10298 12626 7092 1622 12400 19211 12311 15641 15889 16736 16554 2959 18608 8292 739 10266 4547 827 15918 1744 16441 9401 17756
3424 424 16924 18365 9671 5144 1174 4094 1628 5338 7064 3844 16494 18202 970 8309 9635 7418 2684 6793 560 18382 19199 8740 6475 8397
2557 18222 13403 14709 7049 14216 19321 1076 13793 10503 8722 6645 10128 10754 13490 19929 5532 14057 8591 18979 411 2954 295 4204 5095 9764
6889 8488 6895 10621 17972 10916 14224 15022 12584 8843 772 7781 19462 13347 5648 3863 9054 18846 13697 5634 9132 1603 6997 10238 15880 5649
13212 8270 4911 18461 19773 6688 16617 12078 9101 10954 19158 12932 12876 17533 18228 5807 11350 14591 13240 11062 14269 8873 18177 11826 3228 13230
4480 7396 4271 6729 3469 18320 14013 209 13322 11897 15396 1987 9778 6290 12115 2516 11730 15853 14001 19722 10989 6814 2700 2810 4542 2648
1499 6380 19505 15717 5467 16208 336 1901 15637 18761 14474 15672 12838 3677 5971 14763 11838 19567 5742 16076 749 2226 7291 7866 18039 14264
8287 7591 8471 7288 8960 8612 8532 4553 9377 2850 18653 628 10579 12436 15715 16157 14914 5839 18484 5646 17810 19625 15815 19219 18427 6762
3976 14320 7337 489 11017 5987 18482 14443 4728 17159 12797 9040 18609 11931 2963 2370 13763 15265 13510 313 6509 1485 1998 17134 11364 284
2976 16838 8494 19123 19857 17675 980 760 15930 492 17724 12444 16460 469 19100 18681 11995 12095 1645 8981 11786 10298 15901 10605 9786 15319
4925 1629 5750 14480 2363 12108 3572 10606 1119 15335 19982 15276 13119 13079 9787 10255 18254 19379 268 2246 3268 3563 17961 17365 1523 10068
10612 19854 4896 1026 4091 4108 3402 12257 1124 18167 832 14342 348 3561 17008 6528 17369 19418 18745 18378 17463 4188 12196 17672 4856 2076
8722 919 12402 16523 6780 12097 3005 17903 6512 964 5825 12745 11139 8808 7530 19267 14718 18396 6680 18983 11110 9676 12594 19643 11473 16902
17574 3696 11075 7245 1148 10146 493 8646 7149 16305 6010 2731 4744 5386 16881 2033 5665 18253 10032 14134 13384 13466 1062 6633 10016 13438
17467 1363 8013 13239 8021 14818 6973 13609 10965 14960 7468 5720 17118 10597 16463 19825 14865 19850 10321 6861 6344 13958 14231 7680 5290 13749
8384 6996 9979 15193 194 12206 13866 1300 17563 4588 1261 9006 3847 397 11488 8001 1283 13410 9518 14177 13026 1810 16109 15192 12570 4365
4591 8977 12440 5593 13860 9259 9191 6283 13690 13349 9560 5718 3714 9053 13032 19405 6657 3400 9246 11374 9285 1100 15043 15818 14008 7715
5099 13462 12198 3911 449 10840 15200 7568 1468 11884 15737 17874 18389 5325 19761 7470 14252 3383 6753 9500 9702 16187 6435 1537 580 17619
19656 12432 10700 19175 4101 14192 6838 11287 4490 12272 1907 15015 9026 542 3983 2961 10995 18814 8400 11709 18665 15657 18372 10013 13610 6485
7827 3779 1313 3831 15385 11652 10731 176 8374 17884 2423 38 18000 16660 18649 15898 6299 11087 10172 10797 15633 2174 14970 5642 19893 10590
5811 14950 6634 7398 14892 12271 6238 17421 7737 5133 13795 10746 16966 5813 19390 5620 3096 14150 2043 9248 6409 14671 3867 4951 11163 12524
11106 18320 3094 6776 4691 10688 62 9708 19052 5648 870 11218 18908 14904 14774 6232 3973 8590 706 2445 18317 1462 10780 1009 19133 6178
7374 4349 18994 15047 13874 5327 8183 13135 7517 15786 584 19720 11490 9730 15610 11842 9963 14224 16850 9775 2025 2167 4604 2264 2877 13036
10651 15586 11885 11250 16539 11720 5933 12811 16965 1665 3956 9397 12462 18437 2219 4557 806 18164 13157 2352 16190 8060 14264 18262 7551 8540
2514 9686 8513 11223 5925 9690 17499 10917 18013 5298 17045 10800 6897 14462 1210 17133 7232 8911 18882 18036 6761 5413 7523 7228 10923 1977
16905 14821 8536 15481 11782 13236 3717 5264 13984 8821 7952 6400 9516 16447 2591 8338 19895 5703 8495 4791 19025 10209 12233 10116 7370 18161
5129 4766 4582 18519 13289 9362 7424 17491 3157 19367 13004 11564 1384 8180 9481 6383 7973 17347 8121 2174 7597 19549 7833 17011 15320 13613
8561 12516 18578 12249 14583 2040 3658 4907 13593 10080 8498 5236 12777 692 2914 14290 17860 5208 16610 16595 14412 5490 8469 9380 11667 18977
18305 16072 3767 14496 19516 5162 883 9909 8517 9332 1488 11605 12647 17309 9014 13327 13256 180 16667 9803 311 14729 14092 8781 12371 4306
14844 18571 5318 17189 16740 3946 13144 9418 3555 14982 2764 15055 12114 18439 4804 11628 2340 5529 5952 15969 12285 9641 15147 1504 16409 4108
10446 10244 6189 11311 2556 7821 6255 11343 11114 5896 18838 17268 4038 2878 18592 19772 19432 6552 2346 6455 1542 12584 16246 11496 887 13108
19832 9240 8900 15621 17218 13415 13352 5902 11249 6475 19858 19074 12529 6274 3021 11857 8258 1924 7635 3637 4375 1211 3532 5509 16115 10598
98 6533 4349 16970 1433 2061 2156 7015 4808 11378 1229 12224 10769 10426 15781 15903 10730 3957 16770 3114 19342 4449 1981 2641 11384 7799
12744 508 17927 3735 16323 19931 11918 17366 7546 11416 13408 9761 9904 4214 12515 19592 11762 4092 8091 6921 7914 14240 10721 19553 12674 19142
2317 15810 4014 13692 32 11919 9635 7732 6909 13046 7891 12521 7463 9884 13086 10599 3616 4806 1706 11245 7597 15943 9501 899 17198 10326
6090 8687 6448 4617 821 15304 14641 11646 3350 4946 327 8938 622 19942 15951 2121 5485 17043 15746 5628 8879 3673 12548 13618 1519 4825
2101 4205 3733 14220 9062 5143 2719 1498 14321 8565 7371 64 2034 10279 6792 12458 1294 13943 4107 16091 15384 2047 1711 5032 19346 5365
19409 10478 12140 17583 4890 2519 59 12551 8734 13693 10278 17757 589 11280 18547 515 7035 7170 5197 14259 14390 4862 3908 11558 4272 7973
11454 9040 15579 5930 1761 6559 14759 19788 10148 5334 2582 4946 10010 1176 18435 5245 5819 11624 16380 1581 3303 15538 7574 7427 12290 5534
7682 16786 8178 2664 8175 9727 5805 5508 7785 14083 16230 14182 1693 17456 515 16988 7551 13277 16880 7359 16588 18220 10674 7912 458 15450
11290 18938 12193 18575 7309 7673 2380 16834 2621 19268 15806 5946 10789 9249 19664 19790 3009 17416 2222 17974 9229 3221 14355 9560 14961 10491
10232 860 6707 12348 4719 11050 2075 10039 4571 9301 5805 16429 16642 18611 5216 8052 14255 16079 3265 13070 12304 14821 2250 18807 3399 2701
14938 7629 12090 18163 14964 3221 15862 7320 8974 698 11189 3190 9735 317 1277 19547 19604 5320 16547 18613 2623 16287 15879 9618 19460 17042
10712 3663 7695 19786 19190 11623 579 6547 9129 13071 9472 18958 793 6748 8739 10721 1257 8939 1891 10574 13422 7797 19653 2131 4816 9828
15005 5008 9390 12768 1643 13882 15313 8552 17218 14383 5565 3975 11521 714 13715 19192 2144 6447 5300 13687 4438 7805 5569 13777 12576 1080
14546 15350 11093 15989 12258 601 9822 16010 6453 11766 12665 16525 9357 2341 4404 14023 11902 2055 4642 7828 7975 15801 11535 2366 8927 869
5296 1453 12288 3754 1631 6094 805 18780 7147 5720 11120 11382 11433 9231 14959 7567 15931 510 7441 6560 16078 18682 14573 542 3059 5962
9096 1075 11542 13145 10804 8279 15627 19800 7933 19699 8056 385 16866 7059 9944 12416 17560 8239 4869 14642 3033 1188 18226 8797 12491 6414
2718 14009 11856 1730 564 7922 419 11818 19626 278 17192 1522 8554 7041 19671 15631 12468 1175 11827 17628 17061 2744 11521 1680 11263 3060
3026 11716 13134 10420 6494 4299 5288 394 447 16489 17701 3086 18871 9408 1037 17720 15902 17155 7195 2175 1532 114 5780 10114 299 16908
11513 10822 11486 5572 19438 3217 13646 8543 2040 7989 2265 4558 15389 16924 4529 2776 8724 14133 7617 16960 12233 16741 6761 12586 2775 10495
13942 19711 2890 6895 18741 19062 5641 15651 16824 1244 11939 2016 18743 5183 6468 17248 1382 16525 9317 9780 17969 14864 3784 18026 4170 18551
5501 4224 6846 11426 15149 5145 2671 8081 1539 2759 10833 18194 6455 16805 3615 8430 13651 14667 19966 9459 5060 14832 7810 1992 1534 10000
698 1195 3428 1366 7148 18773 18650 4803 18460 3604 10441 3915 17593 16658 10902 15049 18714 11049 13430 8851 5087 13652 9817 13118 14106 3310
8137 15900 19686 14002 5449 7981 10789 2654 1117 16330 12046 2910 12756 2960 5416 15994 4346 8390 17038 2286 10342 12602 2266 3511 209 2973
5766 2732 1279 19803 13490 11067 14012 3100 14198 4024 6401 17305 160 2909 18912 12892 2936 15088 17535 7201 4233 8134 4006 13549 1257 5491
4918 14424 324 5521 8752 2145 11699 9582 6795 10849 4535 4031 17444 19267 17937 5481 2136 11534 2472 3365 12674 814 7696 15794 17063 3479
15431 5920 14724 3752 15237 2335 3128 6737 19525 7096 12949 12191 11283 10980 10810 15565 10868 11407 14193 1761 9703 19145 10604 162 18017 1838
7595 7635 44 10903 19867 16609 19198 13438 11827 547 19903 12870 19114 11283 3611 4223 12504 558 2878 432 18779 2000 9011 3428 7814 7181
17650 19224 12424 2121 4505 14236 6472 3514 6234 4234 10250 8361 2910 11897 16751 6925 16990 12313 2125 4756 7679 4778 13233 15832 2757 16241
8655 1194 7127 15815 19050 16189 3644 11601 13672 3889 11541 10976 13890 16524 2918 10404 11491 11037 15133 18139 9713 12444 6488 8917 8732 9408
3969 12272 1332 7506 1147 13117 11370 4834 9510 19497 591 16124 15078 3723 13739 16206 1772 2762 14351 7805 5552 17169 9652 9265 16613 1693
8944 16854 14861 11002 4515 9271 8230 5961 11129 17483 1560 5008 18260 5954 4624 13622 4670 5688 15635 13520 17492 9786 129 16820 16320 17472
3420 6463 4799 12603 13161 9696 11241 6064 5793 1397 1068 10245 16024 2397 10742 13434 359 5407 3301 1854 2647 5639 17412 10748 18950 10010
4106 2377 16296 9146 14696 13930 12690 12971 14477 10380 3212 18590 12041 3934 2164 559 5353 12643 528 17970 712 12248 3394 14969 16325 4040
2026 5457 7930 1864 16651 18366 8217 12415 12514 1934 15468 10964 11270 4348 10844 17631 12172 17314 7605 11403 14511 2052 5239 7136 17650 16310
3968 15653 12114 4922 10824 8655 13151 18281 5850 928 10166 10529 17851 15564 10828 2883 6197 8574 6608 8071 11348 16528 9216 1323 14436 18648
381 16174 10079 861 8709 12578 10717 16554 16709 12562 19566 8106 3297 4837 14385 13057 18069 2531 17031 12129 18031 871 14912 19160 10449 6179
12251 17104 4849 5583 15003 18074 8721 14825 16255 6911 19195 6735 18614 4505 6567 19605 12372 15695 2640 14565 12374 2372 18428 9475 7464 14444
2175 12343 17314 174 8577 19723 13836 417 3759 1807 8032 9331 5094 10367 1589 7224 1373 7372 8724 5853 15962 16867 8021 15904 461 7293
6247 9141 4970 17588 13060 14048 14755 15566 7158 16859 16540 11644 8213 7111 8660 11580 12911 16231 5425 15435 18669 14487 11490 11214 5273 7835
13100 11331 15506 7007 13798 10614 2939 7863 7643 17094 3763 5496 6116 11813 16371 11732 5118 19465 2832 10246 17821 8579 1130 8074 6400 2574
19977 2945 8853 8459 5930 5375 6457 349 6782 13311 6199 6816 19964 13511 12208 8804 7285 9051 3073 9650 1215 11742 5783 15276 6348 3711
1920 6152 6511 15501 3562 1627 16195 13085 19990 4473 18460 3449 11049 13106 18093 16265 945 12722 178 16561 13653 4795 5382 4660 10286 2247
12194 6631 6592 12033 19303 8828 3666 9094 17248 8820 4898 8749 16466 5256 16075 54 15851 17364 2917 13621 19485 1605 13605 8855 10797 15555
3622 9910 19028 6321 7081 18131 3363 1660 8510 17189 12896 17022 12344 4810 1546 14487 2130 8600 1946 15769 5833 6222 8346 19419 10016 16509
1545 10883 7423 6299 9165 14982 2374 7569 18585 13607 9566 12497 9106 7964 281 8644 7419 8233 2676 9159 15981 10645 7755 17547 7852 1371
3754 19831 7254 13154 13338 9400 15537 9258 3450 5595 7449 8733 9636 9707 7813 15087 1384 13226 12288 4744 2671 19369 15347 8195 18186 11757
2970 4008 5502 5751 7442 10330 14550 3813 17338 10263 7743 18845 15818 16510 19328 4381 17651 3606 11491 17176 5866 14087 713 12424 13774 12279
3513 13236 11028 5803 10415 1245 9031 17995 15213 13141 767 17764 13391 7067 9815 19266 1395 17342 7480 1186 6531 8834 6013 1674 6485 518
11322 9552 11424 7837 15840 9273 13990 13521 5237 9275 6704 7037 18661 17077 6401 3010 4292 4686 3640 15725 15834 14147 5735 8054 13880 12730
16379 13719 18669 9258 6344 7943 8344 2930 5380 18574 19368 6235 12162 9574 9776 670 17903 6034 6504 7287 3980 3413 5683 16298 19303 14584
11064 7324 15555 15748 18764 8412 4419 14280 9931 2946 10904 16704 18977 16646 403 7270 3857 1252 4113 11197 3020 3863 13981 1962 19077 17210
18156 14707 10845 726 8362 16919 4560 4533 13780 12933 4344 6916 5888 11180 2518 18744 8263 16210 10212 11010 17672 8671 10923 13845 7073 15168
11701 4736 18508 17432 11129 13864 19469 11595 17716 14346 3141 9503 163 1326 7424 18441 19151 8269 6995 16325 18670 6174 338 13056 434 7049
19552 11834 19667 19332 16691 10747 6917 16750 16437 659 411 10368 5116 9142 18585 8858 7994 11037 13909 8142 7948 9377 4481 10814 16601 4291
3720 17365 15577 5341 1518 18153 1089 19793 15820 3154 6841 1069 2195 18275 4522 4486 13428 7044 1972 16600 7833 3455 13446 16131 19144 14652
16906 3047 9218 5508 10917 2693 3351 8302 19834 1343 10591 3477 3906 8687 16198 13645 1645 8287 15417 1413 16575 3716 9961 7023 11317 8433
12409 18071 2192 8300 6055 11122 1108 19377 1171 9117 12677 17057 4158 13425 8460 14130 17380 3937 17415 15787 1257 12690 16219 309 8388 19548
13020 19196 11256 4659 2828 3763 18411 39 17469 3665 8218 6621 18359 3835 1650 17907 9020 12687 19713 16516 5753 16920 5317 2042 15539 1269
16169 4138 15726 3040 2097 1592 5534 3475 2872 10944 17532 15125 6435 5777 18014 8598 3947 11819 16873 17407 18360 1510 6916 4470 12854 10934
8407 1297 10263 3667 15749 5742 12035 10880 39 13513 9345 11035 5308 6716 8140 13357 12365 17313 3249 14855 14590 2777 2732 5894 1711 6842
19476 9955 5763 16199 12161 18760 5301 16276 4892 390 2574 17370 13959 9743 15024 9621 7733 17698 12825 1468 15505 18965 6110 11764 709 1104
2443 9796 19198 8743 17006 16763 13416 18077 1276 15529 16799 7931 6177 15225 10508 45 10452 16137 1717 8531 2641 10305 3263 19021 5050 17806
352 408 1110 17223 2312 7812 1381 9273 1268 16509 19682 3179 2335 16087 6295 7374 10767 3635 4708 15279 13240 13940 19738 14083 4199 1372
1199 3435 13983 17497 12909 13035 8686 6693 18827 3732 8580 19345 8724 12122 14596 8608 10757 10126 5004 5919 11449 4206 2083 16605 15453 1102
14283 1604 8787 12014 1056 14944 6392 6776 8167 5604 12842 18299 15499 16797 9611 3895 2591 10449 6084 17792 14898 4333 6524 16097 4536 6747
18650 19898 3793 13681 18389 11250 346 3222 8824 17234 2469 1566 10287 8267 18803 12386 5106 8504 12118 828 16317 5319 11514 18043 17594 8107
11135 19382 9292 17151 12893 687 3399 12973 11109 7876 19528 15764 18651 12738 10257 15252 6564 141 19101 4448 18000 4262 9243 19408 17489 16260
11816 9108 9901 19118 11552 16089 16683 17536 18974 17889 4684 19932 17118 15210 3415 16246 7582 7963 8756 4712 14080 6814 10832 18278 9112 13734
9333 9760 17466 3372 11820 13899 6743 17862 19827 3009 9070 17790 13869 6664 13200 7598 16507 7101 11735 10623 11725 3309 16231 8982 16406 7011
12006 7941 9204 4746 1400 15333 2581 11666 19978 1769 16941 11124 13253 12391 6450 3142 19197 19324 14882 8415 15962 16666 18310 7722 1417 16672
14899 10197 14452 15767 13903 12275 4657 1059 3849 2299 15712 261 13944 2128 10456 14581 5504 2703 3828 879 1251 3250 7077 1958 17087 17701
6646 9346 820 9428 12093 18960 4311 17554 13233 10867 5828 1702 18921 9618 15452 10919 5738 12123 12067 6505 3305 19564 18350 16743 6905 11625
3391 15647 4460 15945 13151 7490 549 1818 18900 14995 424 13300 1375 18082 17212 2706 7657 308 5315 16605 7601 5465 8882 19748 11723 18802
7822 2721 13445 14981 1988 7141 16580 16083 4916 8388 15547 18534 8670 3462 18575 2725 3101 5765 8117 18035 12085 15037 6362 9499 4188 4937
12747 15844 2183 799 13737 13888 7446 3635 8589 14109 11261 4587 4891 17737 8740 15373 15408 9200 11455 9747 16676 15327 2160 2383 152 5839
13960 5754 10607 12236 18838 12999 215 6284 19151 16565 4494 1320 11313 3281 6576 15220 18997 14626 8833 17673 3344 14113 5606 6892 13954 8009
19217 1823 1206 893 17186 12452 5180 8332 10730 12467 17447 13120 2710 4358 11923 7728 15839 2845 17966 429 13009 13920 4757 17444 17209 7318
17329 18731 14805 5284 14886 11751 19678 6408 18644 4153 13861 16920 4742 9385 8216 13821 6367 7948 16020 9816 4204 13703 689 14351 7244 19934
18572 5051 14702 7152 13919 4091 15094 6654 16306 8869 3699 12173 18793 6399 6072 12222 336 4176 12106 2170 2774 2007 13261 19190 334 18829
8793 6756 3012 13217 1191 12091 15275 14418 10925 8094 13724 1650 6265 9942 6219 4774 13047 1466 18056 8453 18677 12652 11534 3196 2419 548
16417 187 17963 1214 8090 14698 17821 3525 4586 3363 10902 18422 3473 9741 18588 6651 19224 3908 5979 7671 12463 13741 2089 12038 4628 13953
19245 18224 15266 19902 10981 2843 15019 9011 14649 8968 13533 5784 8928 10093 11834 13947 15371 826 1661 5672 5275 10793 7329 9749 9999 10732
11626 2912 15546 14086 14652 8348 1321 13378 2630 10906 9645 9093 9022 6307 13110 17001 19468 13029 12824 12448 5288 4368 3949 11035 8801 16517
14079 12618 19614 4191 9113 16908 9709 8632 1875 6867 9548 7274 100 182 15225 5753 11787 18727 16410 3864 9415 5256 3270 6790 18087 9282
15195 14659 15403 3052 3276 19590 2116 11919 10047 12721 16274 4269 16820 7771 6114 19928 11002 990 6828 9283 3424 1039 909 12422 17611 4033
15661 5693 1325 13087 11347 6379 18858 15366 7012 13474 14862 9853 14687 10052 11376 9948 19638 13234 3329 13112 1365 1299 7097 7176 15471 3988
3021 13439 5413 8531 13506 18212 14964 4360 17584 14742 10894 3716 7482 12047 5780 11609 3807 14473 7424 3857 11234 19869 2231 17564 18445 4510
14305 19310 6806 15893 16020 11290 14781 1023 7992 7551 11517 7066 8209 2880 15469 18186 2004 5807 15890 506 14460 5336 9422 18146 4895 7467
12311 4146 5682 3042 4407 3176 12153 5594 3814 293 19960 11170 4287 7989 18072 14292 12328 16207 6858 9450 1071 5969 16816 7493 11755 14274
3450 18925 2045 16530 7238 8728 1872 13638 5368 8712 15654 16165 1072 17310 7985 19452 6601 10403 5297 7615 16100 4298 11275 1472 13417 17933
6629 7097 6812 15335 3391 19219 6079 16513 15444 18528 3762 15115 6996 19978 1591 1061 8269 12826 4164 16746 3784 2466 18106 10339 17563 19513
14849 7709 325 7751 32 13216 18831 15831 17962 4979 2197 18925 7131 10025 634 3956 1589 8879 7410 3063 10659 6618 10538 17783 18173 15100
19650 3022 2053 12150 14505 19673 1692 19704 13966 10182 9076 3982 3067 6166 5281 10469 17013 10525 10105 10900 17791 4632 10307 1627 347 3139
4363 1445 4997 15775 19801 15574 4541 12375 11937 11419 7305 13564 328 14066 798 8718 17338 4947 3472 5772 13620 1524 9999 8773 19128 906
3720 486 11526 19027 16688 161 16269 5882 6996 6179 18658 14269 4021 7627 11394 10333 14000 16938 2138 4418 10377 3581 14394 10675 13371 874
8665 18951 14417 17526 9587 3259 12121 12764 16176 12758 5888 19767 10823 14879 10022 3352 4546 12471 6641 12215 17265 6330 4950 8401 17016 14628
15236 15366 4783 14112 12247 7657 2313 13030 932 17952 16063 15210 2019 17556 5533 5056 13979 5786 12163 6680 16626 14213 18720 7797 15033 9963
10090 6095 534 18595 17402 14079 19672 6905 10508 12011 11647 16413 17953 7730 1385 4996 13697 303 8221 2293 1041 4757 7290 13785 3596 711
19985 12960 9312 11051 9753 3050 8582 3386 10032 2147 7486 9695 2149 5133 19707 13697 13667 13424 9653 17868 8674 13698 3793 1565 15035 14617
4545 7197 2134 11283 7407 2271 10167 12248 18088 3717 3863 5883 1221 7599 15883 2324 5282 8301 15250 15688 187 17330 16540 1711 6272 14236
16269 13966 12020 18150 19038 13675 13476 3649 14423 2607 16835 12917 3701 15843 2367 7600 5127 4620 13919 16981 2082 10073 8247 1357 15349 3179
7032 897 18434 9772 13547 7230 13025 5433 19624 10923 7541 8041 259 18494 5157 17287 14787 15165 14977 9671 17611 14423 13034 12115 18091 5642
14617 4708 1576 994 1946 15076 10240 19857 8998 5838 1536 16627 1926 14117 10436 9979 2816 4289 9676 17180 9583 4324 9174 17905 5636 7247
15484 16273 18522 193 13844 5450 17034 6638 270 6095 13022 3199 18281 9537 3036 8134 12833 16818 5437 16802 6077 5710 3043 1485 16956 13934
4321 6337 1225 17647 14583 7090 15535 4196 3058 6931 2365 19914 2034 18923 14137 3207 10012 19147 6354 9104 6891 11441 4987 15707 9860 959
3300 18472 16307 9952 10222 8854 9932 8839 19205 16704 8370 1365 19870 3241 6958 19232 406 318 6498 17657 16264 18527 13312 16685 18766 2741
15114 7385 19417 18280 10253 2121 20000 9745 13560 9877 13717 1324 19377 14242 14071 13126 6238 18803 2522 9508 2367 15704 4795 14614 560 14947
16731 5170 361 7941 7032 2387 17973 7133 14119 2064 6011 2383 14129 17704 18672 509 1953 3786 12612 17826 15193 11822 4875 14353 1313 18878
13507 2722 18089 16472 19761 1208 15024 3021 2629 3707 921 14133 7978 6032 11386 17675 2828 13579 14996 11226 8538 15482 2351 11693 16216 11290
17507 2354 10647 12373 5686 4480 2815 19273 145 8266 5374 4687 16335 971 340 14430 17423 8610 2062 3578 16534 16901 18285 4076 10258 19463
1756 11551 8016 8176 2994 4169 12368 11850 3105 8460 5614 11468 7187 19111 14559 466 922 561 17869 14459 5180 4469 540 3745 2356 6909
13156 4244 3363 18812 19920 11918 11695 10091 14657 12072 19050 9311 13958 3188 2037 17262 17485 8464 15033 9781 12170 1919 14610 12890 6744 8575
5884 15293 9031 11457 5314 18934 2110 2897 13569 18594 4930 3708 19764 6418 12272 19320 9188 17495 5063 2368 6152 11197 1157 16759 18776 12509
375 2459 13292 19773 12865 5270 563 19753 13598 14238 7541 4776 19171 16829 8749 8368 1003 9028 5405 6473 15928 3889 10816 12303 16419 15274
7692 7576 12317 9893 387 11787 270 7250 3125 6391 2945 14054 18194 12929 993 7826 10115 3667 10889 13966 692 8238 200 570 16701 17489
12968 7244 7134 1121 8029 12024 14454 17225 12215 4020 8165 16908 4288 13187 11767 17061 11517 16035 18627 370 14778 19042 12882 16027 13 11595
15095 9158 714 7957 4935 18512 14930 12786 4407 13181 14918 12185 16135 9174 2208 14173 6209 15917 1405 19920 18526 10069 11819 659 5125 9870
10256 2911 1076 14514 11901 1659 11709 53 17449 17407 4726 8820 953 4723 11933 3898 13699 1079 13821 5532 17570 11897 18438 7571 4008 8411
14314 3436 8503 5083 8277 17710 15894 5596 17141 8762 11362 9525 19172 9064 14049 19562 8928 1650 19601 10069 16804 18164 128 6714 8976 190
18666 2805 5310 4423 16028 5198 1034 1213 6965 11299 10149 4978 1336 15765 12812 10841 11631 16956 10235 5968 12770 6887 13678 11000 4588 19837
18600 19617 18710 16374 7956 6489 8238 5159 15021 10033 10613 1912 19063 8515 7550 12159 6583 10951 5127 13160 690 4644 15101 12519 14929 18758
17942 18390 3530 15841 19816 6351 3453 13759 346 15272 285 1796 16497 15247 10067 12538 17981 15290 4711 15248 17441 19340 3898 19578 18325 17105
7903 7724 5890 14459 6985 16788 9212 13525 4241 8777 12472 14415 2338 13819 17502 10255 7394 12519 16434 1507 17466 14658 4434 10588 10633 4648
9066 6857 17010 15873 18003 4372 16850 19016 5991 7223 16707 19180 761 17774 10861 4873 13303 10661 205 8114 1893 8168 4455 10294 2902 4513
4034 15486 8947 6192 2033 10423 13099 12393 3638 15434 749 7088 19937 6369 4134 14535 14390 19853 19451 13200 10618 8121 16443 327 8557 12726
668 11826 18720 11031 13532 6533 4210 3302 3598 16748 18808 8796 2921 16418 5677 9512 18047 14381 8428 12223 14529 17244 4537 6625 17483 8233
19087 17568 9614 10739 19684 1569 12296 2783 10062 13562 19566 7202 6080 10368 10667 7575 13631 16583 7109 7671 13200 2230 9675 11731 17835 9584
6410 19125 2869 6179 16941 3359 17366 14437 1407 7136 2775 13712 19653 15305 4969 19386 8363 16771 6792 16249 3928 5014 10521 17806 450 763
3984 5229 2392 7881 14227 19558 9370 6390 9734 18979 15505 20 12985 114 2196 8040 15693 15963 18894 2767 14501 1592 2608 18430 14270 14028
13791 19099 12915 2654 2479 12074 12920 19801 18710 15717 1641 10278 14105 2784 1498 14094 11664 280 8381 1907 10402 16458 12400 9237 10877 18544
4149 19919 15519 10695 7575 14049 5836 16151 8807 13730 4284 1624 11165 11655 15881 8743 4009 2817 19599 5227 19726 10395 9126 19152 6657 5190
11255 278 4792 6452 16761 14950 11635 16603 2321 665 17860 10067 4412 17373 8153 13848 4527 1515 3890 614 14142 19959 6027 7227 17695 14375
11011 11757 8115 11469 14852 17540 2237 285 2079 7726 1847 16842 6357 14945 10684 9401 10505 14388 15653 4948 16967 3124 6485 16444 758 12193
1428 19003 7184 17294 19035 10151 15204 5985 12693 13840 14306 17108 97 2804 2642 9526 2412 9250 14672 17422 6494 4797 5138 15476 19350 16106
12884 9550 17360 9858 3549 10455 16612 12840 11201 16062 5465 18502 19205 10401 6270 7304 19164 19069 18959 2451 11581 10137 7375 11372 13908 11678
5358 442 1385 3775 11962 4397 10706 11565 1607 1176 16517 11531 9312 19114 11003 3224 4386 2062 1725 11650 6050 14134 17673 7105 18706 12771
16753 17222 10847 13711 7897 5673 17748 4194 17927 4203 15652 13903 6898 12667 5955 3452 7681 14041 6035 17992 51 3371 14177 12133 8774 12446
11700 15984 1327 11968 2511 1745 8064 17071 2362 11089 9214 2519 4010 9873 270 5031 2219 16832 3959 9248 13068 12086 17430 14572 12383 13777
8015 19127 6818 9324 10566 10950 2655 9437 12035 12677 16391 2864 10086 4804 5219 18315 471 17964 1343 4553 6470 14534 3515 11916 2337 10735
853 5975 8575 2148 18410 15978 6862 7952 19458 17580 2577 12892 16480 18515 1682 13649 17837 11433 15193 12970 1325 13109 12437 6692 11840 15329
13527 16787 2649 7230 15483 4306 19006 10042 17898 7783 14959 8385 14576 18723 8581 18824 16448 13914 11475 14646 18399 944 1542 5621 13616 19555
12990 5206 7575 537 3710 2915 598 19811 5648 10687 430 19225 868 11764 7650 14078 5365 8334 8194 16536 9970 16168 4074 18273 12742 3603
79 4780 3629 13430 17824 1306 19820 12377 18405 2655 16126 7977 9059 17024 5896 14944 14353 10563 14081 12958 16730 9603 16116 3667 4328 9845
11560 5460 9356 7003 5478 4191 2178 16150 19106 5804 18453 17860 12061 9404 9679 3273 14026 4362 13965 4154 4325 6682 4400 10628 6321 6048
32 4010 7947 11741 1369 16113 16203 7780 14521 7347 2890 2556 17299 12100 2021 3188 18747 16127 9569 1804 14861 4729 2004 14827 16046 12588
13838 8473 9681 18016 3940 16223 1232 10544 7871 9625 9291 3847 18026 13969 10712 10161 10584 11753 1943 1692 17703 18517 12074 18599 14274 14050
10489 4220 14300 16142 3808 12399 15679 15201 16407 11674 5152 19817 13047 1828 13033 14547 3020 4551 8383 11559 13795 13921 6125 17186 1725 8362
1814 10224 9327 12438 19733 1556 11310 13746 16747 12409 10491 1838 6524 6524 9125 7546 8069 5470 2294 1951 5919 9630 7367 8364 15654 12060
1516 8928 2821 19231 13757 4141 6025 15948 4751 18972 13995 3171 16680 1180 5650 19993 6955 5568 15383 16751 3215 2107 18480 9169 2349 13223
13155 9339 1528 19233 3014 411 14758 8496 17343 422 5618 18962 54 5991 8489 17649 5708 19470 4239 7582 13603 4936 6325 14535 13611 15054
3170 216 17946 4878 12115 3146 3328 16282 10969 18649 6275 4823 3709 4862 6239 14022 13647 9583 665 14260 9226 18272 3965 4462 17013 10837
3290 1022 5619 3307 19932 5056 19101 17970 13328 12839 18383 10166 15678 10703 15385 1229 2934 15796 529 6662 2435 4735 9769 10218 15756 9110
8365 15814 15447 19420 11313 11681 8841 7887 10364 13258 13437 3398 17374 9947 16775 13659 14983 8108 2141 17671 17362 14286 3643 6651 17733 8186
6150 15830 5695 10199 4757 6574 17473 18653 2554 11365 16513 1560 11728 733 14030 13000 14560 9085 3176 5568 7777 19146 184 19345 15636 3560
8662 10679 10882 13348 11831 6452 8196 5561 6355 10386 11032 15845 18165 17570 12934 19690 16231 14234 1709 2746 9411 9397 15496 5853 18226 6928
547 3454 13553 6910 5167 6500 5295 15594 13270 11982 19003 5170 9739 10278 11222 14233 18308 1427 18150 564 13622 16522 18101 3000 13509 12130
19396 13146 9297 13609 5723 18255 16309 8391 15104 5220 1698 4489 6861 17173 17025 15757 13775 14404 15495 17381 11 7308 3072 13592 477 5336
4232 13612 13797 15088 11637 10582 19765 5929 13077 4466 3480 7844 3226 4873 9629 19105 5835 17490 14261 6768 19266 963 4042 8935 8576 16821
1129 11226 5458 18706 18080 15206 6579 2730 19653 9374 14955 18693 16085 1142 5475 16978 6831 12866 15896 12109 14744 1509 19132 17972 9877 4484
13938 16169 16576 9131 8073 19825 5331 3101 4959 13950 19506 8982 17881 13353 18188 18139 11668 2862 10731 5205 16464 13958 4937 19597 11155 8597
14803 14117 11104 19582 13747 10820 6964 17596 9536 8439 14546 6333 11909 2204 2371 8339 18359 12073 2402 18774 14684 7646 18248 10607 9608 6293
4241 15950 18023 784 12268 4518 8566 10462 18690 19875 16810 19841 19178 13799 11495 18056 875 6740 5949 19579 19121 2535 1906 7009 9918 19179
19032 19531 3300 16893 5747 19020 5208 3194 3284 15132 1355 7206 5067 3023 11308 6295 17570 14175 11333 19587 1857 13918 11111 2376 19916 3672
12045 15831 7225 5949 6540 11276 19160 13562 7295 16414 2804 11156 14913 10443 10009 10280 7197 5697 11123 8596 3587 3628 11117 2008 8281 19706
6982 12970 3387 14504 18317 19083 5570 12796 8245 4212 11111 19103 7672 7429 9416 13865 13126 4634 8570 15661 17491 6759 18462 9014 6072 13335
