365
71 55 100 94 97 63 29 59 58 20 59 50 47 97 79 11 60 86 79 9 98 75 11 76 63 14
14343 11547 9759 9352 816 5669 422 9312 725 19417 10119 8854 2911 12490 4586 8155 18981 3877 4140 6494 2024 16177 17626 1361 15842 7093
6114 13862 2244 8847 5888 13529 14253 18134 7106 9392 12671 247 11512 10741 9647 8956 13210 9841 9092 12695 13310 2829 16687 16150 5285 11283
781 253 9700 14592 11999 13423 7269 5100 18504 6407 19843 15150 1894 2928 10148 11699 15829 6699 9223 4496 15740 1969 9734 279 2383 11007
10371 12780 7350 5317 3619 11512 10008 12146 15926 17994 7224 6580 11504 15147 5130 15590 2036 4594 1104 10500 14386 899 10584 13845 9582 18267
8650 238 4559 5769 12819 15745 7533 6835 12629 18902 13291 7962 6762 5883 12299 6863 17095 1602 4868 8552 11934 9873 12092 18661 17276 10086
1730 1748 445 7471 14789 10778 3853 3099 4904 11943 14091 9939 7470 15217 13161 16227 1709 18216 14513 15882 15288 10734 15472 17413 238 1627
12444 3746 19786 9284 17138 4233 5627 6403 15446 3659 1879 16816 14588 1867 7832 7333 8434 14580 13726 19515 343 13752 3734 13263 16694 2180
4178 16101 9880 8909 13375 6724 13726 6828 19414 6202 3062 6072 7110 10507 14110 18808 14399 2571 6454 16681 3634 16958 11354 8468 5610 9522
696 1405 19071 15747 3787 14948 13526 1210 13729 10410 10094 18882 16212 4571 18070 2739 11083 3235 17982 3357 7771 2981 4113 10723 19772 9808
3751 7279 6849 7318 8268 3829 8733 4224 15502 13045 8944 6293 11590 10934 17744 3893 2002 4720 1354 11476 7799 287 3453 8598 7502 13324
17709 14739 19778 2539 2626 19323 7808 17762 18190 7150 5893 18695 12702 14235 6235 318 4055 6944 16139 12234 17075 4260 12531 17606 6158 5111
15743 1595 2491 18258 747 1047 18958 9822 939 2780 9858 13126 4557 7470 8425 14859 2983 13236 19192 17308 3323 8327 8465 2335 18968 18545
10376 14716 3167 9822 3270 3586 5491 6634 15325 13049 17037 2080 8719 17760 3491 490 18959 9950 482 17959 17994 6032 1618 504 13126 15745
3898 18031 1239 6011 330 5961 18342 15805 7989 9037 9139 12937 4598 7310 11877 4841 19322 15739 10535 11146 3031 4719 8662 7750 5930 11334
18477 5393 3568 16529 9525 13254 11703 2920 1803 12291 5985 9056 2638 17931 19579 3533 12621 9558 2848 7462 17589 5082 16754 8644 14512 1761
10465 1361 1201 18964 5438 6032 18129 8717 9344 16593 9976 19787 10068 5938 14234 19701 6775 6919 11753 10192 505 19915 9475 18272 9908 8667
15438 3466 2444 18451 13945 15863 6436 14236 5896 663 5197 4855 6120 12860 397 19750 16223 10754 8704 11309 11908 2045 17866 8439 13229 16054
5562 10486 1978 11888 19304 4849 19598 2082 6114 7885 13702 14683 16620 5495 1245 5468 4847 7975 18875 14189 11768 13534 3607 2337 4359 7910
11469 15876 291 5797 4471 15414 13038 11150 6758 15689 5709 13622 5259 658 3 19979 3107 19887 16311 12665 13431 18329 13235 16866 15473 14487
3141 12334 10713 3213 19180 11227 18952 17058 5157 506 6478 4743 12936 5268 10017 1013 18381 8246 18337 8250 14935 12454 11175 763 19264 10799
4757 5803 10705 11118 3542 19772 4649 7238 19219 8779 11529 15307 12396 7221 19743 18231 8147 6193 17903 9065 4532 19480 5232 4865 13085 4635
12668 19435 7635 6093 10831 14322 10428 4691 3828 10222 11990 13842 3780 5221 7717 9228 11858 1518 16865 5280 15405 596 2382 15212 18281 2959
4920 8566 6311 18537 17524 7819 10575 3979 17515 5615 13984 3353 12393 15764 5213 535 720 18555 19636 9472 8163 1648 17839 8282 18652 8615
7365 3507 18063 244 16833 3097 6537 1904 16544 10486 6645 16815 16168 9850 18137 3992 1831 1899 18362 11462 14562 9883 5947 8918 6880 854
14262 19268 10544 14347 5287 2740 14324 19380 1584 18329 1133 14531 2933 12392 1196 15317 13954 19126 14900 10750 1085 397 106 2706 12010 565
15396 10765 18097 2801 19031 16247 16701 6405 17733 4002 17149 9318 19260 18690 15944 12110 7452 9677 12685 13987 14075 16420 11601 15832 4497 2441
2956 1070 2539 13839 8842 16045 19608 17977 6834 2092 966 17205 16941 59 9004 17530 17621 16859 19788 5734 5562 10743 2333 6410 3569 9374
9197 13537 5579 12470 216 17545 2235 13744 6608 15130 7254 15418 7380 1297 3944 14636 391 698 10986 580 14429 10913 3816 12641 13186 12695
13957 16857 13845 6033 11732 741 11184 17027 7561 17484 15668 15512 981 5275 10606 16767 12229 947 12099 11790 4097 7107 3501 17128 18334 3010
15873 1327 13114 16499 83 13022 11888 19254 4003 7254 10301 11058 19885 10792 13763 16185 18062 10270 199 8468 18499 17921 942 9034 10295 5770
14467 14532 14899 5348 15971 17467 7873 6461 11609 11349 1083 7157 2191 8831 15610 17815 6844 13248 17878 2058 6684 8987 5939 12577 10518 891
695 273 6348 13610 11878 887 1496 19605 10173 11141 19373 9028 840 19443 5341 12281 11635 11406 13747 252 5720 3890 6989 17499 11771 18294
18000 15982 1406 17920 6476 15864 145 8971 17758 11596 17839 18077 8562 13745 11951 2659 19603 2341 19931 16455 683 5486 14663 10209 13615 18319
7279 10966 1233 3505 9032 2984 439 18253 16576 17081 19139 18926 838 8160 8580 6364 13777 2968 15391 16326 7140 9014 1151 748 11347 11676
13841 17763 6669 1258 3917 16397 15501 19983 1631 283 13835 565 16735 19522 7327 8696 2130 1500 8788 18100 10477 10282 14360 18372 17381 13875
5198 10426 146 9284 15074 12586 18845 3447 6753 13570 6 10753 15325 18629 2362 115 12727 6386 9537 18963 1478 17514 6194 12264 9888 1888
2948 12972 414 15211 15722 989 16225 18393 13248 7967 18590 11385 13679 3889 5728 11348 2262 7804 10153 7245 17414 3991 7272 5000 19025 18672
8020 11867 4366 1713 18070 9143 15791 4874 15648 1042 7166 7930 10854 14719 623 9666 15251 3228 6036 10500 6433 11938 7338 4946 10200 13314
11961 16571 9808 9963 9599 17485 19457 5552 7303 15437 13625 7830 11524 792 17975 19529 11829 7808 16597 11702 1701 15192 13112 2065 6782 11190
14085 241 3364 16243 9379 15981 11890 3684 8981 13565 699 19605 12442 16403 8946 6263 4003 11991 8488 2053 18554 5633 4943 16991 1884 18352
5710 9834 6568 16256 19986 14154 18606 14954 3057 1143 5436 18258 1817 2660 854 18523 3854 6480 16717 4714 1539 10688 7727 13751 4754 13630
880 810 15844 11078 10319 9068 19715 9171 14015 3955 8516 3963 19757 7531 19580 7298 12323 17972 3372 6540 2900 6251 2423 11257 4384 7350
15648 10899 11755 19018 564 7050 11524 11754 8467 1802 5808 19623 12428 19475 9328 17360 9882 6767 14703 5398 7366 7209 2937 4557 13936 13105
16993 10256 14747 13755 1934 6718 4 8967 17196 6493 2164 14354 2075 16711 9903 563 4447 7560 11584 15315 7039 91 1348 3604 19818 12576
13184 16452 14664 18291 13690 10722 3498 16932 13304 9427 9276 6473 10564 819 12158 1652 9773 7254 18091 10338 16648 2878 1417 13138 12298 19714
14220 8280 2942 12017 1404 5715 9367 4362 10655 10686 14580 18810 18434 5760 17435 12712 15238 19335 1303 10808 4594 13511 9161 11423 6829 5168
11902 2227 8738 15489 17592 15035 606 7975 15480 19780 2645 3783 6948 14931 4482 18446 14933 19442 5480 14593 10094 19202 19871 14213 10652 8044
2748 4150 5564 5208 19836 18376 2736 14846 17999 9274 3416 5579 16662 9102 5218 16074 11261 19748 2007 9686 5656 18323 3197 15581 18764 13594
1931 12311 19464 8808 18687 13912 456 5623 9238 7890 7388 15841 16495 15821 5857 14080 19121 12393 3238 10190 750 4446 3706 9446 4879 5713
10572 11895 5223 17354 7705 2952 13119 9183 8848 3546 9463 11352 4795 14230 14093 8637 3519 19376 6499 5838 11115 10937 4693 18851 14780 3320
8453 2988 15638 17496 11949 11499 6493 13087 7426 15117 763 18017 556 10882 7069 12670 4397 372 19836 3830 10632 14276 10952 9163 17920 12256
15281 17799 1915 12543 9177 17676 10188 16312 19317 7523 5008 19353 5378 18085 14743 905 3916 18671 10864 8025 4080 7479 6267 9974 16789 11741
252 13250 2565 8215 412 17276 18918 8579 10021 5773 4461 19936 3009 17986 1819 1629 7304 13836 13414 1131 9654 13164 13704 9590 6403 12506
2737 8282 7946 2924 8794 13033 4917 3763 4584 2530 11886 17591 3898 12527 3842 7538 17134 370 8245 14761 14370 11200 9563 10678 7844 9070
17096 15483 3609 2029 10092 10530 14876 7482 18212 18219 9969 13386 762 12673 6686 19326 6560 9933 8121 4764 11512 17858 5754 11529 13981 9372
12807 1735 8646 5403 12498 1007 929 1010 16400 1546 19681 16840 7923 11172 12040 9579 11518 10156 13609 14677 5970 8915 9648 2391 17600 19295
18263 16851 14056 3421 4453 11188 19922 10185 9174 13370 18316 9233 4298 14055 1197 1541 16242 14785 12651 16091 9259 928 10265 2529 14047 11306
19911 16770 13211 2341 1553 262 6335 607 12378 16221 2249 14441 19486 15510 9977 3667 927 6570 6613 15915 2292 19811 1093 4091 17362 3069
15246 4757 502 12430 2455 8588 6328 16184 12741 10987 5780 16233 1652 16091 1421 12845 14013 1295 430 5505 19172 16792 9727 11581 4175 16050
7536 1663 19983 15230 14913 4449 1862 13290 18410 15761 7395 19521 15767 11718 2921 10046 17178 17555 7982 19402 7618 4834 2431 3690 2904 705
16251 2091 384 4360 15425 1915 4114 14372 15217 9015 6646 13656 5120 5726 8623 604 5654 14548 12883 5082 14902 1297 15258 3746 15330 3443
9344 17840 102 14520 11991 7826 12643 14771 16542 8382 7510 18769 3327 382 617 3101 13429 18709 16308 10511 4064 16763 4900 3466 11065 7836
3700 3134 12604 15558 24 18747 12506 7655 13568 18841 8937 5090 6403 14093 13932 13216 18898 6540 14773 8279 7965 12125 2925 18664 4630 10310
9518 6518 3658 17262 2202 19607 19427 12581 8790 3388 2293 11009 3661 10539 2000 11706 12570 6850 11468 9389 15964 15680 14099 10805 7417 6000
10092 15632 8252 380 193 13962 7624 14332 8374 9307 9966 5034 17571 16297 15831 18934 5116 5819 264 11180 1183 5980 5462 14045 15905 10184
13603 9346 19537 7842 17904 5745 8005 12562 13289 4081 19142 13741 11797 7913 19165 8693 2910 13427 4811 5426 13825 831 11529 12826 7184 15498
1285 19011 12101 6658 16074 3636 12522 12208 17971 10871 17164 12371 5830 14430 3686 4124 5594 411 8254 17387 17305 10111 5595 1800 705 10806
15094 13431 8898 12734 19036 19683 17351 16671 7804 14116 5099 18735 11439 5411 3595 19829 9352 18465 12610 15420 10715 12774 6319 16258 12378 18432
12892 5083 2377 19499 1858 14521 10544 4043 3966 19237 14211 6572 7032 1310 13500 16102 14296 6947 17151 14017 12269 578 275 2425 11271 1390
14647 11405 7328 14902 17172 5935 10493 3746 779 16707 5266 14443 7499 11075 14025 19554 6070 10715 14842 10442 6322 19987 14084 15856 12304 3346
5592 19836 2608 9929 17351 13355 14650 19850 11779 15773 521 4102 18671 2548 5973 7408 15347 6859 60 19333 17605 15825 10781 3807 16313 6907
3724 10346 10187 4674 242 14342 13710 7126 15543 4357 793 19449 13752 8106 2806 14935 18233 12594 19138 6935 10114 9574 14763 6671 5032 7954
17505 1583 17853 8844 5370 9759 10143 266 5315 5591 12656 1080 13923 14777 2449 11726 13193 2385 17649 10665 16817 12575 17441 12949 3637 3111
17068 10154 19697 3869 10749 10177 3616 2270 16451 16336 10545 7598 2937 2401 17647 19346 9634 11871 13383 12839 4832 13201 2180 18528 16073 16275
7397 18291 15718 14230 6124 10048 19855 10238 1030 4201 7140 16288 18710 11050 16915 14497 14015 11497 4643 4729 12981 12612 17750 7349 2789 7215
5379 17447 15410 16920 10545 15408 8741 2220 1129 12081 9567 9184 13455 5461 5838 14897 2463 19661 17407 524 9374 1394 2391 16416 12906 4543
4535 5362 7532 15875 8533 2305 16192 15162 15210 11464 10363 15074 1857 12593 7736 17882 11318 10535 11682 14708 12147 9656 7072 15233 4492 8319
8344 2399 9337 8687 17321 4909 16669 1758 9712 10413 533 14662 15334 18969 14785 7945 7168 10049 18931 16794 17099 331 14968 6508 12397 18486
17492 672 6313 3315 4783 16958 1380 4616 3050 18702 556 17081 2438 6310 17476 7186 8577 6047 18550 13152 4423 8915 14801 16719 14461 18011
11875 3633 7042 14730 18926 17238 3482 5628 17534 3760 14040 7646 18457 11974 9325 6312 10826 372 13960 13073 12489 14283 15267 8401 448 817
10670 1987 16520 11160 2300 1492 4313 16884 14391 16720 3493 5458 7134 8703 2841 7755 19090 10901 2827 13147 708 11590 4199 2355 13274 15371
8114 2719 2518 3594 1627 15617 13640 6796 7362 15157 3669 7423 7562 10370 15247 10483 17073 16555 15006 14088 13328 18419 13012 4739 8799 11448
12583 19109 1668 18116 10047 6596 9552 7097 1572 4325 11116 19058 11037 13892 17435 13696 7860 10937 17270 5584 11015 3372 9088 8475 4460 8535
7065 1265 12158 4230 16874 19044 5791 13419 1782 9962 11664 15265 9035 9561 6706 13406 15597 15375 10138 18345 7403 1737 16529 3461 13323 3579
19233 137 17355 6004 916 899 8266 14541 12804 14899 3058 15367 18849 12792 15241 7292 7979 12024 8256 9873 1564 1715 5525 15465 19557 15808
15256 5352 6206 5444 5315 10111 3203 17796 7829 11830 16362 19564 4179 321 19610 16607 4519 3253 4021 1888 3221 237 17332 13924 2300 3732
15738 35 9399 4355 5190 687 5375 7516 7579 16219 7022 12654 1657 8665 7338 19123 11458 4136 14239 534 591 19862 8582 3321 9553 12751
14910 2571 11523 17419 7643 14428 8682 3135 13471 16666 15309 6475 3218 19858 13062 4955 9945 6516 1056 14363 14379 13250 14983 15999 10720 8712
266 16618 12338 10492 3841 13536 10627 12677 18074 8620 11303 4173 17987 16148 9255 8350 11606 9074 12535 1121 7234 3996 5465 18582 6504 16773
4691 594 7975 2669 3591 11496 7673 8695 19843 14294 16241 15262 19197 17914 14202 14642 14496 1334 9048 12954 5299 10784 18119 1387 2214 8575
10422 15876 12032 5442 8582 4877 11200 8092 12835 19449 11853 18153 16455 8446 19134 1028 4455 19449 12374 13759 16257 10998 5057 12505 17453 9946
671 9827 13955 5682 19442 3024 1550 16972 5394 17342 18944 6923 821 7388 17371 2073 6664 5294 1805 18189 11625 1992 6886 13840 17318 4430
2794 5845 2693 1826 8929 13308 13466 2158 14419 6092 12028 15817 18857 12625 7075 3368 3542 12650 12259 10587 3104 9610 18784 7023 13021 11337
18802 16781 8220 4212 1889 13053 7322 18391 9257 13933 11700 13040 13336 5575 11050 1567 1916 19216 18883 5 18204 13851 6066 3133 19918 11843
18405 4646 9384 7209 16381 19897 18513 1127 3933 18666 8883 3 14004 12343 12077 2493 10748 11032 16552 1885 10720 13185 17675 11579 10086 16623
2349 14115 1328 2809 3085 17476 8025 6098 18657 9342 12074 8887 15831 12303 13829 9280 12293 298 12963 15204 4668 4690 6985 16350 8764 2709
4047 7898 9944 18453 17911 5740 5994 447 8048 13963 4111 3098 543 1827 11696 17204 18829 8939 1942 7877 13053 17496 6482 10816 2885 15574
2818 5388 8426 9312 13470 12494 4929 13371 18862 7773 5820 4881 8051 12462 18100 14062 6936 8070 16814 7556 6966 10871 6076 19149 9244 5263
19529 4477 18236 18191 9726 18850 515 12338 858 5097 14726 14148 12553 18298 1681 17127 4375 8751 6064 14610 11290 8586 13613 18534 17746 8405
6128 12095 5142 9992 10814 18461 3017 6783 2934 2152 13409 7665 2172 15828 7920 15412 2309 19574 14900 1239 13287 2963 17704 16048 13163 9352
11893 1203 17100 12852 3307 10183 5698 900 12792 2659 16716 13484 6751 11066 6365 11722 15224 9687 7946 4622 670 5994 5506 12335 1387 12586
12444 7201 5734 2444 8677 7758 10408 1932 3123 11789 10515 3811 16375 11991 16667 4019 3106 18527 14348 3838 12630 4148 14871 16038 16427 19631
18714 16882 8433 11952 4566 18491 1764 11003 3182 1518 6023 18582 17077 3405 18482 16395 8303 11904 19759 6694 5298 18152 18419 1455 6310 19792
16387 9734 14458 757 112 14078 1489 1440 3626 16871 6112 14932 4645 3733 4318 7414 19644 14283 19894 11708 4048 3271 4211 17560 11881 1426
3129 16261 7797 1968 6479 199 9174 12420 7637 2091 18650 11142 9449 13503 16466 14171 6820 1355 3652 10525 497 18229 12934 8127 12687 965
6325 16939 5478 2282 14798 6075 2905 18240 15385 17325 8826 12850 4432 8807 6418 15827 16401 10678 11540 17170 10290 10931 18137 19139 9711 3634
18353 9965 2836 18958 6615 8760 15159 8668 2295 13524 9519 19737 13447 4407 12315 4082 15099 7860 11128 595 16074 15895 6437 9621 4277 5115
15228 19678 4530 14972 15664 8090 12021 9073 6945 7004 6162 3005 15907 210 8514 5975 15732 19156 19204 17404 17903 8903 15803 14854 10387 11164
6379 7532 16310 2164 8753 13240 15121 14899 2765 2971 437 4152 8868 2604 7841 17797 13820 3464 14238 14577 4664 14191 7645 11312 19989 12042
13953 13194 19003 15229 4583 8395 8690 17384 10564 12124 13465 6902 857 6983 19648 10668 945 3283 16623 1262 19222 3981 9401 6019 11510 10728
11823 5058 12031 1318 299 13894 8161 9820 17026 18075 14490 15549 7838 10216 1228 13673 16517 14995 18595 2627 15739 13975 10805 4848 9660 3370
849 8544 10139 3452 502 15122 14274 11129 17815 3526 7815 5700 8208 15606 5899 10342 4452 6872 16516 5826 19722 15991 8304 16884 14206 16160
17677 36 254 2148 17284 7202 1081 6027 18364 7381 2641 18712 15088 15980 7406 10452 2249 14913 5281 8289 3648 19822 18577 598 16814 19486
15872 2119 13189 10570 17099 3058 5288 1973 1367 6823 5964 9670 16041 13377 8844 11112 5669 17607 6558 4375 14121 6429 1802 2721 6084 14031
13836 11783 1279 785 5328 2371 4489 4042 1475 4277 6375 9260 15702 8940 18156 14118 7344 2488 2479 18018 16352 13728 4535 2992 9881 2398
11713 1660 16851 16337 9345 10400 8272 10035 1783 16190 15542 11687 6290 4015 15544 5745 16146 5234 7236 19900 13557 11162 10529 2110 13438 11285
15665 14271 4211 10782 1715 1414 16839 1226 8252 18287 14917 4861 4585 4855 6752 9408 17301 7248 1350 10411 7352 18334 5133 15462 7224 1086
5651 9171 15360 14740 16890 14111 16240 16499 12410 13881 9385 300 14524 7872 10604 4051 18328 19210 5231 15858 17476 16778 11934 7989 2661 4810
7907 8853 16381 17155 1652 11039 16738 5207 8436 3372 14644 12704 5837 13325 2088 10532 6009 14498 7970 1009 945 4019 860 7949 18544 17326
755 14757 2531 9689 12672 9897 13887 2744 6526 12188 18875 15208 6362 19360 5495 5067 17649 4141 173 15242 4489 2270 14297 14873 1995 7091
16986 15143 3913 19277 535 11091 2793 1772 14453 1352 2813 18921 3204 9890 8889 13195 6753 881 18729 16227 2968 7058 5246 7471 15678 10326
10160 3990 2362 8251 14387 7277 8283 18825 1639 18283 14892 9560 4214 8463 12133 8329 15342 10984 9147 1756 15353 8032 4619 18464 11904 6121
11042 4644 17687 17550 2022 14904 12952 6589 7332 17772 15308 18781 11606 1066 14116 7994 13436 18574 1233 18137 13272 4425 18095 2421 908 11257
5079 14600 11676 17659 726 7080 16985 2932 19225 8576 5236 7214 11877 19858 14644 17394 18193 16395 19897 5325 11344 8626 2403 17152 12003 15898
12102 5710 4242 4386 13567 6163 2361 6753 15240 12016 11996 2183 12174 10672 15512 12569 16436 18802 10543 15476 18380 3414 14734 19821 14962 1564
4133 3390 10498 11906 18552 17246 17598 7416 4034 4914 2568 15076 6522 916 10010 8982 7469 18065 2395 18213 12763 707 14333 816 12480 18540
11053 10552 5482 7990 16166 265 7375 579 7236 3714 8207 4099 14396 5817 18454 2083 11231 561 7443 16694 18916 5384 741 6867 6006 16925
18140 4290 6435 13589 15966 1273 4026 10164 19877 5618 8555 4904 2067 17779 7715 13598 16333 10195 7428 10752 9251 2453 13636 7143 10830 3310
11050 3255 11321 5261 2265 10118 18070 2273 4974 10697 16306 7043 18784 13220 4839 1000 3871 2678 10386 11234 15091 12719 17006 6805 13505 7347
18274 16292 13263 11953 10842 16518 1649 8782 8466 11117 3530 10852 8450 5245 12000 16095 6011 8118 3510 17551 16325 2297 2139 4543 18208 7325
4182 17313 5298 3931 11719 11411 2083 3132 2891 7399 12591 7946 7148 7853 5912 14838 7125 18949 2383 2576 11963 16843 15312 15011 3915 16570
12377 6910 15148 18165 3837 4804 18145 6699 17294 14230 13616 2359 18304 13848 7960 14215 19466 14063 13793 15916 16931 16013 17413 16743 15803 11851
4061 16472 6833 11690 3411 14278 19253 18748 6092 16365 9967 7279 13195 13801 19894 10498 18820 19166 11026 14498 19432 4441 5259 2087 13550 3646
19961 14132 14310 19221 13833 6505 6659 1352 5647 15833 9178 14532 5691 19123 14091 11396 17537 17845 13590 18302 13380 14277 12502 1652 14288 12051
12929 10640 16595 19135 13714 16725 6216 14564 19046 13660 8836 4022 12853 8730 5454 4651 11010 4106 10026 16673 3611 3808 16869 19617 13520 5256
14795 592 11647 18222 8117 3803 8357 3513 12628 14419 17649 5114 17034 4505 17696 5542 16898 4658 10865 4554 9382 16975 17697 18442 6661 5111
4532 4670 11540 1053 8339 11010 7816 5066 13931 5939 10233 5729 12217 11111 6921 10071 12266 8385 5596 13148 14600 2317 7388 15633 14750 16658
8924 6992 10262 10423 4376 5217 15106 12787 18228 13008 6769 7390 7969 14287 11080 5017 17353 3336 7902 18771 8874 4012 9817 2153 14747 5636
6450 5133 6452 3912 4234 6679 13417 8657 9965 8933 15174 19285 13498 13088 12396 14367 10483 10057 5937 15475 13987 8463 13068 7561 8144 6223
2653 11382 7498 9351 2463 5542 1190 235 3384 6282 11425 15961 9202 14687 4659 9338 479 18468 19409 485 7920 16489 2160 1745 17921 7489
18831 3544 2632 17266 19192 11576 2097 3980 15619 9999 7549 18124 8313 10806 12817 6912 6425 14051 7975 4985 11423 16930 11749 1449 3379 12177
13234 10680 9485 16596 8368 16736 2358 8280 18021 14875 10737 3971 6419 2602 17613 14862 1054 6398 12707 15746 4444 16501 11547 13779 14937 15045
4080 17241 4623 11703 4166 14610 330 18402 10911 17850 18555 6658 11157 6339 7608 1744 2314 10233 13021 16183 14872 15301 17296 4445 14094 3720
16093 2235 18302 18281 4439 13908 11668 19103 9794 7031 16390 10850 8345 3004 15003 10574 10604 14005 6518 14915 16917 4103 17811 3985 2163 8180
133 9591 15933 3169 2295 5834 3031 9026 16691 1689 6450 9734 7534 8028 16062 11420 19003 17237 19347 7987 14860 12635 784 9203 13260 11030
11934 15435 13387 3988 16158 8813 2310 6438 18668 7182 12597 2775 416 9212 6333 6355 18129 10115 19356 13998 18303 14634 11702 719 308 12329
6289 7531 19914 5475 14644 10432 15458 4166 11118 6018 2344 13543 1698 2816 17449 12096 7937 18612 7376 16859 18642 5503 1455 7796 19152 13401
3306 2204 18023 19332 6054 5846 19083 5121 13808 16397 12383 8741 19310 468 10897 17300 12248 11163 13178 1331 1072 12857 11858 19263 16010 2215
13805 697 19843 684 9967 17403 8200 9806 9286 15070 19872 18691 6960 2419 16984 15859 12359 11012 5848 12917 15621 14520 18931 3712 2618 19636
4160 7321 17659 5332 10754 7341 1271 4781 6460 12089 6151 16942 15169 6011 10966 16479 3014 12114 2377 15170 18882 19774 4890 1094 7266 4147
18331 14054 16953 18320 10423 17787 4035 13517 17832 11419 1421 8576 11099 11853 14820 6506 12178 5727 1257 15988 5506 11374 3864 7071 3046 7152
9149 6252 5087 13223 8588 13500 6924 3374 4491 9895 4722 9233 14211 16212 6133 3960 8366 12634 7794 16702 12082 5410 8236 14046 18770 8627
3160 17275 2679 14932 198 1443 9596 3412 7687 19226 10837 10550 6145 10719 9377 15423 16223 4091 8362 968 5948 18378 12708 16308 14378 9840
2408 13777 3990 6726 7422 6787 717 9982 5698 6343 8559 9966 1630 1768 12502 14464 6091 15 7993 819 16841 12377 9031 4729 5539 7054
16423 3364 11945 2965 11662 13608 16359 17724 11215 8364 4875 14858 13716 9559 19614 12682 18772 8674 17853 13791 19308 16792 16945 13832 16182 1791
14829 15843 10189 19465 15005 10852 1698 3137 19683 16530 11851 18273 7983 6083 17818 7748 1492 1621 1821 14565 15419 14683 1341 3099 2875 11275
10935 19214 4734 7063 12907 5558 19608 644 4085 4597 10395 2990 3863 6799 8829 14655 19970 16509 19180 6421 15844 6104 1087 5006 5136 842
17577 16455 710 8829 1009 9901 7720 15842 18377 10164 15550 5404 6584 267 7558 7221 7835 15426 1164 5993 19221 4373 2005 6710 7101 7710
66 18716 6294 19057 14489 156 17400 12331 13306 9815 2160 3421 10025 13507 8696 18547 13594 5349 782 12797 7898 17318 14677 9305 17156 11930
12604 4483 3171 8830 8329 8386 9522 18227 9774 1179 5606 17641 19845 6027 8537 1784 12554 6817 11 16942 5240 10165 10480 18401 3875 16384
8071 4594 5141 10055 12807 6345 10791 8583 9675 4004 1600 14269 17078 19406 3335 18446 8911 3010 6317 9713 8517 17877 5332 17477 19081 5073
19149 7842 9949 4595 5031 12080 16514 17372 12052 3413 9614 11849 17 9558 19402 11797 18519 14722 6777 15723 16423 1014 17755 2293 18012 7301
16369 19186 12367 15789 12365 7573 7454 18851 6483 8801 1900 8655 14847 8915 17696 18254 17523 14726 12974 1811 1014 5734 4620 10319 9410 9260
18859 6785 12524 14286 2098 11913 14083 1173 460 16361 19243 17977 19650 3018 15686 13484 18077 2451 13399 10916 15165 19003 8749 1126 1049 12708
17321 11052 2962 2356 8087 5517 4324 6012 11306 4979 13737 3098 15646 16944 1630 19657 5115 133 18963 9080 5761 3619 4273 2945 16377 10306
18488 11969 9407 15863 17439 14778 1365 13415 12940 15622 16347 13942 19112 3921 5427 9513 9026 14056 5416 13180 10866 3368 16368 18791 15026 14146
9328 1610 5357 4609 10214 4619 12692 19724 1165 10233 15478 9759 80 11730 7150 7120 11929 19242 9994 9649 12167 6981 12980 12911 13671 5515
8172 11538 15847 13569 31 16576 15164 6396 539 3988 1192 17564 10051 2768 19684 17821 11223 15961 12609 746 19397 18145 9923 1954 4060 1370
9366 3869 6613 5834 16374 17896 10547 2608 12747 2101 9971 9333 4124 6053 3985 14479 18272 3533 3258 15012 16596 12600 7328 14664 12491 7597
6896 1010 12866 19079 1402 19353 14893 5755 9148 6367 16927 2135 5592 544 606 13802 12272 9059 8900 3497 11520 579 16152 4757 8262 9010
17765 7949 13353 643 6702 295 11782 636 8367 11977 14441 9789 3681 18704 7457 3088 8041 15961 12185 13965 7291 5413 12767 2594 482 14506
18657 10432 14983 2059 2510 15903 13527 18882 18371 6744 11379 7457 17726 2638 12150 5356 19168 6593 17496 10883 13062 1633 17614 11781 11907 11702
12090 14594 7532 3239 9485 2170 13237 4414 16838 5893 9889 17607 19623 6744 3512 662 10552 15942 13293 751 18301 10148 7607 8123 18092 767
3609 13764 17681 86 11645 11452 3486 19881 4670 4076 8492 9340 9415 5109 5385 4974 6884 11895 9633 4959 12888 4633 19773 8131 517 8957
1070 10705 13182 15482 17468 2718 17022 7741 7459 2882 14907 19418 12708 4627 7796 16819 15483 2303 12278 14973 15579 5865 290 13070 1891 14653
10803 5155 5827 8685 7778 11231 19876 9957 19012 4442 17725 18757 6198 7223 13516 8218 18635 1846 15589 1276 12894 10051 10455 15260 640 12612
13236 10747 15734 16881 7158 19423 3790 7924 16685 18325 19508 11509 4141 12681 14880 19014 3183 2280 3252 18902 11903 1318 13623 8782 1806 18164
982 9633 7191 12145 12525 13604 3487 9602 1152 19814 12782 14049 5900 2965 650 18755 1135 3559 6855 566 1115 17919 4487 19012 1482 16082
1551 19072 2536 19384 5877 10112 13866 3147 2985 9864 13084 7331 12307 18754 14021 502 1917 8087 19991 11515 10381 10993 7281 19664 12913 3571
13462 16569 15661 3227 1945 530 11860 18943 16775 13292 996 17848 16599 3966 10021 1129 13613 18718 19262 15080 3492 26 15750 14555 9270 10440
7431 15167 11291 6036 9119 15317 18839 4227 3739 874 16638 3621 5476 6603 12923 8149 9678 7791 16867 8480 15212 6913 6000 14179 18164 9296
18105 12001 1857 19369 2994 13692 14692 6168 16585 15568 1376 17643 3169 13055 18736 13002 4396 14295 12002 2895 15051 6026 13709 15331 14254 5514
11654 5492 2987 158 4094 1069 14301 3338 5703 2337 12662 1576 9457 660 2952 12056 6189 197 18185 7304 16192 1032 19102 6257 3744 10893
15359 12790 9188 17446 9232 10754 4562 7965 4433 6793 7210 2328 11138 19812 8579 6657 14692 19209 9802 17869 11952 15169 6709 12448 10245 11781
19992 5959 19943 6862 13314 5471 6222 6749 2750 14366 8572 9513 1585 15435 15190 3196 15049 12561 1447 16961 11794 8140 12911 5575 13555 18855
9356 11116 19389 11560 15722 11130 769 9569 19803 18723 4421 7270 8557 14447 7111 14897 5275 6650 15866 731 415 6328 3722 15787 9969 17518
2827 1912 12775 7124 15389 5647 16905 1222 16783 2486 5988 9905 17203 15439 2693 15721 3537 4442 1308 15123 7632 3637 1579 19327 8994 8277
17220 1204 11020 3276 18853 10415 10318 14801 9397 1234 15661 2502 17919 915 13303 17602 1382 7294 666 9185 16745 5067 11393 2897 15729 16757
1926 5483 1682 15511 9309 2886 12971 14295 19505 4185 4459 15225 1519 18561 10363 4705 19517 2931 443 5082 11470 3413 12158 9434 15715 12517
8114 19017 4206 1816 3964 15856 4813 20 2960 1802 4593 8650 4600 13536 16427 16542 13261 10765 3197 5923 15850 5073 3788 3886 11531 728
10965 13182 15976 5027 1056 19424 5188 5806 1729 2676 8559 11657 5083 7676 16983 8403 18282 1223 4918 15718 778 1569 13804 13885 13695 5750
10543 11711 9407 5021 9632 9046 16683 19323 16624 369 6945 12492 14625 5754 10688 13311 19042 19818 1306 17826 2307 14367 7278 18717 13705 10425
19879 7893 8563 4307 1501 8886 14999 5891 5228 689 15469 17705 6478 18115 1152 8889 1221 15624 5168 218 6900 1361 3503 15544 14280 0
5096 2141 16306 940 17207 2533 4148 13140 1248 15318 7245 15682 15833 3725 19844 17559 2598 7904 1936 9472 17008 17261 19249 11078 8000 15434
13050 6296 7726 14910 11261 11361 11862 8810 19354 1664 12059 2336 19922 6004 17241 19382 18037 8086 8073 16691 14961 12345 4852 2031 7756 5322
1871 4113 18117 294 5129 17615 13730 8218 11466 5849 7430 17959 19138 2186 14050 18910 2201 15006 18776 19893 11007 10717 19837 438 1179 16857
18172 2630 3261 4220 12640 6407 8744 14714 13460 9259 19455 150 3805 11060 16197 14156 12230 1347 2583 1803 18014 2208 14915 8145 3573 9813
18531 3384 12874 6417 15348 7358 19600 6898 15573 4489 68 11471 9754 403 19112 7064 19209 18822 18965 14938 97 19987 14834 371 1118 1173
4666 2021 1431 11226 14302 16309 4898 6099 19924 3094 11129 7905 1039 7907 17961 12160 922 759 18122 11231 231 2479 1649 13252 1857 13251
13654 7981 914 7718 15002 9617 8045 8892 14029 15374 6486 2524 17911 4198 1379 13719 2836 4259 4204 19805 11468 11054 12344 14437 8242 9260
9481 8300 17842 18879 2404 2829 10094 6623 17564 3155 3172 1862 3603 4638 17154 10484 13454 7970 6191 15327 18739 15353 19023 13399 12 15075
1213 14135 18742 16498 3657 6776 6401 11611 11599 9073 14325 4280 7366 17978 2905 224 4790 5657 178 19417 12549 8651 16109 607 8816 8779
18276 15861 15152 4657 10195 11711 17039 4085 6159 14158 6122 2628 19382 7292 15573 12450 8816 18413 1256 549 13416 6902 19092 18974 1242 7079
6075 16468 10724 18102 10829 8359 18057 18238 2127 6406 6926 14039 518 16471 9868 6966 19687 9206 10083 9419 7206 9805 15637 10058 11823 9189
2892 2312 10260 3188 18101 12830 17306 18061 10696 16334 18732 4901 19452 2539 1258 15127 8942 15102 12453 4830 5641 19073 15939 3393 9474 18721
17589 7635 6685 17258 9576 19726 1775 14310 7874 7983 15662 6182 111 1226 5456 8353 882 13013 8332 11402 9269 18648 988 192 10914 19623
17385 4364 1922 9297 8942 13572 1350 7137 16509 11144 9968 4232 2765 429 166 15764 4100 392 5499 14868 12758 302 13847 13699 2715 1351
17364 4266 15302 2364 3681 12051 17004 18223 12249 7792 17077 17455 2423 7705 11524 5663 9772 16585 48 12778 9403 15798 15522 6456 9249 8590
13546 12920 6543 5207 179 1487 18321 14953 11641 11949 5396 4678 16799 5387 12992 6156 19932 5749 3408 15700 19156 9716 2134 2118 84 17414
4571 704 11658 7788 11268 4614 4515 1616 9470 16226 13705 3579 1565 1619 3290 17422 14675 3334 3492 16972 3595 8007 609 1937 2537 1310
6486 13020 6178 16699 19455 17270 19255 22 4042 13673 571 11608 556 10867 9410 15907 13232 9863 18764 12938 8690 2648 16345 16501 9776 3890
12416 4289 17442 8839 15328 11924 11459 1523 14328 15276 18655 16402 7222 13539 25 12784 16539 15843 14580 4569 9980 12553 3959 9655 2083 2462
17606 1972 7646 3102 4624 2140 15398 5736 12660 8382 18379 12438 5325 3033 10166 19877 16423 14406 10159 15663 3822 19487 13614 13849 7861 16311
5951 18732 2298 9422 18870 14341 17099 6252 4523 6160 582 10145 17224 8523 17758 18078 1484 10483 13513 3000 12396 11715 14998 1480 10621 17909
17083 16377 12030 5386 18832 2815 19245 8046 5843 18207 3142 18846 10032 17556 7376 3834 1979 18038 3396 18768 7104 2384 6381 19685 13619 2896
6996 7713 4662 19089 7325 17236 4155 3974 4046 19244 4126 4456 3159 14804 1808 3679 10278 7136 12911 1891 16517 17827 1951 1812 1142 2991
6786 12334 1820 9176 17192 1020 14495 12798 8044 7421 19362 5504 7671 1620 19374 8013 7445 13064 15021 13170 1630 14685 3380 7701 15039 6253
5472 9367 6427 6279 16702 10207 4948 2438 253 11113 3941 10055 7340 12478 2120 7872 8417 17998 7670 3456 1659 1301 5678 2035 13098 18016
18179 3779 13202 9469 10589 14391 16952 2684 7006 2475 6196 1936 18869 17919 11189 4736 4713 16392 2019 13253 19863 5985 1706 3058 2665 16575
13664 1384 10458 14046 16901 6348 14586 16151 1075 4600 2592 8663 10981 12889 2089 3947 5984 2695 6122 18017 10827 5917 2463 5868 14541 13677
6131 7458 11360 2613 5098 10948 18859 17024 17439 14785 10099 2980 10643 1183 1795 2254 12158 2283 13188 17824 15565 12776 3047 19702 8897 18804
8918 13964 12094 12809 12584 19198 3054 14249 8027 17420 8674 8436 13088 1274 3771 1921 4735 10142 7894 16994 16315 16547 13126 5513 13397 4091
4802 3497 18984 14234 4853 13029 15649 13351 17665 15411 8626 8550 695 18623 7299 6117 2621 12364 7386 17562 16315 15163 13472 12427 2727 2933
14711 7501 10674 4575 5550 7413 18703 12667 6948 4324 2595 7767 12155 12432 18588 11015 4496 4369 12970 3272 19068 5786 13894 10402 14167 1457
16616 3614 17490 4866 8710 15185 9164 6068 19360 11528 4977 12503 1657 9016 15730 9075 14823 5978 3049 3134 9301 2687 7514 12590 1356 8426
16188 2195 19482 7547 13533 12476 16420 13277 18994 17575 1194 6744 3209 16679 4254 6285 762 540 912 18277 16281 16161 14566 5385 2589 5503
17528 2908 11743 8443 6900 18725 7752 18223 7076 9818 13388 8752 16273 6668 7464 10180 569 4679 15025 9038 4634 9846 16296 5341 15822 4086
714 9949 14455 14142 2583 13251 7628 11207 16409 11598 17669 10267 6647 2546 17554 11032 13380 15512 7664 13919 3947 10330 14738 1083 12527 2219
1500 690 3158 13033 11235 12154 9377 13968 1625 8340 3089 4726 1020 7007 6829 9658 14027 8416 1235 1905 15749 3574 17987 5246 16941 19905
10203 234 6541 12278 9674 8012 4536 3628 10538 9352 11895 1934 2107 8785 7830 12623 7183 11151 9580 15613 1834 2370 9384 18488 18793 2469
8347 12935 14485 10818 10076 3329 7958 5760 5207 903 18037 2020 10512 5368 15198 14371 15430 9358 4640 11575 9205 956 6202 18413 1544 10297
11961 17486 9165 4435 12831 16255 5368 2729 11268 7255 6976 15861 14337 17301 6009 7731 17288 15018 3073 698 5461 13110 7146 6524 15509 13610
18768 16056 5482 12950 16474 9919 12427 9963 12690 7806 12623 5231 777 6920 18602 8220 33 14878 14844 4173 10907 5550 12462 13780 13173 16498
9018 5091 6583 86 15371 11515 19988 12928 18779 13824 3014 12354 3073 9647 8527 14839 4209 17239 433 8576 1036 16582 18720 9847 5489 5792
6466 9372 4934 16501 13694 18376 2940 3573 4783 13878 13365 1086 11052 7839 1415 13407 3185 14222 1078 3568 7740 17293 520 7483 10060 10083
13358 17168 1719 3868 6447 6187 4778 17574 15885 7240 4889 3665 10479 11873 10974 11628 17866 383 9099 18901 7339 1719 7470 14898 19043 4662
12064 5451 8770 13695 15508 9497 11456 10091 18168 560 669 1126 13293 5085 2052 12250 16327 3507 14165 13558 13102 3001 10730 4361 4342 15038
1620 17933 19155 9584 5544 9132 1214 18135 11833 1383 19477 5676 4108 8417 9780 17341 15238 6327 15996 6160 15843 18460 9679 4804 4286 15302
14844 2986 8152 5870 7389 17740 1677 9533 12207 220 19575 12213 17122 932 12349 4891 3342 17152 9759 18820 1034 8602 10771 10837 14133 13307
9643 18532 9573 15269 3272 6131 18248 14598 3828 16954 10288 8198 15760 15038 575 8863 3493 19484 9671 2166 9749 7593 15923 7017 11619 15031
8667 6617 2212 16893 17084 162 4554 14079 949 19751 10989 17568 17882 18863 7646 19829 10548 9249 16408 13899 5168 11994 15715 11620 14092 10222
16630 17615 9220 4377 13206 12125 1994 10922 15967 16589 12220 19941 14442 3457 9078 14734 14340 552 8638 8966 9053 1351 6010 7420 1300 5507
333 17042 18805 3834 9290 3745 6507 10251 616 17012 4805 8910 13278 13116 6440 8147 10167 4371 9743 6063 13541 14904 2944 16147 5133 11621
8189 9780 10723 18316 7849 3287 11195 11847 15829 10853 4171 10777 7259 18430 19977 334 18610 18274 7164 1243 9602 9797 14458 13017 1589 17709
6960 9870 1655 18803 16393 2960 9081 5546 4396 13541 4609 16654 12839 10086 14875 8194 1469 15575 18016 9326 4452 3128 9354 3769 12473 12427
17623 1442 15809 8925 5155 2829 16020 4551 3028 5 16106 19766 13949 19872 623 14188 18529 10637 5975 16104 1580 5113 13769 19429 4920 5297
15272 1903 7654 17775 13646 18128 10476 3617 5182 3906 15787 16330 11042 7937 12214 11472 18726 10837 2968 18635 11355 14995 17181 14165 6484 346
14477 5829 10595 19227 17031 5453 3156 11410 12188 9177 16653 14895 6916 15922 17466 10900 5644 16644 15329 13828 1462 1831 10046 221 11401 17458
4380 15618 1690 15925 15941 8327 3360 11474 8289 10985 18240 10526 13741 9209 17581 10679 10255 96 14888 764 15534 15828 11757 17471 11630 7446
8030 12703 7811 2803 18731 8085 2855 15406 13627 14025 4338 10038 845 19133 3955 11134 5 3729 18411 5273 12276 17751 10994 7869 9033 1748
19035 17350 19231 8903 4398 15895 11206 14536 9452 12375 6128 12490 4666 9390 18089 9803 14123 901 19822 159 13037 7824 8747 13234 5473 13715
7230 15926 11229 17929 11579 17511 1418 6258 4987 12797 8593 11115 18919 11565 17911 12064 2838 14856 16332 10116 5163 17259 8501 18669 4650 11005
11533 18887 14114 1707 3940 18105 16820 8202 10932 15703 19653 16563 690 3848 9593 19239 8154 11364 8019 12556 2428 1178 14622 10232 13275 19099
7049 3549 6887 7970 29 17966 17928 54 13216 18051 16946 16356 11379 1629 13221 18844 19479 4838 18069 17048 13844 9141 14493 605 1187 3800
17186 9851 5832 18651 5897 14919 15289 18904 16632 6548 15917 7202 12064 1201 7625 584 12528 12428 4005 6389 19286 2950 12770 9537 7316 4320
9787 18137 8820 9962 12027 363 13268 8188 6403 11520 8398 1343 11112 5667 8254 12858 8589 13897 4675 14768 5989 13944 3084 13946 17948 19520
18587 11049 6050 11234 3494 17622 5511 14571 3235 18305 6032 9908 4302 7284 17911 7455 15391 11394 16654 2662 10728 404 16905 18797 8996 17968
6784 7975 4982 3210 14258 14730 10556 13496 19460 18588 7364 18246 9761 9893 16261 10024 5113 17839 18934 12455 14063 14367 6261 15405 16979 10737
19471 3868 7897 4382 17351 5365 7519 15358 4218 16201 374 10457 17614 7083 56 10416 9394 17083 9977 9941 2450 6154 16056 11049 17446 14338
11468 10244 3286 7463 17999 6760 8276 17275 6880 18802 1519 5536 16439 19175 14937 16565 12956 18620 15232 4244 13179 9906 11637 10215 3856 1334
13809 4324 1808 308 18168 11059 7125 13472 7199 3863 18181 3116 13466 13982 10357 11273 14297 17711 2202 9638 13776 3951 8081 9376 8514 10463
10997 7782 7599 5633 16784 10610 19474 8317 18102 6277 11618 17114 12456 17624 19632 6483 2514 7031 9365 17358 10468 8575 15768 1130 3782 6988
10235 18521 14123 12629 16927 16300 18672 10561 10994 1937 15812 10578 14612 8019 8533 2141 16097 12928 11208 8021 8196 17029 5865 6073 11580 500
536 16005 18286 9385 13659 15352 11969 17920 16430 818 1116 6114 16260 1540 1131 6542 8618 8425 2272 17299 5081 6929 5451 393 10776 1875
18771 4504 15853 6461 10313 15658 19845 7034 13288 13410 19667 3220 13557 3168 6386 9566 4229 7061 16929 108 9540 2064 16951 6778 3876 15054
2805 14120 10942 15249 3216 1539 1899 8953 15097 14529 11791 3987 6527 7249 6823 7774 14306 2782 10963 18426 2621 1177 16314 13386 7450 11766
16849 8482 888 10803 10142 7808 1746 342 18050 3659 18758 8276 13839 5085 15512 17340 11088 2770 7609 8455 1524 6197 7602 3427 8557 17384
1238 11056 14026 483 16918 10286 19828 7712 8487 5943 18636 15600 705 18769 19195 18325 17707 9703 18327 19661 19311 7950 4373 8808 133 10735
11996 7795 18178 17801 19907 1648 9113 14984 13338 18283 9458 6703 2893 3000 15713 17764 9913 7074 615 17941 2071 6332 17509 16939 3114 9129
19234 13732 4236 19827 10339 16670 13713 13099 346 8724 14115 7300 13672 18478 3410 14545 14302 15856 6153 4071 9215 14709 15581 17894 3146 3009
5429 4219 17884 12364 2329 14687 14796 1481 4509 14402 7714 13537 5266 30 17221 14511 9383 304 12830 13830 1437 18298 11572 17611 942 18803
2013 16954 17873 4652 15244 9874 13677 692 15694 12236 17430 7997 4863 2679 17160 1701 15472 14442 8360 10262 13674 14937 5413 16576 17851 2599
12549 9848 19889 3444 16302 10960 16579 7872 15444 7517 2237 14122 11986 7401 2869 2851 10595 19239 12170 7506 12926 884 13148 4784 9410 9109
10313 16577 632 3530 9896 18133 13242 9435 3433 9720 11949 9444 344 18631 6848 8331 12068 8017 2854 15335 13229 2963 1123 7040 128 13165
9350 3841 17974 109 19455 11702 10712 1520 11556 9791 13833 4144 18188 7863 15548 15568 2841 13057 14958 1517 8435 3118 9382 8527 15125 7500
742 12853 7967 7954 2875 15102 19979 16313 8533 10248 9775 17674 18397 8099 6875 13120 13961 656 14428 7842 5620 5039 8596 1334 13658 8336
5014 19576 2814 7033 9424 11523 12129 19284 8624 19276 17253 17613 4576 3988 16775 15511 3438 7592 11717 5312 13921 890 10888 5936 13443 12622
6176 19976 8505 8096 11652 5825 9057 11745 4594 14860 16718 13119 1754 11482 10188 11287 3634 3081 10098 16713 15433 4853 9288 7098 3388 7380
17570 14597 15592 9804 2179 11822 4734 15208 17589 18915 4936 12306 9310 8316 5215 12971 14624 4670 282 8601 5920 2330 15864 7744 5337 13442
5083 6507 12641 10669 14737 8801 3928 6714 16122 7211 902 7226 4066 19081 15957 477 17694 14994 927 1679 14003 18530 1099 15255 8105 4302
3491 7387 11396 16606 19037 5455 10837 5515 17298 4931 13884 4567 10042 18087 11805 17899 11357 15014 4418 13747 8843 18442 18818 12039 15699 12774
7721 17152 6423 829 17663 12254 6448 7239 4188 16523 15022 17115 1105 9041 2431 16595 15751 7791 14235 3223 19540 6269 463 10002 11963 5027
3573 17715 16865 10661 7226 5542 4662 8262 10231 13315 4787 9030 6786 17563 5575 16852 12612 4078 17706 12475 8753 3352 8796 8291 2499 15118
5305 3231 19341 8274 1731 2725 7561 12004 405 3853 3004 4592 3917 17202 600 11938 8904 3949 10304 19056 6658 12292 11092 7378 13856 10147
13783 6708 16160 15612 18265 1007 2441 13968 7590 6602 9199 7325 10344 17483 4511 7155 5035 14859 18865 16411 5902 17448 158 14929 11309 19780
17259 175 15468 2029 13620 8468 2967 4054 11292 16471 11222 13763 13452 5925 19387 12556 19912 16320 8661 5656 18176 10781 12185 11238 9384 10886
13987 2702 15592 10175 12032 6586 19428 11492 7694 3710 519 19293 8650 13648 9802 10540 15191 4850 8103 17171 17741 7984 15735 11766 7187 1759
15739 12903 12790 9593 4942 18209 4761 11193 2032 2872 6138 4488 14397 1728 231 10199 15608 6429 2604 9459 5728 6483 6066 1894 9411 18383
14020 14320 525 8715 17310 1638 3485 9693 11392 14194 19044 18330 14031 46 6096 3247 13430 5070 7657 19290 4311 9902 897 9495 4069 7711
5472 7729 10602 2524 3475 2412 8959 19602 18741 11959 15105 2503 17405 17824 16088 3103 18255 4584 19594 11071 9683 19438 17681 11444 8111 8195
5567 11309 14963 1900 18891 16586 251 652 15849 1821 11538 18142 18363 13777 14620 14222 14911 4470 270 9168 8683 19583 9433 12007 5551 13921
8756 4000 276 2923 180 18158 4482 2858 11796 16210 16571 13675 12558 4463 10600 12901 1836 11995 19852 7845 2367 158 152 16851 18123 19561
18939 7620 4916 4002 12450 15860 17334 240 18642 13784 13955 4239 13069 14113 2863 13251 12539 4782 11160 16980 5782 13532 14857 1000 12943 2328
11663 14115 12881 6754 12685 4929 3582 15470 15379 12752 9733 15856 5644 6054 18348 5299 18711 6161 7214 19661 6374 7658 1351 1361 1854 4891
14878 8103 18767 16315 10874 16485 3737 11129 4168 9488 9413 11794 741 6169 3029 7991 7009 16334 1418 144 3524 9138 582 4741 4854 12599
10995 59 9497 1271 7456 17096 14833 15432 9898 16451 5272 16375 9947 15325 15687 13864 1997 5372 10149 19092 16921 18360 3870 19194 15313 11271
14081 5890 13888 6797 16541 10366 18911 344 10644 18309 11922 19495 15231 12068 1782 737 3077 6223 541 2984 19162 10041 16291 7654 11331 920
11487 11893 18799 13676 8451 9832 6213 150 19560 6995 8246 5047 5922 16333 9865 8100 11229 542 6928 3583 8393 4592 15958 15165 3953 11501
11803 15911 18459 19005 2434 6808 11702 9555 5747 3218 1619 4135 5305 2014 3878 12611 14598 15076 16125 11218 7655 7509 18977 4974 7219 5599
12512 14259 58 1935 18477 5797 8617 6135 2202 1816 16015 2933 5591 14588 5294 13216 6275 8198 8779 3391 304 12515 14507 5266 1166 19984
1282 10365 16201 8923 5369 13176 3019 7521 2721 10417 19796 16480 423 3727 5575 5566 15877 1747 13670 8619 2011 15725 13165 16204 13011 18290
17374 6291 14193 14873 11630 18550 2002 2424 10935 10950 15423 16976 14258 15672 2836 7436 1914 17780 3831 7847 10334 5814 14337 11169 6985 15053
2444 5793 13136 14084 18546 14197 11202 13803 1727 13722 10553 5507 16145 12469 15510 2247 3125 11086 2058 4961 10653 18771 7477 2401 14317 6976
17295 1724 17763 11649 10183 8672 3026 13420 17267 19707 10655 15578 6200 15605 4689 4756 18107 2073 570 12957 13766 19863 17677 2346 5928 1337
6776 1221 6338 761 4657 12815 3808 14119 15297 8847 12642 15172 12888 13662 19940 18188 13702 14266 9329 10681 9360 13878 3559 9657 13119 12923
18038 18401 13931 1443 3710 17484 7873 5433 5741 13027 175 3664 3331 12794 11333 1773 11417 5303 1913 971 14708 17038 8571 319 6570 9707
49 6662 17940 14210 12230 19477 17641 12523 2451 13934 16428 10864 19446 15247 18631 5107 3540 10334 4506 1220 8356 4318 10392 172 3080 18399
10181 17788 14090 18014 14172 9261 14820 11952 6526 7458 4861 18914 19314 7958 335 17243 9854 1040 15617 7922 9570 19462 19874 19917 3811 14700
19732 607 14792 16522 2162 11584 19382 19487 17968 11542 6071 5581 9666 4165 12722 5556 9333 5752 7652 18275 1409 7412 7324 2144 11306 11509
7869 16763 14626 119 13212 4261 7100 14445 18943 3132 9816 17370 19612 3372 96 6168 16401 8939 5572 8183 6427 766 12610 2678 6178 14456
6436 5135 15898 1357 7719 15698 10840 18175 6941 7208 14361 14037 12309 8813 7525 4227 172 14780 16306 11807 11754 18538 7685 2852 18118 11940
13 18194 17313 10232 2529 14348 7987 18790 19971 9212 17573 19446 2651 18524 7093 7482 5264 11259 13915 16900 1396 12507 11523 14763 16769 1977
5129 8889 13994 12730 11739 8826 1364 15447 1437 13010 15754 3828 472 603 7379 16336 15714 8242 14720 3575 8856 8963 13053 15205 16693 18781
806 11331 11697 12099 11083 17394 8623 17481 15872 18701 19677 15597 18179 3205 16891 2752 10104 7990 6639 11580 2302 7008 12960 13220 19173 6818
8621 4021 5153 15019 11214 7526 7926 11130 16672 5911 18853 2062 8301 8833 2029 802 19291 1008 8295 649 16931 9456 18056 4317 4802 12517
8088 8615 9439 7480 14540 9328 14929 16128 324 1182 14676 16643 4198 19694 18110 19975 9145 11177 3967 3761 6119 17233 18159 16104 7859 2833
1928 17556 14583 17858 143 14938 10457 3402 15218 13464 4328 13091 16002 10299 13334 3451 6958 19094 12581 14310 8149 14287 6180 6837 3511 7822
15920 9654 14086 8522 18775 979 14878 12365 9466 8618 12591 12289 6017 6056 19072 16170 17937 9256 18616 11295 9581 1576 5092 2642 6444 17933
14356 6434 5076 6442 7289 11312 2313 17444 13009 15709 10076 2508 13447 19952 5915 3792 9183 11519 8587 5438 10975 12549 3708 12953 18712 11638
14555 11385 13569 9725 2357 11449 2644 13470 18192 3152 13366 5422 13077 1223 10641 8122 9481 6392 19540 10279 10635 4077 10839 7569 4946 3109
7230 8855 14374 10157 13623 11416 17256 1812 14196 6777 16074 4671 6203 14984 11000 19746 3500 16270 8466 12782 19886 9184 4250 14286 18400 17348
13678 3381 172 423 19325 5467 18352 18250 15173 18854 13457 5127 866 7202 2277 12959 13501 15155 13083 4652 3092 18474 18399 3007 7208 565
18019 9634 2189 19388 11755 8021 9288 5402 4196 15444 577 1259 13554 13954 11647 13172 12131 17682 617 761 17911 1411 2500 11821 16632 15714
2278 18016 12202 10229 15569 17011 14126 14477 14233 11521 17667 11410 1322 5364 19739 8364 6755 13440 15601 10363 11722 14835 13363 17122 17930 13816
4642 7913 13242 12681 13936 7970 5823 19506 17480 8893 563 10402 5991 7335 7717 5265 7567 3771 6247 19103 162 10078 8562 1740 7133 12866
8218 12993 18755 12405 9206 8420 1295 14900 10581 7393 2593 11621 3426 4599 4820 19500 10412 7465 1897 15921 10442 12607 19318 13057 14590 6337
7075 7072 12812 17258 4771 2437 9357 4806 11314 3449 3520 11431 1239 19841 14855 7911 9024 6972 7175 6042 19622 16672 19566 1637 9845 3352
9885 14931 7346 13337 2654 3325 13271 6234 8131 18918 3473 17326 16450 13973 362 15851 7469 8236 17215 11951 11966 9143 16715 16517 17115 11841
10223 3354 7817 4902 4546 2421 7620 2932 17470 8050 7441 19123 7795 11237 18054 12829 8947 8319 18346 9304 4171 12118 6048 11247 18046 17947
17693 3399 19077 3347 19825 12068 8718 11407 15196 17964 945 19048 17583 1278 11827 18129 15989 10870 11540 18264 4185 14152 7228 14773 2466 10965
5679 15960 8355 12787 9452 6042 13563 4598 6003 12927 1406 2595 13152 10354 1293 9970 5588 16698 1915 16647 18979 13628 12265 1183 18550 3546
18536 14926 4725 10504 10706 9821 1739 18568 19165 19068 15703 12024 13383 3338 13830 16674 6603 12326 15627 13761 16203 9692 13576 8541 2513 3348
19081 16907 6815 13716 18712 9097 19069 10895 16415 9412 8477 13611 17615 4020 17150 15007 17621 10128 6875 18991 8070 4408 8106 14470 1502 6999
2088 5217 10164 15564 354 4723 12660 7400 15571 19987 8046 19524 2563 4020 3706 10497 8516 302 2959 14782 10722 4936 9807 12817 3269 5594
10535 9665 1379 16678 5423 5314 7703 19421 10826 14137 10751 16459 12415 10291 14798 4241 13568 4368 9895 15063 2442 844 12276 537 2300 6427
609 6815 3109 6661 11437 4506 6027 9195 6580 3872 12635 15815 14798 4679 3033 3904 6575 19773 14683 10579 3998 8204 12087 6980 11880 19113
19744 13063 17164 7413 14249 4728 14245 131 19338 17679 5008 15753 7816 16843 6163 438 3889 10680 17986 14272 8910 8575 3370 19347 15358 4712
18984 5615 3004 12423 5746 9074 14476 19716 16316 18238 15712 6871 8423 14560 15778 5796 12543 7916 15773 188 484 13421 14728 7965 7065 19803
15475 18754 17501 3186 14626 19784 3436 4554 18135 16088 16594 9548 10855 18866 14146 4304 7581 17556 10952 5972 17189 13937 18060 8455 12736 13163
16407 9001 8307 19774 16661 11172 2365 7101 12802 11934 15569 17940 9789 525 18778 7063 1445 13420 18396 19641 13887 14511 12604 14315 7488 11577
12677 15777 6580 13485 8137 12707 639 7335 8376 14999 9255 15614 13651 8465 13202 16696 3419 167 19005 12108 8726 12006 19030 18052 8860 8631
19465 1594 8786 18439 3563 10145 3483 18700 8217 6927 19393 873 13936 10170 3319 890 12939 14568 9983 10061 6717 3480 13665 4872 15648 13352
6309 12001 19737 15828 2897 428 5376 11042 2314 10767 15503 8935 17321 665 15406 6036 11223 15536 19952 1290 7437 15510 14118 16904 13173 5783
1166 10477 11494 9212 802 19125 799 17812 17702 13367 4522 18567 18171 13587 8644 11249 19325 6516 9353 12833 13355 12196 15998 894 12812 16979
14519 17409 6355 5215 18294 7325 8552 17058 4411 8596 13944 1114 9546 1145 8895 18652 12090 10012 12720 6703 1658 16901 2880 18614 2088 19423
3657 12425 5093 15586 10177 2805 814 3574 15768 12446 15922 13520 11625 8317 14540 8581 17544 16993 2614 19897 3919 5867 15180 12938 19717 8463
17048 19556 1614 12056 5230 17550 3436 12769 16746 8869 7787 12273 17966 436 17689 6802 7570 17317 11641 4282 11454 18343 16093 6852 7768 3204
15498 4980 12387 14906 5326 17881 19717 13957 13461 15919 13294 1214 9835 6288 12321 16119 2842 14685 4581 5708 11865 1145 5284 19249 14149 18135
8519 13756 8782 12165 13514 4239 15690 19493 6605 231 12745 18163 13723 4996 7224 7609 14593 10965 9039 5560 17631 19343 12442 1029 19485 920
8219 16093 2750 13151 8851 11225 15834 12586 13303 8197 14605 4922 14729 15136 16728 13482 7718 14230 19950 8950 19554 17126 12200 11165 4156 18332
12587 8222 3924 5255 10616 10655 1534 18670 5975 1946 15415 6158 13771 14996 6913 10473 1677 5703 16784 19924 9557 134 19373 14222 1106 11355
6971 17589 5065 5153 18303 13633 15673 19458 2607 9049 18247 10809 13747 19590 11266 4726 11665 7480 18820 16375 17284 14737 12053 19547 4355 2348
16270 5316 10781 14456 7632 9936 6784 10124 1049 4707 9200 16614 15943 12396 12339 17403 7418 17281 12191 9891 19380 10421 12963 7586 18083 18057
4969 13068 3390 14239 12672 6952 15877 6043 8146 1689 11716 10950 9481 3606 12099 9377 17221 16581 2695 17524 1311 14042 9676 12310 2530 15232
7755 12008 19004 6671 4732 15884 18388 18100 19447 8013 8831 18939 2118 7303 19481 17404 18296 6374 1936 10256 14463 8012 18458 5501 2700 715
8303 16070 4638 7747 5933 13889 8771 5381 2018 16580 3913 6297 5978 8362 13275 17442 4571 19306 18262 15798 15509 10085 7613 2436 4597 10192
9829 1213 18800 3799 16301 8469 11366 15544 15537 5078 17722 16581 8886 8290 5836 19067 10518 8881 17343 15080 7149 1755 4648 471 3305 7151
1637 19440 9181 5693 12660 8414 2777 12518 9266 10469 13855 13568 4391 1548 16686 9145 15333 7221 15681 19905 9850 8503 5141 11934 5164 14060
18721 1138 8221 3759 14669 13443 18538 7996 16709 10726 2455 936 1073 1602 8933 10487 19422 9046 8664 17360 9802 176 17229 11899 7104 16364
1573 9485 2648 8525 11315 4247 6301 14414 4325 8720 9884 17567 18721 18700 19254 1257 10256 17059 2245 2539 1318 6765 13108 12390 10172 7192
3898 18828 1323 6748 12117 16852 3806 9796 4742 5854 5513 17232 12468 9694 1032 15523 9533 18979 15874 7029 3128 15341 18393 5272 3045 9262
18726 1321 3132 9138 9151 10070 11655 1868 16300 14992 11069 14174 19695 8074 18644 6455 9857 13245 7895 8623 6177 13341 9817 13807 292 19876
19136 15742 12661 19515 15339 6752 11098 14734 2526 17194 13359 2454 8487 7590 2046 13537 912 14368 3802 10870 17101 14202 12333 9195 17504 10947
16642 8069 13110 12579 19161 7695 11709 10052 4807 8991 9318 770 15585 27 14137 19450 1660 6794 17168 17170 2139 7237 8083 8580 3139 17924
9458 13220 11843 5172 8441 1164 18437 5837 13696 15665 2984 10462 10845 5484 6127 5257 15771 8712 6158 9478 49 15001 12638 19151 4129 14272
