365
38 4 56 80 37 28 68 81 69 18 49 70 68 66 48 45 68 9 92 46 52 68 86 41 58 14
11109 15455 8773 5697 16544 1138 18329 5030 3143 8673 7712 16839 9741 18466 16116 17110 9476 17480 1450 11666 12955 27 19455 12767 4829 18152
1318 15637 3323 0 12660 15609 16643 16829 8931 17409 16664 7853 19373 10661 8955 17674 13817 526 14878 2582 15993 6486 15074 16641 17196 3135
2600 11058 1397 16810 12392 17495 8988 16158 13917 14063 17762 8882 8922 10393 15162 11289 17093 10084 11516 11953 2651 11251 9355 18840 5980 18161
6939 119 2624 13327 2315 10646 2495 10096 14535 16277 7550 13469 14825 4859 14963 4404 8938 3566 11543 3580 14387 14035 300 3088 17089 2486
7432 18870 5694 775 3715 18385 6033 232 1003 18640 8334 17305 10027 15435 15769 16123 16319 9288 3110 14271 12748 9058 1099 16156 4769 2677
12339 8125 14917 17148 11244 13081 19918 12438 18818 19249 6005 14792 5633 16811 10697 5624 5678 3857 9790 18126 11021 2405 12135 6461 2110 9253
3793 5199 17418 8236 14091 13117 16563 18262 824 6723 3304 16185 18505 5202 18026 690 13584 3472 5992 18407 1781 8929 2568 9888 1157 15159
16966 8770 3490 15235 8292 12734 1277 4415 8715 13515 17218 9243 19671 5352 11730 4240 3027 7311 19049 19371 3342 6425 4554 2459 5330 15828
245 8382 13835 666 4559 11238 5085 11394 4355 18574 19937 11308 11473 14840 15406 16147 14181 4086 2526 3141 4874 14490 19196 16035 2020 17793
12843 11162 18728 1979 16626 10298 17421 1944 19161 5820 15103 9158 4363 9186 15701 9062 14623 14200 18628 5925 4346 18998 16928 15759 18463 15903
4555 402 11818 7039 6445 12362 2400 16082 12968 5467 11883 10688 11210 16569 3045 1889 2895 17921 282 2202 18504 14700 7722 15806 13914 12779
1994 908 12396 18853 681 17317 8579 9950 12194 11778 15285 7980 16082 19820 4196 18366 589 8050 3357 11298 744 2071 3738 10663 9323 5915
19699 9208 9926 3124 8985 6224 13424 9357 13465 3621 11863 2125 9047 9302 2239 19740 18914 6122 8357 13703 9961 9952 1018 1148 15786 10976
17324 1062 9365 7672 11894 10806 2701 6615 13580 10586 13365 5865 12844 2290 14774 16663 18355 16271 9861 9533 14244 7788 15602 1116 14027 6302
18847 14652 12470 178 16348 9803 5589 7691 5901 17515 18010 9827 1152 9870 10090 15855 18109 2320 15229 9461 17487 11942 835 19458 3259 15221
8744 8898 12350 11458 4738 7076 18866 17176 3059 14303 17417 267 7977 4293 6366 19854 175 6307 5716 13893 17679 14110 9422 10276 2423 16935
13830 10666 7896 9752 19680 973 11861 5555 11391 1294 1747 7721 19837 16674 2409 2840 10495 2014 8056 4189 16023 13245 4798 8466 7161 6703
12724 7064 3005 888 17418 984 7495 11634 9001 14390 11366 4881 19303 221 16086 976 19911 15403 1451 13291 6400 15587 3993 18707 18507 2815
14082 9323 17102 6009 14047 9967 9825 16813 10564 765 11833 10755 19408 7871 5837 16676 9386 13253 16382 18195 7284 13482 17536 10507 6574 11892
13695 5767 19979 10827 18921 3849 4276 147 12619 15564 18180 6887 10840 2723 1253 11666 7713 11404 7872 16435 18543 19990 1171 18023 5240 13199
11603 9877 9160 11607 9912 7483 3707 17781 4715 3262 10302 8203 15630 1931 13360 16533 19496 6377 4141 17556 3196 2111 6864 18063 15650 11489
4927 12358 4176 8887 10697 3935 3744 6814 11952 13504 3237 13006 4835 3717 10762 19789 10177 9117 12367 2764 15737 1840 16580 2509 1949 19248
7519 6807 1944 39 12251 3958 1411 5982 14746 9434 15517 19318 9762 5071 1776 1373 1490 2300 2058 10634 11580 7646 10254 15282 3300 11709
6500 9569 11441 14914 11794 5857 16608 15463 19910 14396 9664 4331 1240 5478 18873 13931 19842 2790 2774 4877 1371 5383 2042 4320 3778 5825
17991 18265 11211 13231 11033 11024 13713 9180 5573 11610 17963 4882 10597 8713 1710 17867 17403 16215 5817 6291 7973 1418 16762 4155 17679 13685
19180 7839 19381 5802 7746 9318 1413 9583 17410 18137 3157 334 5169 7351 1496 11335 14586 6428 17241 18804 18292 1373 2623 30 1954 8705
2206 18668 1111 185 4932 7875 16918 2469 14304 18977 4065 1293 18103 8306 1654 15050 222 5002 2508 14136 9482 16095 11273 14197 7984 17569
692 1291 18937 1258 3404 17767 10556 16377 5678 14627 17336 9557 7615 2421 391 17237 18166 13364 18428 15598 4132 7497 10065 10944 10091 18955
13288 10258 19570 3143 17724 17807 6501 19295 19146 715 2679 5690 17528 9554 14143 4353 4544 14821 8180 8715 6734 8720 11803 12358 19609 19213
8858 17053 19392 13991 18276 1220 2353 17533 13481 16068 2565 18405 12967 13945 6687 5222 8054 6797 390 19753 15376 19205 12788 12972 19276 9536
10117 18939 12136 8596 5143 8840 15121 2119 4254 15015 4192 17125 4612 12280 10004 7241 18522 18188 11011 6463 15278 10786 19879 10166 10574 14718
1185 8018 14772 2085 11676 1452 5311 8819 3630 15693 1625 16834 18855 11658 4558 5862 5634 10927 15134 8042 16089 5920 357 10785 17096 7501
18442 16126 3231 2653 10842 7512 6049 16904 4410 4081 16861 15368 9720 8438 19090 7815 11121 17528 17175 3503 19817 17870 9006 6493 16889 2757
13968 3985 13376 17443 14959 2715 3063 306 13161 4360 14008 9717 13077 17669 7975 3370 18937 3837 17470 2800 2358 14224 2980 2729 11128 19955
19680 2387 11118 3691 19716 8363 8139 14961 5296 10933 10135 124 1092 1273 8799 16846 10721 8850 18902 19130 14680 13646 2248 19878 11903 14093
14227 8496 4162 3930 5453 4380 6842 2127 17366 13819 926 9593 19518 12809 3609 17481 3544 155 10560 1131 10976 13158 2627 17495 10564 16697
1439 14446 18528 8856 1782 521 19046 7481 722 316 4609 13353 16628 16682 6763 2629 9556 11077 8100 8924 14229 1352 731 1487 14285 3708
13423 19932 12900 8338 19773 14482 17813 4713 12708 1480 16801 6116 13216 15293 1585 9077 18951 2976 16390 19596 13162 3586 19233 13854 5190 3443
16093 2909 6918 2567 18463 9332 16776 2721 14003 4489 2476 3042 19284 8153 3040 1340 5948 19501 8321 6902 1005 17944 15815 2653 1266 11368
10198 19561 4338 3767 13868 14915 17742 18523 11767 12751 16926 12788 19025 18121 7798 14479 496 4616 11598 9299 13635 13666 6500 9142 12837 1760
14556 16533 6180 4341 12900 6756 92 10478 13026 19430 9389 15831 8671 2605 4812 11011 19481 19039 15663 9706 3958 17666 8090 15582 14487 15250
5541 8027 14863 3035 9950 4846 17744 9886 18684 13697 11834 11316 17827 4130 13954 8114 17587 14722 1295 4029 1323 3499 3320 6901 15305 19010
2883 7913 763 9557 14364 3581 9225 19680 14230 8727 7291 19911 12809 4985 12629 16266 14148 10223 11730 14468 627 14026 17256 9992 4150 49
9304 14311 607 17116 17699 3904 3368 19607 18222 15633 3209 11774 5647 10676 4183 2239 19499 7904 13998 15877 11884 5107 19873 3307 10135 1030
12101 3027 8027 19665 15076 7616 6332 3290 13029 15155 11715 4521 8642 9067 17431 12438 6127 12238 5169 9772 16869 1141 12190 9885 9034 4715
17982 6638 16469 3331 13579 19197 19331 7045 5191 13653 7650 18961 1938 19589 9100 12569 10192 2073 17418 10635 12456 12865 4803 13946 9538 17494
11160 3277 3773 370 16100 1064 4994 9357 6904 6785 5078 8929 8069 10822 10129 17162 2422 12658 2946 16790 12679 12442 14984 542 14521 7118
8927 12674 2154 2523 13778 17798 19521 17518 9416 2219 15423 15425 7144 15168 14255 12617 8218 5826 9677 9476 14620 13205 12012 10678 6487 12568
19882 8274 6681 6908 11556 15387 6504 12874 11877 19063 3855 8246 6091 7705 16001 1844 6356 11604 631 3950 9449 1944 12811 972 10178 3170
19457 12984 12051 9157 3252 14381 9982 6350 13191 7669 12781 17249 11821 12070 16687 3744 16146 4321 6790 9798 671 2948 15043 10872 19673 15762
12343 16772 7852 18211 6551 13 928 4310 12110 18960 10978 7938 1916 10828 2207 7251 3808 2054 8336 16651 645 4863 6362 6666 16904 19391
1974 18362 13618 1591 9858 2320 17387 16566 9551 4553 16392 3952 15826 14978 17094 74 19476 12537 5342 6156 15094 1351 14645 16299 3778 17902
1608 18390 18689 13458 6907 19792 2126 10277 13532 8562 5617 3104 12369 18485 13901 16154 10836 16343 9680 11778 16581 19339 18523 6412 19719 14416
2213 16667 15213 14756 105 15361 16183 19523 18049 11324 8363 5730 19125 5493 4187 15938 4685 11885 6126 9744 7861 19729 11055 2016 11501 19466
7035 10559 14188 825 18241 14707 19917 19878 12116 15269 3809 409 3963 5893 5372 19065 2881 18598 15093 7836 4060 12819 475 14351 4967 16762
13535 9313 11080 14866 15673 492 5615 1515 1682 9730 330 11820 17996 14575 15725 8926 10937 5837 8323 18488 11517 923 4452 8894 18386 8221
4938 2300 3184 17864 11852 12578 369 12809 6234 11306 11208 16746 14536 7902 14280 10855 7216 10507 17476 15787 12495 14314 19802 7471 15400 12567
11815 3555 18090 15426 15969 11701 9731 6313 11629 2760 1041 869 15220 11816 4023 4225 19338 1778 4578 2473 13667 15028 3042 19161 12045 15018
19907 11904 1973 7365 15558 7568 5864 12961 2039 11801 1325 17767 18196 11847 16763 8438 5266 13974 461 7251 12999 3487 11735 4285 18200 5572
14584 4411 6060 22 5218 4213 8758 7764 12153 12949 3473 19268 10934 14436 7877 10993 2739 8508 740 15288 19998 14446 6557 14249 5075 765
18040 13786 8904 14663 4058 13073 3911 4232 11626 4742 6912 10824 15772 2507 8319 9973 11198 10142 6997 2345 2366 16693 16800 4155 16838 17677
5622 2926 15725 19921 10212 10536 13517 19648 10666 19260 1373 9227 6617 8179 15443 6319 3113 13341 7166 1752 7252 19645 8912 16032 3298 557
60 16778 7706 5152 18855 3400 5289 3547 17148 18063 8909 7599 1030 1207 17747 13057 5312 13149 10888 15342 2818 12657 11394 7935 16102 3901
15189 5295 17302 19932 19993 8201 15435 2304 3823 4512 2821 19389 6877 7394 3854 1302 5781 9527 18487 9866 13734 6418 1394 5501 5756 4270
3257 10580 9235 18421 9210 6266 5065 12209 19800 19590 15336 8249 10490 2758 5637 5507 14464 260 9105 3769 12047 3028 2433 10392 15878 8025
4652 1083 18693 280 9104 643 4775 19314 734 16860 6471 5834 2928 16224 17999 16889 9216 12580 6912 10431 6181 8206 10712 735 11034 5275
14493 6137 1499 4973 9175 4485 3403 13058 161 12001 12859 11958 406 15989 4451 1229 7613 10545 19715 17714 8650 17014 17570 13253 1157 9266
15523 19201 212 583 1403 10619 4938 4261 4134 10422 19800 18016 1202 12179 16148 14812 18235 9830 15748 16589 16894 12219 15120 17313 8158 14098
18853 16920 2959 15691 8675 1821 6774 5243 7454 8530 2346 7804 8671 16356 16613 15861 2461 4999 18604 7576 13751 3252 12822 14612 9173 6804
15847 7268 12390 2187 18006 13305 7099 15767 13609 18690 3396 10892 15318 9348 17775 4797 7761 2786 13066 9895 18485 6349 10053 4679 14336 17030
7526 6215 1096 9076 11085 7026 17064 17121 14315 3562 7233 5252 19019 11800 3789 17956 215 7794 9751 14847 15055 1576 9301 15167 18145 15316
4947 572 5588 9565 8679 7404 14433 8439 12612 9949 6765 1632 2184 19370 8163 4805 15516 3850 9599 12619 6766 14290 17231 6639 6731 11171
4636 503 941 10884 8380 6692 6274 1958 8477 12172 6511 13082 9941 7148 12090 18915 12802 9272 1609 18574 4711 6183 5785 6414 13193 5207
17861 8003 3570 15608 19385 11845 204 19943 13442 4816 19348 13136 11825 395 4651 11730 14041 10393 5011 4059 8974 2178 16751 18032 12038 18264
15817 13787 5227 4088 5247 18435 11374 15624 18054 16855 16729 17403 7566 19122 720 9540 14020 12921 15693 19033 17967 3148 12031 15131 13018 8298
15763 3393 11284 8542 5709 6891 17799 16834 19776 13884 6670 9832 6045 12318 4970 17992 18584 906 19325 8366 19844 4922 14129 7476 12085 18752
10170 17873 8804 9144 10975 7919 19267 9118 10855 1883 4 15445 11999 7088 2044 16363 655 6206 11806 14651 1222 11865 7415 18085 17989 15048
8081 8691 16384 19211 11735 6605 11048 16092 6719 13071 6679 17406 16649 6407 14 14066 11746 2343 13252 17114 6252 5329 4107 10495 19378 8853
4537 11540 11618 17274 4682 10929 17608 781 2442 15616 11450 962 17500 4788 17531 4696 14267 6950 16324 4646 9161 3252 3409 19536 133 12878
1986 10603 613 14422 6559 3624 3287 6586 2994 6957 19055 19709 10827 8090 5249 8915 14180 3876 3909 11506 18060 15933 320 15601 16612 18401
4573 10464 9316 12253 12162 3436 1780 9256 6033 10855 9829 11848 2254 11281 7311 17383 3477 686 15138 18917 362 18943 2268 1825 1752 4636
2792 6728 6196 16868 6226 10891 2734 17564 9892 8859 19849 7556 11245 9534 5474 14091 6738 7356 4778 14966 17649 4207 7360 17819 15050 9448
15188 9544 16051 6657 19875 12373 9834 387 18716 7706 10899 4975 48 7483 3239 4810 4975 10204 11367 9490 13494 12693 9136 6668 1535 592
5258 14090 1911 2560 9105 9122 13753 3511 2568 6614 5753 14284 6576 14691 14193 15083 18921 19150 18996 1213 6452 9684 8316 8127 4493 12925
13760 4488 14653 14843 15969 1009 12166 804 15532 1936 19117 2892 8773 4818 11945 6316 16338 18078 10314 17743 12383 8121 15060 9231 13743 15657
6442 15480 2694 15187 4737 7213 2102 8026 17591 4117 13410 2959 3701 9632 12280 4114 1799 8992 16418 3580 4695 5109 19516 18420 16767 17714
11873 129 9431 3922 9836 1196 10790 6671 2719 339 19067 15615 4299 4321 11574 1759 580 1803 2329 12858 6754 4731 16318 11648 9424 5576
6158 17494 5216 2935 4065 5199 18672 10638 18698 7947 8607 11726 6589 5244 13967 12041 18423 19803 3932 5614 7948 18401 14722 9262 11398 18687
3425 15914 14671 619 3806 3428 7405 14401 1293 16520 12027 6756 5242 5563 11474 4685 19102 1740 19954 12464 19299 4258 4890 11654 13227 6294
162 14713 14989 2938 6659 12819 16426 12978 17461 9405 13004 1307 13471 14112 4040 1863 1423 6058 3866 16180 6314 10703 19997 10473 7409 7828
11691 14550 5516 19892 14916 4180 16895 11980 10469 393 11874 16314 14035 7681 7213 909 14702 8319 5526 13590 13984 19209 17669 18089 6063 11931
11015 864 1795 16597 304 455 18492 6876 11792 16912 2247 15984 18830 13745 15818 3350 18684 382 19052 15675 18286 16129 3505 18930 1088 10680
13408 3491 3036 19264 10664 3289 18672 10206 1082 9304 13159 4353 2000 15814 14005 14467 13577 16528 6746 6961 8889 4622 16154 7588 15448 16893
11752 2919 10050 16442 210 15442 18192 9689 19169 2866 2142 431 9538 19659 18145 12467 7011 7183 19428 16091 18238 8704 5570 9694 4247 987
10714 280 13854 14282 5927 13332 4481 9368 13024 18317 10112 15654 13069 8214 11384 6826 2623 4980 11613 14130 7986 890 14529 14260 16829 17591
10082 19009 8714 2937 13933 17326 10209 8725 11530 11394 4642 1715 14979 8334 6689 16994 18736 13201 19883 8469 1638 4801 6156 16822 9285 12614
2386 6219 12857 12803 1803 6801 16054 17587 14704 3579 3543 11718 18575 15722 19740 9204 5953 1195 19255 13195 9449 17813 2502 5726 16480 7923
16400 15735 5057 4038 3945 47 10217 6812 16225 1175 15180 8963 2414 3002 15908 10942 819 9432 17535 17223 3350 15901 10540 11780 6684 8057
15040 14717 11599 93 2953 12104 4915 8529 2320 19985 3352 9174 12290 3516 18941 10607 10450 10161 11650 360 6042 7758 13083 12386 12590 4745
12424 15224 18296 14056 1641 933 11114 12919 3252 7953 16182 7986 5882 2950 5593 16609 8026 12420 15473 16266 17753 5533 7562 8449 7573 7505
4380 4052 5218 11348 9147 8 14596 14236 3367 12379 10956 6457 13489 19008 12100 12387 10747 3675 5158 9717 2710 6383 7443 16110 185 3067
5128 14157 1046 15915 17023 8193 1137 13852 9579 9007 9630 15604 12192 18252 2849 14929 5278 3643 2004 16195 1534 8722 4017 4581 4468 17754
18772 12680 8269 10682 6361 7427 9693 9394 17790 4858 12665 5558 19293 7596 11661 19386 1585 3278 866 18581 18855 5303 3120 12939 3109 17146
7880 3281 12774 12867 8263 2732 10799 16675 2447 1774 5102 4551 262 16744 9359 11936 16042 1720 1233 6571 17320 11229 14856 4393 11915 681
11482 68 12251 10320 8458 341 14777 1449 7290 5654 6921 19089 19038 13513 634 14693 5253 4602 2422 427 1996 143 10737 19834 13631 4153
11888 14692 18908 14591 12402 4926 14757 13180 10435 6502 5821 15076 5249 13652 17870 2590 10509 14536 6754 9432 17124 6883 2947 12228 220 10146
15734 4532 8007 18328 6583 6756 8334 14189 17233 7793 17400 3501 5977 17553 10997 636 12651 18653 7920 10578 7127 4867 6578 15961 9559 17700
19232 14211 10140 5759 19420 12553 4553 9333 285 10237 4514 258 19532 3302 17212 1362 16534 14753 12537 9065 2681 7560 611 6950 13027 18299
12914 14486 14632 10112 8764 11652 1882 12675 18444 5765 19272 2631 3567 7849 4002 10215 19360 1919 6467 12970 3850 17877 15589 18391 1236 1186
12359 3480 4758 17151 2045 11396 10652 16371 3889 12106 8620 1638 9460 19640 3751 3120 19484 15615 4331 12051 10182 8087 15295 18139 12747 2009
5371 19559 10930 17732 1843 15882 18021 12635 6009 3355 12724 166 4775 15254 6074 11301 15042 2473 17289 15152 6953 16184 19382 16034 15111 1726
9137 16392 1503 2281 302 133 14742 13424 13122 1287 543 9023 6917 8615 10168 10564 19197 9303 5434 6286 16439 15481 17876 14782 4001 5278
18384 9973 13347 6760 18581 19531 542 17609 2694 18108 6370 7213 16706 8174 13129 5316 2446 4452 9191 7840 16278 10184 17320 10268 5869 958
17966 10641 2480 8602 14800 13249 10149 3373 19201 19447 10710 12133 15646 3210 2781 9445 16010 19248 11553 17707 7896 14219 18926 17966 2789 9036
3710 11292 14648 3892 1201 16540 8124 18642 15051 8789 13658 18896 4628 16744 12504 6884 12824 15334 334 16504 2540 474 10627 14265 10994 14955
2393 16684 5690 17476 9282 15124 10495 16273 4127 11856 16780 15673 7306 8664 12652 4600 19447 19929 4680 16341 2350 16467 7868 19256 13525 15414
4205 17782 8951 11702 2255 6371 2610 13841 14937 19623 683 17133 7520 18346 5239 15184 3160 1235 13141 10182 703 9644 12646 2191 9924 9738
8872 4155 1012 56 19088 5344 6935 14280 9319 5510 10140 16360 7864 1107 4426 12227 10049 7301 13016 8304 9126 2681 6298 2113 16926 6656
15155 5107 7891 17209 17673 11885 12053 18166 8770 11201 10848 5623 2381 7787 928 4651 10080 9201 339 19993 1426 16084 12824 12999 8162 5787
2899 4778 9374 8366 2792 13431 2165 19267 12907 5607 18410 2077 14747 5702 3567 15754 2308 4979 6665 17317 13007 8670 153 2738 6868 5347
16361 15945 8836 11744 5143 4690 1585 858 15769 14854 9511 2849 10211 1779 8045 12571 557 17942 12560 5004 9018 6696 2023 18307 14365 14339
12754 17561 1626 10323 1294 10960 2492 17198 17639 3694 539 5389 827 14037 13880 17883 7521 14907 8312 5666 5314 14143 4548 16096 14130 18001
16437 8578 8995 17885 13253 12165 3321 12306 7151 18976 8426 1202 18080 5216 11169 14967 6619 12539 10438 79 11962 13950 7337 1797 14642 15589
15611 10554 5322 8933 9241 2598 594 15671 15085 9371 17223 17705 12613 17711 14350 9134 15989 18492 360 14018 1161 7052 11050 9987 8860 8645
9746 3452 11320 2404 17076 9218 7929 17635 3233 101 13891 11720 2013 651 10043 18105 3349 12533 17483 16590 10533 14544 1167 2443 16398 1385
14410 15854 14466 19797 16198 17762 3733 5897 9852 18656 19985 555 14889 14589 16849 13632 4125 18714 19576 9338 11119 46 17687 6099 11803 12264
15918 3967 8612 6781 5357 7273 691 7311 5077 9242 5244 10325 13436 5456 2953 5645 2341 12996 18900 4073 19019 13838 17819 607 17451 16295
8351 3518 7771 10897 17449 1656 8769 13638 14073 16842 15262 1695 9560 17131 1741 17644 5866 282 5933 5859 9856 13285 18100 6164 11176 16795
11241 394 7674 14604 9812 7758 17135 2162 13177 5550 17621 1217 9934 14005 18745 2836 17664 6816 9616 6578 14856 2260 16809 19744 13570 16781
14979 4993 18266 13519 19964 11915 4986 15239 17583 9080 9138 5428 7018 6855 14274 5185 3260 11613 8455 6125 10928 14539 12947 18929 9919 6599
438 2982 5010 14671 9348 15696 1625 10928 8407 12561 10967 17329 2060 18447 1975 6570 7863 15979 2123 12509 19179 4781 6289 5723 17334 19595
9215 8580 8718 11351 9554 8927 10071 17558 8873 16075 19777 3613 14697 436 16734 19255 18855 1140 6526 18500 19867 18133 5116 3694 15842 4555
16047 10087 10575 17608 15624 8012 5708 12442 4614 11200 11650 8956 10868 4012 17810 19567 14569 12792 18366 1938 12838 2746 4918 4734 8084 11661
16908 18808 17669 7051 2798 5027 19174 3471 17691 18224 6411 1537 18390 6501 10577 18162 16767 14509 3760 17550 2315 17389 5336 15122 95 12488
14307 11659 19838 4217 10000 6697 13352 18491 4972 8171 19884 11298 976 12258 9666 16355 7238 1779 14206 12771 14857 11681 8985 17648 14939 13259
14287 19309 5469 13959 11399 9214 7158 3572 4001 13441 13919 4755 5682 1628 355 1940 12220 6645 18023 3170 5367 3962 6016 10964 6801 10693
2015 15523 9691 10587 9212 15559 19101 10303 4124 2402 9590 398 10911 3821 15726 17223 12752 12617 17019 7548 13205 9156 18128 3268 14039 1479
15422 5493 16183 4008 2794 4578 3472 19783 2716 18173 13596 12949 3684 6084 14473 6156 6978 11306 19812 4375 8314 14881 13771 17023 6063 14447
6 10524 19050 705 19230 7115 4052 17703 14723 6354 19273 9449 260 6917 1021 15255 17862 10775 19034 12559 8710 2648 17031 17906 7112 4684
17638 18746 842 17357 9810 8197 18118 2246 5995 2106 6922 10985 4312 7022 14317 1658 15060 16921 17498 5556 3974 14518 10838 1855 5021 10378
18560 8825 4905 4031 19508 19588 17945 7460 12877 2973 15374 947 9505 11578 17980 10982 5436 7937 15579 18629 5220 18188 35 18751 14238 3096
617 14959 15225 10511 16282 15775 13762 13115 1308 17566 274 17236 2196 16382 53 10144 19511 8000 10320 7004 7666 9869 10724 4312 7506 16968
9402 8961 6476 17529 18078 14671 10773 18138 10261 1470 7114 7414 7970 10625 12535 10334 10201 4247 5370 15963 19965 4607 14270 3709 8400 9105
208 16555 13833 16783 10627 15110 1185 9707 8585 6273 10818 3046 12086 16045 2488 4679 5285 16654 19453 16765 18862 11024 2043 15978 6137 16074
16773 3394 11438 3445 15431 3181 15848 12397 13241 12493 8127 585 11076 9799 5701 6954 5314 5989 14066 14582 8396 15973 17234 8392 7844 14430
3119 16253 7721 1561 9725 300 1417 1849 8914 452 3889 7139 14875 19724 11379 5257 1516 9928 14790 12831 6642 14337 8704 16070 13561 4438
18805 5718 15804 3136 13851 13809 12717 1307 7521 18999 15873 9590 11077 19099 2755 1520 14600 1495 2334 2612 18491 13765 3371 7109 15375 6844
12976 4595 10745 19492 1788 5675 6417 19049 11886 11665 5014 7317 17338 9410 13124 14871 3718 15820 482 19721 9494 11720 7893 165 559 538
1582 19626 413 14283 19506 18320 18009 9795 10827 15193 18811 18714 4821 16137 15512 845 4704 15763 12818 8127 1523 14765 5551 3379 11624 19445
12717 12111 13747 19654 12581 621 5564 13650 18627 7361 5852 19009 6346 10901 13931 5578 16424 7979 17297 4059 19806 10965 5869 2004 13790 4058
137 5305 13069 15282 9463 4180 494 8018 15825 19501 14119 19340 12369 4479 8281 2178 1356 13321 9776 5117 19459 19908 16145 18418 3963 16427
17353 17690 12794 14124 4030 19179 1897 15527 2555 12544 17744 2806 913 4473 3992 19931 4029 12467 13710 11674 6722 1783 4026 11585 16340 6604
15975 163 7069 17004 18618 18422 16051 3548 11922 14677 7619 6648 7899 16695 9526 16046 11262 5754 9070 10846 9474 10002 19301 12854 15929 6430
7805 15161 16209 9217 17954 2407 6520 11523 18771 8217 11388 11638 17870 16689 7544 11865 8824 9958 14368 8153 3308 18948 2415 8332 3308 6029
13645 12270 12375 14398 17071 4166 852 6382 15449 17285 13987 6375 4619 2362 7202 1531 11980 17967 17635 7627 911 5643 15784 2656 7114 7293
12042 18508 17160 15396 16566 13450 5636 1241 8257 16955 6249 10003 18179 19741 12458 2649 7427 9412 445 3897 17642 6964 9801 9290 8207 1519
11286 1573 15435 7530 576 5952 17622 11355 7747 8397 5492 4546 11045 18538 19742 19737 13067 16086 5288 14919 3410 7113 4341 2085 15217 18643
2513 9823 12726 7482 4708 18730 10887 6330 1451 13567 13452 14923 18854 15249 4759 1768 3965 9110 12402 3260 2349 2286 13508 7456 4002 2377
5956 4380 168 14276 8744 15210 10779 19693 18454 13542 17293 2703 14630 635 2253 4308 1906 1514 13699 17336 7759 5731 7258 15589 11436 1079
6867 9917 8251 15512 3294 4706 16411 17104 6437 3772 7554 1427 9901 10401 8689 9918 16517 3051 3975 8380 16891 2709 2003 18816 14308 1458
6245 17284 8248 3915 6030 4071 7733 17390 5206 11502 224 15934 19635 1330 1657 1426 14428 8937 3027 18662 12138 11682 4412 9837 4294 8700
1187 3203 6418 17696 3216 14302 17951 2664 14765 9301 2437 3291 11682 15470 18775 15258 19621 11915 19373 996 2196 6976 4437 7641 1188 6683
6613 105 8539 12794 10029 17869 18676 799 19499 5830 9552 13929 4602 16790 15311 5024 4017 1865 15744 2121 10140 885 18590 9328 16510 15167
7440 3245 11623 14710 10370 16242 8808 11682 8578 17180 16154 9619 9276 19705 10376 11047 4708 18977 13207 16963 18256 12157 2873 8813 6146 13337
9811 6183 18301 18658 16522 14967 13398 7215 17646 13375 15524 4598 4097 1295 16572 4597 13344 19088 7176 11581 1781 16978 7674 4328 9918 592
15256 15025 13697 13333 11433 18685 7256 1361 19879 10243 174 18009 15342 4465 2999 5029 4867 15115 16564 4969 7183 13386 9585 5738 5935 19592
11719 6834 9868 11800 227 17619 9909 8328 7480 564 14619 17919 14074 12878 5533 5043 750 10982 5653 1651 12512 3485 8134 8970 3868 7279
18735 2712 5955 19377 11219 2840 18883 4117 7950 7918 17974 5667 19403 8225 4895 2061 10323 1870 8842 9793 2867 1397 9543 13153 16829 16436
6933 15873 12359 1255 3809 10995 15534 12998 15684 11491 7426 2060 7079 1002 10793 980 12455 4381 3448 74 11572 16464 14382 1416 9432 16211
9545 9677 7806 3210 3493 15762 16361 12883 658 8388 1358 981 2505 13232 10736 18181 9050 11066 8430 15105 10568 13727 8073 11377 14099 8404
15446 85 4704 16690 10939 10428 13287 7457 3800 16941 2450 7496 3138 19616 9627 18704 16497 238 2938 19956 18441 12435 9268 10813 13534 9740
6834 2614 19537 14139 10924 1086 11588 18303 14988 10936 8358 6438 14591 11671 19950 11452 11916 9906 6268 6965 18630 17711 3315 213 14346 13362
14364 4480 3695 17202 13188 17369 10710 16866 17240 6693 17252 4113 8022 16001 12633 4256 6375 507 2546 19885 5982 13930 9249 17732 1494 5874
14373 4291 2097 7 11231 4584 11213 16599 8232 10574 14882 6124 6806 2424 7724 6019 7982 11934 4738 18309 5667 15328 11528 9255 10913 13652
7827 15624 4650 2813 12386 5045 11039 5738 18843 306 11573 8000 11640 10493 19548 5021 19499 8450 251 13876 17745 2974 19622 19483 7234 14505
6357 18740 13344 6334 3714 16453 5261 12429 12696 691 19797 11557 1123 15684 12305 115 4740 11743 1355 16372 17699 13548 11248 12014 1130 14186
17528 17620 10040 10281 230 5409 8968 15840 11265 17584 4463 16520 16953 18068 2302 6026 10108 13436 4575 15540 19379 18874 18079 4961 11940 361
15060 7148 9307 968 16089 19949 16612 16821 16797 9167 8653 4569 18868 165 5073 10843 13507 14067 7818 7606 1572 18599 8938 14219 14260 19010
14545 9165 15972 4413 14059 14449 7345 9608 12669 3921 9457 9323 8399 728 11842 18131 2082 21 1801 10113 18916 3738 6226 9369 13132 11919
14606 8770 16177 3672 10436 5477 19408 7189 5068 15094 2507 17714 11071 594 10572 2012 4893 11321 12069 9302 14456 610 18012 13508 8050 14462
13516 12980 729 3648 18028 14313 6077 9754 3009 12199 10993 5399 19767 15950 747 6685 548 7842 5516 16013 14997 19697 7836 663 10615 17829
1175 18954 16179 11842 14475 11685 7023 14947 617 1574 2052 16025 12942 344 15649 8447 2054 5093 10134 3999 12524 2919 12642 10483 5255 8018
16100 17257 2818 13730 655 16797 3732 8121 8243 2053 16692 2520 11290 19252 5367 10316 9762 8166 7850 18219 11771 4032 19109 18636 13649 4741
17291 2847 7166 4504 1348 1620 12877 3393 7788 1510 6304 14203 15487 11656 1787 10963 12471 4749 5507 16611 8988 14233 1422 7686 2998 16877
13343 12066 4680 15900 11287 10091 8609 16658 99 13366 1799 8223 17800 13605 17767 8677 14598 7858 3611 2368 6245 15513 16787 13398 11002 8194
14821 12261 14471 3761 17280 948 5159 17132 3354 14656 10725 7688 18836 19779 2576 10814 2125 15042 9623 17874 6932 16515 17188 18773 11466 10413
18022 17439 17467 2446 151 12560 19723 10627 1372 7866 15940 8890 11337 16245 573 16610 9132 10479 7809 10850 5647 5270 14395 1158 1443 2034
8073 8530 7813 6098 8273 6262 3035 13948 5111 797 1684 419 11607 12769 18416 7115 5073 17282 18135 6247 1988 23 15978 14596 4948 2832
15088 2475 15281 18773 19146 4009 5394 10783 12070 360 9359 862 13886 19999 5789 5436 19807 6011 15504 8719 11035 11189 4692 9047 11274 9203
1635 2769 10797 9949 8691 14060 11423 1066 19021 18362 15444 1416 13380 11068 1748 11548 5374 6491 4473 16526 16065 12409 13332 10426 17025 10940
197 730 1078 19373 8491 8603 3557 17810 13513 3581 20 15622 2462 19323 10863 12547 1869 12009 3844 8686 19419 1132 13266 18049 4613 13094
18161 12530 12682 1328 8476 8515 12728 18247 6345 17677 7816 10875 3479 13813 12635 9273 6756 9387 5110 120 14152 14368 18583 4840 1767 7415
1089 3115 9541 7682 13197 3271 19725 10566 15329 17862 10846 3689 17806 2667 4020 7012 7500 12331 11307 15157 1073 19880 2198 18590 10515 7844
15199 7358 13905 6490 8441 9784 8121 17024 5802 1388 19110 2596 8816 9375 1469 63 12975 2492 6240 4750 7883 14936 3149 9626 19618 19076
9566 14996 12044 4680 18740 16756 5267 7759 8740 5111 7727 5734 17528 6570 12047 1617 3560 5773 5693 9304 12722 1478 19057 6628 1391 6710
12210 11837 17971 7089 11652 9787 17971 1413 12001 6362 12480 309 17019 5569 1765 2528 3264 4296 14946 9882 7250 2490 4957 8854 16970 11510
16484 1025 9352 10936 13976 15775 11234 7222 14879 4698 14999 4853 11541 7952 2924 11754 4461 559 3541 18659 15637 14852 3374 8210 2652 11285
14537 6278 8354 3703 9605 14117 10754 10845 17536 3538 1088 19165 2854 8931 10048 4384 2496 18254 475 17195 90 14204 2248 7624 19428 2759
351 4148 11601 5143 11071 2730 12148 9613 13126 4887 4374 16502 17443 15172 14502 8281 4211 12873 3572 13491 4887 6704 18163 17535 7816 4353
11036 16065 15724 2201 19967 5029 6559 15967 10912 10789 4147 4787 8612 16120 5729 14117 10718 9845 7774 9735 19787 3347 8994 2542 138 17527
4483 373 14829 639 3198 3251 12849 9804 17072 1618 2985 2862 567 4892 17344 16573 12841 11389 25 15356 8714 16455 5717 16103 15909 5465
14462 5148 10623 4798 19010 10242 9941 17765 14346 19957 11180 4589 2383 13300 19301 3915 10109 1136 13570 18940 197 3532 11250 12458 16619 7640
16056 10900 13054 12324 252 6015 13877 18877 9816 13379 967 3953 14737 5879 14908 5153 7110 4533 19285 11810 10676 19731 6823 5908 13881 1252
4675 13851 1342 18559 17844 17157 7345 10954 711 19334 1468 18777 19350 17113 11699 12296 7486 77 9084 11008 8285 3444 10148 18351 10677 17734
10471 11893 17221 15426 4357 14272 9325 6940 2816 12951 19721 3111 7919 5895 15648 1089 3297 19677 12315 10841 9762 8468 2453 16402 6691 8044
7725 8169 15570 17027 6721 15880 8379 15534 15859 11976 10553 5107 12875 5951 19799 13400 735 18207 9505 5268 15176 1511 14025 13429 5745 5503
2292 16477 120 13305 5856 279 6441 7847 11957 5076 5714 1672 5600 1312 18674 11691 17913 6875 5175 3946 13271 7492 15194 7032 13970 6913
12903 6469 12778 10119 16476 4949 12744 15935 15633 6274 7675 10711 9134 15463 16710 4305 11492 5948 5646 14282 1725 400 5559 8369 19374 5550
8998 15812 13671 16752 10507 17989 3834 5001 18673 13501 10088 16442 10053 14076 7613 4827 7633 13181 2035 4028 3877 2918 17475 15971 9821 17456
19713 19313 8006 16953 13958 1056 609 11528 9139 2998 13938 11571 16899 13675 14299 16333 17111 624 238 14048 6691 5496 7531 9782 10356 1499
7733 12212 3209 14346 9088 5616 19179 17123 1182 3857 3723 18697 19854 9723 5062 7281 12858 2214 4945 10703 11745 5944 2883 9964 18373 7790
13493 13619 6370 2134 10358 5654 8997 2919 6469 9865 19431 662 12521 19200 466 14202 13567 18987 19929 11129 3585 5103 5930 9509 18358 4526
8016 3061 37 12564 7479 11655 10266 16742 2868 8332 15368 9127 3523 6510 8153 1641 14228 2850 13005 14209 1027 10283 4562 17185 13447 9652
18945 1468 6647 1092 9806 15608 7400 1821 15108 18464 12520 9372 10742 15765 15022 12061 6926 6246 796 7406 12022 17855 18458 16056 5506 18974
15796 3129 15413 3167 9402 15865 5855 1445 18880 18660 5948 2247 40 258 15741 5986 11981 8840 3525 723 2048 711 14962 4165 6865 6437
10429 895 14921 18595 14398 19947 11921 12462 1579 16332 10324 10654 10592 19238 19351 5143 2357 3009 2976 17903 5890 10601 1742 14664 15126 16854
16337 16031 5758 9527 10077 29 15384 6931 9435 17076 628 1263 18522 4403 3606 15001 19316 14211 2402 7960 18904 18711 10149 6184 7997 1927
18992 5235 4660 16831 14239 76 13788 9840 19688 13567 9152 2479 14817 11660 10729 1859 13101 1021 5967 13824 10295 4457 9423 8291 2860 10762
10251 2114 7358 13839 9934 14605 5580 17000 15081 14206 9241 13652 6253 9249 7945 5395 2103 13521 17454 3670 9501 14249 11059 11308 5066 17754
6522 8480 16548 17147 8763 7147 10347 7599 16796 7661 15584 16414 4393 3600 18041 15341 16654 2292 14527 2116 4781 5380 6795 7014 16477 14416
2024 2153 10733 8927 13323 668 8530 12905 1538 15107 10127 17911 17867 13558 14613 11647 10253 16080 7525 3662 7643 2361 3572 11085 11734 7408
9711 17122 4174 19219 9397 4910 6641 6409 16456 4984 740 5112 1361 11673 3092 4471 3555 7448 8804 7774 9724 2711 10716 19251 10635 12551
7723 4562 3994 7631 9358 6560 14319 625 150 6382 7399 16361 4567 18024 12717 18624 4700 15226 9311 5380 2129 12494 17916 16725 18433 15612
3765 2346 9173 15225 18990 16201 4979 4860 2474 1256 19691 7691 2580 3029 18143 10649 18200 7101 11844 13473 5169 8349 16306 4008 18133 8740
2886 829 16238 10540 6792 14926 16646 15476 17190 16748 15472 13875 8804 2559 6020 6253 11770 8015 16182 1524 14169 5424 506 13585 11608 7259
11170 9631 7202 6566 16574 13001 8354 18599 19038 8802 18178 18931 5768 9359 19390 18432 16848 15064 1053 16704 15328 4353 15044 64 18418 5399
12685 3029 4498 11716 332 12319 951 10326 17427 2832 16183 7162 12584 958 10772 13143 5434 15636 3821 4968 11476 9967 3520 13187 4795 15892
2245 4293 19787 18431 18936 11075 14234 18629 17548 19802 12067 4344 6354 13392 1247 15716 18491 10918 6092 2795 9515 16300 9910 9393 1654 3292
15406 15690 3567 15902 15299 19269 5920 11773 16706 1119 11805 11261 6000 4279 4536 14691 9106 15966 14981 18333 1022 3008 7105 10148 10742 11650
18513 4972 1127 9243 3217 16747 9896 16182 6344 17303 1619 7950 1136 12882 6767 2608 4568 15113 19615 17754 1304 1162 6859 6426 14864 2858
13319 10844 4661 6414 5483 2747 15658 11551 19595 9159 11637 8778 11224 16174 1664 4551 18578 1464 18966 12073 2632 19957 13225 12902 3345 18281
17004 6542 10144 1627 11508 13886 916 5450 18451 4421 10765 3982 16540 18013 5037 11609 7782 2363 16599 14171 18350 19878 9221 4982 16010 13842
15494 9800 11603 6599 6662 9600 244 11837 16893 7816 7325 3168 245 18640 16958 5863 19308 10328 5042 10184 18184 9244 1619 4575 4032 8307
15114 6582 16654 16342 13361 10544 7418 2882 2749 17199 8899 17918 7823 19314 3820 9749 12047 18810 17346 13325 13945 19595 9857 5914 16311 13431
4456 12232 11278 8373 18002 14277 6611 5898 3989 6709 11471 18897 6461 4173 6494 15338 12746 16219 12080 10265 4899 17676 13219 15756 3521 9423
4066 17979 12551 3201 18910 18975 9521 18992 10022 1158 9187 16788 12207 3808 3521 7994 3831 9497 3338 16264 6362 18229 489 2974 1198 14712
14620 756 5792 17600 6123 15239 11667 16747 18457 14599 4340 4057 9342 1470 19207 18607 3312 8469 10365 5695 281 6328 4328 10224 825 11048
10395 646 15301 12668 18390 1060 7186 3656 4430 7215 4677 6933 6767 2929 11193 2131 19208 8212 7548 7203 3205 12266 2705 11659 2553 13728
3909 2351 3509 13529 9577 11232 5329 246 1290 9893 14785 4598 2919 4791 7549 19653 16683 9016 5606 9328 5314 15041 11299 7964 18947 8926
2114 15598 5473 7590 5110 17445 16405 17227 12540 928 7527 13087 11104 3660 2973 18782 8489 4070 2772 16432 17171 995 12541 18714 15561 457
9278 12690 19307 18303 10805 1862 9514 8064 7071 12256 17062 10713 8122 17543 6543 6326 7112 17172 17933 17096 4062 1506 3788 6939 1552 14571
6740 4217 9873 8336 3819 5087 19895 7311 17777 11545 17589 8900 13762 16637 6755 5916 8588 5888 19257 698 3759 16499 2429 3639 13766 15298
309 5424 9053 3844 9378 4616 6375 201 8218 6305 3685 9953 4682 10978 16513 13425 15079 18376 18914 14177 17352 195 6551 11843 5589 17150
485 14492 17239 19567 18641 950 2471 11508 11553 1203 19429 14816 6184 17820 2134 8 4894 2227 5783 6324 9814 6850 9387 3391 5724 15066
7155 16950 16405 3471 6499 14981 5859 17086 14653 12145 14425 16761 5965 15846 17147 13980 5723 3037 9359 7499 1304 2147 5091 1780 13961 18469
12768 1899 6151 17915 9964 16844 16554 15023 10688 7789 17836 15893 6933 17053 17853 17457 13866 17827 6789 11846 18447 6637 2792 19004 17982 6307
3420 18613 14438 9940 7573 18654 16467 16530 3741 11625 13859 5504 6443 9382 10292 8070 8214 11931 12752 5574 16893 542 15717 2514 8417 17455
15204 3871 4305 6845 4608 5008 7777 8131 7626 11815 16307 11487 1645 6944 2830 7425 11940 3533 4407 14205 5196 12486 13929 11497 17319 10228
578 13837 10511 15072 8051 6236 3129 1939 9343 6822 13126 6927 12592 2154 19038 5049 18504 1368 4128 17931 11257 11900 17307 154 5006 7582
4076 3491 19937 16845 15623 7906 5184 11304 16199 2724 10135 11182 14232 1272 8829 6980 5124 16519 19451 15949 2750 3576 10193 12835 12866 2091
6380 8774 18982 17681 12396 4718 5134 11981 10161 40 19565 1060 19888 17883 1211 1538 1574 11421 6621 12411 10632 499 14781 13632 15684 3578
627 4514 14322 14562 10339 18296 12644 9054 3891 17450 7696 5171 5977 1337 9627 17539 2789 19934 13759 14748 9396 9320 12186 14766 2141 13324
9525 19238 2030 2372 7777 15721 18460 14058 19300 13455 10399 11325 19145 12041 17405 15778 2283 9907 12416 8136 17539 11194 9836 18660 1896 4742
14371 4785 3462 11302 1154 142 19372 14321 2805 10107 14861 16205 3014 16508 12880 17062 17920 5069 13966 536 482 17609 2295 10866 9375 4333
5838 910 12931 18505 11528 14353 7218 6967 6098 11775 17057 13153 12376 7483 12035 1155 9085 11482 8753 14889 16832 9378 19462 16995 15165 1172
14865 9402 10890 1488 7830 17150 15546 9766 7156 12945 18778 11498 17792 3166 11601 11067 19040 14119 18907 8717 18314 17225 7776 18823 8099 789
17132 804 15832 5105 15581 9277 8312 849 5118 5183 4703 17104 19622 589 9969 13479 8650 9664 15473 6398 15381 12634 11388 12336 9452 16876
7280 6976 12312 19214 16611 8084 10738 18032 17388 2842 758 18260 2533 2641 6660 10874 16682 18323 1177 13427 15175 13368 19411 18936 1668 15858
3251 12175 10721 16295 3119 15683 16631 4775 14799 14901 2565 6438 14372 4152 10508 12618 1843 16935 8910 551 19842 11804 8765 11565 6799 13030
14437 5367 13217 4582 7423 5535 13884 11970 17911 12881 12555 8868 19979 17366 10491 4585 13818 7462 1537 14124 943 10163 15933 17812 14568 17105
5176 12273 8940 7246 5364 14432 5526 5365 17442 7643 15013 526 2264 18304 17946 9548 9127 194 3118 8538 18182 6910 8393 1287 17574 18814
10573 1119 1231 5915 69 9808 2042 11258 9316 1816 14730 3775 183 2827 7748 17920 12547 4487 10098 17786 13513 12161 14652 10338 11559 18712
3564 19975 8926 2256 12785 722 6257 18996 6347 3924 6739 16536 14110 5002 2915 1969 14383 14850 15614 5641 13522 3032 13253 5715 428 15782
5933 13334 18197 7677 9258 19680 18937 3710 5845 4170 9882 5857 759 14957 2466 3310 348 13064 397 9915 13752 16129 19621 17620 18353 10855
1246 9817 10866 19756 15122 3502 3435 13969 7726 10758 6938 8817 380 5808 13103 18288 9792 7816 2925 7274 17735 11362 18183 13659 1125 19537
5450 12974 1496 13611 17958 17319 7833 4843 14002 10856 10511 6834 18886 18575 362 12886 13171 6140 11901 15523 6949 19636 10806 4909 582 2316
15166 1329 14915 2267 12644 3464 16339 6535 12754 16028 5306 7571 9160 8264 14048 8291 4145 18310 15437 3397 9487 18612 579 14508 10618 6471
7023 5885 16466 14883 16516 15383 19553 10168 874 6874 4009 1623 3466 3081 6412 14712 850 4068 1285 1119 19610 10255 17012 18470 13517 4044
9942 2481 8 7231 16548 4906 16615 8115 12728 18632 10984 12387 2313 10956 2882 6295 19068 2174 19743 18789 13985 7350 12015 9307 5867 6679
9730 8825 14274 17443 9923 17871 7124 9651 3026 12173 2769 6439 4117 5895 1470 17380 7839 704 151 8601 14400 9750 2526 17324 2481 11473
35 3286 9754 11949 475 15375 19712 4334 18435 12729 4241 9679 1405 6553 2431 15199 9158 3713 9520 15540 12344 10104 7989 9992 16153 13656
17668 16100 1186 18981 11093 7462 13804 16511 9953 3550 13375 9704 18687 512 14707 10578 16415 5189 1282 8943 18414 9534 1529 14178 13101 19301
13690 14823 1229 13523 10493 3123 12551 18023 17528 4471 737 11587 14155 4622 17438 17545 3017 1051 18454 17363 10168 11888 17183 701 3461 7498
804 4003 10231 15575 8055 12228 15872 2075 14169 17188 6405 9742 5650 2481 5542 19562 5430 11291 6056 12879 5365 33 4545 6628 11848 9198
8288 439 7337 13017 5178 9888 3632 2794 15703 14201 4096 3504 18537 17433 931 19114 8753 15440 15526 11724 11578 6715 2090 1936 977 6218
17704 13011 3713 7378 11824 14289 4633 1666 5652 7504 14671 12042 1267 16676 8727 10604 14602 7564 953 1203 6461 1045 2698 9292 1055 3428
1143 1496 7429 17368 6148 1992 9084 16505 12676 2653 3523 10814 6103 12975 17003 7965 5974 12971 8395 657 15988 19102 11173 8427 3441 19736
1500 10934 11346 11986 8878 14017 7678 13506 7213 1869 13164 9331 4261 2072 3657 5036 12116 8689 3944 17603 3094 9572 16659 18532 8184 1340
12210 4525 9093 18002 10989 12934 11659 17771 4647 1705 8391 12905 9974 87 7473 682 5193 1418 11316 17971 8755 12519 15589 3982 18375 326
10408 15442 4268 19126 7239 19567 12348 19433 4427 16728 6829 14263 16646 16676 8538 4001 10103 3847 13813 3422 14555 9215 7318 9500 361 14788
14535 7059 15677 6163 9938 5807 13216 4701 7997 3800 13573 7193 14063 13655 640 11057 19191 8617 5041 16031 17729 6047 3090 5460 17537 4653
12558 17207 5844 19495 7916 3851 15724 7125 18484 18255 893 8928 15234 18887 6735 1032 17136 1858 8263 17725 1608 10435 10003 12209 17028 3165
14465 8197 18357 2558 1482 12463 15429 1397 18148 15051 15766 15889 13131 6489 19116 3126 17628 264 4219 16031 35 4526 1657 10469 17529 10242
9174 13850 5788 16110 15814 7921 2657 2496 18314 6274 11133 10161 328 13288 15146 4857 5667 14855 6804 12814 11174 11690 15338 14335 10380 12218
380 4470 15030 6667 17947 16845 13635 16560 1492 8474 3045 9177 14507 11097 16099 7193 16613 16812 9743 4768 10644 3597 6734 1821 18276 18927
267 4197 16567 10451 19152 15745 14784 9859 3027 19049 11195 761 694 4302 1302 5814 9290 11907 10818 1124 15977 19043 1410 17192 6925 9257
6374 13456 19108 17999 10815 11319 13722 8742 10022 56 949 6448 7795 1713 1467 13021 7829 15213 19093 13324 2051 15891 14527 1771 14279 10846
12145 17187 2430 8817 5216 12227 4843 18571 5548 11081 4027 11702 13491 19594 15428 15744 11787 15076 9083 6376 4402 7942 7320 13325 18673 18415
6853 16865 18341 11685 18483 16729 14799 8883 7663 1601 12353 239 9867 1758 5203 16195 10952 7281 10598 18463 16814 16535 1175 7694 8445 5543
3545 15367 9444 14094 1338 6752 13035 15226 7308 5211 14354 16432 10032 8038 9111 16921 7992 3048 4936 1787 2282 2535 15220 19116 15991 8798
16564 9942 28 7382 9979 19848 19147 11813 12469 6314 1229 19134 19017 10701 11788 10348 12362 1166 18981 4765 6868 18935 17631 4077 2537 6969
16364 1561 19519 14513 6295 13474 15294 4894 3246 8948 18686 2862 1721 7414 1026 3015 3127 8005 3655 897 5372 17267 15815 7823 17301 2702
9317 2044 10308 10401 12294 18617 10708 3950 13150 11711 6855 7169 12728 11827 13467 12147 9310 14943 9785 1992 5854 16344 15085 17830 10164 7863
17580 6002 16013 2463 16584 13067 914 16570 110 903 15718 14873 19464 479 436 18857 3871 14588 3284 14678 4407 7323 12745 3775 11364 2795
4729 13304 3464 8710 3716 10000 19403 5402 10681 7194 6614 11103 19412 19150 16849 6741 1183 8917 15628 8371 14559 3458 6991 7881 2831 7292
7464 2079 7412 4 1477 6087 12210 12355 3950 12919 7436 3710 4041 5171 6213 1321 13062 1970 16044 6625 8591 5135 13913 2983 7134 6891
4690 2886 19228 15873 16039 12175 16885 3240 19514 19195 15957 88 5982 1685 18737 18938 282 2601 5057 16494 7227 5070 6282 13428 14367 17831
11011 19714 17260 7155 13011 5614 5651 11688 9192 4472 12241 19007 7320 6674 4931 5082 2474 15552 5432 13506 14756 19451 13230 6732 2839 7699
17654 3723 18734 13030 1451 8077 19856 5984 3160 10721 3811 15325 14112 6657 5038 3817 10815 8540 7623 11234 13740 17509 15418 18297 17768 17175
18343 3258 9369 168 13859 7843 815 1575 9286 15056 13293 6139 11705 18892 8431 4244 3144 11553 2946 16083 14082 7675 15442 7166 1131 16434
3469 2996 19426 6975 6635 3230 11839 17185 857 8912 2197 4219 18271 8189 17072 18656 15375 9781 18955 10990 6003 17399 1582 8950 8480 16840
3886 9566 5728 13652 8915 7318 14821 9212 11882 10116 9688 1828 14370 14363 6902 16932 10211 19698 10579 4164 5474 19945 18006 4373 9051 18167
6539 5115 18916 13193 5335 13430 18706 6561 2040 11594 4151 17467 16916 2824 10872 18914 3241 2596 6478 5964 15242 7865 10238 18294 10145 9856
5786 18298 15799 1932 1668 10637 9531 17337 8048 13596 4564 15322 12767 14782 4046 11865 9410 12048 16754 3805 12788 10739 11826 11719 4032 135
12118 5340 4704 1464 5966 6 1904 6487 12327 15709 1070 12490 17173 15148 17158 17202 18535 9426 18007 15042 15791 5987 17191 326 8680 8198
16446 1357 11906 13401 19147 19893 891 19683 17822 5931 13432 5202 10312 11797 18182 3723 10783 15012 3373 12233 17891 1126 5584 7304 838 13671
18683 11817 4622 4522 4437 5087 8222 13678 19257 396 9977 14445 19009 12517 8859 10694 8842 11420 16740 10019 12171 607 7830 2077 17687 19402
15363 12187 15067 11697 11346 11979 661 9058 1628 8799 6742 19964 487 10226 798 15358 2026 5736 8840 4212 7449 18042 5105 10772 17795 815
8041 18123 642 8347 3638 15470 7591 4640 1721 12931 8171 8384 8898 4952 11748 10845 19000 2630 5478 3852 18057 643 9986 928 11883 16211
8923 47 1987 19823 5262 12874 12189 11442 7084 10550 19091 13240 12419 8654 5898 18587 19670 17421 15036 19114 19273 17505 4087 10829 15361 5829
9959 12336 8534 19506 12507 5124 15 15584 4 19549 6964 13296 15290 15665 571 854 9943 19501 10878 11059 3872 1843 4451 14967 8562 5495
17739 1478 334 11351 9434 3256 15558 12394 3976 19981 5389 9513 3718 1675 14929 11374 11759 11354 373 2809 16540 924 19302 4279 6577 757
14709 15280 17765 15410 1171 6546 14182 10338 567 7046 5124 5544 11137 10184 3694 8495 12178 6151 409 9655 17074 4940 17095 3431 6213 4036
459 14705 1068 14254 17639 11796 8314 7008 11224 10682 2001 1671 6280 17110 13209 4587 17386 12196 7276 19370 14402 1503 6103 7359 8830 14198
10476 13828 3317 6462 16410 9675 15442 8512 13079 341 13911 6647 11826 17256 12435 876 5501 9013 17221 10027 12602 10783 2604 2213 19028 15924
11766 3371 19205 4422 8192 7206 16032 12829 15480 17713 10291 10497 2336 5851 14819 1108 19660 3586 6465 15518 537 7737 11750 4729 157 13062
20000 29 7982 16171 10467 12702 48 18649 1008 14554 15364 3998 3196 7239 14810 19776 7579 17387 1744 6507 7449 11793 13824 9690 7997 13248
770 7826 17392 12900 17181 17209 19759 3012 16357 8908 19238 4910 9246 15450 3327 17217 11497 1154 8528 1684 7172 13488 13680 17989 4689 2988
4455 375 19714 12422 11321 4424 15937 2726 6804 2018 9877 15978 15308 15246 15318 12204 13892 7955 16700 7206 4570 17915 5238 2336 1424 16603
15079 13010 15293 2554 7904 10721 5034 7935 11705 10281 5401 8187 10866 16405 17237 10863 16425 17772 11693 8504 12653 17202 18315 16116 3227 7841
18299 18331 5951 1301 10135 68 6199 19261 14584 17680 12039 16852 19129 4168 11542 498 791 18079 12702 7997 6655 4568 6435 15320 19622 12714
13220 4440 4394 16054 13722 16386 15406 16715 18830 19495 11021 16324 4278 13283 12953 6506 18282 3774 14265 1372 11328 9283 6306 9339 6240 6246
6784 15926 6735 11509 4811 7787 7561 8589 9954 9685 17509 9503 15054 7216 3487 3392 3771 6666 8955 9580 3793 14203 18949 13923 99 7653
2205 211 3181 18611 16703 15159 18194 19652 6192 4314 13845 190 8841 3541 17554 3758 19888 7136 12323 10418 10190 432 16094 7343 12320 6652
3406 10969 2985 13888 15994 4169 11036 13008 15707 12212 10952 1998 1257 8451 15539 10955 7321 17682 1276 6669 7469 13995 4265 1397 6134 9288
1523 18670 5193 11032 2941 17371 11823 11971 8436 4731 18349 12623 841 16705 12949 2130 12265 7507 5101 19924 10400 382 13256 19206 1563 16672
780 13496 4169 13859 6201 14425 6910 6033 14678 17270 13448 14348 7493 15393 13644 19315 11633 12751 5506 6342 9362 5219 19089 15314 17437 11075
15458 9751 12313 1600 8554 3476 17455 2956 14239 16021 2854 16259 3448 15959 12157 12148 4634 13528 18236 19644 12356 4300 15027 8465 13527 5053
16777 17519 1518 5555 4022 6176 9357 10426 12451 18880 16074 9415 19962 13388 3533 19919 19097 8499 5026 782 11363 14762 3045 2586 68 8886
13341 19253 12245 6959 3284 15088 13751 19309 16172 12928 11508 5648 3429 15846 6885 8972 6663 2211 15891 17678 14317 14502 11951 17437 14909 5795
864 12877 7507 2876 7951 4073 18576 9303 634 17845 19734 19377 17365 13558 2719 3650 7706 19162 19130 13407 11856 19657 2801 2877 15724 13753
14005 2492 17521 2609 18253 432 5572 9271 82 2100 627 17651 314 19831 1732 1234 18059 11540 9057 12183 17925 4964 10415 18311 1658 3937
14384 14575 3242 18165 8832 720 3781 10423 10947 15523 16448 3259 6458 18652 7776 19174 715 14640 15314 16736 8979 2390 12287 4092 6970 13736
19767 4185 8843 15623 5251 10633 8569 9576 7029 18349 15946 7259 5192 9560 9628 5071 19258 11127 9154 7028 9494 8361 6464 19407 16417 6776
4230 11294 7808 998 9765 17189 15046 13141 18251 7789 5922 11520 11028 1537 8557 4852 96 16021 5943 495 9749 3309 7214 12682 4309 271
10345 9683 19683 2726 4958 1354 6585 1755 15823 388 14126 4223 9383 21 16869 4712 9544 7769 11535 6432 15952 5709 1426 11819 5164 4648
7803 1847 11488 14604 1670 13122 2137 969 3588 8171 17859 14774 19232 8025 12091 5154 835 10118 11837 16666 2511 10417 18405 6153 12857 11693
5966 12902 12515 15855 3376 10957 14750 3487 230 19844 3981 15996 13982 13421 19226 14741 3267 14504 688 16788 16807 4896 10450 2994 17427 7790
19103 18749 11548 18377 16411 11888 4979 15296 12326 18352 14895 13990 10357 9470 15751 7328 18434 10075 10465 19251 18089 12846 19857 6455 16608 6972
4711 18261 2349 16027 15625 12499 15472 6276 2554 15827 13130 18241 7071 11056 19981 14168 15474 1255 14673 3889 8462 15448 13122 9384 14629 1801
8549 17103 18340 3338 8720 7373 12871 8351 19982 2723 17851 13021 18112 12933 12006 11701 17051 2198 11009 2324 3068 15989 559 8145 5137 4705
3164 19656 16949 2908 6665 2522 1198 4048 5106 9427 4119 15355 10335 16055 958 12526 10151 3958 17951 19140 1976 14024 9923 4210 15813 12530
13302 4967 12388 17990 6837 9159 943 19113 14218 16983 6260 10455 6028 10314 5305 7841 1545 5072 12512 20 8083 2876 5721 3876 18787 6101
12067 6513 7299 1129 10064 16543 7857 19269 10244 4924 6095 19960 6011 15895 5843 1659 15246 9307 5208 46 15421 17644 18913 15125 14841 16983
12947 11577 4119 17094 8777 10414 5034 12260 2341 19527 13010 13452 18271 7418 11591 5670 2573 19080 17209 18077 13433 12995 1618 17028 11229 13861
13125 10246 5294 3311 16088 12279 6773 17258 7151 2368 11079 13951 8171 2368 17626 17931 15683 8531 5414 15725 579 19930 4387 6987 65 12692
1347 2219 3191 8232 17919 5267 10641 13546 2753 15318 19076 270 6889 16924 14770 15318 18237 16226 16475 9269 2730 16067 17880 9577 17740 9165
4558 11195 15997 4042 16944 30 2845 17794 15641 19218 8117 2921 3403 2283 10406 13873 2705 15330 10812 14079 13857 16906 3172 16590 17204 71
14697 3105 13619 58 4413 11109 13174 7241 1513 15782 8251 3776 15178 5634 4099 19645 3449 17427 16242 6082 12877 7267 462 18352 4402 4260
9465 11859 13589 10450 4568 10297 12143 16890 8830 7842 6744 12384 12609 16062 4958 8851 2617 4061 8135 5419 812 14249 2575 11886 11694 17830
710 1283 525 19582 8715 1818 14315 4274 240 18354 19086 10716 18740 16337 16545 6995 13605 3693 8751 3165 5778 16297 17743 12036 3112 10616
15792 19780 11162 18496 19137 15047 4987 5804 11217 5020 7192 9884 6576 10070 13733 2588 2883 5226 6887 8137 18557 17252 15229 1941 18672 12406
8790 5563 8754 7762 9384 15510 19387 8977 6525 18996 3373 16556 12995 11192 16465 5550 9138 14836 5951 6328 17023 15081 12388 17843 15918 11886
5770 19911 9544 12260 18512 3331 1248 4130 4120 18602 3203 3217 13146 2564 12497 3886 9817 16178 8375 7880 19862 6760 8911 13983 7867 13587
15665 9521 2339 5744 19079 3002 5596 14382 13897 17362 15737 467 14517 15488 8163 14376 17383 9132 2644 1909 7751 3195 10107 13736 2100 10771
11482 1679 1095 10834 395 15665 17144 9375 19023 221 3725 14845 5863 15384 15205 10018 14621 6815 4229 12184 13451 11047 1850 14791 2504 13136
9553 15523 19764 9028 11055 7527 17033 15900 15663 8168 14166 19785 14203 17723 11374 872 19008 2629 16388 13858 19255 11 18735 19384 16681 11067
6070 19609 16212 6850 8431 15799 19352 9685 925 17122 12002 8544 18845 15119 7751 12006 19071 14513 3606 19072 7867 19207 11591 13563 16925 16644
3458 4588 940 12609 10821 4487 15908 12903 5591 8115 361 2045 8787 7230 6071 8196 99 19398 10885 3808 1455 4669 9535 10810 11691 1098
12857 5044 10757 10566 5285 8214 14511 17648 6874 19968 13766 9723 4351 3208 7527 11015 11493 4261 15733 5355 9907 16601 7253 15100 18870 14837
2892 13871 13298 18931 15569 2879 10710 15030 3410 11695 3836 9543 7397 17402 7204 8912 2648 2721 1584 15124 5457 5086 3845 5691 5495 673
3613 19384 2957 14673 18251 18215 19946 7813 15900 11095 12533 15895 7243 3356 8707 12365 10870 16496 3793 12236 14784 10150 10107 15987 3842 14892
2027 12128 1065 7094 1369 15127 14 15373 7600 13875 15067 19773 17512 11707 12214 1414 16004 15040 17425 2471 9025 10291 4627 18290 15524 12909
10608 11735 2985 3026 4644 7365 15650 2840 9783 4319 1952 7972 12403 16124 18997 8028 13337 6924 13239 17376 8258 8921 10911 10327 15373 7488
8688 18963 7420 13502 8861 9623 7417 9991 7602 6981 9914 13268 7727 10038 8353 16452 478 215 19157 709 16486 19021 9466 2383 13785 6620
