365
94 89 54 38 18 50 74 33 16 84 1 86 2 86 63 91 48 80 83 12 7 47 48 86 59 52
749 2827 5860 12038 14085 1248 18858 2170 19798 5371 2050 16972 17264 16341 2748 18224 3774 14954 7291 14504 6428 18024 13856 12004 6228 12649
18772 98 7073 9437 834 18355 12617 17214 17783 19193 3283 12791 11947 15469 17823 19321 16972 19799 16844 18547 6557 5448 3550 896 4245 18037
11123 8853 12330 14764 2541 7453 1398 14647 7923 10215 4492 13120 17836 6031 18919 2614 761 18117 4630 7588 288 8230 7591 3643 6411 11590
18489 6585 6942 8923 8031 11058 10062 3432 15258 10414 16276 3991 7995 6333 18737 6589 18265 6061 16382 4348 8187 14083 1520 17540 13022 11481
19144 404 1369 1362 8257 490 14752 11632 17447 571 13603 11884 16050 3543 18369 1203 6399 15283 18628 11074 17555 13778 18013 5887 12226 17865
19159 6207 7428 3721 5178 1446 9281 6445 16445 3222 10335 364 18988 2607 8441 1766 15607 4934 11925 18171 4870 2280 15065 15272 13222 4862
7555 8459 16342 18320 10428 4094 14585 25 14567 8796 19916 592 14729 9330 9297 204 50 15916 12089 1764 5083 12024 19404 19415 3577 17880
10491 11113 8074 13150 13685 8861 7307 4630 13060 1893 6266 13149 5315 3300 10877 18682 9852 18459 8243 6278 14555 13648 12519 13706 5743 16804
17193 5883 8740 18752 4003 16674 18464 16952 9106 1848 10661 667 7332 784 3481 14138 1369 6203 157 3301 16647 13450 1330 2224 12083 18443
9943 11790 8344 3520 9781 18605 17509 3839 4988 19408 1343 3158 12236 3283 15042 11869 19561 867 722 5170 2276 11242 6684 17260 8299 16277
15364 16722 1502 3798 11877 11292 14027 15840 3499 18963 10534 15867 2737 5731 3461 843 2919 15746 17186 5873 16262 19222 2260 3373 1665 13950
15552 10931 7476 9751 12646 16153 17071 2054 1577 16571 1497 7216 19939 15702 15532 13679 10065 7922 1007 13190 7873 16886 790 12369 3873 19478
17507 336 6250 12689 296 6993 19405 12688 11026 125 13042 11122 10828 10167 5577 11227 3190 1715 796 13038 11575 7573 1873 6662 19573 18525
15059 4300 18634 8439 9770 2206 18615 19794 1751 15264 17733 10828 15748 2521 14987 13824 5622 818 7039 508 10020 9469 4877 16081 18102 18056
16623 9057 9038 5377 13476 575 13499 2413 4048 17160 8407 5859 14932 11545 14657 6610 2915 17610 15870 10034 17096 3600 821 1317 6960 7220
14686 17539 8665 9612 12281 14563 10965 10075 1132 4965 2521 17712 7408 1073 6300 17589 5130 11167 13355 11883 7225 8507 8472 14485 16995 7719
5710 109 10165 15345 10517 4225 1034 3344 4010 13982 14001 15197 12144 17287 4216 15220 17168 7392 276 10201 3206 4221 2486 12563 1979 12587
14973 18413 10360 15496 4067 19576 445 19556 2456 17944 13730 8226 12951 5658 14836 10249 8565 5702 9735 16954 12380 8735 7334 6976 1272 18086
725 426 3611 4541 6228 11113 13303 13639 12195 13116 15243 17751 19858 13101 11031 9825 9714 5929 13 16176 9698 8078 9460 15083 10374 8139
19575 5422 2537 4689 5657 4473 16221 182 7685 16644 2924 16823 11644 6280 9663 12689 11067 11336 775 5973 6531 17870 12010 1253 9448 6425
1189 10264 6519 8597 7877 8593 9592 16269 15747 6177 5014 17069 17412 9046 9990 11341 13475 16364 10422 13134 7270 175 7942 18730 16210 15150
1935 3635 5594 18514 11834 17755 19325 11606 13787 3900 5714 15033 2935 18734 2385 15069 9129 1693 16209 3177 3390 13344 10375 10411 19708 10615
7615 1546 12106 6274 16313 19181 4060 682 757 7324 19678 10121 4381 3412 10496 13783 17515 11525 11568 572 3940 19157 19776 13079 13353 8375
6767 11920 7086 14666 9251 5280 11870 5462 3226 8772 1879 17613 1642 12805 2402 19057 16702 11795 1156 11762 6480 10436 13080 17894 18044 14284
7853 19629 16625 11625 13538 12300 180 19515 13896 19878 7584 13692 6585 16737 4952 4255 1495 11377 19337 12360 9795 3210 8964 7033 19082 18460
3116 10570 5999 13519 14364 14772 4657 13841 18731 9168 11676 10221 11549 18584 14174 1836 3943 13628 440 4321 6126 19232 5008 19662 2672 12430
19651 12952 6893 1781 13174 6173 10729 12998 6821 11516 18739 12664 16072 5342 6915 2644 11460 1823 11102 4835 14367 1408 14495 19529 4362 8470
509 3619 11177 14159 10077 2283 6991 7772 3252 17238 12782 10448 5244 7166 5861 16250 7743 1265 15761 4023 535 2058 16236 8601 16219 12501
16369 3085 17483 19524 11695 5686 4686 18398 7427 8386 9201 2232 4818 10578 5968 4009 7104 5885 12087 9380 14951 9555 12512 15157 18079 12399
2215 6543 13885 4796 6021 13044 19891 1652 2457 910 18334 12058 6337 9957 3661 14207 6164 13134 18373 4180 5328 7540 271 15514 13894 1427
17800 15822 7415 8059 4787 18747 3782 14966 18512 18825 2540 7064 4324 4997 14668 14369 2072 6864 3004 18240 4270 7661 13574 10376 17119 3673
10700 17979 8765 14083 19350 3165 6082 14350 1698 7727 8293 9960 8422 19100 5808 16923 964 908 15008 12165 15985 989 18413 5634 14854 4485
9868 1984 8743 5793 824 13369 3193 8961 11493 19822 18556 2741 3170 17575 4155 19168 3350 18415 18522 15937 19258 10565 1655 14370 1515 5365
5646 44 5740 10707 6959 16311 16736 3296 16713 2983 7107 12779 6941 3046 16049 17533 3348 3879 13974 8118 658 14137 13779 6199 17402 6913
19378 10306 2484 9471 3116 737 15365 16000 8864 4650 15254 1988 798 18274 4958 10970 11236 15278 19220 14794 14124 13819 3350 8674 17133 3745
2936 61 17065 17633 1459 12248 5587 8863 4305 926 15755 16010 3487 14135 10447 17942 5644 1605 7540 18883 13586 15843 9719 4552 36 13997
12834 16252 12531 6105 19933 4635 7885 12701 18051 2415 4484 1239 5541 15169 2466 3773 13470 10179 11 17550 3715 3114 11186 13900 8004 15207
4605 1177 15800 2880 5638 12755 6648 18718 4986 13255 18246 17227 1075 18743 8587 8705 19838 3778 17908 4826 5794 2236 1840 829 4593 4645
897 18658 1387 9676 660 7248 15603 7113 9929 18680 15139 8824 18739 10786 10157 12724 18674 11828 12823 5708 11488 899 16619 5271 17768 11025
19204 15950 11515 17783 9842 8796 9314 1037 3462 16388 6181 14300 11616 16410 17271 4436 16742 10793 1687 2886 6894 17444 6275 14284 5385 2202
5041 5420 5101 4692 15334 5683 19598 17747 4058 16166 5345 19134 9370 13041 11703 4511 866 3325 11019 1929 16268 3936 4446 9609 11512 8940
2286 6707 7680 9898 6434 8356 19719 3317 8640 12872 17868 4043 12744 1761 7591 18362 1610 7070 5895 6264 2206 7305 18871 3197 4496 3051
5086 1609 11956 14419 14746 12026 15212 12268 2331 18439 1150 12881 6907 6289 190 17715 4218 10753 8074 8794 3031 8180 17334 19511 18419 8382
12040 15782 5903 11169 3086 19370 3423 18097 19680 19232 14954 18686 15073 4368 2068 3556 12944 925 4841 10891 1850 15996 19497 5440 8452 15034
3418 3441 8855 6984 2135 5735 15848 12518 15199 12068 16647 12468 9624 808 1952 17998 5294 3528 13495 2565 10502 8957 11574 8140 5977 14672
8010 8088 5989 9326 9631 12927 13741 11976 14842 3301 11451 2617 18765 17016 7766 3049 486 10281 17789 18816 19719 16420 10952 5280 6573 6656
5961 7206 13488 15792 17311 3805 2124 13424 13227 9783 5605 4001 11542 1736 846 1962 14621 4006 4818 8706 16743 13307 5316 2342 12638 11520
16523 10974 9774 17307 9607 18791 4777 39 6218 15471 18739 3339 16273 12465 14862 10433 123 15418 6338 16612 4070 4008 13251 7750 6084 11381
13582 3083 6007 3754 1888 15874 9438 4173 6061 17901 9908 12813 136 312 7509 18546 625 2630 4619 3523 16633 17943 2201 6232 12522 11106
5731 9959 17101 13626 12928 18304 16122 8753 12359 18411 291 19496 9270 4365 14278 6453 3194 9363 9068 12432 11153 10843 2616 10718 1977 3800
6184 3880 11543 8781 6669 10359 13200 4053 8506 6062 8179 3027 6172 6477 14922 18699 19678 882 12699 7320 6500 2816 9863 6982 17513 16984
5464 5878 4115 16287 14238 2151 9435 3300 2756 6123 18793 5655 11842 8720 11601 8236 16246 8570 4203 1287 968 13386 5563 10378 16437 2818
14405 19442 12067 4458 6513 3534 332 1594 12163 13390 7332 19065 6440 3129 19810 1480 12913 15968 17242 9564 10713 630 7805 7485 17831 18691
17532 2320 17359 14858 18599 2505 8680 9299 14748 12467 10582 4310 679 6650 15138 11756 5430 5491 15635 4620 11674 17395 5912 16018 18105 741
531 2580 10788 19904 16994 5563 9817 5773 5865 13182 2100 222 18873 382 15048 19713 1248 6999 18487 13364 16637 9724 10888 1700 13480 4373
12042 13286 5057 14436 14744 1255 9380 10401 14697 7205 2638 10986 3323 3294 18480 3090 6404 16173 19829 5297 14139 18196 12794 16348 12749 12532
14573 10991 9826 14597 13377 4570 7681 1282 15658 11843 17042 16224 1465 11091 18749 5619 842 12485 861 1177 18492 11395 3728 16134 5891 14778
13462 17388 1841 9638 9390 4074 4802 2024 11806 460 14169 499 14600 6601 18901 2705 4785 815 16818 12028 416 13692 16930 12262 13668 5333
8616 6901 5240 10385 17491 7416 13620 6571 15771 9273 17730 2291 4869 5311 7955 3079 16561 258 10957 15314 7843 679 11975 13840 8560 12955
19936 17587 6813 7270 19581 12580 140 8344 7346 1367 6626 2408 257 11946 14448 17871 17137 2732 8846 7169 17466 4926 13984 12314 12678 10653
3076 9659 242 16505 19983 14757 14312 7710 6028 12145 10554 13136 15750 7294 9138 9029 19363 18222 12469 960 8161 13297 5302 6306 3571 15812
8146 4474 13527 3811 4559 17623 18396 1406 19281 7018 3164 3615 12621 12995 13127 7492 7969 16905 3509 11263 7773 11745 10111 3644 18074 3529
9914 7954 15266 3384 15525 6934 12259 12860 18049 5748 16932 14093 8980 5258 1068 19128 11175 4226 10147 12437 1831 18202 11207 2251 9238 15593
6326 3091 2036 15480 729 12010 8583 17441 543 11177 3611 14314 11400 18631 5767 1470 8438 19223 16859 6384 5134 6513 6495 19245 8365 13975
13385 15114 5262 12389 5859 18325 16989 18370 5883 3926 15567 10366 16132 6251 15058 14228 5966 18565 15868 3939 19806 17459 18582 5340 6469 13877
3035 11281 13159 1824 18949 18276 6644 8574 12407 16284 4609 4099 5883 9610 19965 14755 4811 12382 19547 10287 8202 3531 16443 3283 8871 646
10261 19023 10023 14991 9448 7000 18042 17656 7274 12553 4868 13529 8892 14717 10772 7674 237 2672 4057 12667 12414 15512 15045 97 14004 10464
19621 19212 4331 7620 12607 9941 16154 19968 10175 9422 1960 10246 2746 10391 978 14805 10040 17995 11481 4041 15804 3175 19398 873 15305 18612
4834 12847 13481 13998 18762 10262 2012 2988 7106 6400 12048 19102 17219 2766 589 4782 18990 6006 456 1031 14403 5534 10976 10742 1817 7971
2862 12438 4706 18388 9640 14212 10064 365 2741 16466 15156 19508 12916 1072 15280 18403 10531 15455 119 10857 10870 7003 6977 3189 19495 15504
10328 6486 6974 18480 6572 18590 17154 10936 9436 10988 4543 6409 14255 8665 18080 14519 19046 6055 15905 8674 6886 3116 11534 17029 11426 7384
6078 10671 25 6294 18070 12744 11536 1514 15814 599 13634 13700 5720 13639 4107 18155 10163 15537 17215 13315 15964 9192 1978 3288 636 7026
15905 18805 1567 10666 12195 2721 19188 13481 18469 5492 6927 4970 17605 16527 3669 14215 3680 14306 3795 16818 2251 10986 12568 18457 7376 7332
818 10470 16283 4599 5504 13870 5358 14233 10419 18164 12579 8773 7154 11012 539 14089 17667 14341 18284 4464 6446 9521 19107 5233 5405 17400
18775 4708 1206 11688 10278 2391 12004 12063 19594 14349 2340 7944 16697 3401 3136 11331 1298 14246 18405 19708 6382 17625 14894 9403 17145 7277
10496 20000 9067 489 4636 2875 11113 10269 11016 302 12745 17106 5385 13343 10000 3595 1063 8697 19316 3447 17492 4255 6210 4913 4740 14471
16688 3271 3552 17859 7499 4804 14810 18328 14558 3505 18707 7404 11849 18697 15451 7699 14618 11711 268 13203 13047 8511 12706 2459 10115 6414
7024 10382 11307 10578 1990 18684 11888 2939 4936 15624 16459 452 12491 6784 2129 15471 9681 14939 6986 1224 12509 339 19573 11011 19873 5011
15536 14752 9955 131 18870 5294 19228 2717 16109 18581 12519 18595 5890 4963 3168 17000 10512 14159 7249 5876 18985 19841 10643 19858 15530 12638
13616 15214 12354 11493 1342 10271 11917 18102 4223 14691 13257 14040 394 16105 4670 12938 3049 9697 14180 10604 14564 14991 5124 1773 5767 534
18808 5717 7167 5355 18187 11047 2337 18180 1767 3502 12909 14090 5131 9441 12376 18905 3907 12348 6984 14185 7676 7071 3867 19037 19923 18024
17067 7046 3037 15791 17266 13091 19278 6415 7452 9373 851 9721 10155 15478 7254 17198 5970 5739 12171 11045 9539 10906 900 1801 12848 4845
12778 3300 18740 11749 18105 9312 5434 12519 3010 8617 1559 7632 1978 5411 11542 7924 8879 4732 10365 19091 17734 5697 5705 15173 7101 14561
3747 7734 8113 15684 13620 18099 895 15962 11217 15331 10886 18257 7407 16995 15584 5748 7244 3918 5058 6820 16593 9440 7010 11426 11471 9424
8827 1875 1852 14402 3563 9311 9676 15439 8618 5110 11671 19396 147 4814 10595 7460 8189 10900 5531 10451 2863 6673 17651 13410 139 9322
3551 502 18678 8165 19626 9224 18020 18581 9037 14770 587 7838 4701 14777 8529 12037 19363 14527 7024 1261 3374 6048 1124 11182 8472 16102
7356 14981 5947 1306 952 3998 2282 684 380 12428 11776 7663 18356 16530 18424 11320 4005 8550 15543 6193 7237 16923 1962 19086 792 5480
661 15563 3351 5031 4075 2186 85 7922 615 16422 4886 11011 16167 7177 611 19936 10149 19165 19068 15929 12991 341 16011 5663 7540 10448
17985 6652 12004 12940 12486 4680 13984 4569 8352 9735 9002 18131 18832 4356 14128 10929 12605 124 15117 941 3027 19577 7172 1465 11314 11073
1667 12880 2947 7527 3942 15581 4308 6282 4293 1242 475 17052 15780 3459 19747 12166 18472 3126 11835 4590 6114 13738 2894 5551 949 6898
9470 13667 2234 2998 9638 734 12763 9328 8555 18024 1988 46 11628 8103 9519 9870 15422 981 17594 16923 8059 16043 5101 10158 5913 9458
2955 9993 7617 11001 7715 4512 9908 1301 12675 6069 5325 17541 15316 9104 15098 2346 18650 7141 10639 17843 1174 10817 10251 6201 8630 18727
17956 13041 4417 6672 17600 13321 17817 13886 18583 16431 11394 4119 12037 4336 1838 6905 10405 19709 6255 8456 5942 10505 13484 19748 17685 9467
13566 9307 15752 9571 4533 16284 15011 15134 8761 6207 11927 3115 19781 3968 19620 16458 18453 18803 18421 2658 1063 11271 1824 14503 18111 11336
2515 11565 18002 8752 18639 10631 5980 1215 775 12673 3679 4442 16883 681 15070 3104 15311 15544 7050 2570 10452 132 9777 16900 14953 12770
19990 4059 19616 1725 7777 14184 15181 9090 1877 9188 15735 19974 15794 9476 19805 15981 3887 9458 2550 11957 3281 3197 3849 16564 3934 18801
16601 12956 17351 8901 8822 13149 8270 2264 12125 19312 11064 15391 1298 15010 15152 17583 12889 3221 5974 9569 2662 17448 19872 1848 17020 16402
14163 12436 7885 16817 14207 19047 15242 4091 5973 6792 1803 16459 7443 2547 15687 381 11190 11880 9603 4221 5312 11490 8983 17112 7281 8549
5101 4479 11326 1585 6232 3316 9550 19086 9532 2868 16508 14164 4711 6631 11311 12697 7986 8249 17709 19598 4662 2440 1537 413 8121 6267
15835 17825 8921 10229 18998 18 4422 18106 5938 4726 1956 8548 5161 1264 14544 10294 18869 3685 2631 9381 4291 4982 2283 7122 11073 4610
4142 1386 10034 19835 305 19853 10391 14441 6235 3245 7061 3655 12824 10704 17918 13315 10703 3298 17588 19111 2047 17038 5978 15796 11065 732
18319 7828 18237 18239 11670 9657 11866 14073 4005 12595 18111 4793 15360 11043 14141 6533 3254 103 17677 10375 13610 7250 470 13332 17505 17105
8643 11092 12015 18262 17909 4801 537 3147 13454 18055 4459 8700 10761 3491 4454 7967 3619 19640 9810 4262 15393 4511 17709 196 1986 6577
4999 7968 4743 7076 13201 8830 8040 3043 1681 1076 17581 16151 5653 1602 11226 14473 9509 15380 18881 13768 2220 7746 18948 532 17414 11228
3254 5316 4967 19517 18097 8446 13716 5055 18015 17492 18614 7952 1515 783 18096 13145 2125 13161 13432 4839 15921 12846 1484 8370 18619 16937
15886 9323 10354 4751 13567 12428 11225 1658 4054 10448 2285 10324 1635 1273 3594 15529 10157 15531 11515 9359 9309 12707 13162 6911 1219 18270
12287 5455 8044 14459 7966 6161 9273 5554 19715 14900 1810 7379 16233 4226 19119 6114 14425 7220 11878 8357 14340 11943 19139 19168 652 6891
19645 10358 11577 5358 15914 1660 6264 12052 2853 18117 182 18239 17316 15459 4489 17511 8337 17755 7373 2004 15185 17981 12222 19745 13299 12347
3509 13105 1619 7593 4679 9497 329 3956 3891 6457 15952 9334 15485 14730 9004 5936 12518 14644 5800 1519 5092 8770 5955 6227 6325 9357
1406 18349 6769 2070 16529 6012 1956 15333 18647 6516 4700 3253 1892 8581 12040 17001 11316 6556 27 10536 4354 1060 8489 6713 12427 17953
1998 14740 17179 12643 15889 13909 19558 16883 476 869 16235 379 6757 10413 8859 2686 11016 18806 8522 11508 11811 11184 5570 1498 792 5094
14320 9287 14339 14923 4358 3503 18122 14872 12240 14881 14563 8892 10932 14549 12431 776 14649 476 3097 15857 2360 4170 13865 541 11020 15067
16394 2316 2813 16538 14894 17908 16874 13908 12002 12945 4089 17063 13868 18212 10533 6371 290 18069 3989 6584 17896 10835 3906 2931 9245 3134
14794 5825 11930 7720 8522 1810 17313 2819 774 10489 19265 17144 15220 17249 7962 18682 7824 6229 17091 1519 6821 8120 6058 13557 5928 12842
15734 1490 18971 11081 4609 8049 6042 16921 4424 4291 13739 19010 1869 5086 18113 14333 6112 14837 3464 2707 12708 9296 16486 17412 2350 18845
1061 14990 17304 281 7119 13365 5252 6588 1305 7597 9932 19304 17979 19007 12604 18643 11086 11070 4999 10352 1388 17238 5612 1720 16501 7836
1579 5173 6873 4025 13355 19113 7960 14088 2477 11864 10090 2555 6847 8686 9502 226 3244 11368 13859 7722 7064 18427 13628 19101 12974 391
1419 928 6944 10577 17364 3598 16317 14521 9345 918 16665 19140 19332 19494 17838 17056 8611 17141 14208 14217 18687 14036 6199 17023 8709 17306
15437 6898 5299 7111 13411 3206 17373 17625 4966 4200 731 11017 15401 500 5588 11559 417 17906 12098 12880 14413 16908 10279 1218 19021 10175
1154 595 6413 1830 1778 6360 7154 10478 15844 13315 15132 8005 8483 10951 4310 110 6905 8437 5624 6303 16482 8682 9174 4264 4889 19538
13111 16512 15282 2619 14217 14927 11104 8573 11788 17320 14354 14421 10984 7607 6306 12100 13299 4270 13670 15310 17024 8940 10695 1300 4428 17827
18771 19558 3496 17697 17488 16784 8975 13945 4074 2243 9685 19265 815 4373 16426 10430 17514 5544 13581 4606 14060 15207 12543 17334 4171 19121
19146 4191 626 14719 17671 17789 9841 13972 18656 3272 9703 19445 2845 6183 14962 19197 3661 8910 2492 13308 18965 17114 19787 2874 5744 19060
672 2627 18534 16281 2690 11842 12896 14933 9928 16126 5778 3642 13234 5409 5341 6720 5275 11248 17365 5958 11690 8963 12960 12737 12652 16563
15314 1017 4228 1514 6438 13153 13774 11738 7476 14087 1850 2993 3396 8592 10855 16225 14149 4878 11360 15673 17398 16498 592 4294 10318 8667
13450 16066 12080 13571 16726 5439 19291 19990 12841 13908 11021 5137 13069 9515 15419 1337 16690 19176 15401 6825 6190 9151 9045 3649 5247 294
3527 12252 3338 6109 7979 7927 7253 16719 277 5206 5953 5629 3943 11278 14072 1279 17218 17064 10302 2876 2839 11652 15681 2113 13636 5610
1290 3933 6358 18516 6917 17429 1015 4515 19729 2672 5947 11054 17126 1399 18223 4769 1096 5225 5680 15544 7730 13173 16779 11715 13586 17869
6481 8366 11256 17013 12034 17901 9255 13391 16859 5981 4971 18250 4743 18106 4930 19538 4887 15765 18656 2789 19503 4777 8114 9878 667 504
11628 2167 11206 7807 17544 4383 6607 10751 4867 17735 12621 14080 12640 16056 10951 14892 10883 9067 4369 17595 8662 12271 13218 12849 6951 10055
11523 7875 12718 9317 14113 6617 7449 11067 5039 3178 5049 14002 13287 14845 826 3238 769 4963 12602 6415 5487 8613 19020 7020 12923 11694
7539 14635 5336 3883 8270 11161 7499 2616 15852 12658 14143 19385 15164 14870 706 5772 11973 19968 13468 10949 7096 7960 7716 19557 9045 12227
2030 13200 14638 9056 19959 6017 17626 19058 12495 3060 6480 6094 19449 9252 411 5523 10931 6235 16027 4411 10576 3608 2261 5309 14774 12588
15263 15643 17208 1397 8422 6708 13988 7397 16990 1536 12241 15249 3313 10104 18372 13753 7611 6635 4346 8460 1381 7737 8665 5666 12146 12568
4872 7242 6572 16549 7169 5947 7281 11375 10913 10858 11801 6063 18483 1964 15302 17930 7783 3233 2229 13317 232 18530 321 12710 9862 16514
4839 5337 11920 4002 13734 15521 10497 16194 14828 1768 9058 10086 12156 6568 10129 14230 11786 8644 8254 14691 2015 18180 5822 4207 7349 18240
380 19017 4577 17854 17249 2920 12388 1937 249 11177 11345 7321 3600 17971 3820 18783 16410 3506 9247 9441 18986 7937 17260 16987 7398 10422
11088 16404 9128 12368 8147 13749 6443 8797 2870 5060 8403 12411 13022 5763 4440 3645 8602 10620 818 5873 3786 11075 13902 11512 14835 14973
14495 11324 19475 19477 2091 7575 15724 14302 7493 6088 19336 4346 12731 9176 10101 8468 14396 8002 6553 17910 19856 12850 3946 4171 681 17523
4315 17259 11984 14383 3664 3942 16091 11086 2806 4814 19366 1210 16307 16922 19864 5950 18207 3322 12274 2858 9531 18122 6111 12959 6650 15323
945 2807 8020 8477 13184 6105 3144 7960 18948 19041 12828 17887 19 4409 8469 15837 1125 1951 18788 14847 14813 13099 6620 13628 8377 4023
1461 15924 11207 73 11168 9762 9916 15105 9506 2076 13475 13270 19914 10164 17613 19162 14441 15820 16332 11826 6846 705 4233 4248 10975 12199
16705 14000 17502 12379 15382 2913 7345 19013 6722 5414 4234 7711 11839 12114 14590 12937 18831 16245 15136 9997 19675 18519 2491 7970 8681 10069
1468 18791 4388 8017 2028 1964 9854 17353 547 16179 1759 3180 55 1112 11305 19253 15140 12709 14152 17773 15080 18184 2025 9788 8820 13314
7521 10224 4268 848 17676 14984 1789 2495 16658 15476 9781 635 14389 6511 12519 13681 16348 18230 9582 18695 5761 114 19443 2577 7352 12596
7322 15751 2144 16283 15279 15342 16598 9488 255 16069 6662 7899 19566 9608 13863 13293 14903 18074 18181 11049 7983 17769 8243 2038 9907 7616
10796 19487 15989 102 10897 16038 10762 19901 13610 3973 14652 17400 16089 6098 9298 14959 2406 9500 6011 4188 83 5494 472 4359 8225 11937
8806 8621 4910 14669 10216 2770 14901 13262 8419 2212 6159 9351 13243 14820 6555 11184 3815 950 6071 4093 14140 6075 15487 5616 3784 7680
17509 16211 12000 18909 2976 17503 19907 7359 12462 19113 11088 2039 11310 19475 3183 17911 480 18431 19931 2014 10883 9564 550 3976 16252 10844
8915 15242 13314 675 672 17750 4289 5010 5563 13182 310 13268 6394 5660 8038 10883 13899 3312 10025 18701 7403 14445 10379 934 7321 12634
14435 5100 7096 12556 9661 17666 5903 16219 10842 3810 4702 16633 8074 19388 3226 17060 7945 14568 5069 10230 193 18554 8797 9422 159 6661
6130 938 18026 10446 14156 19735 6974 121 1438 5267 19964 3749 9406 1747 5180 17424 10351 1784 979 6224 16675 11059 13404 16561 6287 13600
10693 10506 3827 16004 12815 10985 19759 16782 11555 10893 9814 5341 7371 10428 13038 16128 9636 15973 516 5589 18992 9092 4295 9832 12267 9793
6874 13328 8603 3723 16754 17364 7095 2536 17848 5953 11623 2652 9549 424 9938 2288 12271 11482 3500 19647 5027 18966 14421 17079 8619 9088
4161 8691 11196 15095 9105 14428 17090 3016 7103 15753 13384 742 13513 1630 6428 12543 11233 3426 12701 11363 15077 16967 3565 16848 12336 3086
11684 6982 16574 694 11021 9714 19617 17138 10043 2852 13598 19742 9903 15266 4167 7041 3249 14466 4089 13857 2121 18255 1015 12677 15971 2218
6938 8496 19090 4399 13973 15804 7877 4557 1661 8227 1211 12738 3969 9818 3370 1280 14496 11324 10337 16546 1052 17734 19306 4022 2879 7921
2399 3346 10672 10296 10766 14254 9922 15289 17654 13661 13111 16769 2365 13201 4699 16421 13352 15704 16310 1714 996 16127 18349 4965 15244 4799
8740 1625 10627 6354 18432 16455 5922 6434 7307 12498 8695 18829 18802 6425 19141 576 12774 11930 15480 14651 19684 137 3541 2234 8501 19172
825 54 13248 9229 11553 346 3256 9278 1093 10536 15829 9327 3647 7126 15618 7881 15307 11812 13854 17771 9815 19052 2777 19340 10545 15479
4083 6326 5002 11342 13994 4327 16749 2042 18922 1808 18402 4668 18267 7872 17343 1910 2453 2291 19908 19739 10980 3945 13695 14897 19348 8291
16842 4840 969 19115 11517 2686 17413 196 19901 7859 6797 10402 15212 3445 1439 1727 13702 7245 18652 7788 8226 19723 15825 17140 10155 13564
4520 2576 1728 5723 18700 19972 13264 19945 3915 62 6873 9916 2324 11032 4851 14727 11448 6529 3475 1518 6517 11328 4856 579 2911 15345
18500 9758 9712 16407 2688 14185 12057 18092 5796 19432 14604 1237 19837 10887 7375 5913 19025 3648 15603 2568 12212 9005 5360 10543 19564 6124
5917 347 8635 8471 16437 10797 3354 5175 7899 6834 5104 6113 7157 11882 6892 11943 10730 14728 12941 4744 3621 1365 1575 5361 14993 10440
8853 16695 3823 8509 17783 4938 2063 11223 3789 13995 3127 12024 6848 5452 18357 1033 17649 1857 1861 11281 13504 12083 6950 3985 3932 6237
15262 3790 4541 4300 3286 4654 9709 11 18600 7475 10758 12844 11283 7437 12706 16181 1033 1986 12962 13669 13738 8782 871 9540 4355 6695
678 19326 358 11563 3050 6084 13901 1791 19745 8444 15540 17362 12179 19773 17031 14725 12487 8718 4635 16962 2598 17101 91 16717 5555 8055
19240 7201 1843 14589 6111 10278 8813 15059 1880 17576 5962 19451 6455 8287 11224 7142 3142 4878 14368 7448 538 7007 16325 9589 4681 15798
10693 15524 8329 9696 6814 5483 16488 11190 17445 10845 448 2284 18736 5766 8106 17330 14292 14366 17320 17398 19580 6484 9903 8716 12734 9636
10161 18357 11425 9440 19945 12606 15963 6268 18250 15544 13170 18107 3810 18653 9426 15321 10110 9711 3309 3141 10802 3450 1323 16455 3794 1548
1692 18857 4292 13144 16563 9885 8895 3428 13375 14038 14842 16301 19296 6395 10156 9036 19561 4707 10780 16842 2813 19230 2465 3652 5377 10046
15625 1969 15908 193 17837 14002 7548 8417 727 9446 2070 2054 3587 13337 7199 9191 7461 14871 1548 17010 19952 8236 15048 13820 12434 15830
13905 8740 19419 17554 6062 4462 14162 15848 16741 19585 15132 13798 5109 5045 18406 8048 11002 12402 3989 14454 7332 16372 14810 1030 5860 14993
13118 10913 1380 12319 7717 13096 6595 10876 15984 14488 10165 15155 1390 777 16886 4644 8902 394 14325 1775 17593 16918 5691 13192 7840 12155
6178 7121 16678 11021 3528 12976 15980 6865 17152 4024 4351 5579 4972 4179 5183 1308 10498 16104 18524 7252 18311 18332 10951 6002 1456 18654
2883 18863 5244 961 13111 8946 3251 6727 9876 13398 11105 3734 18972 8392 12116 2322 11677 2596 15450 15908 2929 9484 6601 9190 12781 3331
18700 13935 3319 2961 7285 6922 10444 2947 15505 6022 18113 19330 13534 14043 857 6980 17305 10078 7400 19218 1631 14430 18700 3004 3127 19280
9552 8433 4606 347 6397 7028 5077 18374 4220 16180 10538 14575 1649 7785 3729 1022 1348 14204 10077 13881 2751 7447 13671 1480 6191 7534
11346 2907 7297 13330 9609 16149 4066 12745 17882 4738 2478 3213 9865 19131 11529 18601 15988 18067 14875 1582 14638 17223 2247 13631 18696 8472
2948 4535 12025 12005 19816 6496 10632 4571 5115 11457 6460 7669 7759 6083 10824 11839 8416 5195 7709 19637 16999 18866 2062 86 8582 4208
3459 17133 922 15298 9387 5398 18667 19904 8042 3720 4050 10029 7747 12828 3103 2200 15366 6215 14331 3741 16739 5617 1273 5872 9955 6332
19295 3727 8836 3734 10218 3289 12082 16396 16118 8892 3442 2294 15853 13706 4881 19118 9739 17960 1522 15681 6279 8309 13837 15628 3587 14135
2365 733 16645 18702 4114 5941 7901 2480 17119 5433 15961 14879 18397 13280 17658 5223 2188 7146 7881 16526 19161 9736 5731 9021 18385 9745
6858 981 11794 10279 11379 5709 9007 19123 18604 14958 1592 3478 13684 5860 3785 6700 18440 19237 12666 3438 14516 5004 2178 7984 3123 9806
1361 7391 15214 9419 13581 13371 10935 1365 12722 10405 17801 2151 3139 16000 1156 2227 5788 15703 2049 16820 9105 2687 3443 11558 13646 589
4267 15842 11813 292 14352 19017 1997 5381 9271 12492 2734 1645 11347 10405 3903 19456 11298 15241 13653 2374 16741 11386 5221 8293 17791 7795
536 10020 1661 7815 14789 15841 6169 4128 3777 6673 11887 160 19196 16791 2727 3720 18847 15244 13407 7591 5741 15640 19158 352 11595 14127
19198 16358 10928 19276 10076 10052 2029 16173 19676 18564 5964 6688 10058 8224 17549 351 17951 16046 17453 5334 1660 12549 5563 5413 15785 6274
9312 1292 16767 14859 5948 629 5045 13272 4541 1935 6199 16469 12319 64 6278 6309 1390 18719 8562 7060 16541 15662 13488 191 2821 11572
9998 11392 10209 12755 8511 14751 16313 2983 1513 10543 5627 10504 17015 13957 18737 7497 13444 3129 17870 6698 14796 11385 17096 573 3449 1013
10804 4205 1751 15984 7427 9619 11830 12385 12479 11997 14631 13638 4059 6578 11645 9146 11910 821 15957 15748 1384 10614 12105 10203 11457 13078
7181 9746 1630 3533 952 16062 19775 2809 2595 17244 12707 13026 17880 15706 8106 13615 17301 6734 4844 1248 3167 2401 7049 5878 17193 18639
4232 1517 12397 17102 2268 4089 3256 10374 14337 3592 12212 19267 5185 10080 12792 15605 2307 9607 16230 7056 17747 9587 1727 9933 15050 17190
2516 19062 18234 7983 10206 9262 15490 15252 19067 7950 7687 964 18961 4367 1652 11679 15522 14239 11108 17716 10021 10598 16592 4401 13544 3140
19492 15259 8098 6930 4000 5838 16443 10943 19771 1914 6943 14701 15941 12864 18500 14123 11236 10469 17723 13320 13447 9511 1574 2179 430 12090
518 19211 13362 5205 6415 15993 5602 8342 14428 11887 13798 3081 6172 17402 12362 15340 6768 9565 14329 7639 13722 12482 1275 15348 7542 12003
12506 9140 14604 12720 2020 11296 13364 9021 6324 4635 115 9303 8423 5371 12980 18719 157 1868 18267 12269 7102 2218 12203 16816 13182 1175
17657 1383 16323 1222 3798 9434 1622 2695 17155 3807 2263 16287 482 7434 15686 13535 15798 166 8324 2712 8213 19309 3037 19513 5903 11680
13505 724 3655 6669 18132 16620 10980 10485 10842 1390 2362 15127 3850 10311 5053 17638 14661 7787 12318 17920 9662 3784 9484 5054 11106 19825
9840 6348 11724 3640 1461 926 7213 15189 18826 13699 17778 9620 4173 1212 9988 11385 15318 11780 6444 6702 6265 4086 19235 15805 6724 13933
13832 14919 4112 17749 6129 2099 7913 3331 17501 1872 13972 17351 12979 15751 7078 17701 13912 17163 9943 11786 6595 9077 6936 11060 12059 18215
12689 3603 3678 14354 17699 7684 5596 5119 11601 7326 18055 6808 14128 3645 11079 12207 2769 4000 9601 801 11357 16726 6793 18657 16473 8220
1396 3455 5784 19552 17661 12088 19584 611 10467 12051 5462 14888 3342 1508 17061 11179 15240 13260 16182 8943 15450 15495 9471 1147 11364 2800
12346 2170 6535 10269 2650 6108 14629 10280 7338 8196 3945 9772 8861 790 15042 14730 17506 15028 5570 15278 5960 11913 14486 11065 1200 16620
13842 16545 18071 6225 2335 1386 700 8289 13481 6628 10163 10648 12168 5194 17494 5087 8398 5587 5386 16788 4414 11351 7330 3651 4779 13491
4120 13102 11697 17674 19086 1827 290 18539 6470 18391 16559 2117 2784 8044 900 3797 12764 3342 3720 786 8141 8673 10365 561 7152 5289
8733 1109 11984 5998 4452 1267 10949 12140 3843 15023 15606 711 7645 4271 17210 16833 3869 13941 3095 14631 12173 19649 4624 15871 8212 10013
13583 5151 14066 1034 54 12005 10076 6403 15647 4332 609 10263 15465 2285 11548 11581 7015 5903 6734 17019 12753 15918 13731 16892 9944 13930
10512 16420 5770 8561 3536 11509 13513 6519 18902 2175 10676 4122 9149 6042 17626 17275 11012 7733 5807 6284 12094 1896 18089 3116 17026 6669
19682 17851 5047 2371 6905 4229 1129 6597 15442 2194 18345 3382 10198 12986 10888 3525 11814 14810 1625 1658 9181 8848 15083 15553 12884 5513
1112 9023 18502 18190 4945 2786 407 1363 4718 8580 1568 19661 9468 15926 14116 5627 8747 18216 8980 9241 12304 19350 13413 3502 18505 5005
8310 18382 3383 705 1800 17890 16650 15870 5893 4642 15684 11161 4951 14853 17830 2992 1672 11592 3278 8566 18899 14638 5293 13083 1156 10801
1516 833 14707 16739 2477 12607 15511 8381 5281 18017 11454 17955 10194 18702 17019 12572 5775 11410 6887 8830 11103 1496 15782 3931 10516 4496
12362 6481 10727 7039 18505 6720 13875 2124 10153 17367 12468 8833 98 3394 5179 16451 372 8271 9097 11781 12326 16058 16590 2212 1077 19019
11849 12505 2591 1526 6312 5396 5058 5557 17392 12078 5323 8094 5655 4548 3500 7067 18515 18320 7936 5707 15910 1305 11420 17553 14468 9792
6475 13124 16538 1440 5029 8124 8791 8626 1971 12686 14461 2935 5569 14372 13689 12813 11530 3372 8745 263 8849 15589 12126 4548 4127 10436
28 6184 11945 15379 10180 3888 8043 12526 9838 7899 18225 18701 7996 16316 2452 12635 4732 6037 12778 3300 10789 11599 16529 14117 3098 4985
14159 9966 3156 2421 8312 3990 6141 16279 8699 6250 12009 14164 19116 2239 16956 2925 7479 1541 244 7436 8303 18112 7108 13612 14435 17424
17615 9447 2778 4092 12759 8297 18923 10367 3908 10879 3301 9796 1471 2675 2029 2421 2097 9048 4814 18249 11462 11961 14098 11213 17162 7619
19371 9461 334 1095 5526 8849 12374 19867 17580 13596 11633 11588 14450 11032 537 18747 6877 271 12951 13227 2821 12815 13953 5302 1082 17979
15463 19212 1391 17469 10401 17723 15655 7463 325 1854 14553 15236 17844 12352 5161 12937 2258 2443 15328 12170 3259 2632 17005 14284 5961 18077
13295 12400 10153 11689 14402 9194 10874 7799 1296 9886 14740 12358 14454 11356 18296 4376 16370 4626 4348 5479 11748 624 17814 4322 13080 8853
10723 16837 7498 2010 142 14740 10272 14890 6651 9884 5517 471 12834 5300 3354 1930 2615 14429 14766 13324 6480 13512 7421 9714 4863 8339
12575 13077 13283 9154 9201 8357 1029 5780 8847 11208 10024 4716 10671 17173 8407 4750 12280 8924 11417 17404 11937 1269 2912 3317 284 6
19184 18100 14345 10170 1884 8965 14575 4181 17127 13826 1287 13825 17014 9305 9190 14262 4536 11309 10661 11764 14766 6124 14714 16337 2793 10535
8102 18646 18129 19873 6164 7250 19075 19911 4562 14225 11205 17603 8638 5034 6172 12612 13002 16076 6493 14966 4554 14149 14130 15374 4449 3624
209 11892 6039 17842 17706 11683 2207 19550 15697 17523 4113 10991 2259 15038 15430 15597 3857 1222 13497 11585 13764 7954 15749 3866 4370 14554
15162 770 19769 12602 6464 18695 1740 18430 19850 7561 11973 6802 7837 9466 4291 6855 1407 5560 15011 2602 8389 14547 13482 17744 15421 11051
7874 110 18564 10511 10870 13247 2346 3888 16077 19684 9272 4874 10047 17671 16842 12942 4956 11662 8970 16229 18643 8626 5078 16519 11240 16097
12395 9679 8713 16578 10476 15022 9052 17420 13708 8716 10168 3339 3247 16994 14332 14670 6338 18135 14062 15290 107 4286 13773 16305 5129 12874
19650 12103 13437 5657 12103 2804 4470 8355 10402 19017 4937 8869 13020 3363 5749 922 4174 3317 16275 1254 2010 11600 17427 16763 15320 16286
9785 16442 4399 18312 7038 349 18191 3604 3808 8707 9965 5938 5946 17406 9022 2939 15832 5855 12267 6807 15526 360 17953 17604 15750 9663
17357 16812 3823 1185 111 359 14666 5959 2194 4046 16887 19707 1730 1293 5527 16769 13416 17897 14001 6825 4815 1609 12442 12273 9509 6539
10895 9234 5743 6140 12079 16714 6693 9138 8277 1971 18216 15562 10808 9734 1838 16643 6525 18660 19724 8231 16726 5670 9658 16367 3279 9377
10516 14316 9764 14724 2919 4021 12014 244 16966 19097 1653 593 7811 2661 5892 19168 12807 19137 18816 3989 18776 6962 15845 13831 14778 11095
16798 8908 8769 5804 3031 2161 16238 4125 8647 4089 2351 18385 10857 6869 8486 9179 19871 19631 8884 19573 1735 19075 12713 7124 14923 3754
12791 15900 11014 14826 4444 19072 4206 19699 8375 10463 18241 4663 2682 19978 91 6875 2777 1325 3243 4215 10189 18836 9869 9642 11603 17633
13273 15074 19809 11700 1146 11795 1746 12736 17046 13941 18756 14242 9991 7877 830 681 16109 8033 1064 15293 8234 7025 16655 6639 2201 4258
70 4442 12532 5418 8079 13109 18320 13165 18427 15565 5834 10569 10432 2269 5468 1109 2389 4148 5303 834 5179 3970 7071 4258 11308 19633
6941 17334 13199 1925 15754 18590 508 2700 11137 8971 6487 2091 16028 14529 14002 19250 8845 8504 15486 4214 19134 6207 1540 18589 15606 11919
5037 3099 5485 5023 5762 17098 2565 12297 5599 10131 14457 18140 929 19082 15098 12260 2274 18686 1999 5047 2006 4125 11994 13004 4489 13261
15896 15493 3980 11261 2092 4004 135 12704 4351 15732 17929 8699 15885 13049 4263 598 17926 7229 4515 3999 10785 19167 17981 18029 9748 17393
11417 12496 18255 5647 2747 5380 12118 4717 7468 13544 11010 15395 16667 2045 743 18581 10974 11432 14814 17423 19618 11493 12492 14393 8634 8507
15419 1776 8349 5476 16948 12581 6803 1315 9954 18606 12546 19454 14159 14666 9367 6314 4882 17604 4750 14885 19798 1211 17052 7815 5085 10705
436 9474 12793 1959 12820 1652 181 15823 9661 15348 2154 11596 3696 5645 19237 4350 14980 8667 4415 9241 11251 2726 18775 6911 19085 11970
5643 2919 12426 11588 4364 13408 18726 14865 4600 8079 9059 1330 15419 2064 12517 1706 11898 5993 8354 2727 8266 12712 4003 3710 14457 4632
9498 7997 16924 6154 18535 7460 7169 6429 6651 6033 7733 531 11087 3676 17024 13801 9639 6339 9933 3103 9124 18456 16374 2408 14494 13514
308 14879 10210 4796 18631 14827 15822 19626 17551 8564 5035 1630 1690 5939 18635 537 2916 3867 5039 3468 5678 15175 15239 7039 16718 16371
14054 1895 16584 19250 7420 16650 784 592 1169 1027 12496 2823 17882 4569 13059 475 13443 18600 1613 19630 11116 19798 3859 13609 17638 10618
15396 15448 19334 15564 10615 18465 644 17146 17988 11740 889 15321 10786 17873 12378 236 13154 14489 16896 16559 18565 17236 18785 12124 6279 13261
18170 1051 10113 8261 11484 5157 11287 18732 11657 18690 10440 14619 6097 336 5935 13052 9731 13031 9571 2119 12251 5040 8175 9652 14792 10553
2855 19983 3756 5246 14880 8543 19739 18594 15022 10008 765 187 12889 11742 10732 18831 7850 16022 7012 15576 7047 1047 1919 10130 19798 14522
19331 17035 16802 7937 13251 1809 71 10046 13540 8123 6005 7682 2480 9206 19948 15876 11025 16404 3493 13125 9916 16542 19174 3569 14406 14088
9375 15802 11282 5819 17968 6707 13385 18897 2307 13075 4182 4757 4853 14566 13712 7705 11631 15898 6979 20000 227 7655 10667 11092 13296 7282
16087 19882 15633 11612 1755 19359 15563 7581 16095 13177 9117 7998 878 2950 4740 144 7992 18933 17588 18186 3590 19024 8221 14936 8712 10818
9174 5786 16832 8636 4529 13764 13476 6795 17189 4122 13832 14999 2741 2993 11776 10006 14315 7182 1759 4074 12883 10680 14248 13925 4949 9521
9496 16440 14151 12352 2990 19494 5010 3336 12943 8523 16093 10928 12001 7325 9795 10802 14762 3797 18951 1617 3382 19679 15352 8260 5487 15154
10384 4565 11824 2547 10305 14660 12734 3781 10548 17279 19189 11863 1332 17693 1869 2715 15367 12300 13838 285 2510 13046 2990 15852 4581 3459
15396 14697 5779 777 16726 13907 15539 1076 18961 10353 17617 17100 2879 17521 10722 3744 12823 3065 3272 8252 7982 1983 9383 12517 3193 9207
12650 5245 3053 7865 11954 18164 16232 13427 15517 7760 8833 3 19692 19041 3775 6528 18958 692 10919 16663 16721 2253 19817 16873 19986 18462
19882 12912 2993 5856 19227 16031 5882 6388 2907 7937 1643 9134 7969 8998 14167 13974 7422 15150 13991 8251 1971 14383 11257 10627 12218 7309
8184 17127 9408 3435 13795 15867 10676 3405 16775 14835 13178 3091 9985 11171 13405 17398 12844 5098 663 15481 391 14113 4887 14045 14822 13837
4362 14588 11921 13503 11912 1910 11434 7319 3947 3050 11507 4059 1601 3344 1788 8893 15842 2461 6567 2347 8175 6151 10451 6456 12746 2958
11011 5006 8950 19635 8504 11631 17106 10543 5512 2902 9870 5142 290 15294 19535 15959 14512 16277 6526 6440 18490 19390 18237 12388 16798 15398
10540 6439 7970 12923 13695 8157 18221 6591 16438 15905 17104 10236 18802 9246 13596 19213 269 12987 3472 11004 18304 19204 15458 9516 8200 13339
15874 9389 15931 12312 2968 6588 7748 12875 12848 2959 3380 169 9525 19196 10543 1172 15463 4095 10190 11431 19416 11687 17133 5547 16052 13198
9147 18396 10755 9586 11154 10044 5753 10776 19845 12509 13641 4789 16858 1504 8497 410 16147 18840 14916 521 9186 15253 18574 18923 14973 3502
1792 1189 8975 5651 14468 11095 18992 15713 5448 15923 6493 9309 14065 3194 14630 2365 6909 14347 3970 8923 7596 8821 17493 2378 974 17302
8567 8506 8803 5824 19483 7872 16185 17563 18797 5306 15433 7914 6008 4918 15179 11683 6465 9413 19441 12843 14801 18638 6608 2786 10371 6882
15573 14911 1280 5149 4326 18908 6800 10420 1501 8287 17717 14891 14894 10182 6426 8859 17367 15129 13959 6130 11788 8879 5657 738 12885 7146
9016 10296 6952 15955 12742 3633 3350 4499 13608 3479 15482 1232 16590 2913 11614 19845 17667 19238 8167 19386 6483 12595 11285 6508 11733 16964
4778 10930 2181 11498 17875 3458 3089 8255 11300 6383 12500 5229 2383 4786 5833 4934 17008 16651 6920 1334 335 2420 8370 13540 13462 19864
18066 441 11143 11120 11579 14779 2124 9248 18590 1358 18773 7951 6150 12987 1191 6566 6017 5059 5227 14238 18370 4337 9941 5749 9788 9049
11078 1178 945 366 2614 10361 4456 4222 17539 19581 14670 3701 887 17343 3495 19618 5623 13887 13752 3311 15781 17779 118 14406 12681 15835
17082 5984 11413 16269 13059 9612 5536 1565 12083 16937 17675 12993 17844 13622 9497 17846 131 1639 8085 3110 7245 16235 2881 4480 6661 19408
19246 14033 8459 9130 14099 12997 9100 17414 5701 17590 5092 14952 18092 3144 4666 4309 11483 12081 15620 10997 12497 16188 13852 11920 16448 237
9102 10475 15586 3235 15674 15893 14719 14484 18039 4103 11744 18099 11278 11455 13049 2309 1656 15550 16483 10732 18103 4170 6891 548 19882 4687
17908 14562 15284 8829 8948 15778 11580 13184 8242 16959 1674 17517 6942 7246 14876 5507 4816 13051 6554 16922 19634 6378 6892 16269 11385 7556
15807 4028 17312 16870 19041 15215 12818 13447 89 15505 17867 13356 7825 15746 16198 6292 1714 1967 6681 14731 6584 6277 5387 15181 12950 12370
18749 1182 6182 11732 1178 4613 14659 12759 17479 17211 5090 7115 13882 747 2780 16738 16146 16711 14628 15730 8349 4286 4924 10661 11970 6676
17504 17158 2705 3208 10205 15149 11705 9670 9827 14695 4218 5400 13068 16450 4166 7373 458 17032 7072 461 19438 4866 8980 18347 5992 17325
18707 1450 12974 8396 3100 4156 8071 4577 18485 16754 19952 8694 2935 13194 1089 9977 11074 18001 6743 2339 1894 4992 10480 7519 2450 14780
2321 18954 2595 6427 1745 17066 1367 17628 4366 10120 3233 10377 13106 5806 1843 3505 9948 4854 6409 9215 12930 18421 11672 16441 18044 17745
19821 5661 17865 11636 5100 10945 9305 3194 1837 12770 8134 15371 2999 9833 16911 13723 17611 5583 9279 2133 18837 14349 16505 9195 6527 3248
14315 90 11677 17588 10266 16887 7301 5089 14931 391 13183 5414 14685 7899 10020 5959 4026 19551 18661 13500 19189 19656 16485 4869 3199 6062
4827 1877 4529 6387 8 6194 2436 5269 16724 8161 18073 12704 16377 4988 13153 6217 14319 6670 4701 11847 13434 10530 11624 5577 16912 13855
10567 10659 14083 4757 211 1618 3243 7899 15959 15742 5359 16064 19856 5268 14872 8315 3557 4459 15800 9736 11281 6754 3533 17486 11599 9929
18240 4968 6474 17343 5154 14462 18707 15986 17222 2050 19657 14095 5003 11669 13258 12031 18478 8856 16957 16332 17896 1696 3122 7021 16489 2746
1371 18567 18873 9900 1985 17745 18652 10743 8986 19759 12975 14220 3609 186 16045 1949 4118 19286 17647 14090 9158 11927 15199 13066 7678 15883
19634 1569 1004 10616 2959 2611 10695 11204 14962 9154 6140 9194 15798 9448 18248 5336 3917 4549 12735 5240 18368 2444 1118 5139 11122 7599
11648 8754 7129 3402 13045 10345 10419 4836 11816 5549 17860 18763 16465 10532 13746 13045 6197 3626 6021 16193 1375 10209 2012 16214 14906 6887
2185 559 679 16863 14173 15780 15300 6548 17519 7150 12648 3153 3437 12141 11969 16420 6419 1768 575 19462 14016 2299 15123 2741 762 12432
1066 1155 14392 13508 11124 13200 18964 14048 17493 6614 5266 5679 10909 8058 908 4379 15988 5790 3040 4958 6327 7887 9335 17909 9255 18785
17993 18834 14809 14316 2278 16034 15526 11091 14444 15004 16832 18565 19303 11655 7695 8320 19415 15571 2926 1271 13057 17577 9009 9380 14488 16156
16606 14971 12712 18775 11011 6288 8499 7397 4681 19949 11325 8679 472 16791 19006 13223 18840 11917 18974 16161 15973 18498 17886 11781 6322 14183
9911 5922 15279 7575 1835 7918 1542 115 18721 5460 11546 16017 14032 9363 12975 8907 8331 16851 6696 3215 8757 11300 4479 14321 58 19066
12823 17355 6194 4579 14284 12768 17002 6889 17280 7837 5762 1562 13558 7667 17996 5433 17277 8869 14726 4224 14375 5783 928 3376 15350 18454
11299 13355 19056 9104 18697 18743 1395 19735 14049 8876 16704 1205 14870 2114 12087 792 5408 16553 2827 13241 5390 10217 12262 3733 5331 2862
11530 3202 15952 6100 16735 18739 15494 15572 16020 1839 9377 1696 17524 8051 4507 262 6808 6700 13203 14767 6338 5117 5044 18635 6647 2944
11122 8461 10921 8202 5986 7511 16796 10964 6974 14308 19418 3841 18521 16030 7337 14662 10993 15105 15766 6331 15374 17285 14527 19971 5497 2650
14267 876 14978 12263 10323 10305 6572 8323 12182 4329 1066 3021 2921 3700 4143 1523 19936 3389 19381 829 1760 1679 13046 10705 5531 7088
6319 2392 4328 1204 19381 10790 2027 4790 15687 2995 13144 11959 11255 3975 2380 6139 18035 14280 8738 5218 16122 15506 17167 3864 19416 1924
3679 3537 19097 16140 3 11608 5497 590 5295 6885 2899 9512 19947 2698 12204 19646 6259 13252 10687 15314 14319 3709 13901 16580 1453 15718
15428 13772 840 4964 17003 3934 13629 8212 5219 4770 636 19902 8901 2187 7868 16330 13793 1588 16391 14853 16402 17936 2938 19664 2286 16650
4634 13635 3397 13950 18241 7042 1400 5399 1458 19837 14188 13674 12418 10915 8003 2250 11318 18718 2089 10839 6188 8125 11599 7748 2273 7632
901 17484 4631 18295 5045 19143 2685 17756 12403 19093 4666 17569 19009 15770 1987 1267 4040 17613 13210 11362 8502 6742 18056 15275 14327 1995
17994 17368 14269 13970 19079 1701 3278 6938 6666 8989 16826 19411 19589 1233 1340 15636 15391 12602 18924 6826 6701 5158 1403 8200 8425 10253
8279 17358 10124 6803 11889 15110 52 7007 1395 13002 18959 13569 15815 17033 8442 18760 8924 12612 18415 13828 440 12021 8991 15009 1825 6108
18046 18884 10696 5279 19384 17022 931 18566 6879 8146 2964 15307 4395 639 462 123 7218 3471 10709 1743 14171 2558 19403 1194 18765 4070
13768 17188 15417 4337 5457 16274 12980 10951 14457 7261 13615 9142 12543 19851 15802 16542 13750 9567 18313 4447 3167 17088 300 2267 2564 15169
10977 3878 14328 5581 4076 1372 11513 5116 17736 12642 1674 19672 7226 19812 14652 18793 15215 15221 1894 12726 12494 3112 10453 797 15701 7107
14580 15691 1642 13771 5181 12380 9127 15440 12062 16335 15643 11741 9836 12575 14267 12714 9831 15226 14283 10725 9993 14298 15277 2445 15867 5356
6008 16972 17671 10806 5279 3273 17848 2763 14087 9264 5543 14128 16612 18911 17976 10904 6494 17275 7438 2488 10167 19641 4279 12155 13668 11003
262 133 123 14496 1296 4833 19130 10779 6428 8432 18015 18134 4391 15776 8452 19908 14311 5814 16224 19054 10020 14872 6038 7273 18287 6105
14148 7784 19069 18572 85 7157 9392 976 11096 7629 13124 677 13079 17991 17235 17552 5255 18456 8196 6083 5935 14238 284 19300 17145 16566
13904 14544 1897 14063 13863 15071 9097 13492 4415 4624 7609 15816 7526 4743 11556 16632 14631 6042 1294 13446 12674 2100 11257 18712 9445 17398
8268 117 15744 15949 1412 803 1066 16938 18442 3051 15005 3204 16387 7420 14421 3166 1264 4210 14195 4453 2964 10758 12067 2165 1960 16343
6075 16034 14779 18631 14513 2123 10701 17850 2381 2212 4012 3078 18580 2300 12291 12065 11618 2718 11761 17355 8139 11902 15950 3157 2057 3391
3406 19099 8399 8691 10003 14135 6244 18447 1518 14083 12597 18409 5671 10323 7703 11768 14802 11943 19046 9566 8196 19574 17177 16208 5942 3817
18948 2594 7725 18212 5328 7948 6156 3349 6728 6741 19021 9672 8757 479 6749 2437 20000 10179 8174 1880 14397 19804 15405 10733 12562 19152
19246 19025 1686 11140 14010 17560 7136 5604 5327 4113 276 5659 13995 1613 3198 3619 14876 4930 2621 6301 5012 2312 3943 7779 4860 15992
19370 2899 14243 19130 1751 15466 11969 7158 11979 4167 13034 13315 596 8097 16622 13209 14664 10887 11584 6357 11502 1262 4119 1563 3417 8197
14623 5089 1795 8418 7102 13397 3478 7955 4260 18401 18171 17275 17883 2840 14768 9661 3734 13221 1071 17203 11298 4830 11967 9246 16398 12594
7113 18239 7933 551 12035 4562 7267 10158 12987 19561 15605 12185 11798 11389 1436 19761 5930 18520 6 14776 5465 18442 5460 5683 13572 19397
1235 5011 15724 18156 2650 1645 19397 14242 18511 4182 15718 2247 1525 12088 1313 6909 4596 10815 1442 1227 5856 14784 15826 4013 3716 3390
2336 19224 577 19747 2230 586 13806 10098 15514 13529 3693 15031 4001 11279 1096 9814 10852 6923 7538 8440 9152 3467 12400 10414 8494 14137
16775 1245 2959 12232 3783 3462 6647 15327 17878 14399 2197 5158 800 1684 6912 13774 996 7305 14607 7172 9284 769 15276 15299 2691 11798
2021 12206 18631 10774 5681 3642 1742 15909 9684 16522 11259 17305 16595 471 2893 15092 13803 19052 7197 10606 5335 17117 12074 10963 12396 11154
13418 15108 12339 830 14802 19869 6845 19475 7231 11850 11901 4050 19631 19156 5158 3360 19121 17510 18836 1493 6373 2612 6115 3221 896 3083
11563 12227 17090 10118 11054 17391 11513 6127 10366 3948 19210 6379 19949 10241 12681 3711 2645 19532 7148 12891 11101 8613 3129 6124 17691 18082
16235 7444 15132 11262 15776 6827 12576 8442 6962 13252 8354 10955 2892 18964 2286 2732 19513 4532 3464 303 7987 15154 7749 4531 875 14030
15215 3502 16 3989 2396 7841 49 4840 933 18070 6274 4061 10978 18862 6085 15098 10343 9490 14061 1645 10869 7238 18446 9587 3495 19913
12058 4695 844 595 12108 6810 6694 15106 12240 19663 7070 16449 6595 13184 17429 17832 2368 4295 19341 3899 15294 3939 7301 3730 6406 6566
18863 17883 8380 17730 7576 7798 1385 5376 18338 8794 17500 1296 9933 315 7757 3548 7378 7032 2109 2560 19939 147 14789 8989 17899 243
15006 9796 12996 18334 9826 724 10205 3743 401 15005 5147 602 8814 2441 15092 11154 2869 6674 12132 7408 19711 11047 2085 10709 10216 5832
7061 14404 1453 16815 2321 11858 9294 4891 2953 13635 6275 3330 11115 18693 3569 2963 12119 4071 13288 14041 8132 16984 6548 12465 4452 2825
3236 4206 7795 6350 14863 16054 9052 10816 14766 11079 9393 17123 18272 11274 5737 2573 16805 7725 15951 1768 408 12669 12489 3014 1101 13580
13641 10800 1453 1740 6623 17473 18114 242 9062 10616 18379 645 11172 17765 18205 14250 11484 3015 8890 12577 18065 4412 3013 865 8553 8147
4518 9973 19862 8196 1102 18433 10781 10497 18700 17301 4892 13773 11080 14733 11618 7278 17126 6048 13503 4624 18187 6223 16300 14547 19492 10409
13403 801 7075 6552 7323 3388 4644 15992 2604 1279 12007 13269 15475 4453 7416 6415 6752 11753 16368 10110 7735 11671 18651 7712 7354 12045
8909 6560 552 14958 17500 2219 6423 3752 792 15240 3240 11737 3151 828 17236 14064 19544 4474 19581 10193 14660 13659 6235 12176 4938 15564
2924 5818 4442 3345 4003 15586 2516 18745 13620 14892 15516 6826 11276 5514 19899 1659 1975 9753 11436 394 858 5732 11490 13232 4845 153
15676 12825 9991 17696 18706 6429 9514 12392 10148 9334 12699 12572 2315 11688 18006 726 14611 10668 739 2870 15002 15304 11267 14996 1037 18394
712 6514 4298 1053 19787 19486 16784 19263 13552 11317 9388 10138 8789 10391 9064 12221 1755 9960 12092 8828 2854 4020 14505 17249 16564 19534
19600 9652 10233 9762 4919 6441 14461 16581 11535 14856 8280 9581 19980 1891 7994 5235 7678 9519 426 9032 11029 18853 1036 13078 8983 637
12968 5810 15419 11788 6147 10297 4668 13089 19337 13453 16727 4535 3104 19840 14559 19859 2988 17044 1460 4190 17009 19147 11516 9099 9332 7852
2481 3774 8948 5154 3996 19651 15686 18243 13788 9979 7991 3584 7230 5643 11722 7947 11129 1996 410 13875 14364 15545 508 6302 7513 16107
867 18802 16474 3667 10269 3904 4056 3164 15628 14347 14284 5947 7797 1167 13811 9067 18222 4539 19776 10456 15612 19213 2524 18942 13276 6232
15012 242 11563 1246 17726 15413 11729 7228 8775 17815 15185 7143 18782 9161 14790 19994 15969 3516 2551 18764 18757 17782 15025 10155 19334 1530
8638 3750 12542 19569 3866 18998 3772 10072 19193 16499 979 1345 3383 6206 3735 13314 11158 19370 14241 19740 4781 18410 4547 13738 5605 6471
12652 16384 5893 2674 12755 19873 18173 5796 12863 5121 13650 15055 15413 5384 10075 16352 11740 18371 9870 7532 8137 930 5261 5484 726 6271
17764 19262 4899 6769 18712 10428 4769 7962 10957 5590 18688 14178 7806 12100 6449 6953 4816 14829 6341 11237 9645 16861 740 5644 14314 4264
8487 13952 2687 19788 2386 969 12538 14460 19097 3840 2797 5096 11394 10150 9104 18545 4386 14112 1115 9380 8305 12924 19563 18603 14881 9284
13544 13186 19015 8261 16885 317 6456 7991 14242 12080 9029 162 12258 10012 15450 19400 12801 14638 7525 18719 15864 12511 12170 5872 16744 794
7330 9662 6527 11896 344 9635 7940 8301 918 9785 2323 14458 15690 8214 4071 4082 761 17428 12153 18895 296 14188 4697 472 13336 16298
8967 15724 978 3281 11620 16744 14599 11136 13547 12788 11970 2305 13501 3431 8113 10066 1528 472 6856 4668 12843 2914 9969 7332 8685 15668
12975 18731 11343 13391 12432 8538 10552 15473 4042 19091 9842 7458 15101 3862 8589 19637 16005 19018 14591 17159 3437 18513 6610 19351 651 13937
13009 10188 14083 6006 10762 13842 5621 16050 15681 4695 11671 16278 19554 19290 9276 7821 9962 15081 2042 18871 9743 11807 1373 4036 8654 15699
3781 12701 9524 13923 2057 19172 8454 1187 5629 19004 15980 16980 3482 12813 5578 15834 6784 16567 13604 17556 641 126 16905 19983 2000 10308
17750 1594 13597 6469 16540 15415 16257 1502 8799 813 8860 2612 1585 6803 4728 4619 3747 9825 17050 13233 18405 7122 10989 19052 19785 2410
2582 12523 19918 10202 15528 14848 18609 4011 8456 9360 2738 378 11702 16649 4075 9784 6018 5737 4950 17733 19726 6190 4407 1040 27 15673
4055 3798 6778 16230 3620 4855 1462 5929 1435 16588 10244 15656 455 7807 7349 16482 15262 18953 17449 6702 15108 454 7472 8352 17182 13940
13768 1750 7614 16567 13934 16134 13438 13687 2763 15330 1923 7648 11861 8223 12682 17477 8504 15375 294 16515 2389 1444 4263 17209 2322 1346
6002 12333 16387 7827 7034 225 8329 16521 16368 13555 11897 7115 19583 11203 1777 17295 10727 13518 10593 7307 12789 8968 7568 531 17995 7684
