365
46 56 82 4 50 60 13 6 8 66 70 47 86 86 13 28 1 21 8 58 82 52 33 29 53 45
18555 14925 332 16004 3076 3623 2302 10775 758 15732 1997 11693 18338 19356 6992 19841 10706 7545 4999 10070 1759 4862 4039 932 19978 6844
16148 8613 9370 1198 16684 15658 15720 6021 3785 7224 4161 18502 11183 11951 3823 1899 7776 19828 8167 3163 1874 16155 16031 2189 9341 18540
17712 19557 1612 15734 5005 12429 5512 14102 11998 3411 1987 1227 17668 5590 9827 18460 4439 4226 443 18460 15186 12880 6221 4273 5821 19293
19975 3539 4302 19437 8502 16859 10751 6385 16319 399 5471 17267 11438 14900 19643 18140 496 14566 2962 13372 8241 15663 3882 12430 14275 12223
6086 6558 13458 16837 14691 9122 18149 12967 13260 3061 9245 13903 3775 17392 8358 6965 1099 9727 17119 4320 17606 16330 13468 1262 355 14543
15091 13681 5020 10584 4854 11842 6287 18767 19267 9285 7280 14025 19011 10054 16453 6181 11001 3539 16182 11821 8045 123 4069 13276 9792 15577
5470 12027 10750 17616 14316 937 6333 14843 15561 6186 11781 5741 12249 10392 14533 14625 13880 12318 1475 19514 4286 7431 15097 14607 9387 3221
8808 8410 335 416 16698 10267 17683 6031 16675 5487 11595 5932 1046 18139 13073 1928 15029 17588 6839 11421 17421 3733 13170 9850 5491 4421
1674 10664 5597 10581 12593 8378 3491 4902 4218 19987 7945 14962 11179 19057 4400 13184 7019 15925 985 8473 12540 10289 15707 3699 12471 724
6117 4659 9222 18140 17093 3059 6885 2365 7105 6554 6426 12469 8183 15620 4907 411 15223 11739 13399 2474 10563 16865 19764 14132 16490 15983
12350 19337 13265 11708 17316 9717 15444 16939 5168 1544 11359 15952 1624 4492 1858 16753 8057 6372 19330 13394 2075 2601 18651 10213 3056 2915
4668 11637 18114 5880 6959 12977 4191 3488 3357 8282 18796 877 15025 17032 20000 9178 11390 19674 9201 8658 781 1205 13660 9957 5517 14020
9972 19653 12740 17627 18471 15903 18726 13401 16719 19233 9723 13570 2818 2855 6478 14928 13646 13894 15522 16706 9038 6318 10002 14966 19202 12170
15976 15353 18998 19832 2551 11444 15527 13990 10126 10703 15367 5157 3888 16944 6075 2884 15876 10980 19364 17477 14539 16655 4206 13659 986 18485
6276 16403 7523 9419 7140 13554 376 18704 18542 10779 16608 7440 10420 876 19224 8660 371 3235 19965 14978 6317 6393 16358 16374 156 5292
19386 2966 11978 9558 17850 15471 17162 7248 13145 7355 10279 19532 12513 12725 116 17648 498 8526 12387 7268 4096 11229 1354 6472 6441 19338
4866 6966 19148 16829 10706 12538 17774 19436 11824 7939 1388 15665 5161 10508 12892 18907 15584 13559 8004 1649 4861 8699 10613 2069 19600 7372
15153 2388 15744 7839 3296 17481 6160 10729 2268 18347 1822 10068 4089 14504 7266 9096 12611 18505 6744 9008 8740 8737 6900 19994 5359 7204
13694 4082 9784 5205 6249 19253 5331 19494 2217 4735 13212 14173 9579 17287 14703 10150 9302 2409 17402 13905 14618 8755 7791 14974 19921 11712
6405 11956 18826 11330 10124 5099 17402 13942 6342 13147 3144 2784 6315 154 16133 14406 17571 13429 18512 16844 8553 12510 18433 11342 14968 5319
3145 11697 8997 17867 2607 2030 3969 15968 753 15780 10956 9221 19332 17417 11451 11040 16508 6211 8589 725 7017 17502 1674 16900 16410 14644
49 6017 6724 7722 1961 14513 17983 9275 14767 14573 12678 13495 14064 4816 6570 6497 10036 16601 4392 2810 3782 19021 4220 4898 14970 15796
5001 8918 10046 14288 12715 2649 549 8750 4433 7686 16336 19021 10446 16526 7421 17980 7634 14420 11023 5843 19587 8202 15255 19738 3132 7807
19090 11119 10352 4925 4851 10576 3051 8006 12521 1442 11535 1519 19989 10099 2623 18258 19874 13856 11438 1945 17747 13479 2026 8070 9039 10678
1882 2267 8394 521 16397 5515 14336 19377 12781 9231 4714 6529 12055 17808 16344 3309 11957 13123 5223 6527 17704 19783 2836 15225 16427 6142
18818 14053 3284 6860 12200 8325 4154 14801 9701 4307 1771 15163 2391 10776 16280 2250 19697 9775 16473 3975 9242 14309 764 14594 7627 1686
129 18958 5272 1016 15496 236 5331 3556 892 4773 9827 17873 4679 13435 3744 9553 18710 12758 13122 5856 10434 18003 7676 13345 7768 16676
16733 5315 11365 1693 8992 4231 11825 6330 11461 6726 16520 2654 2141 11292 3945 8071 18462 14577 309 3352 14461 15953 10522 16788 12322 11812
9954 9563 5293 4135 6284 6131 10134 9939 6742 6301 11417 4055 2411 8311 5583 13528 13768 4071 10895 12465 96 10864 5035 9318 13793 14292
19139 1389 12493 7044 1172 16221 9231 664 6303 19056 15593 13167 12060 16735 1962 18397 14217 11299 2529 17281 12592 11166 7013 10115 5077 2683
8030 15296 11746 2403 15187 2455 8300 19241 4295 6598 5485 15742 5503 16595 16080 3247 3569 15524 17770 16002 12987 12151 7605 14071 6845 17938
12800 12188 3314 14733 15190 14650 4112 8927 17139 19517 11348 7507 13722 15335 19389 13971 13887 2368 1852 6870 6707 15518 7030 12832 7098 2594
12591 19188 10802 4440 5319 16169 3118 19268 4013 2555 13920 8923 14776 10052 13476 16175 8175 18320 3699 1901 24 5469 10520 15226 19432 6865
15269 5555 16039 19074 11608 4857 15359 14253 10584 1483 9201 7893 17424 17271 2642 2992 6471 13316 5520 2049 6652 3280 17248 3741 13668 8440
962 5626 7799 9716 12710 8869 15179 698 10436 19615 12854 8158 2478 13495 16682 2899 160 17752 18558 17075 11568 6104 2758 11362 16530 13535
10212 9651 16384 17333 8244 7634 11286 12890 14565 13615 10032 15770 1600 18418 1283 10491 14762 17218 8780 4990 9304 10067 10337 16368 4326 4289
19092 17604 11416 1601 13203 11929 8485 16128 14373 10031 1664 1174 14854 17850 17327 2192 7616 1909 17609 2616 5639 17752 836 12182 6497 191
14329 17748 4798 17975 16769 5015 15931 10096 1892 325 8511 2343 1303 13003 4853 1312 18552 7366 7803 8899 9633 6128 8044 15597 13606 14899
5038 3957 1993 13257 9943 15839 3177 797 13667 7610 5860 1624 1164 5537 7748 16855 11160 5597 18006 4792 2979 13347 5117 5802 4400 13546
3624 18145 750 2799 5451 13011 8133 8225 11744 8338 8637 15188 17856 13544 8238 7687 14114 17305 4310 3855 7881 17457 6736 3650 12889 17202
8105 3189 7121 9487 285 10550 1852 1125 17886 12137 4460 18616 9224 14382 5491 14641 16100 18067 10763 6635 16477 1116 13379 5343 9628 9453
2272 8947 4304 12207 15236 18173 12515 3858 5108 5597 19312 5749 1637 12429 8997 19889 3391 3356 18911 4229 11629 10051 12605 8739 18517 3236
4551 18554 298 16650 2538 9482 5895 8748 17182 1053 17764 7870 4784 5512 17903 5220 1175 6228 10577 12691 18110 9832 12869 17895 7962 4732
9235 2249 11461 5741 19839 12009 12419 17111 6752 3810 9814 8504 8514 8596 14961 13555 8015 1809 12566 12396 18090 14076 7934 3842 12836 2694
7878 6072 12528 7043 9611 11545 9140 1469 7008 3652 11821 17979 8720 16703 9878 5560 3097 1829 8526 13051 11839 18315 14177 3447 6337 6947
16861 7422 3020 4381 12830 14284 9705 9244 7651 12977 13677 920 3769 11765 4269 7345 11959 9496 5334 3563 18314 19079 18905 17811 1515 2379
7331 14980 8649 8566 12716 11517 10483 5500 2486 2309 17986 11842 17450 15689 16951 8295 10908 1907 1110 6993 19862 1262 12299 14938 3371 17093
3671 7840 2109 13435 2382 6435 5484 3588 1123 17804 2358 12843 14972 2713 14140 4727 5123 12871 7885 7759 1974 17073 8037 11715 15245 12993
7170 17716 12240 10141 12341 12154 14007 403 888 3341 16754 8632 10031 6418 8944 14987 8521 9987 3807 11736 14325 15270 18171 2748 6992 11079
3341 14974 788 11442 11280 11785 15370 16956 4843 9991 11301 18067 14892 16736 6704 7527 5646 18152 14752 18716 17457 18379 8945 4314 12326 18864
15569 714 1745 8780 9770 5774 1361 10554 1872 15393 16611 11734 14743 8481 9843 10367 9300 17557 18561 4676 11706 17944 10156 4537 7842 11699
10374 7084 11287 5070 4788 19008 9543 11927 13662 13842 14450 1930 4472 18076 233 6079 7030 1564 5709 4852 15656 15822 6237 6933 2193 18650
16693 13140 14621 940 13199 12198 6394 19531 2948 10089 19441 1336 13304 9204 18973 18406 18353 4481 4067 19803 266 10400 12264 8352 16192 7333
15429 9157 2645 11438 5170 14531 7527 1866 13652 13294 574 19137 9065 2472 6740 17721 11573 7407 1758 4003 5779 2448 8513 3212 19593 5346
12908 6851 16629 518 1002 6331 4297 9065 8703 17641 5530 18890 7851 15593 14062 5911 17905 3753 19319 3466 9472 19655 18479 3920 493 852
15102 2624 8129 16927 9885 19222 1259 1513 6124 17527 16201 17665 17623 16810 17433 14152 19961 11314 520 15373 11598 19407 17560 17120 560 1804
14051 574 7304 16909 15208 11779 16766 14795 17943 5194 7256 18570 1514 11844 4631 17014 12812 14124 11211 2131 6823 11153 4783 11304 5307 5183
8068 17185 4367 14532 6769 18620 13634 9476 361 4856 18786 3577 12441 3066 713 9525 1011 6307 7545 9572 18310 1843 4440 413 4983 17972
3827 11946 3923 12469 18365 16276 10860 18899 8224 10941 9408 7024 19385 15638 2356 1547 19798 1750 5614 13264 1641 976 14982 3458 19253 18551
15777 2738 19179 2522 11105 9449 12364 13183 13097 5070 4697 11294 3074 10796 10741 6369 14261 11670 18920 14910 8472 8831 3589 14908 3480 2485
8962 9460 19750 14112 8829 3553 1403 15873 13948 4332 4270 12437 11467 6623 15935 9466 10211 13065 12301 5736 5964 1947 13311 4387 2279 19252
14996 1343 9927 1390 11565 706 8084 17724 6269 11450 12661 18640 19508 15231 18120 6321 1544 9855 2512 17153 1185 1987 15387 14749 13666 7240
11003 7081 10864 6387 8148 13956 14790 9389 6322 19373 15697 18714 7621 13515 12988 5160 9723 9005 1088 10566 6524 18222 14736 19689 13586 17630
13119 19149 16499 13579 8738 6385 4567 12807 14442 2920 17172 10673 1612 16179 7835 14202 3821 733 15886 3819 16956 1141 2591 6994 18816 12506
17545 13082 16018 2468 6388 6225 2974 8518 18737 6069 16971 547 16021 12666 9853 1542 284 8312 215 1140 4657 2289 454 18344 4559 7773
5954 6418 3619 8938 10948 19387 8124 3851 16725 14918 8242 15590 14878 2947 17382 5541 3275 7910 2253 14691 14075 17537 18943 18693 10063 10663
251 615 5268 4294 3344 16162 9963 15777 6763 13361 3748 14018 5328 1757 18829 5556 8564 2778 2035 16051 2125 7046 6864 9063 3759 15383
374 13230 14404 7895 19137 788 8324 6323 1627 3 14875 5295 19055 485 3015 6117 6099 14405 18358 19190 2553 16171 18000 4903 10239 19475
10689 13349 2702 12417 1758 19592 11729 2174 7657 19860 19429 5944 8126 4058 5391 8305 11576 6832 2700 2306 11649 4180 9522 10772 5870 15434
19915 14958 16375 17677 7848 10035 3568 12791 12392 9331 15549 9489 2697 1089 19365 5604 7317 11896 15743 3830 5167 19413 18176 3931 353 12343
2828 19708 10489 5660 2072 2965 14523 3794 17699 14222 4159 19388 5986 935 16682 940 11559 18826 12906 3492 4259 18009 5082 11416 15802 14283
15030 4380 7660 5262 8233 18642 7140 9110 10018 28 1557 452 8380 12376 11230 7310 1683 5514 10712 16780 11727 10615 15263 18055 10701 15180
16472 3572 11807 15651 13024 84 936 1119 6973 10430 11883 4156 17765 1936 8616 2640 15640 8074 14866 5092 11628 5454 17593 9059 12436 3265
10949 3955 17801 3134 6577 18858 671 5390 11356 4893 8909 18645 3978 182 16565 4670 11185 17205 17206 7771 7228 11020 4413 19589 12849 211
14194 17139 3865 12538 15018 8025 14280 17152 17803 8227 13299 5814 5136 11293 5183 19218 13113 14958 13063 11072 12344 14996 9719 9116 16535 15955
18204 11047 15316 16169 637 16428 13864 17757 1548 9162 16947 526 13169 13925 17108 10546 3724 1794 9595 11552 600 12935 17344 12844 12335 7906
13608 9024 7919 6677 18409 15068 16893 9721 16896 17375 15360 19524 12601 17682 15009 2935 19727 6171 19040 10108 715 6969 19779 13053 13662 7679
10179 4878 6711 3837 5074 6220 14058 13252 2445 4156 5912 9133 19169 3290 11839 14691 668 8079 17425 15506 13289 16952 2 7601 7416 7260
16462 9808 8353 14832 18300 14165 7887 15141 2855 17091 12848 14503 5461 10771 18305 11346 5154 1482 966 2110 7774 14951 382 19049 16681 16355
11977 11023 6304 9870 11943 14681 14054 1655 4336 7713 17159 12849 19758 1935 19394 10986 12965 11538 10993 13661 19113 1931 3032 5601 1397 1971
5671 3956 13760 8313 11702 869 12946 6822 18259 578 7389 2138 7541 16619 6595 4916 3465 1381 8395 1353 8686 19357 17258 18923 19400 4117
19680 12216 16001 2100 1772 18241 2402 12776 8372 12913 10731 15155 12802 4353 14087 2885 14729 13267 18718 18612 9831 737 12086 9400 18795 15612
14831 3969 8985 2293 12059 9728 6373 12421 17714 3238 17784 19322 12194 2976 17822 16819 2859 5746 10758 19738 8589 11658 3493 1689 1785 3563
19570 12589 14752 14904 16006 3547 10256 6649 740 793 13020 14985 1552 16744 5721 2620 14471 18522 8954 10672 7950 634 5760 13161 11161 2027
16075 6869 1135 4596 6387 7378 1779 6029 8024 8703 17404 15083 8854 300 16188 19295 1338 3633 10129 13811 10306 7252 750 12408 5220 7163
13859 12622 4440 10888 4221 4841 8791 7536 11468 455 15439 3535 6094 12024 7095 6616 52 2952 2372 5035 1818 6685 14058 17226 2539 481
12085 18295 4531 18761 13750 5370 6031 15430 4581 18654 8106 9321 19332 16599 1444 1009 15889 17222 2785 13067 14517 9359 3444 14445 16974 3724
12084 5856 875 10550 9389 16659 97 16726 18556 11660 13360 18185 16861 6263 19617 18437 7909 16939 4663 16635 18700 12838 19165 14323 11761 5465
11764 4066 18025 4844 11861 5370 13938 2611 14505 1018 3794 9939 10568 3048 1179 12176 19445 8144 2860 10252 7709 12261 14341 9809 14162 16135
8449 10377 4278 6076 18450 8628 3880 14543 15795 11795 3639 11231 344 14446 13490 15105 15464 12772 6484 4787 3880 9526 4885 13688 12082 14648
8442 2106 9818 7182 16242 12514 18290 17238 1880 3886 16149 13011 19814 14259 11878 8341 5051 983 2791 10663 653 14413 1019 14638 8738 6922
5099 9306 17834 17021 8627 12098 5457 11957 4679 14488 16575 15244 8528 17966 6773 3121 10705 19957 16046 1803 10942 13552 259 5768 19582 18080
14868 13208 11407 16649 20000 12708 14216 9907 12471 14806 4427 2160 18919 9323 4024 10432 9171 12138 18724 9403 12146 4552 10851 339 18627 12702
15458 19003 943 19719 13137 14647 6087 8523 7876 5490 5614 13699 7825 2755 4706 18520 9557 1692 6688 7510 10559 944 6925 1928 1702 18810
8383 9303 12249 11278 16133 15686 10163 17780 4758 11119 8515 18435 5470 7950 14270 2489 16513 18280 9176 2866 6754 13138 12251 19914 10584 661
11241 7738 1399 14776 13799 18270 17205 6417 2906 17324 13517 13186 16684 18279 15815 16821 13390 17031 17667 7928 15975 18491 4821 2485 14604 17179
2014 18080 4200 11509 9926 12032 18190 11058 16728 7260 12390 8042 1361 3650 14818 10097 11461 5987 18115 16804 8658 935 18900 6268 3212 9592
7970 15691 6200 11575 1443 6645 1031 4774 75 3389 11287 17265 1277 19673 6561 8616 13397 8905 19876 13818 7901 8000 6580 5907 1223 10240
5532 18396 8776 9684 19487 17567 6470 13349 13280 19311 12860 458 16478 2829 16628 9882 2191 8648 8129 6007 9349 1196 19804 18131 51 18635
8973 5205 19295 9411 3084 11017 10385 2108 18686 18417 8011 11893 3852 9359 1611 12628 2902 10243 1792 3920 13205 10401 12567 1184 6785 3333
11668 17778 18763 11532 7201 19786 10447 4061 1294 17034 3948 5309 11976 11452 9561 15038 17361 2285 12832 17680 19342 13417 8515 18893 976 19469
18053 8590 6774 15342 10785 6328 16686 15126 8153 10277 3244 10523 17949 6690 7335 15547 7349 16705 14000 379 17087 15194 12858 4500 12153 11946
11085 2660 2100 10377 911 8038 13837 2779 11219 4794 1899 5503 2592 18413 10302 18620 1650 17439 11074 12498 7960 12286 11793 9 15361 17076
211 6329 11641 2574 15479 9433 16104 5341 4379 11331 17326 19719 1956 19319 10150 19406 1483 956 19497 11025 16721 16136 19505 11630 18828 19627
407 10832 19537 15096 4596 18002 4825 1494 16321 8783 11408 17263 15516 14581 4053 12157 6555 2442 1823 16516 7229 1357 13763 11393 10987 8139
7736 4301 17639 17046 3876 13020 19202 15255 18383 2158 8039 14035 3232 4265 2519 10487 17681 13880 16227 9456 9944 15098 451 15778 8609 17277
17225 8569 5487 914 367 8006 8459 16359 16434 11390 16560 12473 13795 16785 1372 19189 19547 8872 5835 6379 9043 6842 19436 3906 11923 19890
2305 4564 16509 10841 14246 5252 16299 2642 18088 4910 9002 9417 2021 3336 15899 9494 18780 16493 15962 16351 2087 14752 1932 1375 2013 8805
15997 7413 13754 13927 19516 19676 2973 6570 9347 18187 18984 11144 624 8553 3609 4282 12056 3476 17283 16086 13386 5057 10997 18907 2484 4283
18525 15318 18857 6864 3142 12055 4449 15389 12040 10252 16555 7415 16532 15938 4486 1582 11921 12676 1671 13934 17963 6228 5175 9800 9502 10394
19455 10183 10749 10199 18594 13878 17891 3974 5300 6274 11895 17360 9597 13085 9881 9685 8492 16730 3319 11692 18179 14408 18157 9582 13805 15485
5658 9219 3733 16948 9330 13850 13877 18544 440 1680 6877 3123 18781 4294 1823 18432 6628 8351 10170 1466 4110 12772 17272 7450 13675 13990
2422 14132 1120 18538 5216 19190 13569 3004 19727 15371 11051 15339 6117 2527 4713 10219 4775 5535 19948 8867 7420 15398 7705 12105 837 8367
12714 10546 15475 985 18788 11418 2601 17692 1764 17639 16971 4465 5248 1098 13484 19598 3757 3855 13896 16632 14319 796 8897 4328 14545 16829
1196 10219 3360 486 18683 3638 10198 7965 5456 5826 41 9187 11420 12180 7684 6596 4585 18644 858 13159 92 355 10318 10591 6234 2012
8546 19258 14131 18131 19324 4304 12665 7037 5462 12792 8647 8008 18403 9405 16294 9881 16232 19155 4339 19200 11847 11246 8460 11760 4540 18073
19922 14181 19408 3843 17764 14734 15674 1042 1962 1149 17350 5629 12891 13985 9566 14895 5498 11867 7100 18260 13218 15468 7956 2010 14713 3602
15482 2838 6906 16390 12006 16211 8381 19371 5109 2720 17312 563 9093 4419 19209 9128 18717 1293 1429 6222 2638 5249 4937 2746 3943 15254
19378 19495 19239 6530 16179 4962 11483 10658 5006 3497 13553 208 4375 14332 10573 12065 1249 19651 14363 2496 13019 16370 1146 3251 13464 19993
14931 12351 3967 645 6943 16761 10955 773 13287 6622 6328 19243 10255 7006 7560 11130 11366 167 13909 5813 16002 19670 18329 10502 1949 17120
1667 946 3489 14816 8290 19260 6273 2409 12739 19680 17955 13935 8617 7684 18106 17808 2597 14773 11370 10511 9844 8099 4075 1671 7122 2103
14254 4023 5214 10864 5925 11568 8534 7902 16056 7488 18632 14324 1523 3430 15081 15670 12032 14336 12159 13868 6386 9389 5159 115 4046 4515
15980 6151 2806 19453 19141 10697 1701 17853 16604 9217 18196 14465 15086 14279 11121 10576 13303 12169 15951 7369 3220 5688 13036 5323 5129 16422
9450 18634 6077 15676 9156 9500 2325 12573 1873 2576 19761 521 6489 625 18357 14565 13100 7668 14344 10044 9056 12056 1283 12935 8497 9863
13981 1282 11927 14619 6986 19928 17528 13855 12889 4651 18994 11786 8266 5588 17107 8982 7779 11237 19228 6785 4798 2064 16770 3231 16850 4294
19233 8275 17451 13258 15377 2032 5660 19714 401 17839 7439 3902 5127 8874 18028 11082 15639 11193 8911 15094 13935 17447 1327 6857 830 2786
12013 9917 2970 7746 3468 4688 8361 6813 3343 18463 17659 4014 17676 11844 8799 17435 2393 19977 13955 13108 10328 16869 6738 11346 7433 19762
7643 16998 12243 13661 4497 8044 13514 7731 5432 13269 2888 9337 17311 14724 9868 11227 2447 18617 18900 14880 15411 3288 9899 18299 18727 3351
5109 2002 19013 15054 13135 4520 574 14058 4735 14543 4619 4963 1194 6982 5125 850 7036 5979 9100 11778 4462 14483 6031 7144 8148 1339
17812 16953 6202 1350 729 8961 4793 9509 18164 18720 6873 7617 3183 11140 13937 6707 14855 1277 5728 3245 1158 1743 6140 15116 15630 17084
4852 14610 2390 18189 19831 6909 15913 5866 167 4677 13302 13747 15664 12934 9746 11762 543 6037 9776 13049 7948 18686 5468 18632 9301 13691
14305 18108 10579 5431 9309 500 11000 2903 6151 12377 5825 13084 10062 4191 6292 15904 16246 11982 8940 6376 1746 18927 285 3141 10894 16529
12342 1091 19483 9133 1579 15090 13803 7837 15185 6306 14629 14201 12372 5223 7863 16809 4870 15011 13376 6041 5366 11751 18636 10374 309 8410
146 7461 17713 11435 9572 9072 3660 7911 18576 7063 17398 18125 5128 13568 7552 16529 10030 13217 1164 11520 8697 1613 4812 6025 6422 18764
14246 970 14073 18402 1797 17334 7114 2682 3005 17947 6465 5346 4515 7933 4519 14418 15206 17208 17532 6919 9734 7409 7266 6920 8256 15296
5475 9359 3138 5500 14043 17531 13728 6381 2919 9800 11567 12651 13679 10617 1454 16215 7275 11686 19758 19819 424 5711 167 3149 14429 14333
1893 2887 6960 12817 10545 12305 8593 18318 15949 3385 13236 315 4579 1212 2047 5452 11891 16371 2567 17977 7735 13959 17028 11323 16209 6795
14423 4037 19343 995 8438 16548 7844 16341 13840 3068 13522 15748 6559 18573 10680 19673 4646 8438 10401 4958 17341 12625 2315 18031 17392 10289
15428 6405 13840 12068 1735 8041 18528 19101 19327 9237 950 18199 4638 776 559 17657 11366 12322 758 16405 3692 7783 12837 12479 19572 16029
2700 3753 2990 17135 13434 4665 16811 6774 5424 13933 10892 254 17738 6069 10883 8487 19203 4659 5224 4689 18743 5137 6895 9562 13893 3177
7763 7648 2955 15826 13099 3981 16205 7346 16096 18159 197 10330 8412 6655 651 5414 6528 4670 1496 19341 8511 6045 19141 7502 10129 7858
15543 7023 7198 7511 704 1299 10486 10375 9265 281 4838 12029 1690 3802 15230 19608 5481 16355 18121 15467 7470 12995 1959 19438 14312 4125
17120 2862 14151 278 6375 16241 13294 4072 10631 6351 1416 6256 5907 12219 1506 17580 3424 14431 8299 8387 11149 4786 6036 14526 9823 6506
6982 19967 5399 14505 4640 5241 9995 17266 18422 15754 13784 8970 6826 2230 17732 3584 19685 9561 10515 135 19364 18143 13135 298 14146 19676
8141 8095 15160 8691 18922 1399 14386 10455 17995 15135 15704 5493 13426 13152 2115 6818 11893 16052 18959 12644 8772 36 1766 19440 16127 13045
4287 14857 1661 8460 11593 17960 9309 18035 17062 16362 18837 6855 6469 17724 6163 14784 14149 8601 11452 4762 2666 1105 14400 5423 3644 1216
12425 8456 16842 10903 16255 16359 5550 10872 5350 7605 16787 3253 17537 9308 5266 9633 12898 18827 5320 8039 15650 7143 2812 14808 19740 19835
6747 13908 2781 11103 4929 14213 7518 1580 8175 17269 8019 16823 16123 2911 1876 3891 3213 10768 10076 10790 14529 16704 17213 14974 84 17236
2238 18728 7377 19176 2065 3329 6049 12824 17401 10652 8601 5457 12207 14646 6631 1029 15123 3326 3696 7522 6366 3867 2996 274 15424 16351
10786 6048 1365 746 2510 16587 6668 5559 1821 14151 1564 9074 2979 649 18099 7548 5629 3231 13785 12254 13038 7707 11899 13570 3144 9798
18396 1490 3125 7500 18677 19398 5211 1372 13847 4339 7231 14163 4068 12026 7908 13097 19125 16941 16247 13575 6110 14430 10262 1960 16660 12886
13867 14454 15880 18341 4819 5499 8333 18980 1982 13550 10283 8897 19670 9423 7136 19317 9013 3118 4373 18299 4245 1783 9894 11351 9201 2490
1937 19387 19371 4227 4357 6318 18261 6318 15822 11912 2136 19573 8630 17447 12404 7883 17288 16929 3346 4603 17144 13389 6141 1044 15231 15957
7950 17432 10376 19531 11740 17317 17891 8375 1839 10631 19132 7752 6461 9107 3399 5421 10386 13689 18263 9226 16929 3778 6891 7681 11608 14239
1617 3794 16558 11822 18957 8261 9121 3414 6273 553 16142 7153 12681 16941 16771 12344 11617 17087 4984 4713 19587 4651 13074 4421 16446 14768
19420 1060 3149 4777 3465 19301 1935 17042 9199 19016 18891 11584 6149 18975 11776 7166 16826 12870 948 18108 16020 1211 5616 11794 19447 14805
18590 2579 1248 3078 15700 733 3118 873 4564 8231 2604 11594 4513 1108 11469 5978 19377 18931 7582 12220 17626 17811 19007 5221 18344 13177
2912 16082 5872 2678 9523 4722 12730 18908 15714 16230 7793 10786 5118 347 5138 8153 11930 13378 15931 4437 17677 13726 16856 19064 6310 11148
13001 15040 2643 8435 6399 19867 12603 13937 6189 19768 16978 17034 19851 849 9105 18095 15321 18429 8967 17683 12780 460 542 10072 13915 4749
16591 4443 12809 5716 16486 17753 16659 8754 2413 15192 18929 8773 3768 14129 12395 7328 19138 18211 823 3146 10317 16532 5030 9596 17385 13332
18399 11309 3288 2573 4611 847 16479 15978 15907 8037 12855 12363 6468 19595 5294 17536 13302 861 4048 3485 14973 10626 9373 777 18171 15357
8911 17536 18601 1921 3694 9641 18207 15673 1009 2576 5970 19798 3125 17701 9442 14457 14440 1217 12197 11998 18510 2064 237 17421 19074 10852
5829 4735 14648 2760 11365 17233 11794 9977 5965 4824 2462 4182 14908 4566 8247 10241 5852 4439 3052 3428 4643 10188 12342 2539 8350 16850
14350 19339 3814 16019 19024 4522 14532 11499 265 5076 784 11534 6691 2707 12080 4447 9212 14606 15842 15375 6260 8700 19769 17587 16213 4601
6258 18122 19016 10232 17642 2547 17917 17436 13996 2155 14448 14604 16189 18861 19525 1406 795 5939 19447 14052 8428 3200 7692 19624 4911 5147
1912 19048 15991 13789 13509 17246 2709 817 18282 16658 5618 4599 14250 5812 16163 9396 6608 5551 17472 12835 1735 2822 10677 17966 9665 12791
4218 5279 139 10497 19952 11249 7340 15037 16752 14141 14106 11477 15647 8784 4042 15613 13138 1196 5082 13635 12840 13755 14649 14177 987 18553
15046 13128 14512 4985 6722 10453 11995 10704 16057 5858 4929 6524 4305 5946 14876 15841 11512 12952 18979 13435 16495 17698 11049 7215 6777 6050
1969 6216 11875 14361 1318 12101 19686 17033 3343 16717 7875 1982 19004 15997 6412 889 4060 4083 12093 2430 10154 3853 6247 6809 26 11743
16158 16745 3004 13014 18067 19798 9758 18526 9919 11220 9090 9990 6716 9795 17762 5596 6854 16797 19484 13555 13920 15492 13171 11230 8623 17069
13094 11295 5879 17285 18808 2670 14720 15243 16184 15709 12562 15402 11264 12037 463 16747 11073 976 2407 14605 16462 10314 13648 10108 12885 11789
17707 17568 7438 8811 16012 8066 3768 14884 11107 10616 5659 1919 12785 7413 5300 14667 12065 1299 2664 3688 6372 1672 9654 18487 4342 8487
1276 2293 19654 13478 9786 15806 19292 6806 18865 17088 1160 11320 13467 19594 9177 1793 10581 7589 9846 5061 8445 8225 8948 13003 19311 5281
8191 8628 3508 12972 2535 10028 7975 11337 9636 6301 5284 14193 5382 11800 16543 10786 13368 4299 10061 7174 8464 15046 13121 10781 7123 14586
11521 5529 15711 10466 2182 2298 9731 10913 16337 19375 10666 13844 13262 13962 19887 6866 3891 17390 7386 9275 4997 3109 4283 138 1506 11937
6116 9094 14444 16480 16848 5587 19682 953 11471 8728 10016 19014 8358 17003 110 16459 13572 18495 2106 12239 3091 11455 17694 18018 17800 4789
11370 13875 2171 1676 13900 19108 3484 18773 10604 15985 384 3782 3916 2966 11533 10564 1876 17576 1495 9076 8148 17461 18756 1521 7624 13514
1162 9521 18447 8119 8515 3271 10986 3139 8715 18122 14853 11198 366 7110 1569 12438 19504 17667 9721 18722 10188 9022 3951 17729 17641 10219
13861 3275 10940 14093 8054 11201 19753 2459 1755 10978 4523 8417 4955 19357 5998 13029 18658 14740 13438 15484 15944 3295 13630 16481 16121 4899
7538 18510 6869 13032 19205 10171 14845 19200 17703 11651 15864 522 19432 17971 11326 6500 12205 6029 4027 4268 18284 11646 3768 6427 9008 16734
9606 4561 9790 2565 5019 17673 11250 7651 14340 3583 11297 11100 8356 14818 6852 8805 3249 12267 17839 5650 8531 339 320 3861 5837 5973
11017 1026 6453 5888 4770 11054 527 991 10493 18920 6549 17102 16201 5409 3717 19394 6172 9251 3644 11222 5185 6518 12034 18529 10042 275
12393 5014 8759 7231 3166 4421 1742 19364 12233 5957 8874 9787 15570 17598 10674 2505 13271 5691 8115 5191 12718 5977 3203 4034 13105 679
14113 8718 6723 12657 17314 18666 5075 1739 5745 73 15177 4375 16026 10531 5749 19057 95 16821 532 13379 10742 6460 6945 8902 19856 12702
15626 12841 3265 12092 9845 11470 1696 14552 19853 7392 15793 5282 13257 15771 5463 14236 8183 831 7979 7088 374 17168 9516 18699 13519 14348
1831 13053 16993 9099 12538 15743 5550 11372 109 16831 9749 6184 12736 8191 15907 15748 6358 19899 3606 14369 11250 8788 17227 13120 7150 9306
18569 8894 3640 12699 1080 927 1668 4334 15948 14665 4844 10793 2898 13754 2828 11957 18242 6107 1601 6446 15994 18546 6660 5682 18570 72
12532 2712 12940 3986 10490 8534 15405 8196 3521 14954 16883 3955 10005 5934 16861 11793 19587 8593 9808 9146 10517 13441 9109 415 19383 2561
7188 19455 13498 17268 786 6285 17906 16919 13498 9193 14114 5168 14809 15458 18553 6752 1752 16315 2637 8732 18634 17593 2614 7860 7198 6788
15978 5743 15604 1535 3964 4469 2863 13592 1610 11868 10319 4928 3673 19048 1936 11173 413 3355 7876 19016 4102 6411 1601 9928 1810 4476
17246 17353 5574 8325 1960 11255 16210 6221 16836 4108 7670 6600 12702 2260 13022 6738 14188 1793 12637 18206 17409 11171 18209 3659 13289 16869
16416 4430 1863 18336 15670 17846 6835 14247 1233 15821 465 18672 1582 15426 16353 748 16364 19682 19335 8119 19840 8162 9770 8780 996 14819
15330 6367 10156 3335 8397 5260 5128 15770 5283 616 11085 2549 13572 7942 266 12809 8995 5379 5210 1343 13478 727 12130 18524 16921 3948
11436 10882 11757 15770 16568 10505 9176 7370 19259 2519 8062 18893 171 14948 3833 2297 4192 7383 6358 11741 4523 14566 9188 16173 10340 13838
6058 10527 19110 11700 10708 19293 18827 4443 3761 9181 16921 5316 19188 11968 17375 6918 11609 12754 2172 3140 11804 10028 14743 15780 1363 12094
17861 2340 13195 6656 9620 5198 3046 10665 5392 619 11586 2018 5084 18753 7314 1342 7377 19572 14401 19932 14153 13768 2005 3080 15482 19161
14229 4630 16929 549 19513 9737 9624 1701 6654 2889 3447 14847 1208 2755 8410 10895 3835 16476 5359 19958 10139 10255 14387 16462 15970 2301
5864 2863 17947 494 9551 3797 6707 1850 19951 17957 18036 3347 10900 2434 18352 10558 11175 715 13129 327 527 9785 7752 10123 8114 528
2665 16148 5687 1068 7923 1185 15358 12615 8596 2255 1941 3326 2309 2093 10237 43 13010 1208 728 5659 3296 5047 1182 15678 10663 7330
8961 19550 5488 14786 4504 9535 15804 12083 16370 224 8101 1332 18652 7223 18859 1827 13893 11343 51 3302 10367 3569 16820 7739 8085 5651
19658 1294 9859 8877 9135 10176 12793 4957 18806 1263 3322 793 16547 19120 769 14644 13660 10671 7512 2483 15523 18371 4999 3059 13747 1004
10957 8975 13500 6435 10524 6067 17609 15932 9650 10183 10081 19331 10602 7322 11152 1497 12940 17416 9333 17225 13589 17092 6483 757 5734 1682
2640 18968 13584 19206 19882 1587 459 18747 2691 14777 10275 9142 12637 10279 15756 4334 1621 11927 1162 3237 18383 5291 5107 15990 11532 14601
11651 9112 1591 9632 12726 7546 39 10404 15168 18405 11435 14813 6245 4619 8022 9600 17703 9462 13352 9358 13737 8927 11285 2268 4693 16303
4407 8359 9151 7064 1143 6538 7224 10170 19395 4959 12288 6939 13727 4378 14824 14099 7380 13478 2310 13872 8951 13778 14767 13 18462 3043
4518 19527 11486 2762 12172 17311 454 9987 9844 9864 3852 8919 1165 12805 14102 7352 7658 627 16549 10610 18651 12667 13662 6602 1400 8931
1838 13871 19985 4706 17965 7873 10285 12148 10646 8521 3988 12339 12925 7431 14239 4346 12921 9512 7163 2120 6261 17326 9816 11614 17269 8092
3358 6085 8106 3781 7823 11993 8622 12156 639 285 4150 13564 19244 19387 6369 10431 393 10362 8880 12886 14871 15535 18474 19672 7816 15145
11366 15487 11267 2805 6048 4013 15920 4901 6047 17470 5087 13070 15885 18234 11915 11382 10595 6955 2318 9995 4934 3018 19814 10212 782 16431
3531 17629 14401 468 18801 10287 10691 472 15667 10530 8918 15743 12494 18829 17246 19379 3218 441 19894 19384 13124 1287 12736 19654 12959 7773
18843 12927 13150 6200 9897 4840 10759 19994 5253 18651 9517 5563 13627 13756 17489 124 11508 2493 17109 7708 2111 13209 18682 19342 16566 5717
4528 7106 946 9593 1710 14996 5259 9960 19582 11388 19373 1648 15497 2752 11829 1862 14603 18964 13893 11500 18666 1881 11579 16719 5856 6614
13724 3776 9444 19601 19909 10565 11588 12326 1456 13458 2279 9657 2224 8147 7721 6046 12564 9506 19822 2378 5325 6196 1763 486 469 9015
15018 18986 8251 7715 13081 10244 2326 9845 13826 14163 9133 3313 19192 60 1286 17706 10705 15280 14243 13702 14045 18550 7388 9063 8231 3008
8081 19498 4609 8913 976 6169 14099 9407 12230 15366 4668 10514 1340 10991 16528 3778 14060 16347 18506 3714 13654 1193 4726 17441 16694 8025
14468 14671 1401 16784 563 4396 13497 12854 14658 2991 7862 17270 15945 6864 5213 18246 6035 17248 7955 6193 14667 11581 18590 4934 10571 4186
11942 800 10529 10097 18789 4752 90 8047 10556 3757 14634 6587 14849 6600 1621 15869 3630 15211 9589 18756 7486 8776 19580 16842 3236 1785
1737 286 3083 11641 15561 16740 4085 4653 18392 992 8397 2328 10994 4222 19328 728 15718 2686 2710 11145 11835 5897 9385 4431 13066 17338
14387 14686 14218 18949 9859 17004 7346 10218 11020 18758 18858 157 2218 4497 18006 15184 18222 17267 2025 15749 7097 16708 3474 7563 73 3196
5375 17595 7160 13127 5756 8810 8201 7224 11005 15577 4000 15837 412 12414 9828 15401 13482 1518 12742 16572 12874 15818 17520 14609 16758 8456
5952 15530 9730 3098 5675 8405 16580 9789 6870 4518 3957 13361 1084 13679 6655 9513 129 14926 1644 5058 10973 12126 13667 18488 7742 8892
977 17143 588 6639 10426 14601 1952 14993 9771 4316 4122 18797 14688 9805 8321 1903 11248 14646 17318 3377 3049 1533 5604 6837 2835 156
6840 13667 6823 7671 15798 17812 6190 15442 521 18089 6400 17979 4091 10832 729 15116 13999 5641 17279 15803 12831 1289 19725 19905 6015 2119
9528 6744 18312 19149 4459 4237 3423 19217 2906 6877 13225 13990 14897 9195 13790 16660 17656 9405 9094 8718 3214 1082 1929 11265 3568 15141
16085 14426 18838 7098 3646 5234 11244 6944 15687 11960 13547 10925 12280 825 5092 5150 8439 11381 13945 15159 1659 6822 6422 11137 4003 12712
16653 12024 2068 6839 2292 3429 9166 14360 2031 5930 589 9033 4106 17531 13086 66 1386 19907 19111 15141 6522 1030 5770 17145 19627 11674
3771 19007 19995 13544 18073 11392 18641 7622 18912 12121 2657 7350 11740 16051 5316 2698 9306 8696 18827 7782 9196 1973 16465 11551 18478 10676
14794 11399 4257 9378 1633 15580 13129 1218 6195 7939 6918 10138 14174 8479 17616 2188 3679 1258 18951 19335 5934 4363 10059 240 7959 650
203 17524 13865 6729 18490 19746 5414 1066 12260 16910 16413 6359 2799 19010 16397 1190 13097 17234 18601 15532 4719 3547 16628 17458 12554 6510
6153 3706 12036 15082 19788 7681 1414 68 13425 15262 15678 13096 3589 12736 1393 13847 6018 10129 3100 14671 10654 18166 13464 14219 682 9895
5183 14591 13708 5160 5994 8530 19396 5016 19033 758 1898 560 16196 13690 4129 9278 6947 13380 5602 5357 13061 2065 9920 14856 9612 9881
9895 14438 7596 12517 10799 3655 5545 1990 12915 1858 19219 12880 16059 3823 19887 9116 1702 15122 6764 4437 17154 11599 10899 145 1911 9510
2099 7326 13567 489 6880 5241 4921 9237 5819 19282 16988 2422 10235 18101 10112 19718 19526 3416 2551 3149 18895 11665 9042 8893 18520 19462
2174 17195 5983 6306 1179 11824 8535 1323 17997 7981 9364 10903 5011 16998 13738 2004 19164 10508 502 18123 6445 16676 6456 1637 17528 16757
3934 15711 14757 17057 8174 1315 1608 9225 12115 19279 17544 19879 13677 1788 12528 5362 2141 17774 1838 4663 19892 9134 12063 9673 5211 2449
770 2350 19170 7121 19185 14374 19160 18951 8394 8239 18684 14740 17302 17389 16444 11937 9906 8688 8339 10342 9276 6572 17717 11069 10980 6457
709 2985 5019 2472 1918 3397 7741 18901 12818 5891 2593 3090 19373 6833 5130 15300 14655 12972 19118 2206 4575 19542 9010 1842 19095 302
15774 15873 43 14239 1390 16546 16144 15918 5763 8383 11054 5730 15168 18952 7100 15877 10011 5384 12881 17102 19818 17816 16770 7337 7539 7552
5697 12166 10406 955 9687 8000 5743 10521 14191 12906 11061 14418 1078 2630 985 14850 11401 2609 1783 4766 12198 12143 19510 12019 13724 7768
1751 1962 469 6706 9281 14550 8026 6510 7532 5034 13650 12735 3665 7545 4880 17583 4510 1773 5611 10063 10797 16334 16459 13520 454 2468
2714 468 11647 7204 17235 6317 538 9180 15252 15917 13588 19760 3585 17722 10159 5176 11497 5459 858 10792 2312 14373 7074 6776 6209 19043
9633 11919 11716 19138 1902 7356 15350 926 7249 4921 7850 14132 10072 4900 14204 17437 17783 7675 4803 19303 10870 6203 14829 15113 17924 18639
5438 358 10777 10908 3075 15172 10360 10646 1836 2200 17317 4905 2163 9494 8401 17096 16104 14767 5324 14239 15655 3003 10517 347 11454 6967
12501 12006 19294 14149 17438 8823 6427 11972 15934 10757 11810 14279 5149 877 19988 15315 17107 7785 8679 16864 10374 5079 4174 14127 6461 5133
16024 10260 3622 5639 2888 5375 4112 9916 16937 3521 6435 1205 1072 13751 11369 15568 19658 18956 16755 13804 18585 7163 9202 13878 6028 18643
19675 622 19685 17803 17568 11221 18659 2209 11288 484 4128 5736 2598 16905 8409 123 4030 10003 16009 19555 10393 17162 6842 9733 11124 10088
13682 14150 1501 14298 5210 904 8568 18335 4618 5825 9456 19021 4768 19762 10604 14866 8733 6596 16796 11008 11066 10159 3634 17325 1473 7400
13872 19454 15120 5511 12580 5857 12633 1927 2352 15078 15620 4651 2368 3055 3563 8080 12725 5156 18341 8126 11150 17743 16314 9618 7535 9516
11982 8572 11507 6346 8992 5342 1381 2833 10153 16162 8070 5772 13291 7849 16055 480 19913 8652 3330 10358 12723 17847 10879 18207 11453 13591
6544 18856 4895 10007 11381 18660 17963 5485 18520 19158 628 19290 19416 11427 7201 3991 7865 5707 11596 4934 7123 15639 2655 18299 10240 5420
12018 3354 10095 16089 15212 9055 14937 2087 16015 11579 2650 13326 14514 6387 11722 19947 7212 18176 10569 9164 18217 16824 7180 3462 3773 1612
19974 8654 11169 17318 6164 11076 36 11274 12161 1919 16162 13569 8336 7892 7019 1193 10842 18684 83 2557 17451 7104 19174 3355 4185 12558
11288 3263 240 2181 13098 4626 3591 18444 17001 14335 4051 7665 12627 13802 6363 6276 17034 6242 10129 7185 1838 16129 5218 3418 12479 15103
18265 13848 6956 12787 7788 17281 22 5385 3609 11596 9064 5275 16567 3595 11066 3972 15807 2260 10177 17996 3083 16397 1793 7229 17843 4069
5839 16868 7310 11845 6494 10936 10811 9477 5899 15855 1470 5642 1591 19714 6721 16529 2658 13869 4094 2892 919 12232 517 6090 10318 10203
2011 17750 5687 15400 7871 8464 2438 16252 17134 10411 2996 18408 17382 772 1716 4884 17149 17518 17951 18817 3871 12581 15776 1636 5231 421
4531 2004 484 12776 5983 335 1908 13224 15732 2169 14193 11981 18012 18290 14233 2001 7052 19640 14921 9434 18314 4882 10910 15435 3521 5929
6094 6080 7482 5760 532 7558 17534 4776 5997 15193 13606 14672 976 7186 1777 18562 6500 17807 2352 17968 2657 14871 10953 18605 13009 12770
11650 4712 18646 11935 12008 14994 16898 2762 2317 12501 14538 16838 18451 11703 7679 3092 4628 17729 8315 19282 8198 587 19143 19528 3704 12630
7118 5501 14372 18516 2988 5717 4915 9048 6872 15115 3670 2732 13111 9672 18072 7581 11361 16722 12999 4925 7933 10614 3204 10903 5476 5289
3324 6337 1260 8942 9463 2084 8737 12522 9922 16713 5017 4261 17532 3211 2276 18384 17122 15087 4558 6953 16669 17909 2200 8918 18067 7143
13071 4461 18311 6742 17207 3944 16993 14533 8853 5294 891 9400 10184 3291 822 17749 19631 1706 16156 2321 15366 13471 11716 8664 15024 13386
14668 10377 16564 8299 16561 5975 9114 13409 15733 7428 774 12286 15651 7589 2062 4817 6370 2233 1440 19721 6943 6156 62 12749 12445 13692
9492 8400 3903 2750 15843 2303 16256 17960 5627 12665 7171 12377 11391 11965 2467 8325 16957 16666 12297 19338 18188 17643 19544 12970 616 15035
16328 14648 11321 15838 1900 8792 5111 15809 9519 12129 13923 10901 17595 4902 14897 2581 16127 17676 3717 1063 16609 15532 8176 5153 1037 1040
18133 6493 10834 1066 2533 9720 18404 3460 3660 19917 2579 3845 18177 3528 7332 12402 6220 9060 14991 17119 4834 18451 5683 19422 15409 15558
7633 8260 1215 10210 17162 12171 3543 6467 1815 1415 5155 18681 17292 1384 1648 19003 4008 2894 17326 6356 4465 3133 6831 11594 14553 6935
1164 14879 8921 14086 9984 5988 3896 2635 9409 10856 4277 16528 12464 15711 5650 10990 7349 3318 16008 10187 754 17239 15320 19307 18872 467
11967 3250 9375 12330 3281 4157 13038 12437 234 8265 5685 13407 19426 18343 578 10197 1997 18744 13739 11298 11299 11777 16117 16270 14882 3797
11102 16211 17117 16223 2828 11401 5227 1851 16706 17179 18934 12348 2412 2907 13004 17745 16446 17571 6141 12401 4068 19577 11735 1803 14665 3638
5552 17240 15826 2036 15788 4248 6898 14484 17936 2813 11120 6765 14052 6627 7138 5147 4682 19291 2690 11484 15209 12541 16292 15364 9197 4992
17649 15212 12641 11539 4309 9217 19706 19817 8169 11770 7716 14901 5402 3677 9626 18636 8064 6746 3047 10367 7479 5408 14856 2780 4682 14515
18176 4341 15386 1300 8689 11015 7773 11165 3306 19783 2014 8352 1526 7788 1720 8758 12107 4798 14010 18510 12229 8727 9054 691 10984 5397
4759 17662 14219 6002 17359 14204 15888 19748 7790 6199 19931 15550 10088 5793 17771 16173 13755 8285 15940 729 3122 8695 9002 10484 16524 12776
19413 7808 11386 10530 7146 7706 13651 4064 12953 6948 9095 19325 12471 16231 19159 14709 3724 11023 3419 494 11684 7726 16315 5025 9031 14870
2230 17030 1922 1303 3779 386 12120 17243 1001 182 1099 12251 11966 6250 3657 17766 15466 16328 3315 16410 8820 11219 16271 1467 19009 14264
5095 16066 4515 16579 19369 12808 1692 16942 8111 6604 11433 14727 2694 10686 3100 6056 16278 14707 2590 3288 3378 18212 15568 3649 10029 10765
6196 4163 6490 6595 12052 13090 4052 2562 1887 15578 12904 8177 2130 4610 6433 9053 273 13236 12346 12890 17368 1494 285 10618 14523 17026
4748 17757 17977 13004 1380 8010 4966 6563 3266 19697 7182 13795 14163 3157 19643 10631 15862 4676 10971 11884 1602 6950 18049 3448 18448 2691
13436 3341 5170 19323 16248 14119 4445 4189 14712 7746 13226 2962 11645 4275 17096 18835 7491 852 8929 4288 737 5655 17613 10478 10033 8301
398 15015 17003 955 13856 4641 10673 16399 15161 8931 17791 3647 5052 18056 13186 17299 19094 17442 12651 1772 11040 9013 13639 19148 17262 640
15579 4054 8365 2556 19779 14743 8394 6296 16722 14924 10759 16940 9414 13734 8943 14704 4447 442 14381 19819 5172 1229 9568 14520 10522 17525
19209 10569 5225 517 10032 4870 60 366 6239 14323 14895 8571 664 7024 12856 7796 11292 152 16192 7572 4056 13884 3125 18909 14343 5440
2788 16221 14731 15852 14964 5387 11007 6335 2755 11271 2714 18883 18539 9731 4204 3185 530 16026 19742 14506 10759 18594 3465 14470 16595 10157
1104 14147 10356 17153 3776 7866 8794 16341 9929 2741 14652 13236 5050 6745 12294 2704 16932 202 14310 1283 18636 19569 10758 5917 14845 9891
9929 18940 6722 5680 514 10000 14189 1352 19474 12792 7963 15589 9876 10095 8081 15290 10997 15489 6333 9508 8359 7726 3137 4284 6063 328
667 2417 12516 7277 6828 9971 11006 1080 2932 6980 13006 90 3051 1382 16942 14537 7246 10737 19117 19817 1075 7605 19233 6322 18357 19511
10677 6837 18406 16201 16865 10724 9787 15123 19313 8872 14621 6776 19991 17678 2292 12297 14814 3826 17443 1842 17113 14598 3391 2583 5519 16213
13736 5361 13864 10167 16060 3821 15925 1182 10788 9895 19340 6501 10089 16789 13447 13629 10901 19208 1897 11532 18590 16383 11361 9357 11294 15536
1324 9005 17997 7762 7778 307 10489 8087 17607 12023 13167 19957 17858 6538 3085 15493 3525 18585 11389 18916 197 4089 810 4493 12670 2110
887 2461 4023 12004 3546 5865 4934 11717 10877 3800 16575 7994 13522 9938 5797 1224 17688 18792 9095 19302 8038 18335 13074 10941 16041 15887
4947 4859 16128 11965 17737 13997 11100 7563 2787 4735 14424 6630 4222 17204 12076 9424 16532 19741 15474 19784 2190 15200 10296 4597 15894 12098
14672 12633 2002 17607 1653 19892 14753 2449 7535 3973 5879 11774 11800 2755 10264 15839 8987 16175 10177 11391 18691 2794 440 2383 3971 9353
5418 18462 4911 9864 286 16491 10255 17533 19483 9395 12391 14065 13411 12727 7320 10464 10745 4187 15095 13151 13262 4245 10608 13494 65 12690
9184 6836 7849 6441 18164 15949 1646 4810 10822 6719 11669 1630 10195 9713 16697 19457 8970 19955 16351 10668 10854 9735 12846 4135 6715 15758
1678 387 7371 13113 16290 4495 2249 9228 10873 4525 15188 16803 17752 13280 4608 4307 8924 4327 264 13606 10730 3628 19064 18250 10830 10645
18570 10122 13073 3637 14122 2906 18235 409 14760 3012 16963 4643 18242 5323 6905 1223 12702 7301 14594 17054 15943 2347 14668 7310 14876 3824
2178 17564 18809 17197 9281 16509 14233 13046 264 1934 13377 19255 1758 11090 4879 7505 15317 2045 2693 14593 2564 7469 11508 11899 17793 201
6815 14571 18808 4558 2322 5482 6103 14492 5075 8472 7428 6888 8478 13114 19670 3959 16994 16805 10454 13544 5961 9774 2671 706 8218 2998
18514 1071 16275 3428 19342 5976 6211 5041 7130 9660 107 1048 8421 16992 7357 15435 5323 997 5922 1849 18559 12985 12085 8471 12432 7476
4735 1158 12592 16938 5022 11837 13245 8154 3382 9095 6669 13441 15652 1267 4783 13866 13474 1868 2910 18361 3590 5001 10778 6633 6716 2199
15613 3654 18492 3462 19707 3454 3975 3197 17860 12795 6833 15733 3205 757 19014 3481 16591 3100 12901 1664 2214 13678 819 1031 1845 17314
15321 17388 5810 1443 11736 1335 10007 16399 17691 5561 1213 8838 19117 18615 7360 230 17083 13985 9025 8143 2950 15012 7451 2993 12658 14193
8658 1941 9775 19016 12220 10423 3337 16229 5235 14952 2616 3579 2527 19980 9917 2538 8739 19006 9340 11158 10290 7771 14051 15870 1943 9616
2005 14927 5443 11003 17937 14385 18380 3695 12122 11879 13196 8220 3870 5411 19642 11366 19484 1141 12091 17343 2187 17245 12562 16493 13991 8010
9528 2513 3852 5173 10 8162 7509 6679 5467 9889 15422 16509 19254 1612 10916 10774 15922 4967 378 9695 19038 10881 5810 2917 12588 6776
6598 2048 10180 14128 7962 13670 12304 1791 9767 11972 15255 18038 18703 12813 7654 4459 6284 13323 9026 15949 12562 10021 13329 9202 2041 13234
10544 204 6229 3793 3313 182 13037 9265 15865 1510 18583 16984 5827 8359 19745 10174 15220 15502 8459 17567 11272 9370 7628 9195 8666 9107
4719 2509 14145 7210 18621 10422 13848 13426 13058 1090 16629 8120 1728 5179 7088 10575 1915 18309 6006 10281 12390 13519 15444 7643 11647 664
9804 3261 4629 9180 17790 9756 12950 13692 15575 16249 7230 13216 17753 13755 19586 18865 5881 18863 17930 19636 6590 8382 4224 16438 12495 2959
10587 3739 7427 12723 6099 14160 5897 10615 4862 19080 5862 11652 297 13408 15377 3967 18910 1740 16097 1666 16740 19725 12678 6149 19090 13157
5332 5002 976 9363 948 14916 13326 8764 9896 12246 17331 16306 8721 12176 16875 16655 15051 10793 5937 14417 10725 1557 18714 2886 2309 5002
4638 6797 14829 15433 645 5335 963 1280 15772 3614 8502 12530 7889 11580 1219 17146 17350 11722 12833 6834 14312 17331 7355 15721 8605 3258
11030 1818 786 6365 7544 10443 7610 1225 12065 5812 12477 3631 3576 4557 8272 9138 3052 16104 5542 1912 15872 5847 17939 9228 6736 8595
1447 7383 15710 19699 4107 11711 1486 1901 13325 980 11784 1716 11326 19145 13275 5944 4066 18847 19263 4428 16279 8500 19155 15309 10170 8451
2520 11950 12611 10068 2451 6487 5671 11214 5643 5479 19784 4967 13166 4977 7459 5199 18277 1349 12214 5306 6636 683 17864 18303 15765 6856
9047 4139 307 12488 3401 4881 12196 5969 7261 2946 18791 6370 14826 1106 18531 890 167 10792 12841 3578 9417 8727 1166 11660 15683 7261
12361 11867 19134 963 18040 4032 10328 2555 18992 14594 15028 14391 18339 1411 3498 3609 8369 8521 7672 6071 7458 14344 5440 13162 16308 12280
2707 1423 7498 17668 6560 17097 15856 4158 15438 3949 5592 16445 7768 6505 17062 8583 1702 15369 11515 14427 2804 15376 17586 11511 13602 15251
1230 17273 3073 11399 3449 18374 2661 15873 18595 9725 12607 1015 5552 13154 1710 10233 13276 11560 18545 1759 2818 111 15666 5838 15780 10560
4061 6740 11321 12484 6357 13754 15987 4319 10561 19391 2162 19004 2079 13530 19322 13386 6828 14208 16485 14496 14566 8815 365 75 17645 97
2925 3693 4012 10521 6037 17018 16859 466 6471 18970 14779 7453 9656 4432 3325 6846 5846 17681 7790 572 3446 16360 9386 16704 17006 19639
14858 14533 13285 17353 3306 17576 3435 8493 18627 11278 2010 15947 9639 12046 1053 13278 2924 4999 7932 19435 382 16233 13784 16918 5810 7690
5556 16188 3600 6997 5208 709 890 18462 5377 13103 2647 3053 11095 16771 5768 5326 16241 13356 11544 17663 18933 64 7511 470 13549 14771
19451 14695 16610 10565 15158 16092 7346 2466 18268 5110 1917 15203 6304 15866 8212 7245 10749 15144 14276 3937 9487 12610 6817 11396 1763 8452
16214 16208 6045 1870 3545 15639 9612 11748 19207 12102 18917 8217 12807 78 4713 12408 12791 15540 16984 14457 7656 13548 9602 6442 9957 11308
9569 16602 13430 9284 3741 19774 8441 12535 7424 11850 778 2347 18967 11135 14436 12346 15258 10779 4467 7019 16267 19263 10058 1386 15074 5335
1958 7046 10035 1219 1729 2824 5186 16604 924 8484 16157 15533 660 15302 13848 7636 5912 19416 13155 6504 16000 11185 3660 2749 964 315
18371 8899 11846 4477 193 14701 16047 3588 14964 15331 4873 2972 13607 4751 10760 11511 3617 19237 83 16900 6418 3340 17854 15996 10436 3170
5294 14387 15776 5649 6538 13043 12604 4182 11622 2418 17351 15468 5938 8207 18165 5431 13347 10347 9397 758 6677 6865 11506 14479 5711 3953
18663 39 12838 8184 7928 13950 5295 14426 6062 558 17186 13839 1888 19999 6800 19564 16072 19089 5560 5166 280 15670 13434 7084 18003 9414
8410 684 18999 27 11013 1931 14607 7041 19202 14316 4411 3350 16641 8783 13741 6236 314 18359 3484 11202 12334 13166 11965 19313 13805 7609
16515 17900 504 16590 7575 17738 2621 8406 1217 15605 4460 11465 14206 11826 4017 1765 19608 7735 4704 15725 280 12951 19773 9275 19860 9233
9416 8516 14760 12522 9503 6426 9789 18426 9829 11672 4039 9505 17930 14475 6039 11797 8932 9164 17142 7901 14051 14747 2071 5683 12197 814
2040 10417 1520 16361 664 12126 3042 13902 466 3636 11293 12065 9545 8858 13166 2220 16665 18303 3048 750 15772 17041 13118 5770 6137 13809
19142 10310 11640 13652 12254 19355 13030 1280 12558 10808 18871 1167 12173 1070 16578 9546 3198 6891 3727 10393 5326 9470 17089 17425 3131 6323
4318 5056 17992 6238 2105 1306 6961 14306 5474 809 4907 2812 12395 16228 7092 5084 18996 7220 15136 15431 11176 8071 6198 14119 5617 12777
12087 1405 14751 11629 10406 17827 14639 19299 17638 13042 1986 2691 9403 2165 3086 5451 9940 10708 11332 3396 3653 13905 11800 5535 5179 1522
13959 5366 17065 18756 4793 16182 3192 10222 14198 3697 5735 1674 3465 14309 3985 2928 14250 12336 11858 3141 13676 5376 2651 16469 334 7595
6046 5082 1471 5318 3128 14792 6802 13901 19152 10847 12421 7894 6576 15174 12953 2330 11902 3191 9944 3009 1906 13835 987 15132 15679 4735
18641 8987 5241 1058 15343 10476 19072 12732 2852 4660 16558 17144 2019 7060 98 15531 8996 11394 15235 1748 17254 13607 19566 3847 3558 8974
14476 18395 1016 16938 5412 3132 3414 5798 14321 17386 11884 6341 444 11644 2943 4204 15880 19876 2037 19218 13489 15216 7 7235 3851 5162
11898 10461 10075 8330 15162 17788 18819 6426 8442 2945 18231 10351 4476 6383 18741 11069 7126 2767 12479 13051 8002 6256 14715 2049 10676 12444
1807 4236 1824 17399 17775 18825 3794 16427 9217 16020 18733 692 15299 12810 3841 19329 13461 6361 9771 18115 17394 15792 14332 10822 17270 18169
8992 2592 2666 17057 18131 9578 6061 5185 15370 8697 19039 5029 1299 18403 13109 3580 19715 17266 7419 2558 6633 6430 9554 2558 3683 16045
15469 8384 1223 7071 1493 11858 6130 17548 13872 4366 17945 8643 4069 14602 3609 6873 8587 8672 5823 9543 2348 465 8388 6345 7904 5473
15411 4131 11015 3117 7793 15039 16135 12549 8549 11024 6792 9147 3154 9704 16959 7301 10418 12815 7312 9329 3241 13026 4724 7597 7842 18829
19168 12496 16034 4600 12669 13316 14145 9837 9787 12092 7626 11517 5838 14359 777 8929 2461 1825 12017 13452 14359 5402 7273 6083 8384 2486
10949 14165 47 10544 10583 7122 1635 5593 9754 8480 6911 3671 18155 7055 11454 4760 4495 512 5126 3564 7566 6146 7117 5257 12757 18603
9898 13076 6241 19906 7921 5344 12965 280 2815 15067 4460 16497 16421 15131 15604 1432 3200 377 16164 2403 17134 1569 9192 10854 8558 14002
1707 6895 15231 4155 4907 5367 2956 19954 18257 14513 18393 5442 498 7985 8651 16115 11221 10900 19330 9379 16439 15305 13037 15245 8764 18466
9238 6051 15582 9691 19547 14377 1306 18189 7024 5618 580 8099 9839 14783 17424 140 13013 7910 6233 11638 5684 15911 3981 12784 8600 18752
9637 19988 17920 2786 707 1805 10374 4732 3473 2437 19872 7868 8158 13148 14001 7100 4372 11616 7267 10951 1985 12589 13847 1880 16296 1643
14905 16773 8448 6720 1315 19474 1468 18738 15447 6433 17768 19846 12509 8699 19647 600 7791 3585 7794 10073 7516 1270 19253 16484 12548 921
15048 18941 534 4609 16352 6575 8150 2913 9200 19905 5923 13255 2437 1343 2209 18752 3131 14804 1743 3323 4602 17891 13992 8409 7002 11455
8758 10412 16554 5156 14517 5995 14607 12714 8563 16193 3737 11913 4259 7284 15451 6601 3604 14912 12944 17039 5906 3724 19099 13880 7786 8505
19886 3923 7373 1569 4793 11929 3892 9551 5623 2406 10161 15573 406 9652 19630 9009 14342 19949 7264 2183 5419 2561 736 3441 11975 7613
10079 7861 8572 13256 3002 10994 1892 15298 4610 11374 14842 19884 13161 10517 55 3369 8543 1948 11530 14424 841 10723 19677 12533 6863 11988
14120 7783 14909 11668 7143 6606 2663 16401 3915 10733 12266 16399 8258 1661 184 7248 6091 709 14744 3129 18492 19948 4032 18248 3647 3613
11718 1072 15709 8817 14580 8698 5672 16214 283 2199 11018 11742 9473 2153 3894 5959 7006 16054 14781 2271 18606 11119 2186 16270 1122 5985
14619 12630 10326 5621 1326 19750 15677 14597 3323 19609 17018 19603 1915 271 864 8165 4162 10155 15864 18305 15309 2345 129 1784 3562 1024
11176 853 2817 15896 5296 17277 2322 19211 16787 14751 30 2717 6792 2479 14177 18959 12621 12739 17277 11638 15429 13287 6210 14501 8806 17766
2843 11438 5319 10571 1661 7453 2672 10500 7596 10136 4220 16815 11160 14761 6768 5082 19817 4135 9093 16817 1380 768 19349 2734 13616 3524
12212 14853 2974 3353 16694 12230 1914 4876 13593 19453 17577 15487 7682 13953 10841 6168 2309 8423 1467 11121 10485 7144 16867 16750 7023 14460
225 3310 3898 19457 17893 12746 1850 4651 522 6062 2265 8012 8685 12485 5286 3480 3048 13487 19918 15285 2153 14882 7550 19447 18350 3403
