365
74 87 91 4 92 12 64 71 70 89 41 18 55 68 17 81 28 21 62 14 50 99 42 75 17 9
2363 11383 19641 1828 15380 8395 1895 165 3724 11216 18301 5971 2005 8235 15213 1281 10884 19953 11662 17672 10938 17511 18765 12481 1024 5791
2809 11800 17520 16551 8410 8167 15983 3898 13486 16110 7904 3637 16618 15629 8304 8984 18096 368 5741 1655 14312 11795 14383 843 15073 7159
12710 16019 14041 15439 4502 16851 3924 8834 14874 4432 14847 14960 16493 9342 13037 17694 19820 8308 16790 13297 14206 4840 1055 8497 4954 4055
15192 17812 3886 18687 19141 8549 14039 17396 16227 11038 12162 15037 18621 14262 13910 10912 9579 8590 2409 4252 12064 7406 4346 14468 18515 17739
588 3613 16376 1474 18733 17436 17308 10068 7981 3655 8815 3144 15509 11540 12692 4150 6273 18575 7550 2570 3676 8043 13564 18120 2098 36
5328 11072 5882 17090 7046 2088 3557 18783 16641 21 7665 13504 16345 4024 18479 12228 1188 13484 3910 18332 15969 11031 13608 11644 15267 13320
18941 15081 6094 8264 4632 15581 497 2740 14867 7742 13615 18132 347 16123 15405 4284 9098 13303 12591 10529 14945 7208 12525 3217 7686 729
1348 4018 4326 2284 12092 5390 14975 1503 17781 12799 12010 7961 11208 15046 12122 15006 7956 12440 3369 191 9442 10888 14483 4765 541 15301
7869 1983 6805 19714 4430 4905 4654 10725 17792 2244 4411 3416 15195 4611 15525 19983 9670 5856 11358 5213 1634 5140 9412 13357 10187 4398
15130 17274 19258 2609 18303 259 17369 5331 5899 5995 18437 17763 11646 1321 12339 13411 10153 3738 10525 11764 10988 17025 10733 15164 10493 12982
6787 5063 17967 18781 15383 11017 16211 13760 3345 7319 10189 11037 7539 10111 4167 7969 6264 13614 14522 16499 3700 1779 10000 3967 1464 1946
14263 14398 17407 18181 9833 6586 1504 9006 14678 3377 9786 6161 6814 4950 9058 19499 11171 1405 12538 8519 3507 1493 12883 1031 5126 17195
764 3738 10532 516 16914 15540 19009 1202 2322 16019 13989 19189 1237 7157 14918 18005 18476 19657 18972 10796 17060 6195 1954 6851 6955 10648
17269 10105 4826 9929 1024 2354 2333 14689 13766 6503 6917 1255 3477 16177 2292 18700 3772 15775 3763 5954 13781 3684 583 15593 17518 12740
18563 9597 10735 7715 962 10531 5567 18488 17195 6058 15742 12989 2805 4904 9750 8990 4754 6775 2469 19754 14719 14914 2009 8258 16818 9765
17541 18610 10869 9764 1881 19052 8168 13310 10224 14877 19388 6182 15394 15527 2283 19842 5797 15521 2952 4070 5429 1175 13969 12036 13857 11019
3602 3628 10854 456 18824 17875 11392 16692 6399 19483 15098 8714 8395 8978 12042 10860 3244 3619 14013 19696 17129 9615 13051 4982 10064 10223
19721 17548 14090 2061 14556 8019 16723 16832 9377 2911 17776 425 3969 2328 16413 17379 10191 2670 6652 6508 5810 14745 17919 17379 784 19800
5406 4023 1707 1107 14912 18681 17690 15725 11185 10338 19109 9539 7444 17210 10678 16370 1479 4791 2289 15435 5526 12899 16557 18755 5439 3571
9092 1683 908 14931 130 12072 16909 17685 11638 651 3034 6034 7744 5437 7076 5049 2375 6710 6258 414 4117 11380 670 14015 9337 18030
17090 1378 13886 5213 12811 18570 17031 11608 10568 12238 13699 12534 4760 1039 14133 15078 5844 11359 19323 10505 10081 18562 1913 9120 18773 1855
14476 16855 5379 17618 6302 5836 6073 8945 15954 7858 15564 15716 15349 8423 11104 11135 16955 5062 19382 5980 7854 14400 405 11861 13466 6835
6643 2129 10017 2437 8624 5610 17601 6035 8652 18859 4421 9075 17113 18665 18923 18573 1108 120 17963 2269 13453 253 12925 17175 13785 7391
17899 19800 9053 17108 3494 11066 4320 8638 13036 5794 2042 9561 15269 7702 10014 15092 5185 10162 17259 18571 7351 5916 9461 5874 4183 8937
1500 4337 1597 14133 13779 9522 12585 8761 9698 17294 7098 8266 9008 11114 17163 9901 1235 8713 8237 3071 17904 6409 13180 2175 19468 13791
8774 14381 3376 2898 1017 8189 17892 13921 12171 3676 4479 18131 11948 1811 2592 18714 16093 2017 14246 1108 3503 9348 4340 5931 8106 18833
627 397 13548 17576 8691 8972 15807 2470 3986 17650 5708 14933 1517 8337 19134 11769 4732 5274 3962 13020 4284 14711 11018 3904 10205 7615
15177 19587 6484 15760 4659 13257 6831 2042 2096 16715 7014 18412 9442 7303 16019 16619 7183 14294 1368 237 5808 3243 8416 5337 6755 1050
10254 17981 3575 9072 8207 4197 6796 16813 1845 1606 8554 132 16541 7876 2546 7831 6668 5757 9288 8999 19080 5098 9893 5884 14587 10160
17696 17639 7184 16788 15247 5182 18031 1894 14160 6768 19761 11360 3786 19633 8562 13373 2947 44 12369 8810 3428 18189 15357 22 2834 19112
6904 15219 13161 2431 15524 897 7440 8072 10486 6424 17468 3142 2801 9746 14730 14327 12256 18178 8752 18645 1840 16030 3423 9201 3636 11632
13723 5639 9212 7970 18831 14907 18188 3101 13474 6086 16966 13645 5134 5883 1374 17543 1974 18764 13623 3394 2887 1983 10411 1851 12019 11661
11713 18620 16877 7352 13851 2867 10939 3289 12935 8747 4789 1457 15276 532 2153 11905 18853 6957 19193 1822 10319 3462 7556 19561 8578 3297
7196 7508 5833 10405 2753 17887 16411 13216 12764 11842 4962 15687 14709 9898 10749 806 11817 12414 19922 104 7555 7854 11711 7687 10262 1449
10666 14631 4515 10615 1145 11762 2015 9290 1128 11212 12226 3493 19801 7771 6520 19440 3330 6114 3389 14085 5539 1291 4161 10931 12954 16497
10323 16779 10046 15869 12229 1068 10910 2434 18918 12507 12842 8375 18720 15035 3706 9812 11023 5380 8471 2467 2445 19178 11254 13352 9416 583
14301 16029 12563 10713 14822 13572 11307 1673 6334 17112 19655 7845 18868 11168 17309 13388 158 314 11513 12271 3142 4582 11882 4545 5771 16163
15480 10144 3003 5529 5277 12242 12587 19565 19279 2508 14153 976 10557 1289 4301 9599 4 9595 13223 12512 1607 16702 939 11286 12674 2272
5163 18412 801 10888 14240 16008 19256 13925 17304 6711 15324 6953 3711 2627 16568 14382 3504 15131 9900 2185 19942 8782 17783 3553 2133 17302
4855 19478 3799 10393 5136 13603 13148 4474 12173 8895 13274 11247 11442 17130 12006 18152 15444 13404 2193 17919 4152 9149 4943 14550 4523 15834
12709 8762 1502 79 8754 19537 7477 17198 15037 1537 7837 5854 4636 13671 8946 869 6749 10073 18576 14953 12184 11688 11711 13167 5009 2076
4038 12164 6277 8539 9279 10222 11033 11310 19295 1863 3853 5142 4319 10862 901 4867 3684 12110 3004 10054 1509 16995 3567 9004 8071 14821
9043 5095 5904 12797 1247 17319 7280 13716 11570 2734 16339 19417 19583 8892 18421 553 1791 8698 2597 16099 17891 19560 10149 15420 17701 11233
7106 7761 13484 1873 6618 14906 19274 1584 935 17890 13702 17515 9723 3435 14152 9899 10325 19093 13106 2548 676 16439 13038 2902 17464 7027
13266 1288 3348 2819 14327 15520 11340 19832 16007 16479 13283 13032 1031 14965 8300 3195 13170 4339 3596 4071 12673 2232 4936 14227 4474 7755
11872 13930 1784 1780 17705 3525 12052 13692 1966 11802 15828 4556 620 810 16802 6385 11802 12537 13773 15111 17730 16881 328 8548 3805 6986
11484 14057 6854 10996 9891 822 6819 14599 10124 18003 10179 13426 12071 13288 17908 14817 4913 715 962 117 3482 13034 8846 17948 17231 16447
13425 6878 11994 171 6596 12418 13107 3042 8398 18982 5828 10752 6736 15442 18230 2368 14770 10950 8197 16295 9530 378 2700 2969 10534 16757
4103 17330 9162 18067 1429 2278 211 15305 3928 13476 14837 3185 731 5430 8891 16812 5 729 14925 3163 1836 14611 8367 17578 14702 19348
9123 5146 14984 999 9023 13235 14602 19386 12804 8839 14376 145 1856 15387 4091 13644 16063 1244 12060 9747 10461 19371 18846 19395 15683 5661
4963 13746 11638 17730 2344 3923 1989 13086 15640 3396 4250 6487 14012 6496 9950 10887 17226 99 15993 6446 7112 5718 18586 12229 18324 8081
7675 4676 6184 11771 17538 17018 19076 18150 9893 9496 3667 17789 14884 12419 512 7209 7463 799 14440 1452 19352 2370 4273 10190 4744 11138
14537 3764 3108 13342 12252 19893 16153 4411 6268 7821 85 15925 10211 9697 1874 8954 13941 3045 7199 18435 2253 6643 3156 9507 13461 17801
6429 9389 9468 17676 16496 17548 7268 9258 11771 8129 10388 3120 19230 2745 19177 3755 2715 10298 17472 18664 15116 1125 18302 17080 13858 15844
16375 1744 13540 15037 7168 8402 5726 18841 1159 18141 14839 1643 12277 17957 610 15656 3260 19438 3951 5521 19738 15528 7049 4529 18005 19785
1775 6848 13053 13500 14678 14059 9050 17568 15486 11670 6688 3819 19842 4587 4204 9441 1302 17634 17821 5559 5074 13968 18094 3973 9246 18292
13009 4574 14786 6375 6044 11866 5008 17547 17479 3147 6856 6685 14195 14096 6292 1477 15275 12602 7887 18518 19137 12020 18283 8800 17571 7494
9584 9132 15278 14996 2247 4324 5998 18258 14872 3777 6363 12106 6603 13767 10947 17099 12014 9441 9610 696 13251 4426 938 3317 19565 426
4942 16617 12308 19162 19373 4897 5818 8503 12901 19720 2740 5158 4444 5790 8308 14571 42 15887 10003 19471 15320 12311 12093 9809 16992 2041
4162 4049 6045 12914 3821 18293 15885 13506 18570 11573 9379 5289 10333 19113 11184 9841 8355 3894 3004 3457 11860 3509 9324 7893 532 5806
2582 12076 2062 12839 6026 7194 16799 15555 14987 5262 10853 10997 11586 2289 201 6679 7919 9564 6434 5444 743 13769 4145 12172 811 14838
10775 4496 9222 18882 11335 18185 10737 8507 8907 15467 8774 16482 8753 18153 4125 18287 18586 1597 17184 7926 8705 13794 18396 2268 9267 5925
429 11710 11586 2340 3004 9066 4547 2594 7025 14586 10873 7231 6981 11190 6043 4475 12246 16362 10430 2384 6949 905 4975 5061 18078 14971
11641 7721 13961 3646 2221 17565 15747 9320 632 9017 19791 5948 8093 13317 14177 6625 4157 13022 16304 1723 6723 7789 15225 2256 2109 4083
14167 9787 10145 9063 1920 5011 19578 11470 11104 15623 16207 10615 3181 12107 13270 18639 19263 10439 6211 2163 19089 10039 18266 2175 1035 8354
10134 14181 10738 7141 14265 15686 4712 17909 17993 7888 3460 877 19382 4852 5078 7776 17691 13052 4138 10467 12341 12780 11708 18510 12977 2142
2615 7803 11586 8301 4816 18186 12739 6553 2057 14655 3047 1131 16709 18883 5968 10738 15094 18406 18155 17545 15665 4111 14042 14093 6468 3089
10711 18504 3668 4182 5155 13470 14558 12666 4059 7965 14583 5303 14055 19829 771 18318 1909 7027 12229 11814 1415 17986 19009 13348 3148 166
10599 8666 16868 13667 19505 5946 1961 10544 3380 15554 3546 12348 1163 6591 6938 11185 14661 12139 16444 12494 2058 18393 8051 17498 1293 16097
11199 16055 3751 2396 7303 9783 1580 918 12547 17738 19225 809 13946 1495 12318 19500 12258 13449 3681 7955 9127 8833 11275 6155 3348 11598
13737 8831 13069 1748 781 15349 4472 6059 6919 3374 12395 3659 4982 15386 9972 741 4628 7621 14197 3460 15165 3 5451 129 16050 5199
5886 1671 5953 12580 990 2637 1423 4419 11863 2193 13656 1722 8487 1319 7231 13471 4175 10920 11077 4112 16471 5485 19034 18213 14047 389
14861 12511 5372 19385 13218 14030 15229 9584 19748 12886 13850 7592 62 9869 5168 9571 12643 7104 18215 7344 16694 10304 9297 3732 4823 15378
3079 3117 161 14502 450 3657 1911 5776 13048 14320 19901 15135 17175 15171 19349 1332 19743 1283 4916 4396 15859 4676 17517 14096 5747 2344
15780 19417 15270 16580 18006 6845 9776 14128 9654 4248 12948 929 455 3889 8531 11009 7469 6536 9232 6131 8252 2175 12311 16785 10944 19617
19945 9035 725 1367 7778 12397 14240 5480 13344 7762 1825 19280 18359 5104 6422 19719 11965 7416 4548 13710 12268 12629 11933 8805 11540 747
15136 15732 6202 10765 11526 3829 8560 6285 17272 19421 10471 17241 16826 9715 18654 10845 14995 3551 16224 13735 19030 18463 12042 11254 14161 7076
7704 2794 15728 3685 1691 7118 9250 14658 8096 2046 5628 19095 12765 787 16431 10771 2483 10964 2776 10719 3569 13516 18867 3388 11336 19291
2106 288 11976 12193 19978 1156 15776 9585 19416 4223 9888 16598 3669 4355 6862 3278 4090 7068 14798 12592 9720 12865 15560 4403 222 2581
19638 19926 4494 4498 8209 10403 14371 10978 217 4319 17292 14831 15176 3984 3264 14723 1076 3492 9773 5630 9580 11358 16522 19910 3220 11826
19290 2122 13592 6809 17952 16867 9936 1227 5926 19898 6088 11746 13613 10517 1492 6499 12620 2640 6400 13001 11577 13919 12081 11947 17969 1401
1314 6554 2186 11508 10444 17656 14131 13457 16363 8359 12853 10667 14388 13871 11172 7797 13175 15673 816 14629 18166 7654 4408 1598 3363 13301
4508 18112 1442 1191 19057 7001 15849 6430 12066 19876 123 7747 3332 2226 16788 12045 15767 9100 18591 19405 17855 7541 10803 8487 19274 6922
7977 9232 8825 9097 7547 2439 8410 13869 3892 7287 178 14653 18200 19092 4041 9064 4886 19507 3003 4948 6282 3423 5386 11330 12895 8217
9283 7041 2339 16803 7705 9060 6073 4412 6246 3266 5985 2957 10758 1949 14639 15518 17192 7296 19136 5678 17391 17982 19738 12963 1491 1312
10015 2680 8826 16315 4131 11185 17873 1064 17080 3653 14738 4401 16487 9582 7771 13908 13385 17176 1071 19678 6526 5665 6186 10792 8682 2035
11678 16839 12090 2849 16406 17248 2106 9322 11186 19819 12769 19140 5145 1802 15767 14996 17119 1186 11747 3987 8947 7765 11539 5893 4652 19084
16332 2211 5896 2611 3539 15455 15342 7152 17446 7777 16054 3090 17133 8879 14003 10692 2245 6913 2804 4248 17236 16532 1264 7556 9087 6033
17138 19091 2820 3691 8399 19052 8527 15876 6734 15616 15071 15065 13665 8275 14841 5931 8909 10642 19370 7893 17802 18468 1746 18620 4718 8245
2898 13355 5591 1403 3936 4371 13992 10809 19624 2481 7900 11499 18727 8967 459 19448 1644 8634 6663 5024 18043 13097 9741 5716 6392 9867
16272 9515 4216 6143 1171 15686 5555 9755 2361 17799 15335 19291 4519 12798 8415 18052 14636 19713 19112 16778 5374 6218 10704 6957 16586 17634
198 13121 4809 18127 0 995 6590 19110 1899 15221 9580 2432 734 5975 4858 13313 6709 2078 1561 4138 2972 12043 4104 12731 9085 18991
3514 2577 10777 9345 6805 5094 17049 4192 6820 7428 16013 19700 16949 5370 1674 2879 16553 13153 2073 1234 13555 18398 8751 9097 14266 4135
4139 14465 12261 771 18138 3702 11059 14971 13376 4607 9976 12637 3367 19536 15720 4693 4823 17453 15721 1504 4074 6431 11571 7706 1429 1224
13140 104 17261 16795 17874 17914 17511 16223 15295 16087 13947 3341 13078 15927 19700 13925 16438 14109 18092 11897 16357 15319 15939 3736 9374 6644
17893 1319 18486 12363 19876 56 15674 3075 6881 444 3317 8228 565 2704 613 4016 16942 6139 6207 17280 11643 4358 15979 17834 7182 15363
2514 2194 16584 16865 8233 12129 14138 8659 10972 1099 18153 17594 4988 13765 8697 18968 9044 6720 12196 5889 17471 6747 14590 5366 5822 5480
15932 5601 9592 16407 18668 12344 7633 8768 18929 3459 5856 8478 15848 9143 8114 1639 13578 18752 14363 19704 6922 3812 3539 11136 7318 14939
9679 14114 6460 6711 2054 10532 3655 13655 2567 13099 11233 19900 998 742 11155 11699 870 943 14507 10851 6615 17805 4811 16026 11464 1353
1312 7863 11205 17717 17021 17031 5842 6953 237 9531 3419 15317 16010 1086 6659 14527 1969 13157 8163 11775 5179 7180 17863 6009 12741 19324
2332 2309 2023 6234 15460 2800 16659 5041 1079 12722 9724 13802 5425 2996 19717 6039 5970 16094 13583 19460 9526 10451 1057 2218 3545 6249
16445 6984 10745 3525 12884 15145 12325 1033 2474 2590 14488 7065 12450 5758 9195 10244 1085 5429 348 1049 10738 12264 14963 9500 4797 5172
11057 19845 4076 13126 8126 8089 8238 14598 3643 8697 549 5729 14599 762 13428 13603 3996 4398 9918 2422 6177 16983 4831 15215 17673 2756
9992 3910 12987 18116 11193 18117 12063 16696 14099 17831 19187 6806 19302 3931 4624 465 4885 11405 6083 10142 3112 9357 14295 11257 19970 16570
13122 18121 5207 1750 14999 8008 14441 14575 7889 1164 2577 8885 64 2354 16057 1606 75 11598 10556 17268 5946 11581 12636 114 19556 8867
2888 8157 1233 14000 7072 5768 3274 12544 8370 19217 5822 1737 3771 18868 17205 5913 4327 7458 19513 18756 15663 12533 10327 11652 296 17930
15656 6879 18652 1871 10258 16964 10464 15566 1382 11658 9475 16488 16597 18841 8886 19224 13784 9675 8690 5669 5242 19284 9532 18663 10545 7994
4598 13271 12366 16288 17158 5753 3999 333 8484 6070 1436 15062 19223 16058 964 16060 441 17941 1737 3468 4838 6217 15131 15298 3785 16425
7631 10540 962 18627 6859 7625 17419 5777 11634 17795 177 6155 2138 10943 14910 809 8416 11567 6492 19186 17714 343 13343 897 19571 11740
16037 14127 14569 17273 8460 2637 15615 15598 1531 10841 3350 5999 2038 7873 14135 3252 13955 18704 7345 10003 15788 10004 6880 2220 892 3428
499 13770 12740 5315 10635 3127 14329 10767 15586 16150 9034 13131 8813 11430 14465 10648 19471 3087 9112 19297 6229 695 8860 220 18292 9539
338 2860 18148 1609 11911 3995 15882 9535 7372 6787 5116 19995 3394 4196 16451 14303 8681 9990 2279 8645 950 3922 9677 14474 14387 587
13710 9248 13138 8257 5649 18673 17679 15606 13800 4390 5842 1243 5316 12174 6370 5857 6959 19661 12138 3711 7004 8243 3859 17919 6300 13333
18069 16365 3553 18164 18283 5135 15117 12522 11518 18787 3974 16070 17327 12157 517 7678 5372 2552 10611 2300 13672 3653 6890 5492 580 11806
15250 4653 8441 1597 11862 3430 16531 5362 6120 5793 11524 2010 1105 15161 12265 1469 19715 19280 16975 6152 14725 742 3957 4120 2154 17229
9287 5129 15811 15821 8860 1983 18438 5917 4996 6906 3708 19002 4783 4309 10105 19570 15095 14800 9778 5371 4036 16285 16405 9151 7459 7689
9182 1243 18963 6700 18190 15739 2594 7465 702 18277 15269 14503 19486 1021 408 16507 11931 581 12794 14055 9845 18889 14954 12607 10373 10336
10820 15419 16998 2158 4020 15792 401 3740 16932 13345 11734 5722 10533 4064 12084 9452 2530 4749 12605 5095 2273 16146 14803 6210 9165 19359
670 3604 173 1013 10281 973 19225 5303 18021 8169 19983 4631 16569 7606 7679 17096 4554 18621 13515 4708 7340 1292 171 13410 14644 12794
16228 2422 15885 18626 14078 9096 9722 4858 1104 10709 15915 13946 8172 11197 15093 9183 4705 8175 9549 19110 9064 5095 5257 8595 8255 13066
7706 17453 4916 5158 1808 14135 6872 12422 14186 10159 18726 5398 5262 13408 10887 2570 220 18224 17841 2443 16101 11162 7786 6805 9306 10993
188 17236 19375 11923 919 11753 7402 6960 17335 17463 17082 17162 6512 12725 10721 17327 10676 12880 13094 9029 14144 13624 16497 8674 19866 15230
13731 18651 15641 6410 8471 4428 11766 7118 19056 9332 8474 6926 1163 15032 9679 9248 183 9919 16692 12789 1384 17056 7419 13165 9877 13187
4407 10283 11381 3491 19893 6086 12259 9691 17134 8986 10201 3508 9735 18449 17057 16485 19374 3441 17207 8404 1342 11153 9293 8986 5982 2880
16978 13527 6317 6419 18187 15781 17420 11330 1010 15825 2045 2293 14843 18665 8935 15110 2782 12570 17363 12826 10248 3278 2281 19667 11623 4670
16149 3959 11967 4034 1267 15396 18860 14342 18634 7660 10690 2728 15649 11824 237 4056 14880 6 6294 10145 18265 3746 2177 2976 5932 15446
216 15615 8676 9096 10910 5666 15349 8997 8460 17242 6885 16881 3790 12313 11733 19748 7994 9535 12272 11957 19881 17632 7965 9288 13636 3687
5401 10874 17791 10602 9516 15588 5058 7679 10098 10497 8506 14281 12120 4886 9362 8147 2665 14640 13855 2788 3514 10230 11268 4008 3006 11633
6563 5389 11414 9 8489 1464 805 11733 6902 9163 2277 17857 16054 10721 5532 1491 1343 10259 10943 8627 865 5455 10005 6733 17607 2029
16165 9470 8644 13704 13292 13030 19721 10426 6610 5797 1151 16447 1023 10131 14295 16636 5189 18998 4045 9474 10600 3618 11591 6708 4526 13146
4377 6194 8892 13422 3621 18595 19087 14505 17148 6238 19167 897 15948 8762 18160 17354 8237 5 2117 1931 13039 11459 1767 2896 648 4173
17022 2492 12576 2956 5904 9915 1806 12836 14739 15410 17534 18659 14861 12658 3948 18049 10612 14697 12950 6561 19832 7570 12740 5009 4335 18992
5794 17897 6065 2693 6496 19505 15466 8110 9275 1725 4934 8340 5608 16441 5421 10367 5047 17339 3140 18182 18669 2855 9964 17273 3780 1310
13433 5174 7047 17191 7473 3212 4592 7843 16429 17526 5938 13735 16323 6736 6539 7047 742 3861 6879 18795 8545 1289 8864 14549 15605 17477
2406 752 621 7182 3814 1960 3224 5190 19634 9383 18117 19808 6411 11607 11628 13594 18851 11318 14507 833 16749 9405 18075 117 14209 15697
0 17892 3204 8407 994 16557 17148 17577 17437 1387 17377 15435 8388 3444 16449 14286 16409 4189 14206 11037 10248 3395 13465 5384 7184 7380
17769 17676 606 18316 6852 18217 13091 10013 8616 5321 4006 11204 16400 301 5541 4805 6126 18100 5559 512 19728 18671 15841 14514 7336 12332
15472 16803 9607 14573 13415 11932 13134 13237 7616 11172 5441 186 19790 11549 18114 1056 9062 11494 10167 7670 7129 18207 12139 18792 1635 16570
7425 16197 16563 19507 16145 4391 15542 1182 2199 8735 15317 1609 4803 3387 5285 9813 18727 7780 2979 18141 6488 15540 14424 8626 11969 14311
9658 13964 18122 14360 14107 1823 10550 9266 9781 2213 8022 6396 7499 9941 10468 2917 1243 4412 19353 5506 17256 16648 19461 1275 13804 18543
4241 5805 18110 19525 7845 17153 16079 6947 13720 8939 14964 9219 19549 12699 12709 1651 19738 10359 6000 2088 5697 11383 8709 6121 1657 559
8735 14491 18969 10243 11603 5816 13611 12424 13234 9699 4318 16644 16914 15167 9176 16162 19706 8960 3771 12496 17583 4496 8044 12261 5463 5558
11509 422 9263 14511 5730 5617 9849 1450 10439 18840 3842 15199 15533 14657 4702 1684 18318 7870 2968 16023 11099 9802 17129 2905 15050 14412
10924 8039 10967 10763 12218 14845 8985 5089 4033 5830 165 6731 7586 15335 7787 12425 942 667 5215 17979 4655 7338 18675 15627 13184 7997
18067 17503 10090 16525 4346 13251 1329 12514 19684 18539 11256 2202 10781 18314 17517 2806 17118 15964 9126 1757 9402 8476 18080 11853 12358 16164
5424 9718 18185 6093 4377 4328 13917 6913 2867 19862 3892 11522 6964 2232 12157 5900 2863 16415 13923 15925 5848 5119 18264 15985 9888 9196
2348 3007 13363 4138 1937 3699 16047 1868 8651 8266 5435 10937 15307 3058 15583 8307 2598 11279 11123 13612 19407 15865 11434 4284 2652 15641
7226 9268 2406 8047 12524 6079 4809 14222 3926 7142 10606 14680 16242 17294 15760 18567 3580 13006 12058 18065 10630 15802 4424 9964 6220 8420
4116 13539 17914 17544 8852 15430 17146 13021 18013 9240 16588 12897 1842 8954 13488 15015 7375 10563 8140 2511 14736 5779 18991 18861 7652 11759
19042 19496 11028 12023 19423 4126 9734 18523 4959 6433 10035 9647 6023 7417 7837 14079 19105 14425 18482 3024 8334 3847 4406 8084 15074 3442
16095 5256 10673 11086 5120 7071 7809 11414 19638 4175 6475 10202 3721 13764 13564 3188 7303 14996 914 15657 7475 819 13802 18362 13437 3758
2466 1784 5521 12252 4482 421 15150 14938 5092 16434 7567 12201 3768 19942 17495 4831 4217 19301 15379 10601 7926 9125 19051 17021 16355 4540
5494 7574 6649 948 14387 15034 11679 6992 4899 15111 12299 12088 3754 12338 175 6822 15717 8135 3751 19637 14656 15092 1996 1166 18502 8016
14898 197 7234 17170 11715 5076 17098 13093 6950 19588 2711 6478 19091 10179 4021 2394 18560 1343 9821 5885 12008 11192 1508 6475 10779 9863
12117 7351 1620 129 11128 10477 8177 1607 17470 12714 5225 19638 6720 7376 10211 9830 18677 6155 7012 14160 3165 16194 12914 6995 8868 13326
9543 8637 6889 11263 10312 3109 12635 17358 325 9868 11948 362 10309 13768 16141 6714 12171 6922 8418 10238 8671 11929 15982 4434 14079 1351
16745 2749 122 17552 6427 18939 7223 46 10677 10841 16246 19963 1741 410 4021 1805 4417 18440 10824 4249 3667 639 17832 9331 183 359
4216 15614 17336 18121 16584 18452 16659 16028 8335 18017 9158 2992 12543 10597 10256 11281 18036 10529 13881 11040 17291 12107 2852 15740 10943 2512
6786 12333 18969 14394 17647 11437 3586 3706 11002 1026 13522 6734 305 15158 3406 4990 1043 17158 13134 11544 5360 10086 10382 4431 14493 3629
18206 12355 16277 3655 14136 10917 11465 1489 13865 14672 5894 12112 13768 18746 5410 9949 19965 4680 1427 1597 1896 10133 9436 7102 13295 19922
874 749 2440 10663 12029 9585 14597 851 8719 1305 11340 16002 6661 15109 11735 3370 5851 158 10854 18499 5867 15277 13159 5925 17682 13762
5776 15557 13997 8336 18481 7291 13559 13847 1901 6621 17611 19410 18814 48 15184 13910 718 5338 7423 8017 9411 12066 18708 3976 2364 6601
7553 16372 19546 18975 11218 4799 1843 4128 16584 5048 3569 639 14382 13603 12274 5482 2887 13629 9204 3341 5507 6143 12454 6934 2999 15754
9454 5388 14020 18791 14277 6309 8180 15590 17483 3558 16880 5252 539 13653 14838 8877 1249 199 5535 17009 10286 18935 17327 16260 13012 10709
8812 18305 11059 6763 13385 6946 10899 17019 7125 4699 12063 8987 7748 9199 16090 651 4651 17187 3960 17736 2944 6475 19833 8922 14636 19398
17477 19259 17667 10321 17923 3753 7679 14618 6100 19341 308 5995 10686 13931 6787 10455 7433 5667 1805 16880 6723 11827 4235 1005 1788 980
3990 12799 13924 14161 13385 5741 6100 8404 4173 6703 1192 15153 781 1307 4133 10354 3934 768 12925 16480 11022 6676 11499 1963 14111 12324
12707 9135 18886 828 5197 8220 1379 17813 18094 3428 17336 6874 6975 3168 8706 12354 11343 4326 2859 19758 3436 8860 12312 3714 16233 5404
15518 6920 2381 19259 12124 1266 12127 6696 15670 7382 19140 17178 14347 9630 4522 14907 17200 2059 9096 6418 4959 6611 8592 19444 10614 8648
13468 17210 19253 7667 12889 8923 1980 19714 19538 11220 9016 17376 6960 8557 10909 5864 5309 6888 16278 1583 16028 9200 14559 3090 11692 8626
11132 16030 9521 5480 8479 16664 5512 8093 9389 16986 1065 9977 2748 6539 7858 18897 19331 4656 10787 17974 16839 3266 2289 2156 11597 8110
4810 1683 10848 17721 5441 18064 12687 2264 8116 12051 2428 19344 1735 12060 13897 15676 10316 9260 11264 1640 6801 16892 3959 7773 10914 10278
9298 6176 5866 14755 19146 6282 12545 4545 18624 4989 9808 17904 13203 19900 5490 9888 13246 19055 7141 7627 9874 9860 5510 1605 7151 9426
18074 3166 3070 2754 11737 9219 3239 8461 9896 18834 3085 8812 2221 8406 17495 2854 12280 17 15802 2477 16571 6278 88 11903 14224 6232
1455 2108 6850 2430 7296 1544 7157 19697 19345 19993 1267 17402 15920 12281 6255 4268 8394 10307 9514 356 602 12957 19807 19037 4343 15362
166 3499 15158 813 5241 7124 16482 18703 18416 15744 664 3603 13473 2563 5353 8670 14512 4229 7898 14114 4780 19277 4619 18475 5095 1600
18045 6855 16074 3901 3399 15756 2924 14556 7523 16345 17211 7948 19127 4676 16384 9442 11369 16704 16124 15148 5995 5647 15033 11521 17773 7989
12840 5612 15312 5737 16738 3864 15189 6584 4900 4498 12367 79 19262 12567 14048 8287 11108 18797 9119 11087 2509 3730 15129 17610 16580 7632
17190 12479 1068 18709 16883 7855 1574 6330 11652 438 17605 8606 6404 12614 4480 9858 13732 9062 12742 9524 4264 10276 16792 17465 12008 16386
18189 14378 16349 2409 18428 17651 779 17646 9408 2565 3983 19424 18558 14249 18104 19312 1850 11288 18708 16672 19802 4020 3387 19091 1926 10598
16501 5703 18637 6367 15903 401 2774 8086 4850 9600 18461 11846 17232 19394 3249 11260 8036 5928 7634 2595 15165 7928 19859 1618 6229 1978
13803 1112 19568 7671 15269 10643 9073 18819 2270 19153 16724 4823 345 1388 14759 18689 4198 7329 7671 16250 2402 5909 6589 7009 19891 15871
19275 18742 9613 13867 3986 7310 16249 12021 9122 10497 11724 1311 17378 17952 2397 13141 2294 18854 17013 422 2520 1339 8502 9830 9135 3006
18104 15131 10935 10727 15703 12696 14050 16389 12111 17122 7060 9460 101 15472 17943 6628 12131 6761 2704 7737 9050 15181 18396 9398 13081 14747
5689 11670 7194 14058 2966 4494 19887 16898 13703 1850 11336 8756 12494 13573 3898 9095 3311 1155 7757 1909 11753 4461 17643 11492 11224 1831
5131 11358 7484 17749 14727 5835 6030 5538 11145 13787 15372 10851 16343 19480 5300 6180 13214 8004 4864 10795 14774 17285 6251 9807 5762 2418
8358 17964 3454 1164 18546 1067 7936 8115 18906 12191 5981 3589 11195 4047 8031 6105 17023 19235 16314 5980 4995 9496 6036 9402 9457 9024
15662 1978 5457 9927 4583 16815 16612 3173 1311 6274 9412 2374 19385 10064 15492 5147 16887 14704 11908 9862 7156 10979 5173 14708 11558 19268
14068 16312 5750 17718 8020 18310 18559 357 14772 18267 8379 12772 17825 5285 17652 776 13546 11152 5035 15198 901 371 7438 79 6066 8389
10982 18601 1888 17887 9918 2062 9253 10797 15350 12862 2986 18943 18390 6573 14673 5125 1448 12122 2782 12833 7759 10687 906 30 7611 7264
1992 16530 8272 12247 17145 15438 17533 7152 16127 19810 10200 18002 4319 16517 2073 10483 16990 12685 9256 18709 1058 2382 14045 5060 3146 18303
19232 8082 7963 2547 1226 14507 19754 15182 19412 5645 508 8129 9991 8784 1935 5378 14166 17836 9015 17192 14115 346 11205 1555 16766 3616
15283 3546 7059 15969 2238 17877 19620 10022 16567 5821 13157 7333 19494 12294 4192 9405 17569 14520 19703 17460 1731 12430 13596 12403 812 2828
844 6401 6480 12073 11489 13718 17514 17422 10964 18334 1486 17297 12436 7073 12925 8883 16697 17265 3465 1026 9868 10407 3219 18184 9840 11228
11846 13387 6238 4537 8091 6721 10534 18509 4370 8435 14004 153 10942 5171 3523 6590 15754 10903 12503 11733 17864 5903 12219 10761 12141 11484
16232 14085 15252 474 10811 191 10674 19376 17888 13577 10479 5428 7798 18151 4620 2196 2249 19456 12235 8631 9238 18309 13126 2321 16619 42
17527 13823 14610 14154 11695 704 15090 12016 11126 16168 10753 17526 6746 4894 14478 18489 7630 5163 9877 3637 6781 4405 10740 6772 10513 15227
3928 7013 3360 5019 13601 3426 9788 18180 2954 3928 1144 11453 9555 14419 2631 8625 17656 13487 12548 7455 9826 13108 6320 7635 9948 9117
14786 12617 17118 10497 16098 8644 19304 3065 14282 7008 17748 5990 2709 17989 14651 10894 8454 10137 15227 3619 15224 7764 2564 12659 18356 12162
13216 7147 6697 9654 901 16494 19362 7323 18753 3839 9597 511 13171 13006 6968 5332 19032 13905 213 15076 6212 13762 7827 8364 14029 8809
8914 9492 2056 12340 19738 9880 12464 12370 2061 7344 14876 16256 15788 16939 13201 5203 12351 7348 11021 17840 9765 1813 9504 9593 4934 19265
16381 11309 18996 11282 4609 10989 3459 12334 9015 1369 9670 221 4496 5783 3803 3581 3511 8704 13976 10052 15745 16005 5830 18684 17938 19097
8653 13484 2041 1124 16099 11428 13599 2104 15 13896 14892 10333 2586 1788 13509 19761 4257 5493 17316 4561 14650 11278 10619 3334 18117 9239
2929 18973 17924 797 3177 3171 3724 12020 11615 6454 3758 11445 8913 7815 7699 8459 2664 12645 18124 2233 11451 19668 17970 18116 19971 11225
692 10335 16517 11423 14459 9456 14873 6050 5446 12442 712 18514 4620 13775 8634 8654 10471 7719 15129 12631 16299 8358 1900 8579 18370 3838
6057 3005 8244 104 535 1629 8205 8174 587 11348 2061 16904 18577 122 14670 3738 3742 15626 11802 4044 17066 14391 18912 4964 15961 7728
15278 8639 17901 8699 17228 8044 101 18718 2742 4677 9362 12162 14238 4735 7601 14936 18810 15465 8889 16449 2861 18977 15980 14758 5652 15528
2384 19677 10695 19896 17916 15876 11705 924 8911 2268 17358 18326 6198 13452 10754 3548 2134 12817 14646 10994 11443 13842 3156 13583 15231 2052
10181 17707 19843 18790 6412 14718 11188 14415 3819 1075 2534 19614 8398 2055 580 4094 9180 6919 17325 10350 3672 6950 129 7951 16190 2427
18953 6942 17377 4482 8263 7142 11857 5637 16472 4022 15728 9126 13 17597 1646 15916 14013 3369 1210 18594 7956 936 7729 14370 12343 5976
15145 1896 3346 14437 1035 13969 12349 18874 3233 11526 3092 13847 19106 19475 4666 17946 18143 836 15635 729 9309 4544 18075 11634 3750 19566
18219 4378 16411 11969 3461 12118 8197 15867 16176 15974 4317 8684 13536 18558 727 12065 3775 9479 7016 153 1259 15260 3733 439 2115 11241
597 14180 3002 17983 6643 9966 11450 10322 8819 9168 19353 10887 879 9380 10102 19151 19283 19415 12427 9548 2385 14608 6340 7145 6272 10778
15481 541 1758 16956 17081 14593 12643 5311 11716 18106 15753 5643 11059 12844 2735 14997 369 5165 1247 18947 16240 2623 8733 9672 13894 14089
19723 12037 5553 1860 8638 6723 13087 7009 19548 750 5816 11474 7551 11011 5185 12366 17235 6847 1094 544 11520 18951 8671 7291 1914 2310
7542 13836 14644 3518 3046 12796 8016 12869 15638 2393 12324 9051 18176 10137 1835 1774 7763 17894 11484 19171 4711 6079 11306 3763 2803 1425
9836 15295 14864 6036 1119 8009 11780 17026 2803 4439 1266 5820 6555 7665 1243 1372 6263 14623 9247 10527 777 11191 18987 11851 1602 10520
18388 10532 9724 2138 10475 232 5575 13611 6063 2054 9671 6741 9863 16954 15197 17122 17112 3049 11249 15953 9288 13613 7297 9034 14988 1386
5074 10636 6290 11499 3112 17163 13828 6487 12663 7720 704 10443 4550 5654 16007 13891 15730 1185 14932 5275 795 10966 8139 2250 1393 4742
16173 2368 17746 3698 2121 8221 9734 14179 3899 16998 1324 3283 19564 210 8521 8649 14887 7928 12120 4201 11823 5762 939 17761 2413 19789
2503 7243 15706 5455 11585 4426 15610 13577 4934 4859 17519 16313 17880 8292 16573 7909 18218 16308 5643 6071 11010 7124 2690 12602 3755 6662
1921 16176 2869 7263 11707 4064 18850 10037 5021 13053 5881 527 16424 5694 17730 16223 9329 9095 9969 15609 3856 5792 7454 874 13403 15418
5686 1676 11429 12274 3911 1690 7218 18826 10557 5750 19487 16572 16377 11506 147 15136 7433 15500 13906 11586 1853 17017 4557 2724 18329 120
18755 3546 18531 6377 14146 18914 5524 1021 14981 2213 4044 10071 6872 6127 18650 15739 6324 1080 1111 16639 14396 19167 9250 7867 2633 12894
16575 17709 570 15095 19263 13956 10619 2695 6048 2779 12998 3829 12695 15580 13936 17155 13896 18755 18617 19126 19837 11989 9660 19211 14307 3289
15965 4666 2990 10708 17567 4545 16041 12338 14301 19675 4207 1196 14562 17690 18079 16131 14444 17029 10807 19285 3780 18361 15292 18670 1687 1949
10898 10858 9780 7234 19625 8490 13324 2565 2760 11118 2841 5118 8064 14575 19837 893 14412 10513 16449 13822 12837 17918 13074 19258 11916 17099
3086 11856 1229 4024 5771 136 17968 1512 1412 4448 8294 8903 17737 10960 5395 9462 10312 6733 10416 159 17107 647 13213 6367 12721 6907
521 2760 9434 8150 4558 18251 1493 19113 22 15125 5766 9811 3679 11462 17023 11991 11789 16009 16082 4138 18182 2572 8237 2715 5367 4223
8341 19108 11598 19820 4100 4874 8611 15229 6127 14855 8286 8507 1392 6226 8434 12347 14251 13811 6995 18480 9924 10212 7917 9784 5293 9946
18490 8505 19367 15727 13276 14396 9892 14079 15852 119 6441 15937 10594 4227 18564 5897 3301 16182 3028 19267 16825 10621 6794 5096 4173 11940
6192 1941 9453 16744 7776 14687 14633 18512 6263 9893 12393 6523 13352 14825 4388 16657 380 18102 16596 13131 4896 5714 1442 5030 2648 5765
2037 14610 13991 16460 1150 17540 16710 2723 2631 17181 4092 16707 6824 10587 5573 715 10290 8067 18315 18981 828 17821 15285 542 13556 17079
17757 15483 11703 7827 3692 8709 8779 1965 10340 15336 12030 1765 911 10036 656 16872 9384 5279 2442 7859 17843 10064 353 3395 15983 7884
14095 16899 2686 1766 16553 16552 5564 6951 3786 18199 4720 15383 14458 1640 13501 17839 9310 11793 14049 6477 8284 12178 12281 14494 14862 16310
15498 7429 19476 5458 15048 13838 9179 8105 10472 11403 1579 19458 16529 14650 13864 4181 6748 6013 583 15181 6511 11000 13268 17930 7516 16076
14580 15398 5452 18053 2990 17434 30 16236 13752 10820 17498 2800 14054 2677 9967 7580 17692 19494 17894 19703 16825 18478 10519 3705 5251 7892
3946 1710 10727 13540 10250 6224 15749 9925 5565 1629 4917 13189 7132 7474 19145 12194 10813 2335 16988 7466 9448 9015 15342 1681 16469 9375
12551 238 5477 12177 18017 10055 17832 691 17219 12036 6260 1441 3409 3613 12483 17535 3283 1230 15497 5651 549 17391 18699 18951 16546 7166
4895 14963 291 4643 16641 10765 4584 2494 15445 17416 13489 17124 7083 7097 6310 16042 14912 16610 7258 10770 1928 6993 5314 11295 4533 18094
19996 8084 5837 7256 6147 14796 7765 6111 1694 15205 11112 1169 6482 5681 12911 12115 19227 8779 12137 5366 4660 14961 6351 12226 18480 19966
7629 16795 17855 14399 17057 18497 4764 34 12227 19835 19155 3260 4570 16412 5489 11930 8391 1603 17622 19472 17528 5387 19967 17574 7879 2061
3847 19248 4346 16482 2309 7116 7341 17223 7139 13496 19172 12452 13400 8032 2755 5788 2461 19367 17360 11960 10978 16265 13219 18334 1674 14768
4961 3776 5660 5614 4291 4091 16579 14290 13493 4335 9562 12541 19184 17753 12340 2208 11716 18083 10516 13627 0 6902 11452 7962 19341 15585
14111 14644 7435 12264 2106 19941 1743 8332 6739 19832 16073 14880 4256 2388 14547 17489 14445 18726 14671 19952 10011 18543 16508 16507 2732 16541
12570 8890 1158 19614 9263 4445 13515 12709 12593 1060 16411 10292 15901 10839 4505 2305 16317 6913 7323 15437 12554 15728 15122 1405 4745 4085
15119 15266 4624 1633 8294 3638 10153 4046 2092 8067 17336 16352 18065 15203 11204 14750 13601 7847 19988 15915 17215 13910 4934 5911 1539 10329
10861 17495 12128 1988 12094 11674 11041 125 8740 8472 6241 7363 3446 13824 16983 19406 18554 12245 18842 7365 8384 9009 15382 7428 19285 17335
6486 3967 9591 16513 17141 1032 7405 1876 18177 17405 8583 19612 13787 6724 19794 4669 13997 14664 16128 16104 6412 9885 1210 4630 42 17286
1944 15146 14282 18046 12234 6630 6805 993 3968 4442 4125 15397 2546 2020 17202 8510 3353 12310 1523 3756 318 170 16375 17832 18408 17764
1207 4363 14339 13718 7312 8808 3305 12292 5369 7222 10917 7757 19907 14313 4675 14219 19677 272 18523 2164 3010 19750 5314 9311 4392 15790
2912 4278 19030 582 14572 12704 18041 18862 17845 9200 11047 13652 16261 14968 890 1257 2937 14805 73 4893 1346 9294 16339 12409 16395 19424
14409 444 3223 1388 9960 10890 2847 15694 11130 18357 4057 1732 13130 11009 14780 17261 1299 3503 11193 4949 6083 15450 7215 12632 9563 15006
4319 16358 515 19630 16934 6036 3618 5996 1895 16673 12411 13490 6506 4336 16210 18481 17152 9366 2059 17300 10298 14746 7657 16671 506 8663
3552 5272 3166 3631 7855 3782 14077 10168 1793 18943 3152 13128 7765 191 3594 4410 13692 1822 5009 14851 9969 13041 6546 2969 8270 5343
17559 18583 4201 4879 13932 16292 5007 12688 16281 7779 9434 8712 17656 3941 18103 6664 19038 18516 13092 5138 3422 16575 10215 8627 3867 6768
15366 3660 18134 4382 15670 3092 11043 4309 4352 272 19832 8221 19277 1177 14880 4542 14208 8651 18368 11050 4237 17720 11635 8124 10308 2902
14388 7062 17571 11136 14653 5971 4397 6123 17495 17780 21 14739 19829 13823 50 6705 4355 11179 8221 1051 15973 11087 14579 8771 16153 6981
8545 3761 7439 17113 9798 6510 4488 10959 14330 10976 4019 15668 9714 4078 9321 16773 16976 10758 19925 12596 459 15394 3360 13520 16793 4423
16933 11688 12518 11082 18637 17824 14678 19634 11375 6116 7710 5735 8646 10202 9152 17062 3298 13946 9822 657 12808 15642 7954 1508 5893 4700
8315 11864 4733 8093 7118 15852 17219 6603 19674 9963 15727 10501 146 8939 17019 10294 17723 15079 18827 17558 14209 4937 2020 5660 16804 13844
10707 19412 19269 18193 5289 8151 9032 13349 15509 7280 6279 8763 11769 12209 3852 11817 4667 4807 18723 7106 6940 2626 2021 420 2883 13877
7216 18262 16432 18460 13849 10292 18190 6405 18331 9610 16762 9090 13769 5290 18763 8087 10816 9455 19299 15171 9073 8639 12680 8602 9826 17826
3224 4967 1201 11436 13201 1781 13554 4150 55 1201 6510 2769 7628 11371 15908 4532 4222 12462 44 12542 9963 7605 8938 14371 9339 6024
11154 4188 8809 9308 18562 6846 8325 6468 2545 13066 10596 5417 5148 17279 18116 7592 8883 4084 15774 15954 2807 19588 14030 4259 8643 8934
1073 844 18640 12772 76 1282 17578 6451 2785 7777 12263 17527 13779 18261 9270 156 12026 9178 9390 16376 4756 431 18283 2056 19834 13289
10772 1875 5916 9134 2360 11403 13603 16532 847 16544 4827 11500 16587 16279 9367 10461 10417 3789 6733 5022 242 1584 16784 17801 8170 1744
19967 9338 4278 14256 19008 10228 83 10959 3083 11204 16849 6559 18307 16860 817 12424 19526 13170 17042 9493 9665 14727 17676 1665 15292 2535
4208 15501 17358 8446 14170 13947 16335 18078 1229 8331 766 4376 10399 11609 3512 4231 15329 4596 9011 9273 6400 7893 3073 6962 18725 9506
7035 2333 8529 12959 17780 1814 1982 4367 3205 11232 6595 4008 9435 16794 18160 17432 18367 16542 12872 17579 1385 17250 17086 15455 19544 19012
10206 13325 11413 8943 8479 14540 14338 17439 3576 4385 12509 11168 4585 13097 8407 15319 7147 1552 168 16318 17424 10497 12225 6242 10087 7043
16261 19467 16022 695 2625 13982 6624 11081 18876 16889 1085 9796 17221 15028 19926 5125 12459 11064 11839 2668 6466 17866 14065 11675 14122 4064
11694 1706 18010 7943 10539 6199 16774 18133 1338 17443 10540 16650 14014 19966 15934 8327 12293 12494 15606 473 9525 8588 19120 9379 13645 4553
18622 15657 11875 15091 19233 15609 18686 13062 18673 14785 2756 7022 19256 8717 8785 6666 10069 8281 19906 17953 3972 1971 13810 17623 8837 9989
16328 7757 152 9550 11617 18210 12839 11817 9749 11303 5602 4754 11189 15271 5845 1764 11965 15821 584 18792 14106 17550 3151 950 6154 19019
11570 4783 14856 1290 12147 1160 5635 4930 15435 10908 2012 3696 8031 5389 4858 15444 12745 15286 18699 18251 17008 18958 4388 14740 14995 8280
12194 15884 6223 11127 1020 8052 10120 11144 18869 11736 2993 14698 17486 6523 17923 17477 1289 16086 12279 12633 2651 4531 12836 17533 3552 13374
10094 7598 17041 2405 11760 3592 1802 3291 16786 2489 1351 997 17810 832 19364 19707 19537 8156 2546 16457 12104 9009 7105 14058 9586 323
4990 6223 3724 4983 13109 14345 17100 16552 3613 8623 1642 4650 15879 10923 7289 19325 16894 16650 576 16133 14675 6875 13943 18424 7593 6692
10446 12179 18643 4075 18927 17168 19168 17232 8598 18529 912 15248 15526 10114 3345 9160 3393 4651 19086 14800 10033 13760 16370 115 12145 8804
2083 2910 1790 15180 15919 16225 6731 10157 4142 12236 13242 242 6882 15678 11221 16270 4964 9046 903 15598 82 9179 16992 14701 12739 15248
1268 7719 11552 7892 4859 9611 5319 4107 12204 9449 9300 19562 8830 14969 16876 1112 14626 5430 5415 5605 9890 14495 3069 1841 10193 15742
3194 10317 17421 11397 16476 16973 6363 9323 17155 6536 8713 15216 12457 1639 16351 15059 15000 15810 3482 15854 14207 13134 5508 16279 12848 11148
3653 984 3958 1625 8352 4229 18970 11845 19313 17949 14392 7751 12227 2467 8148 11933 3485 7397 12389 447 17780 4462 2575 8748 13750 3514
4632 14044 6770 8373 10526 16832 19721 6194 14643 3236 1813 9517 18014 15431 3953 15834 19593 10431 16237 18418 17661 7989 10972 6944 369 8481
3388 838 6878 12436 17800 5260 13442 78 17017 15799 10032 19845 5400 1086 16207 5362 13787 18998 19193 18391 1942 15250 3551 5682 16837 15481
10266 15011 13163 6931 12487 10906 2244 289 19154 19112 15700 8177 16277 7504 18323 5355 19200 252 19253 13529 2713 4750 6480 15322 4902 13401
5890 3285 15145 1878 18053 11248 3616 10716 2116 9253 10964 7494 9734 7282 12252 2765 9356 1789 8028 14844 9312 5980 8886 10971 8427 17764
18257 13418 1890 9097 8711 16566 12977 9762 14059 2306 12496 7504 10404 13751 340 18737 12261 11780 13687 10825 2126 14665 2768 900 8552 18665
2622 10389 11718 5798 10341 16383 2528 10337 18066 8738 18518 17339 10957 5702 8825 9510 4316 18842 2337 11705 11277 15819 19448 141 5797 2555
146 12694 11954 18292 10000 1825 9703 15488 5840 19897 5870 17247 19494 4407 10357 11012 10232 9880 13890 7501 15331 12169 7739 5488 9752 7183
8981 15074 11589 19250 17988 14131 13445 5860 7016 3219 16050 7824 11786 9079 7299 6069 3916 13966 15152 6070 16664 9013 15181 10386 6746 6359
6576 17016 8460 14921 3747 6853 14603 7777 226 8234 7488 4914 13420 11264 9270 8182 5178 3981 19592 13125 14655 17557 15044 16234 15524 2078
14088 5420 19310 17560 18735 13866 17655 11758 16138 14967 12976 10910 19337 12068 14878 9447 15763 15050 16700 4261 12971 16157 12838 12220 15931 3838
3163 18061 7523 2756 6197 3070 3943 9800 4120 17612 6759 12899 13894 6260 18175 17957 14757 10415 2912 13415 5270 11792 8481 10927 7270 8499
15429 4450 19698 4748 1794 18583 2960 7859 18931 10302 2432 4432 9641 18825 5117 879 17036 18656 518 18553 15082 3810 13322 7521 5452 9859
3175 8377 10148 6399 15061 8891 5983 19614 12679 3310 8446 2369 13178 10651 19657 11483 12718 19332 839 19393 11472 13508 8678 8458 6628 1252
6632 8896 19426 9338 3384 16252 2333 17902 9893 5675 9378 6159 7629 19748 177 4522 13739 4119 9603 17765 19102 15706 10954 7185 14062 8279
8513 16021 6408 2285 15291 8548 18719 16297 8190 8939 6567 14377 4839 19303 19837 922 7608 918 4980 14628 8179 5792 623 12303 9652 17195
13568 2931 12417 13208 15741 14632 10478 354 4121 3428 7710 1204 2558 2643 19885 12616 155 17390 1944 7215 5078 7514 11938 13391 14377 8238
107 1502 9643 17627 4509 1514 2879 11551 14331 3591 11355 19055 12395 12669 2276 15600 19393 13836 15391 18011 4595 12585 14355 17163 19393 13152
13878 19222 16179 7038 13581 6508 10444 15070 11279 6284 10528 7057 4860 17077 4097 3973 7996 19125 1399 8104 8429 3059 7720 7627 1977 16520
16482 18074 6461 7238 4037 13566 12242 8827 5524 16157 10261 18921 6098 7833 18428 4066 5116 3580 17886 10333 10562 13365 17235 18377 8936 8394
3270 17627 12203 1826 4120 11414 19223 4480 9656 14816 4112 14147 13985 4412 9200 7508 18090 7559 7966 11175 11662 2159 5797 18244 13422 15233
18199 3644 2032 16345 2251 8777 13 12575 5700 15854 18558 16228 2098 13389 12807 4442 17500 14248 19841 4021 2600 16088 16042 2036 3730 9837
6663 15724 16447 6296 9348 6803 9623 15758 7195 4169 16387 16088 4627 11670 13853 16104 4699 13887 6629 3451 1042 14585 11098 11968 4157 11368
9037 3599 6129 15058 11796 13669 12415 14336 19744 6881 17445 8169 9171 14124 14088 16204 13333 6587 14786 18613 15913 7522 2551 12620 17246 15075
5977 3980 9247 19968 11811 803 8329 9526 12712 12309 14633 16313 8062 5283 3452 10238 1399 17115 16195 11144 5459 13817 14534 15821 2679 19011
8656 16327 4406 6723 12760 12698 3276 14729 13779 7125 19237 18552 17785 16071 10010 15824 3129 9548 18600 12423 13357 1882 11546 16466 17838 17943
19226 1905 9177 16085 18361 9779 8235 19139 1236 19680 7190 3410 17468 6820 17549 5476 3615 16955 11767 2022 7075 9161 12338 10830 16852 18232
7239 18992 19464 12032 8658 10867 2374 16128 17775 8851 14495 5709 6917 14985 18991 18563 859 12119 575 15955 1086 6982 10903 14507 16053 6499
4764 2299 17168 9991 2744 14748 16039 3078 14544 17436 12012 4919 16726 10654 6136 9869 5059 17194 8824 12360 15040 2333 15263 8614 3432 18392
9174 3308 10720 11956 4569 17391 17222 12374 13621 15118 4097 13147 11922 17837 7863 16104 7114 12085 16228 19974 16967 5601 6474 1053 10357 990
19166 14274 14572 10015 2553 4231 17970 10839 10391 17571 698 11292 5700 17728 3974 13155 10910 9390 19637 19506 19884 18888 921 19464 5412 3232
10905 12521 2211 8658 3476 7250 4259 790 19640 15097 9798 8691 2184 19764 14456 10950 1655 3735 4730 17376 1439 13999 14613 3452 14821 16599
33 18068 19305 7636 16979 11181 13817 5330 11411 13442 8849 10088 18879 9667 10520 15909 16838 16593 18021 9848 11048 16589 11308 5217 14931 13450
13038 14257 31 1884 12686 12155 15050 16229 3388 14070 18515 18617 12156 18608 19641 3543 10747 716 5792 11201 13184 11356 3361 8437 5619 6170
14725 16738 11318 9581 18729 4970 947 797 9483 7035 17547 6556 5694 6389 17432 13478 13127 3974 6175 14514 4468 5210 12761 15333 10441 19528
15156 10017 3423 19464 19843 12749 15862 6518 9341 631 11497 6039 8842 3142 12692 6172 16567 18087 7698 16910 18037 17693 799 13298 11835 1930
7121 772 19634 6381 752 16479 12074 16530 6443 8458 5428 11920 18084 15480 12484 9369 148 4838 4432 15627 12861 7779 5086 17030 19282 8330
6100 15065 14525 9703 12237 4804 4376 16361 13286 16711 9403 4434 16495 18013 11851 14660 2672 15935 5216 8188 9478 16171 9799 18154 16071 10276
11478 11219 17774 1797 7443 17556 16538 7700 12471 9056 11938 17296 4792 1693 12688 14754 4731 7128 10465 19789 2336 15428 2011 9204 4716 5605
16807 17841 19409 15899 16494 13617 19351 13367 5742 16982 11032 17500 5936 935 12911 14625 11498 3502 14249 18445 432 12195 1083 18057 18764 11058
1295 7455 19104 13755 19540 3947 5773 2800 150 10951 15481 16788 11133 7469 547 15645 6420 3946 14400 17625 11529 15094 1110 14534 16264 6910
1897 5068 5882 17366 17932 17973 10330 11494 14082 15463 2692 4112 18543 14094 1875 10247 13652 12624 18291 11760 18676 266 19256 6743 10094 19620
4437 9167 15513 11829 1232 13286 11215 9954 11517 15683 3150 17657 2893 15746 11636 13671 15205 19748 12560 16793 14497 9517 2022 6999 8341 18442
14193 19318 19622 1181 16390 13045 4946 19027 7832 4762 19244 14580 19932 420 8145 16874 8159 10800 8839 6118 3123 12898 8873 1936 18615 143
13312 5166 18955 16914 10045 15798 19011 17364 17073 14435 1206 9697 7751 15507 17005 10196 4945 7711 7552 7143 11620 4606 8992 2041 17632 16333
9978 9811 7844 17424 9325 1825 7738 3286 9060 13559 5197 16480 19341 15169 6148 12933 8196 2656 6165 3515 13368 8803 16040 11271 12254 13560
8398 12402 19763 6832 16088 3419 19454 17724 8428 686 2835 15553 14322 5575 2791 6833 16760 509 14455 9407 9597 4262 4963 5096 7426 14283
15120 841 1583 7283 4418 10812 3684 6795 19380 4908 6152 11491 10744 1951 19286 19517 12122 6680 11906 6421 17252 1379 16315 19581 19307 627
17822 3140 12740 8444 1876 8038 17242 2752 5949 10918 10945 19116 11896 4215 14831 767 12117 9862 7477 19748 18807 375 13752 14292 5362 8460
19486 220 8450 1469 9174 7609 12468 10321 15171 9947 5545 10906 5618 15021 19203 16598 215 1025 19463 8068 11949 8515 5054 14292 18069 10664
8517 16747 10199 19124 3018 15536 8149 2098 13516 11029 19023 2663 18016 10028 5887 1788 3326 15467 4503 4408 12683 3904 14792 9243 7681 5455
226 17689 11719 7496 5266 6855 6122 10492 17296 12841 18606 3557 14958 15619 16392 11536 2414 8552 1236 1543 1341 15757 8663 9258 3560 15803
263 9115 1793 11314 16051 3059 7237 9875 17857 8916 9105 4972 6991 4808 18704 6749 15378 2922 15210 8817 10960 17689 16901 9988 10170 14951
10782 8350 17073 18642 4630 15059 1327 4204 19511 9120 9827 13923 6439 3484 7394 1905 6587 5962 4578 18788 9981 10781 13124 4711 7397 19592
9001 3366 4074 13824 12673 5447 1623 2876 6065 3825 14777 2182 19728 17681 14452 2157 3745 8122 14812 15488 1702 5376 13584 16693 7759 14913
586 13753 746 221 12398 12356 2408 1738 19550 12277 5253 2403 13549 492 16351 5799 13821 17722 7102 14561 13900 17261 18554 6143 7170 292
16249 18983 6834 19694 830 11410 10964 9442 12868 1450 5565 15366 16600 7913 15418 16322 5009 13815 5866 11289 112 2556 4907 2657 5365 558
19935 16777 1986 2510 9355 3464 10270 12828 17592 13258 5701 9848 13951 4812 1671 12349 5383 10075 638 7702 18437 14185 16149 350 15158 615
15384 2745 17043 18168 15953 12622 16454 17031 5499 7481 13952 5973 13166 16891 18446 572 342 12681 18811 11332 9537 19271 2183 626 13845 18219
12337 6958 10788 11864 17966 13033 10858 4954 17454 12873 11415 1754 3597 5971 2773 1730 18042 2901 4675 11441 14000 1045 11186 17124 18685 2133
19273 10405 2970 17840 3185 11496 2753 16919 2271 7325 5596 16834 14159 13436 3273 14809 16020 4868 7944 5846 18977 10164 4954 19857 11520 15453
15940 4708 9504 19559 18295 16678 17697 13448 8298 913 4112 604 14055 10737 12425 14125 13539 18711 16042 1925 2400 14611 19400 11946 13732 19971
13088 11230 13186 16152 14387 19608 8108 1042 13108 890 13517 17975 4193 15840 1613 15081 4815 18694 9119 17725 3044 8150 5239 2154 10272 14052
11263 15748 19885 11151 7202 11089 10284 233 3519 14080 6409 7216 10918 13849 434 10322 6917 7914 13564 1676 13888 11101 10529 5298 12130 15288
9974 14525 8198 18028 15964 13308 3562 18827 1039 4199 6802 34 12801 16833 5809 9752 15449 5699 14776 3414 15412 2060 15899 8657 1787 6962
13068 17135 9932 17450 15162 5448 6738 10689 415 6197 19639 4605 6457 6293 6967 871 12685 52 6656 4799 4288 854 18774 39 12600 1811
16599 5237 7576 1718 7144 11987 2873 19331 3798 3075 18682 3652 15166 8580 3945 3356 1446 3866 2609 11852 8140 16668 11739 4594 19031 1526
6705 3251 1584 14272 13849 14684 17462 10496 1424 13614 969 870 15760 12208 1293 18348 15863 18180 14165 12100 12238 18720 13788 6710 2877 16398
17434 7914 17071 10392 19855 19137 6109 10340 14092 4034 14144 521 10555 10938 18651 11735 18732 8231 811 873 17107 2419 11692 716 4433 19557
10346 2163 17211 15271 7991 16358 5500 12672 19855 7911 18531 15516 5383 12910 11880 5390 10908 17783 17565 14991 11624 1983 19474 19148 16851 937
19254 9679 4479 4158 10668 19457 14154 19929 12498 9746 3802 16200 19880 2190 13202 2029 11925 7486 14104 4120 4430 3326 6189 12079 3339 16324
11549 10766 19573 1886 13490 9605 10308 1448 14548 1955 5985 1074 18883 2054 14550 11135 15100 10443 3913 12522 9194 10525 18384 5949 17938 7839
11688 5970 4594 12472 8704 7092 17516 16006 17074 12904 11016 15092 17388 10125 11066 14140 13100 4408 12662 16806 19978 4848 8569 18527 15148 3430
16476 1246 4163 6987 5113 11133 9235 292 3250 229 9621 4485 17683 4554 9178 17598 10773 17216 17365 1281 3708 13785 10964 2019 9332 14650
11992 10527 9236 16713 6778 19171 11233 17281 13275 16315 17932 9341 17033 19033 10434 14893 15053 10593 2848 6144 5798 9582 6753 13915 17236 19774
4538 11825 2536 9679 18136 7042 16557 13896 7782 4810 2152 10408 16090 15212 10144 16680 15915 12499 6007 3993 18022 3000 11463 17036 3238 3869
5516 11378 359 11022 16721 17086 17512 1807 14199 2604 9388 263 2269 6576 2224 18839 18222 1050 19898 12257 14772 17474 18281 2670 2840 8521
7220 104 16750 17618 2424 12631 8451 3611 9263 8981 11000 11085 11546 17145 10569 17466 879 12112 11375 17647 3398 19700 13642 9864 12763 8598
13610 17682 6099 17740 15753 12608 17399 15114 382 18005 8336 4459 18499 1822 571 16220 15571 11785 7608 12980 13702 6474 3612 125 19706 5342
11898 5298 16908 6245 3925 8332 13547 9222 14760 10591 1590 7668 1199 15514 10514 7083 3408 8795 3542 4608 15847 17626 18542 7056 6276 16633
6770 16901 19056 4938 8076 5547 17777 13342 10112 1705 5201 11605 19259 14127 15960 17698 6908 9402 587 17513 17966 1756 11231 3877 1575 16866
15986 9134 10421 8946 6170 7180 6429 14554 11775 6667 13946 1140 13956 17320 2852 9267 12558 4212 3106 3565 15122 1141 11999 15820 3376 17944
