365
21 54 65 100 56 59 61 53 78 75 25 72 50 87 4 2 74 86 87 65 13 93 56 0 100 54
19149 3732 14577 10063 6250 2821 732 10172 4035 560 16971 19826 13437 10892 8383 14702 7028 10721 19431 1759 234 16759 13558 6985 12517 2749
5285 15106 16882 15205 16826 16194 3696 6014 14110 7837 4163 8645 10039 535 10567 10146 19551 5249 521 794 4612 18020 4497 4826 7852 8272
4654 16094 6778 10907 13405 1033 5019 19956 3164 15554 13120 4136 4675 15841 15844 19421 3187 11695 17832 10848 9024 14074 10709 250 5640 12866
10598 4839 14369 16538 2087 515 16068 4440 15740 11196 1067 5395 8642 7259 3127 12842 12131 16457 13628 18211 10363 15286 17297 10634 15449 16474
18958 9326 2061 12938 5529 15697 1632 226 14463 17038 18546 16686 4182 9191 15700 3382 5301 3223 1309 2325 14509 8519 3064 8241 9897 17709
2824 12545 4351 5588 5629 15626 4985 7152 17722 9029 3157 19796 18304 3365 3332 17281 1800 6086 13677 3931 13899 10630 3256 3807 12817 17203
6321 15230 3453 4258 6409 5962 5193 3879 15109 14904 17041 6750 2741 2629 13368 16179 8449 18680 13431 16077 17321 260 14306 10279 2242 7918
13868 6472 14344 13479 18948 6098 7597 19955 11101 8346 14946 8763 10931 2801 19075 3809 7448 11176 12559 17969 9310 17252 1019 10746 3491 2205
7847 9258 2482 15424 15203 14740 12421 1167 12412 11730 13084 322 15733 3485 1622 14211 1407 13608 2193 13566 16200 14009 3649 5006 7838 15504
8660 14653 17199 11512 18241 1755 8726 12406 412 7245 17522 7892 11181 10058 10569 5170 6415 14788 18850 8685 4741 12911 4860 10328 11284 11908
3813 14219 4913 3229 3877 5953 10894 13060 5526 14901 2927 10978 17542 3892 3320 2679 3920 8480 13171 8147 16679 3095 6422 2080 7473 8607
4394 4122 16508 837 7874 17782 11238 4096 8029 9134 509 3255 12195 10219 8870 16903 352 2020 19487 1709 13268 5076 6788 16747 13115 18314
5711 15616 18394 5239 16115 19685 14339 4617 11790 13789 12506 15480 12163 4455 9643 15155 17119 19806 3298 4682 19053 16422 1036 7575 14477 18638
16032 6170 2262 10738 5634 10737 14861 6765 9614 19450 12444 8384 6619 17818 9818 585 19896 11136 3143 16742 15634 17520 6303 2298 9864 3587
19783 16637 1783 5346 11331 4446 14810 2671 2905 14721 18761 18523 10694 15429 18545 8417 18612 17965 6410 19440 11175 5876 16524 8754 10662 15406
5140 5935 7922 18652 3207 4467 7271 10742 8946 5504 4088 3818 9278 16264 17454 14782 8540 17074 16382 3155 13423 11974 1788 15008 6304 14253
1125 13965 15460 17212 3019 6642 9858 3224 19074 10275 5969 6725 2083 11239 1767 16447 7404 7268 14091 12960 15002 15561 19271 6990 13431 6041
14841 15893 1319 4308 15364 6305 5518 7926 19237 15864 13396 16438 14899 11852 12491 14799 6018 834 769 3180 3400 1645 15029 8037 7428 4549
12948 15516 7272 1394 3260 19485 13156 14723 4627 17607 14049 505 16543 10359 6377 15330 4313 10021 14099 14860 15652 8131 2204 2123 19577 17916
14343 10997 4540 514 15678 4111 16357 14817 14624 1743 14857 4099 19332 4566 18920 10944 15074 18742 136 15100 1494 12745 1098 19604 15551 13464
13471 13750 5989 369 1371 6893 3918 6171 11288 16646 342 9178 8477 1111 2896 5014 3288 12632 4269 16944 4520 1824 19655 15506 11777 3410
16970 6255 14887 13204 11116 12032 9880 13555 19771 7938 7444 2569 3679 18576 6253 8567 9198 15269 9744 7093 10726 2080 4124 18058 19876 16940
5953 19841 2960 11701 13337 3478 19538 592 13964 10824 4741 9574 9506 2277 6769 7926 7994 17689 12715 7298 14303 1783 9661 6356 778 3763
13205 5178 20 19485 132 7864 11652 3361 8284 2055 4792 3193 15885 11885 17160 3231 4426 17212 12935 10938 1057 1807 9847 15139 16595 8329
12865 18946 17678 16455 1213 7725 8750 15440 989 3061 14643 19207 15810 12927 19973 13411 10340 18855 2964 10282 4002 3135 4537 7694 18390 17920
16079 1 19931 1585 19799 933 10633 18673 13287 2724 15022 2959 5811 5001 6803 5603 7882 14481 14765 10527 11033 4299 1985 136 3126 11162
9767 4598 16397 1140 16864 12610 19011 8315 3859 11324 13108 7476 8448 5241 1785 5386 9258 7734 2002 1925 4985 11342 18149 17171 7165 7084
17423 6047 19145 5708 17532 17182 7324 2758 6590 14138 18876 7675 5965 7010 7082 4895 803 381 18652 5620 7275 10170 11056 16301 6381 6313
4277 11592 2681 7935 15903 5907 3745 10144 4181 14664 1904 5411 1157 10472 8175 7018 9150 9187 9768 18550 10150 5643 751 14750 18794 8704
5124 13243 18911 9997 14115 11853 19589 1449 2009 15058 17668 10064 15249 11819 7584 7214 11021 8942 11558 11200 17468 1795 19614 4309 8996 12086
7373 5720 19484 10264 8164 7060 17413 5645 5204 2570 16784 1474 11539 9405 11313 2427 14006 4019 8118 19811 16859 8387 1446 2382 18374 9621
4586 3547 7283 1604 19052 16277 18990 4143 17097 5434 17075 15816 5661 15656 9016 1023 1976 13882 11266 16689 13341 16168 9250 513 11650 1934
15792 6939 15738 18023 18045 1425 16545 3058 11570 3901 18838 8667 1423 12815 277 13421 10872 9592 4393 1018 4385 7503 9710 11346 19963 1185
10235 1242 10387 11867 8343 16033 14353 8079 5749 6736 2728 17083 6255 13837 18863 5367 606 9445 787 1728 3347 17882 5190 2653 4902 6387
4624 10363 9164 15473 6579 8750 10200 7199 4469 14159 232 12981 10666 7746 17756 13604 14663 11912 6140 3792 3643 8768 15581 1055 13254 3239
7564 5638 16240 3741 13926 7550 18580 6098 15630 14439 4045 998 16140 11149 11421 802 5330 10511 6563 4685 1082 2395 13571 8366 4573 10011
13062 15290 5515 38 13204 14496 11629 1715 9364 17587 9740 3277 10589 14580 4979 11106 3835 10405 12739 1502 17771 8165 6233 13102 424 15729
3183 8376 16218 11809 8748 10272 17555 19391 2452 18073 1531 10625 15530 14013 13498 9369 9024 9023 8676 4677 11942 7239 19098 1350 13471 14011
3576 1246 8584 3334 18798 9265 5170 7173 12578 11705 19744 6269 18715 6784 14382 1419 13838 3250 2146 14399 2846 19708 16088 9456 2646 6285
8841 663 7695 5753 9805 2039 6832 4413 5315 16947 2631 19959 7971 2232 8893 7714 13487 633 11511 15797 470 3772 10233 12790 18888 6385
13708 10139 1299 9323 17724 12931 7601 2712 6761 15090 7783 6577 9031 12330 7453 7086 19997 5622 545 17243 13294 1870 4221 1812 1423 6898
3714 13360 10051 4512 17145 7016 16431 933 8952 13376 18265 14261 3245 13694 3605 6849 12852 11583 12357 12198 10133 19855 15768 4024 12479 9444
6796 19646 1773 7318 2491 10528 14980 5125 610 10726 3740 14376 8415 13093 10932 7926 19014 5115 9001 2927 249 9859 17177 3918 10909 4794
17977 16566 7188 15906 17551 18031 6870 19835 2541 17189 16919 2053 4881 6560 15352 17444 3180 5749 9180 14915 6981 11312 8332 10800 14901 2107
12239 10591 11256 6522 8029 3240 14808 1473 8285 5493 11553 19377 5443 2559 16582 4512 4115 16774 19647 10090 8098 15408 6783 4150 3323 12095
8684 3320 8410 8380 18322 4700 17743 19468 17661 9157 394 8528 16665 16392 19242 13653 12522 5051 17857 2508 12374 18702 9266 13926 5479 486
2556 9302 6011 11606 10821 2964 3461 749 17228 5195 12066 8492 18451 3752 19421 6231 2316 9967 14838 13471 13474 4896 4691 6882 11630 14592
11549 7262 19307 14192 7362 751 19862 12838 8202 18024 16748 14046 5342 8371 6980 9452 16259 1598 4699 3434 19523 1420 8664 11631 2542 14230
11387 1895 3737 15030 8592 15902 11829 8191 11572 19550 8284 18796 10502 10528 402 9893 10144 18155 7232 12207 10761 7426 8493 17531 7982 14628
14456 15692 8638 798 13107 12309 7853 8341 11643 5419 15879 19965 1814 14746 8135 1232 4271 1265 16330 4640 11847 13138 17228 8001 13091 8998
1777 2148 12981 14077 19484 2644 3712 5179 16808 4068 82 10903 19171 963 11723 10116 3236 1984 4899 11333 14984 19609 17692 2855 9807 3093
3907 10892 607 11571 4760 3829 18852 9739 18022 11476 15645 16159 8458 16640 14846 16218 2369 13185 9767 17682 4273 4161 10159 15514 19338 15178
2849 19845 18856 7355 599 11137 4519 19355 17764 3957 16454 11009 19713 7524 17021 14778 14704 8673 1548 19799 12712 9583 17134 11770 7923 13501
5554 7721 19668 4271 7228 2140 10004 4901 13110 3655 2968 13275 13418 6919 8766 16947 18132 1148 19707 19095 15393 6187 11808 314 3697 2840
2266 13168 16849 16549 10552 8315 790 17300 17491 1120 3901 3458 9714 5215 10951 8685 5339 1580 8875 10144 5084 10610 16657 2375 18813 16497
8852 18792 4676 5651 17139 8476 17374 8767 9385 18429 15250 673 1250 6442 17782 8693 1574 8161 11148 445 17112 101 3584 14174 11619 19095
14360 7618 10836 4068 10315 19296 628 3284 2095 6282 16483 10871 15448 2279 9424 16219 2553 8314 9088 2388 15830 15429 15893 6671 13641 5130
3313 4187 6743 18969 14284 3297 19278 12382 16777 4043 6265 8201 8637 3626 4207 557 1304 13950 15202 1839 11757 3080 15420 16777 17766 6573
11818 10422 974 13172 3087 168 19191 905 17212 3553 17055 4403 11560 10498 16921 11632 5198 3751 13770 2509 18440 5096 2252 19998 14174 7476
2853 8313 10330 8754 19146 15814 6608 11496 12103 16503 7744 9193 15645 6861 14782 8574 13243 10387 10256 12912 13050 16285 15485 3157 2069 4812
15408 13644 16201 15339 1455 16371 11588 4880 19529 2472 12126 7054 16298 1242 3005 15910 14528 651 6151 19702 15327 9977 10613 7404 13741 7925
6443 3064 12205 1033 11771 19590 14485 328 4152 3767 15601 7745 8966 3185 486 6414 7271 18508 6434 963 11646 10379 3807 7823 19307 9298
10151 10684 11809 19818 10813 19324 1752 14208 4931 3475 10693 7668 3784 18441 3779 11918 11395 16542 13957 3952 61 3533 4817 16467 16865 9193
3095 11882 17473 1651 7797 13462 19121 7084 10257 9179 13751 18473 18028 19745 2499 1482 2250 5763 18496 4221 4753 16754 2897 6489 16536 10332
16993 9063 9860 12826 10793 8776 16994 4576 1286 14274 9616 3388 17380 3885 3753 1842 19312 7529 12676 6081 18932 16142 17422 11005 9056 8892
16401 19947 4865 18338 10310 7220 10111 9735 17894 9159 14863 16232 7807 11002 11562 15817 14809 2368 14241 15773 3350 1459 9598 6441 3103 5056
11619 11140 9069 10899 8573 7368 11005 12446 3574 7372 1077 17835 8570 12628 12443 2111 9304 11204 214 11988 2033 7831 1135 13419 14089 13050
17993 4044 12954 16215 19924 4572 11890 13671 2842 3422 2585 6706 7629 6278 8253 2736 927 17371 1060 8613 19983 9644 6175 4183 8560 19355
14440 18997 8092 892 15644 14296 6455 12348 13174 19947 11434 4140 3455 1043 3749 5925 11589 6580 135 8025 143 2920 4216 19571 1498 15144
4829 1584 18121 6989 13813 5354 4268 2679 6340 6733 13046 18395 562 6319 14044 14239 19944 17697 15359 10172 2729 2558 15296 17253 3165 7315
5011 4477 16558 17860 1754 17267 8950 19435 9645 2095 2595 13898 1634 4641 6033 86 4349 6605 4236 8954 15408 14049 7968 8783 49 3947
9103 14587 1383 5753 15003 10226 11762 1643 16515 11399 11647 5495 6854 15729 3898 12189 7267 15277 19326 13635 2145 14552 17964 9189 18680 1390
9258 11541 182 12348 12261 6113 2626 15978 6705 5614 5229 12127 17299 1660 18896 7508 13028 3593 15772 1439 9367 10816 840 19511 6891 240
9116 3730 19351 14056 487 10246 11411 15900 4342 14637 3237 18101 3865 1754 13850 10527 4706 16562 124 6882 13677 705 13354 15250 3970 1471
18458 6512 8019 5125 12441 19735 4770 12800 2005 11240 18190 9739 10670 9773 16684 7674 3779 7036 16401 13526 9317 9701 12524 15997 13692 250
8602 6075 9232 6763 12989 19458 4336 13563 8709 229 2976 266 19617 12796 3575 11534 18898 10199 9100 19174 11326 6300 7132 16530 2269 3525
14451 17739 13472 16863 17019 2188 11378 245 17762 5447 4512 474 16721 3738 13550 3040 5577 618 3892 16925 19185 9974 9105 2100 18527 16729
18153 10074 1897 3288 1999 8678 12791 5221 19448 1682 19787 19762 14 10934 19514 8964 7785 6723 18703 5464 12638 17639 16455 7071 4560 5128
19902 4219 11103 16193 5531 14020 6882 16400 18413 16823 18745 7698 7082 7934 10539 15456 14508 16559 5827 1322 18395 2437 17789 16273 14877 5137
13165 855 14576 10069 9582 2166 16765 1329 15611 19197 13159 12257 19308 10812 19898 3149 14432 12139 6173 15070 3778 8233 2871 14790 16193 6377
8040 17228 13353 8587 2205 5399 11819 10198 8681 10962 16398 4405 2179 1496 321 16724 18508 15340 17691 4071 1597 16469 6813 19880 14652 9407
4300 12933 11684 948 19790 12510 8805 8777 12269 11684 14436 9231 8727 19896 2921 7038 412 13102 7289 5373 14348 3996 19120 11674 6629 18359
14056 16120 7468 6591 16747 12491 4483 5968 8985 10139 19953 1728 8233 5195 10933 17857 6690 14764 8493 11475 15639 6727 17759 9173 9866 8045
11451 4532 11725 9108 382 7864 5922 17430 8268 6556 11729 2452 15083 15129 16465 17365 6247 13163 9555 5123 13560 1003 18875 15756 5424 15311
1246 13667 2925 19431 8249 13440 9608 872 2522 19958 11042 4286 9738 5171 16375 14010 17586 17560 18270 7663 14955 5775 3419 7489 19085 17671
19456 4293 10020 17593 16943 2537 5048 10574 13189 3408 5086 2378 19802 17401 2619 2538 7733 19239 502 17901 15526 9357 452 3019 19230 15761
15292 11864 10156 16244 3167 6292 13040 512 16592 1722 14038 3423 8421 1034 18844 1053 2416 7385 8325 12402 18629 18520 12338 4372 5095 16809
9788 13026 11061 9891 7278 14456 6733 17114 5586 16429 18658 6974 1232 18231 1258 5246 8745 3768 5794 6745 4234 4017 5101 16667 3878 3389
18945 17789 7198 900 17789 6288 17112 8155 6748 6590 1142 5763 346 5122 7980 539 18109 5482 13837 10021 8608 10013 18375 18610 3417 7590
18792 18470 4007 17854 19784 7567 19488 6383 5319 12727 2389 18677 9055 17256 9545 17794 5039 14858 4990 11414 11881 12505 2422 1093 17243 13325
958 19673 17772 3842 11611 1210 6709 13196 6286 19315 2216 11469 7180 15947 14743 15600 1306 6097 2742 15726 9686 16425 14682 8079 16615 4442
4263 1471 18504 820 5126 9518 12585 11414 18318 12617 6344 12675 17739 17767 11404 15720 6078 13493 15645 3357 1843 14686 17734 15075 1789 2699
18417 7289 19496 11717 17314 3002 8128 15106 1001 16850 8268 11056 18692 18979 15491 1770 1586 14462 8663 18475 9741 11305 13862 19843 17274 15444
19005 10547 17827 12163 10460 7834 16337 6754 10314 14748 5443 3196 1226 4295 6329 18265 17451 18511 9839 4615 448 4213 6627 18027 13738 13755
183 2293 16408 4331 4967 3064 15355 6839 7602 1171 19002 16929 12629 13863 7541 13548 10088 16578 4020 2350 7662 13455 17589 15751 11724 2419
7346 8383 13130 18499 4425 10912 11486 11645 14172 9279 13864 15462 8961 18279 941 19227 11859 15749 4821 8614 16898 12813 4463 10386 14176 11666
5527 14415 17396 12272 11907 11197 13147 8190 9816 1501 4496 14636 16716 18874 15032 12269 15570 19461 10512 16565 14495 18330 19517 215 3265 7858
16659 4304 5078 18225 13724 772 6586 864 5986 16200 3019 7033 16407 6721 7281 2885 10320 4347 8527 13411 19601 802 2091 6543 10283 13612
4197 6717 14046 2219 15504 7708 2489 3775 10859 6473 14236 4295 1453 15244 2103 329 1882 2537 359 3006 17592 463 13457 131 10138 69
104 15398 5402 10259 8201 16846 8780 7909 9818 4396 4738 4998 1217 9637 3136 8115 187 2846 4896 16940 17872 14201 2790 12363 10546 19657
5276 6279 19025 15999 12631 19390 6274 8350 7687 13320 19347 18195 1599 12594 8612 13003 6643 16099 836 9270 10215 2734 19614 1309 2848 13364
2768 2749 18336 5477 1160 14657 7834 7014 10719 8495 17628 10432 409 10832 19906 2375 1198 17384 6110 9395 19460 15228 12858 10302 5605 2704
13710 5121 4366 16057 13299 18694 8232 19579 1127 1618 3653 13387 14317 8851 17998 18444 10445 14152 7021 15548 3575 18357 6254 13539 423 3927
5890 11579 15149 19167 8414 16372 12428 4947 12743 13730 12997 6224 10216 15624 11520 952 6195 15648 15374 9964 13705 3656 9836 6289 9414 1583
10168 14923 5741 393 11439 17330 8294 17388 14584 17120 7413 6409 1697 13031 12934 11711 3226 9734 1606 10 15380 9643 19124 14491 3824 16632
9939 15885 13718 10011 18980 1173 12446 3026 8405 10965 4752 19356 4776 16385 10815 6294 14989 819 2737 1123 181 9883 605 15339 8112 222
10172 15171 14072 12408 10154 11085 2313 15577 14814 7634 8050 9700 6370 14628 10896 2743 16473 15257 11899 8848 19038 10403 3508 18314 3020 1214
2979 14013 15493 7604 17135 19566 6523 12186 12100 3234 1424 2851 5140 11112 19068 13591 14368 19041 19936 11629 15003 7077 16330 9130 10848 11229
10779 10636 9878 4041 2889 5203 5578 2343 9105 1121 13340 6807 3735 5764 966 13209 13696 6048 17517 14405 4470 10922 16242 17261 180 12522
3885 19008 1414 2902 14846 6392 15708 16930 3668 9520 17385 14917 10771 15371 5404 3766 3711 2840 7541 1904 16390 16666 15630 4491 14697 2323
18710 3364 1631 99 15905 13897 2901 2771 2957 6570 2049 13807 3066 16329 15300 8157 18353 886 13392 16967 8345 140 10540 9586 736 13342
1394 8720 6344 5223 7075 6725 2999 13738 14431 15913 16459 17004 84 10100 15850 10275 6799 6404 16476 3927 2300 16506 10675 15627 5093 15404
19020 14717 3244 3821 18130 2314 15862 19931 124 5334 809 15909 2915 19970 4925 12725 1223 7713 18517 12528 11398 17126 14297 3137 10425 868
15167 36 7098 12611 13325 5727 1221 8957 5964 9133 8800 16011 12168 12546 15837 4422 3069 18584 4589 13380 1723 16870 14228 14774 9884 3223
179 9363 5374 1307 6049 13252 16723 17261 7981 18453 2573 18167 10057 13214 14649 2236 6650 10549 13861 10653 18659 16616 6758 3374 7902 5517
1081 7451 9786 14703 19303 7674 12411 2078 11071 16226 2889 5489 11818 12645 6950 3181 953 15454 8192 16717 16923 11732 1941 4983 19168 2253
15545 15681 7850 15858 16825 8009 7582 6204 4242 4982 17634 11240 13423 10968 6970 11525 14239 6003 3648 1109 14396 13850 10687 4172 14707 10195
10188 19849 15954 9044 15927 6201 3663 19803 8471 14758 3387 3149 14809 2837 76 12403 2044 991 6464 8967 8461 16943 19423 1470 60 11476
5502 15921 12299 9630 10209 7214 17756 2403 7577 17717 14563 2674 2984 9879 1724 6009 18662 8638 19520 19887 13893 10849 14288 9665 14908 9798
7132 16871 19868 15121 16494 4271 9110 7071 12437 9732 6671 10859 732 8309 9130 10694 1716 13431 19006 17430 11353 1502 13793 15070 10812 14969
8968 6195 6687 13537 16321 1697 11954 193 3218 1601 15338 17366 8759 11219 12098 15036 8243 8351 8102 14653 19570 5947 11360 2119 16759 4975
18830 15797 11185 2917 8253 12904 14294 11282 6791 17396 3899 493 5212 10939 18623 13666 3116 14788 10419 5914 16961 19193 14925 5954 19621 1350
5343 6282 1237 2021 3012 18489 5232 5880 6485 13880 2900 10472 15044 2618 9904 15066 3821 1087 6201 18799 11369 2781 3092 18632 1875 15122
13702 19853 6143 6736 16153 11106 10859 15802 15500 19944 5918 2739 16560 14088 15440 19279 4657 9517 6028 7865 13116 12789 11609 10203 12156 13057
516 13636 6399 11183 8794 3743 130 15276 14060 7571 10391 15461 8922 5662 10734 14575 13247 15147 774 3811 6664 1334 8475 13596 8168 10551
83 7445 11119 16656 18325 6807 18039 10573 17300 5099 2272 10034 18807 10098 3565 6130 9676 14207 16622 6583 10489 10346 5624 14444 14863 4875
18743 8065 11794 17296 3965 4555 2961 15397 335 17728 16602 9399 9585 6635 8626 8671 14972 12968 16575 14573 10288 9109 7062 15337 17106 6401
3368 2543 8528 15520 18663 3226 11573 4132 13138 9331 8335 9374 2267 19271 17193 17310 12657 14508 10460 12995 7797 15605 2299 8906 4848 10482
14204 8036 11838 6411 9585 7589 6468 8651 5384 18106 14574 10711 19089 7396 662 10883 14529 18849 18667 3469 19101 6306 4747 18238 16280 18825
8291 18448 8024 4809 15511 12320 3644 8276 12766 10391 17128 2098 4563 300 10844 11064 19427 18158 8257 11458 6381 2668 10839 14930 8919 17492
657 12138 18005 13503 5554 9827 19747 12649 2579 15197 2212 18938 17391 315 6680 17945 9576 10604 19495 4563 16715 794 5923 2749 6922 12768
6141 19193 8287 4771 10210 1227 5232 5120 13433 9953 8624 10841 10238 2622 7639 11181 5472 6327 11722 10895 8901 9141 15883 4022 3464 10390
15038 11304 14091 16925 9524 502 1345 17998 9283 8659 3553 1628 3912 8759 8964 14340 10009 16990 12401 10549 12490 6684 7222 1642 14023 18788
11766 16259 13396 14532 518 13280 8575 14756 16621 9146 4879 7343 9940 4029 18840 13003 13816 1283 16990 4240 16025 4508 12381 550 17110 12576
10308 18327 4867 17041 10191 14228 18014 6416 19696 13766 1519 1159 3843 4274 12038 10592 12085 17049 10070 543 18318 11669 14970 7965 17077 2392
18171 2346 12014 2147 7042 1311 14477 5524 14128 12473 864 614 6514 4958 7417 15561 19071 15281 7163 8177 4526 19842 11736 711 17259 17962
16126 4963 19787 5382 12686 3331 17697 4781 18768 14456 10531 1516 19885 12874 3869 9563 5938 11300 829 19199 7737 17974 3727 4599 6561 8946
2654 2897 17308 155 7617 5261 16331 13333 13831 18627 14701 18917 4122 6801 12427 11088 14885 13086 8272 14923 13068 13542 8733 7228 10271 12488
11833 4786 6994 3992 6095 8547 19875 768 16385 14482 7973 7187 15330 19483 7071 541 15788 18288 8250 16826 1750 15390 15705 2850 3539 10426
3987 10321 15478 717 16807 3553 13236 1601 9674 9887 3756 6211 233 2081 15663 3993 13132 19157 16922 11578 4773 15341 9858 11470 15482 4416
5014 15566 18852 11774 6376 14200 11733 4678 15360 8294 1554 15268 10921 8667 5995 21 17582 4191 18483 14143 17071 17707 696 15451 16736 18223
15086 8111 17759 10784 17198 19614 3658 7025 15286 9621 10558 17436 12258 8891 6969 7548 19555 547 16454 11475 8302 17530 10920 18483 8771 11746
8760 16192 17863 2270 8062 19053 5798 2706 3384 2632 1978 11681 8556 393 6785 1590 12865 4776 9324 8571 13837 4660 13731 17967 60 446
6073 15201 14263 2406 5282 14858 5928 10389 12350 8505 5032 19628 10130 6950 12364 7502 13358 2724 178 2145 15579 14923 17412 14100 266 17463
16821 14681 5977 9607 828 9066 10818 896 17862 1580 5714 13378 7342 2853 4361 16073 4556 14414 15145 6089 6346 17601 16166 13559 561 2507
17511 10448 10508 10866 4613 19327 16097 19032 2177 14690 737 4701 935 14490 7626 3698 16125 3904 5664 16912 9111 6880 12230 9440 10712 2929
18482 17449 13548 36 15843 7722 4868 14616 19864 17567 18294 2309 6665 16828 18538 960 14750 17001 4920 16868 5930 13136 11750 2809 10441 5544
6778 2371 3627 6841 3750 11623 7770 10650 15518 10017 16063 6189 16917 18193 18049 5347 18012 18203 8463 19634 8920 19143 12909 5860 7457 4664
13169 3338 12550 18433 13718 7558 10314 19268 7174 16796 5561 8160 11389 3050 15404 12763 8018 11888 4973 2793 1122 13635 12956 10697 15573 474
2663 14369 18826 2586 2913 13323 14095 10370 2453 4855 1418 9680 15078 11092 8581 14119 19792 8572 9360 1862 5471 10928 9584 13538 19891 2545
13329 13076 12835 9845 18778 11942 3507 12657 16248 8370 1574 11425 12536 17732 532 11531 16761 13099 19599 2043 8217 11123 14272 8103 5211 178
16256 6126 1870 4946 1656 4540 18054 2696 13756 6023 6874 18260 1796 3629 14106 8863 2282 16676 18778 18565 5517 13960 1937 14846 624 6960
8818 3769 7639 18375 1703 9040 10874 11451 14285 2257 3339 76 17326 6706 3644 17335 13697 12824 7204 6024 11260 13666 16208 11778 4225 13542
7765 4160 16561 6294 6595 484 8458 13274 6382 19781 15772 7977 6506 10250 6420 3128 3476 11711 1518 3115 6155 19441 14992 16256 9917 5911
2906 4086 7408 19921 3364 11901 11611 14846 11877 16042 14447 16149 11639 6510 3351 12264 11424 14033 12744 13967 3093 1762 17235 15875 3560 13593
2822 12056 16136 19606 18906 13156 19662 18866 16079 9568 8982 4643 12238 952 10110 6949 4390 15615 2112 13226 12875 712 9376 1600 17939 1040
4060 6298 3166 3393 18374 6376 8455 36 14655 19641 6026 50 10134 19029 19736 5338 17057 15290 9476 9885 7124 13626 1076 7683 9343 1358
10665 4420 10124 438 10746 12612 10378 11070 3921 14036 10232 14712 9888 6441 9358 9012 4544 18559 749 1223 13253 11266 9451 1304 13793 4786
17510 3546 5149 3105 14772 15347 15978 7595 2121 10349 16924 15456 2110 7879 10741 2575 5585 3605 98 12711 1918 1802 5690 7932 5303 11317
2973 1728 7602 5182 10234 4329 8744 19997 5642 11450 15942 14169 5931 10557 5546 8327 12255 8721 10197 15541 8818 4737 19090 5917 6851 2205
19347 9640 8382 15838 9772 9753 729 1220 10260 17438 13871 14866 4025 4098 6255 2363 574 2515 7212 13072 5343 19329 3576 18389 17711 1897
790 2874 10668 6813 13197 5807 17833 10176 12620 18168 19934 8744 2392 6224 11216 19353 13364 178 10252 13646 18650 3395 599 13036 178 10512
4131 2371 2908 5875 11136 18052 16787 3019 17090 19660 13942 14254 2381 15992 12859 5789 1144 13761 15040 16701 2432 10693 5003 1254 15163 10353
12826 18851 12222 4067 10095 8255 18123 9816 17559 6570 13333 15373 4411 1002 2103 17136 10356 5909 10635 19874 17944 15909 5786 8959 8857 13822
7962 4137 14960 16192 433 4982 2706 5377 2116 8514 6988 19323 7063 17657 7213 13184 9889 15761 18006 5379 6852 18588 8211 9299 7543 1028
15934 19336 3183 10489 1768 14442 278 12458 7423 6414 18445 9780 13705 14141 17502 1651 15402 3592 6552 17628 11236 1834 16343 10559 5550 13823
9797 16405 8858 16639 7167 7192 13652 9314 19118 1300 10961 4425 15050 11231 15283 8453 4482 13199 7786 5304 18268 16503 15116 5779 12560 15355
1273 1603 14569 15417 13325 9713 11525 745 6013 9440 12447 12969 19928 18662 5545 14041 18266 19309 8266 17237 8361 1652 5402 11736 17934 14385
6092 17813 15603 13255 254 9291 4173 16956 8850 4556 7134 3437 19276 2183 4711 860 5432 4475 2211 8059 11626 42 18009 9486 13392 5542
7923 5705 11407 2996 19630 8459 10435 6167 4475 1331 5888 5194 9020 13492 10416 7019 14719 1413 10089 13518 19019 1924 10298 14582 17822 6137
6759 16763 16523 4216 518 1751 2464 5928 14018 6514 3712 5590 4571 2939 14321 16446 2732 6664 18036 5148 13315 693 15214 15085 3299 13448
903 17437 16560 14381 951 12477 16447 19595 5261 11262 10239 874 17764 10957 19665 3939 14453 17696 7374 9031 8731 5044 12945 6262 4126 14976
9093 8060 1157 2689 7800 9025 7586 7101 618 18263 1257 12045 15133 7599 11625 9265 8592 1991 5997 12008 15694 1492 15965 5337 8530 4689
1764 15872 9772 7853 5077 2739 9340 1700 17215 7494 4874 15476 5901 10177 14437 10383 4830 17972 4192 16151 18102 1201 19471 7892 18455 4936
9219 6313 7558 15262 12953 13970 16771 19294 5349 9990 7049 19112 13718 1438 15262 379 3960 3253 12786 18051 15639 12908 17070 3964 6938 3622
12379 5235 17113 7759 8821 13186 16812 13380 1915 9204 8439 14467 6723 13113 10603 5337 3566 1112 13961 474 12316 3870 13834 18399 19490 4147
16897 7851 608 16234 7679 3733 18786 9512 13805 3619 15446 12509 6445 10661 12287 19494 14091 776 4905 12403 18334 17749 12185 8973 8458 16156
15918 8374 914 10229 9298 8634 2589 5112 13287 1311 15323 12843 3853 3937 12550 15329 5804 6560 14438 19095 12421 16839 7903 14519 16982 1654
3131 3695 14107 17434 2609 3030 3478 15445 10430 12519 7744 5849 10092 12963 15146 19280 14935 11874 5329 4028 4094 14839 18725 4748 19107 14456
1517 8676 18014 15121 19019 7133 2086 18862 11371 15058 7013 1316 4903 12896 9677 11540 11403 3782 3909 5287 1313 5657 3223 15828 2137 15261
14340 3383 5274 9722 14399 15190 4305 12533 16477 1070 12099 1904 13256 9090 8299 19217 389 14400 7875 13895 10919 5910 14854 19156 2913 4884
1912 16294 932 6620 13577 7089 18912 11646 18125 14421 18484 15683 16247 3313 19763 4673 14121 17982 14941 18749 10587 7925 19289 19352 8132 8601
3782 18441 13284 15738 4632 18725 5582 18962 12765 7821 6667 19957 3641 12705 7532 6278 5351 7645 7383 7385 11120 3468 18290 1859 4816 8994
9338 5735 15132 11936 7954 311 12560 13994 7175 11153 9670 15490 11374 245 1279 6788 5921 3624 646 14859 6212 19543 18606 11094 16062 12644
8090 15350 990 10051 13696 18753 18379 7683 13810 18 9538 2590 11853 18105 13756 15578 15636 2732 5006 6057 13493 8311 3339 6085 4842 18020
1490 8527 15884 8265 12152 7044 163 16037 9705 17599 19891 7366 9807 8599 2648 5633 10065 5827 5599 7270 10794 13348 13757 4277 17231 6945
746 1499 2108 13079 5146 6503 5603 14365 4738 10784 11592 4439 15943 15682 9748 17717 16609 240 16465 9110 19212 18323 7931 4806 9955 12131
11677 17521 8947 6469 18870 12800 8410 19374 11167 12872 13321 10183 13970 7249 18710 17984 11813 10017 4796 10579 18993 1375 14554 651 4903 781
19519 14911 2771 522 11773 12365 15214 317 15949 3871 15803 13578 1552 6105 14473 3924 19588 10053 18420 7139 210 1836 14605 19440 9854 4422
1383 4796 8629 196 16901 1739 7998 4515 871 13176 1814 594 8344 11613 14124 4394 6434 2668 12193 13389 17139 8376 17972 8217 14481 878
10022 1341 13783 14614 17472 4684 5312 17811 5180 18557 11212 9254 16646 8785 17880 14809 12701 2081 1217 14383 12313 14187 18013 16941 9609 7050
5473 8854 500 17947 3646 6515 5342 18749 2812 19867 8193 8363 248 1973 4478 6831 3889 10219 13246 16337 12628 9177 13688 6510 17348 10763
1249 6003 14353 15947 19571 5723 2132 13998 16501 13917 1469 4110 359 17226 6573 6855 16363 11493 19510 2841 5761 2789 8162 16008 15659 15635
11107 16700 11326 2454 12118 4989 8446 2431 10365 1527 17649 13260 12743 18195 4020 14079 9888 12046 8413 9013 9510 9014 3054 19048 9568 6014
13182 11788 16625 15443 9710 1213 6989 6168 1256 12169 17784 5531 18226 11985 19558 8950 5241 9871 8089 5405 11281 19954 11241 3208 16435 18264
7687 697 7298 14214 18981 12934 5583 6194 16791 11469 10482 1911 12342 15072 13574 1489 17438 14702 11251 2528 17510 5025 15501 2884 8615 10131
17312 9380 18856 17196 9396 10655 3066 15191 8652 8764 10249 4894 17938 8456 7579 7253 16796 13749 3525 15409 6624 16371 3454 6186 4901 3735
15900 13910 1619 1606 19441 13836 13223 8296 4221 19729 12987 13719 2187 1960 16781 2997 6425 13095 8632 6314 2213 11109 3214 15656 12738 8411
7324 8463 19790 17018 7331 4022 12849 408 2905 17634 5821 3522 12572 2018 6013 4284 7704 17785 15563 1539 5290 14911 13621 18544 3944 6787
7667 13880 16067 6699 19540 1317 11928 12437 2389 2546 7836 8248 18365 7813 16424 3274 10067 17642 11484 8377 16409 9150 18405 5927 18934 12400
14868 6702 6433 11170 11430 2032 18773 3866 16877 8088 4188 2413 1250 16069 13636 17205 7551 14521 18408 8525 13936 13913 5601 6616 8351 18343
1028 10064 8222 3275 3041 10913 11499 14521 6565 8095 18457 3617 223 14736 11951 6595 1897 12774 8234 15541 8986 17655 17500 14807 13782 4680
18768 8707 10210 3418 11836 15896 12916 5761 803 8248 12992 4268 5153 15013 41 9387 12030 15251 13461 11803 13288 9612 16193 13573 6442 2113
8210 16733 3495 14045 19520 1751 8313 315 6468 7655 5789 7605 10805 3956 4214 15736 505 9024 3678 15879 5250 4284 5913 11210 18393 19497
15790 976 7440 6585 2447 18395 12307 1246 1247 11124 2899 859 3471 2647 9864 9634 13877 16325 16067 15272 18125 11395 9139 7453 17718 1884
9411 12943 2845 12253 15611 2352 2449 19132 5685 9963 9335 13563 8628 17362 19680 17062 9731 8827 11590 12007 7916 3628 15049 11027 16100 638
19447 4932 13015 13056 1047 7723 11476 15690 1550 2536 9091 14361 7184 9781 5141 16381 16044 14855 15336 8029 3308 7202 18929 6460 4978 4102
18753 4277 12563 15601 14949 12000 6273 1125 3234 14429 19158 8109 14917 4637 3167 10729 2760 16089 5839 16100 4213 8190 5863 16851 4856 17556
18762 5345 8160 11454 16780 10029 7356 9284 7471 15039 16570 5495 13462 17874 19022 110 2988 1623 10248 5594 14863 9894 14863 416 8791 10777
6198 19349 18316 11049 3935 14086 546 13652 10042 15250 16578 15155 19861 3240 11075 8992 17466 17300 17780 2514 12322 770 8418 18574 5604 1610
10824 5328 3539 16301 14680 6487 4702 17319 3987 3721 18230 4893 15901 6526 1621 13799 11993 11029 10284 17090 9014 9309 18818 18798 17502 16927
943 10242 8727 5899 17478 11797 4806 19383 18980 14065 18957 6391 8186 15845 19938 5781 19960 9248 1719 11622 17536 12120 16921 7579 19622 18191
15391 4034 614 19860 18203 8465 2953 4650 8569 14382 8929 2220 725 13371 15676 18816 4159 14131 2077 131 12328 8508 17771 13275 6349 3941
3759 12242 7071 13072 8499 12010 8896 16782 11062 3721 18223 7877 7345 12720 4302 16588 7503 6024 9270 12536 16096 13481 10753 17315 4427 6697
4304 13805 9820 9803 13990 12207 9179 6684 12846 16314 16441 1201 5351 10835 155 19888 16024 11774 16124 10894 11011 6824 6370 9444 5195 3563
9779 12074 9200 19250 1464 7849 13521 17943 12924 15678 7808 4374 13595 19203 6250 7271 17941 5669 317 11267 14043 8313 15988 12285 3526 11714
9656 11741 11861 2773 13784 6260 4608 5054 15019 17264 9514 10650 16647 8538 2122 18442 10972 16256 7675 19911 17842 6134 18664 1823 4312 14868
755 8110 13996 9704 611 14386 1126 7645 970 11909 18504 7099 19690 3468 2022 17353 17444 14028 1615 11152 5864 1007 19337 6683 13704 10465
14909 5782 16860 3654 8404 17003 10541 8780 14515 19323 16153 18268 18213 16985 11659 6753 15714 10750 14199 3640 13225 2288 11170 15460 13452 276
7384 5681 7089 8550 3814 2505 17146 18292 5372 5969 12630 18832 10541 15717 16176 12843 16893 7775 4420 6314 5375 10885 16214 14229 18781 9054
8111 9888 16238 3521 13152 19333 10410 12343 10159 6438 269 15760 1102 9256 12657 10176 2289 13284 6514 279 16418 16644 546 9964 692 375
13828 12293 7588 2495 5416 18776 15586 19753 13152 10895 13777 18418 18806 9177 11273 974 12314 19035 5623 2238 8735 12483 5039 4238 814 3100
15786 3676 13577 16032 18290 15498 9502 16591 15458 16775 12752 15862 1231 13087 1221 4956 17699 14195 8687 18612 13349 9248 19931 19327 6677 1047
3176 5847 9205 3941 62 9274 11411 14205 5685 5762 10513 17131 754 14769 684 9023 1004 634 2930 3359 7168 15215 11312 5331 1550 10610
11575 15869 13409 10726 18818 14353 12508 9379 17288 11479 5775 15005 4521 17172 4256 12626 13689 17521 7302 13301 10901 44 8276 8444 2210 11423
1701 1964 4488 12115 16535 18831 14335 5242 2539 1493 18524 15773 16837 19760 2782 16941 1907 4847 3311 16608 2125 16045 7929 2641 6919 13061
1298 1389 531 321 19896 19634 1616 16737 6762 17854 7155 10424 16940 4351 3293 16514 15479 9744 17733 17571 3225 13887 1670 19697 17424 5977
1855 14832 5717 3817 10724 5469 637 2086 9768 13577 15509 433 9589 17081 9210 2962 1512 9364 8842 10209 5489 10407 9607 12369 19896 16510
11849 12050 499 14864 14271 6016 8316 13792 9377 15402 5862 10659 13759 2044 15454 15961 13629 4920 11118 18908 408 7553 6954 2179 5441 1142
9704 6790 16078 200 5903 15 1460 16501 18931 12159 15574 5143 17685 8499 19455 8839 13133 3155 1731 2299 10011 5919 10366 17054 5601 867
4720 10743 10325 1266 4574 18407 9001 14969 18139 16126 4808 6009 19097 18188 16457 18280 1989 11993 9288 33 13274 5467 4345 10332 12630 16581
1468 7861 13647 5314 14866 12327 8292 15542 19405 6511 7428 1017 6318 19370 5337 18192 3538 12928 14021 2432 11431 9172 17796 235 10085 6997
11603 2587 11722 12172 7922 14995 3406 4824 6313 16908 2213 13259 17941 9790 9257 15544 7762 18918 15321 8254 14905 17087 9597 1054 18738 17309
16866 6623 7241 15739 11225 889 2510 12540 7781 9055 16844 17445 11707 15425 13599 19013 6141 12282 985 4309 14406 15533 7993 17622 17405 17948
17902 14696 13890 4937 13728 13685 6791 12989 18277 11874 7413 15430 3826 6143 11042 17712 4187 4852 10504 3739 14213 11538 12937 5169 17052 4594
1811 6354 9602 245 10667 9753 1761 13197 8957 17467 9891 15950 4189 11052 3647 5261 17296 19898 13137 4428 4426 210 3155 15086 15646 16035
5840 5388 6346 5999 19012 4091 13960 3943 14838 2095 4806 6654 4225 7488 15185 16254 2602 15843 18853 8700 11098 4584 7824 14710 4937 3745
4267 17482 6650 15073 11899 14515 148 13431 16571 17473 1715 18891 6376 11999 9215 6034 14960 14591 16864 14904 16954 1712 8239 12638 11509 15977
5474 5934 7117 7438 12107 8755 15819 8720 10316 13032 2368 18846 19350 14376 12218 5990 8647 13698 9367 18330 18286 15566 11584 5141 16393 19745
3359 6760 6912 5181 19327 11360 15161 12549 14225 701 3455 1011 4505 10188 17080 6173 18075 19647 12818 8273 1922 277 14908 15788 17366 5329
8457 1375 13950 18680 2145 2077 16770 6768 1669 3108 8963 2967 18664 46 12854 19120 5062 12367 16375 7241 14869 19568 12406 12242 18017 7948
4382 15962 6933 12081 7144 19354 9213 11094 7976 14193 11945 11691 6562 1789 596 3970 1833 11334 10107 1583 7675 17519 8798 1758 10696 2967
16817 19450 4006 7706 592 16456 14665 18788 2395 16084 552 4875 5163 2956 16730 236 13450 4572 14114 17559 7659 1946 5891 7209 15134 5918
7901 10297 1189 1083 12390 10518 9944 19511 13011 3811 15399 17004 13442 19135 9582 4321 1208 212 11475 7451 17736 14359 2880 7410 19736 9022
4716 4534 6659 4009 12381 16137 6342 10449 12892 5453 18957 9652 8676 11831 2912 7664 19755 2283 13534 19123 5186 5468 11528 3022 136 12810
766 4018 5565 3216 563 16 9811 15532 6714 5563 8085 9275 15643 11897 1722 14008 6228 854 16209 17458 14567 11397 14387 19011 13212 19897
7178 4106 4128 14102 18750 1932 18921 10198 6246 16266 17965 10429 14212 4086 1735 3042 18343 10316 19902 1424 3105 12011 10903 19736 15575 14819
10979 9615 8142 11127 15434 18757 12944 19072 17494 6854 4767 7329 6050 6570 242 10321 18716 8197 13377 5772 15870 121 14744 15661 10007 14554
11338 15131 19141 14315 10639 3600 16093 13091 19294 15161 9865 19895 5094 14724 11976 14232 14512 3531 3099 10297 17211 15225 1591 12254 13302 15637
4031 13398 1265 10071 8176 1781 14365 15974 4153 15921 14765 15745 7897 17696 18834 7197 11327 11586 1009 6992 14700 560 691 2149 1653 5529
17197 16631 9954 14568 17114 1607 4437 3690 7953 10285 12320 14983 15893 3610 4026 11318 7314 15609 14419 17469 6574 7694 23 458 5452 7301
210 19472 14865 6633 14320 9450 7715 18850 12151 1282 19261 12564 3303 1770 7170 7778 1450 2249 12064 11970 14966 13739 12231 9058 19131 18023
17040 13438 6642 10468 9889 12339 7615 4230 16078 12565 18486 9946 11801 3595 11052 10584 11804 3954 4459 12328 9652 7284 18904 13376 9005 18658
19815 13664 8748 13037 6015 9316 117 19635 2634 11602 12320 15501 16874 19373 17888 8287 5088 11874 7124 17549 12581 6572 3536 19180 9068 19710
11426 12514 10407 16854 6377 5388 3451 13768 14906 17669 5044 3061 11572 15212 17861 1681 6487 17178 10397 18180 1478 19584 14834 16289 10894 9804
17366 15194 18008 16293 19466 4895 5867 4090 10593 18435 8711 12314 19979 11839 6484 12422 16958 8410 5596 5991 6343 18249 16549 17818 9785 14530
6386 6566 3699 6299 11458 5238 7880 3481 15203 12735 1242 19317 7121 16012 9200 19836 7435 6420 10436 18420 627 11626 6672 12258 7788 5459
6320 19402 438 13986 11635 16417 9223 5189 10607 12798 1723 6889 5772 12668 18895 9698 1153 10656 10238 8081 14489 5803 1690 325 12997 7631
11526 12693 7644 17811 10022 11970 7342 8814 6671 13258 6863 2723 14489 540 17937 12561 14159 5278 258 8191 5264 13242 18777 14695 177 16748
9216 1007 1245 1131 7799 850 15128 17416 14160 708 12869 16521 9561 7365 17158 990 8185 13491 3971 5151 19229 7193 1739 5740 10386 3147
13993 10472 1125 17710 13260 15252 8192 15240 8579 6506 12924 9987 10887 18545 3966 17203 2776 344 17029 16617 13907 16999 16549 8905 12959 3351
6510 15440 18949 6760 3257 2665 5672 1386 6115 12924 8967 15584 9971 16202 7915 17615 8979 6627 13587 10146 7052 14943 19066 8332 5261 4743
10482 7137 1696 12592 8369 2067 1959 19817 14616 6597 15814 4054 1317 13833 19376 9497 13158 9790 6166 18788 8872 12233 7395 16492 12446 12513
18666 1035 13504 2947 6161 15676 11827 14003 13196 3151 16605 11093 6198 7486 4142 11761 14143 6144 19854 4659 7907 12 4416 4844 16577 13381
2556 1146 16805 18319 16540 7536 10494 14576 11037 8847 3107 8638 11791 17098 1556 19539 4274 19844 758 10289 4263 74 6500 15369 7904 1922
1521 3170 15020 5626 13174 12826 14612 12660 14178 11608 12917 10465 1871 17482 6399 8760 17427 1874 1982 2673 999 10220 7875 1182 12481 1402
6873 11531 14270 1115 18973 8053 15598 19429 13127 7558 7154 610 19500 6529 1378 12773 7574 1447 6707 8326 5091 19315 7185 6347 1281 6128
8048 17898 7464 13043 5541 926 18990 2589 15348 12196 11630 10969 182 12582 16586 1209 18853 12987 14231 9233 11203 1644 1225 432 11691 13751
17883 2978 19671 1164 1401 7587 18565 16433 19180 19819 2698 16054 8902 19524 8997 11831 19312 6380 18160 10408 18029 7302 15415 14431 11830 5795
16410 13613 14707 9071 7969 16094 19585 13123 18769 2084 12301 11420 13627 1650 11455 11932 3846 137 7941 14997 8914 17477 13828 10469 7142 8065
3598 8801 8296 5881 14067 3710 16697 1007 11419 19196 10921 5438 9764 5843 5556 17773 7194 13907 13531 5922 333 13140 4244 2023 19071 12524
8190 8626 1637 18960 343 18860 17563 2780 13965 4469 7001 11328 11120 13808 4717 11870 19247 16846 17877 2838 8081 11934 17230 383 16236 14327
15255 13220 16414 12445 8713 13171 13020 13848 11865 18320 17105 19211 7286 9715 3799 10166 16169 8599 13524 3278 6430 3696 9600 15298 19775 1009
4092 9664 6744 7269 3444 5424 4943 6294 10825 8923 13107 19480 8949 2232 4701 19350 18055 11722 4986 19598 13531 14339 6469 13765 15913 14534
3254 16251 17266 12986 19096 15479 13559 17708 16143 14662 7712 12982 5263 4188 12619 19689 2421 19585 7134 12057 2766 15126 14088 16963 3143 2215
6420 12763 10357 14913 12203 19498 8923 5178 8702 13893 18220 10030 11323 410 17691 14988 19884 8072 13427 11900 4993 7969 6606 7595 4928 5194
380 1332 645 17001 5696 6646 9826 3242 10177 10773 2717 12145 679 14178 8021 1164 7557 16415 5890 8593 224 8504 11109 5033 4025 6487
6782 11717 6070 5477 2944 299 17964 2094 17045 2350 19403 5195 16830 19963 18518 4303 2864 16608 6704 16406 11199 17846 12072 12469 18198 12445
10926 6792 11491 7664 15191 10543 11037 14787 10967 18881 15540 15919 19787 13041 18053 1995 17149 9132 1414 17204 13771 19359 17796 11264 5393 14510
16811 2701 18615 16244 2812 6933 383 11994 12562 7237 11705 2104 13670 3608 7001 1671 16104 10904 16534 10866 16220 75 971 2245 9580 1246
14306 8423 4502 3143 2712 4349 888 2681 3227 346 17011 8354 5193 4464 15700 2812 2392 13138 19919 15382 9489 14016 15960 19484 7923 10930
9726 14367 11959 11401 12363 4570 3656 3372 12054 15341 6332 8828 17204 16618 5011 18198 2034 16268 10437 14648 12497 14865 3547 12368 15503 19831
6645 4797 11694 17950 4344 6249 10764 7114 16468 12819 10271 7229 10981 10920 2425 2193 9986 19104 2719 16338 19327 3120 4260 6355 12665 15805
14494 15117 10512 15840 568 11866 14094 1488 754 19238 18627 16659 4713 13376 10174 16366 19830 15148 18355 161 14453 18406 12850 8206 5251 11263
16489 7504 11183 18001 4965 17199 2972 7808 13648 16783 1295 5378 14558 7468 4609 18798 10349 16814 13326 18111 3776 7687 7044 3476 14507 10645
12242 958 12035 4568 10732 331 6148 913 3157 1426 18651 7312 19544 19496 6467 3076 18612 7673 7670 13381 13289 7963 12327 17332 6054 18328
4677 1741 18297 4786 1481 7887 16836 11905 13317 2559 15375 4336 10900 4576 10605 3348 10214 2184 1403 3924 17574 5691 19860 11759 10459 10087
16470 2699 14454 16114 5934 2976 10609 7196 15388 10483 19071 15570 13724 10484 17807 16120 17530 6537 6581 13821 4426 17657 5755 12468 18893 15407
19076 2204 3158 4351 822 18287 412 6079 4676 6577 12502 12128 8155 16290 2198 10112 17262 2343 19750 16703 6633 10475 19733 4766 11625 190
16627 10581 19583 18419 7585 7866 19881 4221 7725 17044 18128 10565 16641 19839 9489 4225 8723 17613 1135 9640 9226 1236 18245 3230 18979 9927
3840 1884 4517 4818 12077 4558 7454 17786 12543 18211 19724 10622 15994 9114 9986 2240 17263 4598 3160 12513 10027 6422 8117 18839 842 12800
9187 17624 8428 9255 986 609 14205 17967 18039 16614 4225 12071 1533 17630 19290 19130 5649 4730 4829 5658 5885 15778 9323 16622 3308 5847
9548 9326 11216 1054 8528 2378 18113 10268 3715 2698 1002 5980 13776 7895 4782 15642 4122 11042 4138 15876 17683 11019 7373 1299 12445 9259
9961 12398 9338 1304 16272 16256 17353 10058 12897 1183 2832 5271 2634 16921 240 8618 11282 5363 8023 1437 9515 336 2183 7485 11956 10437
18888 10793 13849 6186 2794 18813 32 12895 13161 9982 16813 2964 15178 343 85 17715 4020 13172 18433 4116 10358 14741 6501 11746 18398 19509
8189 13630 6122 2047 18879 14370 11205 11812 17771 10432 12493 1623 5350 6593 8021 10624 3398 10023 14188 12374 5634 17944 2058 12154 15805 16953
12457 12312 8290 13386 16829 6966 16383 3913 9431 16950 6926 1596 5419 16210 19469 18215 6437 8766 18135 1286 2908 2018 9109 12938 3949 5264
5273 3259 12055 3772 5992 8986 138 328 15101 19381 2318 4021 1472 6302 6393 9037 6301 14970 12145 14286 9902 16901 9388 8774 12526 7213
18326 6717 9869 17697 17552 16127 2840 23 19233 2464 14433 4559 7789 8110 8998 14948 5048 2551 6154 191 9694 6917 1395 13489 12692 11330
17410 11425 10462 17627 14234 12860 8867 9303 8592 2961 15758 1204 10229 8651 3711 13239 5248 14486 5518 1454 18747 4552 17911 10045 5727 2359
8564 363 17897 10148 15496 5265 16535 15771 13907 12993 6894 18191 11159 9884 12083 13086 10195 3959 10271 18647 5820 5900 5360 18777 1797 19175
16712 13894 1094 52 18643 1033 17993 3716 8027 5762 18555 19975 9703 2632 15259 10493 15450 1860 9058 3673 16709 10522 10995 15265 648 6911
14783 857 9604 13798 2333 3846 13919 9650 11416 3173 11890 175 5531 14869 14727 18701 11773 18287 16176 15265 1066 12100 3129 4250 11271 246
9190 14031 9720 12563 9801 1062 10729 14466 15265 11579 1287 17844 18396 16989 13672 10561 4607 7858 94 5688 8633 3644 17441 15681 9121 14622
2030 1031 10943 16155 12708 302 4902 16286 17451 9641 8344 2875 8257 1003 10197 16170 8215 18692 6921 7079 9250 11078 12418 6899 17345 9330
12768 18354 15865 15278 19699 11586 10802 12771 1803 9989 16899 14392 6873 1042 7477 19589 702 10813 4077 9180 14591 1657 8985 9875 9382 14564
8340 1516 16268 10450 3186 717 6566 14818 14463 3951 3818 9962 1872 7494 2395 815 14895 5268 17282 8649 11876 15217 12113 2654 18436 16420
1972 10374 3774 19020 13705 9636 17479 8222 16293 19663 9452 16078 15999 11947 125 2859 4181 388 13161 12661 5448 7797 19132 17230 13974 15901
7108 16146 5668 12497 9683 7926 243 18731 7719 918 8799 5678 15230 16778 2659 11697 17916 4135 16323 3850 1791 2549 8888 12261 11446 16547
7218 4629 1074 8480 5458 11927 2443 744 2385 9552 13415 14379 7568 15055 12928 14683 18440 16804 10505 17800 9708 2935 9486 13717 11551 5444
4221 4679 63 12731 2836 3558 2219 10495 1348 19161 15779 164 10963 5674 19324 9848 19776 13757 6664 11923 4773 9626 15124 18112 2602 14738
18019 4258 18631 7433 3995 8289 5628 16203 1021 3939 7694 15664 10149 8555 16186 14616 8855 13868 15669 11787 528 2448 1609 4830 10210 14246
1844 9602 7421 13206 5622 17067 18842 7471 19088 6916 19868 6548 17696 13483 9941 8780 4245 2235 17334 6904 4664 15256 16332 2963 19129 7198
14116 1082 17644 8504 16128 11334 19879 19898 5053 13720 714 3057 7033 1925 2900 14809 14523 10678 2652 8806 9832 19189 17223 12324 17938 13125
463 16362 6160 12234 2316 3618 10380 9041 13946 2029 5239 9444 11008 498 2635 4470 5265 2286 81 11401 4827 6382 3125 18372 12218 11490
200 12904 16019 19095 11443 14431 11727 11004 15458 7015 11401 12252 8521 8523 5775 9287 17705 8297 2555 11427 6670 7541 13772 9797 13462 17537
1809 5044 19036 15178 14733 12594 19802 11840 9328 10122 14959 56 2294 3086 3398 5832 14933 17362 5221 4466 18673 5437 16675 19011 1374 3006
6766 5414 15296 2127 17981 5666 5402 15935 10674 9907 7260 18528 18534 499 4297 11355 7023 8354 16179 18794 19207 15152 5228 6678 3301 12122
6074 16237 9320 1585 9925 4057 2530 205 5902 6915 6120 5380 19006 9934 19646 9859 14258 10796 18470 11123 752 19019 10020 18036 8605 3596
11925 6229 14585 4796 13663 8015 9942 9941 4791 11471 13589 16562 18567 9516 3449 11993 16878 8550 13521 4778 13981 13823 17397 16690 17826 4038
17301 7245 275 2587 4757 6288 10903 7274 536 16721 16372 900 19436 7915 13073 15406 19991 5078 13077 9925 7301 11974 19278 11322 5824 6857
19785 15734 12342 2123 13319 13443 2984 14802 6035 9227 16426 6868 2932 10050 16099 9831 983 8690 5595 19492 5157 435 11115 10710 11778 7794
6154 2696 1171 16270 9924 8625 16948 10967 387 4007 5126 7463 16785 19605 8963 12704 13639 6781 3447 15479 9588 5193 8307 15957 18491 14228
16698 2714 1299 3909 16634 3413 5018 6252 12292 5444 7218 1496 836 5766 10804 1205 19774 15418 5436 7864 264 10987 7218 16193 16416 2938
16772 10690 10168 11398 13452 13334 19932 1588 4691 9829 14370 15772 18680 15890 4104 13993 17822 196 7533 4745 8085 6137 13587 9408 9349 11322
1350 10110 18428 1974 7267 9278 16163 2850 18958 10852 854 15537 7078 12043 12976 2900 5096 11986 8810 11574 16519 11256 15522 12135 8662 18308
4423 7919 12496 7468 13866 10447 14508 1873 12494 14720 11108 11719 10832 2559 12065 10516 17148 14078 18041 13545 8750 3531 6846 18574 16521 13582
2103 17758 9703 16530 7402 12776 11684 4661 18891 5151 17583 5998 13564 14987 10201 14849 6517 8865 12586 540 14454 1184 17017 3402 763 16445
4088 12375 15077 19216 17528 11709 8581 5313 14292 7347 4636 10530 19591 19244 6515 1074 7657 5364 12923 2713 7650 4647 10277 16664 16363 13513
16803 7980 17582 2808 16922 8773 9990 7727 16265 11829 15642 4074 14231 19854 6405 3241 3027 5027 6157 17913 1791 13572 4299 11802 3733 2217
8211 15367 2679 16170 14997 6149 18717 19518 1757 10605 1399 11215 10550 13067 13053 9811 10785 5197 12001 1882 1938 8291 16183 4268 15389 3380
17031 13964 7530 12903 8762 14736 9430 3558 9821 938 15204 10448 19075 267 625 14660 2302 12349 14864 15675 9773 18890 19899 16210 6647 16966
8644 3967 17895 17258 9635 15018 9700 12160 18684 18091 8753 11020 14297 14321 9491 6694 13977 9851 15858 15581 15788 17942 6185 5964 18536 9748
16992 16931 11858 9092 8344 6331 19122 6464 3219 2166 8020 12913 19359 7467 156 12200 18477 8628 13147 1103 3332 6273 8098 4501 1668 17062
17641 10524 6987 8570 3102 4928 10646 4506 11179 7657 16165 5572 6575 1411 3829 7783 14480 16279 10603 18780 11447 16216 19855 2893 16418 9422
7351 15729 14629 15862 3573 11796 10430 18111 5186 12609 15488 6679 6756 12923 13543 6241 468 8319 18407 4154 12460 10294 3682 1705 439 16159
5560 13710 17807 19114 9033 14973 7735 7481 886 7060 19727 10096 1568 1288 5394 2507 15680 2018 11724 15887 7690 6993 16918 9022 17289 8432
18546 11392 7766 19685 17976 15857 5554 11985 13980 17875 7628 2242 7759 9088 11921 8846 4284 15303 17392 4633 19026 470 9022 12660 2828 4462
5033 9784 9056 13175 13885 13974 15164 4788 2481 12100 17219 16856 12344 1534 4147 993 13900 8966 3065 6706 16749 7547 19965 728 6104 1955
6189 1845 18391 4484 17398 15741 5093 4088 10281 18256 19176 6066 18693 14337 9767 7614 515 14761 19023 14757 5355 5153 18584 10711 9917 666
13466 5627 6418 18061 18419 17247 5670 17609 17049 19863 3231 16822 19545 4130 8760 9153 15116 3019 8189 17175 14664 5573 8566 3751 17048 315
2898 7933 204 4915 17742 16681 3857 575 11017 18323 15295 9637 13996 4913 19112 8605 3375 17758 16971 12505 14169 8934 8429 6738 596 19790
10354 12222 3044 4554 6629 14998 4654 18521 16722 5520 4695 14174 11644 12149 7377 8244 15390 10029 5274 1719 10217 13386 745 17434 13596 18246
2880 11525 7409 3662 15980 2345 8532 15923 3145 3987 1259 5509 19422 11267 14442 18614 2133 17770 10296 1104 4061 225 10174 1616 17246 4863
2907 3422 10506 405 6054 17897 12673 11127 17338 16173 2680 15430 18339 8670 19626 16250 10579 4627 11771 15587 13803 7559 5800 16629 2248 16618
17496 12016 4638 598 2767 6435 16143 17653 5710 2483 9965 11250 11617 802 15319 11751 6912 6913 11916 11203 19402 9837 16821 14704 18138 2143
14583 14386 9899 4470 663 12787 1880 9473 19580 17612 14522 12262 11753 10023 10304 18771 15406 2073 4519 4495 5857 5599 5693 8747 12845 1230
16342 2480 9637 13910 2310 6282 6802 3713 2431 7149 3980 16655 1668 3901 1512 8861 7738 7908 2497 17333 16507 8750 18162 7206 9143 7065
18486 9276 15718 18618 12331 9061 5932 18488 13186 8967 19637 7084 16527 18719 9216 15473 15447 2185 8486 12659 17956 16282 3416 18988 4533 903
11681 15773 17923 4383 10839 17419 10251 12716 8488 6654 7046 11498 16307 6688 8005 4141 262 6998 10710 655 6373 7028 13834 5607 11877 18021
14833 17374 4936 11452 11917 8044 292 13938 9498 8292 18492 10300 19708 6336 7895 8874 13087 16222 2642 15737 9991 1250 2557 18742 2490 11782
2091 11156 5141 13317 10824 15356 6209 16210 4297 16714 1870 5456 7501 10119 15655 8742 16820 3584 9641 5772 13540 2865 6774 12754 19850 1566
15106 9597 11689 9614 10078 9306 1568 14761 5211 8609 3191 8836 19846 8510 17569 810 15810 2824 10643 4657 13581 6145 1984 17619 2768 5599
7652 9607 8386 5885 18465 1024 3435 12374 6383 13029 13781 15371 16167 19921 1005 13020 13139 11849 5206 3210 5216 19440 1635 12434 9497 3129
13042 11602 6046 5226 7499 96 10224 15871 12741 12911 13697 8272 14058 920 13467 3723 1215 7357 4324 6388 2273 5055 12531 19341 17511 16857
14924 13542 16144 8582 60 19797 5671 16459 4163 19875 3218 15127 6263 447 7504 3151 14801 15946 14021 10976 3983 18786 9934 6171 11725 17511
6410 3970 18232 12392 8075 2987 2365 1324 14073 6403 10469 11430 12669 7014 11319 5190 19000 10101 3241 14813 4437 12789 3857 2171 383 8646
13530 1132 324 13297 18350 17664 2787 2257 2669 5159 19510 8619 12165 10549 11640 5306 8279 7285 331 6835 2566 10130 4388 11359 8075 4165
1561 8532 5772 7411 6535 19454 11581 388 8463 1837 3333 5219 11062 383 5371 9699 13049 11319 6819 14107 9054 6922 13137 4631 15851 6369
11527 8621 2480 14223 12708 12857 7251 13809 6338 4342 18531 3324 10912 1489 10030 19007 12446 907 8097 15582 4833 19026 18856 5781 9270 2157
14050 14012 12195 4834 18003 10412 12596 7457 19841 19988 12478 7101 8660 15494 11997 11881 5414 398 15063 9197 8238 18095 14420 15765 3827 19937
5599 8473 3855 11317 13250 12440 10643 1174 6801 14471 12693 16796 9088 7266 19773 18718 12966 13172 1840 18148 9810 2030 19639 10689 4814 18672
14604 13131 2202 13791 12340 15594 14233 16714 3887 19747 10390 15776 3086 15801 346 18356 4099 18868 4284 8659 19091 16697 14345 13237 15625 5913
12058 19809 449 19903 7432 13780 7418 3516 10070 18219 18726 8019 15660 2905 7230 14264 11337 9110 19225 2126 5047 12236 9933 1184 9766 15226
13800 13743 8588 17590 3312 4978 13745 4034 12890 13858 8735 7207 12010 7016 11737 690 5682 19415 18098 11951 7880 16140 16782 9860 1429 9938
