365
50 4 41 9 23 1 60 35 77 60 37 61 55 77 99 27 64 36 88 62 27 55 20 22 13 52
18359 18536 15943 3220 11435 9548 12748 3376 14303 10334 14531 1599 12869 3533 10852 12959 3238 16020 7381 15370 16117 13732 11913 1985 14377 1932
17992 2576 6015 9914 15378 14109 3365 12586 976 1849 6662 9311 1962 10744 19569 8610 5399 19522 4614 17032 17058 2576 14584 9533 8652 11032
10687 17430 14928 5381 18249 15337 1944 12832 9201 8029 18308 18853 11942 266 1615 17808 5528 1517 14744 8713 14948 18760 7657 10119 16566 741
1071 9846 4865 14778 18339 1594 16195 3874 381 19250 8225 12762 14253 3427 14060 185 15137 834 18826 2896 18518 4470 9876 17147 5518 3201
4610 14006 2290 5541 13767 19677 25 19207 13921 16287 14513 8995 424 14690 2963 432 13322 7544 9339 12399 2946 6678 11571 8413 8196 6568
3806 15256 8345 7646 16403 1108 1716 11517 4705 10055 12471 7870 16115 15172 13761 3631 1715 14259 4957 2934 4382 14560 1667 12541 11601 6920
3900 14208 9898 1071 2745 13728 13356 11824 16097 19413 15896 12303 2854 16182 14212 5979 14453 18248 11788 17036 10630 10859 2395 14786 2056 6973
17735 16629 15299 389 8556 5026 16133 6250 9343 5918 2322 18856 18798 7180 17853 17644 12739 13057 6733 1640 505 7061 5300 19370 18610 7099
14507 2741 9393 2105 18463 16037 8034 10589 6712 6338 7600 13226 16342 11157 55 7290 12810 7099 13630 10502 5698 7964 10328 16015 65 19644
10119 10267 5259 7284 11783 12637 113 11920 17470 19948 18907 11568 17291 10406 5765 13480 3631 11985 13173 19752 10901 15195 10953 12947 10647 16992
10330 5571 5667 10508 19398 12505 11141 4636 16496 2594 2336 6383 8197 13873 4464 15398 1638 8946 3828 1237 12938 18149 15276 12611 2601 15188
14019 15431 16992 17251 8930 5279 705 3586 1496 2005 18783 16315 855 2825 19004 8842 4314 7882 4148 18813 17040 11969 5996 13126 17057 17729
778 3134 12737 13490 15028 1113 11983 588 4668 6485 18027 1092 4725 17383 1850 17490 16289 15665 13310 4945 3962 2035 15902 1633 9258 13171
15168 7861 15350 2662 15768 12972 18327 3626 9571 16773 19415 16999 11360 6407 5938 15201 5163 11158 2239 1403 2873 5607 12025 19891 1160 11131
15679 7524 1184 5258 6538 1708 9016 5050 15276 4668 910 1925 2719 5709 12445 1807 4195 11564 14109 8580 17430 4346 6696 5230 16244 437
6123 16 5697 10388 9363 7069 3358 3462 8224 13206 8679 4889 8545 4175 13104 15354 10781 968 17158 19072 7186 1642 6200 10427 11038 17325
6144 8343 12318 2582 3507 10305 14384 6465 230 3026 9853 6960 10464 15396 10027 5324 14978 4854 920 10575 17347 18425 11782 10838 8474 11105
4794 7041 17302 367 1616 5473 9239 13520 18363 15004 15206 10903 8800 9791 13441 19779 14125 12836 16222 13006 14547 1504 14009 8455 198 3695
9141 12679 13159 12399 14093 1238 16367 19955 4635 17747 6002 11893 13000 16256 12816 5835 17741 8494 5787 5628 688 3793 3917 10021 12042 9461
327 1742 10860 17508 798 6326 11651 8892 2070 17939 4623 13938 5569 18702 10772 12354 13598 9210 5033 18137 10939 12707 18652 8456 4891 13463
7719 2786 12774 3031 9712 17620 12393 7201 2451 16106 11018 1716 447 13004 5424 4173 4513 7757 2601 14772 8318 14753 11743 5641 18017 8055
12173 13699 10125 10064 11483 11896 5582 14454 6718 2633 13103 12958 17666 690 19871 2654 5584 4964 6589 17459 1321 5418 15473 5522 15731 5733
15235 18965 15196 6198 8888 17840 6800 8208 13216 9564 7996 6859 11886 14854 15839 14820 8438 13796 18606 11933 11150 12400 7297 15156 1256 2422
19789 4819 8337 1848 5590 5078 7695 10239 385 10703 17326 2611 12468 17139 5032 17029 5487 17262 6957 2083 7622 10692 7830 3222 1491 4895
14435 19372 15534 2048 5180 11254 3557 13578 2558 8296 18470 8016 1700 17894 9419 5505 2366 8628 7995 5615 5852 15431 10648 15100 19648 14940
16092 2043 6187 8359 5954 11344 11913 8768 4695 5057 8381 6563 17616 18890 17965 11274 15460 4355 3960 5231 1812 9859 13809 6142 8895 1755
234 3506 13729 6662 11798 18085 17666 10879 17412 12387 19990 11482 7201 7543 10812 3359 13714 13692 297 14502 15886 17427 15978 12694 14282 17668
12525 3349 3954 1216 11182 3765 19104 6072 2794 3908 12744 408 13093 16469 15712 16357 7782 4189 19120 5433 5622 17718 1458 19167 13182 7417
5800 5664 820 10333 1035 15706 5818 4406 6365 13374 19344 13291 2113 99 14150 12544 10494 5900 8696 3987 1042 4367 7521 11830 16763 13513
10439 269 845 6846 3332 11082 18675 3191 8436 9532 4145 3074 14781 9801 3999 11420 6146 11459 7768 16977 16446 16006 752 9896 18021 2356
6820 6784 7137 5777 7516 7759 16895 1985 16832 12584 2670 1195 7615 11410 1128 13800 4504 17929 19043 15538 12041 3590 6482 18528 17020 19465
10813 14442 10275 12517 5962 17036 5352 9 15897 14847 15062 15883 19643 9964 18491 4165 16599 18342 11795 17424 12939 2135 11917 1266 8101 3062
4259 3765 18266 15650 11494 14186 6449 7169 1042 2522 6366 11502 5721 18992 883 5086 8508 6352 10850 7868 11687 4720 11445 16626 11024 12872
12997 18017 16064 5915 5436 10778 7768 18328 8110 16011 10951 12219 2878 5479 12552 4077 4168 12517 7738 11783 6385 8863 9994 3091 1570 8181
14440 13546 14784 7570 14492 77 18004 7236 7405 5853 7587 15570 979 13090 514 15870 14842 9769 12627 7749 7629 9743 19031 16958 13474 16897
10880 8120 1410 18025 13814 13871 13302 16619 839 4380 12185 15601 14756 1669 9613 7033 14585 5081 8487 15884 14234 8310 18121 5153 5971 5434
9030 19434 7491 16392 2635 9191 13829 13910 5373 10639 10430 13468 7618 6075 7824 15365 19980 16172 1994 18926 12550 3538 3300 9139 16910 1153
2180 13399 4710 3210 19590 3733 13276 485 6884 12733 371 949 4185 784 14548 2830 12306 7892 1029 1953 17644 5547 880 15811 1610 15417
11899 4478 10650 12879 5988 4597 18569 3757 14354 17532 9382 9497 13331 8673 2069 9269 10674 4008 9402 9112 8083 5588 7459 15485 10752 7953
14228 16683 1040 11248 7022 5585 14927 9176 17193 6007 19936 1051 8051 10989 9654 4149 2136 7590 13182 9564 9900 18240 17874 10060 6424 9270
13988 5645 605 19699 11064 4721 2310 6112 2566 9457 17920 19936 14050 16375 8800 4329 14054 3982 8186 1660 18890 14330 2754 9731 11068 12944
11380 12262 15994 6963 17007 7572 8234 12729 4650 17819 11662 17079 1007 7512 19431 19194 1726 16203 13186 2795 9186 12532 15109 15071 9094 4585
19506 19134 25 284 13124 14878 1189 11148 19716 3893 2744 15765 18274 15927 8705 12232 2548 5273 14404 7084 5525 3764 17962 249 9644 3638
2564 16313 19011 1009 5561 8162 2261 8513 16750 0 13753 5224 18335 864 2151 10998 57 11921 3726 6705 17100 18520 3857 1515 6959 18514
3968 16772 11142 19519 174 8418 6299 9952 10815 7192 5484 18332 17004 896 7390 6357 16080 18003 8747 7441 11799 8434 3640 19656 14594 17546
8467 5018 8801 4994 5085 991 7849 11197 11358 9305 5606 12690 14351 5865 17899 7848 15823 12416 9659 13968 15210 6503 18554 15978 8658 8523
17862 8037 14742 12165 9889 13632 10394 5682 11375 2610 8629 1309 7626 12025 3189 9101 2943 3434 19283 17823 2835 4786 2585 5922 1421 8787
2818 19010 7220 11091 4003 8656 18543 11033 1526 1286 15591 12275 5712 5346 15914 10054 17763 17887 4342 19448 12514 10215 837 4365 7206 6057
2064 931 8882 2660 2870 1494 8502 5036 498 9660 5719 19131 7847 5635 2282 1505 1866 17063 18067 18043 9011 17355 16581 17213 18461 14133
3849 940 15249 4176 8111 8299 18597 9200 4730 91 14156 145 9623 13311 11750 8568 18451 5354 3607 12990 13728 18535 17291 4417 9351 14011
3704 6383 1043 17150 5218 12616 13035 6348 18284 17352 2361 1270 12972 19217 7658 4460 19026 13341 6540 14220 2728 14472 11688 3657 3407 432
4896 11368 5205 14979 2686 10455 9121 5267 18132 11681 3625 12879 10729 15213 6473 8265 11719 2249 19758 109 15227 7880 9871 2652 17318 10752
8376 18966 16933 11178 11634 4115 86 11509 15004 15380 9256 3770 12712 4486 8966 5641 9973 16348 1036 1446 11179 11916 1735 5503 15893 13835
348 18292 6320 10393 8906 17035 15404 17480 16319 15018 9732 14475 17289 12313 1225 11175 17155 10949 10629 10689 3761 19477 7131 11305 6479 542
6212 10235 11509 2323 16492 4968 14498 17050 2284 1759 17463 8863 13517 19093 3835 11108 8580 14038 13560 1777 13250 14058 5065 2485 17177 5241
2081 7054 12986 5167 7240 13397 14369 1791 18240 3902 8951 10605 11441 12231 17835 15760 7255 2203 10860 15848 3567 11466 7481 10496 18917 709
16185 5435 2059 2061 6176 7445 1161 18990 16140 13198 5979 8074 6209 15688 8623 9046 15565 10666 1937 14091 18616 2701 19867 9590 867 6691
12593 15600 18269 8580 9632 14976 7093 18462 1746 4008 541 15726 18271 2847 1129 11399 16429 11196 13129 5128 3130 15969 4614 3728 11127 18403
3557 329 16277 5084 9960 6417 5886 19563 11638 9627 3980 1142 8861 12465 19960 13178 2606 6031 6356 19122 7033 1349 10264 7140 2893 18850
18588 8078 1418 12921 1105 6140 9168 11866 2530 18920 3129 19063 3665 12615 2226 9073 8986 18928 17339 7082 10986 792 7319 13109 19760 18973
12468 5016 7669 10476 9800 18736 17920 14174 14846 7826 283 6066 9656 15107 14663 16537 7120 6798 7888 8520 6823 13419 9395 3012 7096 14406
17203 19468 16015 16372 390 3647 7724 1422 13582 14976 3040 7380 8809 3909 17437 11618 9386 5287 2081 17993 16804 9140 3397 2918 13151 14444
8404 19682 8136 1614 10623 11088 9922 1773 14316 1805 18472 5059 6378 16678 14617 4368 11984 1114 11370 3291 15347 18957 12794 15864 6488 13801
9529 19183 6712 13056 17483 12803 6157 15721 1345 2961 4803 19346 16258 1612 19608 950 14116 17755 2813 6876 6009 15597 8482 14452 19565 10759
18531 18645 19600 8417 12534 2711 16348 14518 14403 19996 2505 16216 4123 11361 16264 19784 12592 11826 1337 9653 507 18146 19682 3802 11847 2584
7326 17530 15020 19012 19995 2988 6469 4821 6747 9808 5675 649 9874 17472 3757 4376 2401 13242 5002 1641 11760 19317 19669 3831 11757 2192
18005 13132 17614 15171 19486 4306 619 2323 12277 7882 18807 17775 108 1812 18606 14586 7123 3919 2123 16494 18521 18211 11891 9755 13764 449
18023 19582 10413 4673 3948 18147 9939 9483 11689 7498 13911 11401 7108 6700 16505 10575 7102 16716 7856 7692 6142 1954 1894 3474 2149 16628
17347 6121 14981 7850 6616 8407 7367 2876 858 11014 19260 16908 18597 5006 19660 8891 9098 7467 3950 15958 9804 2757 4625 13741 15832 17094
665 13035 8525 5044 17011 10146 10782 7762 8483 16614 1432 16863 5446 3081 3055 13921 953 13522 11378 19223 12024 1237 18021 15053 11586 326
3558 8502 6741 10381 17769 6025 14434 5712 16702 5497 7937 15813 4866 10052 10893 7643 5031 17239 13056 8272 12119 6057 16514 13583 678 16587
18039 1905 5841 15589 1402 356 7252 3561 4187 11362 11490 8468 12094 594 5529 13075 7198 5719 5977 727 15309 8007 1996 628 11193 19128
12588 7725 10174 12728 4570 6467 14886 2827 18117 7452 553 7845 17927 17736 6123 11488 4485 19629 4626 13504 9222 7572 11032 17639 13385 11843
15582 12153 1555 9703 6994 4622 4914 18764 12186 14618 3232 12112 10346 5683 1854 17299 18383 19443 5951 12293 547 5134 18664 18683 18070 13239
2060 14020 18035 8422 7385 1449 18689 8832 13599 1425 7420 5030 8299 18236 11503 13970 4633 5375 16988 3042 15786 2852 12616 3049 14164 1788
14950 11922 15933 5172 11192 10642 7667 19763 17671 10214 17204 18485 14876 9787 13838 16683 3118 2216 2521 11585 12080 13605 11577 1882 9103 15757
551 14131 19124 3617 9082 3205 12074 12012 13345 16728 13276 4022 16412 12030 8637 9004 3425 9432 3019 13213 2196 11283 10904 1980 11499 9726
12939 12006 3527 14477 17220 19853 13366 15485 16262 15634 13588 14033 11572 2544 4997 7018 3336 3957 18309 13314 8446 12730 9915 7616 5549 10169
247 13726 4597 131 2777 19692 2602 18335 6086 3011 9977 5202 9037 312 1115 4126 10401 10507 19217 17040 10190 19382 17027 15575 6010 2158
14127 7199 10813 3043 6548 9944 9637 8382 19572 10883 14192 9188 3027 2598 11690 5171 6611 19529 5429 4494 2666 19395 8697 1494 3916 9888
18742 18291 6900 17290 1198 3881 5037 253 2492 12398 7888 16555 180 10435 2415 13741 19384 18764 2010 13649 7499 3616 17742 7804 10028 16990
17198 4443 620 17729 7273 5286 7121 2636 15063 16700 429 5118 11076 14942 6513 668 1364 9916 8084 2477 4596 16434 3685 16920 7157 16653
5702 17830 9871 15238 5499 19968 1321 7134 8555 16850 14230 17393 15387 19162 15665 5961 15855 18130 13505 13587 2949 7842 16180 4006 5657 12218
12294 5185 3923 18439 2756 2690 17072 10282 17580 16917 4547 7737 669 7369 928 3653 5708 16178 4419 1215 17396 18062 8686 8334 219 5450
5772 10477 3267 8349 13922 7415 1572 1722 11085 12628 3106 17192 7855 4321 11628 5569 2872 15807 43 13452 10856 17615 1940 8242 16786 535
7199 19437 8031 10822 8170 18497 15722 9504 19266 7487 15360 4421 6827 4120 8297 18110 18398 1842 759 9752 5044 10536 5908 466 4980 13189
15323 15597 16901 13739 9700 16021 8975 2026 13404 16816 10539 14769 19899 7398 1946 10391 15077 5415 5375 14358 13623 5437 12404 1258 8437 1995
7722 8355 12105 14333 9630 1300 12438 19603 15802 7264 92 15976 17597 17417 6269 7159 7520 15613 11058 1443 7554 5834 12205 9769 15338 12098
15696 12803 13414 2443 1522 17890 1258 983 7128 10809 17694 11635 570 2332 19294 1785 3227 19233 3548 7256 5632 7244 6504 3803 2727 19057
7439 11337 2496 365 13252 9670 16274 6656 127 17214 10565 10874 12882 7368 5607 9429 2954 13283 16676 13384 14875 18613 105 10771 12251 11976
19693 2264 19044 7789 18656 10434 2682 8639 19186 16859 6336 6745 7606 18223 18812 18546 12078 16679 9522 6734 294 16336 9200 15236 1063 11894
6184 4751 4754 2967 4363 13302 14152 346 18631 19678 18852 4113 17464 7971 2198 17950 14565 8476 8001 14769 13705 10186 18235 15987 9820 15080
17390 14873 2152 3640 16065 2106 19526 9132 12485 1699 6600 2947 14785 3562 8763 18860 13780 15736 19668 7809 1009 4632 15463 18898 15661 9222
15550 10114 19485 15731 15241 9471 7284 12800 11567 9761 10338 12075 16669 19788 10947 13388 16876 10529 8499 16770 7506 9967 1312 15841 3048 14420
18364 11860 10944 773 11252 10567 5207 14889 9005 8913 19949 15836 2889 5157 10374 3726 1177 13476 1878 16867 18109 12499 15262 8811 5204 139
19883 13370 3843 7963 18133 14816 9599 10647 11634 7094 8695 9097 14958 12939 9170 12637 13859 19747 2498 4228 10235 19387 17293 2203 4401 16247
14493 68 14069 15629 4600 10540 12632 16446 7039 17583 19308 13976 16156 17472 5693 10707 6016 17336 9427 19179 350 922 16800 7602 1552 14067
7353 11085 17581 18094 2407 6357 1392 470 12747 5523 7186 10528 7555 17569 16962 8237 9453 10227 5366 15932 12401 6672 14286 15886 19887 10490
18416 19546 17305 8344 15266 13431 16456 10254 8190 18932 4481 13561 19365 14101 6567 12785 8678 9351 7725 7709 19852 12503 16045 10460 11294 3755
14801 11392 6503 949 11123 1499 10514 1658 7817 9984 14270 9135 12273 7491 13757 13898 17344 5576 6477 6647 4286 15766 7055 17072 13185 19528
7046 4501 19976 16291 12401 1017 15520 11212 4442 8254 6112 19541 4762 2556 7137 1885 15797 9380 18432 4332 19104 14725 12446 15408 4719 8061
7497 5401 8121 15810 15742 14417 19243 5463 11289 14770 1144 6744 87 11062 2427 10731 5603 16815 17549 7891 17437 19682 15715 19554 15129 2097
6411 4947 2888 1082 12048 3086 19022 5324 17812 217 5195 4456 13995 11609 18488 5536 9709 12275 17980 11502 14145 13718 15495 12510 14392 11645
4327 9405 12796 11036 11334 2158 1581 2594 11452 10615 4160 18899 4382 12586 3542 4398 11137 11017 1594 14141 14403 9113 1106 1058 11596 3111
5171 16076 6397 12872 13391 14940 12804 8160 9856 6587 18937 2987 1463 12493 19044 14508 13582 5315 14477 19664 14073 13947 19232 12775 6133 576
19945 1398 2790 10609 3420 10281 8924 19432 770 7440 18325 311 4093 3312 18647 10958 6811 7478 15481 7644 14401 18817 6193 17531 12237 4776
16749 17079 15698 4063 2677 16246 4753 11652 8775 18437 3684 4897 18743 12268 8619 15315 1638 815 2050 4853 15782 3900 4494 17255 1126 1126
15285 16576 2083 1383 11206 19193 17718 2513 8642 15835 12382 12713 11301 5255 12699 2647 9721 48 12788 10499 10199 8298 8469 18605 11219 14632
9792 5597 13085 12132 8068 12515 11402 15659 6804 11281 184 11925 7047 2081 9122 1792 10409 3650 3238 11073 7980 14518 18828 10251 461 1063
7039 17664 5364 8753 12811 16916 5410 13299 10397 16476 18810 16686 11466 4396 18456 19086 1357 14038 3968 10159 4292 6717 14059 15163 8648 1335
16145 7750 5609 3712 14563 16745 12120 10462 7288 17040 16653 18998 8923 6202 16057 9875 16319 16473 7010 17049 15392 18548 3059 12850 18607 227
19959 14938 13471 11839 4713 1558 10536 15046 6021 11328 8293 7195 15689 19305 2833 1754 18202 1646 6930 17499 12839 16961 12668 9119 18437 16594
7902 5603 4680 13337 12216 12506 11915 5035 16118 8529 6773 5855 10723 16675 19617 18076 1424 878 6531 10070 6925 16472 6740 3823 9983 2839
2103 14826 6569 16486 379 18156 15607 2783 9266 9495 4346 2331 8666 17353 13280 8177 8343 16992 18768 1896 12242 10658 4304 11855 10499 13241
13809 13356 7921 5306 19272 12125 2001 10002 3869 2193 18349 7746 6764 9141 10218 18163 2070 19574 11327 1881 14720 5887 13826 2676 4362 11365
3667 3626 7868 4291 2953 2490 5498 12543 5375 16892 5258 19542 2440 17507 8004 14305 3884 4512 9508 11160 6760 18670 16497 16978 17194 4058
4795 19803 14668 10084 11092 3246 5633 707 1916 11697 13435 3924 13106 17757 18541 13013 18025 4084 7162 4307 1917 18022 16447 19240 13596 6550
12981 12269 8399 9819 15611 13973 7734 7517 7200 16180 12574 125 1282 18486 6308 1290 18261 18594 290 19022 2694 7800 1009 15010 10193 480
3109 17161 451 9192 8735 11711 15968 18044 13516 7149 12006 13097 19497 10806 4900 12243 1893 10929 13084 12821 6780 4167 19170 10735 11678 3995
1111 5754 14453 1303 6041 4813 18465 14995 6977 15279 1179 19110 12426 6480 12215 4326 8044 16101 12371 11708 18756 2623 895 4535 1307 19245
11859 3274 15548 7399 19182 6459 8994 19403 19128 10184 10520 10816 19564 11276 14746 16322 12738 10799 9342 7093 12248 4452 19582 819 17018 3502
1105 5973 8784 11808 1207 10095 4721 4170 6373 13332 18840 8584 14564 715 3166 10338 18841 19867 14585 8693 4035 11009 10126 18908 11560 346
11181 16718 15844 17023 9906 10355 9739 6025 17852 6630 13749 8215 17426 10339 18687 1736 18620 293 12669 5139 9801 4106 5905 2542 4196 13592
12976 514 10736 15544 10467 18254 17302 6910 3427 17232 11974 9232 14567 8536 13985 14686 18071 18828 13416 12714 5710 19821 10447 1739 10385 982
2941 19258 11605 6573 4832 7101 7844 4802 4773 2975 10281 4315 4285 1926 17868 9205 378 17037 10580 6874 6361 2016 15820 18932 18193 4443
694 4143 10233 18476 2924 15222 13589 16717 1087 5260 16818 9287 8936 6443 12660 10632 5960 19928 7346 13284 4375 1236 15058 17286 14632 9038
590 11251 8593 13161 17791 3932 6808 7392 10538 10920 3404 8130 13285 11098 5107 11571 10265 11780 16296 10702 6541 12017 12194 18286 15997 12068
4544 1524 13495 9274 18228 19271 901 12820 10477 12103 8613 6918 6189 8374 12172 15016 5586 14810 5219 14901 13848 11751 3006 10095 19507 5593
17538 1894 9644 4950 12379 3498 19682 7826 19828 3610 17777 2446 6345 16721 2056 8121 9636 18605 10005 1204 14351 7976 7271 10733 1722 9300
10512 17696 18506 7836 12757 483 10655 12762 12777 8967 16936 12338 8365 15788 14056 11330 14640 16274 12389 7587 10159 4280 12231 18479 14997 4044
15190 16414 691 18637 3553 8864 5724 5492 7853 16434 10545 19950 11055 10046 1779 12865 5824 586 13157 9457 18741 11976 19021 7211 9810 1805
16489 18341 2483 8265 4968 11193 16347 16882 15589 6362 1084 15844 17557 1856 5656 13938 11376 2953 7424 13317 9721 15549 6404 9094 1644 16503
16416 9179 16389 5447 8037 2353 5391 12839 5864 2396 1699 1434 10236 10833 7812 10978 16835 9372 8409 12826 5572 14101 8586 11976 1761 4756
6190 7723 10241 590 18702 14931 19512 4802 3429 12965 9831 17951 1059 12473 12453 18192 16414 15546 16273 10956 13910 1617 17708 1079 15504 16306
9181 4647 17183 17104 14947 10081 18869 7750 19176 2909 17678 2891 12147 19349 11024 467 6493 9682 7956 18813 8330 5754 7516 10529 17857 8513
3152 4940 4636 4519 9806 13577 11635 6858 7810 17567 501 7596 1859 15271 4662 6926 11004 12034 4363 8497 7518 16629 8564 18094 11073 744
899 2001 14511 6072 635 4973 3148 9374 14035 12615 3899 762 1422 7427 14538 1702 18101 10687 12791 6239 17973 5849 6903 10344 10019 6730
7005 16184 2086 15429 17400 17423 6196 1917 5592 3231 10020 5539 13235 17127 3252 18939 15557 655 17163 10178 332 563 18668 3764 16428 8103
12056 5839 1071 6814 10933 12773 15850 15541 18444 863 6401 18807 6862 15741 17691 13930 2409 7011 15036 17463 15177 16281 3760 12177 15730 8608
4604 12007 9543 10600 8396 13748 16305 11065 4166 1538 19662 19834 7687 458 9533 14297 4065 12716 18750 1572 10471 10364 19297 10389 2650 17696
5812 4957 6640 18335 19214 1151 5256 3068 15296 17918 821 19641 15768 12235 484 17306 4337 8145 745 9321 17025 15325 9180 7235 17138 12625
5707 15345 15076 93 636 3065 7834 16986 15596 6161 212 9729 12152 3725 18917 15840 1965 4291 1275 4692 11509 12718 8050 7351 6930 5792
4084 15297 16424 12021 16030 18090 11046 16821 14548 6882 7433 7386 7667 6527 3953 10099 19349 15207 3937 18345 12383 18966 8752 15736 13016 12064
1821 876 6106 8400 1614 16585 14148 3700 12242 8007 11443 3585 3650 14135 9080 4074 2851 2187 17946 7162 17708 16068 6759 14739 15775 833
1995 281 17201 10411 18547 15360 905 13367 9037 9311 4387 8979 11892 4489 203 6215 8723 4295 4634 4561 10480 7850 10545 1501 3368 19460
5874 19047 15172 5457 16810 13352 1441 7282 5294 14036 18749 5386 3144 5469 4723 1207 6288 325 11044 6496 553 8622 14959 4054 1783 14949
7512 7404 5819 19190 19459 5788 1833 3664 157 4782 16815 16376 2626 3531 14093 4984 11036 19998 12481 11281 6220 10411 9131 2412 16977 3158
6975 6284 19615 11805 12065 10638 4742 12341 18925 7035 12810 5197 6745 616 1078 2339 12668 18271 9949 13724 10657 4635 7772 10762 9202 11277
8941 7719 18870 7515 17509 11644 16923 10178 15152 17647 17931 15640 2775 14332 12705 14415 14724 17058 3180 19893 6899 586 3197 9131 6410 13772
19499 19117 280 8725 9976 2431 14237 3419 16046 8261 306 5172 10218 14498 6794 12411 17665 4800 19612 17184 6118 6559 17742 1021 5434 15315
13401 11385 3985 3881 5471 6285 13233 15761 2481 3101 14221 14817 5955 15555 445 15153 14649 16412 15216 19546 12216 7032 17549 4321 18028 5441
10680 5333 16620 12887 17568 3726 9820 3131 10988 17008 18587 14223 15993 16652 10726 17354 16386 5175 2691 2553 9368 16193 78 12124 2325 15724
9468 4575 11762 7217 10963 939 4218 1044 13856 12446 18098 5483 7649 11177 7642 16441 9781 6787 11535 12836 1400 17094 17483 695 17524 18129
2947 15805 14192 16756 5641 15241 2453 6413 19132 15830 12347 2445 15978 6756 14284 13622 11242 8799 18098 18589 13330 12702 15991 3447 11659 6912
18566 7048 14065 7490 5136 4502 6661 5175 15580 19849 19335 11736 9222 6259 5484 12117 12641 137 1831 15251 15038 8719 14725 9629 15201 3389
15397 8232 485 13749 5752 4820 18910 12375 12942 13847 11996 14657 16235 1244 1356 6428 9996 3283 13984 12266 3863 4190 3145 18125 4968 5323
8201 4174 8999 2039 3525 3660 6998 91 17296 14429 7526 19590 18341 17752 6653 10010 16256 13547 11985 920 19221 14886 12021 15325 6842 19160
3053 17343 14299 10059 18287 18792 5298 5612 8384 194 11648 4388 861 16161 5344 16149 10488 10596 19358 13344 15513 18431 1573 12969 19067 4243
15871 6141 6748 9019 15771 2673 11336 15565 16550 7519 7461 818 16257 2563 3412 18873 16132 10754 3544 17713 12150 15547 12399 16321 1160 7786
668 1278 18692 11096 10078 12037 10123 8731 3949 16835 1946 15345 18547 8732 757 5102 3272 19105 13244 6462 15404 14418 16198 19143 5440 5439
2145 15971 18866 1996 10997 10263 17503 2551 18810 10707 4923 17350 9230 3844 265 13840 991 19813 19074 4489 6201 4528 19391 18379 12764 10904
4062 12956 18154 8849 3855 5828 9977 3364 4629 6936 16629 3506 10678 19935 4329 3312 1 6667 7754 11453 12110 905 15980 14396 19109 6851
3996 4996 16745 19452 1246 2052 3840 14841 1795 18721 4146 8971 1831 17713 7482 8631 3755 8048 17970 16303 4990 19580 15939 18391 10018 9628
14704 312 2849 17796 3499 19712 17496 13671 3640 14621 4974 7334 11371 19855 17501 13246 10763 1540 5159 5982 6644 15158 4700 7508 6038 10928
8666 18255 11039 4941 15311 18530 1752 12758 5563 13432 2921 8959 15771 13432 19684 9857 17912 9867 1683 1185 19417 5313 3456 9815 2155 6088
14011 19612 73 18371 12738 9984 4792 3662 7625 9047 19175 12720 14707 7972 3166 678 16766 922 11711 14088 3319 910 8469 11090 6276 13183
3473 5303 14371 16632 7373 4534 19241 352 12581 17622 12273 17832 12708 12040 16941 13923 16829 4354 7343 10491 13972 9294 12331 11249 5875 2842
3169 9062 9706 12860 5633 9982 17016 17062 19094 2674 1568 18377 3343 10321 19357 12518 5754 9456 551 11098 8675 13136 12017 14331 11426 3004
11455 5867 8193 13311 16086 499 5053 11704 14931 14190 11311 18520 16942 6917 9836 6710 10938 18127 19721 8005 17150 1612 496 13206 10863 7309
15137 19901 5397 10679 16825 5930 16513 15964 275 7497 13430 10254 1681 7979 18964 8809 4950 14994 9717 7883 3215 14752 2454 9491 5909 16677
4377 7412 10960 10775 8715 6397 16802 10692 3050 5335 15126 9069 12167 19242 18274 16398 5401 12528 9758 8472 7106 887 15639 4122 17507 14583
3224 8266 3212 19944 6483 4001 6359 17038 1414 99 7026 16083 18814 18557 3037 10789 12651 1233 17844 9861 7424 10675 16579 6875 2319 14323
7029 2682 11858 9493 141 6366 11025 4468 18957 16183 5310 8277 17107 8449 372 5211 14202 4773 18718 19148 19674 16081 8128 2457 3763 2570
1884 5958 3126 8001 10420 14299 2681 18417 7638 18205 17822 12838 15142 6247 5321 17913 14611 4384 13029 15579 5983 18213 6196 17482 4636 2398
18998 13286 10786 6167 18793 1864 12049 1451 996 19251 11812 133 7209 16566 13226 19958 14522 6076 5523 10517 18534 13521 11032 4405 9303 7580
5454 5405 367 19522 19032 2503 11028 10308 5462 14093 18305 18147 2970 2411 13662 14745 3618 1432 15543 14791 6065 4931 4161 902 1548 11148
9616 13218 728 5335 6664 3857 14830 19379 5919 3424 3239 8400 7258 11976 18635 6574 11519 9508 16747 6552 18705 3660 10563 13121 5853 18523
17584 11892 8959 14474 12875 18076 7493 588 11686 1511 1229 1137 5853 17569 10101 14363 5958 15402 2661 12092 2610 8878 8775 17753 1420 13276
13524 8110 4206 15592 14172 19452 12189 13592 17066 10350 9790 4867 5614 925 9293 1980 756 4935 4238 12454 11670 9220 18356 10294 18816 8465
149 7086 12983 1761 9929 11881 10598 5294 2073 15901 7778 18936 6485 13552 15409 16775 2516 13084 14365 5810 10189 8916 8826 11229 6028 10173
6883 5061 12705 17530 4732 4584 8688 6047 8510 5977 16864 17034 6097 19007 13343 2089 19345 13841 6786 8751 13417 16605 19890 8221 8649 11558
4259 18153 12528 15564 10141 12720 16138 16443 320 1705 2852 4523 17240 867 1234 5410 599 14304 12818 7423 4194 16934 10927 9697 19742 606
2852 2025 12530 8309 11839 13473 13012 12456 2382 19604 3379 18150 11365 18873 18588 14699 18022 4888 18048 12826 13553 7705 4501 15073 12966 17630
9948 1610 6377 8540 19521 9396 7582 6184 3256 5601 5069 15147 994 15668 15395 4250 12912 17468 17213 744 19903 1825 15980 12286 16447 6927
11997 12346 9626 3873 19376 15255 15554 16010 10256 15943 14923 16678 9173 11686 3537 1199 8633 7284 8769 4999 2838 11919 3181 843 8979 2180
11876 6485 2027 11687 13802 9474 11195 16247 5523 14350 17115 1741 14143 13962 19532 12067 6345 3240 18924 7900 16161 11948 10631 9833 2761 12533
17842 11898 14063 16028 3581 16890 15939 11067 15592 15470 5028 3047 2439 11142 18448 11736 6745 13655 6739 11192 80 8656 3154 13530 8635 17346
2856 9411 18727 13107 12164 15961 18 12623 4330 5646 18935 13246 9235 8620 11721 16079 18341 1742 18531 16397 17403 1640 11218 10205 4894 672
5218 2261 18776 8019 19943 14931 2285 8240 11249 16438 1486 17378 11133 10632 12067 18628 15172 19572 4106 5055 14937 14468 12635 10730 16939 2183
11604 3890 1746 507 19756 15111 463 15277 811 10729 12128 18446 6345 3467 17241 17511 16871 9264 11342 15568 10978 8990 10091 30 16855 2647
16888 586 11952 10912 12601 6368 12500 103 14695 9667 9461 14932 15512 14826 4453 6152 5686 8775 13398 1983 8029 10090 6608 7286 18246 193
11841 3537 5065 15277 10198 18486 4508 3649 3498 11235 17757 12356 728 13387 15822 15080 11816 19800 12842 13369 12371 17251 9184 7481 12589 5717
17113 15236 1936 13404 17112 5342 13808 15044 17666 6738 9507 15482 14196 6290 3630 10596 12803 19229 13039 13423 16955 3570 1600 6752 19285 5992
5838 12321 9862 14256 4694 1038 12363 16180 2602 7859 7902 3133 6274 13087 234 7894 11410 11180 6678 13296 15673 19853 12402 6559 9879 16054
15829 1140 976 4581 5735 17092 5454 13489 16038 16776 1099 6198 17673 19499 6079 4079 7286 14161 2202 15302 19724 1001 10025 11193 9534 6818
13686 12374 6563 7251 10084 10506 7498 7376 8058 7892 19493 6705 19802 7672 14594 10317 3409 5284 13375 13666 12980 17872 10700 7935 4713 2810
13323 14715 10147 2469 14693 3588 10471 9067 11464 15333 15694 15785 8205 154 6148 18811 16953 6171 18767 11973 6234 10317 9346 7604 19942 1730
19433 12407 6506 6166 9275 10748 2630 3791 12201 13856 17268 3316 10305 4728 14772 12240 10209 4390 11842 629 14226 16714 8881 9406 18731 6574
712 13852 11437 12603 7354 6240 5488 1208 4415 5081 10107 11899 1884 18538 678 3001 66 18931 16395 18517 9748 19054 8392 11157 7664 14529
5666 17657 14008 2307 908 7898 16322 2471 1567 16291 15659 10261 15815 3006 4952 13947 3453 15868 10491 12634 10136 16831 13059 1375 15320 15440
5036 12027 17935 13282 16572 9131 12796 7464 19434 6228 8933 12178 1725 10346 7668 12224 16065 10172 6964 3061 12982 11233 11013 15746 18541 9840
4565 10231 8693 2023 4928 7095 6 2737 10845 5661 13486 8497 19615 4156 1461 9646 1361 14811 14325 15359 9603 13980 19937 176 4707 10994
3603 8732 6923 5476 10944 5079 7788 16860 2743 13289 1831 12332 17016 2147 5816 201 15822 2956 13078 11522 1863 11521 16972 2266 212 15538
1175 15359 1540 8609 6698 10180 12413 13212 16513 7068 3981 18943 6206 16554 6611 14042 8558 9012 18537 17272 11778 16432 7405 493 9179 8630
12946 16775 2463 13492 15417 8829 19264 19516 4407 10219 15336 2026 3190 17370 16490 17544 1938 11807 4693 18599 6858 7752 10628 6379 17844 5907
17073 18124 8558 19815 8778 14517 12794 18644 7484 13308 6379 14082 9913 217 10406 19749 4067 11638 9189 5280 16098 16455 17578 3484 14449 12822
13518 11332 9254 6723 8666 7416 828 1643 12464 7308 16286 10116 1865 18709 4776 19278 8854 18365 3323 17941 2514 9954 19334 13870 16218 16402
4401 16826 5379 13161 17467 18982 11755 18304 1297 8002 869 15165 17398 424 6055 17138 7298 18779 17112 17010 7771 15596 3679 5309 9875 8241
6415 3606 14144 864 12753 3877 3794 4857 14532 5343 9711 6123 10703 7286 1590 16835 11832 15461 1431 17136 19690 8395 12463 13050 9996 254
3949 7633 16169 19109 8748 18420 14495 12225 15394 8293 4397 2350 13983 18898 3547 10675 12084 6947 11144 10471 8850 14043 15187 2488 4129 6191
16044 15981 6363 9750 3650 6625 10655 476 16277 17887 8965 16890 15127 7059 10577 7801 14988 8752 11510 19923 2723 14427 9060 12593 628 9875
16536 3083 11557 3977 4698 9810 424 5126 14337 9392 17149 10267 5891 12134 8933 6257 19471 2732 19328 16060 2580 17876 7339 5904 1230 4687
2514 13132 13524 13967 3620 607 9377 10972 9063 15884 11733 16843 10872 12214 2786 12583 9528 16070 15658 2697 1305 16120 12126 9649 8950 15470
5142 14562 2123 17772 12712 16713 177 11270 18465 2112 1646 18476 10490 5220 11968 16655 7779 3853 17566 16717 5687 7104 16193 13338 4963 11350
2120 5951 12143 18384 14563 9239 999 14636 17408 15133 16964 2834 13504 17880 525 14943 14792 3601 8672 2583 730 15838 5469 2321 12235 15887
8666 3034 19502 9360 15819 16891 8922 5218 7036 19902 17993 10002 7988 2780 18061 8171 13560 12413 13700 12939 12606 5169 7397 8151 2569 978
5732 6349 11969 9381 8365 3605 9725 4460 9011 3603 18167 800 7211 5464 8048 12803 14711 8346 5923 11706 7441 11020 12535 9632 15236 4658
5940 12064 49 6026 9175 6511 8100 6281 16591 9932 10756 10293 14132 13010 17083 1630 18070 8381 9478 13756 7573 5317 3200 18715 4560 13958
19611 2748 13268 5623 16676 4022 1308 16975 8088 7685 13188 5045 415 9961 5177 13253 13891 15717 917 18265 4688 11902 9692 4779 10184 15071
8023 1885 18681 15988 12864 1613 13812 4989 19836 18669 10758 2877 12929 9450 6636 17127 11885 19532 8809 9310 509 9210 12042 16704 12617 6278
17223 16632 6147 19656 14403 7635 9638 10709 9549 9819 19208 13111 1958 14535 2599 1562 7451 10827 7361 7479 6631 5341 1664 17627 14741 15414
4714 11394 2251 6720 17641 10264 10904 14718 17079 13738 977 8468 19337 10094 11402 11102 13403 1839 13858 14021 9409 17158 5448 15056 14298 13901
5662 16607 6768 17845 10886 9813 9217 10660 12309 7246 8587 16191 1789 11584 8510 40 13467 18514 4047 17533 817 758 8804 19621 9353 15919
1586 6762 13659 1713 10558 4145 11399 16019 18780 18303 19463 482 14667 5819 6941 5402 11659 11959 18630 447 3461 11442 5756 10681 13948 8281
12792 15019 2987 19149 12737 8445 12215 5819 3926 12700 2375 3777 9127 19535 7996 12502 5458 5719 2698 2474 2167 3741 19352 3504 12177 11131
1135 19210 15050 533 18121 13801 1257 17408 17914 6261 10580 11133 15574 17448 18080 2690 14410 5662 13295 7111 9126 10155 1737 15547 4127 6167
19716 2032 17755 10306 4482 2468 8675 2682 10682 1377 9130 3272 5501 375 12645 1135 6855 2153 6775 3555 18479 12513 2991 18433 543 16920
14407 498 18325 16490 15245 3176 7192 1816 16424 15747 16842 5770 17717 3945 3022 15522 93 13012 14516 10467 3173 5735 9437 10788 770 18326
8293 6567 4926 403 10576 9096 7148 3849 3865 16034 1518 7094 11435 4348 9901 11187 8739 4939 19518 7270 19733 17035 11011 17594 5087 9595
3811 17325 3315 7621 8258 7803 2084 13800 17751 3572 14076 14978 19436 18628 1662 5725 12728 17242 2205 10525 15454 8385 12639 3861 3178 10501
19513 194 8385 4021 9302 12669 11075 8988 16928 10145 4279 11794 13858 2552 5099 9434 7721 9001 8201 2198 8331 16862 9514 4523 14642 8140
4989 10604 12653 7547 18138 1290 11234 11983 19749 10255 2653 16353 18616 1082 15339 5001 2738 3331 887 6633 6871 12131 15295 4220 8864 14478
16954 7783 16563 17038 16729 6477 8026 12291 16049 10804 3206 2739 16373 17700 4410 2957 1450 7215 1042 16646 89 17316 19848 11049 5192 7784
7862 1824 11536 9800 8780 4015 3860 15186 1088 18288 18519 1309 4234 237 18267 6789 8138 6406 15058 4473 1954 776 8046 11149 5434 15764
10617 12341 2819 4100 17266 14913 19876 10250 1991 10195 15368 7402 4431 19422 18900 3797 18219 10366 158 464 10457 11487 12881 10255 11230 17438
9899 12812 5419 15138 248 6616 16204 3215 8272 9240 2133 8085 9200 19475 12954 16998 10431 3769 13955 8940 946 16411 9040 15413 7695 3480
14061 11725 14693 272 7760 241 4168 17613 2110 12802 3250 15399 2570 14432 10979 15431 5390 4522 2010 12195 9364 9690 10980 7602 18532 2172
9953 1677 12340 14024 1508 11676 18513 9491 17689 1722 12093 15714 1900 17124 2000 1893 13642 16372 8919 1181 16291 16139 423 1060 3461 9121
13112 17956 4710 425 13394 14689 8938 14932 19316 10766 13415 4919 15196 16986 4566 15734 1229 954 1064 7181 324 4979 6240 19480 4247 10900
1186 12674 8648 15413 12098 6493 13170 13641 7154 13576 9331 3191 15231 12251 16472 3071 3297 12690 7839 3638 16634 3332 4611 8113 11547 16219
13782 13329 14674 16708 10550 12599 1046 951 9950 3257 9342 17018 11412 17866 19647 12878 2827 11044 18946 14545 8059 10202 6043 5289 1717 7684
16290 19839 11695 2048 5565 9838 16894 16030 3426 11907 6911 5255 19019 12885 3045 8011 10928 13051 8926 7311 12267 3278 2861 18824 15802 6153
14903 12092 8841 6288 6973 9330 87 9008 1668 5643 18747 9955 2437 18991 17480 7450 19639 10383 2603 13948 16531 8561 1520 5657 4988 12693
4575 11236 8396 10440 15245 18847 2527 3011 7699 9875 16152 8101 4624 3609 6136 9109 6682 6699 12929 16815 8705 17248 5492 15475 2560 12074
10014 519 5965 15598 16517 4730 6081 15453 5710 10551 31 16966 4245 14684 5633 4119 13209 687 15976 9386 758 12783 12802 6007 1250 15515
7927 16805 10001 9632 34 11055 186 2836 193 1098 18418 9301 1770 18414 7993 11063 7520 7439 11559 12223 18505 8719 1707 7622 14520 19211
11813 6247 13228 3463 18381 8894 13786 12891 2558 3731 5800 12603 6765 16690 9090 15275 6001 6012 7971 13167 6216 11189 10971 3776 5158 13602
7216 17004 13875 15799 15503 10004 11255 3070 4862 1598 18356 1780 5435 7430 3083 2845 19318 19943 3474 17671 11877 17826 7754 16210 10243 344
506 15287 14304 15315 3921 7398 12798 15948 10490 3429 17280 146 1234 10006 50 9149 13472 14587 9193 4926 5214 8183 3696 17643 3828 7793
5562 3649 2973 14398 1398 15975 14960 5845 3742 15872 495 14863 16182 276 2492 10674 8085 11042 11981 6875 16245 1183 12703 1596 3528 16450
17090 4073 3984 13168 9823 3763 4190 4700 13804 10229 8729 5276 10057 16862 3482 19732 14294 13357 15876 10058 1270 18089 13670 5728 13312 10585
16657 17733 3030 5650 9210 12266 1942 9372 17006 949 8767 6353 3974 3495 8844 15729 5359 15244 17977 528 10222 13932 6498 2602 11379 6046
14703 19926 13449 9473 2766 11569 18192 7155 4378 7789 7372 12373 18750 6984 15852 19275 15703 1557 4316 11538 7484 10869 18231 19388 8326 12728
8763 18181 7294 19484 11477 2009 15604 9127 10874 5703 11247 17279 3591 9685 4777 15554 15803 96 5826 12885 4509 2674 18077 3612 5734 10502
2373 14151 17440 4360 12457 19767 4328 15628 16161 10266 4555 17845 14738 5547 9291 14065 14920 18332 13802 12348 3635 12679 17445 9005 17307 5191
5127 1328 8110 13801 5364 8480 8807 17385 17661 9521 10693 4268 11818 2317 6749 14274 15437 14633 12348 8436 7974 18584 15911 5699 19240 4232
14514 13232 14954 10449 2428 13171 3133 5480 2927 14535 11755 11026 635 10476 19669 1673 5225 16006 477 6632 4503 2552 801 6281 5986 18747
1031 307 19592 19989 14995 11236 11616 18602 6342 12740 19501 9336 939 4482 19488 18655 8595 7775 7854 6016 977 10027 3768 5444 18836 18271
19297 19374 13218 17856 12296 6090 16646 4392 18060 117 12464 873 17099 12684 19525 17621 6216 13560 486 12026 4365 575 11182 18022 11779 541
14773 2396 19944 3492 6110 19112 14243 15031 14700 8341 4207 4587 3615 13286 11958 5199 6810 2093 5214 17093 18520 14961 17478 8713 2202 5179
8336 3305 3682 16946 9580 9683 4999 9688 18831 13369 5956 6386 6633 7499 9012 3099 8326 7805 3050 11717 17541 4657 18447 5999 15795 2394
4244 2930 12721 2099 15620 7900 13619 19570 11580 11087 16565 2396 17625 1848 16829 10981 1600 2600 12943 19772 14877 2393 9976 4775 13102 6299
1369 12414 3608 11859 6958 16067 19147 1174 2305 11585 8233 18380 7038 10131 4935 2974 754 6818 6818 15663 12847 11579 8066 17783 9347 12035
6050 4981 4861 581 6835 4678 13836 14501 3104 8587 3671 1905 17441 7939 1574 18912 12476 10314 12522 19125 14883 12467 9749 993 9732 15991
3347 1849 12328 4348 619 15593 11495 18290 9831 2035 11164 3547 9577 3375 7325 5097 8289 270 8521 16907 9674 4349 18818 14604 3334 2142
1145 16971 11788 17917 14348 4156 19984 13277 10596 4725 16510 4384 1847 14686 1330 13788 2905 10393 7052 8885 4364 5052 5167 17878 5140 10032
4682 10319 765 13341 14266 19787 16410 1063 8182 8804 7468 15401 2966 15260 18240 9420 14255 9317 5731 16152 17789 14525 13785 4864 16301 5354
15440 2583 16833 6989 6449 14479 8405 14611 11544 138 7448 2427 6866 9677 12017 16343 352 2966 16845 4005 19939 13019 2148 14083 10298 10843
5277 4172 6938 10274 15281 17935 19245 18540 7326 18312 17950 15030 1501 15603 153 10575 2277 18867 4606 5012 5474 10341 19268 8223 4461 4948
143 2335 1531 15907 12564 14921 11884 19856 14085 4498 14200 10938 18489 15170 6744 10867 3217 89 8788 18834 7797 8923 19207 8689 10574 15174
17110 5211 7860 9618 8209 13778 840 2371 19363 8155 6921 5231 15167 4482 11421 18701 6404 11580 7555 1443 4999 15269 2530 17216 9885 19776
16179 18362 8876 15943 5947 5673 6839 15991 19677 9527 1671 15774 5091 2708 19153 17847 523 15837 16480 3214 9428 1758 1545 5329 18302 15021
11873 19500 17767 13441 17875 16049 4047 7341 11151 6361 5571 12828 8887 2799 13787 16382 9064 7704 5105 5438 6529 7061 15136 13381 19712 2187
7689 1978 17616 13597 11756 8276 6026 2839 8068 3466 18755 13861 16831 2809 7091 1087 5140 17682 2281 17819 10446 6354 11195 19518 12494 18664
7444 15580 6867 6664 15132 4894 10247 4566 12889 13424 7360 19857 7332 16433 5654 16481 13374 5832 11962 16656 18496 14195 4839 8506 13153 5144
13278 1480 3187 14842 4072 6648 9473 7622 10205 2769 1337 9538 15359 5538 14031 17427 165 16639 786 12466 9494 15969 15546 10442 14578 3229
5739 12896 1184 16482 1573 3365 826 4436 8156 1315 4914 973 512 18130 7600 4769 17677 1445 8885 7700 10553 3349 8032 5957 1711 18355
12148 18800 19813 13479 13096 12256 2427 19611 8107 12983 1599 4816 6053 10794 796 14763 18369 1295 14040 19535 19636 7141 10442 18658 8330 2772
5611 10598 12552 5541 10591 16927 18017 14345 5504 4671 7174 11769 19284 411 14651 17474 9234 15680 15993 15656 1561 17299 13370 17898 19828 10344
5828 6373 11226 15067 7894 4139 15907 9180 17439 13792 16513 17521 19353 19305 14187 4483 11650 2458 15712 14768 14076 15719 4207 15901 15958 18128
8747 10092 430 10489 8182 7232 17531 14726 5028 14602 14555 19613 5599 16101 18082 19686 2217 6460 1634 2232 340 18912 12793 19231 12963 5991
14055 11286 378 7710 1290 14566 18210 1107 5439 10493 2804 19000 1146 6796 12651 8570 13593 10465 340 9828 2171 671 7300 3843 4788 11936
4299 3481 17291 2790 1043 18426 366 14621 17997 4392 15866 12349 2790 10063 8925 2184 5064 13575 11247 5412 8310 7274 13284 14164 5762 9055
16130 7030 6933 19461 12432 3871 1097 2367 11641 9980 1007 3023 11103 95 8692 12423 18078 16457 18268 18518 14477 7565 7131 18277 12592 15124
13264 9405 16785 13215 12867 9256 5051 5197 16300 6279 9503 6105 10950 5272 1253 18292 19774 12385 1597 7713 13833 3683 5114 17525 4398 18859
6566 19144 13403 3250 10679 4671 12720 11374 8947 9155 6555 10382 6020 5795 7929 1678 11018 16272 2516 15392 4823 11843 12205 18815 12748 5750
18308 233 3934 2855 9261 4367 16424 2177 3717 6283 16396 17880 341 15991 13865 2022 2790 943 18888 19137 10419 18708 17796 19227 13081 12744
17238 16080 7851 8737 18792 12898 117 14533 13584 10348 3020 11846 12968 19683 1457 9548 1767 4994 5527 11761 7886 16012 18128 13927 12082 8324
6521 13003 14051 12028 6447 1970 5023 11559 1817 3989 621 2905 5980 13254 19119 3026 8936 10265 12019 14984 3780 6086 6390 7980 5926 2025
4703 19714 18996 13531 6367 11020 1240 2819 3706 517 13849 17791 1290 136 7741 15203 11972 14760 18719 9526 15324 4958 9226 12731 16883 6956
10746 15065 1629 5492 13728 5174 5016 2148 12014 12976 16685 7657 16104 12374 3627 14245 16324 16341 3454 7617 13599 14806 8266 5921 13086 18039
7825 3205 6864 17394 7214 4465 19825 13104 15764 12666 13784 13987 14853 856 17068 9242 13633 16637 1611 17976 19001 7555 20 5610 2903 7489
17345 14125 10342 4684 1777 11294 12209 9179 19349 7852 19401 3091 1655 16192 3761 11793 562 6176 10651 12283 3696 974 12932 13769 18965 2395
8232 10678 18428 15635 3367 6338 3251 7732 6686 16853 4255 204 12422 11159 18159 11956 3819 9266 916 5222 17293 17654 15423 19736 10467 16329
19139 2493 3430 17503 13486 7027 1024 14710 18115 11957 6733 14078 15865 1899 16288 5802 4190 18441 9909 8603 16423 15382 3488 13664 5154 4310
16421 1221 13166 6903 5426 15464 1017 17341 3343 4867 8603 19045 676 8871 2182 10692 18653 1753 7024 18060 3762 16842 16445 4303 9105 19293
12736 16838 153 3474 13040 2866 9522 11675 17446 3433 12700 8617 17861 7155 5599 7731 3482 702 6669 9809 4118 2900 2797 3552 13593 10847
11499 15799 2398 7741 4089 16063 8725 5498 8651 11010 19152 14542 3760 3375 9492 7261 3662 4396 4686 997 13808 13935 16605 18023 8090 12198
1788 7547 1865 8710 10791 19544 11352 17358 11131 13469 12831 18104 2482 4293 8715 14777 2318 3350 11696 11545 3497 10485 4023 11330 17308 2144
15904 14850 13505 16194 1060 17517 4159 17763 5006 18641 1637 135 10317 16913 9121 6407 11820 8338 6688 109 9069 16008 4531 1414 19393 1027
6356 9853 14575 14736 18809 12665 8024 7858 14772 13729 11463 8291 13351 5869 14411 18199 5385 132 16209 12234 1893 6133 16836 18463 17807 8655
17124 8149 13683 16634 15463 12481 8723 4164 6307 16846 5106 19682 1231 2053 3454 15176 10067 9312 15762 4031 9115 3770 10513 16184 6833 16677
11192 13380 7318 1992 4006 14583 12484 6245 1877 16272 10509 48 15732 12984 373 15314 6674 6594 18490 4488 17789 11238 16440 10452 1770 8769
6949 4315 4913 14209 6001 9835 900 10408 11424 11081 13572 5032 6893 12427 665 14599 10754 15182 3780 1 15250 13222 2 15146 14707 17204
6338 18422 1393 9845 535 18834 2792 7014 11139 18287 6192 7694 3998 19142 18775 422 16670 10793 10642 10944 16619 8363 11791 15041 8207 300
8884 1580 4622 5291 14633 10408 13931 7711 19085 10544 8733 3646 1428 12951 4143 3152 11990 13404 2513 2273 10308 5406 15603 13143 856 15795
16730 5855 19146 15017 15078 9439 11865 15076 278 14869 4235 5425 18481 14388 16401 1483 14071 7744 15102 18067 3062 19571 18316 14363 7561 3635
13479 6446 10704 7950 17119 5131 1609 19762 13803 2847 3840 12178 18134 5228 10766 4317 6967 6103 3942 13413 11399 18773 5404 5339 10408 18579
11885 15899 5963 3499 8994 10508 12972 15021 4360 15307 13095 8322 5964 2324 1716 8816 10194 13744 2038 2830 1509 16893 13182 8696 18580 9684
17530 10623 3457 6502 273 6872 5090 14423 18037 11850 9217 19453 5070 6928 2492 19169 1931 1493 4513 15884 8442 2775 3843 1071 7942 4777
9032 6996 3579 301 6543 6828 6733 14334 1148 12466 7410 17033 6773 2270 14441 13254 17239 7556 5949 7110 3628 454 2319 19065 4962 17954
7822 15194 17353 13292 9923 4044 10017 13538 4287 13909 16 1639 12223 3595 4550 9604 13592 19485 12908 14637 6015 5528 15302 18207 15143 13105
18952 421 4616 3331 1861 16438 13232 3796 12468 12641 17519 18804 18467 18439 1930 16493 4852 8510 1350 10812 19183 9262 17212 752 2135 9776
18731 5987 8425 4587 7449 17694 14031 13554 1753 2669 11985 19173 6777 13036 14907 15923 7181 6112 2761 10945 9164 13825 5682 2936 17022 2537
6875 11305 1489 14400 7942 947 14994 13985 6002 16077 10775 5089 10456 10291 9286 18638 465 13841 5839 7946 5049 5656 12350 7856 14315 215
14153 7086 13230 1297 5495 2690 8887 2608 9724 10793 10416 11879 9968 15271 5873 7240 4512 18999 6116 5134 3585 4549 10959 11504 2299 705
9339 12652 4668 8669 3407 13440 18458 13649 13423 7563 8529 18906 8516 6547 18645 17993 13503 11478 5232 9352 1000 14732 13342 16618 11217 4688
5418 16478 9295 8795 2858 11009 19286 17916 8424 4662 19415 14858 18842 18346 2601 5363 3503 15253 5375 13873 9758 6786 13673 5278 19255 8808
1131 19689 13614 16528 7002 4615 4181 16560 11993 8477 10775 16627 10104 8301 14761 6189 6220 14946 8928 13909 3785 13854 16205 19666 15644 9164
10720 1384 10771 4635 19147 6153 6246 17011 10644 19357 12004 8112 19621 8916 2252 13364 13269 2020 3367 19685 1957 9603 7431 13429 13472 2645
8900 17225 6884 2647 6135 11136 841 418 5168 17491 18469 19197 3726 16840 720 11610 6876 7750 7976 1197 17179 15191 15705 16850 18355 13712
12279 10526 8000 18644 11242 5629 15438 17015 11828 1527 16511 10394 4198 9166 12635 18962 6593 7694 18147 17123 7352 14550 18606 11935 7084 15475
18699 2897 18266 5389 13524 12053 18 16452 9728 1286 8464 13070 11052 347 13419 17174 5066 14273 10552 7469 17682 16769 11918 18539 16526 11174
7294 3808 8769 5077 6004 10193 5935 3298 14293 14670 1810 700 17347 6544 11163 9214 4997 19151 7157 7270 5051 15452 9251 3539 5449 6327
9587 17759 11033 2859 13306 11979 17571 7875 11118 14199 7995 11271 11273 6406 15970 15576 18158 2109 17110 9983 18531 9582 8598 11054 19581 5085
17003 7279 163 11680 13242 9811 3927 6281 1312 18433 13395 6255 12647 16432 1347 15091 7102 18161 5292 11644 18692 7179 14617 7510 9909 507
3513 8970 11656 1063 9347 13278 1318 9709 6330 11381 11814 3787 6344 19508 486 3410 8580 10935 13092 15648 3988 13165 1697 13980 11170 6910
15440 11003 15727 15971 953 1653 2130 1910 8786 13983 15351 5112 8185 17267 8538 15334 5001 2949 223 16099 12962 976 14523 978 10987 0
9325 15571 15143 1716 9327 813 7298 18099 15355 14532 14074 13063 317 12458 10103 4070 11404 19251 10666 16718 748 15259 17527 3673 11683 7829
715 13594 3651 11763 15424 13638 6492 17288 8603 4945 18691 9139 16134 10885 5485 17209 649 19889 19842 16145 373 15781 15345 5432 9499 13746
6147 5148 3268 8838 11241 19478 3967 14506 7604 920 3868 14619 14578 17376 3271 6721 2804 5325 452 16760 11623 17006 5695 15018 4268 16451
10534 17300 7551 4406 18760 16702 19417 12192 1618 7245 1697 15920 12988 17696 7241 7897 10422 654 15797 10618 3100 2083 803 7131 11966 5507
11005 14131 15729 14370 17157 12869 1193 18110 19070 2493 14255 3871 18379 3553 13081 12230 1643 12943 5236 12034 13225 11548 17718 3864 14294 11855
8759 12727 18401 19665 8841 6801 213 8038 13499 9615 8683 8286 11617 7067 8958 9688 887 9639 14525 13028 5831 16140 3260 12785 5963 9276
7319 5773 8295 18342 4195 11451 17204 3709 10484 6570 12899 17804 8876 7526 15272 12744 13684 8568 15634 1472 3781 9801 19764 3715 9018 3673
19536 11981 3250 10451 9483 16522 16934 2920 1459 67 11272 291 2192 12028 14561 15825 19646 7457 14506 3626 7816 19164 3419 17260 12116 12144
17300 5681 14583 13905 18236 2538 6240 12453 10913 1789 4601 1869 11038 6271 11370 6508 13737 13599 1115 256 7842 8048 3548 2762 16067 15173
9443 5111 10218 19273 5372 12769 14020 696 7953 16084 4226 11137 9609 12667 19151 6378 19435 11113 13048 18205 7574 3800 9998 18905 10617 1539
566 16154 2525 8308 9516 16623 7135 10335 8182 19833 19648 1449 5812 2396 12495 1868 11159 14518 16370 8109 8898 654 12629 7395 5129 6678
9030 11682 5609 19713 17797 7694 706 16643 7291 3834 18292 16516 6249 14603 17085 4817 827 14596 11845 5626 3727 606 678 16532 8650 4697
15912 15133 14697 11639 5225 4789 19001 14185 11639 14040 18877 15057 5892 15093 11392 7711 8600 12049 19569 3071 12611 14736 18035 15625 16179 11640
16871 678 17138 12936 18406 8783 8054 7236 13303 13669 3463 9862 4467 16023 3457 591 2074 5711 8821 6221 10548 15583 2056 3858 6627 147
2204 5407 9204 1749 1573 8220 19539 9234 13230 11781 17997 16422 7074 11695 994 5110 18519 16231 3921 2248 12595 8661 6938 1989 9089 6700
11142 11556 14014 12278 12706 10952 9058 2309 12484 156 10836 12519 3520 13691 10452 19935 17937 1871 6187 4572 18131 11679 8391 18796 17052 19411
6898 2997 3203 5403 10248 10680 9306 2720 15307 13277 11922 3481 1208 13199 18128 2174 13886 16311 19178 6860 5542 8580 918 7569 3235 13213
8713 19129 3208 16169 4729 18879 292 16158 16111 13060 16982 15997 8966 4850 7655 11031 14685 5201 7043 9257 18547 16520 19240 455 8233 8773
15356 8563 6344 13545 14636 6082 9282 10839 2771 2358 11992 15116 10580 19741 2887 5445 17692 888 5099 16961 717 4864 3719 6719 7772 17272
11288 7394 13000 15815 3922 13704 14737 202 4582 18976 11177 8270 1057 462 6866 11280 11717 15742 1816 16496 14637 5721 9965 3361 15681 2139
8735 11448 19978 12950 5574 9518 2676 354 11713 1451 2709 3906 16286 7796 6276 2214 19985 3360 10339 5959 16958 16203 2453 6242 7063 16245
3727 3215 8408 1957 2729 13101 13585 8977 3033 7517 9975 7025 5407 18201 12477 13683 14340 6012 10047 6424 17215 2138 3304 9251 6809 3845
17654 5873 8900 4252 442 18518 10489 1458 12324 12046 8582 16878 18731 4500 297 692 12041 6812 14916 18179 4438 19546 10596 6994 17119 16671
5539 8739 5131 16467 8308 6532 19840 16207 18661 12157 3557 10662 4085 5482 15296 19488 14574 12712 14380 12500 12932 14764 7004 537 7434 4388
4361 2140 3825 15371 4085 14710 16031 15524 15164 18217 5556 19555 18940 10686 9463 2484 6623 5261 18573 18624 19133 8488 7602 5528 4283 16018
8971 19614 9634 10005 2562 3961 5172 9599 7344 11786 17327 19021 18625 17075 14080 6372 12187 7219 6813 13125 14624 5407 3622 7895 3947 12674
5049 17193 11511 18206 7544 14865 9692 3279 4159 8798 7362 8701 7545 5297 17457 17511 14705 7041 14914 2547 2074 6288 10204 1740 17860 9746
2870 8613 8269 18069 16492 3115 17952 13429 14193 14551 2217 1069 16329 207 11540 16479 1071 815 2542 7523 5968 6470 11145 5262 16682 2677
11615 14612 10862 5057 5738 9816 9492 81 18721 3274 644 17617 4057 1508 12335 14972 9665 4103 17321 16550 1112 8099 4451 1271 19023 360
15275 16062 14019 7044 14397 5883 19893 8542 13611 1598 9044 5147 7112 13020 10794 7955 14622 13308 3232 17104 8687 8580 1345 13785 8790 18717
16061 10742 8548 169 7427 13167 15834 405 10541 17637 2075 19147 5854 15215 2873 8045 10438 13325 4957 6043 10937 4732 6519 6042 1611 5028
13254 1342 2783 19740 5951 10409 234 5331 3778 19075 15774 19797 8082 14876 4258 18921 16955 988 3593 12170 2494 3478 16747 11231 14253 11826
14296 5126 9934 16166 15162 5977 18740 1141 2552 5903 7209 13112 13594 797 11552 8798 12775 10283 9033 103 10395 82 11036 17586 11421 19008
17063 10944 11337 796 13704 12283 57 19072 15293 2773 19339 3647 9408 4120 3896 19968 19599 9590 5894 5296 8380 17026 7983 13551 2345 9565
2744 19209 3803 13409 8941 4778 778 12863 3661 19530 11286 1220 2272 8485 17799 10868 2726 2472 17396 8101 3458 16378 1252 6580 12673 3036
6330 17250 1494 5757 11209 6257 6868 15195 9048 6929 8860 8643 19190 3360 7649 4768 16039 4155 8297 19476 8068 5039 6814 19673 2842 14016
15565 18885 18694 5408 3320 12271 13811 5917 12232 5386 15476 14235 17374 15581 15055 7148 2090 1571 8705 18417 16089 12793 3667 17864 9820 4272
