365
63 41 54 47 36 49 45 11 10 92 74 12 13 64 77 1 81 79 76 70 59 71 27 68 51 94
11884 16622 19769 1154 3061 14449 2477 1843 1257 9304 3234 12387 15969 1916 7878 13943 2393 19391 3727 15312 11600 4558 3066 13851 11373 14307
2715 3462 9225 14609 7127 7425 8499 14781 14070 7077 3817 19611 7174 4390 11036 11958 1964 501 3360 7501 8018 7211 8310 18223 9221 11839
7103 18918 5821 18610 4469 9951 9480 8502 5164 4199 5026 15394 11116 17572 12161 18844 12284 7113 4233 1564 19583 7214 8273 7700 12529 15440
12604 443 16247 4783 6512 13346 685 4129 19408 16947 5833 13430 6216 8419 14596 12707 9943 5000 2850 17633 13977 10579 5031 6112 17630 18636
18820 3664 2609 16386 12236 15313 2483 12064 18069 6836 13143 7708 6124 10785 18904 8714 5189 978 5952 8768 13107 15558 5294 4579 17338 12012
17761 19039 17207 8837 16265 14520 9900 12437 6700 15205 9458 9398 13183 12789 17384 7944 12093 16082 8604 3056 15441 4963 6404 16160 13986 17222
4291 10412 12152 16355 19880 4664 14805 1265 2574 13502 11818 11713 9599 6187 14354 16926 572 13824 7885 7255 14116 18762 12816 627 1825 14047
16825 7526 8681 19074 5759 3008 10660 15049 10511 8641 6483 5727 11794 19539 15575 9977 11150 2603 13910 8056 5081 19612 13370 2968 1329 3208
9573 13104 3888 5195 10079 1921 11402 4097 10481 19601 19034 5581 11899 16846 19799 2973 9072 12715 4403 11826 10142 511 10567 17503 16509 14398
6166 5048 8719 12802 3921 2284 7863 9773 7538 14687 9411 9051 1958 1144 10363 254 11534 5300 10802 508 5520 12510 5043 10852 15472 11933
2700 11909 19324 16962 16518 14453 9334 3 17774 10001 4666 10114 19777 14880 11641 7736 7151 3357 18263 19189 3628 16945 2585 14495 6118 2270
8819 16187 4368 1618 15103 4860 10862 3191 716 3342 14515 6802 3548 6443 14928 3085 1031 14051 19310 8735 27 13382 11444 2964 3838 19535
5568 4709 10360 18351 17203 2590 12577 2464 15013 4234 8345 5685 11162 15777 7551 15479 2439 5982 10143 16814 4616 617 6262 1744 3138 1725
5496 17911 1984 12021 10752 919 15541 17133 14024 18524 2875 917 2584 5498 6812 17321 16943 8631 10219 17173 3478 11102 12618 7313 8555 17880
12510 772 14059 6328 14829 3641 19149 19245 7403 10190 10802 11196 5077 590 13002 11990 11457 1248 13317 235 13938 10576 3758 3948 19338 2160
16833 1519 7716 4718 3110 12270 2166 18962 4824 19188 5509 12430 12437 5562 6753 15494 12808 16436 10498 9130 15349 4778 7803 4555 3008 7730
6955 14177 7546 17995 11684 19538 14672 1779 11318 12686 1800 3837 16114 2270 15428 19151 8998 8816 320 12881 9053 13413 5929 13479 623 16131
4920 6379 5350 12234 15052 2782 7011 13585 13952 19446 15653 2537 3079 17623 14044 6246 16626 17075 14068 10816 266 1002 13125 17251 15463 4415
6558 10742 9575 8596 12950 1648 6180 4165 397 4733 11984 904 13346 1666 6472 10227 13330 10841 6497 3119 15230 10490 5103 15256 11540 14974
15421 11726 19103 9092 8694 17005 17540 9805 8496 13892 952 2406 8665 9681 10479 4824 13152 1023 19988 12182 18751 6623 1647 6823 16448 10476
5082 12055 774 14413 10382 10965 17866 12020 6582 16833 3162 19831 11501 8273 193 9958 19392 13647 18363 9629 10241 19890 9965 285 18296 17211
16864 15248 14057 11407 15484 13046 7678 2485 18208 19371 15999 17229 13955 7968 4921 8055 5518 4650 6387 8860 2760 8728 3754 9170 15461 6540
18088 2089 18349 10973 1486 11759 18994 13048 7270 8533 6168 18201 4254 8069 1892 9315 19662 18358 9017 18117 13962 18595 19170 7421 17968 12588
15525 14000 10724 13758 4723 9131 6719 15928 2814 8300 9173 19078 8528 18629 2447 16487 17404 12766 8208 19335 11703 5945 17652 17505 7837 10420
8575 1473 3763 18676 2751 230 1868 3369 15273 3656 12977 380 13904 1170 11638 14620 356 7531 16860 14634 13836 3634 3844 9238 2674 3187
17356 1890 4493 12595 892 19682 9387 12654 6395 16819 17705 11064 12503 13520 10091 19236 15116 188 13055 15744 3894 13192 8451 14478 11963 10760
19490 669 7897 17311 16864 16970 7268 6353 4533 18797 5644 14824 14331 3211 8011 802 9184 11934 585 7846 13930 12715 15505 11145 11276 5571
17383 13503 16427 14293 16963 3455 6998 6265 12865 6370 11351 18806 18602 6711 11797 14429 15433 10303 15008 17445 13691 17219 2719 133 3395 1631
15713 1347 4719 15299 2300 13342 7436 6962 18435 7891 14167 15230 13058 18503 485 7658 16699 19072 10908 15680 1065 15834 500 11253 1261 7982
8125 4669 5601 18299 19913 12880 16128 13587 8135 19471 204 15927 13492 14816 14415 2456 9841 15303 7134 11829 19809 7103 14925 11468 1451 17694
14341 10654 14608 6489 2143 6513 2332 2510 17924 15269 11976 7145 1931 17065 12474 7788 7207 11880 3128 12971 17666 3237 6314 11189 15642 8934
12891 7784 19855 777 18191 16555 6919 17416 6936 12620 19823 15747 15705 16536 12000 4799 6529 18715 1506 1320 12114 2808 3070 3088 10490 11958
19473 17431 17359 9149 7254 10385 2598 12183 6375 374 5094 4949 18101 11748 9137 16666 2585 6807 9839 4208 9653 866 3536 18192 16635 18973
16369 4160 14716 13277 18661 5326 14245 1089 6498 11378 14433 17730 15419 2048 12405 13071 322 2709 8492 11081 3597 472 6093 12380 1263 13314
2006 6873 1121 9536 18788 4671 4534 5983 12143 12386 10618 5899 15971 3390 15841 14561 8865 12518 7523 5396 10750 17766 3194 15290 9381 10340
8219 18565 11923 1612 6830 14049 9742 10694 17422 3908 12669 14159 84 16173 13236 10785 15310 7369 7580 9640 4107 8511 13 10157 15759 1551
14096 1111 18730 15571 3974 3842 3076 15652 358 16575 4660 93 9243 9192 6187 12065 3445 16579 6516 2328 15018 2870 15905 5365 233 13167
19512 19763 13257 17141 7288 19841 638 7809 5721 7788 2483 18228 19297 15025 17354 12059 6243 2276 1169 14228 17136 18692 7092 17748 15408 470
13741 17561 16647 10953 10223 9588 4010 9699 3852 470 1610 2465 4661 12639 2340 15013 16439 2105 13971 12365 4246 5823 7980 14104 2832 7039
7564 13793 6068 10864 16893 10699 7897 1784 13052 4316 18303 14507 4285 12164 16560 13139 12670 10508 12812 10475 11265 17526 17188 15128 13231 14721
19867 3390 13261 4883 17243 15959 14351 1090 15777 2636 13097 16784 5060 12067 10330 18631 16289 18152 11055 16438 8533 10272 8531 806 2314 10159
2979 19893 7924 12483 6403 6288 11504 18284 8991 6292 478 11445 16865 18817 9919 3319 5780 4972 19721 4709 11499 11013 8633 15632 17030 4512
4378 394 18627 7815 6516 323 12673 8416 13941 14798 10272 9076 9297 5398 17626 14716 3027 5193 740 8552 19934 19360 885 14427 19516 4684
10295 12876 11251 4200 7020 9014 3894 16858 8911 17101 2266 6108 17132 8097 16099 15100 5543 6014 6618 12890 12747 8264 16949 1062 876 3091
17193 12449 5513 906 7208 8155 944 7941 15614 457 19721 13059 19888 17335 238 18727 18161 4069 1769 2974 13820 8297 17860 13429 353 39
19664 311 7524 81 1886 19870 8699 10 12385 6785 3616 6544 17021 4667 1788 8844 5655 315 11959 8229 18404 18028 629 6339 4363 11519
16993 11227 3383 6268 2861 532 1963 15084 5302 13096 4039 15123 12932 17889 10547 3370 9565 15946 5526 2420 862 11453 2529 7053 17389 5829
10621 7332 18578 10304 11823 9027 3980 225 13541 11454 6034 8727 5379 16254 6940 2713 11745 19639 5386 18666 13013 18286 9048 4961 2380 13625
15962 17194 7985 5383 969 19209 19945 15765 11010 13487 1588 4634 7479 3890 12314 8651 9088 13613 9551 13510 19574 6738 18883 17340 2757 7270
16772 5011 2268 15021 14897 19712 11241 9 5318 11005 12314 5186 1408 7249 12196 4977 17241 11197 12733 14059 16857 8778 14429 12243 8949 8226
16278 9709 10300 9560 16764 17205 12197 17371 4881 13450 2020 957 6771 4985 15130 140 3303 2577 14555 8986 12602 16118 11084 3684 17223 3405
15753 8214 12062 18266 8186 19895 2516 6240 11921 13273 16565 11303 8848 14334 9257 885 14176 8830 16430 6065 8813 12319 4060 2590 3911 4467
10825 2480 6077 5400 1559 14142 16268 18969 17879 3538 15078 17878 4706 1679 13421 8563 7705 11760 12985 13644 18770 6452 3497 17059 5834 14778
1824 8665 10807 17673 17009 9492 6491 18448 12302 2356 5366 15870 15220 9702 15203 14523 14319 4878 1325 14177 2352 524 10053 4391 18183 11092
485 4450 19694 12483 17260 805 18545 16809 8943 518 2667 729 15155 9793 2107 6350 17002 15616 17111 19978 1271 2519 7777 10251 965 10891
3277 16012 1040 4249 7890 13820 14585 3171 12863 2266 6293 19625 5178 2195 8572 12952 16606 1786 6922 9889 19453 11975 5662 6928 18895 411
575 13359 10824 1607 13615 5278 14635 16196 12145 5104 18592 17148 4420 4155 9575 4757 289 5332 12524 16885 13645 14484 19535 18453 13646 16030
14541 526 13319 11659 6488 14676 10970 11249 14426 4055 11980 1126 12367 16886 6162 14847 14505 16753 16361 9723 12182 18593 7004 10472 5165 13125
649 814 5921 10117 19878 15221 18411 14233 14883 19509 327 16428 9173 11933 7375 8460 16710 10109 14160 4492 9569 2561 1623 19164 11465 11555
17856 15390 4237 9929 2434 7133 10581 19436 17090 12616 5668 11789 5755 5073 17931 17654 12254 11523 402 9808 12520 14681 18669 16970 16479 6266
6474 604 17685 336 6141 7600 17930 1865 2040 723 19800 1078 13281 8120 2841 406 2207 8630 12074 6815 6843 11948 16227 12654 7670 16247
2252 9825 8328 7671 7509 11217 1333 17440 4272 6382 12780 17060 9124 12609 241 15378 1363 8045 12763 1532 7518 17058 14214 7560 3057 14167
2703 7302 17939 10543 10230 3291 11387 7749 13967 9204 12071 14770 7592 6778 7241 19066 6967 11546 10836 4238 6691 6044 6640 3267 6395 9566
2306 18026 12828 9212 16180 17971 2446 5043 19857 5934 6837 14308 12053 18107 12489 13211 5324 11895 6768 595 11399 11491 14005 5609 5407 11009
12445 5820 17434 17961 5534 17165 18838 6121 714 675 2666 10187 10007 1972 4809 6109 7170 4054 17522 12410 14089 4886 14430 15922 4431 7157
5641 3720 14105 47 17028 19546 3787 5035 15562 6265 12653 15740 12816 15795 13828 1535 19825 654 2243 15609 16155 9210 13168 7586 9029 8698
12344 1066 3160 15117 326 18463 14005 6847 16001 7295 1051 9530 8880 1603 5715 13811 19260 13495 9091 19827 31 7329 5644 5088 16621 13683
17347 915 3153 14600 4791 19685 5748 16185 16613 16409 3429 17791 2737 581 17399 6980 7965 11289 3728 7023 83 8879 14863 4822 17405 9801
14223 4045 636 10772 17914 18791 2222 19578 13902 18524 7247 17865 19272 12256 12162 6349 647 11954 6252 8894 15892 8284 18415 2853 9264 17903
7392 11715 19822 16691 4662 8937 7248 10035 19619 9396 19227 8384 12012 3865 5649 9420 17297 13837 17037 16113 9485 5486 17207 11978 13540 15259
436 6136 10942 13731 9042 9886 86 1296 1487 19326 9934 9655 7355 2021 9945 6362 16102 6849 6371 16048 19392 18234 1042 11595 9208 8612
19628 9526 9279 5229 6755 1434 8787 18389 1567 15015 10377 14854 19834 19044 9530 16905 15606 7648 2241 5680 6397 18946 13329 6064 2042 7690
1870 19613 16987 18526 4759 6126 11575 2345 18879 7811 8158 12709 2560 1849 7262 2009 10411 9298 17116 18922 3203 11984 11555 7452 11429 4660
6039 17817 803 9791 4705 9377 16467 2467 15235 674 4412 3943 2843 6527 13087 8345 15715 1385 802 19617 10061 14754 3016 4750 8802 606
12394 6362 1190 14965 490 8172 16741 13549 16250 13355 3865 5003 1491 8238 1262 5024 6541 19350 12882 14280 16138 19222 19937 4148 5093 5568
12496 338 10511 4253 2314 3199 16184 12384 1170 14705 11084 18029 3130 16437 7574 15372 14578 13356 3271 9815 11935 16681 10959 13050 17606 18160
15203 7211 10795 5788 12199 19578 14790 18806 737 17798 8405 5567 8439 11691 10278 5474 1156 4517 15967 2824 10753 6483 17200 13699 11379 10891
13754 18109 17919 5418 17020 13749 15598 12586 7531 11459 6117 16337 4625 16524 1070 9483 3560 12020 10664 14937 9841 11435 159 8911 17537 500
328 18807 10124 2236 2569 6247 12539 4359 8720 5563 16661 15817 16599 19385 3114 4455 8910 2142 1033 9696 10219 2736 624 7195 15749 101
893 10682 14349 5073 12767 15361 9927 6598 13432 11394 12307 3460 4837 3940 19504 6404 14992 10941 14079 5078 10570 13313 13178 12566 9925 14352
11641 11732 163 3810 12759 7605 7767 16990 17158 5967 8732 12274 4319 2165 9119 6022 7332 11730 17123 15360 9381 5152 2709 3928 3844 5642
8526 13466 12011 5836 13101 18953 7234 9372 1784 15212 15089 1066 8073 855 14898 14341 12546 15521 13316 7757 3982 12307 15246 2894 15705 15933
4746 9055 405 1360 1824 2285 9037 4719 15263 14797 17690 13514 18643 15013 3050 392 16177 12151 10328 2814 7433 13329 10119 17235 9003 11038
14798 18040 10373 14334 16849 12649 5182 10029 5704 9703 8273 2672 2221 4144 2660 9670 9858 3603 9711 3686 7044 8351 13968 12437 11394 10493
15432 19056 12481 1912 6665 7290 19642 9519 576 6609 5120 1819 1380 19430 16760 18724 15094 4182 4912 6306 8201 9514 2420 837 13266 7883
14909 1380 3566 12146 16712 19124 9067 9204 5379 9518 18326 7813 19589 3286 12280 7515 10730 3747 3988 19244 6521 19824 17397 19473 4340 12173
8874 16429 14957 12633 11131 17754 16709 9871 17576 15242 4395 12231 109 11307 10870 11288 14169 1527 8660 14168 13783 8029 1692 15414 13130 4573
3590 16219 8903 11532 16652 17789 9343 4802 834 14105 1504 12190 9339 8362 6920 16739 14018 8895 11168 1520 4034 7284 18699 19104 15129 11431
15259 18188 8005 16790 4340 2202 10241 8815 9115 1929 5150 9542 7885 17537 9742 15981 11276 3414 18764 8490 17367 4725 16158 8518 4073 6637
19192 15488 1033 2999 6115 8902 3292 7250 6270 1494 729 13528 13679 15406 7338 12092 5844 4164 11813 16271 15791 13041 11148 3177 1520 5281
9925 6141 2165 6604 9430 7646 16741 3937 8025 18906 6884 7737 6215 18992 19248 13218 10466 15186 7234 19801 3240 7075 6350 14607 11862 16590
19514 6854 17773 18981 14593 17655 19051 2753 19321 337 9046 10727 13857 6447 4640 4140 6332 626 15819 2573 16040 13083 19252 15085 1830 19658
1326 6690 4208 5668 14126 12943 4925 13265 5810 17243 495 4612 12912 3700 4594 7764 13837 14988 2019 4968 376 10640 12742 16699 13939 8243
19788 15460 3079 9957 11434 14055 1446 797 7705 11062 18908 17848 13495 19721 495 14690 5372 13929 5934 17083 19021 13214 3239 16906 10212 14761
16872 12890 7185 7237 6809 19472 2142 6604 13057 1410 2829 531 11924 16776 12300 15295 7261 9648 18170 978 18270 13689 18205 17979 5125 17346
3851 13242 2156 17969 19293 3698 6005 4794 18422 14717 11074 3753 18429 2431 17860 3467 493 9310 14634 8010 4150 279 15114 10213 8610 17816
7849 1147 2987 13882 2359 10150 3507 3843 13782 1917 6325 18506 9185 9822 19183 8184 19942 3665 8128 9036 12207 14093 10388 1297 17639 10393
4861 10945 15210 307 11895 11429 581 14034 19842 2357 9949 19303 17321 9932 13438 7582 17264 13440 12387 14068 5754 15829 19040 757 11602 16833
7886 19908 18238 3458 18351 7091 2290 16036 17449 3052 17385 18589 19043 17876 14954 19600 6948 12118 989 12923 4694 103 4348 5362 14905 4720
4566 5511 789 14274 7030 3513 15921 15449 14420 13700 4618 51 422 2999 12498 5618 7830 11876 1513 10014 3375 7684 10960 19086 15975 10006
16479 11781 15509 17727 5158 6924 1110 8931 1734 19868 11942 1042 12094 8540 12105 11195 11208 1968 10353 3524 15806 15426 17942 9303 11835 12168
44 13432 629 11245 7665 6732 17511 15459 19394 8860 14386 19270 3346 10223 9243 801 1298 819 6715 6931 18219 11585 19652 19436 9706 16747
6201 12792 7125 6353 19417 13249 8305 11109 5344 1453 11475 12850 5135 19473 19503 8402 2416 17178 12263 6435 4791 5260 11471 10479 1063 2151
1261 4256 5030 13947 1792 5988 2123 19292 231 927 6377 13329 10272 12 7954 914 13790 12467 11035 19548 17336 1833 1056 6008 18073 8864
16219 2900 4336 10259 1235 12735 4906 4545 3719 13555 722 15 4853 823 3548 1488 6583 1670 2359 2360 19701 9914 8388 17002 1604 3637
7720 1717 18736 6578 14859 18467 11569 14919 8402 9130 5579 5865 8687 9872 17625 64 17149 9608 19684 10111 13023 14193 14824 6754 16966 18220
11766 7250 10146 3839 13523 12172 8838 5509 11697 8349 8113 10609 19722 10809 8289 15201 3867 4341 7904 7915 12789 15583 5064 2064 17610 16527
8290 4273 9010 14494 18395 19570 3999 10326 17290 2884 7964 12967 16469 8972 10335 17092 16525 5888 2282 3211 19041 19577 4237 5243 16389 17137
4185 18637 962 1683 10989 13602 2905 3749 5681 11567 2282 7796 1270 2428 14746 12328 19387 4482 17174 632 9408 323 4574 17123 11058 19163
13874 14351 2845 10273 2627 9490 12756 3425 6036 10260 105 17820 580 3008 1147 12240 856 18234 2875 3284 10193 10759 10421 11210 120 5056
2049 10085 2975 7180 7879 12262 14312 17981 14745 12521 18130 12787 18322 14612 14381 17993 1640 11710 14114 8590 10901 18907 15152 4178 13712 3046
11910 17916 13384 8800 14368 13835 10373 7375 1655 2215 13940 12946 2350 8292 308 3515 17968 8635 11255 12504 8458 8007 9276 8354 4248 5585
7000 3153 6135 18448 19334 15534 2008 13184 6387 19563 8828 9404 7276 11489 10921 16566 8597 12067 2821 7881 13309 16311 4301 4124 12488 160
14396 4837 3960 18167 515 5965 16005 2118 10393 2183 7210 11174 3936 5127 12037 19253 4936 16554 5258 16733 19397 4495 13083 5706 8261 9294
2583 14854 3346 18034 15029 1533 8006 16736 6211 13199 11878 3088 9652 18966 17034 3903 11879 7844 8278 6757 18340 16577 1439 15421 2014 14338
6664 16701 17163 10470 14282 3116 9152 6246 11670 19800 19242 1716 16486 2124 7929 7436 7017 5000 12534 5934 8088 16776 7537 10386 18770 6436
2346 11225 19773 14029 7457 4499 13007 9777 3576 2435 10666 18999 1414 18206 2592 18554 11731 19201 8987 13653 7319 4280 3164 11338 19534 19521
16859 1334 726 9882 3689 160 15753 11409 10062 4184 18075 17063 14931 18807 17981 2575 15222 8558 3435 11735 9707 7299 10397 4955 19846 12212
14219 6465 2474 17832 11897 10818 6712 3753 17195 17795 10573 16858 4359 8075 5801 17136 14759 2267 11241 12396 3224 13727 2926 14789 17563 13951
12567 17580 13085 18200 5199 5864 12484 9119 1347 4553 5641 17008 9804 7806 15329 7674 10971 18927 17828 7141 5511 15800 13932 5865 730 15309
11466 5220 3984 1784 16789 4877 16968 1541 9185 1028 243 11316 1038 17645 7090 19653 19684 19491 460 7113 1639 17654 335 11271 18400 11604
15991 1338 10897 11862 16565 9156 14334 19377 2085 16165 5809 1216 2423 16441 5004 8331 8746 9456 10344 12035 10705 9119 3005 11940 19421 16840
19623 7225 13914 7356 1799 14196 5868 12465 6457 2803 8420 4303 6890 13087 2957 1159 14205 1247 4878 8040 5420 3319 3335 7980 19262 16791
16037 14564 14792 1281 13601 11713 18539 17728 2837 1276 18573 4423 11090 17970 8591 1371 6369 15959 1582 14787 5452 18178 14457 9170 11876 4730
3192 6311 13120 9779 3547 6308 12897 9412 10007 12894 1155 18071 12420 1659 14634 4626 18759 5112 13933 7548 7948 8556 10098 15307 11824 14291
11154 3616 9267 532 17878 7413 3891 1009 6213 17830 11670 18955 13821 7555 3370 3878 2052 7322 2967 6627 8894 4548 2972 15176 15314 18863
7759 4699 18964 6808 3325 14261 6826 18435 11964 17292 13604 8377 13588 13956 15498 8685 13091 12442 5336 2810 17053 13122 18299 16919 739 16565
6382 14843 16420 8498 17303 15233 1974 2157 7210 14804 10356 16194 10382 1168 12843 10077 11610 11046 4759 1954 5747 3507 2596 10352 6994 12314
2330 13767 6543 16487 9919 1401 3751 12768 8810 9576 5582 19518 15459 8499 2356 8164 15786 10343 10917 8324 19460 17119 8067 7048 6491 19780
6607 9553 1281 3079 1226 11995 11918 18273 793 5858 18022 5113 1531 12495 5172 12548 19066 12613 1187 5991 13405 1171 1434 17004 7405 8814
4972 16320 15728 1226 19461 8437 17466 3841 12868 18858 13698 4735 9451 10883 2828 853 17141 11184 7636 795 3703 6230 3252 3891 16562 16601
473 2374 18576 13672 12785 19563 5039 10100 7493 2893 660 11110 4622 19699 5548 3539 16563 18531 2313 14399 12267 14654 390 1247 17959 13638
16552 6777 868 4209 1945 9800 15398 16655 7162 12682 5054 16993 2647 6573 2574 11778 6036 18986 4256 15236 16485 7866 14029 7507 3431 13695
1248 17859 4985 6105 15801 19985 5016 18420 4746 5731 8452 4316 2058 8838 2510 3339 8883 14368 17796 16147 10674 10248 15977 7474 6221 5250
17755 4597 1456 10959 13626 3468 4969 12245 19895 15288 7799 7156 4361 685 9838 19761 8535 9299 13221 17027 17722 14828 7174 917 15490 8765
5031 7067 5941 15289 912 15583 6829 13978 17407 8278 12082 2963 17664 11879 8909 1108 797 18785 10978 8316 10832 3740 3467 16752 16542 5161
4154 2027 12841 13500 15958 5178 16161 1008 15094 354 17619 5811 12006 5335 1892 454 12425 10190 13673 2809 7782 2629 9557 19060 2416 9041
15784 3944 864 870 11830 4199 12529 12539 3710 9400 9891 2218 129 10826 5975 2823 1821 12211 1005 18854 3039 16710 18814 4369 5785 11516
2059 8289 11601 4281 13603 6145 17320 2361 4752 6489 6792 13790 4166 10603 6460 15146 7437 3519 14595 3065 19658 8429 17452 632 8782 13684
7491 19350 13762 2614 19043 8656 10127 2114 18746 18468 17965 11235 4850 7032 12801 10047 12708 18694 107 14505 15911 17807 9585 4082 12667 12842
11176 5562 11291 5704 2416 13654 19020 18595 14237 14171 7900 18433 17673 920 14861 1411 14634 19271 6173 6145 5794 5362 19047 3636 7127 19159
14682 17054 563 13422 1261 6134 14936 14312 585 6029 12499 17580 4790 3396 15978 18260 16873 1185 131 2923 19260 7247 14584 8925 3991 8758
1045 18552 18122 10432 891 5959 14593 7555 5079 3848 15126 4351 15190 4480 5625 3542 7160 14465 13815 14477 1429 9402 11349 9078 1927 13847
16587 10529 13814 13045 7246 2390 10605 15006 3091 18120 17096 6060 16805 18579 3942 6538 12537 2840 15310 4210 8117 18792 11108 3239 11582 14717
9295 414 16023 3049 18218 4016 9906 2403 9943 8873 14909 16203 11045 11313 6692 11809 12308 12848 2607 16182 8652 13884 1339 16420 18628 11261
12225 4981 1875 432 8873 11897 10470 19753 5795 11820 17208 11542 3434 18760 15923 5107 8483 3769 15111 5419 7759 18245 9332 16885 13373 18663
10691 15395 18719 6938 17298 6898 11727 16183 8557 8883 7987 13310 5762 18051 10670 17360 11862 15732 19522 19740 4827 3036 13266 19986 1675 9560
10181 10686 6233 9228 46 18403 7386 4275 17221 6297 19229 1536 2139 14804 16920 15989 1821 9425 18985 14761 16772 12343 18013 17605 11846 12236
14459 15699 5837 5176 6718 11328 19646 15227 3686 18771 13998 17192 4163 4747 6529 9096 5006 16133 9539 11670 6695 17325 16402 15975 8685 10800
11311 74 2458 15991 15076 4200 18922 2780 13031 17419 5347 8129 2767 14857 5665 2569 10080 17787 5319 9829 19166 6128 5554 18957 15157 14986
15863 2262 16060 18652 7381 15320 11088 16373 19197 13538 5169 5438 2730 2905 12596 18283 7017 12111 15560 4710 11076 119 12691 5127 11421 5912
6488 13653 19055 480 9997 4612 10148 10574 6730 2157 12031 2832 8615 14617 773 6770 10148 11339 4248 18162 12969 2632 16064 7492 5507 6160
18341 12266 4095 11080 14646 4216 11498 11122 17349 9670 17189 7219 1209 10130 16769 17896 6641 10601 13322 13507 13911 19756 793 10505 11401 3580
13997 9685 14500 10470 18955 10863 13979 10288 19299 5522 11215 7229 18824 5401 7236 6958 17164 2890 17259 18730 11774 3047 9637 5314 11523 5240
10426 5321 7671 10845 13739 436 2856 206 16808 17543 1620 13642 3 4827 6976 19475 15669 16909 5310 2550 17467 4310 15943 17990 12314 15436
14365 9287 2784 1586 17021 4805 4192 15978 799 8907 6514 11757 16595 10892 15957 6802 11595 15714 5348 4261 12657 14334 6574 240 11953 12755
17335 9912 15120 2229 12758 2659 13409 15631 5508 12167 10578 1910 14904 19864 16802 17341 13298 11802 3542 19340 2320 18996 5838 15002 10070 15007
18712 9426 14488 17393 278 9607 1398 17547 3722 15059 2006 6539 19559 17821 3358 16841 15581 10840 5092 13657 17209 18643 17094 5073 16218 1612
12956 16098 12282 7568 8517 18769 9554 3511 9814 4301 1841 2838 22 19390 10432 3173 13029 12358 7198 18059 12724 4560 13741 5230 1205 12789
19698 3766 4473 4411 14500 4357 19038 6045 8454 16877 11694 103 16920 12655 9798 15454 17839 19771 10941 2781 10342 1317 15959 6071 16208 10584
18671 18705 9337 8287 5192 11975 1980 1604 2002 5052 3459 6982 6232 10202 2870 11113 6947 4924 4570 7378 4453 7625 15158 10520 10186 14082
3820 12679 4755 13346 18158 9285 3661 17602 15522 16735 16083 9169 13051 2528 10137 15063 14609 17125 148 9233 509 4144 16174 18669 17847 11551
721 15115 11142 11680 15333 10176 7022 6108 2870 16233 19387 8881 14602 10437 4137 7599 12297 15442 3709 3502 2681 13109 5481 10409 19259 921
2416 16311 1044 4968 18089 10405 4134 7787 2093 1656 8501 15471 17398 6887 17750 769 19509 7011 9828 6987 18383 5908 11814 11131 12405 11458
17325 8565 5193 12600 2448 8654 8789 14730 18235 7799 11442 8234 14948 5998 19943 9112 3757 16813 5409 8180 6528 13214 13475 15994 10623 7954
12353 4481 15192 5738 10955 15402 7540 18526 15324 6629 2029 3990 1384 14465 7495 12695 8200 688 5369 8488 11070 13683 10124 14598 907 6132
14135 19756 14869 53 12040 5807 14447 15159 3961 19011 14647 6369 6474 224 5733 7516 14144 8106 96 12396 13184 2460 9311 18471 1085 1599
3590 6490 7418 4605 5842 3991 18884 18260 2175 18006 7437 19126 7272 7874 14421 5051 16134 17130 4251 8034 1207 10071 11005 13021 16751 16011
1872 13141 6871 7965 17774 15699 6250 14128 5944 5649 6090 18417 8532 1215 15697 18734 16886 12557 8440 14919 592 3529 18152 737 18537 18073
18834 16449 15729 7732 961 9330 2346 9096 6480 8491 2539 1874 1320 12917 5251 18690 2475 7270 11459 18939 6611 6198 30 9602 9735 19319
2787 3504 18234 4915 272 8492 14661 1026 12697 19717 6423 14703 1419 3763 9829 4048 16101 16522 2266 15218 111 6398 12730 8049 16393 17633
14322 19058 3376 15022 13999 513 18446 7931 971 15463 7754 4555 10819 7268 7268 10919 170 889 19229 17821 12274 13293 12059 171 19603 8155
2168 13347 6448 16754 11065 4434 14299 6470 6746 8340 5742 12374 3741 6439 15747 5609 19845 4813 15989 2305 9153 11413 9487 9078 13696 19028
4773 15221 11052 7459 12184 2449 5655 7504 18493 3103 1901 4745 17391 7598 8376 4068 12026 17953 494 8749 254 12468 6792 8260 3674 695
15352 13929 7496 964 5074 4021 12369 11325 9431 16179 17084 9282 19540 3535 10064 7354 10906 15284 10589 14217 6131 13028 15689 12631 3228 10876
7606 7948 2298 18975 3937 4985 3772 6792 8019 12439 14683 3538 10628 18287 9252 10124 7143 4675 15406 12513 15201 17031 4186 8953 1146 16831
19501 16994 1201 3578 11431 19249 5982 18561 8349 10755 15661 12540 17172 4630 7848 10071 559 9343 10979 1266 13318 14382 13889 733 8437 2315
1804 16407 18133 15209 18503 1211 17157 9820 10817 14488 18012 17671 6143 910 8056 10203 9450 14267 592 3100 2044 10051 18066 15695 1295 656
4966 11073 761 13113 350 1149 12795 16964 8039 8211 11193 3943 117 13283 5502 16547 10989 6446 15864 11428 18309 7278 15126 6677 5 18681
1497 3141 17948 5331 17756 3509 19692 9152 7519 5146 19203 11463 16034 1246 17716 15945 12000 13852 13897 7487 2788 15471 17779 14262 7736 13616
5074 18918 5468 14127 5801 945 8435 290 19307 4052 12356 6399 10465 1039 7302 4358 6049 12009 15641 11456 14076 2460 14289 12862 3619 15469
19902 3407 2028 7196 16001 17871 11298 19177 2314 14431 18249 7469 19686 12944 13368 9891 14262 8230 16680 15095 15423 9327 412 10253 1895 9361
9572 13028 7771 4870 2880 7069 14471 1146 8821 16380 17722 8174 1941 6018 16877 11321 11262 3251 10365 10671 1885 19737 11894 12900 11268 19642
10654 11260 1211 12624 648 4909 6675 11495 18401 18239 8970 17043 6406 1860 17078 18353 5989 12904 5255 10806 6429 5899 3694 249 2938 7228
8229 8993 6984 1903 19898 7400 1549 7652 3425 6559 12234 8224 11804 11710 962 9263 12228 6818 685 16412 18026 18422 14506 1168 4031 688
18038 9168 18765 7517 9790 7444 8858 18670 13137 8768 11309 5568 15209 11462 7767 16003 15364 3115 9291 6236 1119 14474 14985 18865 9591 17689
1210 17252 17825 11893 19499 3251 16764 526 8945 6309 6516 655 24 9827 653 10063 11061 19580 13614 14677 14244 14679 12803 4518 7269 2464
7149 6889 17436 17646 19302 6077 5960 17255 5473 16472 14223 9378 1496 7947 9586 4033 4629 12472 2530 2548 1307 3745 11671 17719 3907 7805
19603 5179 13953 17563 17814 3973 12381 9403 3478 17472 8733 16072 2095 4948 12465 328 9193 13393 19885 8386 358 17642 11590 2818 1895 10686
13102 13963 16667 11223 1925 11909 11412 6324 9464 6858 1339 2943 3331 16585 18451 6022 17045 13116 3019 13886 12096 10515 1232 13342 12734 5273
2658 19333 17391 9659 15168 8889 16705 18902 9894 12602 7643 5609 461 14614 6052 15151 19356 7987 429 12348 1498 10683 15526 7557 17035 14281
17173 5860 459 12755 14873 18130 10829 17107 15505 6028 4909 3757 10490 2952 10395 2296 10037 7635 19440 16351 3468 2824 15129 12551 9034 14840
2687 15458 17507 11954 12144 19569 15563 13709 11907 2985 17261 12588 11036 9988 10517 15797 510 17256 13512 19154 13404 9896 1069 9660 8259 6237
11257 776 11863 13216 6599 19192 7930 16537 16978 14144 15314 7402 4197 1837 515 13095 14394 9865 16690 15398 16403 10946 6898 15240 9174 10766
2199 17907 10891 11 12620 4761 84 10074 1136 13700 12290 2551 5477 19586 17396 51 6561 4 5914 3917 127 18450 14066 4748 14965 10602
9683 15008 398 17515 18937 16394 18953 11783 6063 10361 3348 8369 17869 3104 7485 15978 7634 19592 2490 7357 1077 18290 15701 3249 4387 14094
18270 8781 12909 14991 9060 12420 7614 13845 16538 18191 18703 13538 15050 4250 17377 4133 461 15515 11372 11548 13647 6126 18687 12844 15569 6390
2323 15630 994 18320 10012 2459 16544 5325 377 15330 15212 3752 139 15016 18028 2806 13252 16189 5160 1464 19432 6639 9559 4002 9875 4408
13629 17 5170 1333 2563 14137 16704 3080 10238 9236 17532 5149 9241 11696 16539 1454 219 1629 17436 7223 9814 6746 6867 648 17314 16726
3446 18382 3662 10798 12322 18901 3477 4945 3108 13886 3002 14036 11732 10185 12905 6056 11920 10428 19949 211 13393 17302 932 1059 695 6478
18364 7700 9247 5425 5249 11426 9999 18147 2088 19009 18183 13740 5235 5428 14710 5487 1781 10905 250 15549 12222 10523 6087 18669 19083 18624
3523 758 8297 15987 419 10109 9221 16368 18635 16262 11219 474 15824 10321 4970 2793 15603 2724 4645 14159 14284 14092 14907 19515 7114 5062
10929 8668 1291 6432 17046 15156 11558 19349 12023 12197 5072 16617 17034 14570 18005 2884 9726 1155 6664 15457 12353 2978 15535 3864 7376 12513
8970 17997 5718 18228 13765 11196 5339 2154 6421 19270 143 19623 19573 17886 15435 14590 15207 14621 3875 19517 18975 12779 6846 4333 883 2418
1353 7633 2732 3462 8220 1517 17383 7403 1232 9232 3042 13780 13286 19224 19301 739 15067 13868 7088 7529 9028 5137 6100 15704 9857 12410
8897 2631 14569 15255 12601 6747 2870 12372 16162 19265 12589 11757 13243 18143 10403 7974 9395 18768 10782 2058 17714 4659 17540 18957 19073 5870
14638 19437 4181 9904 1852 7296 11341 7277 13257 9513 7218 13943 13562 7081 12072 4280 12623 4166 4839 8733 16355 18083 5267 7711 2948 19010
2600 17952 15584 17242 15435 15681 7705 3210 14473 14821 6272 3662 8491 733 1825 7646 18984 18646 16594 11827 7293 6671 11387 19296 19147 4706
272 6012 17826 10859 11220 1705 17379 1568 1832 6360 1288 2735 6491 5359 1629 11237 7544 1960 18319 18021 15037 3115 13297 15570 15599 10668
9879 3601 18820 195 7707 1606 2534 2116 13983 12873 16447 5182 6396 12296 15518 11605 6507 11823 2370 11994 10751 14627 15249 14517 10632 9934
12041 567 3491 9986 8911 4856 1860 2831 4843 12690 12437 15269 1887 16020 13322 5169 13325 19855 1196 2273 7467 16560 12152 18761 19814 19622
2625 11077 3573 13255 17844 2478 12357 10466 1866 30 2841 3180 16374 18891 7316 1030 289 377 2706 2390 15454 10653 6885 15060 10299 8675
13399 17326 18675 17581 14917 16883 17897 4836 665 781 8558 1821 13853 15461 9808 19467 15416 6096 3361 17935 4225 7036 3679 14001 1189 15033
12422 14066 6082 15685 122 7445 16174 16316 6477 3873 2816 10415 7951 13252 13079 17763 18226 2761 12376 12851 13582 19851 2210 8792 1683 16382
2240 1076 7973 17231 11128 18686 18911 1359 7824 1958 9598 2866 8292 9583 4288 18320 4333 18580 11735 14471 13658 1976 10319 10829 16593 18701
6227 18988 192 12591 17187 13531 1580 3453 8984 8455 5706 18464 16805 11662 9586 13406 1375 2884 10027 2669 7789 13525 19325 18999 14529 19151
9700 17206 18958 2315 12146 5368 6368 8592 6105 14852 14735 548 14243 8521 248 19785 18699 18233 13456 12105 17304 15867 2266 1157 2266 410
10799 11129 18387 10540 8346 9361 3827 7979 4337 11433 98 18300 10416 19562 14272 19896 2171 17976 12007 11162 19845 18185 16455 10157 13951 4104
2342 211 2128 18841 7166 2398 1227 2735 18947 16139 8668 5582 11944 18534 3720 322 5714 13020 6280 11385 10657 12391 6725 8528 725 19801
19655 16454 12885 9021 1262 4071 6626 7496 17463 13794 9406 5722 5226 8506 14206 15876 11725 5271 9911 12473 15593 15425 13008 14612 8228 16776
14562 9248 12866 7105 14256 15594 18672 16579 3863 1714 4808 15717 610 17070 8443 15459 18793 6512 13286 9076 19888 5163 7048 17000 13013 16236
6715 8891 15675 1611 10545 14954 19309 7240 8313 912 3524 737 10895 6465 17475 7401 1622 12786 15820 10754 17798 3651 15710 15420 10412 15715
10133 6154 3194 3846 7878 16247 7062 7494 16095 9368 1968 413 10657 7632 12079 2497 17891 589 5794 18718 15086 5831 15642 14747 2722 5055
7930 5197 899 3017 15986 9611 863 12539 10812 10425 11620 15190 16158 15796 16000 10309 8000 11183 14863 8183 16826 2460 17496 19882 3039 6660
1932 500 4768 5599 4607 7147 10070 9013 15965 19395 4567 16022 9035 17298 14452 14110 17267 19519 18740 17624 5475 1599 7698 12682 15796 4026
10379 1157 19693 14424 8958 12563 14334 657 8252 2035 6391 2785 1341 8448 7416 5480 2783 10332 13540 10398 18587 8307 17850 252 3896 17241
8997 5964 16086 5030 17173 3038 1621 15836 221 3126 10405 8997 15096 9220 10153 9338 2291 12583 9979 19506 17965 12818 4991 10919 12359 3554
8392 14615 6599 19965 15280 9150 12021 11888 8763 3486 9988 16384 18048 17075 168 1103 17018 793 10399 13993 3851 14491 11034 13427 14697 15660
4855 15633 10223 2954 6191 13087 12620 5497 15146 9489 5631 17843 11812 5985 3606 10210 6381 10546 967 15460 3121 17427 17235 17661 15284 17712
1931 10929 7723 19528 19672 891 4213 6577 16990 12801 2967 8417 3369 1518 11567 13504 12190 9627 10492 1884 8757 3149 11477 8508 16972 19176
19548 5048 7608 18964 18502 8547 3059 11090 9230 12763 5137 9720 18658 18878 9960 1039 915 18363 13359 11738 8308 13823 8095 12729 9839 6175
17051 3155 15303 2626 6235 16165 16957 13818 16217 4142 8499 13801 582 11432 17831 390 891 16994 2512 4922 3399 2370 1173 3729 10183 8971
11102 4577 18651 12170 6657 2524 19378 8640 14818 12202 15280 492 3259 3150 5812 4883 6478 6338 10949 17831 5602 72 5728 2370 1011 7909
17779 16145 12796 9683 13126 774 17158 12401 7623 14420 13679 10143 4684 14192 19786 9220 14549 10276 2086 17136 3834 3402 19985 17680 18085 7744
11668 18733 16742 7845 17519 14101 17254 15900 6349 18333 4931 4858 15449 17685 10254 19480 10740 2292 15916 17437 17626 15186 15730 16014 1415 4636
4806 16668 13361 12386 7464 234 10777 6464 2133 14728 12822 19500 2348 10765 9501 10041 15164 2262 1020 15045 18806 16655 3825 19137 17689 6623
11653 11813 16081 8467 19326 10752 381 15117 17149 3966 1118 186 13761 18373 19019 19074 14172 17187 279 19085 8672 8754 7674 19077 14998 190
13330 7276 5590 9393 18896 15385 3470 14216 18198 10230 6732 3037 9234 13182 18819 794 4490 15713 10925 8448 5815 6919 16236 15263 7895 16590
18030 18098 11791 12661 7478 7958 18245 7703 3342 19442 1499 1320 3555 601 5711 4073 19073 15419 18054 11406 7441 15559 2340 15380 11377 4247
12370 11974 1976 13361 9089 3724 16744 19517 9868 504 14336 11787 4309 2416 2592 10687 7323 17892 10479 18045 11561 1792 3396 11031 16847 5969
12675 17005 19699 13558 5442 7240 2727 14685 6467 528 12313 4158 2279 14988 8195 7782 12500 2843 6450 17915 18134 8741 9902 4773 9001 9040
4684 4076 15802 7126 16344 17292 9796 9881 5681 8861 16138 5097 7623 12432 19953 797 7581 17022 4821 15854 13497 13042 15632 12641 19653 1894
15810 10594 13517 5819 15712 19829 17284 60 1905 6037 95 5490 9611 12116 13530 2246 2430 3857 11780 19447 90 11789 454 17525 18864 19109
18255 16603 17719 9481 8745 10736 15558 18889 15613 4280 8590 12446 10292 4349 17191 1863 4422 353 8951 17443 16398 13481 8760 12870 701 11651
8165 18022 3930 589 3254 13890 9353 16434 17722 16510 10615 294 13148 11566 1002 7342 14544 10526 4860 3609 8213 3358 14415 13545 18554 14774
14679 4223 5220 7990 11980 7314 16871 8653 17791 19851 13557 7194 5402 16851 14776 7004 16231 7162 4390 3592 841 13391 10029 10997 16506 13467
13907 2580 15273 11061 15136 10570 18458 2035 10065 4371 17289 10008 18101 7208 17700 17107 14504 7221 9986 19396 11262 16190 16922 18078 5213 9938
14179 11212 2645 17085 11545 6077 6827 8009 4025 17671 5730 7201 10630 5958 169 1420 7167 5439 6244 3925 6887 14016 15429 4257 12929 19442
8981 5489 9951 9599 19893 1837 18381 13002 10744 5027 7613 17517 9642 14111 1707 15307 7720 8846 7584 7424 13813 16762 17932 7198 7242 17291
14520 18286 16806 5413 10154 796 18686 1886 6084 2139 3344 101 19071 16847 19904 14526 608 14000 15578 11546 13625 16658 2172 19611 11195 17753
453 13236 15041 14824 11961 12626 7508 16999 17386 7903 4470 6277 17359 9044 3052 7081 17292 2855 18210 12989 7135 15125 3408 5564 8425 1034
13965 3979 13475 8330 6240 3638 19911 18223 2102 12136 9302 3039 10803 16069 17993 18217 13366 266 18376 12562 17348 1202 9867 6226 17963 13509
9846 8979 738 6799 7926 2111 9567 14046 19688 3389 13915 2872 16007 1311 15171 19970 13331 17707 3685 9067 11673 934 16823 16801 19361 4224
10113 4366 9849 6881 6124 13224 5492 14083 2114 1516 8265 15967 3353 9833 8345 10388 6375 18569 18984 13589 4817 9085 19502 15376 7415 7965
16409 8337 5621 10216 2854 4297 4803 7823 11226 14495 15775 7263 18810 13017 17475 10735 8125 16353 14091 19097 1072 18093 19610 10756 12341 12372
10393 2691 1521 7101 1505 14158 7768 8900 378 12796 5667 14668 17640 5794 10227 17171 13130 8599 4371 3852 4237 8342 19196 11290 8496 7656
17329 116 1481 17581 17273 3698 18028 3291 6022 9790 16541 930 16138 12918 8499 6227 2027 14937 13960 17628 17925 8097 10690 5427 5683 6241
8962 6477 17473 2422 3499 18436 17888 8499 10811 19900 5302 8727 19116 15685 9571 8597 3867 19623 561 4372 7856 7418 9258 2969 340 304
14724 18473 18721 10054 12654 3035 19461 12968 12763 19234 13433 15034 17526 12704 15336 2829 19123 11504 14495 11201 1708 1832 15644 3134 17597 15520
8792 10367 11429 9899 1368 3635 1162 13321 3671 7829 5740 13684 12587 19432 11960 8450 12545 14341 6926 9638 18907 12237 15279 1174 11073 5721
7393 1667 13030 2693 12979 14709 18361 6744 19590 17640 18332 15668 19505 9626 13181 13712 1825 5366 18029 10028 12484 6888 18368 9525 7399 3694
16476 1890 4036 17913 18801 14992 13772 14487 1903 7321 6045 3470 8224 18728 15679 3002 7999 2678 17299 10527 19324 3014 17277 19916 8693 11649
834 2742 2409 3930 8901 7187 12933 3610 16835 10192 10765 15387 11925 6528 18318 11563 371 13210 13297 2910 17719 19906 19239 13383 734 1234
6770 12230 16616 11513 15508 17982 13558 18745 12319 105 13836 14293 11900 13976 18349 18817 16600 4292 12562 19724 12904 14143 18110 16564 1570 9615
17150 16918 12781 5018 15123 6190 6289 4535 18015 16613 7312 11580 14791 3920 3908 2175 4709 4130 11486 10085 10863 10850 3162 7452 2404 18965
907 19092 10338 3133 12042 7628 10116 2934 2808 14891 4319 19212 19346 9753 15991 9555 952 1738 5267 9355 847 14676 7244 7927 17174 4159
11657 8495 9722 2707 19140 11295 7190 1046 17347 10696 19962 13904 4110 10053 15955 7988 3659 8000 12233 14332 16859 13779 1338 11642 11802 3986
11134 16084 9072 8369 228 16369 10351 7860 19143 148 16723 14184 5571 16794 5788 193 8977 15194 18806 7876 6628 2025 10104 9529 7080 2267
10010 7496 19046 3874 13017 12321 4577 8961 9750 7584 4649 15494 5551 2136 1500 5202 4930 14861 7937 3108 2718 5854 869 4358 7371 3485
17015 17046 14276 16261 18985 17257 12561 2033 7874 9080 4026 3442 19203 11645 4273 13618 6513 34 5778 10337 16482 16208 1541 17438 8785 4807
3398 12587 2858 18726 6445 1568 6799 13909 12107 6375 6898 10098 11733 2498 10915 16669 3970 1561 11996 2803 13469 12414 6239 13997 4626 8519
8874 18846 14673 12794 16583 16891 15463 5727 2027 10627 12242 13670 16970 14006 5453 7658 4908 855 5126 14501 14861 5149 14128 17104 17147 15996
19477 12173 9918 6642 16149 17894 8612 13022 677 16858 531 1340 13321 19655 2139 18627 6448 19849 505 10291 7099 11580 3402 13036 14911 18331
160 1719 2916 8683 7147 8894 6515 4205 2837 11725 4578 8102 9016 2666 9508 366 17259 17805 1011 9255 3531 2485 1223 5771 16308 11765
5630 8077 11650 3828 9227 3083 18504 4693 19740 13255 4390 1863 8032 10999 4794 2649 2996 8687 7864 659 7977 13072 5763 9224 16061 10708
14380 17182 16358 17814 7459 16975 1103 14213 3575 4232 1737 13686 2129 13548 16054 18386 14615 2973 8822 9639 181 10738 10814 178 17698 17701
179 1249 5867 5498 913 6768 14207 8498 15976 16131 16052 19121 2507 17834 8065 19520 14468 10955 16169 16922 7456 10136 6032 463 12162 4369
14707 7264 13944 17660 6992 2804 6998 6710 11649 16993 2310 131 15880 16935 8208 10248 18471 8445 6497 8712 4681 16836 10556 3910 10299 4200
17125 3670 17410 9431 13224 6798 5949 10615 18640 19532 1219 6806 7447 11801 13987 10026 4630 17397 19610 8625 7935 6872 7028 10418 7634 4466
2316 307 6683 12202 3379 3550 13263 14100 16408 15485 12572 7654 14115 7882 16087 16285 7644 4996 7282 14057 4591 2463 7054 1086 18799 19353
12263 11781 15101 10907 14804 18437 17858 4777 12562 6819 1513 16182 6144 7808 14972 19088 1835 1878 10658 18363 3845 6437 15415 1820 7147 19434
13402 4831 10045 15069 17406 2860 18227 17084 10910 1698 3079 1960 5717 891 7611 6536 19911 1544 10542 11890 3315 2616 2596 13187 10408 14496
12216 11401 14322 2531 18638 18666 8279 6048 5001 1715 9882 1788 4408 2248 4474 3669 7366 14907 6641 5894 19167 8478 3369 204 539 1172
375 19596 11107 6 19747 17847 19404 10963 3111 17379 14514 9270 5072 4216 5781 12756 15820 2413 6519 4669 11671 2645 16054 3745 3836 19060
16283 8272 351 478 14417 2765 12202 6499 13956 15501 15219 5225 19749 10777 15551 2780 14561 8177 16157 8141 10440 11188 16789 5396 14476 13016
7996 9690 6381 6026 4515 18041 2411 9060 8025 18548 12871 8990 18163 19967 17430 18073 3609 5168 5998 2692 13443 3833 13655 9703 10131 1886
17955 10630 1058 14582 7922 13970 8104 15764 8461 6104 3305 4691 2833 13067 6064 12693 11026 8312 11097 12280 7489 4055 19290 11999 11445 9834
7557 17977 1337 187 9315 2013 11005 9410 2434 3099 10655 13282 234 11534 15106 10018 899 13714 9772 17333 8770 570 18796 12115 12281 1322
4140 17853 17518 933 4219 16788 16072 10045 570 12078 7491 13714 17495 15511 1186 1139 4259 14163 16406 1340 4783 1606 14030 7718 12474 8282
6554 16959 10564 16139 5554 2821 18725 16526 4138 8275 18910 4870 10043 19195 19891 10648 10877 12900 11535 11006 14071 15294 1400 12398 7363 16001
6121 2324 6001 5974 3211 11271 9108 1679 2414 759 5905 18098 13610 7377 852 4714 8980 10925 5890 7622 11845 9359 8174 1796 15293 8006
8782 8510 2064 10464 14480 4387 7966 19505 4658 15154 6830 1196 16638 10630 16309 13421 11978 6161 6338 1170 5437 7240 19831 14521 16261 8829
12453 12172 14533 19925 12221 11040 953 3150 15664 15599 16598 19184 7406 13079 5946 1451 17843 1770 2782 5153 3913 3413 13110 18637 8854 16598
15698 6546 13044 19452 1869 11030 4321 15944 742 13924 10479 19709 18430 226 16466 2147 12065 14236 19001 9876 7067 4417 13350 10488 4516 13662
19006 8715 14881 5558 9164 248 346 17314 1468 13732 10870 16377 1044 11428 10411 12704 13825 4252 455 18097 11895 1715 13888 13288 4613 17499
3920 8734 9079 16342 12451 6894 9897 18589 6921 13227 5347 10218 12607 2431 14916 16158 2713 2847 2937 6890 1079 13864 12848 14529 6938 15089
6255 5457 12407 3164 15044 13835 11784 6669 7502 11314 7406 8238 2723 3477 17297 16450 6602 11311 19402 14629 3421 10848 6095 15360 3436 18584
19547 729 8025 853 16722 3122 8122 17546 1355 14206 8971 9618 2128 10384 9257 17856 15113 11335 13723 6642 18140 13940 17284 13631 7516 9655
11248 13423 16852 2242 5186 150 15123 15246 3411 5939 16129 7806 1654 12348 13889 6310 16576 15884 15792 3898 9851 10733 15434 17135 19365 3770
12501 9434 13328 4948 17811 12364 18836 8094 2061 4460 17278 18460 18636 3103 8219 281 16542 9435 9845 4247 1311 17263 4416 4770 12037 16683
17707 9332 9707 17621 13746 15630 11607 5921 14099 12775 8300 9420 19105 11565 18647 756 18634 13317 18476 9725 11678 19973 1269 4391 513 10252
18272 18387 18452 12829 10997 12422 9017 14310 12702 13410 5310 9038 1608 4484 5336 3263 18826 8968 15775 16897 17951 9660 11668 3612 5493 15694
14752 10884 6112 4693 3489 1507 8599 755 17947 1820 19363 2426 13622 17878 9604 13229 1832 13705 1563 11063 11243 323 18317 14832 3494 13271
8525 4043 14851 1729 8014 8152 145 16082 15042 3542 6065 13488 1665 11376 6156 1009 19246 9049 10834 16285 6036 16767 10717 12712 14809 2253
3648 11548 438 11220 2874 17988 5398 313 7718 3927 2054 12854 18427 19314 18355 14492 5249 10790 5251 3274 15372 1616 17714 14414 17145 4728
19174 12192 675 5559 11153 2578 19039 15010 12256 4620 14970 949 10961 18886 8404 16098 14555 3290 16585 4819 6969 16797 468 14689 14952 15542
12814 8442 104 12642 7454 10772 8223 9763 18218 2666 18923 18932 16803 14576 1608 5393 5165 13236 13027 17223 12400 6522 18462 7183 4398 612
3559 6498 8664 17866 3240 12646 4094 9772 7746 7824 18076 15530 3740 8385 16501 13531 19429 17530 7705 19362 18824 9481 251 6821 6890 16982
12887 19679 10258 16774 9471 14585 18889 11695 18077 8127 14522 18403 5695 8022 11366 13727 13482 16095 7768 2950 5056 1308 14923 14921 2366 11520
19449 4552 873 2917 12413 4470 19979 7613 13926 16066 4794 11292 3300 15237 9090 18259 7836 19232 17207 1622 10269 6712 14955 12772 8891 7525
13167 17440 10623 11635 3258 721 1290 13969 14984 1053 15349 9996 17735 18462 12698 13660 9128 10743 9149 12859 9899 19326 9164 1037 12738 6961
2257 10182 6001 12305 15473 1964 12194 1629 11314 13699 1266 8210 18313 12990 1685 15612 311 1231 9468 1888 10116 12591 17 15959 3785 14228
14008 14664 2416 13426 9234 12471 12394 3552 583 13528 15290 10080 4690 4775 6809 4713 16222 13389 11199 892 13921 15438 18134 16802 9553 11571
5539 16970 44 18475 18437 9204 18432 14862 5575 12741 10575 19469 4178 12162 8791 3218 17394 16222 10504 5415 7759 19994 2689 15055 15265 14777
16381 14757 7066 7686 1370 10740 9499 13126 15704 19610 5123 6344 1569 17170 10874 10595 15787 6338 3758 18411 19173 13571 9235 119 15686 12949
19593 12942 1720 5798 18081 15674 19284 11421 14059 17922 8206 622 18213 6341 4182 14147 13053 8193 17824 19841 1530 14191 1159 5502 10921 19789
2821 15490 6217 16470 9972 3643 6691 18060 1716 4750 12816 16577 14484 11278 8412 9601 13830 10761 11864 15821 5083 18520 13452 6353 1549 13305
338 5097 11546 3132 880 7609 7826 6342 10855 15410 186 1277 1291 18331 18232 8417 4905 15012 7884 10001 18726 19527 6614 19340 11969 5425
12538 16150 17022 6858 19756 7057 3603 4253 8367 9184 17394 19595 9844 15688 13227 13300 1366 18901 17309 14321 6087 15881 18733 14817 15311 7143
5680 328 9919 4982 12312 16582 16063 6165 2747 3014 10577 11448 14227 10460 8562 7798 19298 10200 3032 19376 538 13780 19958 14062 4664 2498
19467 18837 10721 11286 12245 13027 15167 17825 19594 18652 14252 10627 9635 1994 8159 11763 12561 19961 12444 18942 10501 3650 18584 6525 15982 4288
8452 4789 10799 2406 1919 16849 17122 7984 7674 10644 12850 2155 12552 17190 5790 3851 61 3821 5970 17361 14862 9278 15376 3310 3039 6812
7311 8489 11703 11633 13416 9039 16889 15212 1508 15771 8520 5314 5428 19938 15539 13265 7478 15778 1157 19925 12489 14254 12535 17717 10039 15378
7803 12747 1103 12007 2224 3272 7363 19750 12473 18205 11581 10823 14897 5038 3043 13677 19463 8973 102 14631 1271 7458 2063 15544 7701 2196
5290 16488 1640 5373 4429 16491 15258 15076 18862 1177 4155 9438 2859 12703 2143 2058 7580 4582 9456 15558 7781 12442 12668 15527 7363 11784
10389 6423 12540 160 13762 17600 18441 13840 10737 18047 15579 15197 12687 3737 9261 12255 11132 4672 8062 5128 19637 8224 5767 5889 333 16058
2029 314 3453 5084 18964 16119 1726 13255 10395 15295 11011 1698 15207 9280 11295 5316 11438 6270 9044 10920 11468 16848 10531 19673 19773 6142
17578 2564 4997 14107 7629 12036 5163 13075 4840 12862 15572 15675 5707 4011 976 5799 12265 9035 10465 6921 5613 1337 17709 14706 3653 9985
5542 14105 12232 9350 13329 10630 1767 12785 15398 15409 16345 3784 2371 16015 1196 16704 13048 814 10142 16764 6899 7432 16672 10245 11706 5863
8148 6670 15936 16896 18520 4869 7989 13024 11778 16291 5076 2235 5078 9224 1989 4921 4448 12577 16018 13174 8307 8141 16968 3787 6652 12205
19175 15374 6709 3060 1573 11124 14093 14350 10787 19565 14431 1465 1949 7788 11427 14543 9559 14573 6619 19655 6844 15438 15832 5082 11516 15759
18785 8883 16456 6705 11038 14464 15196 2522 5127 6451 5425 243 11204 10582 5893 17519 6804 7693 6143 9381 15575 4732 3284 4020 16997 19923
11931 4681 4742 2128 9886 18207 7829 18019 14318 13443 19433 1452 476 12125 5710 12848 12992 4637 5209 6524 365 10833 459 1768 7644 5423
2670 13556 3139 3971 11446 10086 17652 15508 19412 6266 13694 17301 17671 4384 8323 10001 8158 4415 19741 10881 1776 15693 5494 16204 5247 12770
18476 10148 4188 13768 5232 2706 1378 3948 4026 17677 11247 18086 14818 5532 17523 3103 16861 7497 8247 6331 14740 18000 16634 19920 12599 11829
14873 13908 1094 19542 7887 10254 16093 12986 15906 336 2841 3364 2824 5700 11189 8019 19363 15010 342 3037 2166 4490 817 6534 6941 1319
6257 6807 17148 775 10311 19935 6039 17191 8350 17424 3195 15257 11881 2542 15186 3158 14039 11465 13178 16974 15188 48 19821 13787 19438 1605
15521 6391 8173 2782 15443 11407 7305 5595 5908 8939 9338 10681 14119 1158 5739 12700 9692 15464 14500 2386 652 15319 13044 4452 9078 14685
3645 3546 4186 17668 15295 1295 3693 3476 9950 178 2821 2079 6888 10447 8619 1724 16298 13617 17384 607 12148 663 6881 5499 3191 10287
15289 13412 9305 17042 1656 18488 18042 7641 1448 7462 2206 266 15257 5251 19280 9661 16420 17170 10849 3873 9164 12884 5744 4550 10266 2230
11029 10279 3579 5715 16177 16261 1463 4632 4772 1990 17011 13294 15270 1305 2219 16220 9814 9536 10028 16030 7402 12623 1653 17072 19930 6721
6287 10391 17141 1590 9395 11907 17090 14188 7104 13391 17232 15409 14693 16495 3324 15103 15938 19058 13529 104 13631 6814 15715 7775 1515 11578
17930 11699 13113 6594 12056 7800 309 31 5364 2275 6690 7604 17797 15481 9253 16411 19367 10730 14499 8854 3546 4052 153 12514 19409 6692
18130 4788 3289 7428 11946 10380 19478 5609 9923 16475 12854 2355 15247 213 9854 18166 9118 9804 7823 4204 19094 15842 15107 12214 15371 17326
10399 19870 1175 3799 5154 11341 17313 2497 16548 16126 735 3996 13891 6993 3664 538 18246 1187 17392 2211 13146 1315 19094 3505 15745 1780
19558 4692 5401 10338 12222 7633 18526 9828 10767 16577 3067 17454 3807 5630 19014 9964 9244 1517 15284 10554 9468 659 10334 12416 6876 15161
13911 11038 16382 9752 15784 9133 11343 12655 18155 19163 7721 17324 12664 12805 4810 10250 735 19820 11356 17285 12868 1638 16212 10188 15750 9979
7405 7994 3603 19697 12326 14857 6021 2146 11528 9256 2442 5379 18703 7254 15154 17444 18253 15033 16081 5640 16070 8993 11272 10080 11334 10037
8161 18376 11709 3373 13315 1235 7406 1430 10632 6593 17376 276 2853 6738 19656 6834 17256 16694 17201 9042 6498 17267 6134 11661 9021 19872
12421 2744 12082 18977 2909 12162 17981 17109 547 6279 1528 16128 5361 14962 11148 14262 10167 3069 1357 3653 19939 15379 4883 6392 4240 19365
455 10210 17772 19745 12322 4867 12317 17009 773 3229 15881 9916 15123 3533 12319 16290 8856 14108 18088 14975 5274 14859 6761 6776 13467 2484
6312 5176 4862 14734 756 15286 18017 5860 17139 3621 2442 3306 6510 3907 8591 17919 16323 5386 11219 15499 17233 3059 9057 11933 3093 322
6628 17224 1179 12645 2633 17263 9479 12539 18360 9542 2650 3439 7539 2251 3525 12151 11555 8007 15572 10215 9386 15112 3263 17657 5579 1623
17425 10649 9543 8800 7189 17251 12032 18484 11785 13130 3281 3927 14615 4716 9429 16464 15077 9719 2923 18594 14107 10344 4181 4405 5561 872
13679 14722 3167 12949 16846 14095 11265 11425 3722 16502 17123 14062 3787 9362 19366 14461 8820 6411 5305 14927 5221 5439 16606 16811 9516 1140
4126 311 9953 43 17665 15031 19474 5704 14938 1848 1503 5266 196 7438 11956 10951 6563 6273 9114 8077 14562 16484 15625 5520 7711 2912
17760 12739 11329 10155 7288 9357 7619 3999 18058 8559 18907 12529 12990 4607 14897 13282 2603 11935 1846 13881 5212 5579 5629 8324 15258 12019
15069 19095 7616 330 4255 14329 4917 13295 19542 11915 16869 4828 5201 6665 1811 10253 11266 14828 1794 19529 17982 6168 1397 12311 1969 9369
11349 11363 16603 416 9307 16365 7983 16367 10785 11658 4814 17135 3760 7597 11680 16906 5061 5961 3859 12593 13763 13119 19693 6444 14771 6689
487 5432 17576 17962 10195 11883 9132 7767 2741 11457 14109 16976 17629 7137 10122 18120 9638 9091 8068 8824 7012 8122 19689 19538 13943 7042
15970 19011 12166 16745 6466 18881 8098 15399 9240 5811 11708 2074 9636 18470 15959 7843 14812 13357 11272 13880 4194 3914 6527 15447 8549 3523
6253 6105 11383 15776 14055 1141 13965 11698 7388 1851 19118 14860 2550 15717 7978 11488 282 5221 3661 13782 2982 3824 15517 9051 11244 15664
5223 11568 13900 10713 12663 14636 16782 18133 5250 1976 13837 14420 14722 16909 15663 16787 12165 898 4905 14629 5412 14408 14707 14706 4515 12867
3790 1565 6629 5235 5782 3039 14409 7404 358 18886 2771 10869 16819 6166 13933 5401 19014 991 3478 12119 15446 18927 15035 4709 5601 1
14714 10073 18750 19327 16564 17981 1360 1423 14022 2430 4867 10862 12442 17436 17061 3984 645 12901 17448 11775 17987 13251 17911 857 6377 13337
