365
32 5 36 10 78 40 91 38 70 37 56 13 0 33 77 27 69 28 69 76 11 40 32 33 8 44
13468 16771 5531 17798 18318 1812 9228 12497 8571 19085 854 11336 3294 19983 2046 16471 5589 16975 6846 17780 1740 6366 3011 16638 2588 1458
1045 7824 6729 6894 5657 10918 12951 15903 9661 17782 9618 5209 17450 4435 7927 11972 3262 14045 14809 14893 384 8090 11763 6413 2282 18670
6170 1134 11170 15850 17719 13538 3959 14028 1162 19617 9332 15354 14757 15788 5160 1751 8042 19884 5874 13324 19366 19344 1264 16880 13586 1455
5911 9275 7956 15008 19018 16211 3478 9199 7347 8384 163 13868 13167 4455 11123 11862 12419 1614 5318 6674 17164 18520 8445 1300 9551 3589
13220 17045 10416 4723 10245 14209 13463 6508 405 4724 17539 13564 18424 18948 6208 19050 15967 4476 1846 11143 9392 9400 10974 3702 10258 15416
13171 257 19909 3198 3835 1664 13892 16367 13948 8609 7220 9056 4784 5607 17229 10408 16601 12453 16918 2088 15962 7703 220 2072 18617 2709
19392 3390 3210 18063 8638 6227 19472 5224 6282 5397 16127 8155 3841 19273 18691 9645 11921 14818 2151 19422 2337 6153 14243 8690 13260 9685
6399 19926 12364 13068 12902 11998 7194 3106 4763 14586 14081 13556 6159 17025 8807 19742 13608 7316 11986 4468 12326 16752 9854 12278 11541 16149
19303 5881 3931 13198 19651 2689 5486 18503 3710 17780 16924 9480 8739 14802 209 9146 11641 7768 5096 7677 3963 17567 10058 1575 18426 11125
12329 11085 1887 17021 7756 16513 16906 17326 13307 5357 1341 1634 11872 12343 11861 11348 10603 18077 10908 19676 4685 9479 17936 3553 9126 11764
19028 4080 6072 13441 3500 9883 17739 4132 2858 4846 7334 8958 11300 13809 12999 5997 1724 392 13230 7139 3995 10261 9540 14711 3022 15935
15718 11257 9686 10240 14734 2631 8934 7225 6088 19808 19295 6669 4181 9637 15973 14915 19795 10622 5720 5002 12401 13954 7265 9618 9910 6788
10816 8325 651 5960 8461 11969 3868 7204 11023 7675 18463 16941 1800 10002 11082 6609 5000 6787 19727 14975 16053 1152 14621 3343 9040 4825
6098 14971 7914 18889 11138 11807 15212 10036 17277 16042 16460 1059 14159 13056 691 6449 12645 17276 9198 68 9326 12705 4617 11458 6220 17593
15044 15620 6308 13573 15772 13542 15888 3417 10172 13939 11622 18884 12102 10895 11524 4834 1857 2681 5632 4588 385 19661 19288 18348 13184 4438
3525 13828 2980 5768 9022 18303 3264 10694 11660 14136 14234 14500 16863 302 19017 3063 2342 13262 4075 10426 4811 8742 6074 15834 119 3360
4893 12535 11161 9180 5702 1947 10706 2948 8763 1004 10778 13457 5010 8212 16065 19024 3964 6996 6420 5516 16746 17276 1591 16192 4634 2006
19572 14181 8296 15581 16300 15185 2320 17866 18318 5971 13914 14213 2605 18409 5453 2045 1967 8649 9170 614 9404 16778 16158 18450 13191 17281
5179 18881 14266 2647 7854 10254 6919 4786 10940 190 1665 17278 11680 2873 5349 8021 3652 8394 6652 10802 6562 5606 5344 11403 248 5224
11456 12899 14553 19815 13403 15299 3001 12380 10329 17417 7615 7086 18123 3299 14265 13079 7873 11132 8895 3972 10769 6677 19108 17554 6255 8922
10722 19634 4790 1840 10273 14001 11723 18402 11568 12204 15144 2817 10472 1628 14238 2870 2483 10865 6178 16740 14818 11458 19851 918 10040 1164
2956 16807 19965 6818 7412 18575 10598 19478 11495 5017 16463 9585 13814 19768 14941 9997 11352 941 13910 13032 14669 13191 12859 16057 19409 34
2803 10493 14873 5745 6091 17336 18827 4261 11737 17358 13783 10701 2245 15501 847 12114 11242 11129 5737 18009 12350 11174 18365 7015 3034 14417
3790 15440 6555 5786 13694 8248 17886 17520 3527 1486 2275 1539 5506 2926 13600 16210 10580 13848 3655 15667 14652 5628 5365 18926 3367 9643
4527 3143 3097 4465 14263 15722 6313 1609 7988 16880 7712 756 9165 16700 7391 17664 13982 4663 6147 12862 17527 953 3636 11171 6200 4219
3268 7298 15417 1867 13318 17883 13065 17079 2273 7203 16541 10029 15950 12604 4978 13730 17418 13267 14867 14738 3622 1090 5939 4013 4073 19090
1751 11612 4772 8014 3847 3239 18469 14391 9411 5687 6167 6459 14673 18591 12777 4262 8345 13520 17767 14334 2145 674 4429 19683 6036 18388
6502 11132 4356 13280 5173 5359 6496 11641 18970 8068 5014 8048 19277 18452 650 10215 2531 3960 17198 1570 18032 7836 7224 6242 9503 16757
18526 5630 16433 5238 11059 13311 131 6848 18461 8602 10833 14852 13304 10792 11445 8652 17883 14621 19111 4994 7382 2543 5517 5911 3522 935
416 11498 4426 71 19380 17326 17546 15792 2498 11782 14065 2802 15432 9526 14076 14114 9317 7085 5906 382 13306 19332 19746 16178 9828 385
3198 1191 18037 16302 11934 6657 8066 12971 12453 6633 13340 4999 12967 8092 8252 5744 13112 1596 11493 7162 18744 17673 15841 11390 15087 10615
14307 859 17651 5808 18938 3441 19071 18716 16346 8909 8007 797 2839 1140 1159 12932 2995 13663 4497 19132 10826 2532 16939 14752 19910 3153
12562 18285 11732 7420 3958 3741 15302 8394 3798 3350 8676 13608 14036 12318 11611 16950 17022 1544 2091 3107 7868 16282 12009 1384 11895 16731
10198 4388 13633 395 13884 327 13421 10541 16366 18513 8543 3220 14917 2153 4573 17500 8514 10711 12751 12049 13085 10310 6200 8371 17246 5810
11976 4827 11299 6755 9657 15153 12277 3200 6087 1588 10365 11899 12493 14330 10965 3412 4389 6468 18973 2757 15242 5598 7306 10938 4449 12088
17899 12917 17955 6962 11957 2155 7419 8393 1458 4585 1883 12645 7488 3954 11171 11775 14007 10282 9805 19428 6998 4029 3008 15928 16038 739
7520 16573 13269 9938 11679 7050 11526 2135 8441 18650 6524 7565 5050 11189 1080 1210 1395 17001 1680 16414 14615 16222 14197 5764 3197 3284
11300 1816 11696 3608 16850 1152 10612 15172 36 2189 13284 15814 5630 7714 4352 4070 11970 7263 16265 15993 6027 15242 1344 16126 2647 1150
847 14983 8251 5552 9554 4968 9968 9472 8838 12591 9479 4645 7079 16764 12534 15797 18196 17188 16514 2581 19127 1055 279 232 9046 809
152 7150 18513 7693 6419 629 8550 4108 5406 13634 17556 16351 11542 3768 15699 12409 13205 693 14618 1418 19622 16640 5812 14389 18580 2314
124 10095 8049 18505 1385 8003 13604 3505 5443 11761 10285 9598 8329 19603 3335 19751 4147 13520 337 9444 11026 14246 15039 15609 19453 19013
18411 10699 10682 17930 14136 16307 19846 11889 19354 4259 1935 6098 2267 19045 15936 11063 152 14317 15670 1785 12523 7983 17083 13877 13556 12126
19025 16389 17669 18340 6052 9926 8334 18800 17805 14873 10131 12325 1147 18279 2112 14957 11934 17895 16617 953 10205 3015 17190 18296 6787 18131
4391 13079 19186 9716 1756 10533 18216 15668 15500 1998 5409 665 17618 8180 7727 6170 8789 2623 17573 17925 7959 14694 12989 15485 364 14084
6085 14003 15482 13621 17511 8515 1544 7157 11516 9382 19576 16184 7713 13804 13019 12511 8323 14964 11697 11130 14735 4900 17437 3791 2075 12054
4302 17288 3446 13624 13543 7664 945 16093 17337 18961 2678 910 8248 11389 8700 16013 13289 10844 14293 1870 9440 17660 531 10667 11768 11989
4963 17316 591 437 7030 12881 827 13964 7485 17102 15332 2140 10297 3942 10861 15628 7242 6166 10312 4503 13203 17252 4713 18863 14749 4019
7095 17775 12878 2472 4640 1417 15807 4518 9858 5786 16685 5741 15563 18325 18706 12580 17514 1557 3576 7647 14237 8954 3049 3251 1321 2690
16097 18218 10567 7031 12115 14363 2396 7498 5859 4219 14832 9843 4490 14405 4244 8808 5113 18512 18850 3970 11694 2496 17442 618 11705 1027
13549 10782 5239 132 16132 7428 5457 8015 3232 2919 18363 11347 6551 18188 3712 15808 16191 7958 9569 10891 5460 15296 1916 6113 5564 13329
13934 18078 4801 10040 10211 15231 17909 6050 2053 1022 14287 12772 6514 2303 16132 15223 18225 18868 11251 16981 3862 12535 6209 17877 3464 7434
3039 7991 16164 18608 5518 14612 15138 12903 15466 2860 11112 10329 17957 5679 1373 12215 17587 379 5904 12708 17899 19740 9161 12187 7852 17029
17742 1816 10319 7442 12661 9607 12909 18011 10322 15277 17559 5857 17120 17566 2342 10404 6343 10912 7485 17128 6601 18489 13682 6855 8837 13208
2095 5422 16243 6351 10263 18661 14737 8266 344 13071 2406 8640 5961 16134 7417 13126 4295 12005 8852 9413 8697 4481 15598 12813 11611 19741
5906 4736 3734 18854 15708 2933 7335 19622 18075 19136 2705 1561 9925 5571 6099 2227 8406 19732 4249 9605 2141 5849 5595 8452 15627 8930
10640 1402 4356 9003 16855 10617 13074 7777 15068 12340 802 9860 4043 1287 13573 10555 6846 13468 7163 17229 17365 145 7585 14878 12403 8846
9453 7592 18808 19288 12436 7790 5911 6233 9604 5355 10919 17460 14540 16645 6213 19654 19517 15430 14536 3389 4520 13794 5471 17909 10277 11632
16052 15821 11083 4224 15376 9337 9717 18740 3658 14120 4568 62 1475 18540 13061 5326 9229 7115 10150 5517 3202 13684 13719 16395 7153 14370
1105 11737 3822 18828 9233 14954 3073 9317 379 5611 3337 4907 12223 16304 8999 2855 8681 2889 15330 11172 16519 9412 11390 15081 2102 1417
12370 2914 6301 15244 4986 9455 3191 8623 16334 6833 12973 3776 2573 4330 8044 13009 5012 3638 10844 3803 13826 4660 18216 18163 12774 9386
2507 1134 11128 17607 11110 5474 13686 331 19087 5891 16695 7061 19339 5932 18616 1103 9951 1238 5411 1132 8649 19159 16762 8375 12199 17205
7113 9249 15727 8337 13417 12335 14253 14725 3602 10060 14592 666 10472 17936 12908 2712 11779 12540 3190 13713 3041 5664 16447 4998 10882 3386
6406 4262 10622 4183 9472 3817 4615 12958 19062 8174 15894 4364 18989 15261 17869 7759 15912 12249 15755 18871 13503 8182 13361 11577 12010 18153
2708 6554 14761 2635 1475 13399 3555 17504 6742 7888 15818 18158 3508 4674 17061 4346 14253 11414 4354 19496 8841 15323 1400 3809 8055 8659
3553 10700 1306 15949 15227 1643 8265 16078 11571 5384 3738 4492 9719 8627 7700 15858 14750 1109 17640 3207 2482 1119 6171 164 15539 17391
12741 15727 14480 17705 18204 17552 14772 18989 2499 5790 17869 8700 6669 11284 13389 480 17521 16163 14697 8812 17350 15381 8726 15691 4980 19746
17583 2888 3785 5736 2926 11478 5533 16240 3315 10343 4975 7388 5046 7202 18774 11809 7337 10011 6391 16546 15578 9492 4960 5810 10930 17111
12360 13438 14174 6543 19292 14203 19990 18105 11138 16898 6696 8170 6255 2843 6395 19474 9836 16267 3008 2805 18801 8338 14324 10189 18430 8574
1338 3152 1071 3575 14853 7545 11830 9267 17422 5879 15885 11363 1295 16778 10742 6064 9926 14330 13271 12805 4235 1204 19038 1011 10069 8874
6289 2844 19709 1132 3065 17031 7205 9204 8920 7801 10435 16216 9667 12285 19983 5591 7965 14259 13022 13907 5415 11948 12952 11702 10563 699
17861 13948 11631 15427 8934 4357 16525 12015 5077 13683 14231 16182 3597 18907 10621 3119 11351 5301 12567 3302 8996 17189 7273 4128 12550 5204
11640 11560 12997 14863 18966 740 16164 13969 13905 11041 10422 126 8735 935 19343 9356 12280 5596 1875 1286 6458 17028 12008 8531 19165 15811
17948 17134 1585 4890 7802 10725 4521 3438 19677 1341 2569 15500 13986 2056 19108 18490 19777 15416 11578 6676 18559 14370 8450 3005 6183 16756
8068 14498 11982 19102 9451 16360 7491 4093 12440 7031 15622 16591 424 1028 3448 9401 5699 13878 16075 15891 10124 16239 9401 2519 2315 7276
10419 8635 286 407 7913 11908 9446 2758 6859 8226 15536 2522 16759 14920 401 5169 5142 7205 10227 10198 3932 18357 1764 2859 11274 14146
4460 1964 9107 742 6625 10975 17650 19670 15413 5212 16583 16197 1603 1013 16874 13088 10096 13188 5169 6032 14594 15126 11455 10163 6232 15299
6411 15925 13530 14178 9413 1981 5272 1074 10962 5831 19312 12840 910 6878 6639 3875 14482 15318 11829 13437 15932 11591 3227 5780 750 19439
6405 16541 6038 15056 10454 12551 1077 5725 11674 9785 12469 12407 6873 16195 14553 17018 16140 6700 3020 6512 5399 11238 698 11837 4455 4328
13255 11165 15593 1956 7798 7889 14018 4814 19417 1946 17125 9929 19737 400 13243 3129 1843 7370 15827 11411 17867 17445 17779 13773 9658 8599
2233 5501 4616 6804 14784 282 5857 18016 7307 17923 10123 3552 3790 7859 9636 6853 18482 4876 17576 2509 12675 4065 5815 17354 14260 18589
10266 9918 16691 6964 9121 3996 15062 8549 16646 1602 17971 11311 7804 16729 11303 8214 13667 4178 3432 10598 13253 9300 12894 18049 12953 4071
8389 5290 13089 5080 13647 17180 12906 16502 702 11353 15313 13915 8768 4173 11473 5875 13452 6028 5917 6002 2663 17193 1052 3374 5215 2187
4321 18589 11891 1689 19184 3329 17586 12741 14709 12834 16654 9462 5012 1938 1636 4841 1404 19675 8314 10869 2739 5577 2873 12510 3208 1467
14070 19196 16135 3378 13242 9517 861 5079 16150 12614 17582 18022 11729 8417 4971 16358 12460 2226 570 19105 16926 10773 17207 318 16302 9605
7257 14807 3614 304 19309 1166 1158 3364 3964 8420 1687 10346 17977 17310 6481 19741 4093 7659 5484 16222 17503 18389 6100 16819 7813 2089
1450 824 816 3681 887 4390 15592 3998 8788 9998 1761 9278 6852 4500 7467 10913 17008 12255 4875 4334 13537 1449 11630 9770 10782 8998
11804 8602 1386 12223 116 4630 15400 12971 2695 17981 17009 13484 10707 7143 4224 19090 7481 1857 8824 803 10616 13142 10518 1322 1712 15565
7240 17016 14308 10080 8881 5118 17808 16273 15193 14932 15875 19724 3753 19134 11002 11197 6293 3529 13849 6686 16267 15377 6078 19361 4688 18168
16998 8925 17287 3443 16693 4632 2856 13517 9077 6519 8063 10120 11486 12310 13131 18995 19705 9108 6900 16479 4958 13257 7789 2786 5319 7557
12981 2883 693 16389 16895 7547 4390 6000 15610 13231 15823 11509 6340 1663 8274 18254 9127 8970 11748 11322 10219 10314 8654 13137 2586 16020
3023 5856 17897 1247 7461 14244 17337 13588 7571 578 18371 795 16160 3581 7182 6965 5537 5595 13080 18499 17116 5732 2442 16035 16311 5673
8889 14718 19675 11953 3638 16694 18347 5025 8174 1592 19634 9789 10835 19918 7663 11586 16968 17817 12745 16261 14721 11744 13156 18013 6582 18128
15552 4933 8668 5769 7636 2391 13170 13726 17350 5363 4748 2298 12994 4443 18365 14248 19322 8335 17709 5830 17864 9632 15020 16774 19161 16479
14685 17317 15035 2500 16101 12180 6898 18623 881 17178 14606 14195 10717 8527 3288 4086 12317 15236 968 5296 13154 17410 2272 12387 14583 18025
887 166 5632 19507 3775 19339 3744 16856 16153 17158 6443 13382 3332 11437 2514 15405 14949 18670 5879 15134 4787 14456 7834 18254 12340 447
6857 11805 13536 12502 17195 17760 4501 961 18304 9179 19826 6102 7736 6154 17167 15411 13058 17562 2243 13637 8171 13490 13736 12936 17357 6000
17977 9272 14486 10539 5519 17593 12739 18077 3081 13477 19556 14645 2788 12079 11988 15209 10284 13248 11697 13083 6735 12495 19511 5312 5102 6521
10548 5702 791 8987 17485 5112 10279 14054 18658 19014 19736 18824 13508 4073 5645 2832 15730 17784 11810 2257 14950 8789 1057 17158 13623 6427
12877 16157 18264 19897 6458 19768 13269 19302 4704 13754 7613 19874 13699 18907 7809 15489 7766 842 11201 3276 14000 6375 19853 616 19038 17311
15501 9524 13881 6833 1480 770 4223 2522 7879 13281 3824 18022 13232 19793 14519 10697 6762 5961 12590 18497 5047 1494 19338 6599 8540 760
3721 11314 19491 15704 1857 9247 17886 11720 960 3280 15037 1193 10503 4758 12459 4568 4086 1038 11865 13248 5207 18184 16746 3415 13072 11928
5379 6965 16603 19507 3881 9760 12935 4463 13456 1800 19099 8397 2490 17078 1004 4616 2636 3740 15319 6679 15935 14686 63 330 1074 4976
8157 18029 18684 1614 7952 4343 16199 4461 851 14422 8997 11460 9041 17273 4934 5422 1203 3720 15905 4485 13935 6905 19995 10646 2388 3591
17471 796 12314 2137 3376 9063 2237 413 15399 16077 11852 15714 4151 3017 19699 2744 19969 11490 17349 16944 19107 2760 10093 3906 17796 13714
10569 6 9031 3489 16656 19832 7028 4924 11920 10385 12787 6818 17195 5013 2946 8928 1572 4467 14612 13118 3014 6963 8173 772 1778 19040
15417 8530 9324 16731 13743 18934 5120 15988 6457 2308 7455 10754 9413 10098 13232 7366 6269 18907 12855 8410 525 16486 14667 7698 17968 9877
11235 881 3861 13136 13186 286 10267 5229 12985 420 18795 10180 10818 3530 524 16601 34 7752 17802 19676 6813 10895 2622 14743 13778 9496
3153 9978 12538 6816 18568 12507 214 19864 4943 8618 18616 7470 15155 12027 4516 12011 4376 8158 12478 19823 8137 3018 18061 12573 9246 10951
9704 10245 19695 1623 7610 5194 16727 7417 7776 2589 8432 16645 16387 4777 10008 10761 17512 19101 5484 9248 258 6408 650 2293 10615 15965
8799 11488 16224 16143 8760 16556 10808 10744 14453 6162 13396 7745 5289 7613 6826 19553 3518 9677 7034 14307 15314 3881 7041 3192 10814 8262
926 10907 11199 5557 2024 19527 7502 4310 5534 12749 13690 3609 13937 290 1815 6093 6278 19928 635 18168 16472 15520 9841 6218 13686 11615
16269 3166 8213 14853 17898 8843 10957 16330 10161 16676 1772 12895 10585 7940 9191 12967 328 8174 4324 18423 13805 16780 11844 5602 8937 1761
5225 10655 18551 19163 13621 6273 7348 19724 735 13335 16546 5010 17368 10789 9262 7532 6302 19826 19118 5991 6481 10192 10072 17705 1104 18094
7838 9363 7627 6820 16551 8609 6892 7775 16959 14940 8545 5458 16689 9775 60 12392 8230 19619 8129 11589 9403 10844 1925 6337 10645 2953
10670 17111 6685 19345 3965 17974 18793 3284 13981 7310 4334 16928 18842 1199 76 5123 11838 11994 11472 6988 5427 1415 7467 13297 4523 17506
2390 4879 4626 16983 3546 5861 12333 2861 4650 1975 3653 7946 8110 14916 6539 11028 13884 19040 15826 11331 2143 2941 3680 1108 18286 13300
9192 1230 16909 13638 14917 240 15298 4722 7490 5905 4845 4219 9166 1174 17991 6186 2914 9897 9636 18954 4535 4221 19128 9601 16854 1854
14498 9216 7657 9429 19983 14737 6133 8571 6961 6852 12549 12197 8477 12601 19297 18362 3070 2738 15922 18427 16042 19752 10285 13612 16425 14442
3518 13313 14264 7252 10492 8008 19335 755 13507 10190 17502 19697 8196 14604 16276 16249 3150 12484 3503 2046 3403 7609 18300 1265 17879 2442
5328 15419 5108 13247 13879 10431 19386 13153 8149 10532 5751 11640 699 12256 3492 14176 19391 14725 3416 18055 3845 13859 3149 14923 1640 17827
10531 3612 5100 11931 8747 8628 11755 6708 14178 4188 1160 7829 6548 3809 119 14364 13597 12973 2907 3023 12897 7804 7400 15022 13120 16887
18879 15246 6374 3875 6627 9532 2790 17957 1240 15271 17038 15461 17095 11357 11776 494 2092 4282 2032 3398 19568 14977 10096 2774 1511 4723
13313 2368 4118 4558 4098 13945 8610 19830 8293 7745 7118 11473 13948 17986 18890 12000 7941 11703 10653 13265 2764 9012 11445 14230 5209 18376
10014 7252 8689 19457 17004 15317 16419 776 13711 4184 10156 1985 10643 3477 1156 9040 13295 13193 125 3684 2482 1467 773 7522 7001 19594
16472 11213 16974 17321 8001 2802 1497 4328 3726 11505 15859 13278 10863 14296 4259 3130 14691 6288 7888 17096 215 12792 2394 8182 1487 15577
7480 7487 17380 12440 11198 19401 19208 2942 11169 13780 11697 19743 12145 15824 15914 6801 1691 781 15636 19896 16384 18281 9805 14935 6602 7425
7959 6950 10139 17800 19064 6830 16162 245 18660 16140 7161 19181 9386 3268 10074 12173 2205 14530 2399 3723 7561 11521 14622 15596 8764 6661
272 18371 13677 4458 16608 11825 1160 19365 10826 7452 13786 3034 19597 17907 16307 15518 1737 939 764 5851 17015 12201 19009 13002 13626 12933
14593 5805 20 7782 6314 422 7876 7398 17189 15153 4940 12503 10615 14387 14792 12812 9046 11417 14552 7109 19088 5551 13136 9604 485 15052
1102 9501 1814 4146 19544 18285 19037 12360 17290 2144 14076 10488 19803 908 10823 11904 1144 11410 2023 7932 18989 18367 7988 12416 14863 16870
6890 18884 12922 6740 19183 5690 7246 13274 4454 15883 13320 4893 19818 8912 11157 9734 15138 19195 14143 19801 9893 17253 5294 8285 16720 5355
13677 511 12782 7022 6535 10610 8547 17625 3266 14210 3961 18441 9442 18924 4201 11569 1209 10820 134 8171 17675 2160 18736 8135 6153 2141
12089 12892 9331 5855 14342 12101 17273 913 9412 9478 5202 15727 18468 8392 11679 5159 14141 6892 7697 98 19197 6128 10096 14887 1657 5140
15585 1161 4009 9880 9003 16774 6555 14518 14453 6803 5891 10831 1214 6260 2233 15300 10335 13576 396 7797 1212 14722 277 1022 17801 2474
14481 8464 5926 13651 10150 1561 18979 8466 7049 12395 3876 17875 3502 403 18690 4569 14091 1501 2877 267 6353 4854 885 18479 14985 9935
13926 17417 11749 17238 19380 9906 351 2095 8309 9863 8389 16352 19819 16947 6813 1518 9605 8254 902 13446 19462 18138 2535 5304 15647 10834
6884 17616 19452 4097 4020 2306 18812 12561 403 9699 5994 7208 8575 6118 8752 3501 17218 1577 11775 18180 5313 19620 8299 8472 18523 13944
3737 17116 8927 1481 19669 5111 7979 16771 8271 10277 2540 13957 9483 7351 2118 11430 19865 8078 17755 9451 19428 9097 15677 7473 1827 8902
18760 6520 10536 14354 2987 23 12610 11726 19339 10319 11671 11461 9336 11826 13062 11689 19055 11498 19185 16147 15540 9564 12920 5691 18078 424
7412 1994 19464 17739 19133 16050 10733 5370 19998 7157 10053 3500 8404 10589 10336 1493 18838 6366 13324 2592 10060 13176 13884 14898 9778 15842
10189 19694 11890 15257 16638 9451 19794 19960 16143 649 4465 16905 4644 19577 3622 3988 4123 13736 9122 14778 8928 19595 11465 399 15552 10349
1913 13058 8400 17835 16106 14069 6418 5628 2305 3255 18345 11989 3658 9711 6210 4591 11947 8512 16796 13640 13863 2969 18184 19355 16079 12195
1942 11161 4526 9516 5837 3388 14004 4200 5810 2739 9753 13308 992 7286 15530 16281 12661 19912 13315 13004 5586 3372 13652 9801 7962 19672
14990 459 12102 6975 10460 11170 2380 7045 19361 13583 17307 5963 6853 17018 491 12283 9366 15944 15204 13250 2941 13784 16132 195 2413 2641
15756 9305 19604 1477 12420 13796 11102 12917 14371 17424 7585 15120 5920 2662 11975 19917 128 5766 146 19649 14059 10845 10758 2322 2308 14257
5465 11856 8896 3499 2423 4004 18820 13439 3431 15266 7580 17487 1817 5517 2024 9215 12487 2298 260 13866 3747 11408 9386 1771 7067 16030
867 16208 11718 7898 7993 7930 14527 12840 11693 14663 17780 14924 14078 17196 15186 11005 15919 16815 15633 15876 8931 7152 6090 6982 8871 16096
12440 12915 5774 1874 2213 13931 11508 1715 17735 14909 7952 17070 6258 14902 7858 15171 10215 11317 11614 3902 14510 18203 17940 2539 17727 1615
5050 18390 3585 9597 17882 18788 19106 14277 1778 6587 10940 11642 6104 4386 10005 19670 8110 14143 13668 19349 1981 15144 10640 5992 14570 2928
5510 1999 17524 14742 2131 8249 14094 12445 2588 12363 13816 2895 14323 10074 19773 2911 16520 6844 13453 10375 797 10426 1305 9490 10098 1628
15833 13078 17850 12211 1611 4389 5267 4457 13475 18953 13764 16361 10565 16010 11448 5734 2094 17730 4160 5074 17360 5107 14203 174 3054 4355
17949 1851 16951 10690 9636 18320 11059 6727 16331 12344 12557 12357 17013 17318 13440 1458 3582 7958 8239 10299 13184 1448 8707 17861 6762 3628
12910 1097 10750 2797 4163 16111 13246 4216 7244 15657 15887 19771 1516 14901 16931 469 18257 15864 7758 668 17406 12670 3948 12795 5181 10212
12035 8386 13175 8165 5591 3228 9530 7958 3419 17935 15042 5394 1604 14324 10735 11787 4599 11451 3315 13965 7047 5194 5206 16623 10128 13317
8967 1189 9861 6481 1476 11952 11380 18980 3348 1268 17704 5019 8712 4262 18917 9374 9216 6430 7074 2201 14182 4932 11610 9677 2422 8794
5020 4481 16071 1333 1707 12717 15762 19188 19207 5687 351 10367 13201 10493 8046 15368 16831 8651 1504 6312 12561 8650 17436 9676 15254 5440
470 9469 7187 13770 12740 13781 19873 7333 11897 6695 10869 18130 8029 13578 2339 12347 106 13234 8869 11537 18325 3524 18896 8213 10127 15013
19678 13226 6964 3102 18968 235 18233 2270 5000 15828 3900 8468 18236 17033 17368 10611 4381 14843 11840 17826 8020 13049 12040 2463 18447 4095
11313 13520 10463 9321 6538 12183 17002 15780 11655 9956 3804 6857 8626 9158 14175 14539 18276 4865 11545 18625 17577 4238 6370 2132 10885 90
973 2903 16420 7882 16897 6814 16093 15759 7998 8454 5800 19992 18213 16360 11499 13250 14249 18317 16431 1441 12175 12015 9989 14777 8614 13940
18788 17675 9954 4630 82 14489 77 16716 9116 16741 11059 446 8716 9164 4137 278 7707 10830 6731 2821 4205 3511 13475 167 14360 8418
9395 1545 5576 11481 2319 18666 1696 15456 14596 12910 12077 16710 5586 2726 10781 5031 3545 2945 6528 15697 4455 9134 14126 9184 5235 9205
11462 19069 6250 10337 5760 1795 7961 2270 3750 6661 8354 16190 4271 3727 12288 3069 6318 18603 2336 11724 12536 4923 13816 19508 9853 18305
12015 17194 9361 8438 4122 15946 16380 5672 2625 2212 12835 13609 18799 3089 10082 4742 17221 13070 2058 4910 1103 8796 10634 1644 17330 12898
1593 12093 18847 15027 18549 11994 4394 9063 1274 8220 568 615 18581 14408 6577 7214 10809 14772 10124 9509 5816 11068 5760 8605 18574 1162
3301 17664 14008 18928 4236 15503 17256 16079 17714 11592 18005 3689 5137 10044 11258 5203 19900 6684 14321 17322 19883 4455 7440 881 7171 14765
13013 3145 15856 18933 16911 17797 18891 11902 12051 7472 13906 17463 3295 10073 11514 13194 7500 11343 19742 14692 14956 2170 2570 7023 2787 7987
14697 10754 18616 1434 10546 10423 16782 13595 4003 13529 6424 8125 11372 6085 2142 17162 12054 5958 6332 13849 7835 10279 2100 7713 6031 9906
3854 2182 1501 6064 2640 9098 2366 11511 15377 5714 13098 18784 4262 19467 19758 7908 2952 2526 13792 3563 8300 11127 14487 12278 16743 14110
5412 14638 4122 8608 12594 10263 5914 18343 18938 13173 19173 14142 7445 12751 11011 2156 15370 10147 12989 10408 4984 870 9294 9961 11383 1832
9903 8198 9229 13968 7549 17052 309 3204 4896 18583 14297 18352 8902 129 4453 15593 14910 17775 19660 17109 137 18164 11914 12299 1441 16807
11718 2255 3783 7723 15665 8812 436 10722 16938 3420 2980 15696 13873 10649 15132 14619 9322 15792 16378 4129 2696 17257 5333 8828 8116 14267
6846 3804 19145 16950 13150 6467 8296 6891 16924 2047 15754 10361 2688 522 12287 1499 9671 13804 3162 292 11780 14668 1962 15280 1836 1104
9952 14886 8641 18889 15384 11470 9385 4067 17278 18577 1608 7088 16624 11674 2636 8311 12120 10034 9893 14116 18671 5111 4049 4147 17337 18077
17039 12231 5385 4051 4848 4725 18916 17265 16211 4659 401 4923 14115 9648 415 8757 2240 18080 17616 18619 14359 15448 18171 3207 16864 11792
9086 9186 12297 8714 1076 3287 2386 12263 19813 8888 1755 2428 8531 384 8109 11397 2915 10718 6800 12107 13254 7800 17762 5427 19435 10485
7519 7853 1183 9197 6180 8857 19129 17597 4421 4791 3795 1048 9604 18546 814 18588 14229 5923 3111 2647 15433 7773 3475 14935 10747 14792
17789 12568 7043 3080 15630 10063 11355 2555 11893 4890 14619 11297 15415 1208 11743 6250 1154 19166 8016 8251 14074 18398 1325 1377 14324 14959
4225 3525 17323 15388 18348 15327 10657 2977 304 6632 17304 6950 7372 15700 19282 5491 19232 18219 14894 11363 4349 8083 18834 11628 4062 15450
7673 19576 8959 624 9013 6955 4817 16384 13208 12876 4032 3036 8398 4818 7426 14620 5728 1254 11985 9705 17406 11841 14288 3584 17019 5298
14263 11320 12089 2678 16215 14225 8616 14560 7867 2344 4410 13637 15243 12987 19908 7608 11993 10319 13662 19041 11068 5225 11368 1721 6923 9887
744 732 14183 14584 17333 291 12023 6816 19505 14281 550 11933 3865 9891 13450 6724 19519 15245 10015 5514 19931 1294 3307 14661 1163 17490
3418 4014 12173 11677 5734 11597 1979 10014 10249 760 12354 19424 14670 15786 4271 7642 15223 7289 41 5472 12044 7828 6284 13062 9053 3607
11280 15535 1031 7224 17977 17904 19593 2377 11199 13256 8897 4780 1687 7609 1305 13662 93 482 9455 15149 12286 9886 19894 15053 9379 6925
11794 12624 9352 15084 18953 14721 2358 17646 8610 12714 7785 16044 2690 315 4632 6898 18481 5705 7187 18027 11873 8162 8747 9946 17690 19791
8507 1084 5734 6143 15745 7519 1560 4332 2577 18594 15009 2351 4249 725 7171 11819 1126 3183 12729 15187 3974 5069 15539 8461 65 19815
19410 15991 1637 137 14289 10956 4359 8112 6274 8982 3332 8013 8749 696 17024 16542 49 19281 15993 606 18368 9030 11940 7318 11760 12954
4417 19529 17979 2280 18582 687 4937 4697 7769 8462 16471 753 3669 9989 7694 17435 15678 2020 11752 9837 11613 13678 9006 16837 9065 18595
1084 1760 12604 1103 11232 4687 14571 5614 9214 6552 8443 11038 6008 14450 10235 14585 5611 14081 18612 17904 18460 10158 10555 2782 1332 8345
5346 17931 18586 16358 10116 11411 18017 13998 12518 12979 14621 9312 17243 3397 16821 4498 1199 2926 16472 358 10796 5884 11707 10766 17140 17332
7482 18362 6934 3513 19569 4430 5276 5519 6663 19435 15376 6359 5872 10515 4660 2806 5733 2764 11654 12570 17208 18734 9805 2266 9714 15833
9413 7886 17641 15166 16785 4002 11005 13190 6186 16239 4885 12315 19383 8258 14874 15216 1178 17510 16330 9003 9098 9049 171 11058 12955 2413
12577 1795 15617 17866 19044 17996 9700 19682 7030 8648 5933 13648 4134 5670 8933 6175 15183 18840 14421 2795 18036 17681 12694 19198 16401 1115
13484 13261 864 1414 14893 16144 19241 19075 2157 7477 2777 19747 6137 1168 910 3524 215 17692 12732 726 11078 2359 12973 15135 18259 8044
8778 18406 1871 2195 8255 8731 12356 17678 7737 2182 19109 16640 3596 15585 5145 519 2635 12245 5583 8508 1873 7713 2364 7685 10827 12594
514 5399 10217 8873 13497 9333 2804 2656 4585 2497 10139 15063 16506 14429 14209 19380 8874 12022 7687 7441 18973 3859 5531 10682 11313 3747
17721 18825 13805 13814 7854 12075 7299 6639 16803 18563 15974 11526 3712 9053 13595 14801 14062 8687 5866 19427 8055 15313 2518 2172 8800 18932
16871 555 8387 17545 6362 5521 16151 5136 19599 10043 5874 9586 18092 17146 1892 2243 12317 1441 4227 9027 8759 11038 515 69 10610 2871
1173 10977 6702 6368 10612 15179 10196 10719 19772 7667 2773 9554 3885 17593 18448 2149 16108 6521 10075 10712 18387 9719 16025 4636 14232 15317
13146 10192 4910 11638 16469 2123 8453 3632 19026 9199 11529 9182 8454 17519 6850 14345 17391 19490 4926 4341 12044 18325 14275 2896 1986 8238
19177 17600 1337 18993 13737 12189 260 10892 1819 7313 14682 18269 17509 4647 542 14870 14929 14707 19728 13361 5657 19958 12672 2042 13923 5952
15966 7603 9952 16150 2670 9001 7335 9187 4390 8286 6581 9825 38 14638 3467 85 2766 925 8611 14490 17741 7849 10453 17614 4702 18741
603 19101 2404 1813 3433 15946 19907 7932 16226 16439 15321 4642 1525 6132 13803 9861 12544 4888 2464 801 12171 5468 8775 4937 16322 14661
18054 6013 19499 15608 1072 18982 5396 2515 5645 6052 4773 9419 10213 11607 16124 13268 10904 6341 18418 11858 17749 17784 13970 10521 4936 14105
1243 6529 17501 4689 9204 12276 7379 14255 18774 7429 5906 10801 887 2277 19941 18470 9619 6308 17182 17331 16954 3570 3198 12206 933 10510
10199 17961 2117 3750 10139 17113 15974 3401 15030 3780 19574 2656 9975 6893 12198 17384 10079 12489 19982 17634 11740 7492 16895 16535 12399 13073
17302 7280 1432 5088 11229 16944 19182 13105 19695 9589 11725 16799 19193 10497 19518 2110 852 12512 16458 174 17160 7620 9331 4023 9155 7215
5988 12001 16754 19016 10804 2693 7891 9790 3392 15916 1766 5673 8970 2398 6526 2254 15564 1788 13159 6090 605 12488 17797 17806 11125 41
19233 13498 12136 3634 10026 950 11423 16413 6650 18700 16917 5477 13000 2148 11055 334 10918 13494 2884 8284 14940 15901 16013 6738 2640 19157
965 16285 2690 8907 11841 10943 2522 1645 18527 6418 6424 16930 19062 11486 10981 4540 160 13595 15564 9115 7499 5114 10236 15903 6821 3016
4206 13776 17422 18409 8869 4474 1289 8583 12851 15527 102 7046 740 5587 7984 18334 10 13396 12586 5762 12499 14771 16483 4931 16090 144
413 2667 18732 4558 6875 7655 9231 1289 3211 17669 9050 16047 6751 5594 9468 9524 17049 8865 18054 12708 15472 10182 8907 15164 11963 12639
12480 2438 10985 19217 15665 8458 16999 10565 2563 2923 9878 552 18009 10848 2839 957 4520 8546 9603 4009 16270 12446 103 2507 2779 260
16819 2237 16183 11241 9746 14599 12482 584 17472 10236 19291 15058 16685 1945 18585 9476 13754 14490 16684 15940 13381 8267 10688 8959 18405 14643
8769 1708 18549 5025 5792 11543 17549 936 9689 19262 2939 1528 8036 17186 115 5940 18425 8092 2617 17506 17109 9779 14416 17976 11769 577
11830 17170 4331 2692 12610 2622 18498 16795 11510 9995 16932 2717 1862 12138 16680 18104 6066 1463 4933 19968 13191 8503 7234 17414 19388 4298
13642 7686 14403 9074 19371 16565 12414 19779 2902 13539 3766 11159 19174 5804 12662 7792 151 9324 19214 1204 917 5028 15296 5078 18962 4578
3136 14860 3559 15356 18948 15210 16088 4718 4022 14618 9766 6961 2884 13779 14313 355 2779 15064 11726 9553 5564 1132 3507 11250 17275 15897
12390 5333 10532 12714 2105 16560 1435 1985 19360 12 2398 29 2306 9477 530 17629 1537 6567 9422 3390 6764 12166 4686 10236 7028 8628
1970 15415 15720 1037 19305 18858 1816 192 17930 15528 13137 18331 2465 13824 11116 10864 13971 2331 4482 4888 11580 13446 19103 13395 3082 17183
10169 18344 15117 5594 4614 15379 14659 16988 18484 15318 4287 1808 17166 13492 19579 4081 6580 10312 14170 14174 10233 8001 6523 3079 14299 7080
11221 11635 1051 19149 18093 2111 10223 15981 1814 733 1963 9242 601 16305 5829 8211 19203 15188 14887 3600 7631 10439 11360 13109 2913 9503
6517 19276 1301 19732 3191 18954 16397 15400 7571 494 19260 4748 874 1434 13789 17810 2786 12189 8414 575 9497 18436 15891 2859 6397 1619
17904 11590 11702 19508 953 4885 2143 19772 9770 9391 8505 19466 19304 18066 1796 18167 8562 4350 8453 12138 14369 4910 12615 19051 9935 12873
5 5451 8278 3622 2338 3838 11246 2344 4997 6845 1176 15204 5554 1607 12729 5403 18538 1339 7059 8453 14024 2533 2164 8084 3808 969
4002 19793 4104 3779 12856 11509 7820 13845 16584 17403 4867 11535 19768 4473 19875 17800 8203 19278 13129 16307 3158 18120 11232 3783 16610 7972
3598 8494 4633 15222 6022 17954 7120 18208 8390 17543 13137 16364 4206 10463 4486 4371 17035 2598 14229 750 8367 6867 18971 1507 12741 5533
336 9748 12181 13675 2687 2807 11238 10830 19809 530 121 16277 10221 9326 8097 16131 3102 13129 759 9203 5271 3959 14898 14044 8881 361
9382 6305 15152 14402 6369 11857 703 8649 2981 17159 6947 7879 17056 12836 1021 10036 4862 1106 6935 12418 19955 7723 2479 19415 18859 4429
6533 734 12524 7440 9415 9989 12961 12109 18813 9369 8772 3730 6161 11338 8501 2898 18591 8549 9171 11428 9585 10750 9704 9456 10054 17820
19581 5798 5671 15365 2502 1349 599 10047 2420 1000 15325 2831 6309 14722 4402 380 3475 689 2948 8933 6908 1666 7449 2040 17685 17108
3646 16016 19100 9773 11468 5742 2185 9934 16355 6685 9223 12976 7454 10445 5598 9975 3325 9952 5689 2012 2655 17569 1829 1272 409 18384
8094 9153 7588 9020 6142 16499 17591 10151 17601 18045 19785 7994 2667 11968 19166 10303 15401 8654 10676 400 11604 1419 14515 12508 17900 3110
19178 3914 10110 19472 15147 1705 13823 10180 7680 14548 6794 16123 357 507 10290 7032 1166 16447 7756 4581 10637 10017 4706 2462 17865 17081
6727 3119 15257 17685 1928 12536 17703 1091 3979 17645 17843 3931 17995 5046 9307 788 7640 17630 13305 11771 11953 16035 3563 2260 18477 4708
8515 6191 3626 4741 13857 2901 4615 12139 19401 7721 13126 1390 474 11677 519 16728 15717 11334 4283 843 17691 8579 14080 11523 10125 4722
10891 7140 17781 1552 10844 3559 18543 1357 9137 19766 19393 15119 3117 9829 19868 10433 6354 5581 6376 1151 4549 1018 18213 11076 16584 8904
14215 9422 9545 19128 1054 19352 8753 16508 2243 5007 709 16214 2849 4797 16321 16631 3799 4529 5053 10189 11165 18696 12747 14331 2595 5167
8948 13612 261 17584 5790 11827 12285 17024 18959 12508 11399 5476 14711 157 10874 917 1246 19926 9215 18540 7702 18436 14188 2630 17511 1412
3236 4821 747 2749 7752 12965 10495 4437 9266 5624 10660 8808 7654 12117 5914 16725 15789 5552 4263 17474 18969 15998 18758 1611 5394 1082
10229 3763 15129 2815 13504 18324 1733 10727 11652 14562 16580 17812 5367 626 99 10133 12098 11312 6691 16167 13043 10455 18183 2330 317 11099
5799 14352 15058 15714 11913 959 13023 7876 16846 1983 380 19187 10852 17512 8499 1710 2223 12097 13150 4214 19929 6202 12861 16937 6454 16212
11549 4945 15581 7126 17489 6084 3312 6581 12058 17746 13777 12026 16201 11278 10970 11962 435 12388 886 6845 7927 4793 15719 16094 18180 8793
18971 14557 14399 8753 16658 7125 1869 15427 2813 5945 14375 8422 1494 9159 3229 11822 8625 6406 16471 1684 12491 14126 15812 18008 3723 15777
12371 7227 13663 10036 8640 14089 6485 2784 15030 2044 1974 232 7836 4933 8434 13977 496 8830 9897 18298 5227 1826 4774 16090 744 10019
4755 177 2169 9971 11614 4707 11506 2170 5785 10452 18645 16198 9972 16121 18489 6721 10796 12513 12348 17000 633 10348 14424 7736 15154 12919
14120 4339 18700 1998 13821 15558 18925 5343 9600 1022 6367 1863 15735 5588 1450 11396 13955 7620 19552 2552 17324 12783 8381 12925 15863 309
7056 9377 16378 3347 11425 3613 16318 12606 12675 11711 2055 13824 11185 13302 1574 2031 11478 1757 19500 18931 790 15714 14160 14514 5957 231
6886 18533 8302 12690 2409 16572 2739 9906 14771 18631 12628 17437 4848 11523 3682 16557 10109 394 8341 5413 1096 1883 10637 8717 7085 7888
18222 5774 7423 18324 11637 15245 17509 3465 11649 19075 15963 7955 8758 14779 9611 15329 10777 19567 14357 14746 15799 7304 14916 4776 1703 7305
9601 14251 3062 5601 802 2292 1092 12280 14606 17010 10393 19157 364 6738 10896 15714 9879 14970 1220 14614 5722 19240 9714 6918 4757 13119
14431 10324 5697 13344 10986 7274 12114 2607 19204 622 4919 9832 13598 15900 4744 12923 19128 7210 5579 9669 13097 8314 8727 11295 17966 14084
7486 264 19123 3438 8476 6932 8658 14808 17733 9194 11696 16688 10604 3617 9498 5572 7817 11267 1718 12050 12046 10612 4842 7818 19300 10459
17568 3289 10675 15609 11537 6632 13858 11743 18412 6722 15276 8186 822 15952 10304 10894 13071 16846 12679 7928 415 12453 9171 2139 2402 6483
17146 19838 15718 11504 19317 16943 5894 7092 19191 17472 16501 4129 6622 8132 10168 13144 13431 13688 1202 12723 17627 18110 2821 5345 17757 4716
551 6009 13685 1629 15613 19048 13831 16836 14969 8506 1545 5673 11672 786 7581 3593 11640 4700 859 131 9031 14619 9600 508 14838 8731
19702 1244 12978 4225 1029 18823 11320 13605 14878 19979 12794 2936 3790 14570 16804 17602 7862 3808 8428 8289 3971 12275 13180 3011 7603 15159
5354 5768 7112 8479 12243 8296 3670 9609 1059 13514 4015 12432 8284 10744 3407 8304 19485 14924 1921 8757 10873 14678 13610 13051 1577 7235
11357 7331 12859 11844 2440 13422 4085 14062 17660 1275 909 1143 13232 17801 2151 6638 11412 8293 16169 10428 6907 9279 14024 18750 10660 938
10611 807 12566 15221 18271 1525 9443 6654 5369 9860 13922 12867 15993 3281 14123 17596 9006 6372 9315 6687 6341 3526 19020 17981 1628 3542
14480 10968 18875 1327 1745 6966 14151 14904 7677 3722 13473 16630 19671 14017 3196 10613 17796 7087 1941 6923 1586 822 18780 9689 1753 10367
5610 283 1116 8538 16541 12833 10224 16577 17575 16635 3014 17634 4978 17768 5084 13128 11111 731 4556 5087 518 14860 10359 9915 12857 7641
15711 17971 10801 2857 11785 19953 901 7462 8045 9462 18524 1121 15186 16937 12356 2761 16530 14568 2636 7088 10831 12766 5355 9286 453 14320
9880 81 184 2412 16926 3234 587 18979 2621 11269 6467 14367 2813 14714 11 11407 9342 1607 1867 3841 12211 17569 13535 19949 7592 2061
18727 4170 8005 16250 3651 297 16180 15472 2691 8779 15362 5373 16516 853 14639 423 6481 3392 11328 1786 7325 13680 4364 17780 17231 15432
10073 4654 2805 13035 12402 17899 3540 13783 3804 12172 15196 14595 1942 16394 16243 15480 13688 18723 19374 12275 16681 2753 11125 14332 3790 3841
7432 4508 2706 16534 17873 12835 11183 6116 6258 7878 10381 15835 2926 14039 2738 15913 8042 7481 17675 11457 16432 16108 15742 15998 16200 15567
19630 19170 8086 4813 4980 9895 9902 19306 17225 2465 7956 19737 12880 13133 16470 3647 8528 7043 6588 6377 4638 17755 18230 140 12113 14572
3476 13426 2940 15876 5454 773 9365 7038 10906 4969 1817 1514 15943 15574 3133 17770 95 2729 10739 8586 2295 8206 5732 14523 4603 5000
2868 8723 3700 1635 14033 638 18461 12426 6090 17240 6016 5446 17494 8027 16286 18488 17911 9119 11434 11716 15668 10280 9419 11329 1872 7823
14928 13766 12355 13335 4669 19892 19043 9912 11260 10945 5097 15809 3793 14104 10729 11046 7870 17917 8086 6911 826 2781 3420 16195 14193 3723
5334 6495 10046 190 6480 5573 16902 16235 4595 7592 15596 8605 18104 6477 6143 9882 18059 18887 2189 8231 15801 18648 2596 9816 8168 16133
3041 3591 7674 16758 13389 19367 15286 19487 14397 12960 566 12815 3638 8123 15606 13313 11204 1218 10457 12054 930 13638 10416 13169 1783 10990
19265 7595 1599 11952 7427 8476 2482 18176 10524 11088 11137 4011 19630 15150 2501 9376 11125 4605 18668 1065 2520 11622 2664 19771 16252 18206
6296 5757 14165 6195 10812 13386 16013 12838 11484 765 6525 9549 11585 3593 13769 6528 13044 9749 15394 10724 10794 6592 15472 14439 5165 12552
17306 11999 9972 500 5343 2263 16078 2991 18766 12045 6778 5917 13429 14092 9027 18282 2890 13734 8001 5229 6279 15593 16209 18857 7174 9415
6344 4081 6310 7369 15656 9520 1117 14708 2897 661 11221 11176 15590 9317 1590 9736 16367 6201 692 10080 12868 10207 6929 335 3601 7881
17415 12367 18916 3626 9321 15786 14183 10509 12488 1369 7580 9525 6571 17325 13034 10102 7450 6326 17258 1912 7841 492 11140 15540 4913 13259
985 19806 12732 12116 7258 5799 16774 14480 2984 8043 5288 478 3252 4151 6245 6713 19566 3288 5693 7569 13140 11811 13423 1133 965 3567
1654 1456 1027 19826 1363 14641 17616 6480 2283 2146 17329 11191 2095 14845 15341 2488 7194 15954 7572 5603 19726 13651 7579 11097 11539 4153
10454 4151 19729 7037 19893 16044 12282 3368 12259 879 12307 15042 7442 1715 2567 1829 13253 6168 14214 10367 2261 18563 13225 16890 13116 1491
3968 15447 4875 15459 13034 3376 13536 7015 8985 12912 1754 16884 11343 13767 1358 7430 248 8156 5718 526 11443 5169 19999 2479 7174 4575
778 14799 3265 9143 19847 11411 6339 6191 4765 10121 17182 19726 5452 3642 6189 10686 9184 9905 9882 7547 17970 11424 671 971 5634 1717
19170 17736 7847 1520 6933 13306 7402 2942 16122 10282 11182 14950 9552 18463 16651 9658 14471 4074 8404 14813 16916 322 19297 16489 6148 17486
10445 143 19135 9160 8936 10838 15851 10217 6645 13105 17088 6310 18457 12301 18439 18900 841 4739 6310 11294 5561 11950 6127 5903 11382 1864
8979 7770 11907 970 635 16177 16243 15619 14813 3398 5831 9942 2974 4077 16033 11587 910 1839 15695 18732 1413 2208 7182 2758 4739 9197
3617 9993 15819 10345 8778 16905 811 12262 19671 16975 11763 17735 17340 14044 5375 9979 12750 2127 8534 13897 6440 9283 8240 6608 18488 11385
11411 4009 10869 10370 3019 14550 16551 14748 5403 1269 16641 38 15850 5006 6252 11064 13040 12374 10659 11012 14092 19011 13452 3240 58 8061
6065 10803 8040 18505 18108 15240 15096 19331 14171 10997 1121 8186 5823 6221 9440 14713 1738 9780 13504 7148 11907 14910 7618 6433 5617 19092
3276 7235 3200 11893 2012 19919 3332 5321 194 4504 9482 4804 18414 12607 2645 14991 9324 9710 3602 6385 14983 14113 18155 12521 15289 3351
9861 5896 2778 9384 18688 7369 8794 1093 12465 13835 15762 8163 1213 3526 8999 16662 12060 4080 13683 10534 17443 4151 16586 19945 763 18972
9092 3757 13832 3810 13274 5923 7041 17488 18431 17905 17981 1366 15824 14812 4163 1152 10453 8177 18845 11486 9151 5676 10296 15783 11930 14748
1105 1979 4592 15752 6325 6280 12681 15097 6272 9804 3871 2666 13400 3625 10845 15794 6918 11890 13953 6396 15624 1522 8645 547 12012 17661
17412 862 14549 18453 5036 726 17353 10386 11981 19934 3907 11289 10353 5051 14388 4205 19519 8091 18425 1370 14789 5676 15156 13693 10406 19869
18707 4990 2332 14547 4974 4252 17632 19651 17059 5113 1998 13306 6074 16560 19690 15661 12335 4925 18782 7859 7746 3467 5035 17449 12121 2261
876 14659 19868 17395 14904 17114 6227 2817 18799 12889 17705 19244 12336 19761 5476 6288 3749 4176 7272 1153 14807 19559 5447 7551 16793 6709
7382 19702 18243 2066 13559 9693 12917 15209 10115 11816 10065 154 4451 3661 4382 2562 308 3482 723 10825 7790 9282 16236 7850 15200 2754
14617 15096 11468 7938 18364 5258 19255 10520 1945 375 7328 5474 18925 2937 16912 9638 5278 5169 7873 19502 18045 16182 6391 4584 16760 18508
9316 1917 6067 6030 16404 2016 9003 14372 13445 5105 4964 18759 18398 11343 16436 6060 11341 9443 5698 19189 15844 5501 1009 6906 12421 18292
5717 18614 11724 6059 18808 16549 10475 8253 19994 9385 13328 5083 8389 5831 6541 19037 902 12227 4509 18560 1513 10038 11146 690 15996 10855
10136 13638 12442 19906 14112 13461 15569 19546 5618 17441 1885 2603 2371 5449 2552 1664 10242 17474 5931 10734 6348 17288 16516 15667 2762 9297
11660 15124 6175 9464 2487 2995 12299 16391 15561 13400 10784 9741 2334 7571 12319 18262 19848 14741 18973 19763 19020 16000 16512 9091 8855 1831
16059 9393 12063 16327 337 12556 15923 5199 5736 14807 12897 12729 4444 4543 15522 5062 7579 14161 4102 13826 14839 11548 17100 13425 8205 5966
16955 5905 6942 6217 16046 9502 17989 14158 5019 16574 8033 12065 10600 12670 1744 5304 12311 8776 6056 1709 6092 10534 16327 8276 18254 19903
5671 8079 4803 16863 18007 17886 14927 7409 6396 11922 15457 13366 18769 6514 7689 5376 8672 3363 17765 9530 19668 10189 3316 8013 9663 4693
15795 8863 12157 1091 5319 16712 3844 18638 10772 13874 8636 11901 4404 17442 2349 1847 3541 14366 10872 13447 3879 14759 16339 7625 11794 16281
15027 15050 8354 12350 2061 13172 13144 12266 11744 17405 15881 6736 14111 19703 7290 95 3376 14702 4755 14941 17852 16694 5668 8401 14686 14993
15265 4475 11745 4924 971 6629 6526 13891 10949 14769 715 15438 12957 16240 2375 4488 7262 15086 9316 8696 3714 8886 17766 12480 8672 2244
16645 3413 13898 18644 9545 4592 5624 3449 9177 2883 6733 19726 17721 15394 4962 15862 9719 16893 14222 7215 1378 4294 19308 19160 1693 17814
9568 6447 6817 2880 17832 3542 16154 8076 17686 5195 1060 151 12339 3466 15507 14993 7138 19779 3296 3303 4793 1503 8371 10414 11587 13619
16293 1529 3871 18058 17259 18219 6870 10178 19789 14629 2592 12466 16492 11064 15915 15595 9261 11095 8554 14299 15819 5732 11554 8903 143 16965
19113 8897 10826 17488 15655 4676 12304 15589 12522 15574 5967 12251 5660 13096 8730 18652 11056 1454 12609 16468 13341 3284 10664 18633 13034 4123
5657 15274 18278 3038 1252 12085 5610 3831 4386 1376 7525 19963 9484 13176 4503 13214 14587 12319 9049 3240 10706 18634 8323 16632 17628 1032
11989 13951 17489 19316 2132 7033 1618 8209 15462 19456 5803 1003 6219 14573 13686 19532 12634 6492 2457 6727 15425 12282 13643 8464 4763 1647
6328 720 17366 11541 3029 5923 17853 6196 3136 3362 11293 4262 17564 9453 13049 16960 7934 16933 15734 6693 17793 7244 2545 7257 7988 5331
19619 18148 11211 4852 5427 3751 2265 1784 15676 18471 7658 8787 2622 17352 19126 15605 9117 4304 14611 1720 8877 919 19855 10906 5942 16581
9885 12910 7065 11181 19343 10404 13603 9654 15759 8123 10487 15508 9022 18604 3130 16041 2546 10500 16401 7371 2273 10592 19887 13075 234 18443
19334 6639 16305 2247 3670 19323 13708 1926 2245 16417 19117 16270 11740 17985 12600 6284 3711 13133 19106 9689 13569 4968 8536 16504 7379 3417
12897 1678 1354 375 18880 12906 18540 2689 19751 2705 9012 1508 15326 13414 1227 3789 15752 18672 8559 12349 19381 14317 14561 3574 2232 15670
6394 14685 6560 3257 10501 9183 3999 14284 9926 18746 14907 9012 10693 11495 15498 12173 12449 1466 1922 15415 16579 11587 2285 18128 10135 18907
8618 11072 4826 927 9430 11352 8255 14377 10499 7504 1971 9871 16972 12412 5297 5186 2020 11054 14317 2726 15042 18392 14572 16994 10233 3786
5455 10168 19119 13394 19370 3710 19814 16188 10149 1158 15525 15730 14734 1946 406 2245 12428 2746 15426 11057 10653 12213 11346 7813 17522 1801
8868 2514 8000 11908 17305 5274 1443 1040 13622 17788 4109 8906 4622 5543 9006 35 3880 14994 4887 11251 16285 1733 8568 19151 10279 139
7882 12854 6933 3963 10393 8634 9149 15742 7121 839 9990 7686 1471 476 6632 14654 6850 578 1774 10485 648 4715 19886 7074 17504 17550
10558 15385 10850 12721 14826 13635 6712 19243 4504 16281 19326 8354 13109 7995 7229 5902 12475 1117 11536 15599 4505 17791 12118 13143 1363 18644
8267 18842 8409 7936 1876 369 18143 11240 2293 9788 2809 15727 18568 1087 17369 16090 16699 16152 15178 3515 732 13826 3570 5548 8257 15123
2736 13545 6901 11611 587 7447 12512 7149 2093 10086 16910 4402 2695 626 11448 11071 17456 16400 8006 16970 9519 4010 12520 9196 10609 8329
1004 19625 14598 12755 668 9105 291 8424 12994 2795 1603 2358 17947 9767 15208 5982 5238 18844 5128 1663 19205 1222 54 6504 16576 17286
10696 8955 11169 2829 5696 10297 15610 1207 2943 11002 4369 3244 15180 10804 17962 19621 5403 13921 1993 7577 6630 16615 13347 2250 5896 18465
13161 4764 3634 17668 6104 1261 3014 7795 8302 11477 3236 891 2890 8043 3498 14888 4961 8794 9247 6605 1008 461 538 19330 491 2903
13963 3392 10670 7855 15272 11179 2571 313 19117 10841 19034 15185 15268 7265 6103 12481 2302 9795 7344 16059 12071 1576 2030 9210 690 14809
18045 13055 5010 9278 11281 15877 8550 2001 9502 2383 11506 7416 7776 9556 17081 3723 18678 3669 5391 3416 5747 2192 6340 1965 5854 15661
10274 4815 4784 16224 19619 17279 5811 18303 14583 15528 17412 3401 16463 15446 6307 10501 17209 17097 4548 5939 6515 847 708 3194 3079 3338
13741 6301 18633 17418 13467 19400 803 8168 5504 13648 9017 5527 19231 4195 119 5726 17982 16785 12387 16284 471 767 15463 9004 11276 4818
1602 17019 10994 80 7191 8883 15695 18974 15463 5620 7892 10767 10324 3527 15256 5478 17173 9235 16989 13521 19278 6892 14004 17659 13614 16392
11176 185 978 2114 1484 13593 10762 19202 16296 1077 494 8742 13258 18932 15109 16075 7869 14774 12736 8019 7083 15116 6687 1495 13568 7520
3887 865 16635 10060 14103 4029 13346 11856 16715 7272 11702 17984 7113 2509 18885 167 13272 12625 13839 3640 14376 8746 769 17492 14319 3885
17807 8528 19379 12598 5992 15788 13470 4050 18113 11500 16352 12012 19297 9982 15134 9694 8226 19829 7233 15151 2239 18081 6114 4659 7354 18898
15406 12603 11839 11164 11777 18790 813 13094 18428 18109 602 8525 13969 2427 6725 11675 1878 17527 1462 14585 3035 17394 13605 8104 9921 6815
17242 14518 3400 15627 11716 4734 15598 18986 2966 3485 11508 16624 10252 12582 19135 11734 10656 10804 17587 16035 8345 19982 8859 19243 19923 18641
18697 6651 9969 9112 16696 4422 7864 6464 17725 3720 6732 4757 1313 4935 10035 12138 6874 472 19106 9922 3304 11826 9640 10560 1941 13880
4976 877 10384 19199 9296 5827 9657 8098 5224 8998 7666 5126 4537 15489 3884 19736 4792 7235 9131 11321 16983 15002 9985 15911 11753 1758
6384 753 19946 13557 15959 4685 18825 12270 14789 4525 19150 19906 8467 16695 7939 7744 56 12669 17062 8352 7884 11946 13824 17518 16881 1800
17162 12675 2233 8959 14337 7282 4308 5026 5592 8579 9841 17373 10793 11151 14365 351 8087 2568 2337 2035 14566 8282 5876 4195 1818 3829
18677 243 14271 5374 7554 396 1523 11122 18087 12828 11425 5121 11967 15660 5301 8177 3944 3626 19167 5426 12400 9167 3079 445 8373 9231
16071 17430 9291 13076 10464 6084 6344 12558 16646 17389 13827 5707 17144 17152 14386 13419 12347 13041 9004 16265 9080 19675 14336 8166 6046 15641
4761 16550 15046 1292 8421 3825 11338 11930 9279 15567 13496 17960 3257 18520 19965 10333 8485 932 14133 18093 19369 1079 9295 16220 10363 13034
8589 7029 19973 11068 3615 12526 11880 17956 16568 12509 13524 8476 16891 503 16069 17015 11999 7912 8474 16344 19225 7988 8030 7685 9879 19583
96 9139 13789 2806 3460 13371 6043 14218 13312 5845 9566 17987 19602 11301 11384 12351 16687 4562 13909 1794 6754 17343 18506 13255 255 19217
700 4790 13389 15653 131 17171 8359 5438 3789 14026 17293 18546 9291 10250 16174 9036 43 17593 11959 12152 12408 18883 940 7221 6385 7448
10541 16545 1180 14897 13031 11332 16904 2063 10452 4194 5571 3493 7833 887 1979 3826 3414 6202 11883 17450 19848 2346 1955 15495 11987 29
17248 14279 3857 8492 14525 9477 11563 17782 19105 10474 10138 11420 9788 15565 7413 1767 4041 6289 2149 1718 8054 6172 1447 18028 16260 16995
10786 6628 19228 239 5134 7218 10525 951 14557 2221 5998 12486 6136 10071 10515 12583 11414 19311 12683 11083 18387 10142 5997 11302 17430 2647
3549 17560 11088 918 9250 10133 13904 12927 4047 18110 8064 19129 16616 4405 16701 541 15326 5626 17821 33 828 6531 19632 11997 7333 12171
17645 15461 9644 5988 4692 9395 3258 18963 19402 4831 5247 1359 5351 5766 7580 13006 17986 3959 11503 7689 8410 9265 11953 10983 13033 9548
15190 15390 14344 5425 13638 12307 19111 19880 17667 14501 18818 649 7995 9779 12177 8585 12355 2290 3577 18031 10443 1941 11648 1139 6173 13328
3246 11632 18639 16348 7409 19181 1398 14443 1558 13403 12473 14684 18422 6464 8224 6621 4300 6606 9378 8271 7070 13785 9299 12266 13676 643
105 14463 10198 4382 3985 10700 10330 8197 15604 17257 16333 14072 1443 2697 15057 14403 18165 6756 2950 5537 16436 8001 14104 6653 3542 10037
17079 12974 3572 11351 11703 4406 243 10655 7312 5627 16513 9614 3078 3676 416 6414 8292 11917 8474 5317 8743 11613 3541 8947 11664 17870
4254 15701 17181 15597 6525 16166 2104 10074 3834 4319 10899 7255 13738 13430 16810 10270 6861 5884 11035 12004 900 8357 18971 4903 3411 11854
6356 1781 4098 17158 673 2121 15174 18026 16632 14300 1164 6634 16701 19611 2761 14876 151 17928 4314 1828 16901 602 14408 7811 1377 11026
14849 12232 12392 11207 6015 14573 14557 14330 8496 6136 13401 10447 8890 17743 19924 9196 10198 12433 13723 8971 9584 6412 780 9749 10305 5197
18626 18551 3293 13592 8701 17363 13428 3795 11096 2452 13844 7380 12861 10939 17790 4241 11970 16170 5251 18127 11920 480 9210 15605 11645 2115
10500 16331 3631 10443 8557 80 19086 15131 3060 14869 3323 8994 18540 19415 10489 17567 5005 730 18676 11032 18739 10759 13981 17106 18249 10942
15668 18799 15067 2110 1385 10523 13643 14742 16594 16545 7480 19128 775 11867 5985 11798 12990 18967 11701 15915 11804 19126 9973 5630 1777 17653
