365
63 74 9 30 79 7 92 58 6 45 82 76 24 38 11 83 27 47 80 4 43 1 89 43 12 70
10125 6431 9978 1342 186 3904 7439 8901 18343 13656 11287 685 10962 7238 17095 10979 19969 7556 4170 14973 16562 4046 4222 12286 10761 7509
7567 19049 11263 17686 10362 12327 7519 10561 409 11878 12976 18766 2785 3015 1574 5462 11938 1608 15559 12245 247 14945 13456 1653 3256 16699
12548 11282 15962 11411 16228 9460 5050 17927 19001 6457 1302 595 13089 17781 17438 13013 11453 19544 10923 486 6225 4313 5165 18062 605 13143
16770 1297 16258 14479 12237 15056 4242 10869 14328 209 4219 14825 4447 8189 5454 3756 3485 775 3511 1403 3257 3459 17810 11414 2102 19286
16091 5419 14453 3170 14298 9969 805 12597 2252 7256 13283 12062 13556 1834 3282 16135 4385 13523 13128 7112 4676 7983 6464 2157 17890 16328
13698 6629 18724 16580 12123 4799 9388 11252 823 511 12482 11471 15242 18394 8213 13457 8203 2152 9409 19295 15697 16871 9904 1608 6618 4842
8590 13560 5620 17039 12988 14554 5319 6859 6325 13518 11373 18062 9076 3201 16864 18921 330 16276 15722 15558 10322 3173 3195 13420 1062 11580
871 3674 7380 5956 13721 18060 12834 929 5029 10533 18723 7712 13596 4811 8942 13021 5111 16155 9492 8350 14389 2462 7718 16155 5378 7200
13007 19590 10034 10048 15967 3949 17105 4548 13941 13148 611 9792 9987 14341 16273 19076 3755 7771 19577 4512 15946 17468 13176 5910 7099 138
1238 4086 2946 16682 12916 5901 8723 19838 4499 10691 4523 9324 10383 12231 466 4344 14375 6762 16833 15981 12477 17460 9365 8736 12381 11714
5503 2498 18190 12045 11947 2479 13059 18303 1675 17868 3620 14596 17365 4706 18824 11959 1727 18596 8031 212 10638 11852 1542 8633 14421 15254
9147 2361 314 6628 19900 11361 1229 11308 10199 12778 1708 3782 16089 12207 1510 3956 16423 4242 15118 14914 16319 10368 9320 2630 7672 16686
5847 8600 1344 19928 4260 2081 6028 12121 2143 17986 11887 16802 12232 6027 10196 17956 17153 9578 4584 4670 12279 2836 6667 17139 19683 19370
14179 16767 11726 9671 6220 9226 8933 9419 10371 18738 6681 4140 16657 18092 17084 12704 9864 19810 10011 5206 9266 18972 9782 19410 17544 1252
13255 3363 18608 7498 10458 3143 796 9915 4641 13081 15540 10927 7365 14059 6881 2962 9334 15393 8104 18193 1528 870 10474 10285 2696 8908
5521 9989 15017 14887 11899 7367 14262 9234 12282 6818 248 6041 6840 8369 15973 3303 14416 18946 10130 9784 18868 17766 11777 17235 18019 4933
9194 14452 18364 14514 5170 6828 13746 1153 2622 5153 6530 1320 1780 17407 1478 2758 1001 19866 15447 12708 14080 6846 8075 14938 5737 2247
18459 899 9146 18444 5153 15477 17913 4134 6657 243 9727 11855 6287 17514 5715 9275 1617 11481 10880 4876 15971 9592 506 9004 10475 891
494 12528 18761 16696 19703 854 17201 11448 12663 16778 67 12832 7530 686 17226 17210 16389 15120 11470 4940 4053 5317 8697 16492 1069 12615
4894 8184 1687 10770 19498 18124 17723 5454 7993 11234 19970 11226 4241 5076 5194 10184 1231 16897 9275 7960 13616 15546 1527 3200 11702 17958
11646 8913 9239 19935 14028 7223 15403 3674 3231 3779 6476 2828 10779 16380 15723 7505 6585 15634 17067 5404 5875 17443 8337 124 6677 14892
9680 11946 9223 5066 940 2736 4671 10523 15239 15165 19575 5331 18329 10002 10432 1054 7194 5473 16443 5676 4120 15324 7718 9468 16214 9954
17009 16395 6744 11721 19654 4511 10246 16036 6161 12417 2693 19633 14212 3930 3659 9970 15288 10251 7719 13107 11986 260 3127 10350 15000 10407
5263 7519 2277 1065 8500 9684 16717 912 2852 592 17240 10403 1131 11683 10775 851 10221 10476 7828 3307 17371 16411 18450 4236 14701 461
6208 16427 12104 1999 10118 5150 16073 13936 15157 17108 15291 9799 18163 15525 14730 18102 11485 15816 16193 12826 17934 18074 16208 1254 4712 3242
19315 11058 16053 19993 15409 13033 18438 509 18460 12923 6272 9080 16439 16554 4760 5151 10137 13309 19209 14096 18185 12461 6820 13124 1598 13024
2875 12271 17866 540 2582 12196 10076 11026 15390 7969 9407 12286 8460 653 6037 10781 15186 7197 13665 7878 7164 48 19043 10341 8451 4257
1764 4659 2948 18744 8151 14278 2321 14288 1449 4522 8784 1875 730 5306 9574 1163 17549 5442 4378 5422 4040 18431 17750 18164 18409 9121
10011 12484 13629 2613 6573 9291 11865 3703 5273 14270 19111 15676 0 384 5430 19451 12275 5336 10972 4721 3580 15476 17468 11038 1616 3132
8246 12815 10523 17999 5171 18378 13205 1192 8204 3707 14379 3853 6032 10689 6611 15052 18841 14950 18521 1685 7297 6606 12671 779 18983 9574
8262 154 12610 6793 13754 12826 9483 17345 7661 7997 1969 3110 5545 19734 6277 5766 2167 9971 12007 3143 5717 9602 1185 4580 5753 17334
5849 3426 18815 2285 12633 3280 14970 14316 11254 12770 15569 7325 16118 15728 14768 18066 11072 8302 14004 16637 18149 17985 1509 5920 18998 9876
326 650 18828 11374 17213 16653 9900 5178 5914 3489 11590 6517 5808 19935 6582 182 6274 4057 6333 18641 4746 10691 7654 6732 7674 9322
18833 14550 457 15142 5829 11573 13232 14231 18711 9771 13071 8920 2047 6170 306 6948 11613 8488 749 8606 6995 6850 1498 3022 17866 2601
13867 12355 18875 17518 6513 15895 5178 6230 13241 8740 15198 7040 12238 16425 9826 14018 535 5465 13697 3148 12645 4531 10840 9484 9556 3387
19362 10448 15265 16783 1907 7081 7877 9433 5186 3608 7254 5000 19257 12897 7571 10266 18709 8133 14577 3956 10163 19686 6277 17883 14631 17148
8417 8279 17953 6541 9312 11698 10421 13955 4149 1771 18960 6187 11387 19889 3277 12546 13912 12288 18676 1230 15695 12475 7289 9205 18931 8310
9469 12997 10953 4895 9911 19669 670 113 3553 19757 16479 5359 17564 501 14774 3172 14202 7227 16177 319 8030 11538 902 19099 2237 3726
14053 11928 2568 15385 3816 14963 5045 4739 19201 12246 7180 15462 7217 7110 13096 14130 4734 15785 13535 5961 19411 16666 14886 6531 1383 10740
12240 18280 2965 2317 13659 7892 13149 12585 4288 14259 7605 10848 3137 2038 14559 18692 4020 5739 9057 15923 9382 1458 15535 2743 8291 15903
226 6468 9681 15169 12955 55 6041 12790 13022 1890 18878 11301 16636 5671 12130 14867 16291 5957 287 9785 17377 5066 5968 92 1643 12048
3617 47 2548 8473 13423 8275 3953 11623 17360 12626 12760 3589 13309 4411 3258 836 9254 7678 12602 3042 2508 15709 7510 13893 6037 13176
15230 10541 11122 19837 8534 4909 2510 6619 13231 16400 2796 10795 5722 8086 11041 11532 7101 3194 451 6877 7009 8466 13215 2450 10705 12750
343 19571 19314 6732 9975 14108 1920 1649 4473 7156 3093 12100 17493 6159 18560 3880 10213 5904 17396 11284 4011 4419 18332 18018 3740 19909
18009 6357 3719 4227 18430 15504 12951 17704 34 18006 2564 4009 749 8156 13278 10290 8776 2074 17357 2848 13045 18701 12788 784 18338 7583
730 4743 14426 14403 6956 4494 728 18249 12439 19647 9792 7762 8170 1027 13184 546 1089 5580 9404 10510 14488 5344 3639 11287 18054 10935
5882 15329 16898 2291 6424 5525 18368 19332 12556 11631 5199 13715 15591 16340 12820 9018 16619 10607 8159 10544 16077 18117 125 5114 3635 16317
2063 118 2782 4171 18019 17277 15063 3646 5089 19806 5999 4106 9490 4913 19589 8455 9774 7023 14837 17456 7947 8200 7381 10646 17179 16546
14334 4767 13902 17488 5576 14726 1441 6963 14782 13268 19730 5931 15885 6050 9537 10990 4284 5060 14528 14715 16196 19328 11184 5832 8719 16263
4737 15654 14694 5897 1339 17721 3019 12767 15599 5621 13869 15160 2930 8590 18178 1834 5397 4302 16377 18213 1215 6288 7013 12224 18090 643
18553 18379 5549 438 18333 8184 17256 11850 10658 13158 19846 7180 10162 11246 1358 1005 128 1815 4209 7092 15159 11345 12791 6654 664 5493
17688 5576 18025 305 11993 12972 12794 16319 19044 13131 3417 743 2077 328 9620 15536 13824 4460 12615 8779 12851 1741 14974 1416 1618 19532
17730 16814 12780 12800 3207 8582 13870 10319 677 857 3480 14283 7371 11538 2360 16258 19106 15190 6657 16603 15156 13054 13194 14407 10241 18811
13013 9808 12337 882 8041 6420 11870 1964 2760 5051 2606 11512 13222 10807 16526 17317 19331 2613 12170 1119 1777 7651 17133 19803 14849 2275
9390 12918 970 13574 5579 8925 11363 14887 1239 13769 4412 15414 5562 1239 2333 11803 19808 6392 13046 10162 19830 16103 1150 13072 9466 8628
4085 3712 6456 18267 18625 17030 14061 12816 13699 18750 11052 3664 9778 12666 16093 5713 4830 17063 8568 13299 2839 5902 11076 6429 17378 3204
18719 12215 15356 10677 2235 6227 2782 7456 12476 8955 18500 14469 15117 17108 513 16650 9444 6126 3197 5072 2047 14416 11826 14342 19703 17429
16452 9893 2325 433 16254 10708 18349 2743 10747 14780 5593 10060 11732 2979 8426 8549 17948 5716 13348 10064 17617 3816 1402 7297 586 8691
17914 17741 19335 64 17004 10336 299 601 13293 14892 1405 9252 18629 777 1203 19898 4261 3026 5195 7898 182 12761 14109 1997 7925 11856
15065 15285 3594 5603 1399 4035 11984 1596 18871 9717 12553 9816 2895 19614 11443 18782 7788 7479 204 7947 19446 4000 19208 18605 14126 5818
15982 17354 11675 9101 19079 275 4787 9989 2717 8165 897 12974 12736 16279 17796 1818 265 14870 2368 12335 19475 15019 9725 1379 4920 9363
3851 19072 1444 6909 3303 9928 7001 12616 15274 9467 15073 12187 1768 1152 11178 10340 17602 5334 2540 13439 12867 2702 11914 4230 2006 6738
14276 1038 12746 9269 7323 4121 14146 14049 9995 10881 18060 17916 4222 6097 3882 14138 19937 14342 1560 6595 3248 10061 4464 9159 2468 4083
13707 1037 8964 15250 19556 663 1643 8661 8063 7186 10913 8839 8554 18704 14932 4516 9275 816 1129 13502 10433 15730 8973 6462 19659 2910
18025 13590 7730 12725 6985 7856 161 14213 5508 15809 8686 9229 6525 6040 13777 12084 16980 10424 11275 19948 18506 4751 18865 12207 17826 3261
12032 10063 19286 11533 4963 13484 3212 6673 2178 118 1567 3167 11483 17601 8001 4437 7750 6916 8439 15961 18455 9814 14699 4011 11586 13478
14356 8291 13483 12542 12772 11661 4142 15019 19753 19713 13941 9761 5949 5269 19379 10608 13866 17199 18900 10967 9749 12459 6606 4960 1608 14955
5669 2828 8512 11671 7484 16106 7522 11553 8851 11107 2378 8978 17226 16587 7465 4604 201 8023 4426 17122 2041 19127 2430 8545 6183 1410
1799 9581 9619 8818 16906 3321 15544 17480 6934 5123 19620 2505 19866 19964 1906 2038 15760 12919 4472 9723 12937 7725 13443 2193 437 4125
19798 12844 14536 3026 4084 11093 2711 18827 5014 19187 8677 6907 6062 8847 16795 9292 10637 14007 16204 784 16790 7496 19968 13681 1441 10464
4304 8644 19254 720 7878 3320 2407 8428 17720 7787 13583 12203 18401 249 9757 7027 1783 12883 18552 8546 9673 10219 13719 19773 17149 9795
1562 7186 9668 9214 4781 8402 5368 19756 16101 1088 13067 2767 9402 10480 6817 19554 10714 9726 19390 5180 10720 10322 12857 194 1705 15512
1129 12751 16612 1997 12417 3139 8394 9928 18603 14144 12929 16116 18706 7156 12549 3641 16129 8298 18231 438 15234 5935 17129 18242 15329 2229
17306 19055 14228 9034 14388 13586 4804 603 8090 19294 13266 278 1464 7654 2073 17790 8252 13672 12108 16539 15282 6457 7673 19155 16608 8705
305 13328 7750 4876 19486 19328 15671 14667 13988 17134 15920 4231 10767 2836 4748 5590 10796 19992 9744 7836 11181 17507 5321 5882 6021 17335
19241 8228 543 9871 12414 18902 6508 8090 1709 3220 17205 17699 4197 12642 10118 9685 3209 18792 18165 311 1402 4937 17930 19099 13207 12557
9108 4012 5145 13940 10763 9760 17266 12019 11995 1451 13494 19220 1263 7437 17508 1450 6682 11283 4379 6591 1447 16050 5003 6332 12302 9899
489 8978 17230 4184 3825 12557 13259 12936 9142 9818 9194 15966 7187 11260 14415 19591 884 3291 2025 4312 2547 384 9523 6137 18042 13371
9122 12461 17253 9927 13937 8683 13533 3911 19810 9470 12460 2021 15963 8053 638 2628 5748 10123 91 13407 12897 14768 11312 614 19062 14178
19428 12041 5357 19805 1172 8875 9977 4520 17162 16112 9469 19247 10111 18806 11081 13561 1806 16224 9044 12298 7253 5365 12185 3423 19776 8152
4398 3928 11603 7466 13685 11633 11828 8314 4055 10082 9259 4778 13827 19446 14235 18061 12041 4833 8636 4567 10901 14148 15426 12080 5364 9474
9186 1716 6757 13086 17072 16284 4221 3140 11766 5673 7771 19733 12561 7204 16694 16616 11295 4655 19219 8863 14645 1937 8737 4676 19749 6212
558 18288 5841 18487 19329 14439 15343 4828 12137 17679 6627 3736 11944 2621 2591 6656 670 13461 17611 14460 14344 4840 11446 6126 9304 7040
14976 15867 18237 479 5046 5534 7934 2383 14560 7702 9895 17049 12755 12138 7951 9846 6040 8709 9422 5849 9958 5393 453 1746 2614 575
11537 2574 6840 1942 11616 19608 13412 11146 13844 15033 14549 8452 15457 11979 1937 19459 3743 7576 3806 15646 5498 10206 14525 9827 14440 6506
831 7499 15469 13644 7010 19544 7580 2918 10477 1943 18299 18382 17023 15950 15554 8231 3701 11259 13169 12756 14932 12894 11663 11563 8842 3929
15165 15729 7672 12829 19625 15315 15452 16229 2135 6306 238 9806 2207 10545 3351 6677 18966 17790 1221 18766 18434 4697 19953 4706 16787 19098
1919 17807 4168 17840 17188 10628 11346 18760 3044 8451 9561 16983 9979 1613 2468 16319 13086 5503 295 9329 1357 16261 13284 15472 1170 10184
7742 2760 19884 19680 3574 239 15833 9596 6926 3314 4343 8097 14452 17459 8112 8576 6454 11082 9298 3021 3504 2164 19240 2418 16524 11938
9851 14561 9046 11726 18534 17809 368 1316 12278 16277 19067 265 13872 3285 4202 12791 16964 7376 18073 19339 16019 15521 6923 256 12688 7008
9281 14063 17424 11768 3387 7893 12123 3708 1119 2312 12445 11294 19589 14526 3859 3478 3359 19117 3784 9308 14184 19149 7645 17987 17576 4979
9961 5657 19989 275 6569 4471 6905 13576 5301 12706 15237 9604 5060 1500 17832 12854 8592 14979 18650 9995 6928 19102 19069 17217 3009 3662
17480 184 14416 1780 1681 1512 7342 9376 19507 3969 3359 14296 14626 8378 7304 9974 5 16246 955 13954 4426 19473 19840 11275 1001 13975
4924 5376 1324 12405 3117 5135 3210 8830 8535 668 8360 4511 17727 13793 12092 19827 18397 8847 6353 13675 15642 2095 12179 7906 16680 8911
3354 8447 14809 5971 2433 6548 4622 7754 803 5277 2974 19056 13116 6341 504 13989 7241 8962 16513 4979 8434 3970 14565 14369 14122 15693
768 16571 16626 2960 6695 1501 8470 9044 11770 2132 10220 17559 5835 1038 5776 813 9692 411 4921 4014 12261 14958 12360 9591 7506 17457
1828 968 11002 19241 7815 17012 6603 8055 8940 8819 6603 3492 14938 2136 16354 17588 19379 9870 14363 16332 4378 4365 8918 16016 2684 18993
18240 13137 2330 8574 18978 11163 19571 2403 16640 5907 2967 7500 16989 4811 15163 19275 14423 9581 18184 10000 18155 18674 3030 1634 2692 14943
6445 17370 8087 4581 14771 9856 7045 18679 17249 16032 17825 14984 15742 3535 1636 9825 6313 17762 18649 17235 17833 5977 11441 19321 10966 6480
6263 6445 9556 5977 13720 14215 3363 15814 8010 9497 13564 9259 12051 1673 1843 16807 5411 7095 1613 4471 12291 5741 6228 14906 14041 2236
9736 11278 1703 6686 598 13760 8790 18175 9826 3872 11684 1830 14445 12626 13742 9728 15580 676 2285 3428 6421 13733 14031 17651 3180 9875
6728 10015 7474 17971 13907 14137 4814 2791 11002 3226 2785 18974 14670 579 4348 3254 11149 10566 10661 19401 2181 14520 16983 8510 3250 1298
4935 1843 6491 18496 17985 10235 610 10116 4150 14264 11275 1368 834 5071 6779 15345 19210 13880 15258 5342 15553 590 7582 7337 11999 6825
6997 1167 1423 17213 11290 17517 2192 15022 19640 7873 1504 19231 1110 18897 1173 5882 13741 5837 2430 12600 3797 13995 1533 16610 14520 5490
9607 16339 1256 247 5634 16221 12747 11094 6324 9497 2399 15976 1666 7321 3895 9682 2548 18725 10200 10734 4602 14027 15749 6585 18030 5356
10707 14118 18947 15057 6963 6512 9248 2490 16752 14383 810 16471 2131 1633 3040 14361 2567 17503 5800 14859 6854 7217 10275 7373 17841 9132
14858 2052 8947 29 3627 9037 4183 18228 16063 6340 7180 11542 19834 8133 2266 5709 14022 18871 16307 416 1563 1009 1493 3096 10591 3225
4610 12943 14225 13614 13077 805 2686 15786 1926 2217 1059 16654 12897 12434 3343 16087 6999 5408 6130 6963 6709 1167 3304 10301 7537 4861
9774 18140 1247 19967 4214 8771 16457 13536 9177 8262 2747 12921 9582 5770 9395 13781 15897 19635 5429 2180 4751 9690 3332 5798 13403 760
1036 17745 18360 5088 4315 817 13100 14058 10486 13612 16418 5767 13978 13393 8507 5573 1154 5202 9176 16117 9227 13725 9010 16436 10356 4070
9601 16792 1479 10939 5128 9231 15135 3554 7648 3180 288 9325 17882 17852 17481 18665 7630 9634 1887 2390 19428 11349 18134 4267 6874 9080
19216 6149 16758 17726 5746 18353 11940 13858 17085 9529 10216 11017 10373 1306 4207 13571 10623 1955 3964 3770 11164 1503 4532 11689 5374 4624
15950 1475 8856 16790 2887 2053 860 16426 8096 16092 1513 8955 33 4866 18875 2016 12159 2850 15031 1765 2729 12357 11018 16308 748 4192
224 253 19095 12993 2901 19858 17910 18701 18632 19468 17793 1415 10460 11345 15377 17083 15348 48 14709 15152 15297 8301 19507 19266 4545 17169
16035 8192 18317 2443 11379 16191 17942 4237 16630 17775 8015 3027 16836 1643 17843 16725 13460 10142 15861 19618 19751 2855 17384 14836 8405 9397
19138 15955 14444 8873 16981 11561 725 16546 18744 1494 16889 339 9651 12113 1124 8291 16438 4128 14516 9231 19962 15830 12929 14096 59 15182
8893 3057 7670 12824 17984 17606 2847 17683 18936 13086 768 9712 240 4404 2095 14746 13199 2834 2174 17107 10065 7810 2114 781 9202 6979
19465 5113 5241 19228 8009 18536 4146 13450 3444 3537 17487 2644 5666 7799 6059 11007 3090 1199 4506 1156 12993 11576 14592 16754 6273 3187
5863 455 4871 5618 15337 2621 207 1915 19969 15741 1815 4019 17111 12296 442 6199 11124 18044 18213 18904 14912 3639 17190 11582 18934 7946
4134 16531 7058 7375 13918 14965 330 6936 8244 5029 8691 4149 16563 1931 7247 1794 12520 17928 18095 15334 7203 18792 14609 19794 9612 8252
1373 17914 9167 10332 12313 5544 8371 6342 17219 1900 13725 14544 299 16107 1901 17814 4875 19577 5527 51 10855 503 15387 3895 9179 10060
554 2398 18228 13038 16664 15959 6365 7523 13023 8898 17002 543 1525 14008 12377 1586 10502 15810 6659 1172 7997 19956 4302 1685 11275 13986
2643 1300 16614 16081 17503 8096 11507 839 10923 7654 505 3658 15354 8193 18515 11043 2143 14494 10983 9307 8024 7428 12382 5998 7243 12383
16064 3859 16356 17256 13320 15249 4221 10626 13416 17250 8106 19151 9649 4301 11482 6288 17803 16822 2709 7382 4977 6094 5903 4767 15995 8702
4199 17366 10096 13936 14617 16300 9557 14221 4380 9037 10596 4023 8590 13410 17456 1793 18126 12428 5154 10705 11617 10203 12673 7291 973 162
4747 11535 18874 17244 505 15001 6193 1650 5366 19718 8227 13547 7310 13854 1508 14575 15128 19156 8456 429 17741 13847 16589 4589 9573 18528
10370 17378 13501 12361 8495 5395 9096 10759 8931 8804 7368 18344 9281 38 13615 9071 13128 10136 3614 2984 14005 7631 16339 1118 16537 3077
17750 4844 12669 15685 16784 3107 990 13798 4578 5013 13559 19842 12076 18868 16456 18344 10651 11001 2278 8260 6404 7098 18152 6431 8721 14922
17945 5237 16262 13044 8822 14990 2566 6941 14964 7883 16301 16715 19083 4520 14572 8506 12967 4859 13999 3375 18789 7897 4663 13836 13788 15482
11772 5625 14556 5743 15142 9610 4964 14406 9875 1295 11298 12260 11580 13112 18535 16331 16790 5481 7201 10261 18410 13123 736 11821 770 2989
2501 5882 19280 16154 12934 14563 17896 7793 7120 6961 18674 1530 10890 14632 19528 3144 585 9046 1678 12236 11850 16631 1976 8557 5184 14638
6745 10075 8166 7877 10761 12869 12777 15904 667 2890 2065 471 3851 2507 13639 8093 14832 54 14932 2886 14454 5888 17449 13450 6775 3467
13683 17827 13011 9749 2524 2792 17539 17270 486 15125 18972 15511 417 2754 7888 6854 18395 16811 6283 4098 9425 19094 12621 16713 1048 7155
10080 18296 4609 3693 2040 10490 7391 19255 15059 751 19899 8385 14378 13579 15860 8768 14249 16782 13367 19510 12200 13289 12933 4662 17090 3971
13586 16038 19369 9565 19164 7668 909 12934 14605 19889 19838 13600 18730 4601 6740 14274 16087 5852 6179 14547 15194 3773 14141 13346 4507 8962
7795 15284 9026 15616 2610 16688 2054 7710 17309 12336 4076 6573 1554 14100 8745 3411 9210 14906 1602 2277 9296 3729 3163 4325 4399 4538
3511 13004 8053 11141 3271 6495 4493 13112 15789 15965 10179 16715 1012 16833 19283 18678 18351 15469 18831 17488 10663 9635 8790 5260 19540 4000
5137 8350 17902 8983 13108 10255 17839 9474 911 15229 12926 14565 8726 12124 2174 1753 10994 2529 1601 5171 17013 8590 3397 16116 9588 15531
5724 13963 14976 10238 19675 6953 1787 18594 9282 11946 19916 12169 10553 15113 4161 2186 8311 6716 3317 6223 7589 4164 13156 9664 5414 6256
18188 5864 17226 11122 8068 17520 4711 15288 18452 12768 5344 1854 14192 1269 12804 19869 12060 9953 3505 5395 5296 6125 7225 5449 883 17560
18121 726 2694 3305 17293 4078 13942 1748 12436 9883 7435 4846 4544 5671 1627 6433 11954 482 4818 8017 11611 6663 14872 12132 16434 1409
17798 17663 4704 11113 14573 6208 16956 19801 8867 3372 18117 8901 14967 2471 9059 5348 7037 18930 7547 3364 977 11906 14649 18376 6362 13591
6682 15427 10563 16276 15534 201 19320 313 137 6835 8896 9998 692 2548 2877 885 13014 12497 1916 6785 4992 9147 5481 2766 351 6578
4958 3525 12708 4896 3677 12686 2528 13880 2414 3250 17391 13606 6060 6662 19763 13929 18127 11680 9142 8169 17660 6567 16238 7476 5889 16338
4372 5628 10349 4826 5451 15131 14449 9214 14793 13874 1529 8331 1830 9707 13883 1045 9915 8480 8825 229 3230 15223 11436 17396 5355 19385
8227 4245 11478 2498 14848 18357 15024 16741 9218 4244 10235 19148 17832 16839 12078 15031 5721 7175 18767 15101 15983 8552 2016 14044 14101 4453
545 15722 12581 13162 3943 8770 11416 12925 13570 16012 8115 11892 19288 10900 6946 17325 15107 16201 1245 16682 18755 9224 16513 16358 8084 4772
10986 3339 913 9860 16260 1071 11617 2842 2812 1900 15518 5976 13859 5526 9268 12946 6089 12054 10728 1814 16892 11098 19190 9609 8930 18261
15505 1109 16536 11729 925 12560 5371 3894 7521 3761 10486 12419 19803 18714 15432 14073 18818 14782 5738 12612 5195 12414 7838 4114 5187 13580
1107 10206 8865 14002 16163 1290 12027 17517 4690 1657 19144 11567 2844 19143 3740 10180 7057 2884 11625 7606 11900 16232 14572 602 19879 6430
1553 5758 14539 4649 17835 11649 16963 10584 6900 2403 16973 15082 7670 13006 11920 7651 14914 11466 10547 10544 562 10520 16210 6944 4852 12280
2566 18192 18830 2617 15794 12592 4568 6777 15917 15713 13470 6424 5538 9255 3120 14 779 17345 8314 15344 18911 7042 12679 13659 11659 11758
11870 8045 13387 9234 12055 9769 2911 13511 7916 342 9869 17441 16522 3544 18703 5575 4226 16937 17788 9018 11613 12662 6106 12184 7504 18129
15174 4491 12777 17121 9142 15838 15914 14731 18631 910 16088 10951 17257 2738 5021 4206 12118 14227 13897 19557 3712 13169 11286 6371 999 18370
10076 4982 12252 1047 12819 4156 98 15241 10318 2299 17990 1757 9891 16386 7578 14292 12915 15660 3312 3315 9012 7832 19002 17677 840 6662
2901 8097 6561 16067 10770 8667 16290 8000 52 849 11129 15424 3013 9035 12312 3617 918 10007 17572 3699 19072 10520 3800 10222 16245 11891
4277 4172 3248 4669 9120 15099 4319 7142 19560 6466 9042 9596 17835 1330 17127 5529 2431 1888 13358 13639 11558 18981 4959 19648 4818 13983
5741 5240 5399 2169 439 1085 14991 16003 6809 6603 16916 17754 3640 3566 3589 18754 13360 1997 9840 14910 10505 17528 18397 10363 2945 1703
19298 19464 10366 2069 4704 19260 3295 10994 17167 18665 16826 7007 9150 9183 5338 5696 17178 14668 19571 3656 9330 6298 14011 1781 5042 11567
12191 14081 2952 18246 16408 10905 17564 631 6587 5140 7120 5169 1766 17759 12151 186 8519 8676 13931 10754 9835 13123 3964 263 1957 13329
11274 15463 19396 3278 5367 15243 12730 6647 8343 19695 18895 9602 974 14316 19522 540 17237 3944 11143 6851 1523 16509 2568 18962 117 15931
16047 2799 9473 13717 10494 6966 3102 18766 12057 570 7512 6897 19215 4586 11988 18202 11306 8690 1497 9092 12891 9279 17371 7595 13026 6116
10177 997 3168 12099 19605 10121 6264 19828 9372 11000 18830 19989 7302 6166 9414 1152 18128 9250 11837 5767 4006 3487 12481 13981 12340 8881
11270 13522 4381 15948 19601 11267 18211 6200 18017 904 12391 1900 15083 9389 6724 2353 6372 3890 4601 1302 17218 6264 12963 10730 7100 15553
8019 11631 19947 615 9459 13259 158 9894 2980 3542 16039 17404 17583 17554 8681 7012 5808 12245 12044 8209 13342 6645 11422 15147 15643 5994
2609 15899 17818 14814 44 14877 9666 19339 6263 889 4919 9536 18031 10119 13452 17517 479 8301 3971 19825 5785 7012 5221 1685 7873 1054
3430 11181 17080 5438 9592 16313 10516 8904 6369 14487 9336 15694 18915 6034 542 13033 4568 10368 15739 7741 16367 4616 1405 17005 9839 15938
15644 16779 14842 9805 12497 1750 19442 12775 11929 2569 11215 19606 5134 3116 12348 3624 12348 3454 4493 8016 9855 12004 13249 6057 16206 14538
15250 3615 15022 10799 17017 11734 8572 3618 462 2136 6337 17424 13997 16546 13200 8043 2921 2272 14602 13415 4679 5010 19345 5835 12630 9029
19440 8678 17333 16421 5784 12660 12721 6384 16302 11605 7041 1472 2781 4669 3922 8113 14069 9895 6254 1358 7576 11297 19470 12555 19868 6462
2794 4668 17176 16715 161 9756 9788 1904 3973 3342 16874 5874 8650 7596 18780 5079 11108 14626 14843 2549 5078 5510 16924 6406 9154 2726
122 19618 10059 4497 4716 10160 19443 14324 13782 7039 6267 10420 10761 11903 11991 1060 17156 1863 13090 1565 19701 15112 9123 2881 7544 3713
17944 7292 17916 3542 16974 8726 9793 17210 12519 576 16874 12987 19167 8666 15116 12658 10276 13229 17447 142 8087 10162 18856 18062 19652 10948
8526 2052 14540 13941 12074 7809 10865 15536 17071 1043 19958 1520 18727 15 12689 7559 9378 8914 13805 15389 13213 3707 8371 15615 5042 16861
853 1424 8664 1716 3601 9788 14190 8854 11987 8617 572 13401 9345 11551 17704 15753 2297 13816 19917 5311 11212 10873 4689 8552 1649 5195
5295 2911 16482 16647 8712 6086 10410 9814 13311 7966 16038 944 1643 2725 5812 13299 6439 6962 13966 18612 16392 12446 15800 11068 14382 17606
18506 10329 12962 2640 9019 11382 16538 15556 10806 11707 7813 1224 4262 10819 17736 502 11232 2051 4284 5222 19789 4496 19586 13137 10545 9797
18561 5861 19094 9334 862 6768 19858 19507 8138 2340 3893 18191 2520 9265 9996 10508 11296 7414 15968 11982 3308 18817 1903 18038 19199 11961
13255 3399 7604 4330 16166 162 17865 11272 9771 11903 16783 19098 10147 17069 19156 13939 7265 6540 4124 2038 3332 15435 17855 14841 16372 7099
12820 780 15161 14589 6110 16822 10214 3066 4567 14011 13813 6669 16291 18372 17591 14688 14210 3345 5823 6365 6193 3662 18389 4187 2029 11730
6499 9281 10358 19360 1599 14647 9094 16510 18156 11176 10891 6486 14704 4311 11804 8854 6707 7551 10412 5623 6800 15639 15366 11581 3137 5107
12316 335 11123 10631 1743 14037 1425 15088 11832 3733 19692 16581 2891 18869 3680 19251 7956 5859 5917 4028 3559 15954 17788 4201 5766 4484
17685 1829 4354 484 806 9249 809 8171 10778 1983 17259 5104 2211 17945 4649 616 9069 17391 5389 15089 10818 3634 19497 4635 9640 4128
7983 17155 1539 16338 7662 1431 6896 13554 12405 10982 11190 1250 19059 8132 3177 8721 4316 2716 6066 5221 13718 18130 14993 13587 8777 931
8333 9532 6464 18542 16549 18884 14559 15541 11465 13767 5528 4048 7295 4757 954 18800 15814 4480 6745 9777 3285 18820 15582 13831 5555 11827
13519 5472 18220 14230 13763 17967 390 12387 2282 5872 8794 15800 9396 11030 5233 19792 18144 15661 4158 9579 13398 14179 7358 3477 17964 14276
19128 15571 11746 7100 12356 14839 7280 9372 982 14762 871 17425 99 17993 17579 8319 200 16268 18946 17038 3732 4170 18361 2912 8821 16449
17759 15288 17698 18731 2632 13407 18183 7252 3157 10755 11908 14623 15276 5933 13944 3709 16171 10084 2446 11967 2448 15092 7788 12884 15000 13798
14135 15711 1053 15254 5262 5744 2694 12974 19609 9223 17691 19313 8980 7236 15317 11338 11091 1984 571 15786 15536 16541 854 13824 19411 16500
1883 8817 12482 14518 7943 6369 16515 58 7815 16489 3202 12996 13470 15406 6221 13739 14612 3515 5414 11631 852 10965 5174 17964 7203 15990
7571 17643 718 5687 9486 11620 4896 6625 18452 4123 15040 5125 10659 3173 13337 341 979 9247 6607 8856 3313 4596 18789 13679 4619 10666
17376 99 15934 19363 10145 12492 10135 348 9952 12023 19447 11596 11608 9294 8742 18307 7297 7984 9218 11661 19591 15514 10220 1516 16877 5848
1380 14366 11282 3331 12043 1379 5250 17289 15657 4573 12896 2030 18826 9747 11903 17791 16717 16294 13662 12665 14947 18565 7280 2650 4592 17178
10446 1361 18961 16007 16057 10502 1037 8849 1134 16432 18555 19293 13075 7775 19812 15156 11333 9702 1975 6984 13279 14687 18041 8484 1141 11303
13361 12814 10594 13312 6071 1767 3449 5070 6538 17045 13933 1527 1900 12458 13911 14665 19419 6652 7939 14056 10108 19007 10871 4395 10447 926
11782 11375 16974 4034 18308 17057 14748 18411 15405 12131 19449 7837 9761 15241 4507 10028 11667 18974 16109 10562 10909 7879 10816 6162 2656 9906
4505 5785 15896 13923 6033 6862 10142 14025 14392 8088 5195 5981 16417 9049 4235 18240 6669 6996 2231 866 5296 5777 16732 2783 952 11203
15661 15254 7942 19043 14244 14126 13158 6346 14997 8101 19754 13034 6132 19991 19886 2223 7600 5669 17667 3154 9131 2355 9078 10640 5983 1592
1570 6060 16301 16982 19920 13893 6298 12937 4314 18655 6176 2739 2646 17440 1482 14098 9585 6551 18463 4508 3027 9710 5046 1121 4892 15207
1818 18568 4149 1770 9324 10570 4653 1329 953 8013 7240 2164 612 9055 2896 1623 18382 19563 4605 9965 19734 4864 17749 1788 16518 17259
18070 2139 9325 16039 1150 10001 2604 19389 13293 18566 4012 16649 11278 11345 8287 1349 16076 9581 17877 707 5518 18063 1739 11549 18494 1408
7959 8183 18373 11903 7202 12584 603 5187 17230 15261 13771 13291 9367 19528 981 15484 14532 15759 8634 16120 8343 19391 15155 18179 5046 5431
18490 10953 8771 3790 7836 19992 9832 5599 4390 12186 15861 1152 15897 4701 15369 6051 13486 6357 6991 18334 15744 4768 6965 781 9175 13644
4867 11238 15466 6984 17118 19964 209 12950 8110 19000 18496 11452 9833 14903 4075 16016 1572 7358 10252 16923 14237 1209 3257 1340 12872 19321
19341 12095 565 3476 17661 7149 18699 10671 1072 12764 2713 15714 9954 19144 2678 10517 10734 14364 1753 9117 14545 10540 3414 13684 4102 11384
3536 10921 8743 10897 14824 17822 2941 1554 9203 10526 5805 18022 10582 6242 3153 5824 12715 5876 12810 5939 4805 9496 6065 16353 11758 14301
5073 1428 17081 17678 13798 7795 19391 5589 16309 6079 11703 9251 359 13560 12078 2370 14550 3505 6340 8217 2474 15667 602 10992 10847 15352
9565 2388 16405 17481 17496 7961 8146 10235 11230 10695 18179 1333 8208 10325 17191 4312 8586 10537 3632 17053 19239 5742 18667 157 16302 11992
13637 7631 14744 10808 11797 11879 3676 14075 89 18801 12186 8044 3591 14199 15636 15524 3090 15609 1212 4914 2975 10039 17951 14131 9164 6352
16353 18821 7895 7766 16717 7658 4938 19715 10060 18741 13450 308 11073 2009 9670 723 12945 15114 10164 6834 7627 1346 13300 5342 2815 8794
14380 19839 6840 7400 8316 5691 1650 7371 18011 19263 14780 16703 18981 6903 9221 11617 14307 2084 12225 11310 4864 16120 14928 12689 11601 6484
4085 6632 568 1539 2766 2317 11524 8796 4302 867 8235 130 9120 5491 15000 17904 17037 11305 2748 3098 4623 5211 6497 10117 14470 10566
15605 920 19378 11012 4837 11744 6042 12407 7394 685 11805 4214 18727 9171 10025 15338 18482 15523 14254 10595 15702 3767 1028 4049 4146 10514
109 468 18291 2229 12946 15551 17428 17442 7253 1769 2044 16598 14079 17191 5518 9411 4423 8839 18015 11588 15340 12241 11397 6169 7485 3949
16449 5288 10354 19138 18292 13401 7318 11805 10657 15892 17511 12586 16588 2693 13149 3449 16866 11985 7527 2609 7763 11518 6526 5206 18379 1616
1097 13764 6023 16204 13220 13231 9020 12235 5778 6851 9936 2120 10553 18944 3355 2843 8849 19012 1626 15937 590 3569 9392 8839 4927 8907
7880 17012 13517 1885 11922 3656 14847 7694 3512 11922 19526 2708 9170 17757 15398 18724 1256 6057 11174 9612 8328 14614 15696 868 9669 19587
2213 7088 13825 6144 11818 7448 16488 17846 6443 19473 7777 19887 8245 1800 8298 18340 19661 8058 18180 2405 8305 18451 9440 13931 1845 1267
16231 8473 9543 19657 2087 8035 11596 929 12043 2468 9146 10643 15174 8302 18351 14387 4987 12390 697 17240 17462 6115 10882 505 18310 15234
7000 16969 19753 15261 3872 2914 14752 6267 8649 16725 13901 17091 3209 17874 17121 3392 11945 2149 3371 11637 17205 13542 5309 6379 15979 2082
19056 14064 2410 7402 6788 18526 14333 7247 3148 11777 14427 18534 17604 5163 14267 15297 4598 11657 1341 3440 16758 13844 12102 14616 1599 15031
7860 1919 9552 1901 4121 17867 10079 14952 4026 19120 8803 5237 4510 16879 13500 13235 19546 9516 7786 13065 1741 10452 17138 9274 15840 3954
842 9057 19083 11903 2394 4825 12421 14558 9705 10386 11331 2185 3518 3372 14539 16091 6760 17217 18673 3998 10169 11656 7316 10230 5072 5179
16298 10032 18707 7788 1332 19038 14795 15645 4524 8598 13226 15250 16357 18330 14137 10822 5109 19768 4713 1030 3394 33 3966 12967 2763 14471
4365 558 1556 5011 535 3016 653 16633 18307 5081 14229 7921 15922 10834 1510 4010 13932 5023 12350 19133 10269 4211 1578 7251 5045 15230
13121 541 913 3626 13041 16854 9405 189 18834 4573 9726 11130 4764 6654 18220 19584 6497 19810 10744 16053 6155 12642 11712 1246 10631 19613
12497 5674 16151 12843 17617 14136 14763 2222 1967 7910 3170 3016 12533 11945 3346 18966 13833 19012 18236 2022 13395 11301 6333 3561 2860 15395
18579 7133 239 147 14671 4295 12008 14065 11487 14569 13551 18970 17935 8428 13734 8894 16989 13840 1842 15580 1245 5771 9790 17145 6012 10673
2840 10601 15569 2972 1634 19772 9512 12505 7541 14304 2494 14363 19144 7662 4688 18803 5106 6164 6090 7195 19875 7805 17355 2390 18442 3861
2211 7018 547 3894 16907 11169 1205 334 14224 8745 13658 9638 987 4416 14857 8778 16282 3720 16241 10259 2154 16231 13735 4885 1950 12802
13368 14786 16498 17796 14381 15195 6275 13286 18510 16819 18431 3529 14232 9874 927 8566 3160 2894 433 4632 3323 1875 7528 2174 12043 10579
5673 10136 10981 558 4817 4254 874 19039 16840 8793 15461 95 6961 16509 2894 15456 817 14971 14532 254 13747 16399 8577 17508 12075 3048
8702 9651 8899 7139 12201 18794 13629 5633 17595 4734 8346 5228 14562 17782 5004 9697 6125 15911 17724 19015 265 1893 2020 9944 11845 8558
13055 16297 8027 15586 2113 15188 12937 19298 17262 15048 12608 15193 3022 17695 17398 18026 15589 6315 8492 12992 1314 17312 10186 8935 3286 3074
14531 18696 12792 18292 15531 15396 19116 1596 10132 17679 4936 14785 798 7160 8365 13683 18604 15306 19249 7954 8573 8942 4893 4144 17701 547
8458 13580 13222 6902 3410 4534 7832 15656 19806 8458 12056 6893 710 13517 4811 12427 1906 17164 17314 6834 12807 17402 10467 5415 11 12795
19946 19587 903 2392 14043 16620 14332 14096 7330 14120 8064 8817 6162 5383 3241 10488 7813 17544 1576 13315 1408 16137 7916 19383 18241 3861
10322 7931 9928 2585 9722 17163 18907 12822 5403 6854 6477 11811 10364 7209 180 13168 12670 13720 18847 10529 16000 187 15277 330 5543 4340
15555 16604 4290 17611 2740 11385 11317 11194 2385 5158 15718 18374 6109 14956 9691 13517 996 9506 19727 12540 15264 13949 7389 4508 14579 6047
6825 12392 4140 4102 6031 12676 18428 15911 1187 954 10623 18497 17041 15303 19193 19276 10839 10595 13541 18402 2515 924 7592 12731 13091 8563
8993 18636 970 10562 11780 17852 9804 19412 11612 11197 1519 11329 11689 6383 13594 18885 2727 3126 9744 9347 16668 7506 8640 18774 434 8015
17790 18153 17862 18797 9548 15030 11882 7998 5234 16868 3582 16413 7591 18293 12628 5197 6773 6792 13536 10074 934 12759 1263 4972 148 1892
2090 12566 8867 19101 8758 14650 6170 10688 82 6219 5552 11129 8358 14288 3820 14720 16883 13518 17019 6144 8283 18829 5907 239 5961 19673
13854 6855 14821 5881 17989 15428 733 19850 15777 2032 8939 6480 18613 4691 12196 9195 9380 11101 12753 9473 5275 16585 16763 18020 9475 14508
19067 15727 18613 15503 9858 12458 3673 1808 19949 12991 18053 18394 17762 562 11452 10718 3961 6623 14960 5653 10054 15818 726 7813 6376 5987
6453 17559 5450 17039 18037 6572 4961 13747 2585 19081 17896 17458 14379 15944 16653 236 10113 15674 14017 13172 1752 15375 17202 7501 1502 976
1461 14265 12594 7531 12752 17608 19365 8592 13339 8935 11568 6882 10750 6276 2407 19256 16822 5056 12052 2619 16044 15406 7560 17007 19932 14615
7550 19381 13547 8277 16992 394 11950 5887 1459 13333 17370 16501 7653 956 1027 19369 6571 13668 8810 11076 19202 10856 6846 10896 8977 9707
18478 15986 1045 19937 10372 16368 16241 4528 15737 18508 8849 18197 14051 949 16609 12470 8597 3933 12847 10530 11972 4059 1776 12188 15598 16291
2437 8189 19702 19944 12949 1537 8928 19837 3130 8592 1174 6402 9407 4189 2779 4449 10408 11928 18381 12104 12523 11918 9234 15100 10682 17655
10545 8636 12809 14098 12590 13424 2377 17654 2094 484 19932 19045 9523 11316 12111 13112 17058 13550 693 1286 8512 15638 6352 8754 6795 19638
9787 9620 3048 10057 14272 7660 607 5836 3884 18953 13222 19196 15718 12308 18792 15406 12074 14237 5165 15099 1710 2668 5338 9820 2734 14490
2217 19410 19557 15622 3375 23 19302 11150 9734 4082 7127 10969 17907 1058 15600 7679 890 6248 12088 6342 1440 15830 14142 2465 2241 1124
18482 5012 4554 9602 5142 14545 9174 14891 14670 12603 18187 16966 4065 13131 4575 11809 3516 8763 19743 3905 19180 11172 19013 7908 8766 12482
5466 5281 4936 11547 19107 10909 2335 10400 857 8465 16271 16354 5022 11149 9431 7897 10589 1562 14059 8509 5583 15175 5062 17886 6189 17066
7916 9300 15987 18012 11087 4518 7408 19744 18577 2960 11012 5751 2549 252 6716 2963 11076 737 7571 16906 6911 7012 15409 340 16624 2656
17504 9609 8446 15201 2185 6441 8605 14095 11559 3681 8235 5616 5750 7959 247 7740 16771 171 17558 2443 13299 10943 8508 15680 3237 18122
4730 1219 18701 14649 8210 4045 12920 17738 1511 15801 6607 14834 1320 11865 5741 985 4127 3280 9709 1439 19680 13022 13810 4155 3853 13877
11436 10072 9792 13473 1038 12991 13695 3938 14199 39 2646 3916 19002 6063 11820 14429 1704 14154 13435 6080 10451 4367 14472 11668 4811 3312
5453 14320 13924 3132 11825 17206 1013 1569 7661 5278 2911 18007 17652 19316 6839 11960 17017 12695 18350 6454 15922 19601 9940 17343 3209 15307
19602 13131 17169 362 19853 16514 15699 18083 10205 4917 1996 12826 14374 11890 5180 12321 7193 9137 8945 3891 8994 3381 8327 2964 16832 6700
11275 14591 19360 14489 6365 14354 5042 3250 16721 15684 12851 11898 17408 13066 14974 16358 5091 2053 2874 7272 3077 5669 8820 8274 10487 12136
9914 11921 16738 10585 2236 17416 18777 15142 4293 15805 13652 16641 3387 6669 5502 9569 5494 6154 2818 5306 10265 1963 292 755 2722 8341
2866 3311 9410 3143 7818 15794 10900 9105 2579 2621 16156 7012 1420 3075 8159 7857 8256 18698 13202 5388 12387 2141 13468 8342 1878 19852
2540 18428 10819 10013 4651 7402 6543 4639 11449 370 11390 17100 18032 3746 5354 4248 16014 4498 14965 19517 18990 11995 1672 17163 9157 16535
12252 17455 11144 11800 7603 17214 18848 17727 17472 5397 7577 8154 13609 16307 14411 15050 14265 18328 7530 1026 7858 1503 12928 4544 236 16727
7658 4207 17651 15074 12198 5359 14782 15827 2093 1022 9428 12753 8517 1968 16651 6416 3215 19795 8449 10246 786 8078 12677 19280 13625 15799
7105 1072 1923 18175 3773 17126 18249 11738 19110 6323 18902 18845 15318 18901 4195 19527 13754 11840 3198 5132 7919 1820 11792 8077 279 8615
16518 1645 6835 6400 6437 16247 14327 8242 10910 14103 152 14327 16798 2431 5374 6660 11528 19578 10814 14999 16468 16961 17343 18966 17079 6128
19519 3912 11132 2246 4864 10956 4152 18971 7964 1911 18472 6720 5165 1600 1029 6197 12487 19790 5661 916 19909 7752 357 4582 18674 5600
8137 15694 17685 19074 2352 18893 1390 9683 7495 6753 15588 16041 8187 19902 9038 7531 11184 1552 879 14263 17655 19679 1020 7643 5810 15092
3227 19646 16312 4859 19352 8473 16245 190 503 11071 16786 4539 3396 13099 10191 1532 9621 17694 16495 15466 5717 12182 2193 19688 19 11952
1046 11855 12700 17051 17399 8685 6564 14117 10583 8282 13616 4120 8074 7300 8790 4500 14028 2907 5895 8095 19623 15763 5912 13534 6331 15031
10244 2055 17457 12255 8156 831 1949 7408 12508 17050 9120 6390 5019 18460 17239 15186 4007 14413 6074 17365 16784 7649 7655 1789 14933 15515
40 5609 19018 4304 6184 16735 3233 654 3059 7075 17486 17603 14092 11247 19280 3668 14806 19494 10667 610 3143 14506 11010 3802 6743 17564
2176 973 9683 6108 8573 15551 18516 18360 12440 7784 1888 4333 5259 19497 13983 2692 7841 18234 18619 14585 6748 10651 18005 13611 6808 3034
5953 5842 6152 16955 16057 32 6286 15482 5975 12658 17040 6482 17658 11621 7607 18366 15677 18113 14663 9871 2094 8956 16415 14885 12043 4699
4372 16188 5322 1569 9353 8480 8431 6900 7118 16887 10482 12568 14978 13133 15563 2276 13023 3891 12684 18034 4109 10920 7049 18441 11984 5023
10565 11501 5313 15786 7445 1814 17743 3181 3852 2185 10688 18810 9395 5190 15176 10852 7780 6837 560 14162 8138 11328 16831 16970 3198 1781
2888 4060 12289 7383 5060 533 17538 5408 19652 6281 8971 5546 19831 14816 17368 1351 4834 7950 1578 5080 7389 1123 13545 15457 4115 2982
2319 16079 8950 8295 15294 19720 3714 14206 15668 6260 5472 2009 13394 5485 3655 7036 19725 2924 13055 4392 16245 30 2669 1682 546 15492
7432 3305 10055 15700 13372 11148 2201 7375 14109 1242 596 17557 4541 1197 17284 1609 19157 10469 18260 1273 2367 6694 9721 10191 6200 6982
5042 5933 6035 6869 19618 5609 16702 8204 394 10055 16611 14051 1975 4007 17909 15021 18798 6265 6316 5387 13239 12138 9360 12384 18707 4549
18311 1285 9711 3954 3109 7161 7166 6704 4012 8142 3762 15351 15386 12493 10731 13510 16647 11001 10084 1649 6995 18675 18836 6873 18456 7006
13815 7857 11273 10469 12144 19598 15095 1331 949 17823 13086 18329 13800 3415 6914 15523 17793 12982 19919 1301 16187 2279 12875 7970 15678 11660
17449 6057 2048 7402 9546 18144 18308 583 1571 6415 8160 1403 314 18546 11975 19184 12788 13158 7027 2500 13338 7250 7136 2752 10347 615
3167 18515 16940 788 8014 9917 10425 11616 16818 13832 13877 5321 1929 12523 2920 18157 9686 8522 5891 746 4211 12259 8540 713 2943 2549
10287 16379 14583 4895 15699 17317 2303 10194 2217 14256 15350 1009 6840 863 9100 9466 14937 4401 3232 10451 574 8886 7234 1314 17268 17514
3553 6393 4609 14271 3720 3357 16313 18152 8044 14769 6043 6508 10611 17908 1030 13069 18789 11513 5099 3018 3682 8777 8024 7216 3920 17860
16766 8850 16214 15162 16257 14307 857 7256 4202 13915 8310 13284 18607 14490 4121 14119 11448 3977 10275 14692 19621 3070 13286 6642 9087 14788
13936 11980 7695 1215 13166 2409 11628 6578 4184 8670 9642 16809 8506 4559 8444 2679 10822 12367 5395 17175 10421 19218 5680 8688 1829 15137
8084 1236 3755 13970 8476 6033 6531 17503 1711 7558 6620 9884 8787 8662 5916 10577 15901 16971 7426 6063 19324 16428 11519 16511 2294 19036
3665 9165 6817 16786 1330 19636 9103 9724 11408 4043 15762 8775 4364 11966 14362 4953 2391 8454 2269 19192 1404 4080 10505 8984 635 13134
12996 5629 12727 15229 18075 12786 15082 15440 16767 9371 17231 1777 3161 17562 3492 11489 10801 19063 4133 7970 10320 13752 14921 11507 15985 6658
12675 11475 11308 2777 19155 15165 14847 18142 5585 13641 68 19843 5390 19567 15508 11229 5497 15151 13955 11179 6331 15069 14249 2334 4253 7874
9067 10223 14452 160 13454 9166 17471 14177 18650 8594 917 5586 15788 8268 4001 9917 19995 3679 2210 12585 18803 15900 5610 17192 13386 1501
5067 2622 10481 2190 17321 10925 13547 8614 13491 4697 4361 1936 9446 19617 802 19127 8169 13929 4319 4119 16023 16939 15931 5338 9936 859
11209 12354 3865 7134 11572 14921 1394 6721 299 14352 3714 10272 14302 5047 16977 19125 3502 16259 7628 13229 12531 6400 4964 5737 5645 12820
16867 9382 19384 18320 4595 16652 11593 7439 17632 1557 13573 9165 16822 7088 11338 11720 19833 17063 15462 7216 5219 5161 360 9359 473 11635
10077 15771 19532 4314 3504 15918 976 13070 10790 8284 812 12393 9181 17006 17675 19660 10379 29 6315 12736 6966 9917 4393 7550 7758 15433
18192 4188 11275 11843 546 16371 11297 13853 14543 15560 19548 11609 14365 2443 3693 18304 6589 11515 8317 16749 17938 12290 19401 16830 1163 14960
6737 6775 11921 10569 12988 10198 7109 12050 10693 2348 15862 12302 17668 4344 8108 2421 18535 4718 6050 18123 19432 2096 19652 18587 7125 380
1721 13313 9515 7581 16537 726 15016 15301 15513 14642 15111 17076 12843 12160 12341 10494 15286 7674 18078 11039 13920 14168 11737 10335 5384 5284
15918 16025 10149 18769 13020 9180 14679 17840 6062 5136 18038 18743 8426 3705 11380 1248 14292 16781 6630 6706 7819 17741 14950 19450 12517 1195
14662 14446 13612 19344 7304 18544 8969 15382 6683 17857 16726 16079 3366 14958 12033 194 11628 9863 19806 10132 1185 5180 1954 10007 10228 13693
5815 4704 14556 1245 12342 19740 12967 956 13497 16557 4146 6917 13700 16490 11939 10944 7590 8931 1115 19636 16147 5391 16783 1982 7884 19148
19329 8090 16644 8716 7489 6463 12399 3254 8545 10257 14434 9444 10274 16225 8097 15027 19692 17762 10321 9044 16174 14055 10530 10993 13855 17501
2800 2188 6798 5609 14995 9193 13386 11885 16051 7209 17516 12238 292 7540 1020 2011 17743 4752 12749 3963 19856 19620 7641 6917 15843 86
7098 15884 6773 5156 4340 2512 9970 16592 11314 17905 942 1613 16634 2602 11134 19064 6774 15265 11753 2471 6576 17142 5458 9662 1678 16348
18568 11336 13379 17034 16106 8449 2862 9542 13170 17448 10727 16191 19503 14211 7240 8696 15628 13963 3941 18136 1404 11336 11419 6472 18976 13261
19461 4402 19329 17770 10906 572 14816 10253 13373 1150 9624 6971 1843 16533 8089 19048 4105 3677 7848 7813 1708 4382 11330 8184 15739 7853
16991 4348 17657 9986 18701 11036 2668 407 17626 1295 2969 5052 13507 19175 12363 18381 19402 616 7817 9071 7003 14239 12499 13854 3092 2337
3098 6822 11782 14973 15804 16381 14370 7029 5063 13348 13588 12804 11740 16493 6972 590 10722 12224 10750 22 3718 2654 12118 11589 5845 17345
17563 8712 19254 10052 5852 10867 16436 18296 6578 19957 7127 6544 9481 15847 12951 10112 3753 10437 599 9110 11144 6389 1040 15690 1363 12954
19844 12744 4876 3814 16200 8285 17037 7456 927 12463 14094 9270 10413 6691 19915 3695 3747 16223 10137 13480 12172 16527 3353 2533 5097 6842
12350 15005 221 12537 4435 16294 463 12679 14932 16701 1885 553 6378 7660 17795 16623 3925 19227 19369 228 10383 5086 1764 648 18715 7781
7251 15846 14089 2035 180 740 1367 4770 11646 18902 17367 10851 14288 18273 9460 19074 7407 6244 4684 14602 9579 2938 973 14741 9931 6407
3801 9197 16906 8303 10528 18430 66 9067 12359 7634 7217 15456 18841 9999 9507 11186 6234 9539 13898 13794 8272 11998 5964 2591 18813 7779
6469 14912 6036 16582 13466 11095 10277 13774 18220 15273 12080 1894 9398 7585 12022 11448 986 12711 6289 17095 11003 1510 14173 1307 380 13795
19130 18120 16632 7853 18390 16746 15406 7857 16775 13941 18894 15799 8839 12271 7951 17834 4169 6733 11169 2422 10227 14032 14543 18622 3645 4589
4758 12429 5420 3920 15802 6809 8453 1066 17276 17064 15040 9754 1108 17003 19237 15661 8297 15326 19164 7556 9383 4835 14209 10607 954 1077
16198 19821 2764 4964 15304 6157 7010 7235 13248 1759 8653 8085 9321 13759 8712 14830 5815 7568 11852 11592 12071 12255 16753 8079 9423 18410
19528 4727 6122 12513 4528 2511 13391 6910 15749 17085 16174 8668 11961 17072 5839 10327 9122 8817 19461 4659 6954 14793 4298 16166 14779 10787
7851 10754 6676 8714 19270 15119 1 8591 6823 14144 2762 12128 11127 16238 16146 9998 19987 16208 17525 16140 18854 7727 15705 7162 15570 15514
15587 8124 10458 18200 15145 13236 7254 8682 7242 8985 9646 1942 1073 7261 10544 456 17656 10286 825 5139 2935 3590 15492 9289 9916 15670
10335 17534 17038 6273 3489 5744 16474 18785 16737 13294 10361 16415 16624 10374 7418 19205 19557 4776 19929 2069 3305 13426 17342 14642 9640 1262
9401 7471 2513 3153 15339 18632 3937 14186 18197 3436 18338 451 195 18511 5093 7690 19974 12058 19705 15511 16604 15978 9107 6670 13371 3223
3058 18595 8006 13398 4218 12517 4505 17420 18898 7429 14907 16237 13266 14916 10477 3589 9458 148 15496 10666 9454 15846 3210 12051 3092 5829
14642 16256 12262 6154 12506 3454 802 11121 3581 4069 18682 16595 4476 16871 9829 2600 9412 16229 8996 4426 14909 19244 8774 6650 8814 19997
15063 14839 6145 19400 2798 17337 4711 6116 3149 18682 15805 9877 18547 12386 4157 10940 7010 19199 19902 12996 18813 2570 19228 2882 11937 14365
19610 1093 4612 3460 16388 16758 19712 4082 9202 16225 17815 5966 18269 2223 18555 1405 3613 10379 16173 1189 2447 165 6028 12057 6628 14499
16786 19445 3945 16961 7276 11463 6570 1188 7847 17889 5033 16700 16138 12715 19342 19954 11746 18039 414 229 1228 17099 19120 1440 19232 12041
13982 5909 7832 9904 4743 4458 7286 3809 15286 7098 16321 9864 17380 18781 7905 19597 9862 6751 18466 12907 11828 19983 9947 11047 10441 4384
2232 13922 11137 6204 3289 16052 15814 1328 4712 17869 9087 18025 11619 11532 16230 7094 12000 10873 15884 17704 6319 15837 18906 1944 2662 4403
2376 3988 15402 4325 18655 1070 19438 13253 29 4480 9736 14816 328 14708 13670 10210 14582 713 14716 6093 13101 14771 1660 6078 2574 4333
17712 2633 10931 7352 7137 14171 14583 2011 6642 9631 12435 16958 3265 14243 207 15871 2150 17746 2853 18655 14897 11631 16032 12447 7053 1990
8940 12317 10259 604 13668 3361 19641 13194 2383 8668 12134 3550 14226 15649 10175 6781 14274 7067 12763 6366 491 3277 11711 2264 9926 7758
11675 13758 5758 963 6105 18300 462 12584 2646 5546 17386 441 7968 16123 15325 16518 4233 19083 2167 16385 1962 6610 15248 10089 4518 3294
12698 8820 15042 17709 2706 5091 16636 14004 12940 15232 9070 15219 3818 5477 19362 5923 12756 721 4292 3184 2349 15162 8588 132 268 9504
12710 17483 2683 18526 13449 4921 1106 15738 2612 7556 6715 4422 17864 17638 16430 18235 8969 478 6008 9742 19595 9981 14823 4542 18789 8009
12845 11501 2923 2312 1907 11727 17894 14407 12886 4154 3449 10744 16391 8498 3468 18646 14077 13134 6676 3996 19385 19746 1854 10109 12690 19623
16630 19454 13409 15639 13829 14244 3318 12935 3678 7137 10246 16922 4475 10916 774 14296 18472 6634 3894 1902 12705 5565 6896 5468 2269 10018
13072 19324 10269 5593 6047 3177 10117 4812 2092 12807 16347 18345 10951 7965 6938 4664 18354 12434 3490 11235 4856 16226 10736 6363 3303 15132
18605 17042 3876 3681 19457 13891 9623 16405 11028 3544 19688 19416 5752 8265 9954 214 3513 15094 1647 19983 12867 10629 3467 5160 8294 360
7218 5885 6561 13132 3413 12468 12613 10091 5550 1177 5469 10715 1086 19377 16587 1932 16357 8888 15970 3809 11240 18465 9912 11878 3839 17820
4384 3588 16395 13064 3028 12768 8021 11630 13002 6793 17910 6907 14250 9458 1167 8684 5627 18673 3456 13873 14370 12316 949 3245 1155 12014
1704 19578 470 1109 1839 19474 9241 10776 14143 12182 4570 19520 17138 8084 16074 2530 17738 12347 19711 2006 9962 4363 1730 4155 5823 8914
5770 18609 9339 18494 3919 37 17284 3989 19034 10491 9758 9414 1585 11614 15332 719 9628 13334 13966 16039 18273 6373 14372 9069 16822 19980
16065 6283 3299 2314 19674 4078 5695 4481 17236 1134 15962 16621 5001 15412 5147 4429 2943 3992 4961 14509 19892 8009 7892 11798 12031 17850
10048 2129 11028 8733 16901 14225 18310 3575 19268 18037 11328 13059 7386 11508 5002 7082 8338 1769 14085 12051 12842 16991 4721 2735 9003 16328
7722 4711 675 2603 19457 13570 7836 1700 6874 1256 17643 9 9698 19290 13921 17648 16122 393 354 10277 8181 11674 5126 6286 15511 6250
13192 15954 6173 19752 11049 1048 11208 63 11022 19057 19198 13125 14072 6313 11511 16798 14049 19290 19325 15686 12861 19760 1590 18577 16536 11452
5283 19561 5889 16548 15392 1296 18510 9032 2040 1132 10430 1049 7888 18031 12843 183 13215 16855 11117 15009 12160 7356 14134 7750 10143 1620
10640 18423 4388 12512 13784 1244 1825 7701 18102 16184 5811 8069 4653 7970 12989 10685 1903 14312 9809 4963 3558 1400 11540 14488 18336 8909
6700 17850 14766 12535 16420 19796 11440 9876 4159 804 3787 11879 13105 19697 4996 7486 14403 14188 17454 6682 14074 15785 10334 15635 17380 4276
1307 1121 16754 19361 367 19062 12937 12115 10142 8213 5187 15685 8355 13732 3731 2772 5020 3860 13053 19857 10092 16759 6497 14404 16668 2707
19404 5104 19888 13333 11343 5568 13364 7973 12745 3866 11893 1609 11273 1134 8435 10850 16651 2393 11292 435 7257 2461 19030 360 5643 6405
4500 2588 14399 6385 16479 795 14517 12567 14735 9246 14051 3963 8987 12673 13743 16396 6032 16849 5839 11819 16113 14032 5392 5430 4820 19222
6493 13368 11086 7637 3967 18942 8775 13666 14075 1773 4230 10922 16360 10476 1962 5873 15142 10916 10413 12365 407 3246 17257 16403 9697 10798
16182 4048 11055 12517 2097 15691 12276 17585 8085 9366 12233 11764 4629 2540 19770 14793 13745 17757 1784 15360 778 10310 2390 9133 4156 5801
19471 10140 573 15455 9135 5849 10596 19630 3992 2396 5447 4659 1112 4614 15724 1935 3836 9426 15018 6286 736 17554 12390 16421 3609 11703
15625 12472 4085 1201 14647 14129 19379 1121 11163 15818 14086 16768 7511 14765 15355 11923 9860 4402 7654 595 17630 2311 13619 5221 15100 9052
1780 3145 9917 15379 2255 1428 1410 2213 953 14108 5755 15685 12510 8950 17756 18689 12266 18774 6172 17412 2732 1395 9807 1804 2760 10264
5577 18619 15130 3623 5582 15154 18343 12170 5063 11341 6972 2880 14522 10295 19393 16841 7191 12404 2710 14771 9109 11138 6219 6142 18226 5263
5262 11940 8730 5235 2757 6190 6989 16683 4651 19652 18066 5537 2091 5900 18065 2308 19485 5143 10248 9932 9671 17886 15114 2177 14897 19810
