365
56 93 52 17 59 79 18 78 13 10 12 19 34 90 67 94 53 91 69 61 96 18 79 80 44 11
11223 14844 5231 10600 242 11459 15863 4127 14591 696 6337 6189 15410 11941 11012 14479 12954 2942 2523 2330 7519 11493 11484 12040 16242 18826
18572 9434 7176 18414 893 10816 17997 13165 4870 7630 9897 17583 6555 13766 137 4686 5492 10175 17548 14405 11529 13477 5404 26 14604 10238
14991 403 7834 17744 6890 7788 3855 17061 1314 132 16734 9917 8678 3317 18928 9533 15864 9270 988 18203 16214 17405 6343 14915 1720 8082
7281 14242 11182 14791 16349 2089 7406 15115 6911 4406 14372 26 16926 4299 9692 9347 1322 2433 3921 9474 2402 67 5994 7302 15423 5847
19304 8594 3356 14388 4647 6228 9941 10337 16360 14509 9145 10390 10428 10983 15135 8130 18919 12894 9604 4402 18192 877 11560 15832 5604 11099
18637 5319 1480 7604 16214 1144 3172 9815 412 13328 12844 9576 5944 2504 19268 3176 16132 12903 15432 12151 4459 10096 4046 13759 39 2052
8157 8545 7852 9257 17412 2025 9230 7688 10119 16548 6125 15159 11766 1925 8491 10823 143 15634 12047 12459 779 16000 10285 401 13993 15428
1811 174 13752 18163 1440 285 16453 10136 9409 16260 5945 8490 6342 17547 3951 5176 6564 4394 13668 6794 16282 17485 18908 11731 6115 17121
6173 16386 1150 13977 845 15582 17369 6472 12486 12683 13030 9292 7292 782 1452 18296 697 1706 11432 6790 10416 4200 15071 19297 9812 8029
15929 17183 12386 11385 5320 4881 14436 19429 17297 9555 4964 8102 17091 6245 7511 9757 16618 11569 13730 1560 15168 2477 7052 607 13070 3132
11328 991 1591 826 15693 14614 9175 2169 4045 12626 9798 8163 19568 7843 16564 1958 9751 1364 17502 6029 17735 3258 18004 9691 12676 1379
16931 17021 5245 19451 15669 8368 2046 4202 1851 16300 5968 1658 14513 18361 16507 7120 13314 6306 11212 13355 7444 1818 13321 15092 9998 7247
11090 17241 3148 1480 6885 18640 13478 8080 1777 488 19626 13618 9536 3641 12254 6682 3923 16024 17696 16626 4825 15702 8176 4786 7773 2163
5501 1951 3969 19127 3468 8857 13616 18824 9568 10261 16579 18008 2279 4750 7314 13475 8213 19753 10229 11078 3781 6194 3896 12663 9168 7374
12449 14290 577 10769 4788 13316 5793 11334 5874 10143 7076 13659 18293 6366 8037 7865 12621 9300 13007 9927 17168 3666 15939 9826 9844 14527
13719 17673 10995 11894 13334 14522 13890 16337 17469 4334 7961 12522 5347 13068 12825 1518 7661 18227 2301 14493 17341 9612 15610 15194 16756 17082
15914 8005 15415 5903 3909 6549 16239 5744 14199 15603 9966 1043 3961 17369 9811 13136 3833 2083 435 7332 19912 13033 10756 4081 15202 16003
4478 14671 7748 6091 7983 4265 18456 7255 46 3059 11655 10904 1608 5588 12272 14557 4568 2096 17696 19040 6452 310 18412 3068 17178 753
5258 4611 171 6788 14774 16702 8923 9319 2306 19717 4419 8719 11398 7778 677 8992 1868 9795 8951 12165 4691 13142 3926 14210 1218 557
19119 13153 7268 4077 9053 17446 18507 11304 6916 9604 9672 13090 136 2022 1654 19206 10981 6420 14418 4181 15029 4418 4563 4540 1485 18799
13714 12836 13397 4123 12150 11906 7570 17001 12255 11180 18676 2036 8284 7021 14546 13481 16848 13071 7340 15784 19785 9509 15232 5194 6581 6671
15903 16306 7747 18809 7725 414 7781 19337 13074 8254 18752 2136 10583 17625 8969 11718 11555 17696 10958 1708 744 5613 19994 19091 6660 13916
3814 13241 8495 18333 11172 5649 18684 11984 13664 2721 914 2571 6223 16272 6238 13920 14433 14668 5834 3477 4582 15665 3635 3682 2435 2030
9982 16222 13330 9764 5421 5176 17884 4576 17787 12058 2793 18129 2377 9529 11087 8355 13695 5420 14476 18556 10004 8330 5393 15874 8671 10279
4233 9110 10274 14896 3483 15367 7396 13745 534 5992 10971 17743 4083 13618 18318 13776 13554 1537 3530 17828 829 8399 13000 14729 16870 15680
9989 17355 17641 13170 15105 9119 18327 9237 9997 10743 8343 5574 12933 17317 9488 4166 18456 1737 13858 8574 3055 715 18162 8091 15727 7716
13177 2425 9938 7537 18191 4244 7604 9034 13980 2073 10058 4250 12010 17122 15074 16793 4427 6984 7465 12236 1356 19227 4415 19275 6340 5538
12983 3948 11813 1553 18878 18048 8392 18995 17400 5313 624 11765 7550 10820 11564 3375 6418 11871 11387 12746 19008 668 19585 16694 1296 2619
8117 2875 12973 8250 1334 8563 13472 7110 19425 10101 17089 5348 1760 6975 9581 6813 10591 7174 14920 16829 2120 14726 8096 7976 17656 3276
4699 18442 17800 16359 19225 7014 17514 16876 9975 2958 12733 14249 3480 12476 9513 6155 756 6807 14354 17399 12234 3361 10520 4336 14156 10007
8728 14826 14122 11728 10396 5895 13358 19750 13049 3266 17918 814 2966 2425 12819 8672 4185 10782 10536 2210 16055 8204 17091 15181 19383 2355
13988 2230 5681 18317 3444 5204 2236 10008 16570 7064 7124 6018 1979 3559 8612 10569 3111 2240 9690 3680 17194 98 4846 4692 16691 16760
11470 16217 14560 5866 7857 11262 19989 8611 4385 6544 14379 6106 18620 9383 15844 6995 1155 11975 10278 12922 2619 2365 2175 11159 19575 12126
15894 15050 7006 451 14828 8968 7459 4467 14289 13339 12821 13923 2019 737 52 6833 11341 8469 10966 11678 9499 834 7947 13351 18815 18697
15555 4014 2680 1592 19256 2584 5363 7094 8790 14762 5373 7262 12055 2347 8920 14906 6895 11673 12498 16943 11669 17870 12111 11067 13215 12139
469 12387 3911 9585 4860 8220 12257 19540 8428 10193 268 11977 14711 12243 2495 5657 10350 12342 8779 19604 2440 10784 1384 2264 1199 9602
13857 19583 11296 11050 5344 10757 6350 11602 17641 11505 3215 19590 649 17765 18938 2529 3787 33 15274 4103 12556 13299 17322 4425 683 2322
13085 15183 13961 16600 12414 8250 6407 2078 19506 11416 10337 1646 6859 8928 16121 955 13607 16670 18259 14064 12410 3261 3095 19872 17517 5436
5603 16665 2819 149 14910 1115 6875 18422 13374 528 12291 1152 12470 9639 14113 11426 11874 2 12026 14350 14258 1084 6445 179 9295 1322
12265 6446 7439 19813 8924 10148 17171 19274 9797 18093 16894 19113 10881 2427 18539 13293 718 1770 3431 12125 15376 4652 11513 13331 14511 18463
12325 19779 1119 6775 2688 8582 17228 7387 14983 17874 433 13367 17249 13630 14456 10954 15441 13528 18875 2234 17761 16321 11449 10284 5248 5732
16620 18623 1194 17433 19439 3248 19402 9044 15815 15218 1624 15677 9075 17369 7307 5561 17393 4332 13500 3001 17346 8207 379 1177 2881 15634
14433 5568 304 6088 5668 12833 1135 8446 19656 4436 18986 19202 6480 8183 397 13077 13372 16581 14108 19616 9298 15627 12935 7344 5454 8966
19542 17033 15194 6812 1287 13120 4918 10609 12169 3012 16889 17871 5008 12897 1997 9895 15899 17906 13290 5574 7244 9154 3923 3143 9773 12209
4645 2666 12338 10712 880 15491 17365 3350 14929 6272 18464 12667 11984 16612 10025 19909 18160 13546 19290 639 987 3638 3921 1098 3087 957
19990 3389 6742 91 18777 16453 9277 1787 9194 5381 6157 3773 18122 7587 4181 13136 8289 7206 10820 6483 10530 14697 4224 10167 2747 5726
7232 15272 9657 3863 7706 4518 11092 3718 18001 9010 234 8583 17219 4324 2779 11925 11398 18097 818 7064 1212 18444 19662 2818 16227 13203
12442 19448 17891 3970 6474 5 862 17453 4330 6036 16482 9766 17772 19008 1847 6943 14216 13874 1318 2534 1132 5033 11378 2724 15575 10964
15349 15249 11578 18493 18438 4080 10178 8314 1586 11966 10747 17863 12192 16134 17428 17291 16754 7866 16111 11062 4489 14817 13695 11307 9000 14376
4077 13965 11626 170 8557 181 4812 1796 7630 17744 10362 7582 7683 8470 15073 17296 15936 9617 4691 3333 14455 12240 8935 11122 2982 7483
9178 7916 8072 13715 16232 2918 5879 8144 13658 15110 19773 14322 8850 13703 8986 6393 12094 9770 10554 12262 8157 4364 18213 5764 2419 10380
52 7070 1465 13446 1780 10229 17133 666 6954 6292 18298 2726 4676 16893 19097 18569 14917 18752 16573 14310 13874 17114 15679 4608 9772 18852
515 18732 10055 17551 19348 4710 13157 11892 15309 17694 12728 5170 3588 6045 7864 2498 14903 11198 18718 14505 6886 14141 10040 18794 19141 10754
18519 19108 19712 11052 12933 18938 3975 3263 4957 5603 9341 11270 5410 11959 6644 8048 13266 4377 19859 11509 14640 5710 13179 7538 16369 19835
17390 18763 17393 7923 2156 14686 4382 4448 1880 16758 942 4656 19513 16815 10003 4426 4105 15193 19649 18570 11185 13239 17511 12402 8642 11836
107 15036 12097 5006 12448 7647 8860 5896 7879 1500 16505 15916 13394 11502 18220 1927 18558 2889 19636 5105 15136 2027 15154 16169 16286 2116
19905 15204 15922 4617 143 617 3029 10841 14953 15169 915 5740 9792 5204 2051 10011 9496 13598 1887 7559 7307 38 6350 11584 14205 3064
6460 11882 9636 9929 7161 3706 11159 3785 13351 16933 12003 11011 11356 11105 6987 17501 1168 532 3945 9053 1517 14717 5890 1939 4598 13003
5314 19370 6964 13886 19924 4122 8989 15754 13220 4797 19033 14488 18261 2129 10283 14708 11892 2394 6094 224 15202 11592 15526 14035 263 9598
6578 3611 5451 18555 14205 4059 5208 13708 6037 12110 16495 18913 12409 6383 19761 13799 5782 5498 6357 10215 2347 8443 11803 4725 10581 13111
8487 211 285 19783 10449 584 14182 8761 7168 16848 4450 762 3769 15664 3653 18952 11955 19448 13156 2992 16065 16279 13946 12215 17909 9535
16987 16752 19744 3232 4842 4374 16687 11934 8800 14185 9124 5146 1322 17773 16116 11892 4761 9290 7871 4014 18467 346 10170 18770 15318 7478
19241 18038 2176 9020 839 6520 10240 13383 13096 8130 18260 4188 5356 2648 9397 16017 12275 17486 14729 19364 4398 15357 11271 10456 9124 5942
13952 17201 13830 935 14467 18634 10165 4550 13813 2992 3131 11846 7508 19075 5432 14009 10062 6336 18452 1448 504 15327 13643 305 10135 151
18920 5574 5721 9100 5265 19495 2853 17957 5757 19557 12961 19629 3368 2004 8096 2643 13280 5317 12209 7586 7120 14593 1525 1699 4384 2261
12208 233 16775 13407 668 3042 9316 18209 15780 14523 12877 2227 16728 19174 19238 7039 12315 7025 10635 19529 19568 3687 13583 2721 14388 17816
868 15726 7217 15733 11261 737 11097 19482 19144 18422 15624 19449 17620 5332 14756 7140 12875 14790 73 13249 1697 4804 13363 4444 12234 8140
17076 10352 137 884 7492 16963 17134 4983 15239 5311 11612 13242 16758 5268 5430 8226 14393 11170 5569 5426 12110 4892 16775 14067 11090 6498
8618 8029 16595 15188 18046 4966 398 17160 2250 5291 19780 8381 5351 96 1001 1402 1977 1537 8816 12164 1453 10516 16478 14251 18745 17324
14813 398 10426 17958 2645 17417 5660 1724 16658 11257 6150 689 4215 2647 13800 1497 6899 5548 9318 12619 8687 2371 1198 2325 17795 16965
13212 12163 14752 14717 4242 9147 17989 9467 11400 6477 18926 5755 12442 15721 18593 9748 7719 19054 7618 17136 16060 7225 18419 18864 12814 17939
3364 12112 7013 7815 16427 1422 19727 719 15401 18337 7737 4713 7185 2960 5190 1139 1364 12007 7038 12499 6696 16374 13811 14653 11080 1331
12266 12575 14353 2601 17233 5542 6632 876 11052 2321 18252 4176 3174 9313 396 7731 18955 5685 35 5373 18894 7663 10218 6000 6826 9878
19079 9393 3003 6002 2569 19160 6696 17579 2015 7856 10881 808 7606 19122 1913 10615 2690 16069 10879 8522 7072 342 1752 6626 8305 6193
1018 9378 16846 1041 5478 1024 14704 1048 16113 17797 15358 14071 17743 913 559 417 15061 17553 13765 5329 8354 16517 2869 1784 3232 3163
10582 16409 13861 8137 6730 7724 13033 8667 16096 3733 16145 329 9241 14562 12635 12261 201 4948 1299 19055 15462 4639 9705 13523 14870 2229
1667 6018 2067 10531 18476 3367 13873 10184 10474 10225 12122 417 9021 17961 13522 5782 8301 4766 3874 12201 15254 10534 4562 4297 8191 12403
12869 5023 371 3280 15755 12739 3845 13408 10147 19605 9129 19911 8626 10154 7558 10593 572 6752 18182 12267 13692 4478 16320 7634 14002 19620
19639 17806 2522 16440 12733 3617 4745 11746 335 1541 4826 16756 8899 8923 200 15909 3843 14424 9914 18669 7838 5471 1793 12461 17897 15478
4555 13576 17466 5212 19891 6442 12406 2181 12243 7205 10409 14970 11012 3429 8159 18000 1113 19181 677 4414 19309 1504 5987 15473 6988 15050
773 17192 12918 15342 2534 19905 2601 6399 12116 12122 10888 17761 2195 12436 12571 7286 14850 12191 1349 8888 15513 3137 4266 13817 7470 7783
11656 15551 6569 15798 6341 19562 2731 11979 17515 521 10472 8426 19906 14583 6264 906 18819 17792 15737 16993 14332 12649 347 14424 4744 7731
18449 9196 7485 6393 13797 8139 10394 5118 149 13344 13056 12655 3812 2207 8710 17070 6720 12825 10052 19384 1901 18709 11338 9399 16926 12763
2770 13590 8211 2622 3377 18667 9111 17610 725 11996 1022 13624 9699 16410 17230 1229 1257 18102 11779 5075 1213 18544 4117 17891 18085 9839
3141 8820 14344 6623 14297 12902 2300 15836 17810 17895 9019 8422 4041 14022 4276 6784 6048 4763 18435 13766 10604 13427 3702 3813 14583 2692
12412 17518 16845 19357 3845 17227 17486 15687 895 13206 1865 2431 460 11593 6472 7299 7705 6888 14829 10665 10099 12250 19934 11347 7149 7069
5753 5179 13840 16566 9782 12283 4522 19882 5500 16701 17565 18013 16441 15700 3373 834 9265 11306 4900 9625 2416 5153 9474 4625 10809 19088
5253 11920 10643 4954 1517 16118 14044 9458 16881 2087 17362 11432 11621 13936 1672 14471 11109 6506 16377 1799 19042 16386 19539 2449 2525 5080
15570 4626 1761 1356 6336 6415 13633 5543 19608 15074 1907 2613 320 2729 5702 7944 14308 18718 17095 12704 14605 876 19915 110 5834 10960
7153 1802 7982 17036 6161 14669 874 15811 6199 6200 14320 15474 10014 4094 18196 13163 3267 17791 11063 2069 2747 15159 16132 7906 13131 12035
1859 12622 11548 4521 104 6113 12956 3295 6428 3950 10431 2579 1152 15134 14386 16058 18836 11577 3163 10776 14715 4866 19613 5159 3996 13571
1642 18809 19834 18348 7849 14481 14172 7115 15716 2824 15984 3930 13816 17690 3402 9099 15279 18629 11708 13206 12741 8092 7081 1122 13728 1771
1353 2227 12571 6304 15569 19554 18422 3584 19864 4171 3478 931 12582 15070 17360 19328 3702 4685 18059 14187 2400 14388 13675 705 4356 490
17969 3073 6985 5136 3025 10484 13926 15051 7893 16641 6532 5389 16148 8287 1307 13956 9763 3610 11704 2222 15836 15297 217 3197 16038 5374
8101 6736 3765 9178 9551 2461 2826 418 2178 8461 18068 17090 1447 10750 12077 814 9610 18734 13791 12482 2295 12724 15260 13575 11331 5439
19758 16976 7651 2721 13007 16844 6143 6586 6986 10119 3918 17131 2539 15054 5350 17061 1469 17689 19097 9783 13693 3475 12046 7157 13022 3221
6112 3120 7255 9418 9678 15727 11741 4176 6998 12506 6047 10738 884 9445 15044 18694 13763 14146 18172 6035 11908 16109 1952 19517 5997 19249
9783 653 17020 16734 170 42 14903 8693 9949 10790 14974 18495 12613 19646 9712 1874 3084 19748 10659 14754 5553 1894 13718 14766 17588 1385
8982 18211 2451 8410 1252 4864 8577 10797 15861 3247 18940 285 3992 5982 12276 6785 11989 2758 13195 11948 7244 5853 4516 10502 6298 12127
6234 10676 3912 16302 2992 1265 1365 27 18022 10654 4635 15886 5604 19254 17416 12141 2099 762 5458 4928 8143 19541 10566 9900 18929 17600
3915 618 6078 9423 11572 13815 15466 17267 17976 5130 15418 14253 2095 6832 12686 8567 6136 17314 3457 10553 8566 19994 11697 1282 9444 19520
14950 19134 7650 1691 10323 8318 327 19520 19397 2500 13008 4286 15787 2384 330 11814 2974 2048 11407 1990 17721 18904 15362 19249 12180 15148
17278 17589 17960 19171 5374 14572 2626 8114 11297 6630 7805 16204 6739 19764 8819 18670 17287 14590 870 10192 5876 1860 6319 18259 9382 10768
11033 13232 10917 6884 16801 4138 10116 2335 14191 1687 4933 13577 4710 17744 3800 3384 12816 18033 2526 10078 6202 962 8154 6644 2721 16177
19143 10632 7340 3936 5417 10780 6840 10994 5666 15827 7142 8174 18042 2099 11263 1366 3489 12831 1906 265 12523 19551 5866 181 1302 5744
17911 19106 14508 2737 4145 12899 16354 15998 10762 12933 13541 12143 12800 3352 14688 3245 10868 19375 6025 12964 18963 12062 14593 5414 880 18978
1501 7305 16179 4645 1126 11307 9788 17382 15125 11083 17429 14207 13514 13052 4459 14300 19132 17315 6827 13681 14534 3177 2307 9407 19874 513
6449 5453 14056 4217 8338 12133 2831 9996 2154 12763 19093 10061 14195 4903 19280 17376 15240 12829 6243 15801 18451 9810 12670 17645 6652 14138
14236 3271 15653 6435 13900 9907 371 14387 8672 15431 8119 15575 14637 6097 3369 16524 4402 6411 6160 18388 10247 16623 9770 16483 15126 18183
19514 19185 12010 3102 5089 8120 5017 9921 16024 3524 1105 8077 15920 111 18975 17680 5472 419 19918 16923 5184 10532 5066 2411 4547 13682
11767 11312 2641 10601 12298 7598 6733 14540 19659 19316 1170 16740 11736 16368 6207 5936 1450 3463 5534 3066 19497 18028 291 16527 13726 18396
13815 17561 15073 1339 11983 10690 18823 14919 12716 18358 10198 4075 7896 7174 8024 18214 10889 10573 19860 19009 1026 12924 15349 16223 18930 18379
16890 4680 4668 3668 9281 11639 18653 18462 14543 15497 5843 51 10894 1581 15057 18176 12046 9455 8861 6280 2244 19902 5890 10171 5869 10736
13262 17894 14247 304 9539 10040 15242 3498 522 13472 764 13726 2353 9502 10768 19478 16730 9000 7739 890 5504 993 12079 10642 1142 10571
18080 12954 17959 19451 6102 4200 6005 16398 11060 17724 13768 16034 13413 19886 1305 4837 7126 16061 13574 6292 10038 9938 3663 1389 5614 17715
12900 4174 8177 12456 16201 19825 13780 4201 11795 12222 3126 3474 11653 6832 6222 7085 5003 2940 3313 6410 7044 12375 16193 3418 17703 16460
15949 10702 8009 4556 17864 7459 19409 1673 2160 8822 14609 9260 15345 16351 9975 8532 8826 15119 12808 259 8099 18668 9616 17670 16307 13769
745 19965 6539 14795 12023 14474 8064 13930 17556 19623 18799 12862 2243 16785 125 11933 13854 17811 13482 11088 15683 6184 14503 15271 13487 9432
17758 3350 16876 19759 5556 10442 11288 5017 931 16754 2510 13704 11051 7826 5993 15835 7005 17075 9444 17503 7263 16034 1454 1766 16556 7920
5695 16874 14886 19485 15498 2855 7302 1961 12800 4077 16944 17736 5029 13601 17679 5908 19852 6977 19380 6397 6700 784 3064 13864 17706 14904
13936 11576 6439 19588 6245 16573 12770 17146 10153 12131 9685 6206 12532 17076 2853 9775 2608 8015 19310 5424 12933 18829 14672 5195 2315 1918
505 8774 6120 5542 3856 14969 16231 12929 16031 3238 12684 8492 8713 16976 5608 2596 1903 901 16938 15740 1812 11004 18138 6564 11065 14589
10125 380 6501 2487 3000 8978 14934 7918 9185 16686 16402 12229 18714 11648 5211 14862 7092 18056 1880 492 6128 19405 9081 2029 1128 2507
4276 5524 15046 19437 2882 16692 17622 4340 8400 10611 2255 19643 15532 11332 13481 16344 7915 7526 18849 5358 3050 3752 4784 14054 8427 7830
13428 7905 4189 11440 11170 4757 17649 886 10513 16693 14118 16580 14856 11618 4402 7461 16564 19765 9398 8453 4128 10865 10082 13007 4889 12228
8062 5382 3108 14198 10681 192 13370 5725 14837 11222 11161 5655 5956 8692 17530 3437 9646 14034 10943 12574 13645 10794 14063 8518 5363 6368
17866 3102 14035 18636 11657 1090 12718 1759 10780 10465 13386 894 3324 8110 10782 11937 17625 10204 8362 13020 1640 12478 9537 3239 19012 7197
11158 6776 3495 5881 16671 2785 7672 12414 2893 5142 4763 11169 19808 9228 18631 588 8582 11926 13493 9550 19739 15143 9544 14520 300 15244
3479 18855 14013 19767 17047 15345 8640 9674 12633 17942 8384 12092 12715 7711 18058 10781 9381 9732 11652 10755 14479 18012 2671 4355 9688 15792
9125 11424 9131 16120 7874 15980 17483 8888 14820 14919 16511 19184 17376 3885 6928 18701 6557 3366 14742 12855 4563 2091 12720 1808 11680 11658
5436 14973 1242 9190 14651 9632 8356 14330 12212 1183 12413 10628 19418 2478 12262 8137 8770 17823 664 6900 16829 3062 10010 3500 1640 15583
8947 18534 9301 12042 2035 6906 4299 8144 17594 14442 10690 1681 19965 2626 6047 477 7072 12069 9942 19523 5689 5880 2874 1324 7714 19874
12514 4597 10997 13785 12933 2747 6751 11437 7033 15619 1580 5398 8000 13965 7132 1856 3534 16913 13935 1437 13003 9197 4330 11718 14594 10920
2470 17729 9412 18093 150 1408 8570 12424 3249 10788 4667 14688 17640 4005 7715 14307 9365 14361 14764 6244 3868 15748 544 10131 2135 10483
13969 5080 2631 16615 18750 17502 19067 19504 19222 9814 19084 11303 18312 15600 4275 15186 14560 19963 10971 1525 15240 9203 11677 15929 5244 4091
14661 13443 8470 19551 19874 17062 8782 14029 17347 2530 19469 8240 8289 6678 2200 2778 19916 18047 6063 4113 560 6243 18898 17336 6724 11206
1803 1756 19401 16032 7403 19065 4332 15601 3323 11122 9525 16920 10117 4987 6759 14158 11214 16825 3165 2066 13766 11025 13636 9935 1715 16264
4416 13881 5340 11104 5804 19884 6264 11220 342 5813 1460 11291 12663 12015 15247 2462 528 5724 6207 2794 436 14713 16422 2598 14030 12630
8803 17518 8496 9059 17115 9398 4204 14718 1959 14154 11794 6529 6287 4103 16277 9046 9939 17740 12023 19185 6924 17883 16977 10183 8244 6162
8028 7192 9755 4942 16412 15317 14289 8328 12711 7266 3014 9040 2529 3881 9048 10443 10943 4965 15023 1378 1192 4786 6236 11219 16021 10216
1090 10559 3402 16927 19852 13271 18583 5390 19143 12913 11320 19479 6732 11175 10523 11284 8546 18141 17077 19038 7942 5619 3145 4740 12491 13586
11251 11647 9555 9055 3455 18084 1635 7610 30 1571 17652 16723 3737 17189 12972 4569 8184 6754 2987 1856 6100 14838 13507 16219 5937 2541
19976 9452 13028 2141 15067 17595 5322 1873 19376 4611 15115 2435 19829 15225 6888 2080 14125 9175 7352 9662 12587 14759 16015 743 14798 14149
4959 12042 15760 14463 3537 19304 8019 14473 10283 10740 12645 10066 19726 16200 14793 11485 1880 9350 14537 14294 3015 7904 2890 17114 4759 15261
3950 9536 4761 3145 9747 19395 2213 4669 18955 14393 18221 11070 7188 206 15496 16869 12322 4205 18458 15763 5500 6413 5259 15312 6201 5023
12103 15568 13259 16594 12176 2142 8517 15295 8328 7305 9525 18875 17751 484 9173 4035 8977 6636 8285 6919 6509 8716 11225 12489 14894 19069
13834 15037 16464 6685 11733 16001 7349 16781 4920 14429 16589 19640 9378 5477 5118 12370 11779 9696 17249 4519 3606 17782 1380 7359 9821 18771
900 5501 7353 1450 3037 5224 19434 16421 19431 8506 3676 13143 16434 11148 8496 4270 7379 5901 19979 10523 4486 18440 19776 7600 10583 12169
19722 10186 309 6240 375 8047 19768 19209 5859 6121 17453 10039 19248 15608 18142 11611 8696 8904 802 6047 11681 9645 12740 12759 16518 13735
13550 13286 17335 6529 12939 760 15318 14867 14500 13931 16259 5796 9774 4571 13314 14941 12763 16597 14930 429 4788 12464 1211 10522 10116 15811
3250 6639 12703 18405 10276 6258 12703 4787 1487 4647 3380 2649 1982 4479 6067 7233 14959 11690 7701 5069 830 5374 6237 14547 6764 14404
4577 12173 16460 16956 2478 18455 11617 18686 16759 8050 14184 4592 6133 6849 3284 15439 1759 19999 18489 13658 1150 10502 9763 16425 7302 11270
12921 18348 14861 17195 2023 3752 2171 5754 11251 17479 5868 2235 5330 2973 772 19455 16946 3055 3600 18453 9332 108 6415 710 13636 4986
12624 5443 10308 15196 8195 13991 12554 3392 129 16712 8966 1399 5892 17706 5053 8205 1548 3552 11480 16065 7834 4775 10997 18451 18815 4713
14010 11753 1816 950 16507 6695 457 10939 3957 14767 3092 7479 17823 5283 15980 12465 4376 16680 14457 11883 15089 6393 13162 18399 13383 3685
2016 4214 4940 3512 12602 2620 108 15977 11977 3873 5299 9720 15271 11298 4802 5729 12336 12077 5529 12104 6701 19332 7750 3561 14833 14579
475 6850 14542 16469 19346 7976 6039 1519 16664 10209 13925 7954 1698 12800 8102 18831 3560 19391 9923 5625 14602 14621 8768 14310 8934 11380
3572 8300 4734 4777 5056 18540 12214 18882 5148 18861 15228 15851 6215 17165 12488 3478 16734 18807 13198 3325 19868 18483 7411 3538 8562 9155
16709 14554 15521 8878 15824 13868 8369 17783 4178 1327 17246 17802 7928 17957 13569 19672 12793 8957 3380 5904 13294 14834 14989 4176 10507 8086
16550 15704 3903 16824 4897 263 10115 62 5953 19823 5036 6075 3112 8568 18144 3999 4416 9389 11178 19187 14551 2339 1772 16669 14363 6895
6761 8804 2679 4056 2974 18128 16866 6104 12250 16018 8330 17874 17797 3412 2658 1640 17380 1950 4201 13649 8866 9879 2599 5007 6148 13496
14297 9198 542 14352 13964 7165 1447 10857 6347 4017 3561 19965 15039 11659 7842 13235 8713 6815 19414 14977 13161 10073 9373 18047 16860 2761
13358 7150 4244 17858 7301 18466 8269 12838 14828 915 13799 10467 5913 9055 17786 18537 19756 19572 10441 5905 19803 2293 17292 8945 13968 4037
4492 14003 6383 4169 19938 3672 5572 9039 5231 17935 3653 16201 9212 12312 6954 8351 12641 10606 16244 19642 9905 19474 6300 10017 18062 17631
11071 15052 3674 18508 12856 12414 18765 11035 13020 19311 4110 17375 4274 11287 18223 1650 8451 9741 6713 6633 12920 9384 19895 19561 15640 8118
13809 11695 15114 11616 14718 17424 16976 7638 8874 15112 6371 9791 15898 17775 1176 1851 12370 19329 18237 9919 9252 5091 3805 7515 11799 12407
17792 15396 6508 19549 12083 19088 14745 5287 16530 9747 1769 1283 16760 4170 2713 9398 9002 6328 9572 1780 55 17592 18916 1971 8830 2526
15687 17122 4074 15055 3636 13287 1842 12916 8168 3736 17486 10918 19174 12687 12090 8538 7849 3088 2576 8845 12537 5806 6644 14417 18553 10473
13791 443 5454 17084 11101 17304 15115 12314 1035 13899 1209 19143 8714 1949 1708 14940 18073 4734 8758 967 6415 14502 5414 16149 11400 15593
19433 12285 1253 2897 16489 14425 2381 1181 10244 8904 17041 16866 7582 1290 8406 19849 953 10302 974 7448 199 18678 6056 3417 13513 14246
1642 5106 18578 2052 14716 19898 9922 6916 12495 12259 4175 14702 14858 14213 2843 9967 5840 9611 217 7084 2621 4342 7217 10854 7713 11732
246 2838 17798 2943 19196 3993 10045 18667 6527 11261 15456 11483 17159 5654 12799 15227 217 6845 9730 15718 13758 6739 17809 2258 9182 719
7152 10729 10214 677 2664 7939 11740 9836 7175 19140 15715 16752 8554 10238 10999 11859 13092 8202 6621 8027 12228 17609 4542 11671 19184 2281
13152 9698 15841 15933 498 1241 10098 13323 16298 14744 15562 8984 10516 6785 15570 18542 18467 17657 18003 2784 2304 4591 15396 12001 13834 8968
19581 16297 15667 16061 5275 7693 15588 1412 6440 15654 16503 996 1040 6986 10457 8850 19499 1534 17290 17479 6318 15830 486 6785 597 8686
18900 19046 0 12088 12034 6404 584 11670 2029 10252 244 18974 17714 18292 3062 13552 18155 4695 166 53 10615 10700 15438 4440 11878 3278
9747 3092 15033 1080 9174 4535 8832 11491 10348 374 4040 1410 1738 17848 7767 12883 1526 11030 18250 16620 16614 17855 3666 2492 5592 9320
8440 3879 8839 6269 14100 10032 17155 125 17009 16451 15661 17558 8385 15663 3550 8492 2490 3735 4689 17802 6477 5338 18491 16558 14272 12015
1863 5538 19709 16570 2561 807 5482 8857 3736 15043 12229 6728 7234 2855 14436 16817 5074 15759 18891 5904 14770 13948 17619 243 14245 13609
1851 12840 17655 7971 11554 19860 13443 12668 12024 2001 599 3798 11771 919 14112 728 18536 11653 13258 8591 13291 7199 10373 12020 19092 8054
11274 9409 6247 6338 4457 18331 11269 11037 13660 2403 19606 6009 15292 12947 15911 12134 17885 10245 13546 12274 14142 7360 8120 11526 12689 17760
9571 18541 4433 1723 12077 1490 8057 15734 488 6807 864 6643 6922 5943 7998 7582 5538 18581 6194 7706 3665 848 16298 5981 3113 13617
5513 7645 19906 13391 4942 7232 13084 8468 3572 15632 1354 793 15303 12917 11508 14264 16404 14079 8106 13181 980 19975 780 16719 1888 13762
14558 9774 7625 16824 899 17568 10029 11691 14513 15963 6484 6172 38 12625 14501 3041 9217 16410 14210 1288 14206 8372 7783 19412 2066 9665
9984 11030 5674 18800 13662 7197 13034 15510 8224 10809 14152 10586 12058 10930 9231 1703 10799 17516 3675 2512 6898 1044 10233 9432 18712 8232
9939 15240 10651 7464 8445 2621 13599 4329 10937 901 15166 6322 5511 13665 15472 9777 10676 3284 9921 12557 2199 10358 2267 13578 3369 11589
16521 13131 17131 1873 16303 12557 5567 3745 8911 16789 11266 16256 12343 632 1612 17572 10992 5540 15208 533 8157 9155 12590 1581 2437 15122
10854 18779 6921 8887 19664 7438 18266 9656 15172 12075 19048 526 5380 16609 34 18647 2455 14023 4338 242 8425 6691 4227 16242 5251 12520
9199 5312 4851 3894 6228 1853 9698 12000 2263 16024 13195 11969 2721 13067 582 14120 13214 16520 267 11700 875 3492 15341 3665 8497 16368
12542 3869 311 3226 19061 3424 2656 1104 3956 2349 1455 3434 18162 12391 19109 26 15494 6230 6750 17603 7238 16482 6285 7287 10027 16430
8888 4066 11417 13512 4429 15646 17309 10123 11026 1754 1856 10094 14017 19755 9808 14744 7169 3658 15910 16850 14732 5047 1835 18837 17842 14439
3859 4721 1869 5089 1007 14931 3046 4301 6513 16740 13343 13602 4964 8502 15221 2736 17433 12193 10814 13930 2077 16218 7204 4093 5439 4556
2193 11651 8260 8945 10346 1024 12673 12616 14234 2049 603 17881 14882 13663 16348 11990 5318 2591 9562 16780 11807 6772 9300 16630 11247 2127
11700 17663 11540 14737 3416 180 12018 2784 17043 14960 6138 5723 18568 19190 1263 17673 5781 1142 3789 2471 9839 18757 2426 10628 5529 9874
10509 16950 11760 19313 2515 7992 8329 19038 1911 6884 10846 12409 208 8093 13636 15928 3635 2378 10610 8409 2610 2920 12359 1872 19691 7671
14298 9484 19864 19903 8901 9362 14280 16695 6806 19937 17189 1144 16393 6318 7259 17166 12638 541 18816 7420 2140 1106 16407 9494 1234 8986
2528 6479 7304 4905 5126 4144 13095 14203 10382 12550 12957 19386 14256 17926 12246 10115 13738 3268 10870 5679 13350 10871 11596 12881 4885 1834
15615 1606 15137 12292 16994 6920 10346 6858 17860 14665 3220 10931 17541 16169 7208 13266 14349 14195 2759 3456 15371 40 4923 2486 111 17051
6358 1814 5085 9705 13053 14222 12734 17623 10601 6905 19012 15763 19581 7056 100 13551 19045 8850 2550 10824 15814 17495 1343 9279 13349 1684
12351 6082 7468 6016 8457 10807 14154 13110 15487 19138 1845 8942 18623 9761 5683 19979 6504 610 10710 16977 6348 3131 9975 2745 13125 4891
8222 12673 10353 15311 9651 1685 10325 13251 178 6620 17833 9304 12800 12040 2071 9742 7527 16109 14494 15273 2701 14698 11876 13188 835 12713
17640 6511 11897 9709 16819 15719 18120 3343 7855 10316 19155 3342 19364 2768 16307 3489 8175 19314 8578 19853 4288 17278 8809 7971 4635 9351
1804 15562 11511 130 13474 12992 7040 9207 6252 16257 513 14134 7219 17783 11796 12378 4320 5931 5929 18620 566 1624 17470 15994 2505 798
10443 12909 12547 18228 6649 7555 16078 1999 2057 15888 10071 14012 17202 16482 8877 18384 1097 14254 14036 15017 16597 5551 6074 6307 4626 6682
5437 10993 12784 18140 3491 11047 1247 9712 5572 9529 3547 18247 17799 5499 2317 96 16291 4919 3827 5543 10821 17180 14067 13694 14288 13644
4268 7460 6779 10180 2460 8610 5532 9578 15077 16854 14003 7581 8762 3127 7686 15474 4693 17261 839 11043 207 11513 11543 6581 13667 10825
19523 10888 6565 5312 7371 13563 3645 448 18826 6265 13293 14417 6094 18141 7644 14584 13648 10200 17557 67 18508 7318 335 8239 10989 17437
16743 4965 8801 12026 17835 1107 5327 4507 1963 13457 15488 16705 5273 5592 7502 12036 1913 19229 14887 5764 2307 9093 250 12136 6712 6469
3613 7764 12905 19083 5990 16305 8694 6968 16778 14056 4819 15496 18706 13100 13521 3069 11136 16525 4872 11022 19647 8538 8179 13312 222 12014
16192 1741 6837 17723 6778 31 18337 16837 16961 13561 2710 13972 7219 10409 3736 6852 8461 19864 11314 14204 16388 3522 15361 7528 14366 6684
5556 5905 5953 11177 16323 12454 6065 19350 18567 9038 16166 15760 6306 9919 16858 8034 15626 18190 6977 13276 10637 2901 19860 3726 16220 18472
2745 15068 13381 9013 9166 7847 2059 15543 2340 1735 10205 5047 19706 19682 7622 45 3085 6051 19824 6670 12065 8028 15502 3004 8558 14132
18392 14018 17768 2538 8856 12761 12999 6143 7548 18799 6608 17959 8359 13042 4575 19637 15947 4911 18983 17444 348 11191 8891 8062 10405 7942
15546 4595 1678 970 9802 14486 7040 8079 13565 13296 18749 1002 877 3596 12601 10014 10774 2429 4267 5267 16946 18015 6946 1275 13595 15926
7938 18157 15776 3300 4455 435 3751 3136 17821 12965 8922 7085 13155 11528 8469 14879 11926 19810 16509 1027 15795 8408 16266 1422 15234 5340
9761 2486 8318 1750 1530 16368 16412 18985 13589 7696 14816 11104 14333 4069 11550 11795 15747 18442 15894 4181 14962 2765 8581 39 11949 2965
14709 10195 14533 12346 8335 3215 18831 3375 12887 8041 18060 340 2949 4420 5914 16274 16115 2423 15197 13801 11024 19813 9108 6912 13597 7446
16191 8128 6640 6760 9417 6362 17064 9232 11780 11316 2493 11152 15712 9291 12012 14234 14984 1870 3239 14177 9670 6231 661 17990 4682 14050
19641 5339 14904 9509 3796 10465 15604 18412 9136 14401 3807 4789 11341 10217 19706 17372 15320 8939 11829 9070 6493 17408 771 13577 9145 16389
3410 14532 2109 12787 13123 14913 9997 19478 14874 4781 10600 3554 1827 17549 15614 19510 17454 15313 17468 15587 8022 11899 15107 18487 18234 76
17599 3877 7524 17037 17546 4067 3724 5405 15386 16330 11293 8328 2160 756 11333 6533 8069 4496 2907 508 8471 10787 19185 18818 241 14554
10352 19478 16910 5845 13338 19143 14209 8640 14202 4210 19540 1875 15396 2404 3087 11887 12484 8370 10318 16015 8202 18809 9477 16235 11227 4326
6037 6380 19707 4319 1969 15106 13042 14089 13926 18574 16082 16934 7125 1894 18592 9572 15255 9561 5968 19325 13206 6856 4095 4768 16039 9736
13612 5085 11701 11289 8345 7949 17902 9094 15169 19446 19392 12046 9751 16158 14805 15049 517 8861 6956 4764 2151 12566 5037 15194 13853 16774
2098 15160 9852 13382 7502 1830 6848 14755 4526 16497 2149 19274 1335 5901 10738 9107 12875 3821 17485 5801 3808 17203 1205 14652 14464 3658
3887 12107 17186 961 10838 7406 6893 1773 1250 17100 15637 16061 6891 18158 16921 18824 13438 7859 18646 16063 16194 10328 1665 16351 14813 18639
7894 14192 13415 19742 5613 17402 11873 14507 7075 14672 16260 17985 323 17585 18913 15607 5267 11736 14475 5843 19460 5794 12812 16225 9516 19920
3415 7565 8746 7722 902 11349 2904 10935 3718 7385 16873 3243 10446 4423 15743 4247 10161 16639 10304 3317 1330 650 14380 16054 6080 7651
99 14554 15383 5084 15832 8644 14075 13380 12673 17331 19015 19453 3930 16277 13363 16977 18338 14313 16141 7544 11536 13478 3354 8193 2904 13716
4731 4833 18525 16673 2188 7067 2575 12889 8993 10602 16642 18754 18478 6687 5105 15684 9254 15896 1100 10009 4152 8722 10557 7299 9814 4798
8640 2924 6716 10102 19963 18687 18068 17753 8540 12736 6260 16157 3779 16755 19701 10447 1835 12010 4833 6716 8540 5089 18494 2901 7652 19773
17614 19120 5914 9598 6532 9215 629 1471 9878 13243 16833 4507 790 683 1385 267 9963 14246 5289 19442 12357 15174 15679 13560 12706 12528
6540 4187 3971 13428 9451 18748 9934 4481 15434 2379 12876 4088 96 14375 19863 11579 4105 17780 5467 16444 12879 5357 11563 3469 6536 13033
11078 19923 12900 4291 4006 17346 13151 7346 16591 11265 11387 13588 11187 1631 11607 2173 17538 950 18721 15132 10941 4868 7074 4620 13709 114
15220 16056 14878 19318 15466 17920 11013 10797 8218 14562 18850 15722 18640 10525 16236 7224 7497 10275 1830 201 7156 16095 10921 6927 375 12230
13398 8933 14243 6718 16561 1214 2603 6529 1286 13243 18145 5481 6099 19331 6252 13890 45 19097 10280 15609 18470 8528 18846 3831 6225 15100
13276 3361 4236 12313 2579 951 12721 19651 19448 18613 15280 17068 599 8244 4257 11460 3010 5529 3317 13006 16937 16822 17432 16543 19764 3605
13823 19523 9148 9775 16952 16971 13858 19155 11099 18237 3981 2203 8844 2521 19151 10214 19652 5826 3767 14553 17089 7830 11590 9130 1881 16949
4719 8038 13402 4342 10516 14045 4916 10641 10350 17954 8161 6546 14547 15755 17509 14558 7558 1008 11411 2464 5303 4091 6589 17099 19715 19657
6268 4122 15054 16157 4871 5123 2324 9398 12675 8134 8981 6981 7438 17780 7198 9552 19264 12933 932 13342 16525 16797 2352 19185 16781 13619
8305 6927 12774 4832 16930 4932 9047 17713 879 10114 10275 15181 13452 2122 3107 4417 5798 15053 992 17174 4153 5825 9731 15046 17772 11176
17254 153 2352 16874 14493 16684 9292 18672 16817 12102 2762 10791 4018 825 10058 13122 18039 5470 17821 10123 11057 12311 6317 17407 17435 392
2156 14328 12560 657 14077 19635 13572 8005 10411 11025 11281 14307 8055 6118 4714 3875 17115 18784 634 17088 17279 13920 9970 8937 16733 17471
6466 5873 1794 18072 971 16760 10618 17282 10205 16521 11229 12937 2647 4594 13787 12913 17925 17745 7880 1931 1450 17414 6994 261 15427 5308
16922 8435 4257 13738 2509 13134 5524 16701 8533 2407 19261 18753 14809 2987 2634 18620 5196 16166 52 7211 13344 5532 9519 4016 15564 1665
1473 11443 2629 17941 88 13082 17766 120 1340 10490 2576 17270 6535 15926 15020 14354 19564 12288 16102 12268 10417 7560 14245 5448 18750 13903
3330 19513 10478 12066 4762 136 3378 1639 6890 5073 12679 2170 487 14543 3122 14389 13259 11800 3819 6367 13225 14219 3872 14972 3138 19691
12979 7050 18782 13011 14654 18085 9042 7897 1076 9817 2597 18124 12887 14028 294 16811 3192 7976 18259 18870 8124 9421 31 16472 17468 1230
19776 3742 8540 4569 4284 16285 14090 19289 5094 12259 4174 6065 17491 18295 3700 6590 10202 13034 4343 19632 6321 17744 10379 9588 4727 11219
12176 6610 13983 16495 14511 12072 15254 2583 16595 14670 4910 10310 19946 13316 6085 5300 17770 14926 11856 14267 883 15691 15720 697 3123 8463
10146 2154 7612 8290 17888 8011 3860 1143 4873 12439 9892 1496 403 13941 11728 15951 13367 5396 11718 14653 14870 11812 15478 11205 6101 5891
16771 6089 5087 18312 15879 7621 19500 9049 1184 9426 3468 7857 4780 270 16846 12306 6116 15610 18975 10064 10225 3842 9466 9262 5007 18902
3383 8881 19651 1272 9095 6529 2227 18706 15618 17320 16309 17310 733 19382 1697 4026 8206 16902 6765 6618 8907 10506 5671 15085 6338 19203
15964 18758 12800 10192 468 17692 18751 9818 874 4878 13145 1187 10833 11273 11984 2009 12066 2136 110 12761 5347 16760 348 11157 12061 17327
4813 10647 12758 18946 15056 16604 17719 15267 16723 5911 9718 10748 6163 9730 5 13162 12617 9665 10313 8340 10888 2579 11023 8466 9583 5562
4036 6203 18136 13731 3513 259 13063 5096 3453 9806 1168 4293 2297 10481 3638 17288 18593 4138 4053 14294 18830 19662 14529 1521 15383 12098
547 15221 241 4538 8500 15070 17368 14649 16272 18670 13536 11958 18516 18061 14372 15581 4512 1041 7410 6125 10366 19087 11151 6083 9389 18400
18125 16363 3496 13833 7659 6847 17662 8823 471 10541 11152 1429 12627 15221 9714 5301 2025 14834 5812 16752 5567 4080 17672 12807 1641 15040
9476 19924 6217 5868 17236 14628 7890 3706 7895 17365 7337 1489 19002 15627 5768 6280 13449 4561 17938 4102 8046 10464 2779 1091 8497 17699
19479 15083 10040 19779 18714 1170 14076 18277 1023 15231 12056 7023 14114 18196 12789 9634 8635 19522 14863 19652 219 1780 12672 791 17548 16886
14945 5768 10086 10820 11535 10399 19722 18641 6810 3031 18030 4081 9070 11648 7094 17655 4012 18548 16042 509 16053 4102 6761 14834 17196 19566
6441 5820 6373 3736 7952 14547 7611 10190 4392 8016 17657 13030 8540 5363 1780 17168 1676 9079 4001 13478 12637 8528 15951 15834 6950 3917
3569 3668 17343 19562 18481 7827 15276 18285 19490 3238 13592 3183 19515 5390 8391 5141 2195 15502 9417 11386 11841 4217 1253 8295 9137 4060
2877 13055 2754 11954 11472 4646 3255 8362 1889 11714 12176 12432 13465 15000 16804 11600 4777 788 16383 15433 11731 4355 18785 17731 4174 1839
17997 12338 12539 12661 16822 17274 18752 16733 4906 15056 2500 3906 96 13230 19341 6157 2302 364 9713 8152 2023 11733 16729 2391 12795 13476
17761 13963 8677 16199 14052 10539 14640 14120 2365 9721 3708 9130 8652 12555 12633 9356 14165 18318 18642 2379 16178 16521 16669 19895 13679 18772
10241 9678 17066 18371 14253 11600 16614 1073 17109 4329 10168 5567 17470 18501 15526 14911 15780 19151 9681 14837 19793 13293 13960 10434 8389 14511
17114 3911 2257 11855 4298 19033 14577 3406 19891 3744 6071 13859 1904 7783 13386 4288 16938 37 7094 15324 9220 1887 19673 10509 19838 1389
11345 18894 6031 11448 3946 17315 11894 16501 18677 11689 16458 5176 9022 18296 14454 16659 7086 5980 12221 13635 18946 14255 9120 64 12328 12180
8360 19831 11852 7914 15706 12877 15114 1876 11824 9857 3783 2251 3602 19633 14572 1522 10337 11527 6264 7914 6036 18695 15169 1285 14113 12488
4241 2408 1709 2171 17582 10442 7376 13732 13578 12203 2217 3074 2805 5985 12028 19301 17188 10490 11018 9523 1185 17983 339 11921 14816 3324
7543 9305 213 3820 411 3845 10354 17218 18092 16692 12025 17152 10450 1087 19466 16114 7779 10586 12581 12064 10706 17083 12161 4505 5487 6244
11476 7252 5660 18491 3199 15818 19709 16927 4618 18156 6243 19251 296 18175 16734 10324 14962 8980 13166 7851 14822 2428 17823 13949 7291 1733
11443 3610 5289 6321 8165 17669 19604 12931 18876 291 19595 1438 13533 13638 19544 6732 10467 510 3632 12979 2852 8058 14601 9710 16893 8067
13318 4907 11530 3376 14363 3990 11242 9427 16375 776 398 10468 14356 3314 446 17528 9477 19547 4634 14991 12218 14116 14659 12978 11688 6238
2775 11668 4248 9467 17507 15119 15002 14599 12302 7008 15818 10232 12010 16610 16347 12517 18771 4169 17923 19621 9250 10607 7030 2808 1283 14914
6279 5485 1307 6260 9040 5845 11513 4701 2971 3812 6174 9814 7825 5558 5513 17327 17007 4972 15850 18815 15528 15693 755 1014 10715 15789
17275 19992 5096 11031 15885 17331 7637 4582 4715 2217 10420 8068 11447 15431 4342 6473 17783 13274 8602 6565 19600 13018 10219 12506 17186 13972
1868 18196 8923 5932 11466 6099 243 15845 6659 6932 15141 5279 8706 7334 18774 6854 11952 15986 18662 12301 17525 12012 2106 3535 17268 14752
14592 3578 9561 14134 13808 7664 7694 10484 6598 5416 2601 14464 11141 6441 7702 367 8743 4982 19893 16934 3297 8466 5567 6571 8448 16027
13998 17617 10550 1754 3206 6091 4645 11758 2783 15727 13546 11290 9324 8766 10472 3644 7660 17597 5405 15249 2586 9263 6070 11877 4760 19476
16346 5559 14303 8839 2031 2933 19816 14389 19245 9257 14312 18819 10312 9028 8991 17366 5970 15475 167 14933 16859 339 18154 3242 593 6468
15592 1022 5729 5973 9425 16879 18625 13693 15593 12687 856 6782 15693 12522 19580 14246 16834 18520 6511 709 2265 18930 18415 5080 12162 11813
11641 11127 2362 927 9143 9760 18592 9906 4884 7539 611 14478 7093 11053 10109 119 46 6105 13063 2352 19175 16961 14661 13101 4199 3848
16121 16765 15089 10397 8074 19952 9074 9259 1059 352 4542 18285 5280 1781 9576 14511 11017 15976 5999 5482 1011 8189 8513 3734 5163 11878
5558 6401 3201 13998 7872 4775 19454 2344 19216 3430 12890 15471 6769 3275 793 13084 5482 15974 15005 14212 15669 8629 2529 2009 594 14631
4 17246 8814 15626 15530 273 16191 17216 2747 1038 3462 672 3401 15952 18601 14904 9183 9405 15697 759 3094 1217 4296 7666 18997 17337
9782 316 13258 15673 3196 3144 11477 9925 9893 13615 4717 9062 9361 18346 17154 3887 5162 12274 10666 1742 3146 5714 12315 14512 15357 16592
14524 2306 12222 2109 3701 9234 18535 10329 12745 7746 15898 10359 9468 1392 1597 1541 9328 6902 8734 616 4761 194 18445 13219 8492 804
5574 19072 3823 11259 10584 3093 13433 7721 17416 7518 17567 13761 16757 11511 13708 4528 19407 1738 9704 8269 18257 13666 1545 7919 6618 14197
15134 9788 1400 14166 6518 8724 11895 13965 14107 15311 9548 966 18139 16783 4302 6636 11707 10562 3524 4026 5337 13678 8160 3985 17669 11872
10835 14368 13481 453 2387 43 913 18334 11932 5352 12372 19688 3893 15323 7358 7227 19086 5350 8195 8774 8554 1827 15531 889 17556 2937
4645 14223 7143 6250 8790 17752 6445 928 2131 13867 17585 3583 6712 16 9049 11475 16757 14362 14259 18656 12581 16565 18081 17169 14360 3352
8671 6127 8210 13464 4967 4267 6590 16020 4230 1817 11338 15510 13538 12461 12715 14953 11792 4112 6548 18070 5313 19286 8585 2800 12590 4329
543 6506 4906 11738 3651 3345 2345 12228 13496 11554 9603 12294 11204 11329 5422 3707 12068 2933 18726 17584 8920 11591 5555 7360 18746 7297
6118 2235 11374 19455 3127 7194 3267 11606 19508 17564 13338 719 6011 9131 10458 9649 13671 14861 1065 3968 1574 16234 6125 1994 9018 6686
9255 10522 6980 18270 14745 7283 8737 9655 10773 1286 5781 7921 10046 17523 2801 14928 19359 9386 5777 19115 1404 12486 18613 16133 11362 17832
14066 9972 7746 5418 7165 10081 7998 4850 15100 10456 13345 11095 13257 18447 12961 14461 9952 16927 13523 557 3121 18227 9619 15594 9223 10977
14911 5224 9989 7669 2266 3060 18056 14923 15209 14182 11606 18446 15631 9435 628 12241 860 13378 8145 1753 10878 19786 15099 3589 14836 7697
13102 8268 17826 9359 9898 352 3406 14060 15178 3196 17003 15287 11028 5257 4761 2706 6922 2779 7467 13250 4922 8983 10408 7946 3182 10978
9315 9451 16245 17400 4924 7630 11405 7674 840 8738 4936 6795 17218 4863 8630 10199 5846 19788 293 10416 4397 6719 17204 2298 18638 13473
13815 3868 16978 17773 10095 9866 14047 19281 6653 9049 3270 4717 5410 7372 1299 8175 10254 19868 10163 19580 1315 14424 999 431 3401 17836
19279 5498 15445 13405 13521 6340 16077 2012 700 19773 15932 10536 18642 3840 9093 1266 14222 9766 11803 19694 3668 6093 18 11274 1849 17193
4166 11893 11244 6035 11189 7363 18166 12601 5717 19544 7336 16639 9302 9090 13278 10860 4781 1263 1519 11603 18394 4632 13458 18805 16908 15354
15779 3409 1258 16963 5208 19654 10015 4391 16140 12425 1328 18115 5121 6106 14239 9637 18805 14074 18925 8236 7688 19661 18858 6592 881 4928
19309 6537 11821 19700 11035 2154 15633 8566 16487 2851 9461 9143 12062 18169 3600 19319 18586 3785 18668 10271 18719 1060 17425 2433 3161 6175
14447 12065 8526 18755 3382 5370 16537 7083 1916 10857 13419 14607 6789 13329 7177 8066 4277 5003 3794 15712 14995 8049 10822 10574 8183 12925
2357 5926 5064 3228 7642 5536 13155 14108 1410 14427 14344 8138 16035 7522 18111 17260 9632 9198 1530 11634 12489 2276 5427 1225 6460 1344
973 19793 18803 14986 17555 686 18850 3890 8889 7740 16972 14740 13937 8668 19998 7302 9380 4515 801 544 3383 13924 8342 11545 17159 10098
9415 10049 10752 781 18408 18229 12584 6069 12864 5697 18787 16958 2412 15582 7348 16222 3046 3848 6968 8605 12079 3806 2124 2677 3933 19725
19568 11112 5489 12818 648 11442 3147 15713 2932 16622 12175 4901 1108 9180 1954 12211 11387 14134 18872 14473 18312 19343 1771 19576 4066 1921
7193 11959 3089 18050 12802 669 248 8634 6180 18689 9993 12137 11030 17032 14496 2279 5385 651 10584 14846 13179 6200 140 7921 16729 4230
4109 15960 13319 886 7368 6850 520 6661 19646 3331 18171 12642 1971 13846 13769 6594 272 1490 18281 19983 14810 1901 4846 16221 15642 5951
10730 13028 10446 9720 16319 17646 7080 9398 19822 18111 19963 15536 2060 875 9680 7038 17107 18488 17694 2955 2223 7241 11327 1445 19391 17247
11313 5338 8057 16325 11010 9316 13167 14040 14247 12577 3791 4101 435 16727 10732 18468 12191 9082 14821 8906 5254 16708 17656 14798 14423 15961
8258 312 6260 12609 7275 126 2533 3121 16966 9021 6721 9963 3077 6626 8353 16818 4394 9778 15934 6273 17330 13682 10299 6554 4406 3009
11164 8323 10910 7444 7723 14207 10825 4943 10260 15152 8795 7188 13859 13494 17335 1363 12110 15153 14825 19092 12462 16379 10184 3731 10826 10761
11431 15061 9491 9407 12991 16569 15553 17223 10173 1779 3593 4748 172 14105 17572 3325 12925 10900 3352 16286 17449 18798 14201 4600 17932 12855
1712 18151 15532 18897 14727 12070 9222 12720 5223 8991 12726 1548 3321 867 1102 3077 11345 896 16889 6234 8506 6687 10460 9999 13956 3860
5438 18414 19498 11108 11330 15875 1049 7032 19024 12148 14318 13006 6985 9495 13497 18083 5888 4318 17288 11737 10960 16869 9106 19385 3544 8386
19874 14335 19570 11858 3899 8807 11122 7944 13507 10929 10521 7561 367 6705 10657 17203 3877 4498 11766 7920 8661 16922 19730 4448 6187 10070
12836 8790 166 987 10047 3540 4802 15357 10507 2138 16914 18715 7824 6614 3787 4258 15694 2560 1668 1395 8363 6294 13555 11245 10450 16984
2899 19153 3442 12730 18561 16051 14759 15235 8820 14429 7575 2427 14441 19361 18777 7812 17286 8966 17680 9241 17582 3510 1653 1195 9441 7560
10082 12395 7479 1368 319 1844 9482 3905 14456 16151 17102 16906 17587 15929 9992 1334 512 1206 9486 11473 6760 5292 10700 3335 5743 19846
16012 19896 5418 6354 9695 11222 2360 17150 883 3484 4018 16211 8065 16507 11581 6575 19814 16303 6458 13862 1144 10264 18439 3159 14394 19481
2417 16390 2818 2780 17111 18571 7055 3162 7259 14977 16751 4281 8904 5200 15411 16086 11335 4726 5586 19083 3 4664 8613 6988 11632 19516
9611 1510 6219 14226 5570 6755 16448 3440 1954 15350 4629 6297 12196 19132 13717 8804 14440 5497 3911 8885 2513 16046 17034 14152 13769 8274
6799 8599 9704 18882 10440 14756 18610 14059 301 6382 9595 2903 9773 12325 19201 11221 16360 8348 9359 9336 14918 15269 19402 17543 4103 18083
15159 16098 140 13986 1922 17960 4421 16240 16119 5095 6797 1356 18995 16143 15265 9483 19757 10206 2414 12552 1964 8506 6054 1606 8123 953
4412 7787 4601 11210 17536 19690 8887 14560 13546 2627 5486 9909 8253 15958 664 4746 3788 12660 19792 11752 14841 12869 15880 10870 1160 12540
6979 18988 4245 6165 9099 8072 1393 5270 13154 12182 13750 7857 14139 8368 13736 12004 10973 1231 1651 7830 7181 19650 19077 2390 11084 11504
5794 8335 5711 4542 10154 16684 10491 2018 9136 16771 12403 9781 8613 10604 19173 9340 1781 15767 7083 7840 12568 14614 7254 1475 5531 12087
13336 13550 15769 1899 11415 4735 3309 19605 5862 5748 13289 19099 4135 12385 11339 358 7313 9162 955 8943 8696 2964 16353 18599 12258 15704
14562 10078 9226 9062 10040 45 5339 8396 13699 19180 17237 8166 6876 19320 1971 15750 5110 18611 12943 14771 19430 15805 19092 1075 15182 11989
10448 12572 17872 1698 11553 9363 14343 9997 1038 4256 18964 410 11070 4522 17542 14887 17581 11211 12272 590 9776 5807 18845 10621 6769 3525
706 5973 3003 17445 14522 12596 637 2827 17479 1120 12293 8653 12348 7009 3789 1891 1531 5411 16754 3539 15308 11280 9366 18964 1390 15537
12027 8762 18426 2084 18909 4095 16553 17024 5899 12667 4472 16022 16148 13593 16680 17445 18522 10838 3816 14449 12887 14897 6108 4671 15861 16224
7121 12030 2652 11501 7919 14369 9802 8170 7289 12530 12914 13926 5057 8132 6736 15231 8839 6399 2393 13547 12226 14752 12057 4232 318 114
7680 1616 14149 568 12576 8007 12841 5055 18792 17809 4660 5413 13088 8457 11719 2347 19488 16769 2321 14190 58 19766 11366 2563 19679 1062
5954 13688 14642 10035 11906 16015 2192 18465 348 8175 10942 3854 3607 2156 19917 19447 14313 6599 13666 13322 3980 9047 13855 11090 2410 6055
1741 10790 11082 7207 8159 5226 15269 1204 11517 13136 19234 2138 9949 12067 2393 9285 11937 1249 15891 18104 15875 19727 9782 7753 6716 13815
9833 6193 12878 11589 1787 10869 14397 14795 9581 6774 17675 10752 11830 1245 4268 8715 17385 11227 12231 10477 3870 11928 15515 5641 14893 5018
13721 19375 13743 2318 5650 4937 6194 4191 18045 6556 39 1265 16375 19111 18742 13586 3902 12792 14684 11051 1540 2392 16223 515 806 10566
8629 5934 16960 8913 12665 3043 18139 18942 18328 9458 5155 14818 6821 15373 17847 12702 1019 6639 17726 14879 10202 6550 12708 9763 3105 10505
4961 14394 14725 10451 6747 10106 9855 3901 6233 12166 9081 2396 13030 6436 19448 7223 2774 9711 7356 10191 19429 12555 2350 19201 17734 8463
6050 2680 1943 4385 489 12378 14756 16264 15205 11752 8279 7115 5783 6395 18217 16707 3975 1105 3972 15370 869 14819 15724 19613 3512 12608
17607 12833 6668 7147 6219 17943 11759 19068 6676 12709 8850 2810 18233 7216 7026 4611 19942 320 16582 19682 7943 194 13772 18268 7597 5180
3955 10799 10307 16700 2687 8472 2714 1333 16022 6855 18721 15031 19784 3243 18071 19052 10584 10345 6926 9793 19546 3689 16428 17655 7749 16351
3285 16934 19286 11257 13040 6635 15875 6929 14133 17954 8509 19800 11305 13993 17514 8396 18742 2592 18134 2855 1302 18968 9215 17782 4804 16776
870 813 17815 4537 7716 2903 16593 18962 10575 17772 5009 2114 17038 9733 10662 2281 13138 15781 15745 1611 421 903 1702 1438 10221 19025
1177 12500 1842 2842 17138 18166 8827 13059 13109 6558 15116 15142 9785 19857 17189 14829 12204 10053 785 9861 10829 3266 15 18817 5641 2383
4195 13092 4213 15349 490 2503 5317 5688 960 690 19949 16641 1801 7778 3790 7597 17196 13450 16922 17445 3957 11817 15996 1398 16453 14154
10779 2837 2686 3467 11051 10061 17568 18216 8120 14524 13086 16455 1346 12667 10450 706 11864 15910 3223 15592 9651 7880 6970 3832 17128 8074
2802 12822 3247 214 12307 11678 18498 12563 11183 3204 7251 9748 3878 6527 132 5327 12940 3200 15383 14649 17725 9979 3607 8612 7252 3409
5792 9747 14000 9598 9077 9205 2501 16908 4323 18770 2896 9149 13957 13073 9634 16632 2139 15580 9094 14891 15089 806 13281 3620 7774 19827
14764 13315 4686 2374 6959 12180 15908 2194 18927 9160 17002 9630 10234 427 14195 2055 9425 1089 6604 5799 14896 5527 3833 7031 17980 3167
3581 16554 8808 9926 16114 4225 13530 17006 16788 15500 8945 10976 9220 7512 9966 16453 8738 6885 11151 18183 18730 13168 18163 15044 18005 3729
11725 19886 1685 19331 18279 12350 11008 31 15522 16487 12699 1010 13048 13853 151 3361 2683 9764 5577 17455 6559 2727 1612 12455 6069 3788
10977 19339 3685 17749 2508 1231 6716 5983 12163 7424 1730 3437 16459 211 2174 6390 8200 11139 2310 240 15724 19018 12350 6821 6531 18034
8453 19188 17154 1246 13123 2636 17965 14692 14549 3097 17112 5094 853 17360 9191 15566 6402 15622 14813 13639 1674 17730 1905 8587 16291 1842
6058 18773 11210 18348 16425 5063 11691 2265 19103 9904 7323 5580 17738 19773 18615 8621 3121 17771 11454 17629 12231 6072 14658 13827 2121 16177
14407 15297 12321 10003 18713 7263 15006 17565 18048 11815 14972 14541 2322 1109 10770 10784 9758 13032 15664 10442 1391 10099 7288 1848 7201 9423
2638 452 14374 17884 8839 4185 5809 12776 19005 16230 11072 18196 16331 2714 16061 14041 1446 15324 10460 19606 14248 2584 15637 18815 2494 6843
1854 5782 7764 13408 11447 3151 1520 3264 5507 16239 17287 13413 1192 5525 13456 3034 17922 13183 18203 5754 6052 5286 7928 43 8523 12455
320 17715 12101 3498 3183 18345 15901 1243 10277 16100 18355 5436 5232 3911 1259 19994 10300 6262 18478 11471 1669 13681 5563 4500 18270 7006
