365
8 18 29 98 8 80 8 58 47 10 2 30 85 76 94 33 52 93 86 36 69 32 67 59 65 58
2494 2391 11033 307 14741 4013 13446 377 14300 3970 11257 19906 7310 18339 8036 1486 12025 207 14047 17187 7975 10873 13372 8583 20000 10970
5487 12891 12056 2485 16524 12133 6782 1442 17449 2917 19861 7809 11813 10509 19330 12167 3050 11093 8283 17515 9585 5654 18142 5827 13246 9931
370 18621 8522 4392 9257 2124 7014 6366 8230 16296 12344 10808 554 1107 8835 15730 19638 13797 123 16438 11313 1805 14945 10067 14499 10900
12268 6203 14384 17236 14407 11982 3416 13949 16700 5671 13343 11747 17399 18827 6859 3033 13720 12962 7449 14861 18718 7052 9542 17003 526 3384
15933 15619 14673 6058 1779 128 7387 12281 19453 16001 9679 4553 8804 15523 7023 14467 11844 15230 18898 13761 14238 8174 3442 17467 18082 12195
741 8850 16836 10664 3547 1105 3042 12905 15369 17101 11380 8980 17934 16209 5341 10966 10312 3475 9121 13321 17029 9421 9820 18873 18428 1914
13584 18263 18561 5666 17916 13401 16710 12665 6994 9293 19956 14716 18892 10628 11816 10897 12449 2873 16236 11808 15038 10325 8057 3819 14784 12821
4292 4690 1740 17363 14347 8937 5905 14801 19491 8342 4343 11402 6009 10594 5904 3912 8215 12133 14016 2087 8626 11919 14213 12002 19891 16111
2165 10355 4319 286 8796 13808 7183 15609 18098 11368 19534 3690 10204 9199 50 7634 6384 19491 15433 2831 16671 1801 10386 6730 18589 12567
8405 16511 7895 8323 9831 17630 15204 14127 10754 7267 3181 13968 9867 8925 19208 16112 12655 18241 12102 7905 18906 1555 10502 14665 17557 8986
6949 1758 16032 14047 12282 18143 1162 14292 13268 15534 1451 10295 16582 12296 4094 6854 5680 4534 9637 1803 10909 18025 12454 6144 15650 11520
14281 15358 12267 13776 2944 7635 10788 15995 2466 4140 620 14042 10915 15928 13916 717 5699 10090 14745 3676 1559 4617 9673 12217 12234 19530
412 2703 5615 2890 8892 13265 12883 371 5272 5971 17352 18117 1368 9864 15007 17782 13728 3440 361 5411 10371 11690 5597 12881 2301 12361
2429 10084 5612 3026 8134 15500 1282 16741 8360 2884 1160 3020 2437 14967 2147 11253 2668 9908 15140 1589 10193 6929 3849 17597 18388 6939
15797 18994 824 16412 6045 2186 3697 9077 946 7974 17444 19272 15656 14782 19352 17967 13351 1821 7578 15759 17186 9785 4919 11314 8 3992
12226 8098 6394 3380 5260 18661 7648 3912 2766 14868 16676 6506 19775 13705 7818 14356 14438 19470 5113 6087 19537 6029 18357 6554 2288 7067
4873 18557 14513 3947 7041 19330 10406 8366 12707 7117 1043 2189 1188 15846 14981 19435 8167 10952 15467 4846 5381 16639 5664 2810 7741 3147
1324 194 3141 19176 725 2590 9505 11999 15223 7850 11948 6192 1965 7145 7516 17279 19464 841 10164 1459 17246 6834 17280 11775 16662 7368
15264 8180 9006 7198 10155 3692 14961 15785 18686 12219 7286 3742 6607 2939 6370 14198 13264 19449 11305 3224 17029 2176 12824 5042 7288 8920
11518 15545 5875 2040 14769 11994 16230 1157 11725 673 244 3601 3264 15915 10671 3772 1433 18054 15847 14503 5489 138 1169 7328 1200 18453
1870 6598 4472 7709 8870 4060 2923 2187 1299 10365 2469 12500 2394 1169 6619 6924 10808 10155 14251 19201 6449 9923 10426 4678 12755 4366
4394 14955 2982 17849 11273 13623 5155 8083 6125 4518 5303 12511 2317 6006 8829 19988 508 14395 19535 16134 19671 13200 3691 18522 3414 3691
14853 6658 7268 16246 8095 19142 3117 1657 14029 5055 1042 19492 3606 11150 13336 8944 8306 16825 15204 10734 10968 4328 12910 2447 8383 9502
14138 4694 11297 18136 465 188 6970 8487 6067 6041 19196 13622 16615 18036 16065 18463 18446 14238 12920 4987 19741 12009 14956 16994 13712 1246
12235 7134 7679 14961 14348 7946 1232 5649 15984 14378 12953 15738 12350 741 13875 8572 3587 14354 16109 10703 8143 5389 2121 8449 4243 605
8912 13423 4625 4432 9571 17137 8943 9545 1820 12124 12976 2217 9510 4829 2822 15643 15276 4077 748 17134 2066 8649 12145 13479 2877 6515
16412 940 4529 19878 2049 17967 2996 12078 2386 19202 17698 1578 12063 5237 15366 6728 1950 12029 17485 11459 19658 11002 10773 8688 300 10695
4358 8410 6534 15059 17215 12834 2470 12887 16143 11917 3146 14917 7146 19294 353 11511 7979 14315 1942 18883 7562 1127 14263 18583 13028 10635
1481 13471 2817 3761 2294 6779 12261 19415 4942 19031 2941 16356 6705 2942 9804 14731 9017 2697 819 17152 9360 16194 4233 746 10626 14556
19780 3661 11129 18886 6291 7428 14136 994 3428 14234 16249 8602 12032 7361 16457 11490 2488 5117 18633 1725 3737 16590 19991 6279 14858 16133
1836 10080 10703 18488 11053 3592 966 6287 9093 10273 4573 10420 17738 10680 2203 2223 14281 18475 6128 15188 5968 14645 15580 15928 18158 6050
4687 18511 9603 15635 19438 13521 19902 8961 14758 12407 8269 2533 19026 11580 11064 11040 2111 12195 10363 2568 5536 4669 18656 2772 6953 19003
4186 4045 1540 5550 19083 12707 8633 14974 8784 3289 17291 5687 5445 13628 2435 2275 19781 3169 13796 19096 9380 18233 4428 19726 2229 19201
10094 19403 4210 4233 3996 1192 13720 11390 13778 5038 9432 18539 13859 7767 8277 19883 18765 6376 4682 2203 15916 10777 15092 4089 3788 6246
1304 1307 246 10299 16779 19701 9809 19290 16802 4988 3200 5458 14473 15077 11833 19034 10529 19526 5963 10930 13502 3919 15014 14436 13091 3208
16359 11838 602 11762 14382 14336 14915 19897 7522 16812 2851 18038 7239 4584 10473 5585 8969 1597 8089 15484 7382 13998 6513 7929 9204 2101
5265 17971 5511 2257 18401 19870 18777 11314 3700 14640 12561 6316 6583 7527 10497 9504 2834 17480 19824 13747 9263 9456 18676 4910 6626 5150
12814 19970 6314 8240 14894 4909 17452 4839 14922 17877 18193 19738 8260 10461 4353 15644 3489 10674 8986 6724 4386 173 8907 13848 12366 4239
19694 16192 7874 10301 18719 10383 19109 10885 11283 15600 13858 2821 9635 5465 18391 16828 14490 13008 5009 5227 5327 2942 15865 12558 11098 14183
16290 1086 11068 15345 6674 4347 15533 18552 7364 296 11177 6342 10757 10807 13324 17675 15100 10102 17192 16300 10899 13386 2712 4530 19084 13283
10061 1670 10904 19104 9784 7483 12900 18118 7720 6576 14759 11100 3519 8390 4955 6820 9022 450 8352 4994 19775 6084 754 12435 11375 6204
4484 16708 10844 7521 10486 7970 7593 3112 357 1324 14290 4446 18331 4486 2398 777 10371 19995 5293 8425 3070 2283 1945 2802 2793 5233
529 14913 1060 19707 6040 6790 12117 13725 18062 8500 7087 7257 8174 17197 11152 6388 48 12224 11488 2578 9802 10588 1297 1086 10998 12671
14341 4881 19596 18898 189 4774 10977 19063 1347 5325 4806 10919 10477 9925 4982 10235 9627 8629 14549 14597 1154 10496 16984 16860 1477 10021
2449 9562 245 2003 11712 12523 8703 15603 9647 15021 13679 19539 8485 5705 1182 17264 10452 13622 9672 5317 16172 19759 14797 8901 9357 15185
154 4118 5878 17868 16732 3462 7442 5962 7554 3335 75 8820 7442 16537 4973 13830 1642 19515 6945 17021 4517 12249 1010 11167 17375 11073
17672 6438 11214 268 12236 7072 49 10662 11759 19823 4169 11899 205 12398 3277 7570 6634 14877 17929 14480 3037 10362 313 13607 19447 4660
13543 5724 18756 16567 15506 114 2238 3579 14641 12519 1869 13695 15848 10628 13834 813 3099 4298 8913 13047 10768 4803 2303 14492 4623 815
19896 17013 16192 2709 6187 19373 972 18815 17782 10648 5818 13246 10787 16792 19641 6493 16024 12694 6649 3566 13652 2468 5 11850 10022 11887
17034 5698 14226 4783 10156 16301 13094 7150 18375 1633 17297 9817 9548 4164 13769 4781 16147 5557 9400 13936 4374 8076 13559 10224 6242 17053
313 12387 12659 9115 201 17766 17066 19075 10493 3815 4226 9119 9275 13394 12480 9572 14795 14204 11885 4024 18695 13224 13601 7716 13307 5754
1861 16539 14883 8932 4265 19426 10580 17150 12628 18904 6876 10095 17792 7644 14447 18097 8203 17184 11367 14523 3626 4591 15562 18299 8289 11637
16627 4331 12943 13123 7351 10536 13419 8962 16548 14525 19626 7649 15901 2579 8340 9513 7691 7805 1211 15988 12374 13151 4706 2641 8660 7077
12743 10809 17293 12168 14057 3025 10898 13461 12737 12071 9286 19498 19573 7297 10068 13067 1830 4465 1436 10143 19835 18629 2375 6655 8071 9054
2493 2658 13951 18802 19684 16601 12255 9785 9168 13179 14913 8040 12821 16222 13731 5428 19848 14356 8619 7469 5034 17773 15345 13474 3699 18579
19836 6892 9040 6610 12137 18112 18476 10179 3748 17142 7766 12797 16968 9609 19644 6891 15635 8143 10502 19662 10168 2836 565 18696 14227 19324
275 15924 13378 13156 666 14088 15245 13468 4688 11257 830 12058 6481 11751 1127 4884 4176 11937 18607 5184 16170 11204 17633 14921 12432 10896
8787 14122 10881 1772 14272 6965 17588 5013 15958 9643 16236 1723 8429 8539 19333 1604 1531 10716 12496 6923 9896 8330 1254 4981 3729 18638
14430 16401 7656 1550 18112 8865 14167 3281 16814 14708 10717 9783 4465 8451 210 8962 10277 18611 6282 8174 5313 6023 4339 17961 11610 12631
17947 3202 12684 10493 1154 10122 14902 13469 6334 11866 6857 9705 14140 13178 2801 8842 12697 13807 5902 10789 10528 9861 8331 17490 576 5245
2119 36 8979 12135 6078 16303 11292 7848 6633 3443 11626 4842 12183 3411 19996 2877 11540 9470 18434 4498 7571 11026 10923 10358 16884 6380
10114 9303 8508 9053 17773 17857 10927 10042 14758 6873 3422 2395 19 15388 14009 8225 10877 1604 4515 7913 9929 4797 13157 11557 13604 3434
10556 4272 10757 15902 11914 1517 975 13054 5237 11070 17165 10501 1442 13791 2187 6114 12942 15393 18990 5953 19080 8616 7348 16110 13367 7769
9621 19776 6533 4650 102 16587 12514 14259 826 14732 6850 4735 4752 11023 3279 3829 15696 15381 15792 1455 14102 8718 7950 15821 10503 1206
9276 5290 8244 5446 1620 2882 1379 4076 15213 16025 15605 5516 18606 16713 173 1215 6926 7695 13021 9106 3716 12646 1877 14523 9540 18924
14017 16870 17654 7098 10630 2306 12943 10077 16018 2600 16036 12080 5212 10976 19795 2180 15428 10182 9163 5607 285 9736 10012 16217 4164 15768
3284 14642 16805 18399 4440 2167 15224 15789 3102 11257 3168 212 14265 17392 15003 2029 15836 11187 6037 12766 11838 17598 3135 7371 5240 8479
5728 5417 4377 8403 18727 14878 434 16996 14173 3473 3633 8979 13577 41 3653 14526 9908 5121 16509 8379 14858 134 15121 18727 6017 13554
13246 12654 17132 17175 2259 9950 16053 7392 1489 3891 17377 11774 6070 2477 2427 2273 16312 17808 16065 6182 4373 15082 4998 7160 742 4819
9909 6862 16810 4403 11778 1351 5625 7914 3295 16804 1549 2386 9399 15795 5346 13234 17262 9706 7996 12193 16260 6956 16953 5880 12362 10168
9723 8770 3320 7603 4159 9225 4627 7338 14099 5702 2175 6232 11709 15032 19254 8161 9453 9892 15590 18162 5574 17516 5591 3408 5519 18904
13522 1625 1979 7454 11279 15171 14162 5637 840 13283 5391 16682 1183 19453 6388 10240 5137 8969 6003 18254 13003 13364 6604 11436 7626 14830
11166 6834 8043 10328 5097 461 2057 12217 4660 4471 9075 3151 13212 13387 9262 15413 10904 11840 6713 1038 18283 10796 1848 19536 2578 17831
1479 10088 12293 2664 17322 12034 14541 17700 17038 10367 16586 16161 14132 17602 1623 7902 7884 9685 11340 11827 8329 17056 13858 6253 2999 17956
18894 5917 7412 672 16613 14526 13433 8800 9906 3020 11928 2544 1383 9162 1691 14840 19257 12516 8740 7193 10786 7069 5160 17659 9022 2771
16513 7610 15271 15712 606 19369 3696 5184 19715 726 2316 6038 1880 8146 10218 9717 14094 17415 11561 15842 18809 10125 8798 7170 11781 15267
18818 7951 3385 16345 3170 14613 13700 15971 9370 13308 1719 11454 2981 10421 5423 4228 1954 16676 6173 15107 19809 1500 11428 17440 1900 7678
7519 1795 6849 29 6440 16185 4853 4451 13336 9782 12104 3009 149 3319 12940 7273 18269 14621 7160 8376 10191 19387 3023 4856 14245 8749
6490 9229 19336 6147 864 12338 17663 8656 3924 4692 15816 19229 5026 4903 3226 8775 19742 16522 15850 7915 2253 2771 7683 8286 9798 4129
3869 4984 3401 11829 11703 7705 9746 6988 16307 17198 9071 5402 5754 1614 6876 3169 14467 13052 12280 7047 7993 10813 1021 7430 3253 14798
4076 16366 2344 10215 16408 19506 12128 17704 18110 15637 3996 18594 7148 14803 17812 6733 14266 18038 12322 7592 16923 5328 17612 17360 16606 5794
7061 547 17775 1953 5556 1346 7728 12613 77 18383 8078 5148 5135 16356 2924 9712 4247 17197 1256 15762 19820 12850 5421 18145 17163 9
8988 5729 6107 375 1945 16980 11540 13819 10573 5334 1117 11228 5004 8884 10478 2788 15562 12369 3258 10762 16537 6450 8365 6977 18070 7449
12466 15417 5832 3404 19412 19565 18896 2295 18711 13694 17083 14336 16611 12012 19184 15436 19432 10596 7001 4032 8207 10836 9555 13904 15992 3504
15583 19895 9150 3283 9884 1480 45 2801 19688 3036 11644 1522 2312 18835 6248 9327 18417 19336 16953 19525 12775 7719 4913 12440 4610 9719
4945 5552 17533 12513 5914 2415 18013 812 355 4563 7721 462 2057 17712 12487 15424 3484 14852 3136 6880 2678 8749 4869 1701 12470 19154
6644 714 19628 16688 14677 10119 2289 13889 16747 2320 16219 9383 14532 15749 5297 8111 19815 7558 2045 13852 1057 8011 17949 11321 10181 15913
19093 10903 11179 9830 7044 5999 13970 17917 15145 304 5657 1313 15352 12925 4834 15277 19654 19659 17684 5774 8457 10008 18097 7306 13867 4372
483 11346 9416 10292 2831 9008 768 7002 9613 11283 5250 13466 19889 1047 3986 1430 9026 8733 16941 10994 15138 11493 3621 6344 11406 17228
14790 2866 16190 15756 4781 19534 3067 2421 2105 13386 16498 14928 6496 4496 1227 12920 7971 18795 18023 18950 14088 11540 9397 9299 18260 14967
7064 5880 7966 4425 4258 16458 15540 11860 3733 12968 18293 5734 2999 4310 19829 16102 4352 15638 1510 2247 943 2186 16333 6147 5007 7378
16206 10743 9980 3312 16966 9746 16248 9015 14137 6131 12788 8300 8668 14648 1642 13558 5497 9104 12689 4146 18228 2941 5199 8658 15148 11811
19875 4726 13516 8998 7505 9620 7989 19485 7409 228 12954 3265 19062 10479 12570 10835 4582 16459 19906 2393 16013 15578 12094 19588 12713 10709
9599 144 11328 16933 3826 10808 11524 9672 2103 12756 14066 6085 9386 6571 7727 5331 1902 12744 197 15355 12891 12512 18381 1820 15074 7210
5697 15352 1645 1669 4134 12527 18566 13261 7180 8706 14972 10912 8832 3887 7430 1484 3633 3373 14670 1647 7774 4767 14770 14243 15701 7312
14346 8369 4139 5057 9850 4957 12772 8371 18459 7641 18032 6277 482 14615 17534 1015 17056 1042 10580 13301 3949 10311 5452 18970 14801 19690
1106 7828 9228 4206 14872 16307 5648 13 5548 13360 6518 12200 18041 16523 3668 17819 9911 10668 14097 485 13940 8379 15778 11837 17246 10212
16034 13177 16273 2377 11997 3532 4288 6634 12660 1558 6952 9952 18191 8488 5533 6801 13507 5844 12916 11779 14145 1165 15761 19521 15045 19821
10895 13454 19270 18381 385 15539 9766 19318 3284 4522 4330 6966 5957 8108 16666 7460 1271 12140 10009 7439 13874 6632 14072 5920 10235 6940
12604 9048 3572 8456 1438 17600 4501 10711 5699 1767 14868 8872 10601 7203 4873 8597 16457 12584 13792 14648 4344 1613 15500 9952 16122 4165
9159 580 15797 4547 4055 14964 2625 2215 6955 5877 9852 6546 14646 4743 18414 9430 6039 11017 2436 1604 14380 19243 11476 1447 16080 19103
8273 5177 12195 937 6312 4597 16008 14037 11913 1746 9371 10443 7399 8298 15626 2159 2704 8344 9309 18248 14690 1242 17153 6029 754 5918
13574 18490 18711 8472 4900 2295 508 17187 13943 1159 1937 12899 17737 9657 12754 12071 4147 924 18644 5829 19894 1475 7104 13085 3690 18701
17624 4028 7065 16942 11658 9924 19166 10318 1602 827 7790 6725 9270 4538 12486 6231 9527 17411 485 8632 7185 10802 3849 5709 6668 13768
17516 18899 8762 369 6156 13961 15251 19998 19721 17755 19804 1219 2747 15043 13984 854 6830 7035 19758 15003 397 19945 156 3851 595 13602
9344 1943 572 1175 13097 18316 19239 3061 3574 7062 19700 5877 2468 5197 19027 6546 15024 11803 2006 9063 10074 2659 12213 15484 19053 9141
16832 1430 9640 6165 19226 15334 5337 16178 6224 10899 5904 11692 18376 18714 1110 14475 1574 9605 18142 2045 13665 4917 15354 1981 19082 4478
13834 3102 1310 3194 13850 12787 7307 6220 18768 8036 14241 11697 2350 19867 488 8857 13398 11844 3373 9016 4875 19053 8947 8068 7627 17995
13807 10432 11497 8219 843 18452 10136 295 17000 17698 2642 4339 11694 12590 135 13340 7576 2499 4775 15200 3127 2442 10064 18074 11746 11372
15427 10955 17984 13275 9691 14914 11651 7015 1316 9324 8916 15124 171 12057 9832 17259 18671 10734 7144 6584 9576 279 18930 12517 848 8225
2721 19875 4530 16302 12718 14966 14053 11044 8897 13452 10129 11433 14052 15352 15367 9796 3197 3362 11368 14438 8142 18924 2283 6855 16180 14087
6398 15493 1873 17504 17126 3351 8230 8544 10930 17195 7583 10410 16141 13735 10136 19524 13616 7095 424 19512 18269 18085 6703 5356 7982 9067
14329 11907 290 12020 16709 6973 6626 2431 9949 19603 7010 15348 12216 3556 8115 17000 11077 9388 8159 3690 11346 14839 14672 18391 7421 7799
17664 14530 5848 10596 14208 2956 5900 9173 16921 8231 296 13239 6249 935 8638 5690 737 3572 13396 3562 9562 16241 16039 11678 13906 19859
19372 14631 15793 577 2011 16813 11259 14346 17596 942 8129 7927 16118 19948 3142 10407 1794 17287 2669 15307 1618 12061 6391 1236 11925 11613
1358 19528 8881 16910 7409 6216 13747 4097 8685 14423 15803 12217 11314 5410 15941 2494 18802 12294 15166 18642 2428 7075 7377 338 8545 635
15528 8142 8424 12136 10139 16472 14910 9524 12428 10489 3426 29 10751 13976 18418 11947 878 4024 1149 13000 11801 19131 16535 16711 14178 6056
6514 18766 11102 19880 10898 14186 17660 788 7150 15749 1407 7423 16752 14827 15470 13944 7574 14911 6567 17016 10347 17678 13118 100 14953 13001
838 15105 15077 874 8763 12870 14895 2518 2211 5339 11819 9340 11419 11958 6754 18462 5098 15050 10655 17643 16512 15908 4329 18442 15234 11614
8838 18972 4370 187 16261 13429 9422 11857 18420 15053 19 9762 9202 9554 14312 7257 3585 741 19708 15424 12776 4835 12538 16927 17198 17325
981 6689 11249 15272 3467 17169 73 10358 5780 7963 16917 13744 19802 3079 4091 4666 14670 5032 10078 3234 15346 17887 16056 1713 14727 11813
10919 18344 2797 220 17972 16450 19417 11009 10225 12206 19848 12628 6453 1530 9195 19011 2806 6336 7828 11873 8890 19851 10332 3329 3006 15093
286 16307 8027 13947 188 6951 9634 7108 916 10541 10760 19925 13707 4486 10290 9606 10629 4103 8657 19209 614 14621 8842 12048 17248 17103
18318 5383 279 2160 5181 18637 9150 7536 8844 17933 18082 12835 11236 7200 5873 8241 17943 5119 7716 1200 7107 19196 9377 8795 2546 8225
11164 6973 645 40 14576 13464 18496 345 3947 3146 16910 13580 4587 17857 3900 13515 16064 15196 6355 8968 13790 13860 14015 19763 4628 19797
3525 16844 10982 11707 12140 15467 16065 11947 10410 12368 9812 17451 2178 9848 9668 2318 4797 9031 9651 1632 5346 10582 18226 9889 12138 3180
10393 10787 3939 3970 3261 16818 5471 10505 15121 2221 6567 12792 5514 18341 14765 9548 4922 3996 615 17128 13390 2529 5569 19979 16203 192
14108 57 19806 2295 9293 4060 733 2696 463 5479 5007 19039 13023 9452 9869 14582 14588 7919 15939 12496 399 3349 17815 1944 251 14216
1420 18823 1270 12856 12363 17415 570 9138 276 8907 7230 8840 17460 7679 13590 13970 6043 2614 14009 6834 16751 14430 12618 17601 5653 616
6714 16099 7976 15558 3850 3535 12122 6085 11362 6682 5358 3431 11029 7359 14449 16086 15941 7349 12141 12277 7111 3101 8138 8614 5908 10350
17862 12835 1476 5708 16691 9588 10472 16270 16209 10819 368 364 19588 15217 2975 14523 4640 13216 14136 12860 2407 10 2971 9340 3203 4992
5774 19870 13629 342 15006 16179 15698 3153 14789 18632 3232 2512 13913 14942 5303 1616 16949 1465 5850 17992 12924 17469 18193 8644 18154 10903
17796 1119 6092 4118 17840 13138 9618 11594 2958 15925 7846 16461 8945 4807 4144 13597 5248 16091 10594 17804 17330 2203 2941 601 19550 15351
7823 2912 8428 12499 11334 2734 7051 16593 10037 1652 3584 13810 16236 10029 5469 2116 1303 5939 3103 10744 749 15170 17553 2096 8231 10359
12811 19544 5327 16721 15232 12 1189 11090 1758 19163 1314 18336 18787 5297 6991 1849 16819 9228 16263 12422 19846 13176 13521 7806 1856 16852
15094 7771 19425 12936 16769 11207 30 17835 5004 17235 15368 4221 2111 19385 9773 9066 17439 9519 18007 5451 590 8259 16189 16406 8133 18825
5525 19193 8820 11051 16857 4272 12942 19001 14504 15193 15754 16528 19101 17593 18486 12870 17140 10281 19153 10859 14247 6210 10378 13366 11134 17467
4138 11009 12924 14754 3162 1108 12585 2339 9775 11219 8059 2373 10402 1585 6004 14828 10520 19692 7478 13893 10963 10725 2298 13701 4906 6596
10107 5723 9203 6435 15060 15346 1567 4908 4571 3189 14293 8126 3793 16240 14379 10244 15895 9436 10793 14316 4846 5929 18311 11662 13533 2737
18986 2663 3123 17662 17045 1366 4684 12687 10262 10773 1856 7692 4340 6551 5613 867 6166 561 9347 11363 16971 12920 14546 15757 4161 5799
13809 6299 7769 8277 6300 8001 16702 5555 18975 15346 12598 1525 490 10577 3579 224 19150 6068 18246 8989 13788 11275 10498 11311 671 14834
6699 217 6757 94 10415 695 13202 5625 11279 10462 5617 2523 3270 17011 10465 19576 9605 3445 19859 5624 359 19562 16563 7088 4849 14290
15937 54 2505 5138 2652 7933 11295 1772 7595 16856 8811 4601 13345 8374 7402 9758 3465 7575 4797 3157 13866 17854 14911 3416 17751 18832
15489 8410 17967 6706 9207 19106 7301 482 3691 16474 8934 18437 2857 13832 7087 8441 4976 13373 3081 10346 2457 11662 17573 6070 12594 11915
16958 7390 1844 19483 1920 8692 17204 16427 14646 19722 13779 1743 1960 17618 616 3728 606 6415 6987 1204 6159 10538 11406 8660 11801 3827
7361 18357 17198 3869 13663 8840 14640 3815 7087 16630 4114 132 8288 18494 4785 13643 13407 2647 1607 14615 4816 10802 9055 15279 16220 10621
10583 18070 2462 15429 17450 15456 10237 7858 3683 8732 9102 19006 7984 12254 14720 13264 1436 11369 3380 13107 10418 12410 15413 15097 15833 5936
144 18953 26 9794 604 6995 9275 472 601 4402 11571 17931 13949 2460 13484 18342 15559 11645 17646 7407 14982 12321 525 251 4087 5871
17945 14781 9798 791 15052 3495 6958 17716 16102 9472 3785 19026 3053 8619 40 17250 2223 2256 6795 10027 15777 15101 12829 491 7246 11070
19152 4111 12347 19193 19240 4483 16961 2129 6314 19755 15034 15964 10308 99 2127 13589 11046 16129 1009 17509 17546 18345 2377 13276 19411 9623
6256 13126 16985 16454 17267 7772 4447 7491 19932 7229 14662 6080 919 5569 18170 4354 6162 13923 11544 18279 7446 13235 13427 15950 7792 12355
729 4414 4988 18164 7913 19806 624 7770 14752 12188 18580 6220 681 4854 398 17180 7761 19761 10103 13778 3572 9302 8289 8456 913 12110
4386 12218 18745 18783 15941 13563 1563 8501 1664 17928 16680 666 1286 17010 17118 3578 9378 7433 9788 12894 17834 8080 11383 12554 19739 5493
12281 8855 9743 786 18167 2332 583 18326 6585 7851 9594 13788 15161 19290 19388 12140 12408 17473 9115 5827 9559 10763 16290 19560 5974 19993
1394 9665 8504 10720 15756 8676 17919 17974 17959 11471 3008 7382 9213 7632 451 10812 2488 6611 19970 1267 15794 15707 9680 11773 3232 18593
3327 11641 3458 5997 18318 8520 2848 17067 15282 1056 12041 14052 5189 15447 252 12505 3386 13240 11970 5663 5358 18839 13784 3839 2969 4695
15367 11082 19761 13357 6744 14630 8071 9625 1739 592 3870 5579 6416 11105 17516 6730 18273 3404 11364 1726 8304 14577 8505 9167 1816 6556
8885 6274 12496 19177 5519 18577 1605 2427 12319 414 6088 19430 18795 11738 7207 2726 185 9625 7195 9238 5146 1479 18688 5823 16038 4077
16863 19325 496 17258 2784 15350 7395 13318 8123 14830 19070 620 16440 16037 10933 8201 1746 13605 2640 2064 14777 7877 1166 2715 17792 1415
11571 10893 14812 11953 3345 15832 151 6475 4996 15536 17556 1657 6652 19052 8133 9170 5686 5142 10324 75 1570 8142 13120 10452 10238 14048
7174 15266 5468 14560 6549 17710 17319 11522 13268 240 15118 15275 11649 17361 10855 7412 11684 15974 19113 12631 6702 13602 162 5177 13492 9534
10729 13023 3902 17771 14613 1763 1559 3714 5064 1686 9100 16192 11911 5046 17178 7791 12471 15702 10780 9434 8772 770 15034 3747 11735 4339
8662 11888 9023 3015 12087 1083 13904 19722 13501 14338 11380 543 16552 3890 4590 19189 16036 9271 11330 2809 17051 6236 5374 9198 195 4398
16268 13917 8354 4451 13937 15806 2288 11116 781 14600 3782 16881 19920 19296 6410 5814 14545 14969 5294 11624 677 6694 4572 804 16329 15613
8627 8027 9760 9738 10539 15817 10658 19514 10719 12368 3925 3919 13142 6826 16404 14665 17518 9537 12158 5316 15406 2430 1824 8644 17753 15529
12096 15253 1631 725 16329 6729 2914 10276 1909 14201 8584 11388 9295 17378 4985 3092 6800 5049 8492 2703 2352 19676 19152 19799 5819 5780
17106 15117 15645 541 3229 3365 8382 11516 8268 4265 18464 13420 9992 8895 257 3966 1162 17304 10350 299 9742 9494 15390 8497 17985 17527
18147 1751 12847 16875 6805 12196 12284 3943 6975 14225 11425 16219 810 5198 3340 12431 1538 17348 8026 3516 11485 13079 9087 4224 13456 2186
3690 14623 6064 9753 5294 9124 7301 4374 3591 7996 9944 9433 10522 17071 17262 8138 1550 8552 12785 913 16486 7146 15757 12654 8163 13583
4194 3739 1068 13153 16114 18633 17803 10344 16871 13913 16937 2152 6857 154 7277 6785 7654 8125 14619 13960 3465 745 997 11419 11506 18902
1437 16642 5360 9629 8255 8280 4954 277 731 19930 18780 18872 8890 7527 15611 7761 954 14994 18608 19054 12690 5252 2341 8789 2521 19752
264 7615 19257 5328 7385 10185 10940 14053 7999 12698 17411 4784 16413 13632 2362 15412 18410 3811 13324 17098 5912 6702 11950 7997 10644 10677
9883 5436 12120 15891 4491 17413 4125 4321 6856 8672 15313 11393 14456 4785 3650 9791 9785 8309 3120 18009 16168 16487 2080 15329 5066 2618
2037 11146 12857 7419 15471 9344 3654 12303 2766 9906 19677 4687 17073 18485 19774 13943 2977 351 5307 5515 13158 8707 17460 17060 7243 3010
3234 503 9826 17433 5532 3736 11476 8283 11405 16521 8943 10831 6406 19511 13117 10106 2589 19927 3445 12851 147 14047 19965 17525 11256 17515
1978 8374 10270 11324 1893 17693 3434 12428 8126 15607 5256 18020 110 1605 8737 16537 5493 12324 5580 10950 13391 11454 10804 19455 13003 2083
7916 10280 895 364 297 13334 18737 7298 9432 2515 10150 3313 19197 19818 9502 18971 9303 16201 13876 9452 392 15887 2146 7225 13355 1704
6113 4574 18534 7701 16589 11987 19263 16740 4793 5537 7637 1332 17748 16189 12204 13340 5417 17493 15740 14250 14394 3044 6438 15056 6682 17714
2358 18647 16908 8540 8108 14892 8817 10792 3696 4974 2821 5075 14029 7336 1731 11280 7265 4631 13842 8774 13431 16246 13703 6538 4947 7599
2876 4635 5503 17017 12194 15375 2512 14449 6190 22 14723 19414 13431 9378 17226 13340 8305 9194 8016 8139 10074 17851 1452 5366 11910 14424
9863 10172 2345 17401 2983 19884 864 6619 18724 2250 9644 11986 8094 13371 13673 1824 7594 2680 4898 5342 17937 5426 19208 15269 2044 4756
15643 5630 12805 12309 6903 18875 9288 19947 3946 17858 17351 2926 10954 13761 14163 14783 15865 6190 19797 2769 9222 16423 11671 19422 12356 18184
5703 2664 9211 18360 11235 4116 10790 1234 14129 2612 1929 7197 4782 14642 16267 2209 17767 6233 7533 177 15115 12521 10078 3771 8785 18339
17027 3548 8293 9728 17242 11056 17583 188 5114 4371 11116 13601 14891 19139 5567 19395 12654 12010 9705 4621 6665 5850 7117 3805 19946 2944
7212 3752 18306 6920 17203 2491 7891 19067 14262 2644 17760 18186 10949 15611 6491 18529 12753 16554 7129 9003 4721 8363 7276 1028 16131 11229
14798 4751 14878 5260 6095 13575 13287 832 4677 3147 250 17691 8534 11970 586 8448 4964 14110 5181 19381 11534 5829 3737 4152 2615 15086
132 14990 11529 402 3270 15325 4454 16792 18724 15552 13308 9981 16992 15470 13398 17103 7336 18509 15662 14274 13663 15673 18117 8042 8391 2501
8279 959 10362 14848 10781 19583 10714 3233 1118 18832 251 4564 19081 12323 5084 13274 9828 15917 7916 11779 10399 4407 4654 7577 16703 13082
7691 8305 7057 8758 2241 13858 4482 4433 18905 7921 9355 8635 15422 19286 15562 4326 10703 6861 1896 13742 19756 6424 10144 1321 9247 4393
294 7313 9500 5134 8059 10272 551 8790 15331 1538 10116 14779 3511 18833 18601 16573 13331 12084 12392 9650 10207 13508 19161 2198 2335 16718
8853 7547 19751 17918 19675 9273 10376 8666 5863 15988 1520 10763 19228 620 11759 11832 17596 2394 10209 2183 14919 18427 138 14160 5671 2528
15944 5281 19843 7993 8570 8921 16715 17957 16727 19359 8543 3268 14562 19899 626 6302 8957 5874 13326 15551 657 4664 7622 6292 19852 2641
5092 13215 7836 19660 19141 19935 7912 18120 5339 6353 11551 15288 711 3725 12871 3934 19823 9479 10691 3893 12379 17205 6844 3993 17295 12424
11542 946 15572 19769 7408 18283 3705 9603 9856 8838 17842 18511 17013 7889 1120 17560 15970 5480 8291 13783 1739 7156 17896 2462 4814 14835
7858 5286 10137 15102 14715 6126 15969 8586 5212 15012 18306 3993 2077 11859 3227 9245 16860 8615 1518 7182 12320 888 1612 1951 10587 7726
9147 18864 15259 12501 19153 10583 2277 14454 15028 5169 474 19791 19768 11206 17732 17658 3616 5215 18199 7276 15902 17634 18790 3251 13621 2575
8662 3508 3827 12779 6254 9257 3062 6905 3698 4351 6255 14012 11427 15763 19001 13750 18003 13612 13519 15363 4094 18864 17610 4481 7652 16801
13879 5485 8648 4848 4742 7714 1369 3576 7850 18210 14057 9132 16250 9050 9837 767 15919 6251 17206 13998 19495 1163 3935 2273 14198 18401
19109 511 11748 7390 12156 8852 12696 14138 6145 18674 18022 12624 12399 14015 17918 12048 6295 14434 14121 8099 13849 86 14638 18510 10736 9497
15164 13672 8469 13126 19916 2957 14833 3465 8430 18973 1892 8183 18666 14255 11758 10853 6953 13875 2839 5814 14111 18863 12222 19730 5571 19481
6847 1480 17629 3000 9828 15084 7065 19238 13601 7757 17304 330 18804 4839 19494 12497 12259 16013 5389 16262 7268 7683 4887 12268 17221 13913
3059 15769 13170 14471 6261 4778 12061 12898 2651 7912 178 3709 9090 14660 10853 2702 4397 10306 14132 960 17283 18929 18130 14570 6920 4682
15968 10645 6588 10799 13344 5120 7265 16183 4656 17849 16042 4362 4202 15649 600 9528 1317 16137 16281 19703 8454 15720 3547 12816 138 3799
4119 3450 9546 14121 1886 19267 7058 2069 9222 12450 739 10290 11828 10042 8841 2943 16351 9431 14379 5375 13656 8735 14130 13730 16325 10810
16428 13352 10022 16264 15070 13927 16999 2349 4208 15707 2168 9178 3510 7270 7713 9055 19465 16216 10492 13789 16021 5925 18480 894 7556 1371
14254 11280 3835 689 7469 3910 19025 130 18079 4970 6236 430 2597 3291 9232 12650 10749 19570 9422 10329 19055 5251 6409 10935 1245 18083
7861 5390 8396 9131 17291 16015 4111 8777 6263 17090 10602 14640 13280 6984 17553 10199 3835 6879 18414 5943 10420 12057 9877 10211 12319 7984
3811 17968 1720 18503 14797 16791 19336 12861 14989 946 1859 13259 2295 12822 14506 17157 7331 8976 6948 10993 15150 16971 13327 15497 16555 1463
15719 1852 13006 12199 18611 14721 17475 19805 14052 896 15137 8477 9911 238 7664 6635 8498 15033 4261 19860 14197 18795 19628 8890 4362 17917
8858 10374 16301 14645 13872 8976 16294 611 14217 8561 12856 5922 2414 10629 3369 3049 3916 9005 1648 5295 17073 18699 17539 13396 9306 9023
4647 19624 2968 11065 6012 16424 8629 5113 2978 9334 13052 10210 10105 16968 13040 11917 4522 5998 5376 19729 10679 14140 19927 10171 8835 17585
13567 11668 10042 18057 4484 14028 16449 1815 11586 9878 7595 3984 6676 1054 8085 118 1059 4538 13180 16100 13639 19721 7230 1324 12545 4132
15678 7807 13702 10040 9283 231 879 11460 6722 16255 2011 15540 8236 9584 13175 11199 12035 18487 473 10035 11441 4394 11192 3148 17660 1730
12450 8484 6202 13888 19430 14594 14856 2032 18449 15060 8839 4939 2567 9487 18010 1781 641 16327 10586 11034 1603 11698 8936 214 1386 16579
4067 9542 11703 9335 7416 10249 1296 12638 492 19940 6839 17198 11235 8913 16148 5987 1066 17991 11862 11898 17573 15339 4804 10584 1808 15999
9909 4127 6374 7641 18207 11248 18138 5410 16596 1739 12227 17762 7818 10998 5749 6260 604 8396 16788 3302 7350 19384 16908 11471 2072 3918
2919 1765 4673 11325 19732 19974 4182 19478 18044 1385 19305 17813 16758 17638 5312 5023 6817 17993 11078 8978 10916 9814 19183 5284 4541 14523
8150 1003 6104 15897 5079 11486 812 10017 11185 7524 10327 15187 16626 11178 13610 19329 5776 6991 13844 15269 19223 13721 18017 6700 827 14864
16223 10822 3178 9789 9957 2965 13806 4177 7371 2638 5769 5919 3042 14659 19518 14062 13669 13374 11225 15083 13258 14236 5984 6573 15364 8160
11482 5901 15603 18054 3224 8818 10763 2470 15797 15287 16970 9821 14843 12924 10851 12230 4892 7478 4823 6269 10321 18206 11923 8376 17044 14037
716 9308 10936 19746 16612 9474 3659 17987 14366 1203 11263 17162 11373 4626 9746 8749 10175 13175 6963 2049 6708 12363 13463 11572 14792 12311
3498 10399 10301 10907 13493 18731 17157 10236 3688 11544 2184 9890 3734 12356 14863 288 14995 8250 19737 5311 9815 13718 1402 14559 9121 2601
16437 3466 11710 2077 1913 5722 2185 4146 2364 12126 7600 5653 19565 17085 12671 1868 11263 4859 6595 14070 19460 5382 19663 9899 11782 3916
5974 18096 2835 5074 10971 17642 686 17421 5338 68 1932 3250 16262 3117 9875 17808 3298 9958 6566 10054 4990 6795 6456 11100 3501 4281
1357 74 6453 16506 19908 5570 6438 10006 14143 14339 1232 1638 2464 4002 17296 6157 8051 13996 15690 11305 2001 11284 10819 5724 5844 9442
3127 7234 2470 18510 8727 7933 18338 12997 7332 2274 3633 12690 11547 10458 9901 3026 6863 4054 12443 8149 12766 5761 15368 17341 8753 13061
14014 16098 4368 11091 11719 3930 765 9301 16770 9370 7456 10427 3179 3990 15317 9671 2281 8104 9660 12744 8603 1188 12530 14006 16941 7601
3037 2042 7841 17584 231 8830 15622 3085 6189 18166 839 5624 12362 7923 19216 7548 13473 15028 2074 8085 3283 437 359 406 10505 11096
6075 7438 10410 1748 9050 11730 8108 14983 17770 7024 8171 15443 9234 13174 19506 9355 291 3168 16814 5436 10816 19103 16526 9981 4481 10007
3410 11651 19753 13900 8264 201 3975 1618 8243 4314 13214 5178 2707 3638 9543 17920 7021 1561 5413 13324 7473 16878 18400 16808 7864 17022
5414 18629 4047 13362 16049 18573 4195 4601 17046 16488 16745 6701 13051 13563 14231 2424 15841 12805 2888 9799 5865 7733 13386 12648 15921 2181
1442 5618 12791 12001 18383 19462 7336 16380 12953 19323 11960 13991 19743 11187 2300 15580 2397 953 16350 5608 7718 3659 11864 2923 4139 6530
5941 19561 11406 12806 7916 8373 3169 4118 2027 678 3559 11271 297 8263 2847 19405 4921 7845 7324 13327 9035 2976 17557 111 4505 991
4148 4625 121 14393 13132 4344 12725 9418 8399 6333 4881 60 17149 12139 15465 8852 8431 7887 19972 2688 19265 6109 18545 14064 16604 16227
13309 1853 15302 12001 18914 1442 11643 1272 3159 2303 2699 14305 11111 7303 2945 4828 16638 6509 6225 16502 823 19456 6181 995 3676 1448
13715 15713 16813 4581 19738 11244 15651 16355 2852 922 13269 11718 5836 12427 18635 10314 3464 12420 14775 4459 17035 13039 10588 15935 12433 1359
18806 5771 7258 3585 13824 5119 10789 7312 1843 14268 10099 18809 8655 14281 8048 10599 10389 16943 13500 11095 3132 2090 18080 10682 19639 6632
10498 18677 1206 1319 15862 3078 3343 844 11949 2521 18896 14711 6488 1346 4559 14897 19449 1494 15660 9450 8858 12957 10364 4290 9783 6691
14912 13483 7032 10357 4972 6616 6005 1305 19898 3616 1478 19424 11805 13748 1258 2518 14732 10769 17939 16882 13936 3747 6525 13357 7432 13659
15698 2296 10417 13976 11671 8653 13406 7578 17984 18622 11526 11792 11227 4575 1522 1569 2198 8173 3575 19596 4178 13389 14993 4960 10887 16177
10875 5956 1375 5623 9029 3171 386 6496 18916 8778 17993 2017 13138 3766 16903 2989 5458 6412 15098 11119 18178 13698 2699 17409 11842 6609
3428 10428 11048 13924 4477 11737 13687 5082 5699 13851 1927 1129 14327 9315 19812 9141 14144 13502 19148 19837 11559 17360 1029 15436 6746 5812
2383 17005 12037 5401 10818 7177 16416 10150 17301 18116 12367 19083 15112 10961 11908 13658 2848 3492 2004 18423 5359 6500 6974 5048 9749 7931
9114 18719 9765 19410 11577 9734 4820 972 4499 1967 6364 6607 9181 11435 17707 12542 415 10834 11245 4428 4890 15221 5771 6205 1156 9336
5105 19360 11081 11299 2733 7214 6618 7775 1872 12973 18123 4890 3143 1957 12221 16582 15520 16696 12655 8594 7819 18480 11345 5059 10681 4629
14178 12659 11944 9426 11505 15881 4362 15668 14857 9159 3692 2273 9802 17769 17981 14953 12519 10423 14481 5072 17880 104 14894 6245 5000 6027
16359 15263 19232 16025 2299 14452 17018 17206 13817 14284 19593 19501 13013 13756 5838 9727 7829 12503 19970 2805 7451 1905 15669 18782 17642 6140
8397 12528 14427 8674 17919 11320 606 6069 17315 18194 19435 16463 16618 547 14473 3430 11121 12581 10948 18231 2398 19895 11474 5601 11948 14748
1735 12264 10181 13072 5506 11296 4625 3438 10355 4463 13015 15122 12484 4160 19442 15099 2286 4089 11046 11128 7345 9061 10330 8574 974 563
19218 2126 11587 13321 6275 10530 2677 1084 4185 12618 9311 17878 9214 9958 16975 18568 8824 8734 16591 16552 8014 16138 16613 945 13570 18307
5074 9080 17407 17580 3807 7213 17473 15855 8072 9412 4784 16556 5982 6234 7544 1614 4844 2266 13737 9577 12084 3063 2226 10637 17732 13936
15281 10102 1365 17331 2562 18086 6961 1009 15207 16652 10520 16424 17730 7348 19667 19682 1738 9990 684 5742 11250 15304 4642 5886 1987 19799
6336 5806 461 16978 5484 2329 2353 7327 5083 9307 16091 19743 2123 3897 11892 16285 19051 14646 7208 9317 3832 15327 3167 3587 8356 14960
11139 3731 15919 10793 5337 14081 1767 5110 17871 16569 17566 19640 6257 14611 8714 12733 19809 18047 16394 9414 6954 14939 15280 690 9124 19604
5219 15729 3041 16731 1529 4033 7772 375 13776 7719 13209 16654 3304 11011 7134 1575 14415 12487 11663 10258 6154 2971 77 17016 3091 9930
1897 1353 36 8591 11746 14440 9312 2642 18829 14270 19579 15866 17631 7187 18386 10638 6332 19659 2885 18437 18807 11004 12728 13864 3467 1606
4559 3864 516 1936 1019 6054 9892 14440 3099 1988 3922 17105 19543 5464 5096 13494 15424 3090 8888 18619 6532 6124 5673 6683 5453 12974
17704 12533 10237 229 639 7790 10630 10156 8982 10577 7974 7686 8690 19575 3650 11908 6367 17634 1535 4811 8433 4532 14949 4962 986 14674
13391 3534 27 1889 11471 11934 4311 4812 11415 2846 2574 3800 8999 10533 5360 8102 773 3243 16642 15790 13894 19071 19696 3102 6803 4309
19506 13519 15952 19656 12466 4124 2491 10421 17206 12594 12733 6978 4269 15844 7887 18225 2472 14083 18422 1621 4467 9006 17170 8200 4505 8171
9329 10419 6221 2747 13635 2364 14464 12376 18853 16105 16382 19035 9507 2396 5458 16523 6206 1735 7727 17406 19849 14438 3208 15767 6685 12287
13403 11920 18437 3268 2558 7031 4799 4772 17377 6740 3946 12408 10431 10951 1455 4499 522 11893 2727 12889 16184 10775 8925 567 14566 3745
17099 12996 2075 2464 3868 3063 9881 16346 4232 7992 12526 5045 6086 5181 10349 1240 10091 9161 13740 16855 5569 16350 3242 17596 7705 14071
2789 15158 17649 2759 9792 19041 8889 11498 6606 3972 4452 10229 15431 2226 419 11010 12862 10445 15145 3678 11649 5848 11448 13078 14302 15483
7557 8854 11214 4681 2660 1777 12649 3614 6037 5553 6799 15781 15841 13131 18800 1066 1437 12849 217 18875 2487 9235 1710 1767 8968 206
13329 8228 5706 2621 12609 12091 18812 3580 19728 1812 13499 15382 7330 19053 13435 16808 3046 13674 18092 10232 12879 10639 8486 15182 17301 14265
1906 15927 13851 12551 10988 12459 3124 13795 19629 11093 16160 15537 10374 18515 18267 12801 13809 2705 4070 13196 13033 5236 10659 16704 5986 18685
15631 12669 8505 6304 10 2937 12401 9946 4901 19686 3704 12694 8993 16002 19068 17819 7238 974 18321 8165 90 14136 11542 9023 10632 10048
8853 4754 15803 19859 776 11194 18263 18978 8406 18297 4941 1981 4864 16460 2272 13142 14678 11217 9842 8217 7825 7952 3801 6018 1485 17311
2006 13537 19430 3761 8110 5745 7240 19807 16234 19646 17417 12005 7126 15468 14144 10312 18469 8024 19052 616 572 8226 8375 11469 15097 13142
8168 15776 13219 13772 17830 5370 18250 13510 13640 5382 15703 9943 16135 4982 18718 14977 6176 18900 2098 14956 6428 5580 2839 18076 10413 10032
2120 15166 4596 8783 11379 13258 201 10166 19847 11374 4771 217 11423 9673 17994 8941 18806 10949 424 16695 17321 11222 6013 15541 2850 11151
17468 4800 100 12019 11868 11455 10317 3332 14004 10382 9964 10007 8742 9229 17308 11553 8331 14609 17872 2514 18801 3502 16445 9118 2884 5171
1578 5547 11439 7005 2409 10298 3141 9290 13706 657 1371 4150 9229 19014 7719 9166 3433 17701 5321 4443 18337 16229 5629 12565 19222 19739
14896 18701 2404 16480 4010 3713 5631 15218 3887 6430 18943 2316 11027 5497 2661 6741 2320 17671 6431 12303 9964 6066 12139 6052 5227 4453
10486 16306 8931 1247 18175 3074 4475 3878 3677 15516 13044 16141 4123 13981 17850 2522 14163 14362 350 7606 12900 16483 1454 7157 13188 13018
13435 8370 4664 9005 10527 9260 3071 5908 178 15655 2514 13187 53 9963 12999 2609 9293 7364 10530 18491 4379 1967 13956 4285 13340 12891
13423 5609 9795 19694 14850 16134 15155 9964 1409 17430 9340 11807 18781 19911 11383 2057 11960 12634 12554 1551 882 19779 17212 13204 1511 10608
13872 13568 18717 2645 8834 10528 14605 14424 14628 4357 17889 18431 9403 6638 7682 11771 13830 17281 11985 15999 8307 11617 11410 8440 3041 10442
5481 2391 14299 4364 10491 8769 11400 10309 3315 9231 8804 8776 8318 14754 5345 956 1410 10893 6643 16437 11407 11332 13026 11092 2859 10116
15377 15222 4791 6118 9500 18906 17781 18081 1681 16695 10686 8313 2855 5147 12305 2108 2345 13855 5810 11732 10502 4790 3278 13713 1929 11210
2812 9473 11823 11291 15060 11851 13904 15951 1288 18669 8645 17510 12063 9506 3060 418 4226 14592 7298 12266 12365 19718 19386 16805 12891 7804
16740 4697 255 15539 6840 4688 16748 10013 16867 14047 16917 18020 1886 16025 911 7571 16574 8662 19805 8924 15526 3080 19359 6802 17206 6298
13628 776 11543 721 8273 4587 13054 18018 17672 17072 9055 10692 9130 10131 381 10735 8072 19184 19620 10264 9041 5386 18401 10349 7620 9674
5140 992 12112 18426 2005 5139 16758 10130 5029 11774 10274 14959 6424 12521 8822 4858 14870 2166 3246 6755 2792 929 13563 2071 8282 18623
12021 12824 9829 4032 19863 1299 15751 14151 17902 4044 13626 11560 4066 2859 18983 14142 6045 5056 2098 13075 14826 6345 8629 742 2930 7893
7162 2876 2029 11482 16109 3248 1012 4820 17089 1368 10578 11674 3137 851 8963 11671 11392 12244 11672 137 7446 12385 1345 9238 14274 16037
16704 15711 10653 13290 10241 2008 14033 7926 18585 13647 11661 13680 19748 13570 14785 1714 4025 12510 19421 10497 4820 17077 10590 16326 16093 2990
13843 2297 10277 15552 925 12093 15592 11312 17695 3693 2538 4642 10092 18592 7098 1909 8981 9356 16657 15118 6727 6059 6948 14531 2668 15240
807 6989 6475 3268 15382 4166 17403 8245 4816 259 7890 11644 7593 16178 6686 5586 11578 9668 2575 15009 16936 6766 15603 4038 11991 7904
1875 14887 5901 9964 13774 4572 13004 16761 16237 18937 19719 10445 15357 19591 17074 5168 14427 16579 13497 11758 10634 2725 16930 95 12828 19359
1534 15910 19304 7160 793 18623 13284 5415 12489 16185 13896 5298 2387 12996 14365 6760 8532 7565 18577 9358 2146 14648 9285 6981 19484 4986
10351 9134 1947 4180 11409 19239 12204 5719 1156 19092 2253 19484 2231 13238 5958 14898 8775 13568 9411 5956 910 14411 1933 15211 4754 16342
6015 10739 2569 11148 14768 536 15406 2250 12227 8967 5136 17809 273 6528 7767 19468 4999 19582 12780 2883 6829 14041 5024 12947 13321 9704
17489 7468 14424 12581 9222 5244 2543 723 19067 14695 1016 14784 17698 12798 17592 1913 2751 8246 17038 1342 7098 17178 2473 828 17574 19780
17898 15310 13630 7322 1304 8703 7477 247 18205 17076 17327 15116 19078 9961 9674 19973 17295 16828 18526 6934 18993 18770 9184 4656 5368 7167
9883 11378 10233 18684 4339 9232 16789 7984 14253 9838 2715 1919 19158 13003 2561 5717 11806 18001 8636 19634 5142 19312 13803 14762 13233 912
9844 14500 3568 15435 12263 501 13284 4571 8237 1849 17727 11931 1888 8575 2226 6094 11077 16358 1240 19552 5744 4964 16678 7273 17639 65
13802 19608 19775 2629 7672 12920 17437 10627 16133 4870 10460 3703 423 6291 12677 8 9907 6923 1150 17967 5853 884 2149 385 1945 17638
7337 16307 17133 15597 19315 13980 12007 14302 4597 4171 2717 8113 11774 6300 2989 6429 9208 2920 4673 16171 6102 1546 6805 6465 2512 7379
15328 17566 5736 689 16026 1160 6592 10952 15030 12007 7822 7926 10395 11470 14041 13465 2415 9278 11716 535 13990 307 18559 3669 11791 17399
19901 17290 11811 9083 1389 8807 10012 13089 13731 19479 18695 2400 18215 14277 767 4958 5168 3681 5361 4763 14861 12504 18933 6364 10585 3727
5633 3446 15231 7276 474 9723 16472 14429 9813 10343 615 15489 18029 5133 16523 19948 16969 10892 13692 16487 19571 18931 10173 1775 13341 19201
8381 4682 19263 1373 7519 18806 14365 509 14279 19079 2906 6181 3632 1383 13781 6309 6849 3444 2601 356 3755 6637 11470 5681 5473 13002
15517 14952 12412 5866 2698 2371 9592 12663 9057 6109 5101 3771 3285 16388 14967 14619 686 10903 7533 2104 15515 1167 5789 2770 17287 18830
18544 7256 6275 8216 16906 9767 9656 1342 5744 19225 1163 6345 6445 13883 14590 2856 19108 1053 2680 18657 12594 6073 19206 13734 11465 11693
12809 3409 14213 13176 3136 18356 7873 3774 1894 14380 12283 6956 2644 17414 1364 12788 6550 3286 12104 16922 7902 2426 13514 5317 3316 9280
17651 18455 19820 46 1853 3999 1305 17589 18763 1371 19538 8077 12930 15235 15129 12589 11067 14814 14074 4621 3595 14803 85 5770 10878 11861
14013 8441 2421 17844 2866 3471 9131 1711 12231 14379 19709 15498 18315 17885 2640 4754 822 19675 15779 19326 3641 15710 11087 19883 9210 11109
19937 7011 158 778 4494 4416 6876 11539 18290 16272 466 5000 16304 4926 7373 7442 5398 17012 1458 14322 13864 868 13801 11815 15543 5229
1222 14877 5422 9579 1793 7565 10173 18202 18195 19134 5958 18762 17965 15388 8927 18471 9294 4615 10895 890 18354 4550 17814 229 5107 6371
6097 11125 10671 4431 17460 4525 19356 2433 13914 13655 16794 6145 1061 5049 12736 11520 19976 10306 8346 5749 10365 19066 17885 8642 6185 614
390 19887 16751 706 1111 11973 5168 5520 8916 12659 143 10689 2896 19648 4942 19791 3338 2335 11746 18263 940 19425 614 7389 3917 4652
16367 10679 10338 11637 15846 2696 4014 5265 5371 1324 17342 15404 13200 19498 15083 216 6088 3524 4740 2248 6029 4700 9351 8478 3328 16343
14750 11775 10084 12156 5030 1732 3011 11807 11830 12286 15946 19481 4105 2623 8863 11594 14165 4243 7085 1807 17145 14387 9175 18987 6444 18404
19994 15194 5172 14938 12961 5298 10546 18648 17051 8812 17182 8474 8661 5240 11348 6056 951 8831 7955 15998 16620 19973 14736 7059 2026 14536
12023 3803 1605 14991 16032 9571 9441 58 17482 17286 3743 5798 16575 1541 17802 13835 14448 14060 8873 11589 9156 18730 15628 7337 444 11823
16195 59 17458 18114 1037 19509 10151 17657 3681 19432 17007 12131 3571 10939 4466 12740 2211 7186 10063 5073 4753 3682 19797 17295 17601 15812
15542 19674 15491 7697 17992 11324 14173 7003 7608 7031 16444 12335 1174 4211 19573 16313 13598 17233 5690 10946 12778 6742 7097 12430 231 2874
9939 1253 18327 8016 10118 2604 9725 11021 8463 14908 16773 9301 985 18238 17994 15057 17832 1075 18589 15996 19414 15163 7124 1477 12862 1032
3995 18491 4919 12391 7411 6408 18332 2688 11110 14224 4494 19284 9085 4838 9517 3619 11210 6273 9811 10465 13172 2374 4451 7070 15177 11549
4564 7618 18683 17986 16283 14856 8276 14580 12362 6280 13428 18539 10104 5917 9022 5374 2961 5336 16747 3475 6239 15514 15856 2033 19307 15551
441 837 16604 11908 17640 2352 10154 3168 7696 7728 16687 15244 18698 7473 2230 12793 938 10188 6675 7208 1647 9117 6056 15877 14752 2908
8739 1826 3726 7706 9993 17756 1209 929 18263 2835 1056 2097 14477 17859 7425 3456 4752 12329 2593 2752 3198 13433 3988 6308 3460 1748
15861 15540 583 7402 5587 1090 1338 18963 1828 8492 5435 17281 6753 16559 13505 19986 4522 15471 9888 17830 14883 2366 19949 5691 19311 41
19264 6937 11934 486 12239 14018 14443 8024 18836 14419 5548 3075 15436 7789 8165 4665 17219 10159 19439 3946 13877 1244 15000 10206 12922 17842
9288 16377 16127 7378 2246 14191 18692 14295 1446 9057 19525 11216 6945 10972 10472 1458 3968 18491 3284 1121 16409 854 8681 16673 7255 2911
10818 7419 18419 458 18397 5315 16347 6142 4478 18403 14459 9283 10721 10958 4082 13429 6617 8098 14646 15651 19818 12838 11333 11245 18558 2039
10745 10090 10864 18601 16495 18456 5957 7917 7081 12522 2079 13594 15697 14439 15464 2973 12758 5813 11153 13533 8994 6935 4958 14 8334 11494
15988 13130 1589 5724 5980 6726 14586 526 8649 7545 14486 8823 7254 8572 8978 13427 585 8205 1309 7470 16105 18168 18015 1119 8334 1893
9241 18981 15769 19801 1184 3933 9332 10050 10009 9073 19684 17260 11592 19991 8183 8311 7417 19857 15436 10243 5909 13484 16850 5294 7516 10006
14914 17223 604 3133 9576 5291 3874 13331 1905 7133 8984 4664 3259 1652 13723 5635 8217 5012 6535 4588 8941 13647 4574 12589 15212 9473
6314 5667 13182 18704 3411 18896 9198 5525 2433 77 8328 1793 11208 5147 19095 6335 755 16878 4697 9390 19937 9287 8284 10647 19355 15755
11941 10402 14820 8984 9805 9869 2584 11251 10502 16083 4121 4630 13983 956 6994 6775 15339 14082 687 14182 3637 4426 1626 15404 15128 3378
19980 2856 11698 6610 12621 6876 6496 7104 18181 9395 17607 18192 10106 9526 16367 10912 13998 12865 5826 7423 7852 8140 12554 1359 18549 12669
6367 1760 90 16319 11640 10429 8428 16812 19176 295 16090 15585 16359 6158 4282 4497 4646 12352 16738 12788 18669 9393 4403 16641 7132 3404
12759 18436 18700 10013 12169 238 5047 19598 1149 10818 19801 7280 16842 17014 14302 1466 16422 17593 5748 5987 9516 3723 16075 19832 13699 13043
19108 8676 10756 5784 10143 16021 12655 5331 14324 15431 18400 16487 371 11331 6925 17041 17564 229 10613 3465 13301 4681 12808 9291 14408 10730
11117 4912 12394 6914 1192 2363 18159 16447 17243 8604 13285 1623 11645 11074 6126 7256 17651 15487 10892 17494 7468 8226 11041 9037 16387 1479
15034 12289 635 12848 18765 3395 9017 19150 11174 3211 18462 785 5343 11333 4212 4158 10690 4799 5391 7270 12522 9583 2056 16231 18206 3683
2645 2103 19999 14782 13767 10215 12620 18247 14830 1120 14766 9311 13131 410 4952 18336 19173 3057 18864 15262 10142 16941 6220 8804 10231 15320
3132 14516 699 16694 17336 18299 6175 9063 35 17608 1081 5275 2358 3305 8055 2906 11939 5028 8283 12946 16536 3678 6782 9662 3003 18399
127 11157 1463 6313 9446 1280 1070 10649 12054 10496 8840 1031 8360 19460 3918 9556 11309 12843 8648 19836 6299 15353 15683 7089 17588 7355
7643 1305 14562 17399 14913 600 15666 16847 8361 13065 6404 11313 16893 9295 19439 16122 913 15802 16701 2137 13855 10934 19114 10133 16496 7104
7369 8733 13550 3739 15809 12261 15953 16526 3667 3251 18031 11078 2803 13663 10690 8036 17684 11493 5706 2947 5100 15438 2744 16773 1949 11012
18769 1194 10964 3810 14892 19835 194 2037 2553 2792 18246 7160 18151 16962 15326 1859 8499 8581 1433 9705 1945 8633 4701 1244 15996 7378
14727 2295 19356 17260 13671 1889 13331 13272 8098 13263 14099 6995 12090 17176 19515 19328 2084 5711 5171 6766 13849 2410 15703 12471 5661 17591
8713 10312 12451 14668 13329 15575 959 11582 5708 16423 1200 15162 10611 12286 3208 5349 15650 19702 17996 471 16569 17750 11902 8305 532 11330
4534 2280 3315 7758 11352 13388 6622 4088 5135 2920 15802 5075 16884 16374 19200 19516 16620 17080 4887 12017 14821 8072 6590 11866 17045 17923
3066 9054 7890 4696 18043 18266 651 10487 1085 11826 2231 15340 7617 7444 17632 18926 11704 2003 17499 485 18681 3962 1264 1789 3064 6389
1407 17503 8678 18561 16912 5482 1397 7280 2918 6320 9014 969 6086 14289 13739 3426 15987 7830 1291 9773 10373 5743 18296 5673 6804 9737
63 20 12950 11244 5804 18834 2091 78 7661 2105 15337 8063 17054 8664 6193 19344 3877 14007 16719 303 687 3128 113 4538 11154 17394
15700 10297 9758 12300 7641 1892 6260 14709 2207 10197 9152 7674 10518 200 4319 16400 15576 15545 1449 11837 2441 3402 10236 2366 17077 17245
9411 11094 13226 17568 17082 17261 10731 877 10638 12721 8946 1153 1326 4689 2823 9945 19579 6675 2477 16057 5742 17352 13782 11138 887 8217
9316 174 10807 12725 3256 1032 6571 18204 8308 3980 18010 10414 8323 9786 11956 1292 19018 12862 6065 14338 11298 7512 435 18676 5107 8589
580 7467 4385 5690 11840 18594 10509 6080 11666 9859 5500 345 7732 4241 19589 7656 1418 117 12795 6539 11057 6049 16687 3032 6432 10880
6356 2806 14177 19186 19929 18045 16301 11662 15952 11172 13255 13543 6852 8356 17761 13039 1543 15306 5128 921 19081 4095 16489 7096 13729 18648
3270 15835 911 12302 749 9987 19645 1833 2246 18817 12435 3265 12967 1788 19374 4002 19721 17474 11269 3598 16378 5022 9285 12436 5891 11677
19025 3967 5548 2852 9042 8375 17910 14640 8804 2606 12574 19264 3445 14348 10312 14973 6872 7002 2648 3746 5465 17355 255 18097 9289 17997
9959 13564 5315 11150 10581 15150 5127 1711 12525 7081 10956 12306 10566 976 16685 13982 6196 11064 3904 1528 12828 16861 8742 2744 9337 13977
3705 13483 12780 8210 866 5920 10314 19526 9837 1725 5769 8655 12955 10907 19280 7045 1174 19158 9790 3218 9399 13128 6700 5178 6135 8802
4241 16346 3811 986 12933 3313 15311 9728 928 6581 4040 17222 18625 6000 8016 285 566 7397 16856 18236 9459 14581 10596 4939 7155 3969
12611 167 19756 8730 10672 10040 19778 10174 2850 7860 9995 12427 4867 16715 12669 3262 8155 17500 16123 2635 5152 760 19940 1832 5961 4322
13461 8355 9578 1229 2713 17408 18691 16949 11743 16905 19754 9203 2902 1239 13457 13553 17911 2979 13428 4794 10305 18314 7384 265 4138 11728
6380 2157 6328 7713 10501 11611 16404 5282 1112 7863 15421 4503 17420 13563 10051 14581 12731 2743 120 3092 8136 19501 12652 18370 2228 9004
