365
77 54 17 44 61 39 48 24 68 26 95 9 33 15 62 47 61 88 45 34 0 41 41 61 32 1
589 11017 18718 7604 5436 17404 1494 15289 9090 3489 10899 11225 102 8120 3706 4139 1306 4963 18664 4393 13794 2984 13012 15712 327 18684
12709 13383 5453 16985 6673 5857 17056 16454 17024 4800 13949 12243 14750 11760 19517 10165 9517 16481 2237 19553 9988 11941 2176 16235 15084 17882
18696 9807 17195 4356 14364 2947 4598 12171 11611 4735 19893 13354 1766 18675 9007 10595 12584 18263 9986 19783 800 18078 1693 7264 18127 1541
6457 5697 8894 1976 7735 6568 17809 18619 16800 14628 10140 2196 4830 19478 14117 1535 10875 4582 3811 1520 1728 13628 1199 2725 1410 1089
507 16057 17362 19562 4826 13454 3076 13354 17524 17235 1574 11111 15102 18686 5960 16112 13286 13581 885 15870 3400 566 1147 15027 4229 16680
10438 16905 5873 6311 10361 1214 579 18762 4978 15382 15477 2684 8501 16557 17585 7124 1166 361 7865 16993 395 13211 16377 11265 373 10386
190 19167 12358 6163 857 11630 13450 14853 16194 8383 19067 12807 6641 610 15749 475 19119 18245 15261 12454 14226 3218 401 11990 6837 67
19533 8418 16626 10175 18617 16475 2380 10626 4482 2157 4345 15375 896 433 4676 11158 12964 6221 8381 12891 8125 11638 5194 3030 16 10729
3049 15294 6535 3879 4631 6216 1633 8872 13856 14030 14410 11351 9633 14661 6399 18198 18286 8828 12733 7383 19662 11159 14555 10029 16827 18174
6598 13584 3764 8606 9690 4712 16374 17179 12014 4087 16446 6892 14492 14548 4421 7964 10312 17305 6645 19030 11891 7848 649 7383 17300 2740
2697 3373 5812 14017 9144 5143 15994 4345 5475 6853 7856 1057 14601 11484 1688 3773 10007 17981 13810 13766 4820 2258 15260 8482 3936 8316
16197 7778 12464 4581 16486 2008 11032 3062 15709 9911 12594 18559 9604 6902 7478 14269 17652 8179 8597 18597 16077 3216 11817 8633 1331 19855
4992 8677 12909 8976 10731 16733 18834 9730 11407 14526 3898 19994 18686 4714 4756 16809 2446 1203 18635 11779 9929 19796 8495 2894 5076 6095
10625 4465 6457 9363 10175 14671 2403 6911 1495 13344 9359 14573 9499 17672 2327 8127 3250 1702 6282 16680 12546 6476 19225 4633 14811 19224
9813 16800 3243 13654 9452 10355 18867 7418 14626 8819 9012 11358 125 5025 11918 13589 2608 16555 5615 7052 17645 13773 18229 5999 7149 1848
12642 12128 5225 13378 10966 13726 10103 385 8055 6009 5146 12061 7149 17920 1922 12999 15368 3018 3009 10352 5496 13372 16471 646 8377 18192
4433 15536 14031 5550 4066 4719 2146 16213 17790 10824 16024 13977 13816 5281 15195 8152 5279 4801 18243 8680 2319 1547 1326 10840 10492 9455
4984 13165 6141 7863 14904 2800 10941 17207 9045 19539 14875 16018 12926 18910 16842 5508 6725 17202 1208 10589 4304 10790 8816 9740 16330 11932
6069 3204 9496 9658 5476 13017 13159 5032 13411 10629 1357 11992 14410 8632 2558 8518 3521 6297 12341 4254 11586 4287 862 16832 4442 10281
2150 4348 403 11641 15399 9322 917 14106 6184 19328 4803 19124 5660 19178 3745 17110 8318 4931 21 5033 12241 8360 15531 9571 8904 18752
2529 1110 348 10802 17027 16757 14721 3254 3572 3224 14904 17529 6105 3348 16786 7073 3377 7006 19809 10193 11747 11820 19425 14256 15523 13172
16902 4372 12776 3178 13537 6660 15120 15390 18076 14127 5291 7774 7638 13153 2050 9788 3651 7712 18933 12304 8313 17631 13367 11458 17182 2209
10704 15155 15502 7926 2464 12906 3988 4895 19443 14390 6614 18904 15756 253 1160 17570 9893 6146 13077 18698 7604 7862 18243 3003 10674 6925
13795 9335 17436 11358 12385 7840 15578 8862 11502 9123 16586 2511 10517 742 12423 12897 9371 9065 1197 13304 11389 18262 10956 6788 12319 16086
3080 2432 2176 5391 16385 1449 18304 16290 16740 9151 3285 17947 922 15133 8162 10253 5608 11383 11885 13031 1152 7737 17573 10092 4980 7307
17780 3268 11452 8739 14381 19047 2348 588 10828 10054 6734 2197 9082 9577 10939 14761 2199 11047 5472 16457 1358 2313 15073 5563 575 5684
3315 465 10897 17247 1547 19756 15463 929 4598 6780 15302 3413 2744 11097 9535 9006 18198 17873 14067 16324 4049 2349 13327 7015 2791 17085
13416 16849 18072 3165 1792 10005 2775 18595 9760 11713 17593 17142 2566 2974 8691 3400 3438 13114 7473 1097 4216 17445 8621 9388 19146 10415
6430 1384 15953 10526 3939 16332 16799 7922 3035 12649 14264 1667 19194 11654 7358 8040 146 13801 16529 11197 13739 677 5656 18870 5278 12180
6874 11453 2217 6913 18920 6438 12421 14754 13708 19358 8848 2186 4705 10546 16203 10773 3503 8783 11617 4088 4508 6305 12707 5135 9255 4494
16837 13437 2062 16965 8657 11445 10671 18316 18928 3633 797 11324 17135 17897 9664 15577 15490 8782 17897 12041 16231 4717 4639 13845 5909 7244
12593 11103 13960 13234 5061 16141 3561 14740 6973 3431 651 11664 10779 9930 12029 4361 1697 7851 11600 1523 18314 16015 5714 11820 5783 11174
11162 404 12728 12717 11188 13250 1033 1441 7074 1086 4193 12954 15093 13881 10568 15458 16026 15423 10864 5110 7300 15592 4141 8325 3576 7856
19 10441 12458 15596 15523 18898 7733 6695 7316 18391 12489 6903 11669 17360 18680 19683 15321 7732 1452 5921 15133 6244 9033 12767 3816 15192
15766 13300 5610 7272 16697 3474 5917 7678 3843 10223 12381 10393 7719 12525 14132 4142 6798 1020 11213 1050 15232 9669 6855 16555 10543 12043
19676 8404 7164 5967 19392 13622 14362 13784 13730 13999 2938 17056 8440 1464 1363 15343 12524 18534 381 5515 15976 7211 912 1422 12558 16405
11848 9454 7641 2154 281 2315 5117 9816 11893 18082 18648 10494 894 13141 8495 203 13279 4770 19767 8728 17394 10532 10488 13504 9075 15323
18358 5179 6629 11149 5364 5635 14836 17308 16387 7985 16803 12229 11971 13543 16717 2778 7018 13277 11658 6657 3792 13029 11350 7058 8016 17899
764 14672 804 6579 17898 10824 12110 3195 13245 13719 2909 1861 1729 2208 10557 16224 1670 3624 15487 1729 9282 9960 12888 17036 800 719
16880 5932 8933 12703 6584 11332 14466 6269 11030 783 1468 4192 3944 17536 10923 4715 4000 9334 3957 5316 15140 8213 18549 1397 38 9832
783 11041 14764 4136 3956 7428 18027 6188 5030 1276 9262 14545 16549 9781 11179 13414 9025 7466 18016 3987 1187 9866 17386 10253 11234 18216
3119 3183 5986 583 3260 17319 467 9757 19417 3639 148 11599 14114 15899 4411 16728 1065 7173 18695 12001 3507 13005 1986 3707 845 13614
13258 3747 17788 18406 16912 4808 14779 5729 15882 12008 15128 19818 10693 2767 11386 2360 6585 12113 3059 12593 7537 4636 4095 4108 7245 19657
4979 7885 12904 9560 15337 9126 1519 11406 9368 5991 17870 10866 12639 5667 18505 11419 15019 4054 9014 6265 16110 11287 16091 6916 6961 6160
19003 13297 6057 4934 18365 16336 3165 5845 2680 2978 4328 2937 11845 13803 1600 5765 18665 15705 5450 10693 8190 17266 18491 7805 13021 8377
10776 12544 1575 17290 13848 13361 4300 13371 9430 15903 5294 4884 11186 16813 16794 2096 18047 5373 11368 527 19117 9394 15682 9572 14433 4547
4391 11219 7714 15132 4856 5475 19990 10812 1648 7375 9659 7954 15206 8028 6860 417 15659 1959 340 2512 18712 15005 10011 17218 9301 13656
19323 6483 19303 14488 3893 1842 8711 12695 15213 14179 15570 15187 7360 4453 4953 10473 19514 19798 5407 5149 9277 1524 8702 19111 16624 2639
7038 10696 13943 559 3554 1955 4486 6121 6513 9377 16135 5955 13591 16576 12011 5919 5012 12297 1570 18533 1783 6104 13412 18283 11384 3618
7974 13191 6527 12318 12215 12331 18794 11785 11688 9611 12465 12071 17459 8962 15066 16831 7181 7535 15843 13715 14147 4238 13176 903 11084 1975
18757 2573 9174 12350 13507 6728 15216 8468 12943 868 13092 16162 12926 3159 7726 6717 7494 16513 19208 9883 6738 6286 936 6393 13935 16758
8888 10155 3203 5230 323 15976 12766 1955 9473 4329 2417 12803 16331 10352 16641 12053 2965 11451 7017 7504 10247 15054 9443 11930 18934 7843
18937 5750 12310 1126 17110 9378 1023 8354 8345 10359 8696 129 13816 9402 15404 1801 18697 14286 4307 12133 17110 9323 8411 13165 10201 14280
12194 13749 1314 11731 17494 19631 12653 4096 11601 18304 19726 9383 11956 9632 19666 19257 1668 15522 8470 6267 11519 19733 9593 12693 10023 8662
9962 4936 4625 908 9955 15007 8500 12678 5410 16214 7752 14614 11394 16926 19511 18384 2845 1132 1780 17031 10151 18778 16643 5650 11841 13036
14720 13829 18619 1483 9448 1544 103 10756 5476 13914 17073 16731 14994 9768 11963 4162 3978 16943 16020 9100 9736 18433 9980 18284 10846 5389
11450 5227 1567 4117 3430 5845 13027 12750 15701 15212 2745 8916 11722 17174 18329 9431 15190 9637 18583 16612 12435 9577 1344 4468 4644 5832
18795 4722 16071 16095 12439 17214 16808 6952 2006 17223 14364 8352 9563 3692 4152 15361 19356 4577 16381 1518 11381 5481 349 17000 11528 17346
6108 13378 5351 15460 14721 9601 6667 4725 12000 8703 6692 11209 3466 13676 6433 2481 2995 998 11284 4144 680 6601 18915 11649 5274 18117
473 10864 4009 6203 3299 5029 10761 3291 14917 15772 4376 8491 2492 4263 3461 4255 15239 3351 11483 4332 10194 15459 12481 1528 5598 11727
5620 13935 2797 5250 11484 8565 14312 4162 19316 15702 2253 16497 6626 11352 12851 2520 13856 10778 6854 7357 12898 731 2483 10339 1103 16796
17656 16878 3012 13604 9608 15948 2686 17295 10650 5277 7149 8771 7028 9384 10642 8173 15386 3536 1473 2635 14386 12638 7532 1650 10925 6935
13301 1105 7314 16702 12578 12086 8507 7097 991 19321 4472 13127 19540 12559 18503 17820 1211 2218 11614 14898 691 1830 3830 11264 2079 13554
9833 9291 3255 6473 6778 18003 16592 16961 938 19797 561 4678 9942 14971 12157 14666 15749 9103 17477 13652 14684 19856 7438 3001 18234 2857
3065 10751 6013 6407 8035 15319 15694 17081 16472 12468 5217 8442 17425 16331 12585 8313 9781 3438 11182 15658 10579 6466 5865 15638 5433 45
13624 19413 11168 19380 14762 18714 3470 14952 10714 7357 415 18185 10450 18454 9633 5714 18933 9625 18725 1422 13940 10459 11845 18701 17437 13578
12335 15025 4532 14676 9411 8309 4356 18750 4708 18453 5665 52 14053 7960 13810 9675 401 11351 16876 5573 11873 1909 10256 161 16435 7973
3835 18998 8363 202 6650 15283 10485 16093 7430 2880 16458 15795 19646 475 3720 254 16868 1931 7890 13053 7501 6730 16879 17910 17804 18199
19100 3813 15390 6493 19604 3778 11439 18460 8877 19721 10013 17987 18772 18204 9048 6782 4715 9013 11410 4856 5684 14638 16622 8332 4973 15673
1074 9067 7162 16637 4866 11621 17747 1129 3522 4118 19069 3297 3601 6451 11647 8905 7470 9872 18375 11849 4357 3306 6303 2353 6566 15941
14818 4664 10488 14059 7561 18876 17893 19418 15022 5223 951 10233 17047 18925 12757 275 9677 16830 4371 11523 11978 12913 6234 6271 18154 7793
2164 434 15352 17239 15738 15427 16386 19588 14294 4134 6204 9750 14840 12950 1643 15895 15345 7396 18991 8240 4915 4687 12031 19911 17504 3257
19829 6121 7459 18026 5208 5898 10356 4563 18982 5592 4407 189 15230 312 17874 15213 18269 18513 4951 9689 2842 1391 12010 4841 15934 4888
13899 11958 18730 4948 9679 15354 11958 13057 18734 1532 9717 17426 346 7360 18 11155 6362 14446 13553 11168 17296 4328 5172 15326 10967 728
7834 17596 2918 399 15157 6224 13561 13172 11945 10970 11902 14345 12131 7157 18185 2785 5886 12712 898 16552 5953 17659 3671 1553 17665 14564
13125 6391 6793 6446 6516 11327 16152 6145 14066 13022 13188 14886 7936 8134 19737 7769 8796 19127 13556 16820 282 3881 94 18147 4588 8807
3478 10456 19243 5683 5011 4821 9910 17625 14634 18668 3573 9633 8751 16586 13593 13678 18341 17038 7854 14880 3707 17964 230 10256 13664 9277
19564 13620 4263 8050 4898 8326 2271 11600 12281 11548 10701 4988 13533 4555 6092 7089 15857 15396 15110 12826 14046 17001 11853 9639 8690 19334
14329 2781 6743 10125 3951 5121 16678 18992 13881 2660 9128 10837 4716 18777 18510 2841 8032 3634 7574 18908 13222 14648 1076 11574 157 10018
5859 151 8215 4108 11500 17300 16655 17050 17780 14090 16949 14989 12595 10574 13229 19640 13674 19422 14314 12275 14047 5347 11167 726 11483 7382
9740 11086 4977 5859 14668 12607 19263 7130 7328 13357 17649 12897 8111 9701 2632 2443 15547 2562 7193 687 13926 855 2835 14042 1681 19868
1123 9726 4316 5510 13327 4424 5098 1952 6186 8809 10837 19631 2187 2332 11665 6386 134 18875 6828 4438 9093 16331 6881 1126 8612 18024
7771 12440 17495 12796 2106 16837 7920 3326 2206 8473 11016 13832 14063 15978 9918 19726 6916 16200 5169 14064 11954 1663 744 15244 6097 16020
6617 11703 19083 15005 8227 3794 3907 15353 11385 19049 12909 11134 17563 3260 5705 2054 19645 11737 6746 10219 18723 2738 10868 4798 17469 2479
4419 18819 2659 18987 13502 13953 9142 6207 18375 12872 10599 10681 1783 17433 3744 1016 1889 9705 5256 6762 7958 9678 1685 2379 17323 1885
15462 5478 19709 9409 1823 4684 846 13754 1365 12028 12897 5939 14867 3089 2287 18315 6732 3130 12358 10721 1945 564 13663 12675 7337 15618
6815 1669 2272 13772 1999 8194 13426 5 12315 4227 6720 18035 3678 3965 59 8236 16462 1046 13622 8155 5092 16106 18112 18356 15126 764
17417 15543 3900 9905 8807 8148 17583 12663 1305 1720 1980 3607 17329 11984 9908 11129 15889 9549 12611 7325 6824 1140 9424 10826 6897 19344
2493 8218 15715 18587 1794 19209 5571 12585 19667 7540 576 15573 8106 19287 18233 7556 7419 4521 14777 11050 4612 13114 6566 18385 11290 10600
9701 533 15605 2531 17138 19490 18623 3431 1555 17790 15530 13847 10328 13855 9591 14982 5146 19138 18726 5194 105 18912 14687 10762 7873 11634
5302 946 3978 19354 177 17571 10365 5543 8239 15304 1744 12117 14954 11488 10518 5491 5518 11290 2212 13224 2637 9066 7830 4177 10438 4527
19085 14626 17644 12737 5236 18250 6436 16092 13882 1821 3155 12191 13996 3869 11952 4010 9263 12108 1036 18895 13555 11771 10465 17774 15035 16840
5128 16878 8317 15777 16148 6097 9718 6274 10575 8405 11919 3826 16617 1887 17935 12017 16694 2550 19689 5845 6031 5689 15404 16543 11031 15622
10487 14824 5516 14835 1584 6663 550 9420 9471 4899 16829 14499 5245 9496 8527 9702 15659 10522 1566 6499 5812 4336 14655 301 18330 14
3901 10961 5010 4050 11693 1124 14880 12610 4041 5910 1680 6097 3137 8433 3021 2485 4686 10547 13435 18408 7942 19670 15644 15445 8567 819
4580 1601 4479 8989 67 17400 7075 13526 987 1013 11817 13144 18547 13459 13381 15476 6095 1872 4274 15852 18898 14221 18238 986 19882 5307
4113 8599 2486 18228 14782 5846 19926 18076 8624 8216 15976 958 15109 14053 19158 16271 8136 10052 17509 9769 8199 734 13213 6175 2550 14924
5764 12361 13368 16097 6764 2972 16063 6499 5552 4645 9791 9612 17026 4455 16186 10984 18043 7742 9206 8482 17038 13388 1095 19227 7076 17433
15896 5274 16749 1272 5355 16629 19411 11747 5188 12649 13323 18564 15801 17264 5843 8308 17443 8518 1106 6255 9992 4543 4606 11163 15790 15719
11329 5144 9734 13730 13335 1814 3401 6269 10387 14420 17006 6354 10287 5992 248 11562 10006 12392 3683 3339 3395 15150 9330 16856 6321 7677
8378 17637 12542 2882 19385 19525 12579 7688 2981 4811 6640 903 9630 16221 899 13590 9775 8688 3243 18947 7601 2804 11427 3186 3282 2180
10876 14522 13953 7101 12056 9262 3830 2999 12368 14884 16070 19585 14522 412 18900 8075 11134 10660 9067 1637 13796 18133 93 8440 2800 12218
19608 15911 16526 12331 7131 16263 4331 15986 18586 9815 16610 5682 8078 7847 5860 5150 9104 13822 2824 14587 14191 6989 13537 4996 16785 13295
12567 14404 18976 1185 17355 12063 17620 5668 11469 19338 8143 12551 4904 15578 19366 12379 3813 8445 12071 13738 3944 17582 3970 19253 16015 5209
9136 15409 6182 10101 16044 2365 6179 14710 9264 11386 7648 1508 19242 15452 10671 13975 15595 5286 10335 5209 14329 3074 8128 6515 6981 5775
12580 19008 3998 9635 14768 13590 9650 5359 228 8649 8439 11953 7910 15607 4793 1875 3665 14205 5547 12066 2040 12356 15691 11637 4817 9434
8995 9074 17384 4811 8827 17532 19718 9253 14416 19021 5042 8939 11393 10740 15597 9394 1555 9612 18745 3932 11943 16608 8372 12714 10509 13769
15956 12651 12451 9734 9737 14967 11452 588 4862 10616 12521 3254 3893 7530 11143 4532 17321 15598 1396 667 1573 696 13563 9071 7047 3002
311 8077 16860 19153 1995 12825 19972 1530 9894 19550 14372 9639 2046 16590 19135 6605 8770 1971 11196 17976 1991 4615 6286 15417 11038 16113
13143 12539 866 10274 19723 2152 15706 15853 14814 4444 3760 18397 14856 1409 11405 17058 14964 6596 6759 5400 1146 5063 6473 15968 11777 2410
18782 17315 2875 2725 9162 1318 11028 11231 8820 13885 19768 13458 17563 17781 274 15962 16822 1585 19485 9046 18065 2654 8165 12942 5687 2773
13935 19715 15619 17097 5219 8683 5445 18060 3456 15593 2774 941 18449 2073 17695 5577 6150 8303 9034 3951 18908 15479 15003 11501 1888 17425
11466 11358 11012 12089 10224 16915 16007 10321 930 14405 2720 5592 15665 7541 8843 18252 15088 16031 12584 8721 18079 10779 11427 2179 5578 7631
12948 19624 6279 2433 18715 11207 3347 15583 8918 16122 3172 8652 17633 13547 16155 1443 11554 7115 17967 13625 1405 4064 19491 14731 18190 18356
9050 17324 1796 2192 7982 11142 12171 16585 9709 7003 9440 5482 58 19700 149 7157 340 5763 1040 11523 7272 10805 10257 8668 10831 15373
10378 189 15291 3238 7825 3379 15599 4223 8666 15843 508 15755 15734 17187 14888 1217 14276 6988 7205 7325 9081 1860 11418 12934 10904 2487
7623 17526 6909 5889 2791 14859 9045 5323 6974 5426 17826 5271 459 758 8491 10532 7973 6094 5533 1128 5040 16882 14971 7047 18341 8150
17272 15412 6179 664 16887 7697 18316 19084 14763 6868 2720 11559 6295 7639 11216 3703 10505 7977 8125 19827 3422 4246 13480 11615 11758 13805
2289 1814 2177 11716 6086 1056 3284 509 1010 12296 6973 14703 4944 2343 7145 5912 6895 14002 12101 19807 598 16724 10040 1858 9326 16455
2522 7294 4529 327 19634 14160 551 8113 776 10843 19533 11316 12807 7007 15336 1175 6974 11230 17608 1465 8062 18045 16067 6645 19688 8779
15669 11308 12363 9971 17332 3825 85 3776 8975 111 249 17476 8029 9761 8752 3055 9681 15512 14578 13782 5083 6205 6171 16749 18161 15939
196 952 2517 14358 6015 10111 18021 5690 1564 1918 3705 10806 1578 7221 19493 14934 8699 7780 3960 10901 9230 8401 13464 3669 19760 10584
19573 12005 18456 5611 2023 13414 11378 11180 17645 8629 2426 3830 8350 14679 10148 7060 7837 902 1726 16471 5012 5430 3741 11462 2444 18917
8770 2537 7999 19666 12108 18249 10830 3963 13358 3731 14780 19873 6063 18590 6682 17814 1921 12738 3100 16606 2543 19721 11625 12115 9437 8505
18177 2570 18018 12423 6267 302 12456 3856 11274 3104 15638 18848 2042 17043 5589 11360 7680 12742 13949 11657 18053 12678 12347 7584 12254 1277
18419 804 2876 17821 8196 8758 140 1524 9765 10540 2811 19703 13876 7938 7257 16732 17918 5764 11970 8064 3046 10481 5254 8455 5750 4313
9193 6495 11185 17686 2308 15003 14470 16832 10561 13757 5672 13982 7483 2828 4955 11684 4428 14372 6424 18943 4242 12820 5365 2644 17320 267
18158 18217 3334 11902 2862 7232 14767 13608 6085 12494 3103 3242 18635 18316 10740 9736 11874 4765 5160 19178 5810 8731 3695 17319 17924 5410
10826 12726 3216 9264 12615 9041 16802 8554 7808 19076 5420 5636 7236 3501 3055 6340 16965 19550 5488 15159 12194 9685 4964 17434 6719 2140
13753 9029 19096 12244 9922 18374 16693 13034 659 18478 10927 2621 227 2950 16536 18156 1356 9315 8564 4418 6455 2556 18619 19210 4298 6443
10935 12217 10438 12217 11066 8557 6861 7977 9983 4496 2371 8020 3844 1867 8345 8171 18093 11596 13216 18343 18189 13383 11783 13809 5695 5535
18756 9713 15497 13936 839 19206 17898 8457 8691 8228 15808 12378 5544 942 19869 14117 14916 6665 15256 19669 19107 16657 4332 12001 1503 17863
6480 19535 6715 15571 19672 9111 17164 19933 18015 13087 1960 4894 14599 10488 13536 1072 18672 7052 14898 6764 2633 6888 5707 13877 17783 14490
17932 2182 6835 13115 6635 572 16127 11761 6263 1525 1786 10320 837 8755 5051 4277 16238 2429 13265 9560 13753 15822 4886 7212 17015 18784
14342 6426 16666 2111 19384 16964 17446 412 2382 13755 409 13615 11538 10219 11122 12332 15288 170 4783 2439 15496 3889 5753 23 19649 16720
146 982 14791 6474 16284 15447 15227 13530 17817 13582 6662 9980 13536 14858 2200 8824 7667 1855 16927 4733 10013 8243 10564 19754 5930 14276
8088 18288 13056 16483 2741 15046 4093 16517 8706 17019 9686 15236 9922 606 9705 6513 18576 9981 17299 1301 17306 17794 5967 10615 17395 14721
14280 9781 4252 10211 14304 12713 2094 13160 15674 5141 11411 16733 12295 17815 1892 2575 19793 2468 18339 2278 1031 7115 18982 19473 5515 18699
18578 10597 13400 6604 4394 9861 19069 8711 1631 12228 14008 19973 16147 11695 13324 5768 9926 13834 2110 16433 13645 3468 3318 10572 11564 18321
19188 16670 1155 19265 1933 17349 17439 5248 11366 17353 196 13007 178 881 3177 6294 16746 4718 13883 12553 12480 5045 7060 13973 2660 31
3916 522 18544 10934 19077 19236 18559 9430 4594 19797 1954 2177 8024 10575 12187 12848 2631 18193 5329 17445 17655 2793 14708 3995 14763 8644
8280 4073 14008 7570 19159 4405 7385 9509 11828 15774 713 2176 641 19582 14634 4388 17262 13497 17617 9256 17322 2721 11865 8020 12858 10451
10502 3847 9509 16115 15032 6502 10715 19050 1275 10874 13332 5707 9295 14092 6086 4837 7347 12597 886 6994 9539 15027 14648 274 5115 17230
4637 4397 4844 17272 9369 8613 17601 1832 16139 11242 8800 1814 877 5762 11993 226 4312 9077 6796 6606 7519 7565 2814 19931 4037 10872
11615 9270 7224 15862 15823 19167 8029 13790 9041 10268 17840 3945 9345 7494 423 2867 8327 410 4998 8998 12821 10850 347 880 5343 5645
821 18363 7868 555 15206 5030 8680 1031 7930 4160 14632 803 15415 3682 1642 17623 2527 5389 11746 7971 7513 8420 15396 9816 2216 17750
8555 9703 3703 16375 7879 3249 13025 19262 18367 3201 4610 14099 6654 7924 19814 14879 11776 8220 11431 15168 8817 17393 12152 15997 14266 12396
16598 6337 2321 579 6266 17814 7583 17435 14625 209 6400 12754 11635 3161 1148 18962 12138 17475 14515 7270 18667 5729 15484 12539 18206 11136
3735 18821 11283 311 11839 12488 13388 13522 19091 5445 4028 11470 19831 10883 14658 12829 14684 4215 16159 7753 11645 1530 8094 4510 11280 9881
588 5378 10099 1889 9909 1364 510 19611 5638 4531 8586 9185 13896 7390 4837 16192 17480 18958 15749 3960 18083 1099 4425 6712 7844 4365
18613 16524 7293 13409 14339 2919 12278 9878 5201 13710 10043 14612 1314 18474 18474 10424 19720 7104 3073 13935 4094 14921 12598 4156 12448 2093
9928 9649 62 2606 19534 10125 19647 354 17717 11767 16771 7708 8514 18744 4748 18598 14991 18841 11774 14792 16195 11119 8317 15745 274 12292
18485 3755 9563 15685 4507 13747 17929 1511 225 19012 14366 5652 7836 4663 14015 5833 17526 9234 7967 15848 456 766 3128 5030 10046 18344
13439 10922 4856 5856 6230 16896 5206 12663 17767 16650 14711 16173 12694 820 3296 80 3079 19361 17569 17254 9386 10730 4755 503 14506 13981
17272 6223 2766 2298 12152 17726 11663 1085 8117 14741 16883 2143 16323 9401 8100 19486 14240 11061 7076 12041 7385 10918 11280 3450 17502 2611
4864 14332 14775 387 10880 11092 17810 13522 179 5275 1844 10015 4392 5619 10114 11829 12049 12574 10453 999 13626 12243 11367 17344 6328 19725
16882 9297 16327 18299 11718 3756 19201 10270 16626 18872 2048 15619 7664 13290 10209 4140 12310 7244 8530 5122 16746 7875 17040 17179 5433 11120
5516 5150 14021 5997 10227 11220 19577 19601 18256 10922 9716 18481 10115 12944 15325 15502 8370 18983 18662 15102 14152 15626 3132 15543 12866 3318
136 7150 9401 15993 4355 17875 14783 2428 5433 16900 15177 1945 7127 940 4548 9127 19905 11215 8239 13821 12578 4684 11964 6214 10072 16946
6216 15059 13643 1180 19417 9965 15008 18714 11363 882 3852 9710 2412 12294 16208 10066 17487 10322 17773 2850 1569 4881 10140 10232 3874 14264
13406 18020 7848 11701 16504 15920 4272 19454 4878 5235 6060 3897 6849 16382 10770 11723 15540 11449 5884 4854 17671 1790 14412 2386 3368 14712
3884 19593 19072 13595 15039 14686 15695 7156 6321 145 3462 4721 8009 8200 17441 8097 9808 1927 522 19302 13329 589 5057 11902 17697 10114
13339 12589 18647 8838 19718 5744 7754 1124 789 8096 14279 18974 6966 9537 5484 4310 17566 13257 18572 16100 13191 2282 5601 5740 10273 19973
7867 11147 8444 8750 8613 15844 8954 2805 9536 15742 14476 14644 6224 11062 2061 4280 6877 6957 1008 13406 11253 15870 9506 19545 2216 13812
16520 7780 16354 13204 4365 15699 8003 9476 10021 14237 6564 915 14702 4499 8405 16123 15177 12166 8768 8508 7458 14061 18861 6804 1826 1059
17632 12331 8332 10637 11228 5221 5242 12113 9816 3683 5037 18972 1501 8302 10056 7085 4361 4655 4792 13660 5322 2631 16394 17725 10986 3496
1199 12440 16742 11934 12063 8134 6460 15509 19868 11300 2514 9800 15713 17415 6186 8528 15192 13687 19524 14024 16453 3795 18686 6130 4672 15715
19413 14310 9754 1491 2891 4246 17433 18238 10614 11678 14747 14802 17390 12118 4538 2408 12574 11083 2440 1022 13447 19980 15744 10442 7773 3373
13454 8281 12271 16339 17255 18529 3481 5509 1155 13427 9388 17177 5521 19411 48 15924 3874 10685 16872 10128 3916 5455 5818 300 11040 19308
2201 1633 12221 15897 6699 13166 13085 9469 14102 8234 11786 8482 18171 2741 10964 12546 13222 2115 16778 14340 6080 11546 17074 17245 14490 4536
11215 8490 14496 8782 7391 12512 7928 12946 2670 5338 3481 6394 4500 18835 19092 8959 8784 2391 15187 7446 17567 4023 3804 18029 964 19930
17678 6310 17501 18323 16686 10361 4009 17630 6020 7231 12918 7696 14081 14020 18746 8346 6533 10972 4296 6174 9345 7430 18042 7975 16617 8361
18791 18594 19289 11649 15245 8505 19096 2927 6014 19260 15345 4607 9561 12142 19991 3260 12547 11037 8902 15754 15205 5653 4781 4344 15189 2916
6562 15021 6329 18302 15311 17409 10382 15902 17416 19865 14422 8431 19941 16662 10408 6126 17859 724 5366 3255 2259 7167 12611 17750 15686 5183
6264 14068 19191 4683 18660 17270 17518 2946 6706 393 10825 847 6019 12485 18072 8201 8260 5295 3790 16937 15138 3691 7049 9469 7982 10920
5396 18613 18320 17241 18444 15226 2140 1099 5100 5201 8010 10386 18607 9882 11761 10091 10468 9295 12116 8835 7135 14447 571 8598 9729 15626
1094 5111 4459 1519 10036 19881 4585 18852 17602 16857 19167 18551 19746 19049 7581 1467 12491 381 3638 15424 11164 9304 14666 2917 15711 640
8021 219 13629 11788 14616 5269 19995 3281 12352 4730 5623 10897 17566 8064 18040 15356 16509 19864 11314 1565 13951 16810 10498 1391 1111 12513
15703 332 4516 8174 4451 11469 9323 14099 12482 907 6827 2579 6673 9482 8709 3543 11911 4972 4878 693 8718 18922 11383 13440 16802 15180
8413 6083 18661 6228 11338 3880 19742 13337 9256 12245 11095 3227 17692 19698 14379 2193 5358 10086 1126 16927 2410 9830 8766 6462 12930 1755
19167 1182 5622 5634 16648 17080 8685 4379 3196 13170 4275 5202 8167 3738 5616 464 5106 8179 7638 17784 7236 1375 10600 13847 17954 17172
2192 3163 5199 14123 1598 5469 7646 11562 4132 8586 16684 19104 17066 15009 6147 8638 537 9634 5868 880 7167 15326 606 14037 5462 12285
4179 6934 11639 15657 15263 16710 16217 11733 16712 12495 12232 19668 4617 12587 6171 13864 11223 10744 514 18483 2032 6307 7803 4291 17003 8574
658 9538 6039 19284 1821 12456 1864 6807 18878 10479 17143 3977 4952 18737 7202 11822 624 7896 9224 821 18584 3830 18958 785 632 17872
5073 3003 14569 12545 4543 7524 12679 12358 2782 2527 6878 7394 2064 7346 9003 8813 4569 11821 16923 14866 6015 4601 15299 319 14262 2177
3299 11718 1610 3136 13853 3982 748 926 4608 5583 19959 9059 11916 1422 1031 4832 274 9639 15196 311 10722 10441 3984 13884 17715 10651
19397 18590 3944 6970 5261 6610 615 11096 5201 5096 7568 16909 13269 6139 576 10541 19866 4264 19367 8895 9887 17317 12765 5952 9847 13976
10102 18370 11704 10023 889 7606 14467 9162 15970 14915 16354 9098 1661 4005 9404 6681 13183 8414 6070 16493 12833 7253 5579 6253 2239 4259
12056 4547 4959 8329 6468 425 5844 14324 3541 7088 6734 14894 15357 4738 10201 5286 11349 2212 6914 7202 7762 7253 19249 18291 13543 8507
13590 14374 8658 4833 6892 3903 9115 18139 19130 2869 12224 18971 7729 2773 11480 4034 7927 13369 9090 4062 14098 568 19077 3038 1478 1018
18179 10183 3321 3963 12665 1623 16758 5954 9943 10006 767 6100 8693 19358 8375 19393 3950 14659 16783 18674 19093 15768 4660 7613 3925 6052
5376 11931 2364 11968 1149 12288 13940 15584 1376 11132 13717 5609 818 6171 9935 2604 14347 3636 6718 1519 3349 13374 4895 19786 1300 1954
5261 17198 10838 16439 4475 11714 18623 6110 2964 11495 14410 2678 11997 5627 16214 16628 4894 9356 4044 18599 10109 15986 3074 16537 9732 12570
5610 13505 8870 4403 11651 2481 11772 15815 7611 4820 13248 1450 10680 1157 3513 17324 1982 15422 19923 1305 14759 6661 8986 2222 15934 15704
7297 19575 7985 13990 4670 16824 17877 16201 2450 15254 12768 11270 6027 7377 19519 8069 15788 1273 18468 623 7447 19175 3980 2701 9131 8160
12040 16791 17108 206 9116 3905 16905 14461 15960 4000 3084 759 2883 4557 12750 18937 15525 19349 6281 12004 8063 18280 6074 2020 1407 629
12926 8324 13990 17313 18287 10426 6540 2817 2534 8524 13115 5234 1882 876 3379 12184 17583 12765 1601 11769 5557 9466 14389 7231 9174 16690
18977 7821 14569 3297 17070 8427 3506 11167 5865 18658 9692 10393 8735 14269 12320 6249 6165 12709 262 5681 14382 2383 14455 18909 15069 9625
9153 4038 8224 14931 14387 19973 17913 9097 13116 1794 11638 6617 13579 9445 12824 14242 19895 15264 8450 13524 3193 13923 14998 7817 17001 848
18080 15421 717 11282 5680 18423 18988 2016 13595 10549 4180 731 16587 11679 18384 16937 6879 253 15918 13176 120 1557 15982 62 7073 19232
404 12346 8107 18499 10769 11209 16637 9905 2043 6862 18739 893 18622 3483 19915 14339 19138 5001 1693 11408 10692 7209 7175 2360 1408 4406
4369 4850 2760 1957 6606 6604 13991 12322 15770 10967 17484 8140 1241 15745 3540 8802 13490 1208 18513 2836 15017 695 8831 11368 16201 1586
2914 14994 12829 2755 7623 7412 10241 13194 12032 1514 16193 1386 11765 9681 16851 1217 3711 950 958 12751 7602 2227 18709 1681 12228 16410
5734 18752 1048 19693 17218 10546 13763 8073 12201 13246 14018 2503 10428 10640 16624 20 16248 7835 3943 14117 17257 5162 7781 15730 17395 2565
8731 18341 4264 13909 13680 6668 14495 11706 10499 8159 4885 12430 14999 17204 18896 9743 13392 19114 6157 8967 11147 19043 3752 12541 17453 8550
12308 14542 3401 1372 7188 4897 8615 6117 5955 3603 9199 6215 5627 1701 16031 11461 7250 6889 5227 6165 12656 9154 19690 5063 3685 2275
16249 19505 17432 1958 13161 10071 12535 18281 8752 19713 18188 7080 4523 15329 3780 1220 2942 8937 165 9888 12715 9383 7300 1482 13392 8897
8419 1527 10452 13936 1340 15219 14048 4224 11955 14810 14311 2939 4447 9937 6634 8033 11438 17183 18677 18665 852 10568 9926 10455 18018 2035
955 19946 10027 7319 7880 114 9780 4851 8489 14479 19150 18719 9543 10796 4170 17013 295 8276 6395 2523 13570 2749 15749 17141 13147 14660
4989 10260 14378 10421 16815 5288 2485 7412 13938 3541 17146 12067 11547 7339 15283 7251 10811 3419 8149 18814 9466 13001 1876 5809 5835 14687
4505 19388 9469 13710 10474 3242 19735 17612 19735 7830 19289 10821 18429 8261 3665 15965 9818 9474 10500 12210 11893 8888 8478 12730 8322 8615
10756 12938 19828 6171 14606 17255 16261 11033 10689 18533 13720 17286 9830 6885 5651 2982 5382 6664 16023 9431 17395 14259 12092 1401 15194 6851
10599 18929 5557 15937 4301 6156 16749 17099 6296 2913 11427 4988 11119 2104 18465 4588 18198 3340 5443 15668 6637 13875 3459 10339 5593 985
17001 5097 17905 8717 1164 2389 17557 13128 8243 14309 15041 2167 5124 3238 14213 5095 9867 17990 1684 16387 18389 17005 14196 15629 17781 3457
15683 3249 19543 10538 18742 5803 9665 9631 5570 6938 19789 10353 11500 6803 13115 13792 8397 9105 8007 15932 5108 11090 1220 6554 5338 10953
3319 16783 8000 4205 15122 13438 19465 6813 2322 6952 15012 1760 13834 13515 17499 13367 16443 16244 10359 12496 5204 19170 9647 11161 9994 2862
1830 16718 3906 18398 19116 16433 1013 5135 15594 9112 8258 14830 3212 12798 6574 4138 15061 11778 6341 1201 19355 10023 10222 16380 11329 19841
8448 12473 19130 13652 16144 12730 5124 1067 16327 18101 15849 6306 13026 15722 15227 13221 6870 8296 4051 3687 10324 12228 1012 18512 2727 14948
9483 568 9561 9485 10504 15418 6425 2371 8897 8386 6761 3452 11103 4645 1906 17057 5506 4151 16563 18150 16300 5741 1040 8688 2101 18090
8350 8997 676 13850 7982 12735 2809 11610 4951 13231 11236 12931 19121 4032 13318 2760 1998 4182 9019 1919 14618 3133 6768 13681 13511 6052
6269 13094 6552 14986 5856 1025 18298 18916 3507 19852 18902 1017 562 9478 4225 7058 12727 5046 18163 6387 8466 2064 19528 6934 9379 7986
7711 7126 2695 11510 15706 12568 6488 6785 11006 151 9658 9988 5943 3762 159 14226 2209 18180 17562 5316 9678 4812 12031 1189 2739 17156
8972 4639 5628 12795 9506 980 19637 11493 18166 3166 7382 11921 16584 4894 10937 3141 1217 5635 172 923 3446 16984 15068 13395 7600 18141
14687 3795 18788 4061 1148 1215 16999 264 439 3574 15782 5208 11702 14937 811 5005 14546 13023 2195 4044 9169 546 15034 11183 14398 1974
19463 5262 7354 15938 1787 19333 1961 16556 18950 1010 2788 9284 490 3809 5542 8512 1019 15866 18971 14138 14927 9854 14331 17275 5731 17780
8151 16234 6082 7672 18962 16651 3543 18092 19415 15467 1955 12031 1604 18004 13582 13569 10251 12199 17647 2317 7674 10389 3033 8356 16863 11120
6290 4480 12771 6163 11444 12382 19716 16845 14977 18064 8063 4119 5459 14479 11214 938 5418 2330 17195 5958 1372 19819 15501 16937 4920 13175
4084 19746 19592 2729 13339 1988 15701 19222 18284 19384 4971 1695 7854 1033 2026 8472 9879 5599 11657 4818 17524 14561 1585 2038 12654 16174
8375 1736 1821 1388 8117 5997 6988 10221 12737 9258 19091 5464 17518 183 11890 4426 379 2941 12669 4610 7542 9378 16364 2772 1607 13534
13355 10958 11494 4574 5158 16886 13182 11149 5752 17975 9199 13524 1294 15453 6504 10927 12676 6097 6506 9587 9147 18125 13462 11239 4605 486
19257 1177 8251 6744 7708 8904 17332 15930 3551 17305 7299 4175 1058 3384 240 17661 14341 12102 12147 9591 16785 2010 7795 10283 4157 13154
18804 15386 4962 3188 10253 5624 6577 11218 6661 14346 13626 1550 8129 9979 12003 9348 14537 8524 525 2486 16485 5159 1371 15226 17449 16900
8408 10487 1040 15132 13494 17727 14041 2694 12873 4468 2348 17461 443 14385 2530 7433 14513 10991 18182 15136 10328 7226 17876 9806 4022 608
4966 16197 8062 8511 5214 8727 13038 8107 5017 19529 7449 15063 11834 11985 5653 17338 2640 3403 19944 14743 93 8452 11833 1620 12304 14159
17566 325 16232 17620 18362 2884 19322 2567 1681 1119 1902 15612 19649 7356 10370 224 10478 10672 17590 5409 5897 4581 18130 15131 19876 10852
8935 2642 11383 75 9569 16656 17444 14889 18895 2768 8615 8859 7596 14918 19193 5943 8371 4462 4434 7045 12274 18322 12096 16650 18864 4777
5254 9907 313 8424 15413 11210 4758 18550 17489 14521 19970 13954 5407 1183 12053 1712 7883 10021 18554 7730 4715 8853 12430 7590 19117 18673
541 1396 599 12601 792 19264 11093 12622 13789 18434 4153 19297 19924 5951 7492 1490 5698 14602 14910 4208 11862 5804 17877 15688 16020 17567
18529 1390 8040 5730 8602 6449 1341 17235 9984 16919 2895 13985 15848 5246 17286 12422 13334 218 12067 930 1482 9524 9484 2452 5426 12928
10462 7820 18586 5910 1292 15232 457 3433 6521 1319 5768 3842 12055 14597 3155 14057 4162 1841 7253 12870 3833 363 17650 11376 14110 4409
1486 9234 11987 10947 6242 18947 8449 10620 16248 10169 15 19530 13303 16011 18391 6810 1919 15533 4327 5074 7641 19328 11905 17307 2455 11836
725 18083 4451 1406 1911 4603 1983 2720 13107 12706 11671 7760 6300 11140 3122 16610 18329 17120 9769 5657 16852 4405 7714 13102 13456 6972
12283 5647 9819 1843 5768 8985 4573 12277 11136 7999 401 4571 166 3215 11021 14165 4785 11572 15505 15551 8468 13081 18129 19042 92 10862
9873 11216 1803 15882 11733 5744 18421 18892 5544 13208 5313 4896 6043 2154 14717 13973 2120 10338 13832 16177 4315 13 9876 10080 2633 13644
7431 9637 2783 7237 15729 16999 3272 10923 17511 3302 17035 9597 6711 6764 1417 562 11589 16957 12535 998 10040 9505 14911 9263 12908 13156
655 6112 13556 7597 6561 15157 6319 12285 19996 3860 14645 7618 14816 14668 16120 5963 19901 16100 13025 13894 11222 15699 3956 9761 10962 8708
7839 8768 10975 14261 14998 6454 8504 18025 5031 14835 4195 11625 7191 5502 12555 9289 13189 6137 17046 895 2483 13701 813 3920 12331 14832
8068 1135 8423 12233 15391 14731 17773 18419 10576 13572 19195 18311 13029 1670 5586 13180 19518 9320 2033 3145 12643 5863 15835 16666 17307 11579
15299 3629 5853 15949 3007 14732 17367 18992 18195 10877 893 11400 1705 1045 13089 11794 3761 16103 10130 778 6204 7633 16867 677 9341 2284
18175 5511 8932 12059 2089 12879 7802 19370 17133 14023 9267 6193 10048 5631 5789 10930 5806 515 5414 2772 9762 11312 4640 8192 8253 10480
9654 6304 2391 15606 14527 2057 10863 8168 12675 8497 10784 10155 10613 851 480 14841 4966 5361 13703 19270 1808 5240 6335 17853 16463 6097
18622 431 5869 1490 7577 5308 9149 8888 11389 5862 11501 9208 18197 17625 5973 5214 8561 3191 14693 11801 3317 1410 3308 1347 10089 7171
1953 4643 10772 6473 10254 14875 14285 9950 19159 3697 6167 19822 5041 9262 17411 1157 14204 19641 2696 18623 272 3164 9773 9301 14789 19957
16901 4219 19927 9928 11198 11578 36 9182 11069 1854 19626 4284 2827 11948 18546 4910 4080 3967 600 16706 5578 18900 18159 12272 9300 16595
10455 12231 3413 14119 868 15731 4698 1378 11329 11086 92 2910 14652 13684 9680 12798 5729 751 9499 11676 852 14751 2839 2537 8274 8294
7638 15745 14459 4378 18821 5423 8856 1640 3247 15439 17926 11023 16474 13510 861 7112 1907 7169 10904 10304 4447 2307 15927 19020 8121 2088
1284 9962 7221 12171 8322 11519 19223 7250 12936 253 7265 16444 18751 8 17479 5571 3071 12234 7405 8525 4492 2620 11507 15160 5733 9762
5914 5434 7375 19236 15039 15737 11148 18818 13055 3042 11542 17230 19066 1626 18758 16605 12398 5568 12396 9093 5855 18849 2750 12236 14825 9860
2503 19491 18917 10972 16772 18506 18844 11087 4169 2434 2779 19075 8796 19351 3306 10205 15708 5789 17825 15160 15082 8392 7555 14899 2430 10385
3360 5297 18669 3469 1051 1631 15144 11703 10047 8159 5808 10057 71 14789 13206 17657 10287 12216 3740 12076 15173 3692 17129 7452 6434 10423
5754 14959 1083 18829 17916 6224 19376 3127 14953 9872 2706 1582 12752 18569 10260 5905 7170 10818 16881 5793 1136 11889 2421 7119 14468 13606
15775 10569 58 17762 3459 13091 5270 5419 16247 5565 16968 18362 7390 2796 19478 19963 16758 11723 1963 689 4268 7524 15624 11420 8428 9262
16940 19912 11401 19872 51 10837 13393 1398 14260 3511 1478 5074 7911 1923 18326 17711 11923 844 12381 3356 6073 14668 6594 15257 19521 5368
17934 19962 3250 8177 11873 11756 14951 11760 2025 18104 6925 5555 2523 3610 1889 17601 2802 7245 12734 12806 5526 13451 6484 11470 6699 3188
3549 7157 5780 17475 5918 13258 15207 4824 4984 17736 19243 13453 549 17144 9582 15608 5501 10469 17149 13978 17678 4854 17041 3750 3393 14596
15749 7698 4019 16320 2337 14246 18558 7606 868 9379 1757 5777 8346 8015 18454 3393 9451 281 1216 1987 11418 10326 17001 3922 14364 19030
10239 11104 13513 19969 4488 16038 7644 18340 7999 19539 14377 19262 18918 4405 6006 1157 3416 3492 6245 206 10920 16846 15345 15875 8518 7953
3810 15366 13068 17523 940 15538 2179 13136 5682 3822 11144 14552 4580 2420 4541 13744 1670 14073 15824 14756 15779 10528 11490 12263 12433 8619
13450 623 18084 7318 15807 17487 6590 5992 777 654 14056 2597 835 6154 10411 19492 16250 1604 456 18032 13917 2757 2097 18157 16579 6603
9490 17522 12631 13788 2292 14458 6550 11094 8304 19982 10759 11951 12434 903 10910 3659 5795 17425 18468 19393 5830 10098 4707 370 17414 15127
2159 17947 9138 924 7372 19004 14672 9845 18863 7342 16051 8269 7584 9631 14513 4716 13530 16579 19044 1603 17696 9713 3946 1248 15044 9055
8495 12864 1096 16645 13266 12144 19624 641 3119 10436 16914 14641 15367 11670 19326 14463 13729 11911 5145 5053 10601 18459 19756 11039 16660 10194
13515 4990 15846 4814 10813 8718 10883 4573 9067 16809 11006 19246 2513 15549 16081 3406 10608 3270 7564 3263 16136 18772 12104 14025 4131 19649
578 6998 19083 13166 3460 321 3255 359 6047 6467 10431 8193 4035 13487 8075 6623 7447 12024 7668 14841 19773 14283 3419 17612 17238 4240
353 9615 2146 610 5762 6689 2618 7742 13815 8756 18321 7977 5015 16971 3511 4467 15001 10727 1272 17078 9041 19880 11223 12211 16465 10645
14433 12152 5210 18727 14406 3818 7704 12958 18439 772 3403 18951 11220 16008 12434 16183 14067 8444 9679 11113 15803 11422 19423 146 3969 5625
7204 5510 4489 3247 7422 18997 17820 16221 1770 3214 11484 5274 11533 6653 832 10334 17879 16852 6402 3488 6530 4655 9321 8689 15311 19447
9987 15598 8735 17521 8925 11131 8107 15347 14156 3187 13099 13858 11019 18956 14759 292 12471 14899 6224 10298 15315 1149 388 3788 10927 2870
7125 8913 13096 962 17651 15940 19325 7541 17723 5389 5908 15604 13488 3286 15286 8570 8299 1047 6168 14408 9159 7036 8619 19627 10229 10573
12195 2804 11346 12982 2025 11367 18032 10030 7157 18207 17328 8500 6745 10830 6343 5567 6900 18740 18835 9308 13532 16842 2319 18109 10439 1771
4024 16842 6923 6040 16439 30 742 18824 10559 4978 3324 5952 15370 2522 4978 17583 16380 13348 12633 12251 8044 7615 17383 5143 18776 5221
19446 18808 7623 5601 18014 18225 15219 52 8372 6636 14682 11201 7131 17683 17507 4454 9511 2949 2648 13903 4174 8812 16195 11045 2287 10684
38 249 16281 4043 1475 16577 11395 19613 3294 17524 15017 3696 7221 8656 598 8290 8008 4588 10819 17312 5661 14620 19730 3346 16235 8667
7475 18500 12824 6284 7353 1606 16023 18207 14568 13481 363 16538 4075 5066 12326 6503 4686 11601 12772 357 6123 13343 2499 8001 12641 2755
12075 6236 809 7894 19115 8626 13258 14040 5711 460 5551 2440 14367 5016 362 6114 19160 13259 18174 9026 7233 19555 16923 8148 4526 13149
647 5842 7750 9606 11081 1798 18481 17871 16714 7315 12451 15311 15539 19607 16175 18637 9267 10571 10931 4845 13321 9266 4717 9758 4107 4242
5211 2042 9647 5868 16272 18388 5923 7416 8441 530 17463 345 840 1086 18508 9596 17253 11902 7547 2372 7797 8953 11937 1753 17570 5435
4483 18950 8899 1841 18494 10148 7097 17940 19958 803 9562 11968 3593 11481 4681 11619 12701 2936 1655 16504 18804 4158 15715 13546 3131 16020
11246 16265 4843 13040 11947 6456 15375 6650 9898 15872 19935 10924 2279 14385 130 2768 6279 4699 455 8634 19945 4301 14473 8232 6304 8627
19019 2735 8542 17043 12333 17308 16768 17915 395 19991 7570 13921 6603 577 16756 7966 2252 15213 10612 16326 4729 13076 10518 19531 5740 7174
7023 6350 19126 13059 3974 11054 17892 15800 15740 6050 16825 4729 4303 1460 18571 6792 13100 15648 9361 15306 2142 10485 14050 14249 9420 18731
19035 17711 6680 6116 2146 6769 3103 16879 11453 1524 17337 15829 15685 2894 8959 10280 5424 478 13383 9490 8587 10049 14223 18429 3090 5927
15548 10998 18765 15305 12909 11302 2619 13129 10756 109 17496 3010 781 10612 4602 4855 8549 17018 18659 1594 15901 4039 11340 5480 3931 10056
17323 10544 5807 14491 10957 19501 4484 5798 11793 7132 19419 4284 8658 12422 3316 19203 18120 19498 19783 1606 10811 15110 12158 17731 14898 1857
10203 12695 1487 1022 10029 4827 4502 5617 10853 3007 5588 11039 15654 3510 19125 10266 6543 16407 11981 9803 17906 13393 6107 14784 11010 16928
17737 18221 16367 19713 9597 5002 12113 8458 19888 16421 11877 7571 9890 1949 5271 6768 3148 3631 16068 17887 14066 4107 8933 974 6551 18473
3230 18564 10980 9439 18476 17699 1154 5697 9797 451 10930 17301 13156 18608 12467 12354 6496 15064 5415 8545 7013 17446 14689 6430 18357 16772
8295 3509 5990 16715 3675 19813 3660 214 14332 14199 9083 12625 4405 18842 9743 3889 9397 16821 14076 18468 8724 14741 6480 6299 17115 17379
12995 12435 14119 9306 4011 17378 12264 16938 18518 13067 3609 7250 5055 16021 18349 19252 12699 16694 17948 16740 9919 9232 10799 6310 19705 9052
14548 971 13510 2076 6147 11491 1130 14998 9843 16177 19586 2744 7150 282 18191 9381 13348 1600 4063 13585 13198 10974 19563 12987 4601 8381
481 5082 7725 19349 5844 18184 15915 8157 12097 2827 15492 3079 18930 780 16818 17781 13997 5410 8279 971 6891 1373 2380 448 16004 10761
2873 3701 5019 15103 5654 6790 12373 10898 948 5273 16283 7503 8070 19300 11642 2610 10983 14970 18757 1677 2429 7804 15192 17075 2550 3894
10555 8800 12569 4811 933 879 16182 14054 18776 12026 8887 10567 6566 5580 2984 17768 6191 3923 10674 17348 1660 529 14750 16567 1122 8223
3006 16971 993 11546 1859 19566 18891 5223 14880 1256 8780 16279 12558 5291 1891 3255 19800 11368 9908 14316 12167 13388 8315 11172 4477 18748
17175 7052 13111 1913 13874 2900 493 3667 12516 2257 980 13796 12598 5605 17769 10080 1984 19241 8195 235 11477 18271 532 7252 9958 14468
12362 12880 9196 12626 7542 5239 13854 2965 4345 9921 9668 6216 5050 1455 14788 14462 15396 601 19593 13580 16173 15298 360 9918 4261 5003
11843 8926 2913 10202 17215 8716 10494 172 16846 6580 15396 13447 17165 12141 3467 19352 980 16417 2934 9498 15570 9740 7114 1436 12849 16728
13105 11350 11656 16750 6477 12530 13854 14428 3239 15727 12111 4571 4150 15346 12325 14611 2415 8558 9447 18699 9107 8872 13268 7130 124 7758
11144 9632 3748 16922 4102 10048 12373 4108 19320 13591 19069 18108 18855 8317 15531 5361 3357 13023 12572 17165 12218 2782 10963 14545 18587 13536
17729 17522 13865 17320 16198 15416 949 1002 14310 5411 1208 12901 8947 6859 8565 14494 1360 18965 2850 8071 6024 4945 19643 18656 18960 4538
7406 4071 11961 13721 13032 5631 1474 17326 16907 7677 5922 7283 18262 11770 2951 9301 15654 3395 6082 16720 8413 3662 17865 17174 1979 13556
11736 6789 18163 3973 4689 10064 1319 2828 1516 14796 1553 10466 19512 17322 19534 17726 2128 6531 8629 10403 1337 12198 15384 16929 19099 1900
16203 18886 6196 1185 18496 17138 2114 10727 9511 16205 2437 6585 18092 5837 17074 12324 1086 678 3423 18765 11403 10870 17722 10138 4759 5927
3653 2758 13497 9107 2792 17847 11346 7131 14239 19010 10475 9965 19445 18540 8428 15608 18870 1298 13368 13739 5853 2188 917 9825 16208 2971
3316 9231 11754 19046 12803 16742 4694 19336 2414 1502 18315 11044 18034 3323 3612 9029 17757 14670 13958 15303 2710 14446 15303 16042 19780 18560
9925 10591 2419 19508 12751 12421 19204 13117 5178 7898 913 15486 1348 16067 7390 11195 16247 11918 18518 10157 15814 555 1278 15038 1517 11040
220 11692 16026 7528 5141 14710 10755 2372 10896 3291 3224 9369 11095 14443 10381 12873 19472 2014 2989 10660 7387 10693 16681 14821 13940 7990
2447 5126 9145 1645 5850 7197 7255 10034 11915 691 7840 6772 7752 14404 2440 538 1567 473 14445 326 8292 12297 13689 11174 11288 2905
9760 19925 2502 7573 18693 11935 17672 261 9123 7289 2493 3737 2721 4648 5519 10847 9733 11008 7466 19659 9071 6927 4285 11748 13333 5726
3976 18653 3978 1910 6011 1464 12455 18877 19551 17730 18016 6300 11445 9911 6816 16430 15747 14645 6123 4384 3283 10556 18083 12024 18031 976
12029 4887 16598 6065 8021 13465 2669 4573 14459 17465 3804 2473 14920 9668 6698 2356 11704 10300 14637 516 10134 11689 16312 14095 18544 8087
9595 9564 7895 3316 14148 9290 13125 3400 6984 9196 6955 3691 10774 1120 19367 8281 14672 15851 16873 3527 8491 4708 3642 17621 307 4399
4796 14702 14468 38 12817 15900 8661 2372 14417 4536 7829 10524 16341 11775 18244 17910 17440 13940 8998 15317 5249 17785 17982 4307 14312 2208
14104 13184 3080 16313 15755 17828 5759 8752 8859 17235 5821 17053 5654 4838 2413 8579 10044 6644 11893 15824 12020 17422 5390 888 4350 13110
6179 4905 9069 3896 5477 11003 14104 10524 5353 8770 2828 19502 11878 19407 7574 11819 16434 3561 2573 3427 5867 264 10772 16094 10997 10178
16559 6022 1143 3528 11193 2300 10319 15828 1314 14525 16685 19780 3336 18700 10540 14750 3688 842 6515 10686 3713 11075 17756 14029 10612 1476
11248 11521 19216 8415 17618 7738 10488 11360 4744 14593 5103 4346 13661 15180 11555 7760 1834 13698 7694 14573 7045 11600 9440 15522 14417 13134
10640 6110 2919 1360 12268 7656 18444 11704 2602 16782 819 8224 10497 18732 13237 6434 19998 19270 17140 19696 6662 10502 4595 13479 4835 17998
5057 12518 2208 14766 3225 11791 8735 8239 2741 2088 2544 18181 4535 8684 10068 17036 2031 1246 16743 5458 2410 6100 11938 11621 18713 13820
12870 3284 16519 11002 16056 17554 6780 15673 10743 84 17298 15243 4835 7976 1519 16978 2512 11811 10308 4605 16590 8679 19267 6154 5090 5947
19893 12211 9653 8738 8701 15752 19187 15383 2479 17925 5683 1389 16962 10902 2454 17480 4968 18881 10904 11920 14627 4609 2177 453 7872 15419
16519 6561 15562 16149 8379 19283 10558 17528 5310 5672 18683 10348 15397 16050 17801 3115 2612 901 16390 14295 7057 12103 10584 6166 14987 9285
9496 9599 6932 10126 17608 5749 7622 19822 16633 17448 4437 11015 19063 10315 10402 5421 11286 1547 5324 9093 7391 5895 18501 8612 16875 12215
16061 8753 11490 236 14347 4031 3555 152 7575 13307 7273 7279 7529 7344 16414 15156 10320 17368 5305 14428 4739 19869 2896 2807 5128 469
14270 6709 2704 14283 19637 8428 12937 3063 516 10598 15664 3992 211 10567 10451 11598 17338 15575 12525 5693 5297 12889 13583 7077 15663 16822
68 12810 5835 8510 1110 1153 5668 10661 13253 19597 9341 9676 15292 11595 18425 13037 1174 6933 10536 409 15812 18679 3223 7866 3656 15069
4636 7936 7105 8496 5287 4131 3596 3073 16030 18681 4653 6224 1580 737 269 4556 7078 11517 15488 18229 9152 6105 6951 15794 18570 10676
5438 6277 257 10699 8272 11251 5046 15900 4413 1000 9797 5073 5901 15687 14471 1620 13484 9757 19463 6175 5302 9567 18376 10083 16983 6733
19970 3537 602 18869 10957 15204 13317 8112 1690 6193 5666 15947 12120 2614 12282 1245 699 10533 10853 14516 4952 6040 1360 11770 12787 2584
12030 6681 19905 3811 5661 9776 1907 1227 12358 17138 6853 4642 16435 6459 19233 2458 11583 10875 4392 8929 19107 18226 17363 630 292 5370
1749 9605 15587 1076 3060 13071 485 3889 317 1678 9482 16014 11911 974 9601 14151 19905 11622 17779 10214 11993 1517 14198 2685 10450 9327
15932 2673 19112 9712 6676 7649 9943 16433 9419 6010 19691 18644 9757 3325 5123 4352 14642 16962 5969 9647 3929 9740 15912 15530 16420 532
8731 3453 5082 18716 11688 1439 7542 1311 19992 19632 9079 2425 11074 3002 4692 13858 15561 10044 5148 2856 11052 13636 8788 2049 8726 4430
14286 18550 9561 926 7244 5842 6080 17924 6207 11123 11710 3062 5232 18774 3510 5079 16614 19769 18441 9115 16816 13278 3190 5152 5660 2295
5721 16265 18721 18348 5328 15369 7354 13300 4746 14057 2628 15361 15343 8794 13449 15893 10949 2606 7395 1826 12245 7426 6793 677 17278 17628
10248 17409 8437 8139 16738 15166 15401 11125 320 19393 6507 11546 12389 9571 6405 1055 4086 19621 1219 1572 10868 8342 6964 15408 9727 3377
18821 6852 3702 4954 9079 3776 6657 1831 18958 989 11122 15754 3787 10797 5403 2690 16928 10351 16058 5733 1606 10245 6247 12909 16630 15473
3969 17318 6756 441 7067 16606 7741 6957 4196 14574 17519 8943 13959 1929 17771 6093 1720 15186 16882 12485 247 5566 5994 6728 4591 18344
13293 16700 7664 4903 14078 2677 203 18584 12122 19133 9569 2081 19791 1020 4058 9107 994 13655 18550 4939 12795 18045 5605 674 8287 9121
14170 8081 12943 4547 17603 14624 7786 4715 5085 15107 12167 11363 16528 7973 14597 8910 11750 214 2949 9407 14968 9994 17295 15945 1671 19329
14064 15372 17948 64 5346 16865 8018 8734 15087 13636 4386 17007 2655 16035 9528 19996 2861 8359 9182 352 15889 7374 2841 12055 17148 11275
19085 50 15949 2354 4944 19439 16121 12531 745 1918 18805 13109 18131 12781 13159 11267 19308 5337 1452 5803 12956 11736 18807 10026 12116 9483
13971 7838 4143 6603 19061 2061 6021 18660 12562 12829 1082 7246 9130 3947 12230 471 13163 11268 13754 5540 7156 14548 8727 5638 16683 16455
3728 17659 18871 9857 1065 11030 2805 15487 17010 12718 4064 4736 8632 15409 3718 8395 3869 19426 14063 8120 14727 5481 15417 11729 15997 13305
16501 15872 8037 5273 9277 11791 13671 17526 13019 19858 10619 2432 8734 1200 4557 15113 8740 11650 12173 19828 4224 6083 2436 16797 14147 9290
8689 12170 10107 5626 7649 19681 435 7940 17179 4974 10586 4787 5109 10599 14347 18442 18132 7021 14826 14125 6322 16683 1536 5778 1939 6833
8346 7511 9155 1312 8950 15838 17165 7053 17057 6959 11645 19638 16689 8015 19563 4877 18217 3148 15663 10142 2276 12437 641 1340 14974 6841
1368 8845 18436 19462 18671 6807 5516 10245 15196 7935 2319 9750 6782 15947 12229 7738 15839 15939 13817 10009 17021 17515 5295 1381 12641 7837
3055 13853 12705 17557 2152 4846 19291 16081 10398 4263 5171 2540 18520 4187 11097 3111 7043 19674 17494 19709 15919 2488 11733 10302 15609 11236
18351 17529 10817 4414 11669 17633 8000 8841 691 5491 10996 6933 11232 8029 12518 14487 524 18111 6962 13959 14474 14564 6625 2349 12773 12644
15862 11218 90 2428 11133 16000 11390 17246 6931 11543 1466 15137 5026 9346 9736 13963 8241 17687 10474 10209 9181 15514 17710 18990 17748 10911
11690 14084 8479 66 18721 12648 3313 19925 16953 777 16278 2577 44 19088 9829 562 10413 9217 9862 13522 5195 13634 19684 6757 14610 10537
19910 18300 19074 16544 94 6850 14494 621 11068 4010 18858 16338 6888 17628 3630 3356 13296 13420 16209 10636 17414 14818 11632 11833 14466 12339
5669 6358 19472 9297 14051 13869 17675 17760 13097 2332 13716 18534 4000 2386 15465 9470 15831 7031 8922 9489 15869 2728 9080 17755 18186 14986
2814 6894 16479 6890 9622 7422 1342 1445 4135 2973 871 10852 6776 9738 18910 3695 13964 1523 13989 16071 3957 9075 16444 17318 15945 11113
