365
18 8 71 34 49 42 23 79 87 93 15 39 10 74 74 3 89 45 58 69 80 63 57 63 27 44
16035 6961 12790 14925 18859 11850 79 13945 19288 17082 8935 16895 3341 5361 10447 7294 4371 3180 12472 3926 2099 6047 13654 5628 9695 1187
1241 12436 924 9789 5661 6129 674 721 4264 3286 12284 15955 4086 16239 2484 12945 17482 11842 2957 15396 11127 15586 3728 14384 8958 2932
15837 17771 4872 5705 19410 11307 13200 12413 3952 18232 14482 11451 6828 17657 707 11961 19901 4924 15956 7472 18812 17109 3142 15605 8705 471
10039 14605 136 7106 15581 17286 1363 2086 3708 14035 3505 9591 18258 15012 3210 5492 3109 457 3773 4578 4455 2691 13747 16803 13039 6114
4541 13234 9619 10084 5439 11040 8566 7494 7666 16652 7990 19868 8739 12444 5395 12414 17321 624 19577 5342 4277 8432 15108 18066 18780 10502
13128 9425 16420 18540 5760 9586 19399 13374 14935 6899 9926 5859 9084 7284 8860 8348 1844 11432 15662 17494 19798 2683 13924 16665 1021 16041
17729 9925 6122 17644 15736 14543 19241 5055 4831 1973 3130 2382 3799 7759 2811 4336 6592 660 10196 6311 1573 9715 3814 16912 12462 4001
7271 8486 9359 13891 18018 2164 18572 10060 5432 14085 373 5960 2885 12469 7201 13786 5256 10894 13976 4439 9481 14099 1917 2920 10768 2538
18578 10067 5187 10868 10345 2399 10363 11894 16959 12649 10405 6947 8366 5844 3848 14006 17873 1848 3064 17583 18554 18954 3562 17163 9279 9896
2892 5651 5363 14203 14445 18005 8215 14935 9714 8054 12158 13653 3421 3614 6392 11243 15409 6331 14771 7484 11973 1902 16851 16236 11724 2826
8808 4258 8782 19440 11341 6080 19822 14589 16954 16477 3136 117 6465 10453 11238 10100 14510 13262 4555 4917 15978 18549 16784 9218 16978 11809
15547 1597 1291 12094 8206 12726 1982 11128 8634 7363 6775 18252 13158 17129 19201 14 19114 16572 12745 10434 19897 8406 9281 18752 6492 18294
17225 10338 19324 13251 15645 10334 12059 15147 18137 13689 9071 759 17229 12692 2486 11468 15104 19341 8010 12198 12599 18661 16385 1508 9926 8933
5067 917 6837 9803 1620 3319 15282 15734 5870 2744 5611 10407 8225 222 3192 6501 9009 7252 9432 11965 3866 702 18013 14321 9108 2828
10042 2769 12901 4926 2138 741 8841 10204 1663 3061 19565 8940 5055 6233 3880 3327 5482 17096 16988 9714 2165 15783 12744 2082 1487 19127
8220 7258 8438 9933 10646 6795 4445 17561 2109 11408 9046 19431 16923 15416 200 1314 7901 3690 5220 12001 11026 3011 64 3600 18084 4491
2913 8381 17273 14681 9960 16549 6065 5081 16106 5077 7204 5421 1128 458 11870 7725 12694 9029 4753 17758 12579 10239 13957 7701 17258 17702
4765 2153 339 17812 4588 555 10343 13042 12791 382 15429 5764 5965 3838 6675 15306 9323 15672 7205 9336 4965 3976 8393 4768 10339 14325
1220 10101 2466 16860 16923 1061 4941 7815 12716 9778 1970 2160 16983 4509 11597 11281 13709 11540 19729 2790 15213 2664 12650 14747 1004 18864
18706 1562 5952 916 9337 18964 6046 8993 11519 4770 9697 8951 15647 12395 10875 14120 828 12303 2260 7164 19933 13198 5998 1292 1987 17045
7568 5765 2088 4521 15395 6314 16153 1790 2008 12673 8832 9016 1595 14719 1381 30 9511 1042 14344 1137 12297 5354 2000 14694 12697 2944
19821 252 4270 18959 6953 6433 7302 5657 19621 9536 17954 14583 13197 11047 19440 14759 10118 1703 18810 7710 15428 14128 12828 17880 5499 9816
11493 6638 6226 1388 3792 7074 298 12417 11326 9190 6180 6081 17550 5436 12465 16613 12096 551 5359 2666 14955 5698 12939 6806 2263 2144
8847 7765 3737 8382 4801 14624 899 1328 3262 5476 10300 13931 3100 17740 8381 295 7732 2442 13135 2232 19458 6988 11938 3282 1962 13582
17465 237 19552 1917 14358 2303 10798 17929 18753 18484 10935 16395 18891 17813 15549 8131 15937 15154 17124 705 1193 2188 6758 19983 12233 15722
17528 14414 16653 18702 2409 17256 15958 14423 1858 8780 2649 9583 19805 13597 553 1622 5723 3752 10010 1506 8608 10896 14184 18235 9035 16977
10021 1456 2704 6022 14255 10353 19995 138 6491 19926 18215 9376 5166 1073 15158 13910 18859 5823 2070 13886 842 5534 4839 18905 8988 12546
6711 3950 11364 12437 3678 7311 12570 14136 17669 11154 6013 3856 9580 3680 6275 8023 15095 14700 13007 18893 17240 14810 17979 13249 1902 14145
2547 145 15738 11148 4693 2847 11229 7292 4676 9576 9551 15726 6533 1382 15152 12004 5516 8912 3825 11067 16246 13529 8195 8603 1042 16037
18891 14391 8085 8306 3640 2028 1334 3373 6887 2357 9610 3849 5065 13436 171 2170 12738 3964 18115 887 11834 10959 16354 3580 18334 17760
13703 19782 14361 3574 16523 1943 14243 419 4574 14414 5030 1687 4581 2053 16824 8458 4431 8855 4949 14614 430 13326 16635 19361 415 9028
1961 13042 6183 15295 2077 2211 3714 11304 14666 11268 517 12139 12023 14087 14685 14951 4975 10864 10451 12605 16069 8465 19212 11993 4233 13251
12746 15347 17126 16279 1417 14890 10690 5991 17418 8016 12882 7599 5243 16521 5941 18579 9693 2856 18006 15854 8594 19675 1136 4471 2780 1032
6931 9454 13126 11412 13421 16644 3069 17990 19598 12357 12764 1478 6700 8715 15490 13324 3616 6941 1310 6389 4343 17234 1972 10127 11865 17470
11137 7856 10455 3528 5382 6654 11507 8152 1054 9055 14547 14875 5492 690 5486 7355 8858 13202 10562 14505 18650 3355 10931 3958 14268 19235
17042 6302 7984 2742 18226 709 3987 2373 197 13635 19809 9726 8006 5691 17984 4848 8871 7414 16845 3850 3944 9294 9530 11158 11953 17807
14817 4215 397 3419 12396 2761 10035 19991 5022 8650 1306 14702 17890 15021 11685 6716 69 7846 8748 14609 1632 15120 3010 1857 10881 3525
4297 6186 14894 10 19665 13630 3797 19576 9592 11397 7803 935 10694 14825 1181 7416 16465 19615 6238 9357 16682 17199 4865 19246 4716 6767
7008 10615 11097 11673 8369 3914 9190 15821 12150 4476 1891 15019 4899 10691 3573 16284 18209 16628 13462 12381 3091 3032 1039 7259 13349 6178
15773 8346 13119 6784 4214 5987 3228 12530 18129 19399 7764 18604 7154 13103 4549 13465 14306 10251 12815 13788 18505 545 2681 6627 5759 17118
6058 14364 3491 6998 13348 9513 18222 173 17240 17136 5345 18568 11005 9245 13426 4181 1243 17912 15952 8946 12486 15076 402 16091 12804 14043
19893 4486 8943 4055 4670 9966 1165 632 10616 5422 8213 3815 18484 14649 19621 13872 5350 14448 17870 15255 11735 4077 1506 19114 12988 7567
19184 194 9727 5325 6145 5137 3977 3108 2846 1530 36 12116 835 5847 14128 13364 3153 3972 13854 2327 3725 11870 3669 3617 8665 3602
6550 12407 9630 6966 5099 13928 1033 7625 8597 18245 15337 7637 908 13444 14517 2283 5674 13012 12531 10629 6315 18787 9092 349 3325 2424
14316 9436 11760 809 8366 17561 2207 10769 10457 865 6957 17123 3670 17769 17048 11582 17172 980 6965 19098 9950 11741 6223 10352 12894 16265
2456 15730 8796 1466 2858 4969 19236 15460 1528 13930 19380 10512 5890 17967 18683 11353 1624 19803 8102 4672 19747 3452 18885 2306 123 393
9225 11256 13552 13167 13172 19267 6157 2222 12109 10306 896 10428 18312 13944 16481 10234 6634 9096 14666 2316 7075 14976 11965 11126 14111 7988
8563 462 15609 15779 6486 5188 1939 16319 237 6131 9474 15530 9122 17268 1828 5416 10209 6445 3058 11601 15652 18160 2452 11043 13077 15447
14978 11738 14826 2093 19289 1410 13329 18882 7157 11687 1539 1033 12798 8940 16524 16823 9588 18285 19013 3391 5634 6865 3130 859 18417 2568
18724 7108 8399 13288 9373 7255 3821 8929 2739 934 17724 8260 1201 9765 19119 2570 9587 8430 7883 4437 18547 17363 12320 6297 8145 16890
11963 3884 6376 10542 14853 6235 5682 3368 18105 273 14212 3257 18621 17466 10509 13265 16721 8740 7103 15928 8391 6225 829 16357 19564 13128
17896 3351 15548 2180 13081 1007 14344 8759 3291 19055 9242 3069 17418 16500 17323 19906 6051 16433 13923 4366 19567 15264 2000 12215 2992 1697
10259 3015 7506 9803 2422 5423 9105 6095 17430 938 7231 4027 7914 19112 9663 1328 11541 16384 15507 13868 2994 15133 11913 9364 12271 1473
11663 15145 3658 2351 8490 10092 4417 1882 14528 13895 11313 2273 9617 5030 1454 2724 1462 1565 5899 386 1571 7568 18005 9898 13219 19972
6656 18680 3443 2020 10968 11822 9686 15613 15886 19798 17571 6776 16620 1971 4468 7098 1352 14467 15263 2025 10500 8982 563 19462 12853 17215
2219 1175 6337 780 16807 4917 16730 5744 13700 12928 1238 7491 19256 3922 1713 8656 18545 12018 5722 4790 18317 12759 13783 14659 2228 9649
9922 19803 15935 9879 14850 650 12237 12316 16528 8296 19195 17331 262 9389 7352 19728 5844 19110 16523 12490 240 16495 15146 6309 4740 13801
4021 18648 16733 12539 18940 16653 10290 3494 14842 19031 13304 19416 19972 19118 7280 19217 16039 16942 11260 2679 11015 11728 7254 2690 2646 11140
7436 6177 5309 14242 17285 15730 6315 8517 4614 1476 3442 15773 12932 6742 16566 13098 13784 17949 17778 14874 17806 8716 16933 5894 16145 11403
7375 15155 1057 16122 15135 7349 734 5813 13871 3284 14947 15438 15850 14636 5490 3033 5204 2489 4892 5238 2039 5373 3956 11735 3316 5567
8408 6925 8448 16661 3283 7401 15706 6959 979 5554 10743 6643 19203 18762 12317 13234 7809 12640 11176 7810 17145 1536 190 6610 18066 6191
5343 14493 1360 14664 8235 7024 16196 19866 3104 3100 4894 2301 17914 16281 9492 15303 2081 5096 3277 16242 7167 16681 4116 5979 4831 14827
4589 2270 9358 10419 7162 2498 9798 9051 6230 7317 15551 10680 7662 11215 3238 4336 11078 15252 16875 19842 8416 8128 18701 12828 2023 14932
4080 5206 18994 9377 6277 6636 12336 7564 18594 18818 16248 9616 16730 9751 15224 4700 11633 3889 14137 15300 1595 2713 1906 1561 4549 4257
18891 19144 16614 12712 7763 19740 16313 7089 17579 14016 11134 17987 15847 1460 7355 12191 17482 1460 18510 944 14539 10128 1529 5669 6097 17217
12756 17544 12197 4578 4028 19875 4538 4861 4227 19079 3028 11307 11210 6934 8136 4538 18972 11673 15059 3783 5689 3047 5709 17285 16179 19081
19090 14473 13327 17705 19840 6720 17898 11349 13811 14831 4369 13763 1866 19964 3917 9152 17969 18131 11631 15882 13341 12352 12502 19909 13067 13672
16633 2615 6051 6744 1701 19735 443 7274 780 8462 4141 139 16049 12761 7863 7249 4051 8414 13377 7309 16047 6796 19711 15255 13116 4980
11808 8010 11969 3480 6216 11321 13965 11470 9617 8470 11879 1794 11622 11563 7689 3015 3361 7134 5876 18672 11583 3149 17331 11795 19900 15628
19404 9971 1946 9829 11453 11810 4096 17803 2538 2726 15327 4834 12207 8436 17330 3015 12821 17788 5391 3786 13994 10740 15702 6170 14434 14989
6848 8807 10685 8641 372 182 1947 16993 18094 12178 9622 8039 10568 16997 12633 9371 14930 2310 548 11658 11022 1278 5796 2454 8404 10793
19429 2345 737 1174 594 16776 19473 1572 5120 4087 2861 19200 16573 4413 17432 10514 1058 5513 6701 18528 503 7935 5998 17347 12739 11736
4594 13091 10107 19643 18655 7091 6376 9457 7739 3679 5237 4069 17539 9373 11279 3325 712 8911 6960 14127 8176 11897 12287 18129 15085 13369
18640 11977 13983 12970 1229 3880 3646 13623 12191 18546 2790 7544 10331 17740 4764 2804 19891 6124 3827 9016 15707 3049 13349 362 1890 4333
12656 13974 18161 12543 13320 18075 7030 14368 11125 11398 4469 2560 12279 7966 11354 10584 15639 4433 14111 13025 8996 11586 1883 7691 18812 15353
17933 18086 1847 15381 14308 18677 11023 4968 2959 12929 6264 17150 17725 4692 13130 14918 2640 4270 18384 9268 10627 4444 16027 14668 5234 11069
2608 19243 1769 5659 4464 15663 13021 19208 16105 16685 8465 2235 3538 18298 3267 14186 7499 15177 6227 5287 10049 3532 15155 1855 9708 15783
3634 14683 17190 18625 19451 1954 14631 19122 19953 1872 13109 11145 16569 9221 18349 732 13637 15803 1741 13421 17938 8416 19960 4250 5379 5420
13065 15183 8476 2311 5308 15459 5598 19946 6485 2851 13624 5567 9431 2275 287 3796 2939 10624 6279 6482 6104 16465 13248 17297 19542 6916
11004 3767 19091 16469 12623 19568 18008 8804 17099 5201 18561 14673 18852 9499 1404 9304 13342 14850 16292 1220 12960 4176 14812 5901 6920 18205
1238 4658 5477 8118 7376 1549 3608 5334 16794 6898 8385 19997 1522 2035 5963 14722 13592 10500 7838 16445 18207 17326 4973 7580 9286 3832
2975 18164 11353 2282 4967 3525 5360 4472 12928 3902 3665 1083 5654 12377 9856 240 6115 15839 7209 11469 12756 4135 7509 2796 10327 14494
15924 17098 3769 11695 19811 15753 10087 609 11846 6150 10284 10839 5836 7468 13229 11945 14162 12878 4901 10568 10359 8038 88 10452 1398 18107
9591 7470 13880 7992 4996 1385 4787 15716 16922 18479 17448 8359 1703 9609 3973 3601 195 13141 1169 18222 10560 2418 1330 293 4122 17331
10362 4252 4044 11336 13654 9001 6890 5127 8226 6307 12706 3590 4271 623 19889 6872 1588 14982 9615 12925 18863 7539 5424 16260 14706 4713
3808 15704 6906 3057 4030 9184 7566 16330 15822 10996 17499 19960 9290 18080 7650 15868 1349 4783 16630 18622 4508 4091 16913 11262 11517 14043
126 9196 448 5940 13673 5437 8351 11194 3900 12247 19379 15231 613 8704 5579 12246 12449 1337 1162 11889 2616 18258 2610 10055 10148 10914
15918 13596 2077 9490 18710 15772 13329 9940 13367 11151 7639 11200 2635 6189 12191 17001 11950 606 17351 5351 7838 16802 680 13564 8412 7910
3456 15338 14281 8723 9725 4200 8167 3785 9399 8700 935 18642 10126 4944 7361 5892 3541 18823 10438 5608 2605 745 4204 12596 18948 16905
7375 17676 13433 5381 9083 8505 4641 13940 1368 6025 19150 19149 5769 7785 9359 328 11215 13545 10895 1961 173 15159 19302 8030 2803 15330
18047 5673 18051 107 12970 7795 2288 18680 17820 6621 7590 4605 14817 16380 10680 19314 6021 3857 8103 15119 13485 16764 973 7558 14220 11732
3661 9429 13671 1567 2170 18393 11181 16326 9296 2706 7235 4828 12172 11590 4912 15333 13233 16224 14936 1440 16345 6578 4451 19141 10782 10380
877 17298 18118 7311 1995 7062 13451 13964 13275 15427 17243 15848 8138 954 495 10963 5978 19176 11195 16003 19813 15229 4977 5081 19282 5699
904 9890 14425 4329 6252 2474 13285 2482 11205 6150 1105 7872 15127 14573 549 17699 460 16340 5537 16144 16229 16266 6650 3238 14527 7334
18922 19761 5543 17018 18432 6897 13797 10436 17069 14752 6832 6401 6522 18701 6541 13482 5970 6798 9390 9509 25 3007 16203 3665 14041 2783
4796 13535 16048 5332 13324 4630 1313 9319 12233 3013 4224 8396 12736 4203 8107 14504 518 18471 15332 13569 3448 12331 3554 15091 1529 8594
15992 17506 1187 11878 14249 17452 13787 13932 16775 4609 16443 10242 5347 2483 9143 17180 396 15963 8466 11426 5919 15492 18212 9164 9967 13471
19875 12735 10724 3464 7310 19867 17491 16126 12313 17294 4154 11544 13385 3754 17004 12503 18633 17104 17884 9293 14767 7053 15142 5577 3894 13732
13372 18371 12890 7405 9289 7551 6019 16081 3211 13391 12178 14890 3214 1169 7523 11029 4425 13588 19476 1999 5520 11043 19518 13026 3185 1115
7549 12068 1152 329 6106 2904 7965 16290 11427 13995 11836 5255 3294 8049 5285 11710 5552 4689 16200 5867 7164 4920 827 859 6672 8911
17919 15412 19887 16786 9259 9989 2283 17946 6353 27 3363 5025 1481 104 3516 4527 18615 11743 16146 8011 4277 15397 19389 16048 11365 12625
6823 15589 16940 14152 5382 2390 4508 7136 5160 16438 11437 3920 16975 11940 10466 7803 13744 18964 15800 14536 14802 13404 1185 13625 15474 17118
14641 11249 1861 18876 1266 6399 3874 16086 10259 13853 10944 915 736 14637 10670 8308 2955 18793 12513 2489 12029 6969 15580 18443 5256 3789
15276 3827 12328 5257 13750 4207 11026 2898 16883 10785 781 19106 8442 5237 13672 359 14241 16559 8663 14136 3813 11300 14989 17031 13511 12928
859 12023 8745 1446 3308 8573 13475 5571 13123 5004 18713 2463 19394 14108 3195 14171 18183 7610 4458 15454 2077 2031 10481 15846 10640 16114
14708 13162 8380 463 11084 8022 11853 8593 6049 16209 5071 5816 15097 15964 10007 3075 7216 1013 8678 8681 1661 5419 10157 19749 11448 6114
6925 5716 352 8463 16367 6047 16839 18598 3410 14081 4076 3533 19740 17643 12229 2896 6930 885 4837 19924 6750 14601 17676 9177 17718 4101
17420 15041 19011 15639 18856 116 14573 1398 5093 2124 16512 1535 10450 9041 3048 10961 15209 4002 17751 11939 8546 3264 7320 8214 1882 708
18808 12099 1576 17776 4468 8559 19587 131 3121 7198 8786 11095 5991 15439 8154 2608 19241 13674 8699 7761 18529 18584 209 8050 19906 7939
18624 1383 16291 946 1041 15756 17458 15897 18071 8870 13734 10222 3826 7151 15353 15100 1184 826 17413 7618 2844 7656 14553 4730 3959 12863
11726 10407 5771 9756 14800 2464 2858 1926 12157 11996 1768 13443 10060 4191 15707 805 14131 6945 14801 9070 1480 3983 3188 18829 16455 12254
10339 12411 17259 14503 7447 3650 3793 16083 19560 458 13937 17264 17578 18590 14864 8972 2784 5991 16133 4692 7682 3189 10587 12691 13255 15343
11263 19194 8919 4293 19950 9471 8746 8518 15914 13438 2935 9802 6991 1185 19203 16310 4509 14929 12914 12499 14311 18568 11935 18752 14622 12166
19662 16256 6466 17840 14821 18316 1219 12700 19172 18834 2876 1214 19165 6637 1867 10041 348 19516 13344 3766 5964 7491 10542 2042 19359 4963
1727 5655 18094 4968 8056 6538 17014 14758 12242 17704 9710 9344 17480 6970 14637 18137 16309 5634 6391 8926 500 13764 9016 12351 8962 9832
3184 379 19838 15048 12594 1085 14043 9534 2497 4610 7737 15084 3967 5075 13417 14517 19241 1585 5901 8919 4471 8099 10227 7312 16219 9704
1534 2828 17030 9815 4111 12367 5029 7210 15135 18340 13011 15463 7461 2613 4624 10540 15781 2914 12769 19079 19779 15281 12088 19071 5316 11339
5286 12981 478 1646 15045 19941 19906 18190 2737 3787 19721 7250 769 12038 11897 3505 5558 17947 11754 4866 1646 19318 7252 3594 1356 8603
13509 2924 5793 6686 10207 12253 4897 2976 5332 19556 2696 18335 7869 3695 8227 10640 2309 1070 11855 15513 2389 2362 11178 606 5213 3357
10015 433 15906 11869 17850 16513 10888 19219 9649 3955 7309 5309 12103 11073 11172 15869 2507 15604 18672 3295 11830 1311 17271 16878 8260 3622
12944 15725 15512 14556 14586 14726 6796 6731 6639 8803 17507 11526 11089 11907 12117 19198 5562 10249 11495 17810 14374 13706 7952 10822 17328 5273
14116 17372 668 19060 695 17478 10107 8143 14234 701 12909 6097 16550 7517 1064 6364 17870 3913 7508 6219 11758 5374 7336 3210 19264 12556
3556 15573 14621 13444 18625 12086 117 15780 10027 4211 14358 3441 10349 14965 18947 11090 15745 3483 16098 13130 5261 14320 18213 15025 10933 16906
1391 1879 8512 11671 1902 340 8386 3346 18866 13261 8715 10983 13046 14499 17758 10427 2150 799 7822 11676 5089 17638 9242 3778 19891 19324
19319 18740 16957 13609 14703 12021 8241 5672 10864 3226 16898 15284 2866 19709 5785 1830 16891 19264 5737 13373 10641 3659 14449 538 7250 6450
4691 4232 9819 17615 3826 19094 11561 5323 2576 7156 10862 5902 14964 13592 12131 17523 7565 3449 7253 17930 4838 12148 12018 13172 11271 6610
11931 2400 13914 4264 7502 459 13358 18449 14759 11806 4053 2155 12188 19019 13637 10698 7384 6179 101 13383 5816 10138 13465 6094 2692 4294
17590 19187 7851 4361 3099 719 15992 6819 7873 14144 3717 10679 15655 2882 7002 18641 14462 10734 9913 6495 3597 2226 3985 16216 7082 3149
15609 19954 1201 16485 8668 8390 12964 16539 15108 15514 2906 8292 3682 5838 12290 19866 376 18637 7374 347 8923 362 19547 15859 17749 19977
6603 19395 11506 18901 5098 11606 14995 12007 6782 15904 15730 7509 5091 11240 15293 7912 13548 1615 6066 5315 448 8579 2621 18377 12851 7710
1366 3495 13933 17223 806 18126 5213 8799 2691 17895 2027 15213 7354 1018 5800 9551 9528 8783 12508 16667 15859 16903 4597 18854 7108 18980
15878 18096 2785 16204 13411 3372 17874 6645 1153 18137 13679 13097 16596 2221 5432 17844 16857 10208 5900 9564 10753 7599 15962 11484 19251 12221
19709 13426 5845 1795 5777 16210 11791 4803 9978 12624 19014 6659 9125 12768 7063 138 8404 4955 13558 17527 13436 7160 19043 19514 16089 18376
1456 18483 8462 17390 3877 14018 15785 5107 6807 16086 13400 13046 19730 16426 8898 12230 12658 19558 13311 18087 8791 6793 9685 14759 2208 10073
15117 12389 5924 10290 6561 18490 19488 165 18964 17722 15408 15575 14009 275 5636 12563 1945 3874 17245 14418 3814 9352 1002 6987 9260 17634
19037 8713 5193 10384 17914 7875 18813 14819 4773 9381 2269 9587 12764 4906 13453 2087 6095 7605 17372 4379 16346 9379 199 986 15950 6897
7666 10348 7578 7166 10712 12655 14652 5492 9363 8144 3842 2742 19987 1518 8878 6799 15574 8784 7974 2486 1797 12300 14415 10714 813 11449
18426 17140 2611 2104 9216 16025 4261 741 16913 238 6878 11984 9899 12079 1642 11487 7689 7587 13329 6496 18251 19306 3349 17805 8159 9437
19521 12709 8084 2773 87 14313 16450 12652 368 3975 11164 11201 13153 10401 7720 471 19590 5364 2263 8541 5497 15348 3178 10240 1682 17247
1772 8778 5287 297 6800 6094 8763 10373 3443 14116 12814 19850 9535 5340 9698 1090 4394 16203 14840 14761 14803 1326 1518 13803 1095 3903
3512 7480 10624 4158 5197 15001 16885 18199 19633 3398 5294 10595 17408 4487 16959 5798 4799 9944 1996 16850 9928 10465 18029 10995 14104 9046
19207 19021 16403 8061 187 9035 5236 3781 10768 1275 16338 7841 11734 18807 18428 18146 2184 4130 11609 3809 15480 12715 7917 7596 15134 4725
9661 6121 12783 1430 14087 456 5221 18964 14377 14005 4450 9400 16114 8200 13796 6393 18026 14671 3537 9121 16222 18424 1436 6417 19326 5891
7378 15812 8353 7873 18764 13678 16244 16808 6507 12585 15236 13660 3423 9351 11742 8082 12750 12395 19199 18408 9719 1193 4134 17799 10224 2220
1589 2952 1457 3923 7947 15897 3233 1956 18209 629 12610 5788 3122 19884 12151 911 7633 11693 12147 2868 9766 4958 2145 3311 7920 18556
18501 7270 5335 9843 19837 6871 19869 14864 5998 13445 17850 12727 10425 862 8478 16968 16155 18990 9777 26 7209 5254 14153 2029 2015 6446
4801 15022 11405 6989 4896 12272 9743 8268 14384 3807 1476 2887 13911 2118 7637 10021 2934 2938 13147 18657 19193 12920 10419 2070 12322 5301
777 14409 9860 17086 2625 6981 1634 4844 14007 8987 639 3536 12754 11823 13041 2478 18735 5319 6106 11261 4056 6932 14812 13182 4142 7972
5446 739 19044 2625 15562 4955 2832 13730 18669 8929 19905 2687 2676 16890 3620 244 14944 9645 6806 19729 18287 1254 4814 18147 19260 771
2126 7770 13802 2757 14875 11380 3090 18744 10183 11273 14766 9476 18983 13381 18684 19366 9095 14049 19561 31 19382 16305 18087 16396 2362 7715
11207 15887 2736 16459 3549 5825 14634 6415 6169 15877 7921 1126 12839 15226 9265 17736 3417 4217 10574 11921 11737 7624 3245 15285 17644 2891
3259 18752 15591 3797 3441 7632 14347 15953 19605 19323 12844 2877 1770 4548 1858 10689 19348 3848 12807 16246 14145 7888 12303 6321 14843 16897
19977 15298 11879 13791 49 17014 17762 16724 10339 7537 831 12130 736 14804 9228 9374 5816 19605 14879 16401 5845 256 15440 4681 6161 16355
17959 948 10043 2899 3635 17830 16775 13553 2437 14259 2167 12931 19495 2182 421 17471 3722 17324 19366 1527 12681 7889 11814 5335 12370 16006
6704 14067 16778 9669 15546 1033 17688 11208 10305 8557 11875 894 17658 12377 18442 16026 16319 3349 6108 7263 16735 16537 4040 7248 9608 18910
19931 7057 9866 9756 11790 6898 5604 14612 7359 12580 13982 1076 996 15350 10294 4763 10972 3131 8237 15199 15650 18505 7480 17069 11051 14209
19461 8321 451 1501 14948 8302 18719 18448 3579 9448 13496 17369 19713 10291 5281 18356 7931 15883 19660 8181 10534 13722 8093 10523 8153 8191
16861 531 10513 18318 9770 8962 3841 5974 9080 19545 11607 5713 10899 7817 8178 6471 4199 6861 300 15978 12027 10458 17599 11639 1926 9253
584 8112 19410 19138 1180 17382 9432 2774 12317 3760 19682 6515 13642 9082 4051 5467 462 5911 14317 431 810 6003 7689 10007 9191 17436
18017 13710 13852 14458 13556 2263 18620 3165 3044 15050 12281 17523 6475 12235 3394 10676 790 17262 147 8345 7181 14910 7157 493 2893 13160
16007 11058 9238 3159 2371 7995 17784 6848 3994 16833 10278 5240 12758 12908 4288 2343 7606 17633 3966 15200 18868 16133 18677 18188 14530 18761
14802 9980 6873 16209 10900 13835 15415 4566 598 14023 4341 9717 6316 11126 5905 13856 3540 18566 14847 19999 4522 942 9809 19699 15966 14158
9807 12230 12765 8180 16677 10611 692 6383 12087 17122 1719 14311 19272 9451 12524 10152 4019 17796 4719 15689 17557 2558 5485 12028 8436 12544
4955 10734 7211 10204 13530 5041 14898 11429 18510 3521 14813 6078 5917 10224 14068 15056 18125 3642 15749 16389 15518 3894 7839 5569 1540 6665
10098 19217 17114 1110 16962 5120 11091 14953 15887 15065 477 11431 12445 17808 16703 11468 19976 13601 3661 12181 6240 3002 8534 19709 1444 1020
7451 8017 8647 3764 2149 15233 1138 19248 15476 4064 1554 15826 12585 13975 16886 19315 7000 17326 6897 4499 18843 2748 6853 3145 9521 10454
6361 16686 3173 19923 12666 16664 15313 10614 18989 13329 2759 12396 10872 19321 4841 18142 10576 19899 19402 3463 8973 4911 778 10958 15769 19533
18669 224 10871 14675 1249 5171 12385 11251 17210 4396 8092 8993 15751 6958 12882 19113 9876 19102 1157 11746 10937 11820 17213 15187 9339 12784
11557 15754 19053 14603 7414 18427 17670 7724 13340 16573 6827 6785 12353 11643 19546 5455 16425 13241 19449 1056 8592 12377 9756 722 2781 13919
8847 1677 1344 19301 4891 6696 10397 19015 9559 17443 3171 10792 13604 12193 13057 15014 17019 17161 4871 5817 9132 19162 13274 3992 14704 6899
3034 8272 16969 7013 16495 13152 10964 7671 4791 4264 16511 1836 848 2022 7304 15001 12913 15517 19186 3314 7804 1398 8047 7376 5157 1504
7637 14371 7602 9509 19670 1055 17850 15614 12332 13237 13769 10499 16242 18704 15415 10764 8270 15680 8980 16792 7140 6151 17252 2603 8523 18194
8106 13270 4752 19985 793 10864 14422 14690 18990 2686 16242 1485 1557 5536 18732 4321 19345 10174 17102 3421 7334 17960 8748 8608 14570 13238
15710 4847 854 12108 10817 3460 8905 462 10389 5688 19862 19768 11458 4388 2221 7952 7852 546 10930 17460 18818 17076 1165 3731 11493 16952
9152 10871 4767 142 11970 907 10837 7885 18518 18456 2632 2925 6989 8610 17059 966 5207 3408 17713 1830 1157 17084 11449 2070 13453 17374
7041 14394 1933 2641 750 13402 13057 19352 12688 3103 10072 11576 8114 15110 6081 11721 17819 4658 17035 15599 18934 8417 16471 1769 18615 13413
14991 1772 13030 16716 11806 7254 9052 9985 14377 6632 9571 16522 2076 17140 19048 8611 18396 15662 1839 18031 220 18000 5064 2251 11198 2216
11938 16070 18393 2033 16195 17993 5328 9346 744 15332 2451 13608 9014 2467 3593 6241 14707 16036 17875 1272 9404 6380 4575 14953 17780 6135
14645 17778 19318 16726 6090 13450 12332 6946 19063 8637 11997 5386 15929 7914 13552 6621 15574 12547 7978 201 16253 7134 8361 16063 2106 1526
347 12319 10083 5578 16637 13600 19493 113 1272 18690 172 15703 17055 6932 916 18790 17036 4658 3523 4248 9888 1829 16180 16144 3767 9565
16899 3367 6280 3310 5289 10832 6870 18787 9899 4990 6669 7201 10665 17826 4230 16733 12052 17951 4962 8803 1781 14379 13218 3833 3958 6725
450 11826 9866 10372 16025 7603 5547 5333 18337 6086 1452 4327 8329 113 15752 734 5151 1324 14770 14354 6476 18229 16632 1154 1902 14620
14231 8919 4117 6371 13524 2072 253 12382 3201 4993 17166 3027 12791 19777 620 16307 8451 13351 9206 679 6949 15070 18259 696 2108 1871
578 15231 531 16191 11639 6883 4167 11554 242 14995 8096 1794 12306 1075 7787 6211 13378 14137 15147 11409 13391 7734 13096 13944 18103 2389
7735 1441 5015 447 19176 14388 19964 11271 15790 11876 10661 7860 14657 905 15963 13751 14735 3859 13583 13230 2490 18030 3929 4573 694 11334
6741 16932 18845 18975 10293 19347 11300 15279 9842 15956 2282 10002 1803 15106 7195 13571 4785 13095 36 11339 10940 18142 12537 12321 13944 14643
4653 12918 948 16738 10178 12991 18519 16823 13765 2441 8460 4932 7563 18007 7277 11029 4918 11940 16267 7951 1872 5839 15535 10717 8939 4285
13967 1424 16722 17041 6837 10233 8655 7261 19128 929 7211 7255 1393 15946 14327 16915 8836 19327 11018 17514 1634 18321 15040 11819 13271 16312
1295 5231 1932 16911 16566 11851 4007 13348 9702 2488 9928 19722 13769 19887 18389 15498 779 8906 8731 4450 18839 10262 15675 1884 2780 6872
19127 9260 14787 15294 16625 19286 9033 18403 17907 11376 19859 10010 13327 7637 15035 15737 5991 18949 8060 765 11321 15005 10149 16136 19096 5915
15816 17347 12718 13256 5733 5724 11024 2175 5714 17159 1524 14571 4859 1298 3410 19798 18534 15502 12742 11920 16875 18483 18097 6793 11679 13239
10987 9321 11863 12836 3694 12220 4335 17168 13809 6114 7833 834 16772 7600 16133 11682 11732 9763 10435 9476 15602 17908 16191 16962 3859 9665
7996 7491 11784 12774 18056 4625 5511 5004 3617 4158 16235 12945 18762 7982 17826 360 8425 9415 3838 14542 9700 2067 10276 16326 15484 2658
12016 5655 2231 18679 1723 4416 12950 2807 10911 19315 14600 4303 2204 7984 9250 9991 17935 13768 1839 2469 8551 10424 3507 18095 3882 14897
8264 8939 12700 12804 1122 16039 4505 13132 16490 10559 5347 16126 13527 19569 848 12414 8492 4726 11438 14993 13651 19728 544 7788 1018 4118
9735 1262 19892 19107 565 11556 4315 5896 13590 15231 19254 1228 12690 9895 718 12428 13148 10010 16980 8396 16213 5347 19674 15413 16505 11732
2136 13860 8724 18229 18937 3452 11024 11018 3588 18108 19749 6096 12857 12378 8800 7482 1478 1659 14324 17830 14487 16986 9341 17540 11391 12559
2859 10585 16060 2601 18755 19294 2315 12302 2026 4250 3852 19767 17381 7512 1983 6839 3472 5578 1474 3410 15275 10861 14338 12889 9581 11148
16976 19383 5684 9843 14709 2434 9713 15322 7382 10700 17435 4234 4319 6867 18654 276 3999 17141 5162 1944 15526 2721 19532 3303 10894 17836
10901 12987 5753 11343 6316 15538 17678 11840 15853 5064 10750 11310 12259 15346 8701 18025 2240 1387 202 9857 16162 3921 9305 10267 7597 7544
11016 2671 14379 18834 19359 1534 18712 16361 18664 8123 11466 1057 2447 8112 6281 1581 13308 18912 835 762 19130 9781 5469 15982 10083 2723
19964 7563 4815 19986 5340 15677 17344 6152 7525 1224 8749 19844 11160 10898 11901 1544 15378 6813 463 4089 6166 7279 3365 12172 13186 18754
4731 6985 3291 16574 14697 1624 18639 14089 18993 17396 6324 19041 18392 5760 5926 18658 3196 9148 14563 7151 1533 18545 18136 14169 367 4156
12817 5901 19413 11516 2521 2650 6239 11010 6221 6988 1281 4676 17727 5339 10557 7748 4293 14460 11884 6286 8468 604 7273 6805 14749 7118
19716 6649 10361 5311 19940 10220 6313 1782 10710 1967 14777 17573 13459 482 15638 5396 11721 13432 6814 3955 14361 7749 9169 2516 137 13449
6294 2883 19515 10302 4078 17228 2157 6218 18669 9031 17126 10354 19832 2269 12115 17442 2202 12366 13508 16710 11297 4045 2428 9116 16264 16495
945 11023 5068 5012 12808 11272 9052 8694 19172 7672 7359 14983 11200 10198 14837 833 17061 15158 17018 4561 5547 17357 3996 8213 1395 19258
19003 14984 16268 657 164 11653 9326 2622 17733 9795 2370 849 7426 6630 7103 12220 439 18239 15600 5255 8558 12267 10873 3003 15757 7390
3108 1660 10859 10812 14336 12125 12250 10112 8011 5021 10568 18520 2182 2782 14624 19718 17610 2182 267 14314 14867 8281 5495 15444 4268 6508
10805 16578 16084 18899 6517 8063 16505 15861 4309 16437 12742 2956 19454 9129 8370 18251 2292 1619 10504 6366 16826 8520 14466 1717 14820 13583
7386 11236 13683 4415 19242 9440 6165 2096 2978 17396 8892 12568 13379 15937 3896 1912 12825 19942 5028 10736 14135 17996 7126 12346 4585 13580
11088 140 2076 10190 13847 16001 16900 16861 962 1123 14298 4592 4611 13436 8632 10337 17498 4637 2680 16419 8257 11643 4481 11799 14096 13373
3395 18820 13368 6595 18287 180 9087 15364 9085 12241 12783 19474 9350 4637 17044 1001 11712 2241 707 19533 19753 1247 4859 1852 12999 18731
18010 18862 17470 12435 8962 9916 2754 7135 1081 5215 16518 16899 16481 8931 1747 17664 17711 14937 9773 17499 1611 7467 255 2036 12095 9604
6827 552 561 11850 5647 8391 857 10577 18214 14461 3530 3255 7528 7555 9391 10584 14862 14082 16126 18567 19981 10818 17300 8573 4021 19976
3810 1751 2345 6399 5610 7271 17041 19066 3579 1215 5361 18166 14474 496 311 8396 7346 10118 14985 2451 19149 786 4418 12266 774 19154
18822 9160 16018 7282 16432 10930 6176 8427 12039 10255 11628 4452 7015 1881 7061 230 13530 14385 5312 15685 12950 156 1857 6242 2497 142
4636 15600 13299 2443 13161 6998 14950 7939 6283 3398 3082 16758 8182 5271 16953 15551 14913 11474 11489 16700 16027 17978 17551 5265 8035 3688
6998 13977 6026 721 700 1261 10570 18835 13602 1339 600 13587 17096 9923 10526 3012 18941 18827 10532 8154 14954 13315 5887 8143 12811 14651
5505 13397 3231 12330 18157 17912 18450 9402 6721 16960 2064 11698 8851 3531 8714 19336 1325 3781 7028 11835 13500 6111 14550 13624 229 16350
15915 9384 6057 14475 9477 19599 12303 15899 361 15257 14320 7311 13070 1670 10453 4680 10686 10492 18101 10357 2083 2997 2172 5155 17918 9296
7144 13254 13519 912 6978 7498 12656 13679 13688 16213 19028 3586 16226 4687 10474 13198 13204 9229 2784 16406 3199 19212 18092 19606 9985 11900
49 6422 6908 17600 2185 9709 17607 8752 19160 5856 15389 8100 16960 9302 5859 17300 16136 12406 12296 11485 5403 8361 4677 4633 17796 15769
5093 8546 4650 16394 2094 15531 8026 6406 9616 7504 12499 2899 14259 14409 1015 7926 9006 1365 607 10734 7626 10698 2117 3698 902 3686
6011 16702 18672 12547 14854 3450 10334 6234 3549 6559 9429 5704 10436 17542 4260 18804 11736 629 48 8947 9123 18602 1008 4213 12516 8384
14255 1095 9418 6850 14809 17941 18487 17592 7758 6190 6997 3262 2306 12321 9981 17263 12987 8114 1806 10132 6812 19526 8836 5900 1490 8739
14050 6608 5048 858 9762 16261 18431 6982 18948 19246 8097 18265 6378 231 11080 727 10578 19554 14649 1581 1851 2316 13680 15170 7896 11718
19850 14154 14443 10592 11629 18572 8754 7457 2167 15538 6396 16520 13231 5979 573 8415 18293 7447 10444 11789 1165 8755 197 15406 11412 19369
11819 5872 3829 13585 8744 5129 14122 935 4237 8296 10552 1077 1155 11251 6554 16789 4219 6151 18474 19458 6836 18168 19094 18316 2968 12634
9368 12382 17822 1493 16952 19729 13912 15938 19882 7583 7471 7516 1771 7516 13066 10713 13801 14935 10085 15183 8317 1656 8177 11507 10236 17830
5858 9216 12311 1670 18487 15912 8658 18986 10670 18105 1044 6534 14629 16962 11429 6610 3620 5824 1788 810 18780 1872 15558 16808 12045 15623
18988 10832 17480 19360 6019 1862 2740 4538 6991 7380 12625 13792 5992 15418 15740 7484 17714 15063 14423 19085 2232 12954 7762 11807 7240 8119
18696 2533 8086 13290 7644 16061 11420 19668 10498 3527 11962 7431 1558 5300 2412 10061 10597 4543 15128 6470 4225 9213 10891 2243 13112 11559
13749 6346 7340 7531 8051 11101 5359 5964 3422 13824 1011 3859 11080 15036 7680 12181 19976 14458 1422 9142 11258 16317 12561 6309 12570 18828
10198 5158 203 13694 14543 976 5039 524 13575 19653 4427 8416 16898 11699 10844 17429 17328 17285 15489 17015 14942 15827 6530 18063 7512 7260
5580 7052 13128 18751 12509 13767 11360 15592 8450 8943 2263 12609 11400 12613 4394 14096 9494 9539 17851 6591 3991 18536 8832 7160 14424 6746
11193 19506 5789 11795 13403 230 13359 6249 16428 8556 7200 17015 14287 11846 15845 15241 7035 2079 116 18470 16212 4768 11270 150 5691 14904
11306 4648 13262 7218 17738 3638 483 15087 7826 7351 7187 6331 4764 3059 16220 4447 16704 10976 13874 10069 12733 1978 15672 575 13938 14873
19556 5896 6227 5134 4422 5638 4196 14595 11500 11652 8899 16955 6542 2656 8107 5956 11429 15165 11372 18817 5152 10114 2303 16169 6817 332
2192 6121 5597 5585 15435 19138 18235 10495 12637 8227 9405 7413 15830 8723 11567 7053 19110 8071 13249 11350 1094 3340 435 3118 206 17625
12450 18013 13395 5483 11745 5433 4861 2241 12966 16595 17056 8701 10365 555 2469 3804 2212 7617 17414 6068 591 3817 2516 967 19558 19019
15677 13366 11906 15252 9853 14857 9373 1551 5218 8009 18694 11223 390 8856 631 1975 16243 15342 16530 19793 12384 4751 4608 6912 1632 5418
6523 11021 18783 6954 1207 18557 18047 7557 7344 2185 15304 7676 7716 12862 8503 10920 1068 16056 5295 6750 9633 3975 9497 14886 11194 522
555 4056 5682 3666 15037 2050 18641 18594 9160 19556 16805 3358 13161 12200 7026 15524 7240 12932 10287 8963 9022 88 7557 18632 16837 13114
2587 13758 3373 18357 1832 9941 18661 4479 9610 4378 14025 8931 10087 14705 730 1486 12189 5274 6384 11497 9664 13802 692 6844 2023 5119
13656 16486 461 1613 12749 3085 16757 18208 3376 348 4769 6064 15066 17410 12482 2411 7279 2366 11512 3666 18495 5108 13061 12495 13583 9487
2448 16108 18094 7574 3778 6014 19061 15743 18027 2397 9885 11260 5540 8632 4091 2623 1076 10175 18338 9274 18833 16111 13947 1155 3324 16168
10880 14463 2896 17341 15064 17076 4102 19037 10100 1308 18965 14459 10606 18963 8591 3222 1090 18999 11487 12100 17582 1255 2773 13467 15464 650
8491 11539 424 16293 17615 2319 19106 5868 5061 19613 15443 9583 17410 19439 8226 1055 7633 10310 8200 14251 18191 2433 19156 8306 11709 15577
4249 15959 6262 10377 11777 4049 3277 2814 14634 11608 7895 12655 19375 9221 11424 2064 6873 10185 5804 2433 10121 14228 14548 9197 11438 18220
13280 9803 1079 15834 13285 14252 4964 7162 3794 13299 15991 19996 14377 12690 8398 11421 1202 509 12351 15633 4686 12420 10982 13149 6216 18501
15436 13209 17165 3915 5197 13812 14508 18497 2996 19537 6179 8911 9081 16218 11665 6050 2458 13780 2323 6837 10338 14093 13791 17474 9203 1604
3411 10952 902 1366 1989 12027 7463 19950 3016 15203 6298 12281 17873 13864 1104 13910 11532 5729 4346 11309 4341 1764 12696 12171 18357 12136
18765 13525 17373 12218 17639 12777 15374 4428 4533 4722 11844 16583 6478 2133 11338 11015 19712 16673 8201 9795 8398 10283 13089 4732 8580 9172
9670 546 935 10307 11598 9529 9803 4111 8395 11466 14765 4936 15417 5798 2646 18576 14587 18875 18797 6993 9469 5415 17230 9484 18508 14635
12953 524 14230 18664 18904 5766 671 15788 5517 10211 18184 19499 7821 18107 3879 18089 4527 15066 9606 11987 17019 5077 6220 4694 7803 15935
3358 12744 15661 898 19034 1474 10261 13146 10236 11387 5386 7110 12015 5618 18528 19957 13864 19411 13752 10958 8782 18993 1732 19496 5221 14874
8519 17082 2435 4588 15518 18326 9615 13469 15701 6126 8881 9424 470 4602 1858 1200 2405 19755 15762 6786 12871 1129 14558 2040 5343 15940
7972 1202 9572 232 3468 7809 510 9472 16866 15481 8859 14978 7901 8238 7287 8292 7345 13219 1120 1559 14098 2349 12696 12796 10857 813
8857 19386 8163 581 5603 13524 7485 2526 13099 5206 10011 8503 6157 18108 9401 987 4076 6371 5781 15672 4167 6468 7347 7712 17042 731
5949 2613 16062 8562 941 1861 13387 6901 2547 5304 5987 9682 17586 1963 15645 15838 17158 11710 18055 13977 14270 12223 5877 19560 13974 13791
8348 18756 16391 17313 18480 16296 608 15203 2878 2009 14742 11320 12726 7847 9293 2969 5574 10018 3434 18385 8934 10746 10873 4221 12455 17054
8844 11606 12016 70 7639 9143 8398 8793 10378 12449 13267 15789 11333 1580 12205 109 2317 11291 14397 7095 14698 1302 10304 15948 4987 7544
17880 13368 17384 3442 18868 18034 19252 5706 4904 12519 2330 16323 15381 8734 9391 5435 3277 3319 9299 16835 8854 894 11187 747 426 16550
200 28 2241 19145 13886 4635 307 17298 2556 16541 18055 6345 7643 8986 12280 10865 16758 5999 8119 16836 3845 11121 2523 15668 15699 14230
3565 14522 14700 8710 6235 1542 488 11121 7317 5201 16036 13749 15478 11652 17677 5582 16016 15430 2483 19915 3897 3555 5419 3774 18229 2574
6673 14613 9866 13285 6143 4179 16685 11936 19297 12355 8113 2370 10927 14220 12997 19346 16548 473 17710 3489 15244 7004 19885 2701 13842 2305
8344 16249 11083 2965 2549 3907 10553 4815 16180 949 5026 1968 15199 14548 8667 2558 11187 9531 1061 10513 10250 11189 14979 4505 15179 11484
16099 4605 15507 12695 336 2943 11606 10123 13218 972 4888 12272 9276 5866 18950 8406 12414 17348 5864 3777 3244 11019 5726 19953 14102 14479
9611 13482 5669 13106 12425 13011 425 6229 10292 158 1328 18162 14134 107 823 6856 15987 16401 2975 16394 8667 7011 5665 17102 11926 402
2016 1533 15653 17438 12845 9615 2643 12553 11840 9785 14576 9981 9156 9350 2057 11758 9859 11804 13811 13922 12091 3085 1214 80 2331 9364
14322 6092 15142 15599 17931 2626 5054 4911 1355 9866 14277 7167 2911 16955 7012 1896 609 986 12255 12874 8289 15786 14877 13143 6820 2847
7098 7861 9456 10989 11722 287 16666 6634 11723 4357 9047 16430 13185 10768 15292 7028 5576 11797 5326 5568 12032 5759 14131 308 1689 50
18348 17186 8994 9819 13730 10886 2714 5713 14184 9419 12136 2371 4895 879 12495 4791 19914 15343 5193 9101 4344 12874 2383 1826 14088 2189
9158 4205 1696 11098 17592 9653 17232 9143 5715 620 15504 8498 8301 9424 1835 1344 635 14206 16122 3002 12107 10186 9560 17741 4850 12722
17928 113 9720 3141 6538 3184 9825 16424 4159 17286 11456 18933 16075 13024 4127 3877 19828 1950 14447 19823 6320 7923 6809 10878 11783 13930
12614 12224 12281 3063 19796 333 4448 13440 12189 7449 6886 5739 10203 3109 6676 14652 3414 1958 6088 15547 443 5988 2795 11850 2689 19159
661 10306 3695 8024 9023 8600 1683 8186 767 11605 11191 4503 3511 14964 10988 12875 13717 9747 6826 19035 12412 11462 13669 733 6804 7848
16124 16136 14926 5328 1741 17744 2785 4764 18070 10655 9995 6756 5668 2064 17336 11980 4369 2602 12217 15765 17993 4479 19283 697 2289 9099
6049 9461 6158 14286 18363 6282 197 3357 7304 6216 3899 13761 2309 1497 13749 12312 1289 15351 10401 18647 17582 4954 14486 9170 16434 14111
15168 17090 16731 10772 4941 13311 4022 4527 2830 9166 16067 19891 7437 5390 8060 838 6414 1096 2038 17282 2528 16148 4347 5005 924 14336
11045 5403 1051 2706 840 13425 15480 15464 3365 4914 6064 13619 18142 12446 974 4260 11349 19278 9971 8244 18413 16890 5571 1526 15194 11446
2761 6601 7960 5138 6654 17137 7874 9833 13008 15922 6302 15062 17457 16468 476 13754 13836 15554 6272 1983 2390 13336 19004 15239 550 3133
13984 1574 16301 4024 8940 9356 16484 2170 12659 13011 9864 15370 9186 19891 5387 4767 13183 1006 6011 6901 18916 16404 4712 5406 14688 2214
10949 6991 12182 8761 4702 4755 18527 5926 10169 12173 5374 12589 16088 4250 17135 9343 1368 4639 2011 2664 9130 6637 7095 1896 19424 8861
12393 6382 12601 13504 5231 18758 10119 19109 2242 10613 5859 13973 5598 5351 11358 9207 16846 4113 12347 12054 14425 6037 9110 9307 3187 4464
9468 4416 9823 7692 13571 6291 15310 15375 18021 288 16157 258 15022 15377 19115 7750 9336 2762 2634 11044 10922 2873 12179 2780 1736 16734
7602 15688 18706 2483 7801 4371 19441 9854 17563 970 9146 1419 3668 11380 5490 642 1125 11161 14220 9808 3096 13256 2226 19928 9587 11931
13955 15431 7781 1367 19967 2052 7989 7974 990 8006 7355 15095 15803 10373 337 12855 13519 12986 17074 19658 6368 12116 15474 12897 17150 4242
12651 5116 14898 14799 2535 16461 6999 1672 15016 5661 1239 9109 5380 6420 15678 18703 3670 10398 19853 14638 16563 15037 18873 12544 7851 812
12485 14935 2397 17034 18133 6388 2111 13760 19292 5218 3694 73 19866 19732 347 1787 16553 5417 15367 10801 18253 6811 9943 7283 4254 7717
18124 10438 12025 6413 3061 2984 10032 16920 11778 718 477 2267 9162 15240 10027 1887 19300 16795 4308 19633 4589 6468 13796 19407 14549 9649
9224 13348 5816 17686 13943 9889 14242 11985 6126 5612 8226 10383 15355 4011 511 1589 7237 10192 10271 10627 4758 4735 11276 1648 19646 3277
13106 8827 8349 19822 18656 7900 1691 8304 18585 17979 2145 10750 4831 8319 19252 15413 8261 11611 10152 12224 426 103 4399 11853 10428 14932
7126 10607 1598 4586 10721 11655 2521 218 19035 16125 19187 15913 12761 8965 1144 6644 14242 19776 15994 4781 14882 12701 6436 17541 12979 10859
582 4829 7007 17243 19667 16870 18970 18887 16088 10822 8757 4457 9852 18799 13880 7186 12579 17605 13715 3219 12162 11925 18091 903 7913 14088
2836 1352 7561 1540 17961 17474 8057 11096 1330 3967 1043 14970 9074 8218 15931 6851 17330 4711 9077 6229 998 5377 19659 7415 14276 15112
13563 6464 9175 13646 14471 2442 13130 4941 2443 9474 13391 15004 8845 16898 8400 5366 1248 11522 8040 7917 9497 16926 12324 2613 247 14624
11558 15756 8680 12827 15258 6124 8926 19704 17154 5407 3883 4673 225 10633 5268 15339 7712 2954 13626 5938 8609 12764 18240 18734 16775 19198
1607 7066 2615 3637 5026 15374 6453 18530 17731 2921 12353 3474 5021 14030 6850 2819 18617 5742 5288 7152 4838 9046 6536 19270 11975 11911
5203 19107 6806 14498 15569 19364 11495 10025 3511 3503 13792 19136 14404 19982 4840 11847 8010 13543 13989 2609 4367 10014 9822 9162 2313 17089
2067 19726 19811 17556 12084 7601 12527 19928 8791 8900 13127 13533 14364 13234 15502 4345 10221 15337 9655 19347 15260 15161 6876 18317 408 16655
14848 357 10491 12368 4207 16679 13214 1375 1800 5206 11071 291 8824 16037 3917 14757 18396 15852 8612 3474 13233 11906 7281 8434 16192 19554
17064 2617 664 13133 13205 17388 11668 6524 9671 5140 8875 7445 4852 2812 2418 659 19436 18539 17323 625 10164 16982 15705 6134 19558 4179
12264 1459 15818 13762 3750 9302 13766 14765 12530 3480 13277 10668 18863 1646 14569 9284 14948 19460 5009 5547 19005 12202 18946 13655 14712 2208
7650 387 14211 19453 15047 19051 18659 4778 9967 14364 4991 8268 7939 4236 13582 15551 1750 5141 10952 19183 18295 19253 13372 10205 12403 622
16621 4649 18432 11234 14759 10594 18824 3464 7155 18327 7058 19615 4293 13117 6792 4775 2624 18076 16278 11688 5484 15137 9865 9768 7462 3235
4909 6096 12246 16401 11381 5995 18374 1142 19667 12698 9871 14117 8859 19748 11617 12654 2322 2971 5299 5135 2610 3718 19475 312 15084 14665
2690 16484 5884 8072 13513 6970 3060 13992 1701 14552 9968 4622 9842 16381 16991 13206 21 4731 19024 4096 19898 15526 5645 12519 16624 7102
19633 8043 16011 124 7066 1607 355 9082 15883 19147 2335 5451 15505 18611 9852 18395 7676 18459 17943 14368 1094 1908 7211 4102 2705 18794
3865 10091 13788 4800 10249 16489 1270 11862 5534 3968 19118 12123 16554 2825 3807 16147 4087 6132 9687 1644 1146 2321 10455 2395 3373 2348
3733 274 3714 18989 10527 1398 13902 9268 8306 7825 7705 16485 11649 12340 1297 16808 1953 514 17518 13469 6253 10856 18622 5935 19109 15136
11037 15795 11911 12136 2038 15061 8267 183 9373 7802 18467 65 17072 11072 11432 3717 6344 5801 17790 7701 13652 6122 15884 11931 5946 8234
13291 9804 15935 17720 10996 3487 11038 6792 19106 19038 17065 385 15931 18445 18994 5390 12821 14077 17870 19384 8004 10564 13761 4379 2931 7642
12459 10556 12752 2509 11776 9456 19495 8395 10134 6895 15000 3584 17983 5148 15290 18026 18844 6301 17134 3270 17511 13564 15047 13928 8498 12007
11968 6203 18091 12041 3188 4916 7417 2029 7684 19761 16202 16678 19290 13841 17818 15539 15854 2135 17391 12066 9812 12294 10059 2385 5805 9055
1172 15239 4281 18321 667 8093 10301 536 18429 6607 1996 10055 19941 9905 14524 16876 18699 13496 9073 508 20 9456 6617 8342 11291 3897
8855 14242 10205 9237 17363 6374 14045 11654 5352 6156 8335 10875 9302 18916 14728 17338 4665 16655 711 4931 13649 9203 2933 16488 939 17164
17606 15317 10200 6948 8446 11059 33 2547 687 7754 12432 8567 19150 7625 16862 19498 11311 19867 18291 3082 2914 6873 16256 12805 2555 1875
1125 4131 12012 17038 7342 5540 17806 6684 15753 3642 4779 17197 15696 14830 3833 5685 6217 4664 19327 12643 6969 6742 16942 3148 5756 5912
15537 6121 13834 3229 19357 6310 8962 11142 3007 14767 2930 19006 470 3356 7443 1154 14249 4880 11302 18633 552 15186 2525 12392 1062 19518
3585 4934 7354 14269 1323 18178 17991 16749 16070 5198 10453 15416 13062 11742 19937 9576 8777 7893 18890 3827 19809 12145 7795 6512 13149 15626
7270 18288 14130 631 6464 1181 2429 1523 4527 12825 4825 11398 12507 10539 8370 15221 6671 11721 12987 7045 8820 16168 14745 17580 228 11550
17424 10150 1600 14612 10790 16738 7985 9349 1605 16112 1464 6346 14573 2851 10732 18942 18204 5698 5035 2017 7401 2242 18217 11616 17121 7973
4385 16015 12055 7952 16108 8514 18243 3410 5617 8828 16980 9843 16773 11834 2173 18912 19143 8854 14458 8081 1303 8821 8848 11328 11755 16695
3327 604 18776 17912 2874 1265 1186 6821 16809 17206 1429 3019 12649 15730 18707 11991 11555 15231 14923 15756 17291 695 12003 5592 8434 1078
1086 16286 4175 5563 5999 7203 4960 7514 5661 18366 5769 5392 5035 17884 12808 15375 6783 17721 17790 17918 10772 380 5156 1748 10069 6655
6321 836 6784 8217 6622 12545 9173 11685 18413 8715 14290 4369 10325 3885 4470 5630 11951 14533 19994 12242 6584 6630 13425 14553 7113 14265
1483 16318 462 16688 15773 745 4875 1970 9622 1424 5088 6302 11459 277 17679 6275 2672 8511 9863 17611 15339 19070 19538 15641 9973 2227
18034 296 11259 11294 3752 18824 9397 19261 14668 7976 10159 18022 3152 12594 4107 6955 8550 5457 18199 15547 19242 19725 6622 5321 17885 18322
15262 4364 4225 1230 9631 9131 12537 6707 2222 10471 15350 14095 4176 13772 12274 16676 5200 18481 9365 14802 10436 11049 6914 2602 3141 16153
5394 7373 1326 17511 18847 268 17685 3085 14060 11275 5319 19497 16985 7757 19483 3288 19303 10111 7339 5058 17052 11224 19284 13770 3644 9997
18440 5529 7965 1059 7975 2282 1144 15365 13508 12228 7307 16745 1410 14165 3706 13390 7719 2050 13624 8332 18264 9052 1283 19668 6084 11417
14985 16976 13602 1293 12418 16438 6986 8994 18938 6592 3099 10281 16138 13159 1896 11854 15811 14270 7021 19600 2157 15109 6893 18390 12053 17921
18125 3190 1568 2558 12607 19582 10585 4182 9932 9253 1251 6382 5922 13200 9584 11691 7810 14121 18669 19424 6978 10243 4217 4058 8328 14548
254 19851 3155 250 12683 4913 8533 18311 11811 18601 502 8038 17176 15994 11735 9112 1367 17949 11575 1063 18579 3359 17095 13261 16544 12836
18871 10172 5662 46 16134 3147 4298 1528 12354 6267 5365 9137 17470 5390 13026 2296 15546 10553 6367 12402 19439 11078 13804 11163 489 14701
18845 12141 19902 12607 14663 2987 3501 12495 4913 14662 5952 5890 1294 1030 18778 19705 3778 12793 140 15566 7082 3717 5732 19462 11902 8633
16531 16440 7885 16832 151 1524 16163 10697 8388 8331 9554 7315 3512 7987 13398 8489 2136 19950 14821 3629 19805 9955 1079 12730 18413 16081
17288 592 16979 7877 705 6308 375 8471 2194 4167 7421 7991 7929 17945 15816 12565 13213 16618 4200 9752 7111 10837 7508 14014 17667 4715
18300 1236 12507 907 11951 10532 1416 7241 15049 15406 9691 12437 214 6345 16147 5136 10151 6666 14289 219 11724 6346 167 2587 14149 16696
8238 10427 12566 19747 15773 334 15924 2170 8673 6218 17238 14951 14907 5742 4125 8729 9642 14710 16282 2509 14339 2913 10023 7710 286 12749
701 19594 2685 6593 12901 8292 18377 5065 19374 5499 9246 14599 15686 17427 12655 13189 5944 11077 14490 7531 4671 13940 7541 4037 2728 11502
14332 10333 14420 1472 5829 9417 15726 1245 17260 10249 9171 16572 17298 17199 11655 14038 15454 13946 4707 15813 11424 10385 6399 1849 16054 4406
16108 11614 2857 18778 3030 2146 4138 9163 6720 18950 203 11919 6777 14984 19135 8511 4699 8492 9560 4455 12473 7664 11369 14313 13624 9124
3048 13927 16949 7748 19652 3453 7115 9025 16086 4291 19182 9627 15114 18142 10970 7059 4744 6287 14725 11345 16848 10217 16992 14089 17407 7124
2385 6672 18772 4193 9551 16618 17662 12397 1275 14109 5590 2308 8218 19583 19996 18956 1458 6066 12034 8513 8956 3118 16706 14415 3181 10448
12077 16568 10883 15921 6003 14696 15712 14266 18154 3139 10914 19898 2668 10149 14257 16696 5298 12410 7424 1106 18882 316 5838 9861 17376 9315
7634 10817 1210 9670 15207 9537 18304 8095 2222 17518 732 8437 18120 2010 19269 7556 16395 13738 4719 13444 14582 303 2794 5822 2819 10306
16033 662 17362 11770 5516 2083 3646 13023 9310 14895 17522 12836 6253 3285 11228 6663 5031 15685 3288 5320 15188 15920 3902 19211 4730 520
6605 15341 2245 11403 17722 1362 5317 1783 15123 961 19910 13022 8320 5480 15066 6316 2635 11882 12784 6949 5907 9830 4050 9300 6832 4
4877 7784 1008 2597 18658 9912 10689 11713 11450 5384 18453 10428 19145 19064 4501 3501 6421 2181 9026 13486 12122 14924 19842 16668 8027 81
10779 6562 15880 18359 17406 13511 14405 5615 12364 459 15330 6910 16801 10769 17766 7782 2755 16978 14467 1214 13272 11128 3246 11758 861 7763
1532 9960 722 4258 19645 1612 9536 8841 17560 8277 18388 15723 2531 4227 3429 7805 8696 469 3740 5997 16197 14808 10045 13705 12591 11577
1217 6146 4482 17152 12786 7237 15334 14218 4901 5288 6656 3673 9571 13235 6787 14659 8010 1486 5271 12071 11653 17259 19859 12144 10297 8818
8970 1851 4789 11326 16976 14410 19001 7486 14863 17360 1564 19968 3840 1717 4431 16709 8278 11607 17959 813 18458 367 6166 8362 10533 10700
5330 1785 4099 18645 10468 11180 15875 589 5086 19381 18198 8544 14909 11097 16042 10754 18397 872 11025 14517 19689 5502 10842 9863 14777 4959
544 13469 10304 1582 4711 14979 6115 10190 3374 14933 15567 11826 13015 6006 2582 8242 5796 9939 4530 16949 9132 14154 10408 3407 11029 4464
13847 19887 13902 9744 19503 13544 5212 19444 15422 160 9546 15202 12289 6018 2590 12707 18723 4158 2573 9742 7406 2718 4309 15820 18577 980
10067 8064 10670 17825 13906 14465 2959 652 2908 15208 8626 11573 3498 6036 14772 4106 5694 16744 12686 8472 3303 18263 8982 5227 19135 10704
6741 3738 2524 660 15991 16154 16168 12031 5333 10836 2617 1989 14973 14932 12771 3647 1955 11002 16622 11034 11213 19891 5640 4282 10078 11956
15896 3649 14442 8922 8489 7148 2039 11180 19067 16531 3753 18722 10883 6834 11654 18221 1778 8044 7082 18451 3091 9372 10727 9332 1279 4028
3209 909 2612 19593 12132 19417 8525 685 3746 8721 18642 17109 6489 15839 7132 19664 19069 15000 17047 5726 2243 17677 8798 7498 4592 1308
15300 11619 6991 1459 10263 13557 10379 17673 16309 6766 6941 18967 2895 18051 12703 16365 16256 6739 5166 12197 228 19792 13663 6191 534 3895
6367 4495 18695 15428 14743 11864 9713 9140 6290 12121 8801 4814 4216 9083 17418 1027 3674 16855 9965 6175 6870 10359 502 2884 8613 11627
