365
21 48 32 41 43 55 94 89 54 95 7 80 73 12 39 33 90 8 79 95 14 3 74 74 29 38
1549 3555 9744 18347 13664 10519 9516 19473 11235 10649 7705 8344 13431 16241 19879 16117 11626 4823 30 9208 7561 5258 18200 11512 8053 18968
2608 646 2314 6663 9591 7520 19556 2792 13086 10140 10512 4237 4799 711 7094 9469 8257 13998 12754 2467 9999 1147 8009 18620 12781 2235
2301 2840 2714 7606 11464 7366 9482 2720 9837 11676 1389 3677 134 9110 16245 8457 12526 6242 5335 8947 6296 8065 19932 8401 6597 3222
9248 8483 19439 18316 1841 17282 18548 13369 14961 19763 15989 9143 1487 7793 15689 19762 3303 18923 8897 4048 4084 7458 4266 1912 748 7193
10084 15278 6445 1289 17080 19281 9131 11891 7238 19462 10535 6827 14109 11776 18151 17454 12113 11076 17544 14478 6862 5837 11363 18019 17800 14741
6068 15404 18451 467 19793 11066 13312 15423 10004 7756 13779 14792 8593 12654 18719 17326 1290 15942 13612 3998 1009 18688 14447 1715 8285 13273
4600 16046 4919 5199 7624 7028 14315 778 3725 15711 9306 14004 12127 17289 19888 4145 13407 17101 8064 3376 9992 1084 9279 11650 18103 4957
17236 11546 6850 19376 10825 19167 8718 12071 6419 10480 13139 7872 5728 2926 645 2565 17970 15310 1898 15903 1176 13007 6847 14762 16761 6506
7353 19565 12552 13469 17892 19441 1351 11259 7985 6266 348 16194 14066 493 4735 12753 9014 718 16951 11387 121 14184 141 17915 3308 425
19683 2169 5318 16785 13416 14574 19310 8635 1062 2640 3040 7450 3036 3497 18347 8203 14804 12324 3067 1701 6088 18867 7922 8340 11138 3093
3406 19097 11700 1761 18653 18367 11018 13171 12429 18675 5074 9160 11755 3056 7475 5589 12797 16455 11561 4074 14285 11059 3377 1825 9902 12807
8140 5208 19926 18633 12 6381 15233 11568 18194 2685 8369 14102 9904 14219 4146 11271 18731 839 860 9741 14723 6512 18638 776 9570 6756
9708 19867 14451 1997 5089 14268 9159 6283 11443 8264 10375 731 8450 13750 18668 8210 3595 11051 9382 1358 14677 13490 14509 16465 5872 7514
5822 11718 4575 6062 1423 18585 19328 10912 4421 1345 17888 12252 4211 19577 16708 13208 12064 1927 11686 5407 6636 13482 6366 4132 10195 18183
14590 7861 2419 3546 14353 3014 10250 4282 4667 3197 5044 10230 19172 17069 16304 7691 15108 18827 5176 2450 11135 12640 18825 8942 8222 17570
1787 1450 244 7488 18810 17707 19962 1150 2011 5777 1675 17775 11485 12832 18978 3239 16325 4510 405 7245 438 5658 15239 16074 18813 11161
18128 16199 9027 14496 11225 15432 12478 8375 4664 3280 11542 13874 17481 9483 17603 14684 6693 7310 1679 14597 8021 7897 12316 9071 567 10178
10625 6838 5100 772 11022 1655 9841 6835 12463 15358 2930 16000 10870 14052 1156 12221 16788 10065 17137 16736 4014 2985 15665 13790 10387 8112
12735 5127 7767 16352 10147 4309 8476 17125 19837 7583 13106 12251 2597 670 5247 2833 10715 5077 18302 1776 15162 16474 12714 5809 16662 7249
820 12339 12576 1544 19638 9690 1839 5241 16995 15386 4086 18077 7956 1158 15305 12104 14832 6858 10846 5640 11970 17074 17321 19213 8874 7597
12270 8457 14780 12033 2644 19860 3797 3837 1600 1976 18584 5826 14066 13506 3076 763 7867 19000 472 13754 18097 10345 777 12942 11294 7331
5660 4614 13460 565 19775 8976 5475 9417 6975 900 889 13510 7728 409 8144 8781 9444 838 5137 2501 13195 1539 19499 5931 14560 13388
7452 1320 2413 5469 1444 8618 9140 3144 3341 1213 17254 14105 18428 11766 10688 9647 2675 7620 13765 16132 17999 14359 10976 7575 18884 12089
3178 16603 4608 98 13411 2733 14348 11738 7324 6904 4406 4873 15508 10486 6740 18869 17613 4624 12108 5310 3149 7972 4051 16067 779 13921
73 5708 12214 18096 5835 12301 15018 16465 2550 9482 18218 5323 2227 18256 4747 17778 15317 6865 9575 4531 10027 415 1672 18464 3185 12374
7053 7659 14034 1325 15748 17957 17250 10068 7342 8359 1398 5885 6933 6947 12586 18701 7335 2709 14573 7399 2461 8238 6202 19243 8466 17420
15100 19056 16911 1194 12573 5725 15366 7943 11197 18592 14161 15425 6335 10319 11874 70 10348 19685 4245 19258 14916 19553 18243 12974 16694 8186
11837 6368 5720 4745 5921 14740 10828 10332 11831 1964 1570 3679 9864 4139 3804 13453 3300 12337 19635 16512 15644 10094 8080 19750 11002 3535
7827 5539 13235 13524 7893 11424 10301 16942 16028 12779 13145 12034 19097 5980 5823 2229 3259 11522 11722 5499 3208 14033 14123 4801 19458 13587
11443 11641 8125 12989 13966 14931 3184 19590 16518 19366 12731 8255 8684 11601 17948 2637 14490 4251 4973 18681 1145 19803 13444 9422 9342 11339
15727 6609 3703 19852 3053 7814 14550 7449 1108 18325 16636 19051 16095 5558 9271 10322 4577 6742 7857 1622 10199 13825 12539 6069 1998 25
12363 16520 8430 12902 1981 18885 19298 9694 13459 1489 2894 17884 3462 5891 1773 18827 3054 10918 7867 4599 6065 11762 18596 13459 551 19976
10280 8335 4958 6666 13365 8656 8854 7488 4392 5994 5349 18089 2114 7425 5884 12921 6107 9743 4924 10945 2198 6847 17282 16359 17264 16857
10786 1400 3794 9280 1759 3991 16374 4217 15589 13452 18768 9053 14148 170 15571 16461 14155 1217 17822 14118 14932 12096 17179 13323 1828 4196
10348 17270 15759 8126 3805 9427 19670 9722 19175 3851 7465 1316 9954 6774 2333 2562 705 4065 14955 18207 13035 9032 17559 19613 16160 14895
4689 18906 13983 6259 9926 4574 13771 4446 3667 19237 17526 3491 16925 1089 15536 19831 18246 9824 7694 11249 14399 14928 12240 1731 7267 6901
4850 701 16054 1574 14956 16049 9417 19295 13319 18261 13683 19476 12892 14186 19682 7139 12334 3650 1589 11613 10346 6499 9689 6184 4903 37
8161 14685 9794 9322 11362 12064 19236 18368 6174 2210 13385 5554 9782 16715 5048 4708 19045 3255 11462 10429 10490 13702 17077 13470 12486 11967
7951 16711 7439 10225 14044 4119 2295 987 12990 10540 9982 2707 4971 18562 11512 19654 19800 16455 18723 12304 7657 1124 644 7110 1631 11086
18595 14564 8361 7543 7369 10576 3820 17692 13570 19695 13102 19220 6984 19163 3607 3938 2724 8427 2825 6960 18028 11840 15104 19105 16777 6653
864 13561 16488 5364 11575 17197 16234 10322 1834 13590 1617 3669 11512 14265 1471 13873 11907 12042 7814 5287 5754 10755 4617 6021 13038 12352
8509 13412 6741 1765 7393 4892 11373 14541 12194 244 8532 1248 8693 8469 11504 11579 8152 2621 988 10649 5180 10140 10498 6843 11106 1677
1663 10444 10285 556 7754 5009 1858 12783 14160 17346 1312 7101 11435 14534 18260 4046 245 14193 15030 18619 12375 14066 754 304 6341 6525
2895 16299 6784 6746 4341 1498 11933 10947 9461 10195 15031 8758 3809 10290 8100 5970 15464 5920 7736 14792 13647 19052 9166 3817 18243 8264
9057 14191 3195 13122 10978 16613 14908 16826 1309 9793 1212 5889 733 17286 9039 10086 6598 2798 10566 13625 15695 18536 14980 18657 9826 5450
19320 17841 9354 14296 18564 1876 17231 3041 4417 11353 11785 19749 10558 10508 12534 3721 11714 3928 7255 16799 13710 10963 10094 6975 11275 14369
8000 10772 10108 12050 1938 18635 12178 16394 16172 17023 17716 10499 15363 15078 18002 15587 10212 10217 4123 9741 11954 12772 715 4383 14663 17983
2450 1466 2668 13462 10390 14859 9779 7012 7388 6515 875 5544 5334 1996 19681 5543 14199 3964 4875 8323 2241 4034 6135 16916 17125 1831
15688 2341 16704 6268 15654 944 18722 7710 8737 10783 5848 19253 361 2044 6555 12580 18478 15500 18039 11130 12100 19467 2500 16633 567 14630
13871 15465 17896 6123 11585 10465 6870 16850 3450 2655 7907 16187 10092 2053 2396 3093 18964 3153 2172 14212 2358 4259 8061 2716 9921 16689
17584 8906 10273 18716 5294 2144 17688 18454 4288 8269 13245 14311 666 8690 2120 14378 19862 4260 9383 17309 4216 8958 591 5769 12022 15038
6195 15161 10590 14330 14431 10779 14348 7485 11280 19159 4839 15049 5279 7736 2242 15771 10719 3863 10178 16544 10582 13751 8858 4855 2249 12606
4835 10570 768 1160 13218 16936 19335 19978 12229 18249 15270 19417 18146 19070 14114 1236 10225 6816 5255 8977 4466 13453 14092 15855 18017 13948
11908 6500 16816 7736 8853 2844 5891 12115 8820 4862 14394 12854 18633 7580 12383 2502 12281 19462 13693 14071 19142 7800 8060 17126 1125 3451
4085 12378 2821 2142 962 16585 12200 7539 2375 5067 7386 7842 15155 5124 15221 16476 10290 17885 17795 18305 9643 12978 14127 11950 15333 4253
7451 10113 11920 12014 553 17745 17388 1480 5138 13598 3385 4316 11521 7485 4120 19844 15054 4663 9102 5451 16330 2632 11481 11664 8238 3219
9952 7037 15390 3467 2310 17510 15647 15167 18456 3534 19790 2641 12048 16214 615 7821 3029 5132 1786 11773 15241 8875 2539 2766 17694 8374
8897 6589 5699 15971 18252 7976 16493 11436 2392 6606 19138 6863 1228 14163 4236 17388 17730 17481 9394 5694 7372 7953 4909 19693 3140 13268
16275 7850 4196 4826 19910 6542 7007 13538 18926 631 5759 16409 6516 7729 9329 4079 2598 18047 19546 8424 14105 15301 9556 9445 17646 19727
2546 3302 16035 5194 4724 8995 17671 686 14893 13469 11797 7324 14020 2750 6278 6478 4820 18884 17663 10518 6982 13480 1032 4349 18740 16077
18066 10217 2123 8185 2671 12767 13026 1870 7531 19759 170 18999 13632 18646 14274 15061 9534 4141 762 8637 17562 6011 4295 19927 12861 9139
4344 13319 16544 13104 10905 6608 5440 5928 3320 13086 12975 10319 8527 16673 15952 4543 11943 14426 10955 4024 16134 14712 2226 2455 78 9209
17619 18938 12348 1759 11664 19920 19457 4554 9616 12990 11715 19501 2993 9964 12983 4057 16477 8861 18233 14669 16833 14156 2878 10814 18639 4642
19334 15498 7051 17085 18683 1180 19597 12021 97 14509 19716 16731 7435 19004 18589 546 19367 18886 151 13649 2459 7532 9290 5132 14535 12694
14281 16817 7738 12508 15018 17486 723 15051 4775 16387 13864 6380 7641 16596 15923 16047 14249 4153 19910 264 10259 8434 1580 17738 6339 16105
2957 17212 4299 7620 19897 4245 8741 1140 9459 13463 19443 19243 14448 10766 3842 5310 4221 14044 121 10919 2237 19525 13533 8547 12990 18399
1885 9424 7673 5947 6593 5363 6014 17010 13966 2308 6362 15034 12600 11952 13974 10488 14317 9527 6685 6196 510 82 17895 16973 7035 7989
4448 10016 13290 18430 48 13757 94 16841 10920 1984 7921 10669 9635 6514 18106 6488 4721 17690 7546 14376 5744 8086 1653 3089 10037 5477
19183 12071 9241 10945 18806 19858 5647 11349 18603 8201 129 2990 16392 15645 18771 10097 3521 19751 11261 6656 9560 6896 19772 3229 6278 1662
17570 42 17880 2983 16186 4338 7002 8714 9794 19188 2874 8845 12564 6643 7710 850 16155 1991 8631 17808 1451 18348 1480 14602 5169 7585
16901 15299 6675 5108 4884 10113 10077 13187 14016 18813 152 5040 3038 7520 2195 14136 1585 6986 16716 17773 14943 7230 10797 18217 4273 3272
862 16610 5206 6664 17507 7396 13498 1315 13730 1143 14463 17449 3584 18852 6773 15645 2950 18439 3456 11654 15517 2549 2867 712 10489 13150
2357 3612 510 18334 13362 4826 18944 3679 13247 15280 14846 9061 2456 17902 8035 4227 16510 6051 16939 8507 1485 1043 16129 29 4520 7259
12708 2902 16159 3783 17817 18686 12829 1241 18243 14777 8547 2033 1398 2354 1442 1226 5231 12597 8931 3373 17491 14456 4250 8864 10610 16725
14081 12501 15153 17069 19672 12371 15015 19044 7356 2775 11769 18546 11500 8683 1000 7486 4025 8246 1231 14300 14383 18899 1767 11237 18909 19890
15143 11596 3503 11888 524 437 8634 7925 4697 4578 10206 15916 12187 4287 7732 4314 10064 8406 71 6507 14131 2979 10853 6654 5997 6015
1000 11024 8348 10469 16816 7029 7623 14307 9836 17190 18792 12233 15809 13291 476 14592 19664 10611 14408 6101 6183 14748 4779 18573 16148 18598
7981 10289 3825 6691 9421 1192 15268 7107 9857 2258 13034 5076 12203 8379 4935 1919 4382 4085 10060 12702 6693 11257 6808 3304 12547 19642
13873 15217 7675 6838 4371 5760 13494 19357 4859 19104 15545 10009 5645 5271 11165 10249 1028 11122 16453 8662 13686 12433 5974 10443 6904 15614
16998 18370 12688 12781 16468 3954 5360 4414 10797 926 12203 7160 13233 13791 134 584 19810 9050 10494 15205 3523 13410 6419 11052 4962 19956
14531 18470 18252 18591 11948 3696 10394 10633 17379 18131 13750 9531 16108 16849 9102 5355 5471 17399 9082 10779 9358 15647 13682 9273 18032 6896
12359 8999 5669 2810 16924 5783 4248 1149 12615 16925 8154 18621 12061 15602 17435 11011 15972 3435 19647 11698 9743 17084 7869 8161 3575 6279
4054 10514 7129 3004 5649 11324 3084 5026 4476 2609 11096 15557 12084 18084 5691 13574 12333 8210 15821 11415 8967 2921 19701 9076 12103 12539
18594 15580 16196 6023 8894 1471 4857 17696 4690 8917 11102 14921 11428 1630 18443 3464 8906 13485 15520 9238 5693 17512 18847 15567 7615 12881
14948 7965 9761 3895 17028 18988 7520 15735 1304 17670 6648 8531 19452 15759 969 19266 4264 3259 4567 5829 14312 14782 5300 18350 5887 1697
2862 16204 9431 2089 15344 11872 7445 12778 14307 12365 19745 12241 1171 2186 14371 19874 11841 15461 47 5398 11624 2080 7135 19894 10894 9301
3603 15804 16384 3376 9922 5162 12171 11448 15272 1892 4596 5778 1659 15908 18820 10010 6994 7031 14959 9933 6351 19951 9177 414 16705 4574
12996 5681 10572 14344 9168 144 9225 15475 1278 5445 5687 17007 16700 6904 1593 18797 9195 11829 10002 9115 8773 7840 13174 4406 17062 11468
3125 8463 15143 8511 4034 1573 4099 17646 19983 1451 11000 15026 14866 15099 11270 10759 2703 9152 14709 12020 3201 4265 2105 6066 13081 13200
16531 14507 9634 3936 19878 14817 7934 3085 18800 12439 44 2042 12180 15798 13503 7194 15553 447 2276 11796 17302 1447 15996 16372 4773 16147
10466 17240 2352 16358 4770 18051 2920 15289 18875 3525 14115 15839 16560 18907 17910 5287 7635 13182 8726 8133 17757 13533 7150 3073 7638 11771
9541 11747 14808 11237 10887 14057 7463 17924 13451 12301 5145 17947 10794 12913 14175 13541 8109 16613 4646 18540 19932 8920 16773 14673 14065 5297
614 3248 2965 15056 19921 599 8224 12853 624 14424 12720 1513 142 18841 3556 8052 3768 5138 8446 12460 7270 10294 873 14088 16884 9344
15364 17780 8679 14533 15507 11518 12170 16715 15759 6796 18393 5945 17436 18861 11405 1714 11389 4833 11695 6691 13582 7506 18617 4907 17296 7048
4915 3463 12833 14997 16160 5490 16762 6064 17836 3998 12339 6426 6361 1607 9324 14308 8104 11813 4726 1450 2935 18613 11363 11789 16851 5124
10414 4001 15536 3666 8479 16781 10269 13797 9219 2367 10752 9543 13047 2645 7978 15287 3540 34 38 16525 8024 1163 17371 6513 2620 7177
12057 10045 6868 8422 6016 11179 13092 10042 15494 5839 19968 10824 1271 2244 7126 15555 14900 3578 720 12419 9976 10301 15456 17575 3069 7068
7873 19114 18754 19385 10989 14912 9954 11484 18032 1228 1130 7602 8123 8192 3048 12121 12362 859 6401 13697 17470 17579 7409 12891 2594 6963
3165 13785 8425 4798 14984 7595 10331 558 14745 14517 19789 7985 17210 12416 18316 5428 9012 6702 16026 18964 7386 19112 10371 1782 2894 11392
17509 11387 9777 13455 10853 9786 9795 12320 18820 13718 3949 13652 708 13468 2825 15092 15263 3346 220 8747 9429 18860 1182 4360 12509 4954
19353 14564 18948 2892 9993 12210 4532 10122 16652 11684 6109 10628 1704 8214 18167 17919 5893 15255 14077 6997 5391 11423 9407 10110 16273 17133
15301 3365 2764 7470 12856 17859 10764 6111 17409 7459 196 4916 10122 1133 5883 7711 10717 16727 3804 13573 9680 17610 11 820 5821 6077
13502 15766 13085 18035 7106 356 12273 16031 12361 8845 15391 14475 11491 19435 3036 7741 2420 10898 10331 12467 8410 10498 19437 11307 12536 11567
2877 4023 3511 10489 1623 9623 9023 1825 12510 1758 10354 17304 11300 11666 11220 8146 2394 8145 18611 17200 794 278 5363 8254 6311 5962
17721 14288 10209 13877 13751 12340 3712 2727 5624 19324 13649 8134 17281 13046 7786 4052 5913 9650 1796 5004 640 6129 10842 8025 8431 17917
6250 5208 1780 17502 8491 16506 9734 13100 2140 14649 8640 16622 16486 1486 18506 13479 7122 1191 10816 17430 14597 5339 18385 16475 11115 4454
10358 17466 11231 10485 18108 8945 4183 5301 19362 5561 17510 13836 19383 10722 10303 12609 7575 13515 5232 11274 8601 5013 10765 3519 12312 9217
1172 7556 3054 4587 19297 19517 16406 16736 859 2278 13411 11694 18721 17078 3797 5048 8359 206 13469 15302 19978 5965 15239 3297 5513 6647
1296 16517 7365 4227 16979 19566 14458 2535 5019 7309 18867 10785 6908 4732 3253 19565 12958 1970 4273 5741 17716 9634 19630 7721 19226 18689
3124 6871 13231 19740 4698 17895 8437 9018 2102 1652 68 2088 4294 11045 7340 1758 18112 6574 2332 19498 2822 18695 1742 10568 13776 15408
1824 5280 9374 2187 15782 1828 10461 19228 17566 19304 7298 567 15036 15399 2216 9088 18793 16960 4746 617 12694 12915 12520 12633 14847 12454
12319 18710 19188 18738 5952 10079 8798 14999 4967 9812 4508 7458 5681 7189 12486 17280 6517 8913 12928 7963 4674 2017 16895 8919 10680 17219
19109 5549 16859 12330 10732 11160 18642 17591 18183 1208 19966 5861 11967 2519 19779 8367 14680 925 15748 16405 4828 16732 19842 12786 10764 14674
1353 19802 2414 7719 14175 16132 2955 15808 16321 14722 2314 13547 10932 18290 7328 18199 335 3847 14558 7802 11063 13126 12656 9030 5589 14290
17521 514 1560 1377 16649 17117 17381 12681 16360 13970 3788 4905 12137 13230 5643 14698 19556 12020 16387 19010 5681 14902 8298 12343 9472 6961
19879 3401 7733 18982 15757 6402 12793 18160 8495 15766 4443 10572 4122 14512 12317 3264 3704 922 2775 16971 8185 15050 5639 16884 10722 11755
7876 7110 13975 568 13177 1592 6052 8200 10834 9228 19515 400 6990 14278 9534 19929 9016 4311 6003 11404 13205 15988 7119 17844 11302 6504
2089 9311 9180 10939 5156 8983 6490 2563 16715 19804 1396 8513 701 1774 1568 7831 19323 1076 16473 7569 17488 1096 5866 14175 11364 7394
2530 19468 19995 5390 9501 8591 15941 17770 17477 8646 11894 6718 6987 1946 6034 18602 8602 15018 10231 5525 13141 1734 978 16105 12488 19015
16849 10303 13696 6368 9398 6016 7493 8761 14622 6203 16892 13431 12360 4125 13967 2647 18533 16461 2690 5082 17615 433 8346 8153 12283 3476
7723 3614 14910 16814 9267 10706 19833 727 5965 3225 17161 17609 352 11524 8694 13603 11585 3450 14924 94 2453 5578 1176 10383 4628 19989
18541 18548 12730 14418 17512 14943 15425 3144 6882 17445 19138 18120 10427 19986 4265 14307 10946 10065 11447 12534 945 235 7442 13999 8550 3889
9971 1538 6267 7245 19105 5510 16066 7261 2291 3562 6657 8800 13536 8694 1793 10037 13422 11417 5340 13414 7769 9455 9429 16676 1638 1960
18848 16001 19207 1403 13732 12209 1288 16937 15353 5533 18231 7803 1261 16476 14141 16364 16712 10120 9534 19802 11448 11999 16541 19952 10434 12224
14335 2385 6907 5790 13275 2422 3932 19041 6126 10439 8710 2561 6035 6226 11618 3019 9298 12625 5601 9605 5689 3523 7451 14854 3390 2571
9815 3443 14135 4335 3056 13032 11567 314 6777 2111 4580 19692 11900 19046 14121 5022 11820 5030 9838 18464 17638 19035 14620 4114 2866 1972
17821 12031 17228 19014 5200 13928 264 9633 11719 5233 7486 6067 12140 371 16101 7847 19967 7328 5886 12387 9536 3526 17486 14382 5176 5969
9734 19063 4671 6487 18564 6165 14017 12591 3442 16926 4677 7061 14095 19518 6768 16317 10487 8200 9914 18264 10070 8232 12651 16806 8369 17751
11095 2835 7583 9411 14997 5801 3633 8923 10909 19965 19620 7426 17124 5585 8691 19671 18689 6065 7194 6883 16427 11234 13868 9910 11730 6487
16347 17845 19955 16392 2983 8392 17212 971 11209 3812 17874 19456 2021 8627 16933 2571 914 9289 9589 14612 14088 480 19250 10169 454 19171
4010 5984 12216 15842 7083 13596 8321 15374 1981 4029 10402 11067 19515 8628 2751 10960 5871 15802 6823 5667 19306 1264 4781 12367 18176 18460
11964 16437 13689 6608 15763 9456 2389 9238 17661 7581 3268 5311 727 12579 3356 3882 10024 19492 16344 4605 2456 1362 11726 10005 10821 3606
7194 10106 10281 11377 11524 19581 18873 3190 17292 15817 2690 16702 726 9637 1769 10970 11628 2811 4216 5726 16094 4317 15848 1224 11512 8660
1318 4004 5013 7848 10774 12760 8552 14741 6743 12204 14485 1489 5605 1432 3753 3833 2863 8998 18044 13550 15394 5424 10616 16576 12084 3715
5106 18654 474 8413 873 13426 19742 9878 17082 12508 4748 17546 2839 6764 18065 14975 3757 4188 11458 6188 14115 320 16361 16112 19695 6243
10155 14613 4680 13886 16801 6706 4577 11150 18718 12109 19171 2225 3592 3444 17652 17156 7764 7252 18200 750 1141 15600 14119 3716 3382 9648
17533 18852 4214 15210 6383 12602 18406 3328 3537 9459 8674 2902 12995 18985 6202 722 11832 10592 14505 13049 5626 14151 7060 19390 9436 5634
9539 14356 7937 3711 6023 13575 15035 596 10381 15193 13053 990 17943 7851 461 3429 15951 10384 5958 16771 15175 5280 895 7025 13723 17816
11166 12008 9513 6670 9167 4388 5005 6811 16926 321 14701 8060 5386 12375 17531 13151 18208 19203 10589 14165 956 10978 12137 6396 1888 10905
9553 9589 7148 19171 14293 10488 9277 17058 15160 17432 18384 9844 5321 19604 1117 4738 11293 18552 14622 13420 11719 13196 13628 12199 7921 15498
10843 1482 6559 2794 9217 16856 15167 2614 16027 10792 3083 17138 12368 11380 148 6539 10058 13870 2219 6568 17668 5029 5716 12071 15288 8882
1865 17608 8835 3 9475 6315 8224 11921 7285 3586 12972 17039 18952 309 157 13151 7202 8488 5127 15463 10657 4227 7413 12579 17248 7021
2978 19775 1979 519 15106 12750 175 4921 13145 16498 9831 14783 11856 15316 12725 10942 11166 5323 18123 19479 18930 2431 17126 2418 6682 6070
11027 2919 14126 10999 2393 17274 15726 7818 15389 996 14455 9156 12173 12418 16450 11265 9651 16689 19249 3006 7065 14130 8240 1203 13319 11139
7300 8650 14023 11999 10120 9499 6354 19316 2495 16977 714 757 18442 17402 19615 18952 15993 7536 6058 9965 11969 19308 18938 16132 2804 17186
16535 1115 7831 5630 15903 15720 7713 2878 210 19744 9499 19945 10821 2597 4376 3123 7884 19581 13411 11868 11812 3097 9483 3528 2960 3462
12068 18736 12144 10382 6973 18973 13183 12825 7262 10886 15737 17030 10155 3768 17018 9019 725 2985 17479 14810 6138 15267 1124 8233 18272 18992
16802 13289 17863 2826 19556 19989 18739 11053 3417 672 794 7570 10420 2647 8125 12846 5889 18506 9549 12198 6725 16039 14321 5224 8985 14733
19213 5582 4605 2605 2516 16944 4963 4147 6127 29 135 15032 17183 12672 5457 3394 5990 9391 3817 6306 9579 522 17934 12879 8947 1630
12012 895 12650 11651 19864 4327 9396 3731 7416 19021 6386 19054 10310 10863 15217 5420 2706 13035 13134 17308 13116 2767 8340 9638 9878 877
16189 1524 16048 13619 10905 10330 3458 14834 16365 11193 17578 13002 3626 13757 2775 9625 14777 4491 14583 8001 18586 12223 4569 11353 15153 5471
7987 7556 1668 6308 5335 18961 17112 19187 16750 17998 11496 6439 343 13330 5440 16842 16172 15529 11415 19702 5383 2379 9570 8044 16859 12251
2976 10629 1388 11891 7713 5397 2648 18329 10563 6796 15350 12989 3756 15478 8175 19499 2956 11303 8 13144 17656 14875 11307 7606 14744 19951
8845 13247 726 10345 15005 18397 1564 6119 6359 6677 5551 2461 3984 14480 4612 9073 11231 13460 5944 6199 9126 19382 7714 13873 16539 4876
315 16251 12111 19086 15956 18204 10575 1865 6234 9602 10798 7098 7898 2951 5839 16732 9660 3906 8363 751 8900 14032 10756 1674 11555 12076
8181 10515 8082 8070 14327 13666 4030 17472 11423 16626 11892 2224 18126 5653 12376 7954 17849 3433 16586 10236 16047 1432 16720 19809 16647 13641
10983 12918 7169 2812 12772 8422 16770 17575 6167 4962 9552 1050 583 17509 14112 16548 15430 13985 5822 3341 5963 7977 14327 1948 2595 12984
3648 14763 14686 16837 6345 15889 17061 1290 19741 6366 9916 5781 5827 4126 1099 16944 202 3449 8213 17012 15357 10071 1093 16027 2525 18378
480 10519 9480 3596 9452 5966 15128 11513 3608 5384 7729 15362 19380 14629 1011 4300 12236 6424 4297 13947 8298 11058 5712 10267 12310 19622
236 1319 14144 18851 6934 2892 4691 224 18305 9618 17541 5125 13212 7066 3372 2211 14176 17927 8614 13030 15512 224 19967 18814 18851 16856
6384 17940 19235 6375 1718 16850 8515 15678 15898 11246 10564 15420 19710 16623 8851 16152 15773 2110 2846 17566 0 11445 2987 19224 642 834
10477 6078 16930 2250 1939 12883 11893 18698 16128 14859 16387 19599 17073 4738 2048 14616 13222 13738 10216 6170 6235 9389 4841 4041 5550 16886
17767 16668 14640 11394 18859 2675 18139 12330 16365 1661 9322 10454 5100 18635 5475 6959 15477 10472 7121 17473 2201 6969 10548 19537 18388 3275
9754 16673 8334 19380 388 4041 3803 1666 1430 2266 14696 15154 4100 1370 3223 5792 14561 915 9371 17227 16819 13927 15410 14861 367 13734
3871 17698 15133 19991 13498 18033 8653 5687 1597 15429 1245 13834 7072 5972 11495 5225 11416 19870 5183 7276 17704 14901 392 6707 3785 7673
16460 10378 11919 6575 11698 4811 13914 10859 11930 17049 15125 4617 11003 10628 8986 14037 14754 17154 5843 3435 19899 9494 1455 13105 15018 17880
1209 3296 18090 13994 17946 13973 4044 14054 5981 9929 2558 14266 685 14511 13475 4368 7024 12447 5087 17466 18916 11387 223 16384 17903 9206
1833 9089 8239 5986 13277 11151 13799 18654 14025 12613 11745 13482 13677 3927 12384 16788 40 17649 12854 11719 18589 9767 12608 8688 17855 892
14863 6676 6642 1211 1730 17476 13441 3146 16462 11016 13229 5090 19653 7880 7174 80 9253 15988 8625 19046 18317 14424 1531 10958 19901 16386
1473 10100 17734 9343 319 6605 2254 1281 12756 18985 4219 19403 18054 14690 8954 928 15673 9337 11274 10598 19995 9610 17398 10268 17486 1896
11671 16267 11705 13979 7842 17098 2388 5305 17957 10496 2484 13358 3227 19531 3564 10246 17149 11678 1851 11650 9776 6500 3290 4842 16466 4980
10860 18553 2505 4317 14547 135 7108 1793 16375 10581 13523 2990 6293 5921 14811 19274 4855 2454 3350 3240 13345 12504 7750 8910 16468 3330
6193 7926 7949 11435 6143 5538 7670 6443 19176 19593 18717 10987 2893 8490 18087 18874 5135 10431 3919 13960 2271 1845 1413 9827 18814 17782
18537 5985 17182 12198 6346 11565 6095 8921 14304 8649 17027 16643 5874 1114 1094 8352 13997 17098 11006 17255 16155 3725 15227 6578 6225 8828
3043 7381 16359 3067 14388 14961 8613 6971 10658 15374 2736 11784 16478 4508 18067 11369 18631 2725 2055 11400 18109 3484 3745 18159 2573 3675
12044 1019 1012 175 18208 15143 73 3747 18414 19599 8045 11045 12919 7396 13647 16981 13547 16960 3544 3145 2009 11482 13009 4315 13202 14151
6892 16446 8195 11211 5765 11447 8329 18812 11669 13763 13681 9812 13721 15112 13632 6994 13179 8838 14741 19338 19179 6242 7793 16357 15640 3502
18931 16131 13869 14395 9081 12180 18840 12332 9672 9589 10404 14310 11581 7858 785 9288 12610 7306 4204 4996 6171 7616 10051 10282 6749 11358
12408 5096 6067 13481 11022 6758 19868 16220 3931 7511 15202 17216 10142 18850 2505 2211 3838 71 5934 8862 3110 17709 6238 6358 5491 7262
3077 5324 3529 16910 13768 1513 10044 13512 3966 16651 17781 16890 8848 6890 7387 12502 15386 15091 4551 15253 18944 2827 5358 17640 15740 2829
15807 18521 246 12583 13938 4377 12236 2012 17676 4359 17151 6079 4307 18387 14392 7222 18976 14247 2075 13683 14165 19247 16116 970 18022 18563
19333 11173 7795 1026 2672 5306 2368 19325 16408 14327 169 17312 19553 13000 17085 7944 16879 19247 12498 9960 5662 11589 5180 1137 9954 9325
15927 776 1555 14286 18167 1390 15069 19327 4212 16727 14321 13414 16801 18761 17295 3480 3877 12505 1040 19445 19764 4497 3411 9513 4992 16804
15929 13583 16027 13765 9138 5683 19285 2837 929 12699 6232 14786 18055 8487 10292 19811 8272 11243 9374 1751 1835 9496 2921 4988 13907 4084
13307 6509 6775 6237 19803 435 16471 5274 4758 15092 7781 2421 7161 13994 7454 17985 15285 8843 7670 9839 17447 18698 15817 1433 12921 5337
7472 3163 14469 6266 18360 18287 7709 11975 19464 13407 12089 2893 4446 6718 18206 17834 17917 8324 2127 14792 89 19358 18957 15408 19590 7480
11861 15343 8435 1336 5791 9093 19875 7344 3813 19788 14733 16926 10327 11804 8610 19951 18078 14219 8359 9312 3234 7663 19936 11875 10824 11003
7435 9124 14848 4440 19181 9432 17213 4176 13352 15826 1466 5218 14015 18560 17425 12365 3066 14903 8280 6790 18849 18732 11886 13153 1654 3574
14066 5140 1037 7965 6391 17999 15721 18193 6979 2667 7633 9271 7278 15498 540 8629 14704 15694 16705 16686 19664 16108 10967 16473 12017 17132
16343 14757 18231 141 14716 17982 3134 9497 256 7547 6742 13644 363 19739 19308 10983 13000 10186 17151 1968 4741 2188 12125 15020 7549 14276
3313 2014 7154 3851 19551 18386 10270 4662 6120 3498 15107 172 19014 13565 3493 383 5958 10978 3614 19338 14104 8612 7278 349 12485 2318
18514 18255 18849 7522 13541 41 10153 7559 10729 13469 1552 8733 14850 17579 3951 18934 17114 19479 2153 1795 5761 1657 14647 4903 3361 5665
19303 12086 14451 16188 11998 4871 12206 5318 12301 4951 1560 1022 12645 16050 3277 3841 15751 12720 7193 5223 13272 14191 18279 2042 17128 3650
5212 3451 18857 17853 7143 10923 10355 6365 496 8383 19681 3648 13552 19094 14194 17633 14912 1770 1040 17192 3490 5352 14690 15665 14598 15121
1555 5750 14217 2922 17818 1375 1185 238 10863 3307 5812 16991 11953 15447 1778 13377 9903 11704 8698 4536 17156 13520 12969 18626 9712 1282
19404 603 7424 8769 19376 1046 14713 9650 15881 9478 15738 19071 13641 7245 7813 11344 11877 16240 9197 6315 12148 6079 13853 9527 4831 17156
7697 6320 17015 12256 2483 13735 552 6647 3170 17986 8916 19605 13468 3132 476 13499 12888 19096 12494 8511 16518 17346 13645 3821 10329 5835
4660 3628 13319 654 16764 19865 15546 6567 797 4117 9637 14564 8159 3612 9566 2933 18114 3397 10051 7668 14191 11022 444 19781 19752 15562
10551 11409 12801 3025 8978 5679 8921 16027 12137 3804 11985 13520 1795 19107 3581 2689 6889 7327 2235 13404 5895 2758 19865 16315 5774 3045
12346 3803 8215 6901 11916 3490 3105 17205 2239 14980 12081 16162 532 10922 18285 5031 15578 1200 7893 14740 16386 12539 14488 16196 2326 16225
5898 6483 2901 8146 2136 6952 4428 11195 12452 4392 9309 11715 13856 9605 6011 16537 4181 2558 8471 19260 19401 7903 3880 1743 8118 14512
15814 13370 3872 6191 6857 4530 17451 15767 17142 17605 2605 13635 12472 7784 4130 11186 2312 638 15495 3413 12866 2066 9035 1390 10815 11107
12333 12912 2129 16048 4971 9823 258 8539 1988 8559 14552 2320 9483 15868 19439 2608 15461 5008 12574 9063 16889 14136 8922 18871 18481 15232
9593 4213 8889 10793 4922 18590 19340 412 8085 9708 14177 3503 19879 7254 15247 2029 7677 14508 12295 7894 8349 7787 4484 11844 3545 16988
705 13914 16678 6834 8719 7329 16851 6918 4354 4348 3199 16709 13331 16594 1520 11919 541 16467 7181 13942 7328 8593 18204 3575 1589 13894
16766 7637 746 3174 9291 11106 6336 6903 18899 16810 14123 4226 17652 11852 17547 19111 2203 10271 11910 1137 6833 12527 11759 42 5723 19112
6239 3780 7950 17774 15771 3527 13174 15994 19918 4620 6725 15497 17438 9226 16065 8686 13260 3215 9394 4167 16389 12140 2526 19387 8758 5864
5779 15837 3029 12746 19496 10369 258 412 16840 16007 19173 16117 415 16693 5997 6063 7066 7564 2743 18610 17135 19828 1189 293 14448 1480
17126 1691 109 12593 5494 12184 14353 1258 6914 18883 12531 16845 5982 5643 18770 17424 17211 12030 14756 4625 7454 6783 1332 18775 19345 14839
16710 6134 6824 6463 16762 14269 12745 8323 4124 17007 16348 2877 6153 8228 2934 8043 1495 16382 2703 11260 18289 4533 8880 16881 1762 8974
12077 3923 12374 1268 10318 15933 15195 4781 9666 15794 3467 14693 14065 5018 18394 2579 13400 14209 5738 12728 102 2837 10911 14623 11315 16441
6699 18184 1613 10010 7196 12895 3218 1588 6568 3789 690 322 18003 6548 15208 16135 8276 9849 15542 16568 102 15738 4355 15513 7663 4993
8735 17803 15834 12691 6751 18237 7077 16626 5780 8282 16443 5015 14035 8206 4606 13322 4377 19415 995 14068 9017 14590 11368 17309 8212 1261
1091 19475 12496 6647 11722 11259 2240 9782 18719 10821 6672 3654 1439 5568 8086 8470 13007 4320 10041 4554 5832 4571 16808 11125 1075 9738
12385 516 14655 5198 14324 10352 10673 1118 11233 17466 7571 12133 18855 16134 1156 304 7614 14259 5507 19660 2047 1973 11048 13580 793 15301
3158 5138 10603 16347 19270 16785 14749 4488 10368 4721 17566 16787 6577 702 17710 16508 2673 7404 8340 620 18312 9253 1224 3394 12988 15842
1793 9309 7023 18822 3395 8052 4766 7232 12918 6975 13753 3249 16550 14742 18848 16236 13384 5859 6633 15099 18469 2709 3429 15038 16563 5385
4614 12529 19205 2428 909 11516 12442 2011 18795 828 12544 8757 19262 15798 17426 9676 2997 15031 10141 13391 5552 7562 1492 2284 14261 5687
1963 3164 5050 13611 18194 3729 17593 3284 6831 11894 1271 7074 6215 1259 8463 14041 11253 4623 14605 9691 11113 17043 1456 8104 13165 1452
503 3884 3506 2329 2501 7425 19025 13909 15998 6926 15910 4497 5023 5686 6897 17720 18979 8406 11537 13687 746 9250 2103 1457 11941 9291
11137 3530 9372 4231 12470 9956 14623 16041 14326 10631 9252 2334 19861 5682 6048 1937 3274 1261 3973 17924 15118 18769 18665 11458 10736 11124
1095 2440 12147 12221 10461 13406 6377 14335 2070 19170 18915 8993 19983 2969 1657 10828 15796 348 13379 16858 16090 2796 17366 1922 15252 5362
1409 7321 8776 15875 11044 8956 17152 9788 1336 225 16761 3102 18619 14485 591 145 220 1216 14798 18002 15602 10805 6816 13409 13936 3279
10026 18751 7777 4289 4283 17851 14607 9107 16408 18711 1563 18437 19744 7794 10221 4646 18414 18692 17110 16479 32 11937 11654 1701 15255 1823
18172 10374 15531 10780 13885 7057 19744 2724 11784 15954 742 14822 13775 19710 7215 16308 3642 10896 5055 2021 11238 13071 3964 6200 6255 13470
17843 6637 11465 3512 19690 18854 1585 3821 5760 7080 10489 3584 11417 18910 1232 13380 12830 6730 13591 7685 4870 11208 9462 9764 10882 2950
8617 19754 10676 11474 12466 2918 17988 9313 36 11442 19978 4980 16769 14211 17043 8992 9767 1138 3050 9989 4508 16984 9278 11305 13419 18408
3386 162 2406 1768 341 1850 2769 10158 1100 1716 16643 2187 1425 18653 5068 5041 15051 3451 16538 1234 18583 11757 5168 1021 9366 8554
18894 14614 5722 5907 13478 15880 4328 8207 13751 7717 10832 17843 13998 5725 18371 15182 7105 17881 14687 4004 1122 6123 1604 19554 19745 6852
8953 969 5292 3165 18680 12435 17842 15769 7587 12655 18489 18637 15189 19135 16223 485 3674 18875 16866 11591 9042 17731 16393 2072 6848 9850
18291 17085 12654 13429 6963 15126 17322 18893 9707 18556 2280 11563 6567 1109 10342 1354 10734 9528 15021 7454 6501 16184 2430 4032 10701 2802
4589 19264 11139 19902 427 13785 16320 18617 14433 12216 14960 7334 6053 2168 8607 629 18978 10632 6385 19196 16920 2284 7107 11743 8465 2888
7182 11782 569 19163 17623 12996 3224 16802 1284 18100 19907 12208 14281 10808 12688 6957 11032 8916 493 5340 18577 9062 4269 1264 6902 3200
3106 10527 19157 12829 16295 19155 13108 4611 12956 19656 9744 17187 14448 6048 549 7446 8290 7438 17724 1917 17247 3377 9919 18599 2995 11515
19555 13402 3779 15929 2200 2339 16342 5453 7552 1897 1084 13261 4992 14517 3723 6469 10603 839 3439 5998 106 6208 17632 9727 10926 12551
2933 8455 11095 891 11808 18239 14078 14690 10376 19277 5928 7422 3562 8389 6144 5982 8602 2741 1836 9964 15887 14552 13665 12659 10885 9306
9702 232 19915 8013 19711 17991 17858 795 14527 19940 15074 2276 8595 12259 4732 8824 19074 1138 3094 6244 5207 12566 17614 16525 15460 17291
15883 15365 16810 13969 19788 2010 11486 18424 19765 15841 12506 15092 7442 1578 1897 15323 2749 179 1836 16711 6911 19598 13256 11356 13597 956
12197 10834 1959 15271 3881 6617 11863 256 19466 4525 6870 10260 13893 15566 1762 9318 12425 15248 18213 10165 9368 2151 8547 2841 4643 16925
3367 12571 9918 1389 2189 18038 6215 3684 3348 15391 19938 9782 8580 4133 11294 2864 1514 8219 8415 16447 1438 18109 13941 2623 5249 5721
13931 8170 11948 9509 71 8589 17068 17716 18391 14670 4816 14334 9780 4345 7268 16268 1517 4645 17330 16160 713 9552 5444 282 1353 14078
11353 15059 10180 3861 15122 5501 9176 5283 18010 10908 9800 13187 8896 17935 2445 14040 2457 7660 11165 14595 12225 5323 9180 12954 18581 10661
19259 16160 4118 14747 13101 7734 5733 8930 10511 2722 4444 3700 19614 2305 13931 18604 16726 6701 2157 4785 3816 6057 10414 2519 10058 4584
12442 110 15435 13965 5851 5321 5854 11154 5331 122 14708 18042 7124 15430 15036 1335 10023 6777 13750 2154 1709 1483 13250 13895 15639 18036
15432 477 2763 15837 997 11730 6043 17023 2615 6476 15128 16201 7159 4907 16405 14082 14548 2905 10075 8523 17859 3016 16007 17723 18684 2187
11879 11809 1961 14229 3221 12348 10972 8257 551 1525 9318 11201 5752 5574 2696 18130 11259 6012 15777 19249 145 11490 4166 3158 6757 7670
14361 19199 8634 9766 7672 16930 2755 932 12795 2488 13955 186 7171 11361 8086 9505 2748 17463 3794 3916 3170 9523 19214 18901 6743 16891
12837 9882 5442 9437 11901 2750 17533 15205 8948 1170 11228 3435 3254 10430 3911 11809 16514 13724 17401 11709 5043 17497 17674 1733 636 1304
19797 17810 367 1603 12491 19280 5986 788 16678 14566 2168 1455 3071 18049 11580 12882 16478 14354 16949 1405 559 6380 7031 18903 14638 6701
1153 10819 9457 6218 5573 8202 7086 2841 12552 2801 12967 6038 6947 7906 19297 10332 1946 8407 8073 1824 18157 15579 18164 2495 453 10827
5463 2439 3048 13684 1209 691 10386 8060 1469 17727 18517 16452 9118 4963 2203 9571 1990 10694 4135 12240 5056 10558 18862 8758 14947 14922
6947 12201 14988 13576 15079 6947 9205 13469 7446 5453 16267 1259 11220 6576 10691 8571 2909 12489 6623 6132 731 10226 9105 14983 17311 3994
10048 2593 9181 1714 8250 438 8959 4481 1495 11341 3467 6077 367 18753 3834 15580 434 3979 19279 19229 10334 15304 6757 17981 3128 15484
6367 12074 19444 11989 7309 8503 18993 11520 18044 6382 2878 6390 5096 18545 18608 1433 9459 18943 1792 3078 7346 18481 18426 4156 14455 2430
418 19708 6577 7529 13549 1003 18771 541 16915 8936 4368 3593 1563 4191 16910 19901 9714 10230 7490 7540 2704 6464 14576 19164 11549 4516
10954 15607 1962 8471 17907 18841 7007 10380 1633 18292 12942 13486 8712 2674 7028 5108 13543 12431 418 14948 13361 3637 17659 5573 17493 1648
9046 2614 18721 12543 10301 5238 1189 18476 15325 13990 28 8604 9614 7175 685 3336 14024 2854 14871 13550 8159 1369 2788 18549 8270 4159
6272 3210 6005 12047 17548 16706 15745 418 7801 2887 755 2893 15502 10177 18627 38 11685 12917 18224 18493 365 4806 14281 16139 15111 19775
334 16050 12998 17110 13639 15773 9651 3853 6083 11707 16604 12916 9821 10437 6253 13653 5124 12785 8693 8603 14192 19752 11260 1461 8898 6711
15005 17159 7662 3106 19726 9667 8192 15342 6821 8683 2004 5721 8976 14496 2807 12728 331 14397 19384 9690 6730 650 19221 5172 19978 6611
9114 15680 7450 8074 4800 18222 11241 1396 2730 17951 1231 18199 10652 19238 13788 19096 3700 19964 1944 13712 13836 17637 18631 14422 15031 18077
13650 698 18493 810 1176 17362 12762 3831 2535 18249 13357 17199 1470 10536 9133 18611 5514 744 5522 17799 8654 13648 15603 14810 15178 221
15293 13142 5734 15353 11206 9751 14058 6890 15638 3022 5502 11471 3392 11874 18910 17470 5371 1139 14725 13178 10217 18350 10159 9434 14827 16792
1863 2959 6393 11366 9635 6655 13321 12482 3105 948 131 14835 9798 15545 16276 17865 14709 8760 4189 4313 12421 2969 9889 4245 16720 6832
18871 15765 11573 8252 12108 16635 4474 11243 16985 15363 99 4018 7458 10313 12965 1362 9607 3267 5307 10474 4806 7234 6526 6285 8420 5348
2785 10617 14812 11735 3451 19346 12097 15064 15181 12106 18488 2921 18723 7111 12455 19738 10969 5891 12690 18102 9776 8000 13329 11306 10412 9366
3475 2047 7559 1741 18636 1385 14580 8207 4318 4885 8304 9821 7327 14703 9686 11121 1512 11618 2018 3804 5786 10645 4054 12933 10859 1880
11860 15371 5463 555 18377 6743 5391 4256 4744 18184 17152 14190 5730 8583 9560 18345 7732 8805 4777 18431 11990 2043 7813 632 18963 7738
6404 11566 16343 12812 7106 3508 12290 18551 12224 5851 15278 4755 9054 13927 19360 6226 13537 14557 1387 5826 4135 495 5449 10329 2983 13155
7314 4150 10011 7033 5936 5988 19165 3472 7621 3699 7234 12442 11061 5084 16797 15984 19215 6707 10057 18258 12381 3170 3198 4540 16493 17003
12131 4739 13974 9214 9934 16423 1998 18058 2405 6539 9995 88 4896 12408 19506 8760 18835 16092 17783 6777 14788 13643 18497 14812 6012 11540
18171 19612 17730 1824 12009 4372 14388 16302 1728 12491 1632 12087 3546 2362 11038 4928 10296 15751 1881 7473 345 10521 14199 6596 4640 14338
17936 4435 6949 1346 19224 12563 7289 6419 18791 19263 16392 331 6981 5580 967 6712 11903 751 9647 3416 14702 14844 10009 13993 19765 19752
2282 11339 5452 748 1975 4217 11550 9946 14197 8181 17076 10514 5009 1791 3489 1376 14425 6387 13588 12424 18923 11077 16931 5201 5518 8618
11395 3379 5269 4885 18874 5986 3646 4263 17423 9320 9256 5760 807 219 4615 2227 1794 15465 11561 6137 5329 11045 8314 11722 5806 1549
15410 4627 7317 10539 12785 19672 3042 15933 6863 3268 5227 9043 15944 11294 16910 18102 13983 1967 17516 8018 12258 17312 3052 16714 11369 576
5101 2749 8580 13277 6875 15452 19615 16855 14251 12882 6243 9832 19208 3732 12256 1834 13108 18687 16524 18161 16710 11846 11161 6104 14553 9040
9243 2629 788 13129 5747 7226 15219 14381 4356 10766 2501 5438 18339 16245 596 16355 13403 11567 16200 13306 17560 15199 6155 10499 15647 10519
3529 34 17448 4795 14670 12192 2766 13939 10449 17877 18143 5345 822 5266 1588 264 3112 10587 6517 13364 9922 11828 4776 9098 17861 6905
832 6793 16502 16714 287 19521 1243 3452 12438 13616 11067 17477 1322 19852 19148 5327 4916 14504 11276 898 4907 10323 15914 2362 9294 6435
1414 1137 6747 1426 12758 4777 2123 3752 8210 16744 8020 14789 8277 16682 11189 17612 5160 5410 4823 14884 1643 12540 7605 646 11733 1067
12839 4481 6533 11422 3220 12539 18960 3630 18864 3347 13557 7388 9940 16116 10051 7576 8306 16318 14755 14723 4232 8235 18904 19452 4252 10427
11419 100 8287 8340 19130 19594 14609 19953 14474 15866 19666 9893 16715 14423 471 5998 5048 11215 9598 9985 7793 4402 4646 12068 19688 16731
13330 9448 8748 14246 4001 15436 16510 18582 13222 17973 17228 7814 12854 9913 19504 1025 1365 176 6260 12663 2217 7870 8556 5262 15930 3003
5092 13531 15618 9267 1695 3056 13821 12962 5707 9667 10276 3016 11728 9794 18311 6799 1025 9662 18304 6660 7868 6075 6177 5234 6179 6891
8658 3325 10334 3050 7186 9460 10938 17126 11474 17963 19753 18294 19709 1519 3271 4450 5931 3050 995 14078 10680 13172 14965 412 11384 11566
15032 6459 7854 16670 13779 4793 3879 3612 12358 14684 2280 3496 17484 4069 4513 15599 7292 1643 19012 13474 7148 10744 15425 14263 1546 381
15012 12284 17962 14963 3444 14146 18076 3409 19448 4153 16602 15442 12886 19330 9160 8012 19835 10526 3991 6303 9976 1658 1898 19955 4344 12630
7741 12649 6717 14854 5026 10470 17647 10603 14307 17404 860 15674 9553 10550 19469 4897 1742 12949 800 11830 16771 3088 2224 7877 8179 13852
7490 3143 6051 674 3454 8473 9109 10963 10402 12513 2481 4277 6064 18024 15304 2396 8155 2597 15287 7434 13021 986 6340 9525 17821 16541
17564 5415 8839 12109 15107 19816 9458 2137 10013 17144 11912 9439 1909 8736 9197 14138 7557 7845 19111 5190 1010 9074 17708 17659 18112 17291
9233 563 6679 3607 7732 6169 10614 12714 19647 47 8766 358 8798 11743 2380 3423 8487 6963 17495 3966 1558 15939 12937 11809 2003 2656
18087 6075 15701 16526 1915 11979 7855 212 3534 16444 6575 12716 14568 8670 17596 4547 11523 3892 6588 1454 13756 18137 15518 17841 7944 3559
16726 11944 15665 1197 11053 11331 8121 15926 2626 2256 6865 969 9891 9138 6190 12101 6049 4600 10462 469 7671 17412 9131 19219 1182 846
1378 9467 6778 6455 5213 11199 10891 5247 10541 10713 1772 16789 13174 16424 4191 16365 17065 14865 14010 18083 839 5274 10808 12326 15623 3929
6188 18039 16693 2153 721 9129 8133 13202 18690 3081 16058 8734 1914 19843 6833 7573 10719 9155 16144 917 8210 2629 15606 5648 9292 1579
6041 18214 8478 14964 2766 3212 15451 7902 1702 10993 1912 9929 8434 15411 3993 9844 7355 3053 18240 18453 10755 18792 17446 6398 17722 13910
1441 6651 1905 19921 1988 15735 187 5014 19777 3413 5099 1700 13331 18984 18346 7387 11525 17326 3014 13379 3415 11616 1699 17776 565 3413
7505 14019 16058 4897 142 9815 2983 10567 13414 10771 11259 18335 218 7097 18945 19968 19642 2543 11410 17720 9003 8995 1991 9306 2835 16798
3363 11296 18420 1718 13052 1852 19968 9344 3443 17346 13072 11674 171 17375 11825 763 13590 2221 1819 10828 16217 4615 5378 17644 6525 10587
10767 11649 1719 5609 5308 13271 17989 10385 4518 15731 17852 9682 19478 17522 12529 2336 5392 14842 5147 19443 18711 8884 236 9458 5110 2803
18959 15656 13660 19102 16799 15317 9386 19127 8015 12632 2052 12885 4755 2783 12702 17336 7906 3520 19117 14822 2137 15696 4177 9308 7433 1931
13834 12551 2182 11573 15166 17941 11547 14777 1147 11687 418 18188 3365 17676 18285 4693 597 8696 3446 15811 12167 8107 17996 16463 17378 17051
5872 15823 2543 10846 14449 19073 16224 1427 2711 16699 15077 1459 2223 9007 15597 10978 13861 18399 3490 4457 4655 16380 13530 722 9070 12331
2821 10608 7420 3057 16754 2479 10256 9711 13652 3665 4776 15964 18587 1213 4757 10938 8303 109 8661 8303 14879 130 17002 3924 16795 5669
15648 17170 13420 13274 9460 10335 5261 17314 428 19667 12324 14407 19801 15598 2270 13234 13934 1600 16166 13676 1844 71 4409 4736 12237 13411
15018 19571 13442 7189 11405 7732 2143 14292 12807 9925 8658 13368 735 7747 10781 10156 14069 7160 14798 13671 10351 16543 14486 14713 9497 8364
4015 12934 14037 1499 4456 14118 15679 4414 12519 19607 15398 5977 16989 8328 10494 13222 11596 19178 2594 17232 6040 604 981 8902 17081 2696
8674 4500 5245 19164 75 16811 14178 8933 13155 10792 17944 14638 17120 7258 1871 7359 5156 10100 19484 11547 7142 3046 10463 10961 10798 1281
17029 18587 96 18458 12854 4109 784 17737 13476 5640 1595 11311 6610 647 8851 309 1516 13495 8762 13380 1921 8748 5733 13767 15254 18504
14726 13345 6591 2019 9990 7975 17206 14432 9917 14849 2893 11714 3615 11736 379 14032 12907 13905 15863 498 686 4752 7890 17287 12404 2555
2463 18520 16638 7747 15162 1815 8318 3020 1763 1057 19163 10719 12663 2487 7607 16593 16970 2762 9256 16193 2962 5828 11816 4280 16769 4125
7059 3695 5249 2506 16428 1495 8108 11138 11485 9451 9238 8252 11890 14013 3763 16000 12131 8807 14091 10910 14591 13840 8075 17997 2291 11831
4105 16136 3556 17648 3104 4585 19258 2156 13073 13173 11195 10136 5739 12035 12459 5744 5356 17483 13808 13792 1984 4309 17177 7431 15726 1168
7376 7108 5373 17713 1924 18229 18960 3453 7024 17799 18445 15246 2121 17321 7123 8882 11787 1384 12524 11076 2809 3389 14746 17963 19050 7011
14653 12148 10342 6469 17716 17617 11857 16048 9735 4204 12568 11168 1373 13196 3362 19906 19188 5960 16984 8105 9261 15060 14534 6079 2339 10610
2947 11579 5325 2788 9142 19046 18580 2546 6085 14761 3081 5050 19173 15196 7563 16767 10202 16677 5969 4784 14154 16798 5200 6348 16390 7099
14365 18347 8055 6529 7909 12105 10624 16796 3871 12722 18458 6881 14 15454 19122 8609 575 12804 6207 5162 17594 19181 18798 7348 12692 4326
18142 9535 15859 11125 4424 6687 6783 2547 18430 4726 5942 14590 4852 16956 257 15954 3548 6425 14498 16916 1141 16981 5311 18425 9928 14546
14893 5079 2290 10040 1925 5043 11158 2107 13704 15121 3903 15570 7172 15642 11864 15583 15428 4438 2825 18352 217 11661 1398 19080 12667 5297
16660 11350 2565 760 16219 19352 13407 19438 13205 8850 3289 10227 8433 4982 17028 11725 16526 7104 624 17037 19968 11149 5584 1614 13772 3486
2582 16698 2079 3930 4191 5517 9065 2585 8821 1695 14302 2926 18545 1188 9162 12629 11863 1085 8221 10815 6174 4215 3540 7760 5761 9553
3906 982 6989 7270 973 11531 2956 641 3649 8217 4603 13359 1553 10976 6888 2703 1006 9094 3483 19127 7738 13111 13229 3898 15001 601
15734 18633 14497 6324 1520 11291 17502 4665 11526 8980 15134 11794 12224 3990 13827 16987 6794 9003 11026 669 11571 11248 16348 19406 13680 19780
1986 18272 10240 18380 18577 11893 18779 306 10339 16448 17379 13777 1822 106 9445 4617 10422 9234 11751 13288 6411 15389 19428 10771 11266 18276
14468 15715 1889 9710 15816 3932 10943 1158 16076 4561 12872 2838 4205 2217 12845 14077 9605 9134 3695 3075 4704 56 18515 19695 9936 14865
11261 18561 4424 11431 12050 17447 8228 1273 11973 10837 2957 17045 8182 18672 3482 234 151 18764 15535 4405 5590 13291 19064 4953 4286 8753
5777 6571 15235 10691 19009 2902 10583 17499 18918 4988 19713 3018 18455 6873 9066 7195 14984 10107 11117 17274 6763 6704 19364 9398 12069 6794
19734 19459 4704 13731 13733 10889 19792 16038 8642 18007 13051 19340 14344 2564 273 1946 7941 17525 13253 15630 15326 9683 3600 16644 16313 11180
17255 14068 12556 14652 4564 2028 11098 14378 11588 6241 10476 9881 13892 13968 8260 958 11500 1516 18824 3977 4394 3812 15604 14933 16979 14166
2239 19872 17266 12699 16847 1051 17740 1656 6176 18257 17920 13127 6422 18519 19931 1413 8581 6535 14948 2580 5069 7030 4380 14186 8641 6442
669 10180 18387 8384 15854 6324 11667 8303 14664 7547 13565 8959 10752 8570 6714 10221 17436 705 18437 297 11690 18520 19549 8185 296 8035
18028 5796 5310 5828 10604 13507 9571 9185 8493 2473 11775 8826 17957 19480 6287 14022 19240 10225 18696 2529 7092 8816 3992 18989 455 120
7918 5742 17114 14739 16045 15555 19252 11887 2635 1880 17775 16945 14969 17947 7120 13154 13906 11858 4768 17281 8443 13081 4356 16917 2235 9047
19389 3952 3970 16365 3596 7722 129 17419 11440 2561 19022 17645 16289 3050 13674 12642 12407 14288 2328 11838 3074 15792 12536 822 4088 13965
1064 18298 9121 3520 2197 3792 9492 13551 19214 7599 15853 16422 2254 14423 17984 6739 19350 14501 11345 16241 386 5020 4409 3212 17034 1408
5899 9457 6268 14932 18575 13158 3891 6716 1895 4672 13360 19483 1783 10321 7875 497 6252 2819 19576 3375 17104 854 7115 10071 18458 16214
6351 19433 3919 1569 8083 16331 16926 12628 7656 5462 16309 3981 8679 9219 18455 153 19531 1311 10282 19050 7426 6892 5059 10911 9230 815
9716 15854 19522 8582 14553 8592 8716 14751 9281 13289 13915 16498 5543 499 17940 13702 14744 609 19706 14864 1183 17972 7597 18002 9080 17152
11622 18453 19341 2195 945 7916 8012 409 17557 5438 18828 16383 6844 13330 8698 1127 10347 15719 1049 6936 19348 7148 9938 8553 1249 8618
2562 11456 17320 13240 5257 19858 15913 1240 19094 217 15294 13099 4305 1010 529 13728 1881 16059 1863 69 4492 1146 3508 14220 5379 17925
16568 16840 11422 4012 9635 14971 8392 1397 11407 18920 4145 11720 6512 12745 3708 17127 11961 955 1199 8979 3806 15532 18055 10953 4752 932
10846 6221 14749 10807 15269 4456 8767 7127 7880 2286 12283 11647 5680 18086 6941 14395 8064 19925 12182 771 5591 7513 18953 15053 18499 2260
17218 9992 5550 19156 1293 2203 11478 9848 2805 5350 17478 13777 14912 1761 6907 10965 15205 741 11647 2382 1425 2781 13596 12839 4811 7828
1826 13741 13860 17389 5913 4026 2876 1095 9982 17306 8809 16662 6704 7262 9115 5300 8063 6163 5451 17412 19363 8979 9179 10858 13443 16892
7383 240 17538 2671 2574 6171 1503 7411 10262 7257 380 9115 2578 14923 478 3866 13536 9735 16343 14823 14767 14063 8693 8967 17533 3487
8480 12827 7330 2982 11017 17724 14265 18262 11888 19498 1451 8748 18654 9952 10845 9167 6782 1213 12153 327 3965 17370 8010 9553 16550 14584
13860 13035 17734 15135 14083 19825 7422 13489 4972 17682 17363 17165 6476 7792 16290 11236 1473 10906 1618 5805 14787 5122 4836 2519 16581 10759
11143 13156 13287 11091 18187 8012 5665 8916 7835 8006 13402 13180 6444 11517 12215 8340 15303 8131 1353 2501 16563 17328 10327 18352 2842 3747
4584 15713 9162 17584 431 17903 9038 1625 11516 3339 4962 3721 15568 5948 4433 16918 18182 12736 15665 11743 40 5722 16425 17367 13522 7855
2797 1187 15266 2546 10127 3281 13639 2098 12387 9170 5141 2975 4149 13037 6053 12450 17960 16791 11765 2392 16559 19951 4300 14717 9700 18492
9366 5224 19667 7162 17682 942 4955 4238 15973 5755 5466 18325 7672 9425 9232 2155 2948 8617 11240 7869 6765 14180 15583 19015 5895 15221
16366 9915 8607 13818 19607 19596 8788 5073 19686 11723 2380 16774 12205 15748 6661 3342 3822 12901 16368 9542 13473 4351 11359 12703 10798 15974
3685 9514 16949 10589 10743 1282 19057 8147 7736 4466 6626 13202 7248 19467 6466 1432 9261 11532 3975 17537 10607 16836 19361 9334 3324 15133
9630 14831 7019 19231 6632 12330 14489 8583 8471 12654 13451 4471 302 18559 10322 14220 19362 17051 18221 4172 7600 5879 12805 11831 2035 2425
8408 8237 11202 6354 13638 9977 3534 12520 3810 17396 6092 10507 17283 1882 17473 10808 6307 16299 9808 16829 18867 9544 18052 3693 14028 7388
18422 1347 1059 6354 12022 2771 12081 15908 2833 11704 16766 17243 11635 19083 2316 3395 443 17183 15205 13608 17653 5755 13199 2539 14889 4506
7424 10388 16193 7229 12123 19022 10536 16997 13359 13489 18657 15214 7396 11388 10813 665 8625 10099 16946 17229 6599 1026 12958 604 2897 12465
13434 17210 5498 13635 6684 18828 5992 13524 1201 4017 10082 965 10586 14033 8834 1840 17600 11763 16493 5004 8630 5963 7495 1176 1542 4879
18382 155 16585 8509 11164 16241 12828 573 143 4531 19956 4273 17213 326 14170 15172 538 19434 19048 16820 16710 4036 11323 5456 18509 19100
10381 12077 18808 11111 17668 6407 3123 13215 10502 17710 7628 5204 18435 9624 1036 5060 15525 3989 10756 7046 2993 468 2142 12655 5223 2424
5711 3171 11070 12770 5212 2613 10532 2900 19010 3832 4057 18147 10906 8648 16021 938 9421 4989 4829 10661 18952 14895 7645 9062 16888 10594
13739 15895 8652 3762 6252 4679 14563 19794 13473 15806 15178 5713 16223 10014 13344 3795 171 17787 4554 15611 2541 13966 3855 19960 3197 13480
4986 16645 3821 3584 15024 19983 13161 5078 10610 1126 17041 6201 15562 10612 16245 13597 10962 3787 15818 9862 5881 7189 7558 9494 10073 17704
428 18663 19636 18638 15862 18362 2180 11181 4305 6638 6613 4300 6043 10751 2288 381 194 9414 8091 7995 13015 4021 2200 14640 16993 15199
