365
2 26 89 25 90 39 43 16 81 44 27 33 88 31 0 92 52 56 88 15 31 70 26 54 48 73
8374 2097 5061 16490 12643 3402 2926 733 14049 5703 10731 4182 18654 16147 8720 2911 19544 5342 6399 17050 199 10417 7091 18302 6932 3286
12445 13279 386 8746 11246 19477 3489 4190 2427 8031 132 2113 1937 19761 4414 11642 2402 407 429 1038 19333 3399 13486 18123 6556 11447
18135 1138 4574 6180 13476 5902 15471 14343 19634 13773 8158 9763 2718 12778 16933 14925 7925 11581 18543 4747 2781 18116 2323 6479 16052 5114
1475 6881 3059 7091 8747 13130 18557 8950 5316 14879 2198 12313 10834 1403 7600 18061 7668 6704 254 3348 976 9374 2148 5057 13409 18369
5063 7641 11184 9680 14883 10041 4768 1267 11270 2536 8455 47 12827 2506 949 9849 17752 5566 18644 19259 14329 3941 8573 10497 8608 18322
11626 10466 8443 11523 11381 9764 7562 13259 17750 16632 6370 12716 13472 4881 12231 15079 9065 6521 14788 19728 12434 443 3424 9025 6001 5952
16557 15189 10864 12693 8613 15678 18807 884 16723 7634 12699 4295 10531 16789 19099 19385 1471 9093 15035 14211 5732 11115 18754 864 16978 3743
10694 8331 7993 5403 8542 15687 12096 6226 10209 16876 1305 4660 110 17427 15996 19314 3901 18933 17900 18573 1772 3172 6104 9310 18044 11211
10763 13760 13578 4727 7479 7912 12256 12371 250 18298 7556 7360 15563 16990 2172 12057 2914 17330 1554 14341 15629 4917 13080 6438 16804 10886
9834 4146 17477 9438 4122 12143 7169 134 225 17628 3273 18684 14308 10471 16432 17105 9975 17001 14697 3032 8105 2697 17465 16926 5035 7036
4846 19874 17221 10703 17660 3907 2369 4003 5532 13405 13740 11949 14783 13010 19243 17841 3405 17802 6988 14930 11195 9549 7492 8737 2572 9334
2834 10432 5566 2643 18093 8963 7806 8886 19596 19846 5 6999 15867 13314 14460 15092 551 15468 8894 825 6319 11338 19970 16371 31 16934
10464 17170 11647 12864 13632 3940 13217 6958 8841 19501 2720 2637 13224 16711 19661 10786 14278 5856 16398 10973 11828 1753 11148 9828 14583 9199
2780 13953 19988 609 851 15330 11998 11153 18831 6423 19508 8247 5414 11678 11608 4753 17985 2431 8322 11838 16038 18315 18499 9375 5042 15211
1342 18311 2757 18685 19039 6519 7057 16279 464 3758 14909 1 14765 18624 1600 16672 17882 4250 10756 17206 16877 14447 8247 10354 2487 2941
13664 19435 10206 518 19506 7054 12404 19960 1143 10774 18464 1556 18574 17751 12897 9981 9390 15754 14351 5772 8548 11834 19666 2193 7156 13408
17423 13942 297 13225 14092 2764 4140 5286 5863 1982 7540 6285 15605 18242 1072 18446 14068 2516 15593 13272 9452 9484 11790 8218 2722 2312
1591 13983 4542 4697 13721 11020 1735 4373 15327 17659 2182 1350 11485 3594 18298 16006 2337 11341 6704 2340 15535 19430 12508 15041 1342 11786
6578 2496 8991 18531 11895 7682 4603 14887 8140 417 11026 18460 5395 17772 1328 15620 19359 16269 10868 2390 9980 4435 7919 7896 1980 12531
4102 17387 15576 2510 12711 17999 6076 11524 4842 17323 3031 16451 4781 12078 3023 18704 3689 17318 11279 5058 7918 14022 10136 12740 9420 14806
14040 14800 1869 13305 16353 10658 15490 8586 8451 7907 5965 16231 1942 2697 12637 18958 18529 7555 6952 10524 10729 15352 16788 18178 8395 1573
11611 14263 18053 16318 14501 2016 8665 4994 15027 19193 12648 3926 16371 3828 3562 9460 15472 2709 16319 19886 10860 5980 2818 8698 6459 6147
9169 16569 17742 4513 18152 5724 8641 9733 3211 8680 12241 13394 12612 11645 16878 14726 6309 16120 15916 10180 288 9822 1087 18466 19362 15566
16969 1752 1200 8549 1991 12786 13153 11173 15473 3076 2 9766 2951 1438 17320 12779 256 5956 11167 11458 11379 2637 10614 16887 12440 19360
777 19179 8370 2642 15376 13048 18511 10460 175 8054 14051 3489 17056 3568 19809 19100 10835 15496 15715 6253 9427 915 13705 8510 468 14710
12748 15130 10215 682 8684 12897 11698 3100 17427 16973 5581 4482 11659 19669 17679 9455 1246 4260 6368 6482 12505 19105 14181 4587 11838 8213
6042 9247 17424 4614 8703 1772 16736 6224 15896 16651 1094 8656 18807 14425 16158 1794 17940 13645 19586 17674 16846 14789 15346 1257 9865 6955
549 14538 8211 12786 14334 11135 7151 18768 5549 17960 1902 4566 13985 17801 2959 1189 540 18390 7764 7313 1194 9664 5480 8317 9527 1511
374 1613 694 14608 1098 4176 11705 19425 978 1162 12651 3000 3010 3049 9453 10493 1889 15386 7082 9295 18598 14507 3173 11244 9898 15554
15756 4046 1203 14363 18494 14504 14562 9449 9363 12736 12483 19103 17319 1856 7822 5824 11953 12526 1850 4138 16380 5877 14921 14330 7493 13470
15325 606 15826 17932 12172 1183 5089 14150 2927 5945 19943 19391 11213 3319 17884 19384 14214 8155 3074 3175 2212 9934 3626 16483 15812 14946
4139 16340 19668 1484 2877 10889 9946 3401 2835 6782 10395 12067 13717 7054 17885 17953 6563 19670 15321 10170 12921 19568 16914 17643 812 15035
18634 18570 14102 12282 9357 8047 9804 13520 17644 45 17472 836 18901 8465 19636 2924 16650 10378 11696 11899 3408 11236 10428 14517 13906 10187
2399 19689 14987 9712 11309 15221 11519 1809 16188 5779 3848 8643 5749 15356 113 12459 9344 18059 14112 1236 10283 14756 9771 4439 8680 12217
10140 4299 4709 4332 19989 16715 1150 8452 10287 8250 6492 18438 12027 13303 57 13422 4248 15252 13533 15280 13060 8372 2930 12608 13058 8848
14785 7764 8490 269 1784 11090 4969 7104 8626 16761 17210 5011 6285 14092 19079 4618 2792 1786 7349 2850 1066 7924 12418 6474 9320 10897
19876 112 17869 15879 9237 2687 14837 1630 5058 7068 12126 15949 9219 3582 14264 7134 17518 19923 18802 8118 4631 11849 10019 1017 1718 7611
17834 3719 342 12540 18178 8691 18755 9261 4595 1881 13329 1690 7573 14340 16407 15356 16944 7079 3088 8829 2891 3024 17100 7299 4615 9839
14916 7581 13216 7911 11809 11772 8023 13035 6659 12295 9107 13132 14864 8197 4202 19826 17828 19495 18816 6261 4160 7679 19339 1690 19603 7958
10654 18865 6081 7627 10434 6214 16 235 11396 18625 11848 5289 11537 545 1542 10413 2782 19630 2222 18589 5715 18078 10356 16229 4655 10372
7851 10068 18455 13920 11967 14819 13577 2854 13940 15363 4978 108 5125 19827 7167 9096 810 9461 12985 493 11933 14940 16158 11224 16817 4868
5270 3949 15144 14800 5513 5213 13137 12535 17574 4550 8193 5467 18951 4136 12157 3128 14006 10369 13448 8144 16674 14414 1467 15892 1698 1403
5902 15787 9064 14856 17589 12624 776 9065 14544 19517 4662 10732 5322 8949 18362 3418 13630 11643 2056 2108 14322 3840 18097 5448 17076 18762
13510 4217 10430 2555 13426 12389 13167 7923 16877 4010 8882 4310 11706 10653 2882 14216 4405 4293 4198 10642 7148 2131 8397 1313 2070 15845
730 4799 3560 5150 7340 2115 3368 14629 17813 1227 17947 8111 1458 1250 13982 4751 5098 16708 6531 4542 4086 6002 19003 422 4612 15930
14676 12188 6402 13664 10256 479 3275 13972 14957 8868 10093 10584 9441 3349 10751 11800 7937 13028 14549 10555 14719 7820 6579 7585 4444 3023
10387 8320 12795 15466 18941 7957 14726 6238 8903 3268 11055 6509 11871 10049 16932 6453 5505 9453 10534 468 1522 1483 14130 94 14436 2488
2428 3949 8886 1396 3814 7447 9256 9319 13960 12654 419 3790 13023 17224 11355 14435 714 15188 1456 12778 4679 7326 5605 4940 14654 11531
7432 19693 10223 10240 17138 12962 1591 6749 12373 5396 7144 7964 17221 19048 18238 435 13548 18127 7238 5901 2799 14001 6186 5544 16898 5950
1548 9067 2761 9674 14892 9087 5614 11343 7017 5635 19927 11724 7991 5606 5375 19741 4259 19264 15991 2448 8315 2640 5424 6768 10753 19585
18834 4845 5488 3238 10048 15364 16009 11778 18892 945 2713 11053 7685 475 8956 7204 16886 17146 10684 16248 8091 12915 19233 848 17058 6473
17160 7376 8337 11343 14490 10433 17429 1565 3645 3190 7441 839 9789 13381 11023 11414 999 7929 18357 5132 16572 11902 9551 2549 11365 13704
4615 5429 1607 10099 19306 18232 13889 9367 4778 16822 3559 1354 17176 6423 16939 18073 388 8997 9877 286 9634 14813 5113 854 2811 11832
10956 17381 13267 5859 7028 1235 12957 13825 19671 3211 10064 1576 2725 5833 8657 3578 10100 18237 2823 13413 9892 10483 8565 6879 12403 9882
4387 5000 3287 17909 7016 9760 18492 6285 12731 11642 12531 6211 12253 15387 8620 6128 12703 17937 18655 8711 634 10610 19829 9054 7986 19748
15327 3662 10887 11767 12749 1075 19395 10773 2829 5968 5565 1283 9321 14632 1337 10892 6565 12939 10215 5199 4026 10707 12214 8424 11091 4253
15686 6695 4207 12137 10888 12646 18009 13861 9929 4890 14806 3063 11754 17030 982 6492 17337 975 11045 1809 735 14234 15190 11602 5809 10647
17977 7307 19581 3409 1509 8827 13655 5385 6860 2768 12847 1622 11047 3101 8957 9900 11804 4919 8715 14853 16334 15600 7402 18861 7261 5906
19960 17742 16702 14125 9838 6064 10427 2930 1879 13654 6241 17623 724 14283 14571 5581 3596 5606 2566 2675 4040 15908 8192 11858 6945 903
4256 19416 1807 15576 13620 7434 6355 11128 16197 9188 18033 17255 529 5638 7065 13308 15945 15898 9680 14695 16542 3140 5919 5505 968 6968
15559 5436 220 7412 9772 3226 4802 19628 9592 13645 16323 17559 5238 9380 18693 300 18620 6578 231 19169 16043 13775 12434 16815 16689 19246
19710 6280 12984 16839 9321 16498 5255 438 12919 4749 2338 14599 2707 8699 18887 12691 15482 15780 11545 2734 7549 2017 8726 5893 471 19402
11990 13907 18011 4363 12847 16805 1924 10385 1100 19384 8374 1868 140 7865 11179 18635 9808 2882 3404 11681 18854 14273 13935 2302 12015 16257
18258 3092 18164 4016 3010 9267 19616 9994 14263 3461 427 14580 4242 16854 7038 11715 16712 8369 7151 12600 14863 7781 18275 16135 10126 47
18226 9556 6664 6583 5576 1162 16749 12482 19084 16482 15724 14747 15085 1268 7998 3487 2478 17003 4226 11747 10016 13701 6151 1214 5557 9943
19584 15176 2233 9232 15217 7022 6999 12307 16590 14996 15579 4430 8372 16671 7509 14960 18790 11650 8986 523 11249 2557 3220 19491 2831 16981
15733 8555 15968 10139 18187 4583 4685 5759 828 6186 11871 819 15617 11520 6745 19063 6965 6346 7936 14225 18060 8330 14940 8302 8470 4942
15916 5072 1938 11661 12084 17158 18020 18207 5160 10374 18340 10687 14205 1855 7644 14426 7757 8243 14367 18348 6788 13191 2062 2999 2770 14211
19428 13623 11078 16892 8631 13201 11505 16669 13864 823 10335 3538 15981 11995 12728 14969 14483 17778 14109 14222 1658 8564 14922 8934 9214 382
263 12766 11188 6683 17999 12305 12566 10326 11507 1530 2730 539 11332 19972 14089 8074 2121 19724 1212 6735 17482 9984 12742 10894 11401 6335
215 11434 15933 12494 7795 7146 4829 14130 12522 7454 16991 5493 5525 12801 10182 8229 2220 14853 10861 1134 5306 670 7298 15865 7754 9898
13755 7631 19941 1558 5239 3538 6289 15349 4241 1491 2923 9973 10991 13351 6367 18634 6744 19799 6234 11664 13008 11916 6342 17956 9420 5765
11183 5163 3264 9311 8237 2401 9503 15088 15904 398 17943 1860 8419 7822 18544 12875 19528 12199 10401 6139 6582 366 2119 3240 2985 2916
10148 16142 7276 10700 18523 13125 5892 6238 18289 15462 16730 12801 10669 6511 4089 13983 1899 15 14589 6230 9102 18016 12460 19399 545 18430
7762 1324 10005 18254 4304 3877 17569 15191 19821 1667 31 19098 13506 8440 11260 4143 17945 12398 16084 8146 16677 6831 12470 9468 5096 6240
10842 4833 9262 13183 2625 15106 4980 1059 9875 9081 4691 10897 9648 16728 17969 12748 4629 12791 13371 8622 2936 3706 2439 19653 784 18798
10937 5483 9868 14400 12501 11339 12641 14525 5555 12183 9814 8783 6416 16507 13466 16782 6947 12235 6043 1895 8499 7430 8229 17842 156 15228
9137 2962 1839 8184 14252 617 15863 10942 7507 9111 17574 6582 19341 716 4931 4866 13620 18119 13192 3830 5146 1953 10633 14777 7441 12057
18486 6442 18058 1633 15352 11467 16710 15971 1664 14257 8493 13519 1696 8040 4831 18129 12217 12706 14936 17297 19797 19139 1823 7804 3081 3752
3975 16826 6721 14854 1972 15597 6124 11880 18841 9303 10674 1718 17191 17670 18868 6467 1600 18119 18068 4438 6745 1717 9106 6936 17058 11770
19886 3243 16222 11636 15347 15695 12707 16685 10603 6166 18653 15900 14700 18549 2761 7548 10904 3664 40 13339 2573 10691 17832 2487 393 3962
2641 1231 11070 3899 8583 5257 152 18563 2359 11293 5062 4443 19888 13089 13083 18036 6172 10905 10104 15504 13320 2744 3384 13684 9682 15145
19093 2904 19503 9687 4972 157 1341 7063 3847 1803 16555 16532 15691 15700 1832 6590 16275 4137 5124 1136 19378 8312 620 11915 17747 19899
16750 1423 2002 19096 10158 17086 4978 10445 2296 10138 18218 18261 707 1809 10947 1088 12337 2900 12194 18774 2424 8269 2619 14467 13563 2524
3482 9791 6734 10466 5941 4520 6872 13388 11477 10121 6140 11610 4049 2334 14279 14022 8544 9288 16242 13600 7204 7750 12600 10404 743 7786
13759 5744 18119 19848 3339 4620 2377 4496 4342 19089 9704 17304 15568 4714 2051 14656 6849 14520 16108 8829 3090 16683 8650 8715 1521 11464
17656 16054 8471 18695 12105 11891 4134 11886 19458 2319 14337 14364 11214 3050 14083 16383 9321 15250 14643 14255 10015 9850 18312 3945 3543 12805
4653 16225 3018 16518 14212 5878 4372 10337 12576 2275 3742 2538 16910 17863 8285 5894 2797 17310 7357 8719 4859 1144 2218 6750 12901 5718
8572 17780 8923 6250 465 1910 11751 6980 5622 14260 6209 16 16706 1895 11707 18649 5055 8063 12153 13306 17202 7620 5195 12670 729 4614
8931 8637 1991 13441 8645 2406 2397 9434 16267 18231 17811 2322 11945 11937 102 9667 6320 13719 14244 9351 1896 10964 18810 3051 19137 8322
4905 7666 14627 7730 12583 12228 12778 16489 13424 15652 6895 9465 12790 10868 8405 12280 18817 4419 4168 8132 14894 17209 4049 2346 10409 9753
9086 15587 7456 8599 18449 16053 9829 2483 10454 15561 10372 7015 6854 6122 4963 2530 10111 10509 5492 19202 18517 16308 718 12429 10019 5666
10087 167 4009 5240 8091 19478 10930 12616 16624 9789 16608 13440 16703 3563 6423 7519 11396 18898 5798 8360 9934 3453 5837 17428 11588 9420
396 17783 646 15072 4534 3872 8702 18019 4171 1068 19320 19639 15613 19975 3803 11629 7643 12673 2205 10144 19634 11637 12064 5753 10959 7166
4226 11037 2004 5671 14055 13985 6095 15541 11889 15165 10979 1615 17544 3021 5173 1551 15352 7123 5933 17735 5940 4620 10903 13800 16298 5138
5751 16023 12082 14887 7315 4723 13971 17421 2271 16187 1642 6833 7912 8419 16175 1153 3769 14216 19081 11962 7547 8964 12838 5412 1334 16319
8345 1502 2282 16985 43 12623 1073 15712 17230 11719 17027 11509 8265 8409 4816 2547 14831 15870 10617 19681 19050 7365 2644 10189 15049 14398
7834 8451 19002 4103 15867 4854 7983 12681 12864 8119 18533 10890 10057 13789 8706 8565 6229 603 5745 2266 9233 13430 11609 19798 11765 11748
5514 5294 6924 1595 6318 1163 15670 827 17445 17278 10499 17065 19587 7714 3488 2623 11153 16063 7893 12070 11981 6733 3874 46 9649 14232
1852 11589 1506 5114 14021 3573 3936 14543 5318 18154 2749 18719 17118 10625 18640 9278 17107 11515 19215 18118 19442 1809 11226 9077 16024 4151
11676 14374 13178 9923 8746 26 10250 4944 1737 18866 809 16406 16352 8543 8257 1634 17229 9547 14882 4721 9690 3848 18763 14766 16756 15200
14998 6107 12058 16357 1315 7112 1145 16322 13532 6103 808 10806 9362 7406 19177 9775 6047 9804 19999 10687 4231 10464 12905 5813 4517 1831
14300 54 8151 17106 16670 15782 13781 8929 6536 15820 12387 9484 8995 7521 9347 5911 5516 246 6005 13022 16137 610 1214 4966 11983 6919
9799 13122 10508 552 9784 1293 8600 12610 3001 3216 17088 3799 313 8226 14858 15815 3264 12063 2521 12593 9148 12372 3225 1024 15929 12407
1273 19905 19588 15533 8139 4306 11995 9117 18412 19983 13014 15104 6683 12344 4378 3693 18527 9177 5717 19943 5090 5419 2388 15164 8283 16060
8117 12754 7040 14378 1874 4856 18257 6604 13127 2830 12532 16055 17080 16739 12743 4718 18543 7363 9005 17679 4615 217 7894 9537 19058 4609
16272 606 7171 5368 10120 13073 19573 4049 14664 12898 2759 9270 3764 5109 9152 823 14294 12006 14289 2038 2493 2867 8707 5689 3740 2599
16825 4808 5157 1720 14869 15336 4055 10161 10298 9167 17002 6152 3134 12151 8780 691 3474 7887 8864 854 8083 19070 17614 15965 3282 4854
3750 1567 5967 9767 17550 7410 15365 13356 4755 2390 19225 9082 13815 7936 18156 12947 1794 19551 13960 9171 10355 14159 12142 14668 18273 690
17096 8434 16103 1909 13659 6644 12839 6355 16274 12994 4563 3899 17727 11680 17865 12728 139 5626 6574 18908 16172 6895 16785 8111 14122 18942
11942 15263 15235 15487 15453 17375 6875 6510 14880 18746 1798 2886 16405 15236 1328 8248 9697 14092 739 9203 9528 17568 4901 2925 2468 16105
8011 61 12329 937 14532 6931 3369 34 2390 14585 2531 15573 3344 12249 8113 10554 16790 5662 13226 3882 13223 6682 14338 9286 10451 19728
4269 9372 15220 17048 2611 6382 10904 3100 4372 5627 18324 47 13879 16490 13560 16132 17890 3436 14517 14793 18846 11065 2853 19112 5723 1377
6317 11045 5291 10422 2617 9584 12674 11488 13645 7700 2900 19646 6105 18822 14161 1393 4469 7770 13538 7772 1516 11723 7843 17008 16345 14361
14407 3446 14665 3855 16403 2912 6018 4758 5458 9578 15667 7071 10195 16538 14885 19234 2223 532 5882 10210 18891 9651 4085 1064 12935 13092
13004 4401 9231 2632 7720 13614 19630 13590 6451 11733 10937 7395 7061 2453 8027 19267 16483 18535 14780 3606 16771 7867 10356 12940 12967 5185
9251 12499 9078 5340 12100 8708 4535 4077 11937 12796 18975 4055 4941 15596 2728 16570 3399 9122 17364 19262 2288 1427 6976 13936 19725 9092
10223 10583 18746 4307 16790 5429 3782 12279 8244 8548 5196 2071 11033 9950 15108 4569 3397 3914 475 1225 18527 7107 4237 12706 3655 6754
11676 11861 667 18879 76 13269 517 19417 10300 19051 1145 18300 15715 2877 11115 18132 12961 13223 13814 9248 16681 3971 9804 1227 9962 11952
7964 1507 3431 3519 7844 17678 10058 10186 331 16998 1649 13825 13577 12623 14985 6544 6634 14655 1560 1444 9538 16742 13985 2725 14057 19880
1570 16885 12032 3784 3157 16789 7403 10753 8554 8503 3398 16537 10453 17925 7510 13871 9817 15404 8611 11502 61 467 4128 2390 12027 568
12474 8486 8856 787 10395 34 6637 9768 19119 13711 6415 16462 7083 14368 5484 5508 4201 14566 3184 12931 9663 13904 19658 14687 10399 10671
19321 8794 16365 14242 12718 14855 9527 5241 2294 11604 17562 18893 12875 15161 12245 14226 2610 15261 18731 19011 13677 13541 15203 18054 13563 16743
9950 7868 18346 2337 8747 17387 13989 10794 11061 17983 8048 11125 4064 5708 18823 15420 14015 9491 17327 17403 2047 11542 15275 10773 8697 18792
5525 5221 13647 10876 16991 9305 19648 10757 14463 9027 13956 18432 14574 19201 4784 19114 2723 15843 16992 15351 19868 13540 18223 1304 12204 9749
1319 10160 17935 12206 103 370 17897 18940 12867 12157 9515 12018 13823 942 15324 302 15388 5752 15340 7335 17439 8255 18878 3362 7303 14066
8157 7427 9909 17197 582 14174 2527 9720 17256 6023 2235 814 3294 11508 9394 15208 4156 179 2632 1674 11471 19206 15158 16253 18531 1708
297 19755 10073 3013 12150 15339 18805 5604 1099 7731 13111 2516 6232 6889 15356 17306 16900 1346 4646 9207 9507 8560 14958 7483 16865 1183
15039 15704 13233 17764 8710 16392 15173 16064 9444 4968 12254 7428 3352 1900 1818 18519 10193 8161 9323 2676 16996 16258 11335 14447 1034 18441
13234 8079 8717 16438 13716 11457 14137 10978 16571 13669 4694 5779 13413 13728 15836 296 2409 8000 1720 8255 11158 17864 1276 19814 13872 8370
11571 5636 14720 3000 10756 1041 16838 16839 5070 14899 6162 12336 2527 17065 400 5233 6025 2520 3079 2856 11039 9231 7929 12899 8155 10496
5728 7704 5604 19452 4925 16927 11040 15813 13780 12718 5461 17737 13133 19714 16183 11694 14996 12713 4585 11597 2786 9454 6026 16823 9049 18289
14673 13084 8718 4207 2746 4053 17678 10974 11485 15720 19924 10210 3212 28 10753 9851 15844 11118 3148 12484 14550 3751 9582 17844 16516 6571
3147 136 9662 8296 16614 223 3499 11818 10716 3856 11601 16698 19113 13438 5336 13463 14791 6178 15407 16698 14172 6422 5783 361 3438 19690
14361 9925 15796 19509 15496 15082 10011 5469 7914 14112 13484 2276 15568 4618 3817 9549 13121 10411 5768 1192 19570 5719 15709 10292 10358 14082
18094 16606 13072 15570 7241 15040 3433 15899 14666 261 9138 13585 3373 15496 14110 11196 18275 17963 9560 15689 12959 1422 770 18034 9937 13107
8402 15254 1590 16666 19167 3342 11913 15290 18508 925 6431 3944 10445 1631 1175 5390 16679 15442 6288 10427 97 8248 1102 15846 7188 16144
5234 7185 17378 5727 11412 8195 12980 4890 15223 16140 19542 19249 14484 8410 18589 5239 16061 2514 5652 16585 1716 10059 17103 2449 19328 17482
11330 11909 10305 9940 5100 4000 13752 11376 14927 31 6998 13870 16262 18648 19160 18870 14896 16319 7286 6468 19483 15735 5996 7379 10298 3019
8043 5451 16896 7008 2230 19366 17522 9804 4674 2618 5668 7017 8764 4797 19524 3980 3587 7080 10886 17164 2778 2720 11247 9476 7115 18504
1126 977 17555 18663 7760 2984 19274 16670 14405 3007 19712 5509 15895 11917 9061 12761 12305 10803 14808 19243 11287 11388 17853 1283 5216 13686
9358 12702 13186 3887 1889 7597 10157 6338 5826 18615 3324 9976 8361 5897 14860 13684 6383 8643 5179 16681 14979 16465 3889 4471 7036 734
3996 9784 13874 14666 6071 18589 15611 18506 13911 18146 11454 3548 19235 14364 11667 529 5809 11817 16724 19177 13824 8869 10673 723 14850 18517
16113 5083 4963 10231 19228 17196 8053 2920 9680 9474 12824 10632 9888 8968 7450 14856 17533 14463 7607 8249 9661 4546 15862 12731 7614 18916
18441 6408 19032 19833 7109 11113 1272 14493 15291 17530 19458 17038 2176 18291 18377 18349 2775 11526 11895 2665 8875 8912 9053 133 5134 16445
15245 11495 8819 13192 2898 11297 113 5056 16708 19983 13346 14920 2736 14896 7672 4769 3517 8176 18126 19982 148 3676 19209 3889 16981 11311
12274 5616 2455 19531 14124 7353 15092 14692 14779 1095 15885 11277 14441 8456 3545 6361 11008 5472 10184 16086 5371 4266 18330 2243 1059 6599
15839 8090 2405 18030 11941 291 12263 1913 2732 8061 15821 16302 5272 19558 556 5227 11388 4680 13119 9394 15499 17612 6444 12631 16627 8123
17966 9712 17763 17487 17382 15637 11210 12449 19837 14342 18332 9779 18341 2501 7280 18349 3602 1540 14311 14491 4733 1688 369 9770 14646 3320
17137 16775 596 4378 2103 3472 3480 3523 16677 12584 12683 16152 1806 17158 13868 10782 17119 8299 10476 17816 1557 533 6881 9558 4227 15587
9695 16234 7710 11324 955 14125 1752 12778 13489 503 9065 2594 3862 18791 2459 14236 11860 2662 518 14055 8541 8344 18240 500 11628 7404
4449 943 19285 1638 10371 8081 7212 12605 9674 1462 18196 7096 16871 3879 16023 3633 5826 4390 7534 10802 15958 17025 19495 12246 12179 10867
5949 12669 9966 7843 11604 7327 1051 8266 18717 3704 7299 10475 5317 14572 16016 6328 18694 476 16723 5131 14218 17142 18605 8264 17640 6412
7902 10982 19037 19748 18111 12077 19304 16334 9177 14209 9852 14724 6926 11487 10389 8191 19036 11865 18705 9788 16555 18760 8199 9344 8865 2003
13573 19853 9964 13053 5436 11902 6274 14866 3417 13482 820 7150 13265 18644 4335 1945 11930 2953 7066 8694 13833 17319 16294 1480 15827 10327
1426 8274 18129 946 15191 11799 4007 1545 10227 527 6479 18118 14860 11949 15562 1255 14493 18934 2073 11523 10587 4396 13427 14382 11069 6369
656 9708 19945 11082 15302 8625 5250 2046 13428 6326 4086 13934 7346 3292 12015 5512 1015 7966 15954 275 16305 16667 6548 2059 10739 8731
15441 16765 6767 5436 1449 4776 5835 9 2126 2 771 4011 356 2968 17631 710 11302 10305 14537 2512 3095 12542 613 12498 8337 2219
1265 12290 19206 19169 16112 15777 9850 15040 4754 11747 15653 18336 8366 7262 7451 16496 1866 18733 19371 9224 6824 361 1385 10220 8841 8123
19908 6127 8661 19230 526 19407 14072 1015 19067 4678 13994 17023 19632 14532 19461 6616 14147 19489 9356 12687 15567 7693 13128 11650 8795 10153
3876 16790 11317 9538 17062 18423 19584 4477 5658 19152 26 3957 19360 6797 15297 11287 10617 13338 4999 11472 4515 10876 14534 12607 10228 3132
2100 51 9092 8885 2737 14851 4410 10877 17378 608 2471 4491 18898 442 7179 9151 4674 8660 17831 1724 17403 17650 13616 17539 4057 10912
16019 4643 19150 10906 10439 18857 4611 7286 1790 19354 2912 11642 14491 2794 8167 18000 9405 13532 11540 1387 16251 12780 3430 18152 6077 6737
3106 9631 12202 11185 19703 7742 8636 6588 11619 2553 34 11954 199 2489 17511 13928 16267 19661 1315 94 9271 12262 19983 19973 11478 5015
14715 6485 7045 3056 4327 14484 1645 11020 9786 10393 7737 4878 18552 6558 17215 17359 7447 12601 14347 1600 16461 2396 4814 3916 19655 11987
10938 3733 1778 11500 6839 9316 2712 16215 8312 9348 19242 17782 4263 2835 12461 9049 1618 3206 10237 15946 19631 14154 2623 7435 10379 8323
9459 11817 11994 9960 18933 3389 8612 5095 1884 9045 4045 6522 4650 12874 12694 19386 222 16550 11055 8321 4307 6978 13654 16624 4759 2350
4227 8342 3210 5408 3238 5585 4425 2671 61 10270 2594 18642 18394 8634 5276 4812 17517 19250 10637 10531 11349 14204 2035 6310 10418 8011
11482 14847 17228 5372 17442 12177 16782 3227 16981 18701 3695 8070 7993 7602 8787 18616 16239 17853 5356 11773 3434 14434 10062 13782 12798 13158
12488 607 13771 6269 16021 15201 17363 5756 16399 11007 9459 14314 8883 11604 7629 4023 11317 16453 18481 16763 14344 15606 6370 11324 14955 16220
18924 6564 8103 19581 14902 1499 1099 15400 2955 10923 9796 16802 5881 7114 5959 15108 14882 7239 18628 1688 6753 3149 7763 3946 104 15720
7169 12906 9969 12304 11577 17560 6034 16183 19065 23 7163 2924 17249 5567 2311 17635 3775 4474 14177 12450 11592 2417 7322 18107 17691 13532
8349 16769 10508 5666 6460 17206 14063 12904 4890 4888 18768 10194 11452 15433 7824 10082 4698 14472 11491 18583 17396 7644 18185 1835 17123 9257
1747 7841 15431 8012 4244 15395 17230 289 5582 9901 1117 3275 12660 13941 11494 8266 1000 6474 18254 16766 14513 4127 3669 12373 15174 18908
8910 7051 11187 7599 12174 5661 18745 7599 5073 15071 6827 9239 18381 11252 823 3078 16805 13176 2125 1537 14354 1830 12499 4218 14429 10730
10607 6602 13090 19663 4720 16777 17568 337 17340 17928 10650 3672 9669 13059 14401 1762 15366 14926 18372 9761 8219 15353 7852 16469 10308 1079
10409 2943 3205 16543 6034 11728 13910 7471 3290 7924 7313 11569 11860 9855 12614 4202 13806 1484 6420 13569 3823 6610 6334 17945 14304 2161
14882 16680 5979 3240 12806 13472 17538 8531 8083 1887 15788 16867 7497 15931 212 8990 8203 6226 9340 8219 16722 13829 1563 19611 6534 15503
18660 4540 18528 13072 7704 1479 13045 1203 4051 4193 7962 960 18929 8829 8663 5331 7226 7671 3267 18292 16375 11244 14566 10911 17853 4600
13245 16393 17879 16311 3249 6576 2058 11775 9333 1479 769 17159 19428 16460 17443 18669 19365 13299 3202 6918 18369 4790 87 6319 1061 2792
16802 10037 1222 18536 16955 7538 11620 19600 1954 13696 17186 6781 12543 762 15504 13721 1026 10938 75 7343 5707 9692 16960 16573 4207 4522
7811 1529 12776 12268 6634 5073 16142 6780 5220 7850 2413 12972 2398 19808 12998 9414 9338 11273 12935 19008 2881 2991 17361 8304 6046 14856
19055 7150 14906 8885 8629 424 11200 19743 16430 8384 14953 1474 14977 5582 16608 9205 1647 15975 11436 19445 7631 14625 11185 7891 5038 16468
1507 4063 253 9420 13130 19753 5706 17809 14476 19058 1437 10621 18314 971 15688 5590 19321 4591 18744 9740 9987 1058 18861 4081 5845 10685
4392 4612 6029 7272 422 15593 3480 9248 13063 5461 12795 8165 12148 2048 8141 15186 11360 7953 4977 16691 5210 16961 2840 18133 13953 19634
5789 14007 18052 10214 274 3628 11340 6008 12166 7902 9510 1519 13405 1757 2793 15763 8826 2683 11657 17535 7330 8276 120 11091 7285 19251
16087 16006 16032 11777 1844 5848 4490 1459 11273 18364 7834 4633 16400 10037 17229 14119 1441 16532 16001 8421 442 1894 18009 4004 4765 5739
14122 1998 1273 1386 4431 5307 714 17028 19878 10854 10650 13803 14628 17309 11947 17838 12448 298 14631 18434 19677 10175 14205 1105 13319 16616
4339 14944 14683 6251 9424 18309 8443 7841 16478 5360 5409 317 8886 19027 8334 5850 3604 9529 1486 965 12607 14689 18785 7233 1073 8654
6386 18542 782 12593 10941 17272 13260 726 10843 1461 18044 17712 7860 12088 6566 10133 5826 8209 9333 16278 9333 16122 4335 4465 12802 295
137 17441 11898 18537 3696 5440 4942 17647 5394 3110 16254 2421 4235 4152 17053 16711 282 5841 15906 13902 11637 9078 13329 3840 3205 10046
725 147 18646 17108 6938 2007 2475 6849 5927 15841 1978 14738 16774 16625 17044 369 14126 11280 19047 15516 1585 4542 1550 11869 800 15886
563 4340 940 4967 1311 18208 18835 16292 5146 4835 3814 12144 14830 13007 12533 9935 11726 7260 0 17642 3870 5910 3690 5988 11912 10558
17852 19868 17665 329 15113 6774 3702 2986 9511 1691 13367 965 7513 19340 13485 19125 2432 5539 11919 1647 3235 19502 12322 11286 11510 15687
15419 15586 4930 11855 19721 8801 14371 2765 11931 11074 16826 1008 9808 19326 15228 1133 7712 11796 2773 5549 10513 7188 18391 10101 958 151
10843 16867 6087 5304 12256 16065 2033 8602 17886 799 8091 9100 19260 4123 10680 1602 2139 19560 2647 13956 512 3048 13634 7785 5864 4540
5524 8780 8916 8723 2869 4109 4927 775 11949 16343 16431 15700 7718 2926 16174 15227 4041 3472 11281 6024 5975 5186 9643 3499 1623 2754
530 5246 18060 9891 10152 11806 8458 630 11806 17519 4775 18703 18347 6697 2952 794 4722 4927 1957 1311 1092 7276 2361 12965 10502 6833
9301 2686 15083 12795 9318 1274 18125 13618 9750 18651 414 19964 3444 17301 12037 617 832 14629 5415 15900 8173 15106 12042 19905 10868 7858
18773 6484 14017 6294 2449 1439 12642 16853 12826 11340 2648 17441 17609 13268 8283 11517 13671 15532 15208 9597 11231 2042 14699 11389 18113 4825
9340 750 9655 4390 12212 5608 10197 9719 15028 12932 337 13582 4577 4978 13508 9665 2621 9776 6717 411 15732 2254 5577 14233 10431 1502
3828 7509 8954 15523 11259 16933 16123 11897 16937 3972 12593 11275 16476 9978 14124 195 5679 16014 12901 702 9252 11069 12071 4255 19357 13755
10758 12827 3942 7370 18540 11218 3196 17552 11153 5455 17899 5142 13243 8260 14163 17436 169 11391 8911 18646 15038 6863 13692 16483 3479 14591
19501 10054 4692 16592 16801 3388 10055 7894 10328 19278 9577 14021 13382 4442 11108 10691 13184 282 14103 12004 14488 8110 4103 18001 5091 5962
3758 15353 2328 14851 6839 6603 14317 8707 7790 2086 4388 11540 649 4569 6716 13896 6983 5353 18631 11561 9685 13960 17068 6264 6527 662
16626 14059 5245 7980 9697 6849 3846 6239 11708 409 16393 14828 17386 13727 15063 7662 3494 7577 16699 16659 2708 1769 12641 1228 738 12969
4080 16781 13671 5154 7387 11561 16567 5284 8493 11589 4259 1747 8871 5806 17740 16280 12856 4019 7109 19869 604 1345 18257 9370 4911 15319
974 15194 55 7843 2990 11520 13855 16476 14608 6709 14662 10468 19116 470 5101 8017 6634 19652 1214 19575 13107 15227 11011 18349 16611 13644
9129 4959 394 7500 9346 5884 5101 15748 16774 9612 10323 1054 157 16205 18245 19744 12187 9688 9778 5218 3872 19265 16296 11897 7201 8855
6705 18523 5630 16141 8244 730 9610 3588 8754 949 809 9199 9098 2769 11440 6272 13431 16802 7857 10910 16940 1579 11624 16378 14040 15281
17038 10047 17500 1285 17514 7905 1525 16099 4 13094 473 18914 825 5540 14007 14083 5395 18335 14007 17547 14542 19714 546 19061 18755 11068
8872 3895 12862 2927 17950 2795 15463 16136 12200 5705 14376 3736 1903 5410 18939 3290 11706 10342 10579 15446 15685 14290 15368 7294 14328 13668
17565 7658 16772 9820 14517 10623 18576 15002 1789 9079 3091 19597 15229 13686 4811 15124 3785 5644 17655 14668 156 10185 938 14501 13378 17296
18447 17381 1095 18696 2538 1576 9260 322 6981 7154 17494 5241 8122 4940 6042 14140 8402 7083 19676 14663 19475 2084 7209 14372 12128 8317
1294 2126 1672 10344 7379 15496 18142 6309 11912 4330 13876 6778 2846 16976 6970 8843 18031 9705 9294 8950 15375 9627 1514 4446 1509 14137
7494 2475 18989 9855 13458 13686 7031 14709 10537 3419 14261 5749 19978 5412 2621 8445 4066 17991 19283 5450 5774 15487 705 18747 11460 4307
9280 18150 2951 19454 12141 2161 569 13157 6883 17691 15792 8442 12590 2648 18554 8865 13234 16286 14700 1240 16674 6012 10893 12517 16990 8682
1277 13170 15304 10715 3878 6728 6630 4704 8530 18651 11586 17826 1904 4954 19250 16603 9553 15611 7621 16515 17691 17571 10599 5537 1778 3614
6279 9441 18561 15196 1007 16843 3343 8932 641 16655 18858 12553 5300 14737 1663 3901 15777 15971 16694 12643 8950 3067 6660 1854 8820 9920
113 8025 17719 7334 19717 12310 19445 8457 18761 3299 10283 15117 10623 10690 18915 19357 3693 6666 7957 7494 18603 13190 15483 4920 18662 3946
3911 19856 10119 16391 1334 15439 8135 6686 12325 2034 16113 8906 5256 19141 4967 3122 16356 1048 11449 1387 16485 12875 14893 9087 2523 2998
18150 7399 8635 18414 15176 88 2957 7164 15680 7283 8126 19382 2116 19688 12106 8671 3766 17238 19929 2115 11446 11877 4646 6565 6179 12641
9796 10717 15907 18459 10255 13509 13416 16756 10354 14420 14517 6122 18183 275 1459 10536 4350 5973 3669 10431 4309 10580 8501 501 12637 2507
8929 14676 9204 7375 4892 18674 13711 6236 15497 9143 6899 164 15341 18901 5257 7600 8197 6046 6752 14228 7709 1867 6696 4877 8473 1064
12346 16072 16590 2971 15788 2174 5944 5140 13626 16670 6426 5784 8546 7788 1897 13572 11902 15217 11835 16187 17372 13325 10051 10997 17995 1566
11418 13144 2300 15367 17458 17844 14093 19581 1421 364 2390 12199 10729 9159 8756 9871 1028 4978 10226 6141 9127 1056 18462 8760 9809 5405
3146 13357 3322 13308 9290 14856 8626 6308 18991 323 12358 7407 12496 16841 10419 3022 2669 14982 8636 1343 18388 6338 10610 3976 3057 16063
4044 13994 6318 980 7482 18192 9986 17248 4327 7558 612 2194 12650 6972 17418 13220 10207 1487 2262 19703 6931 19220 11276 19918 15361 6594
9386 3674 16907 12845 8588 4062 12737 8793 9561 19880 17966 17717 15835 16334 9273 12530 18893 11830 19259 1037 8445 7281 2566 5389 480 18325
13239 7986 15311 19055 4939 19884 19795 8350 18611 8209 3250 5252 10578 3916 8075 4757 3813 12216 10302 5103 3866 12894 13539 9345 13973 11241
4501 13739 6524 9929 1477 13763 4622 3950 15525 7311 16002 13299 4975 2667 13485 279 14626 4118 1181 12927 15005 12819 14068 5507 19986 4359
9565 15078 12201 19600 980 956 5372 2984 14521 11782 11729 6179 17576 3450 11560 6399 625 13384 12229 10040 2778 9409 18347 16772 6271 3543
6803 13574 7891 9965 17011 8523 17951 11161 15380 17596 2974 14141 18113 5036 5135 4620 6488 18885 16698 19091 19571 12914 3550 6813 10519 7454
19113 17345 9886 1206 2103 19390 6274 15778 13353 805 17660 14389 17611 4098 4863 5948 5275 7859 17180 11360 16246 6623 758 716 14820 2050
12377 8672 9793 19966 241 11225 3992 4068 8725 2104 3536 5631 1013 17350 14661 5458 5763 7484 16244 2352 658 12469 474 13759 10274 1326
10479 14537 8851 8321 15922 9243 8559 4276 11889 17117 19 19597 15175 879 9891 2991 2959 18823 13341 11522 5939 12118 11548 17744 9200 15374
29 12730 1091 7556 3528 9231 10129 2651 10537 13067 11320 11865 4836 14421 15811 10594 18982 3275 17187 9813 7514 15260 3769 7395 5747 18609
3028 7144 14864 11988 19756 2604 14664 4602 16245 9867 11995 14684 7176 5776 16245 7849 13701 11654 15875 13810 19607 17406 12830 7138 13955 16596
4091 2320 673 14343 5595 9170 253 16454 571 13088 5256 14728 1280 4558 838 5725 17313 11224 12340 9971 488 7536 5698 18116 8373 1066
349 9948 10553 17307 19657 3623 14423 18317 9558 5078 2668 573 9448 2424 10589 2403 18930 17664 10315 708 3331 5794 3543 19627 7897 2968
376 5550 8018 1163 11681 18113 1153 17768 4866 14204 18142 15412 15075 3076 3722 16946 5417 16727 7677 14877 9345 4952 8413 13698 382 1003
18115 10975 3233 3217 14664 17462 11280 16133 11263 12165 10404 5818 12037 18568 6040 2351 8223 8761 14002 12330 2050 9416 2278 6740 15584 12616
6722 1174 14505 13512 7001 7306 7124 19087 6787 15559 8667 9624 12371 16972 18325 8186 8290 6631 1585 4448 10656 12968 12399 19567 1562 5243
7951 400 2152 10377 13379 14154 11343 3165 8228 4551 6761 281 7780 15802 11748 9673 12565 2339 2607 11671 15281 7270 17857 17669 7694 7355
3605 2720 5969 1305 13006 10997 17021 11243 62 238 19656 3877 11613 11606 9832 11059 19109 16778 2316 1030 7759 6558 17755 19281 17247 19653
2188 18271 15366 14404 6724 11638 16001 17968 7538 1886 4922 14144 19144 15481 10543 10307 14184 12888 13202 18181 12228 3523 8649 15834 2830 7691
9675 17244 17352 1993 12423 19306 8824 5773 2931 6915 3193 423 2251 7571 17499 9085 18052 2687 15096 9949 18927 15457 13989 4768 3230 12361
19671 1911 6754 19312 15658 1265 16312 6439 8812 15648 12595 11436 14532 2373 4027 13055 19839 1743 6123 6790 16569 8436 11179 8355 8301 5712
5254 18366 15684 12403 846 14470 6601 18499 10072 18359 126 7255 7502 14351 1474 7009 19952 17976 16788 8210 2877 6069 7336 19586 12228 2717
19424 14101 13373 12664 11298 16552 19193 5541 9165 11800 3943 5585 4543 11410 8780 8744 15206 4517 15172 11511 19433 3256 15234 8996 137 14475
14897 3360 15401 582 18791 2140 12197 7210 17600 1748 8483 8248 18430 3783 12111 8699 4784 4 2276 13248 16734 13504 18357 10354 3089 11489
16423 10249 3444 16354 18123 16784 18463 17425 5412 10476 3434 8330 5079 10566 19012 15549 1607 16629 8388 19929 13760 6311 11172 12884 8142 11345
17155 9046 2006 5008 1716 6087 2574 16946 7492 7135 10480 14299 6290 14655 16257 14570 2291 12870 7187 5035 7921 2167 16405 19264 10358 2936
6191 18014 160 4612 10160 2085 6462 8532 16763 2425 10213 7599 10936 14049 8906 11141 8259 11777 18969 11329 7378 13263 8737 16048 9429 1868
11601 81 16449 11134 18708 4586 10674 15777 19311 12282 19595 6644 6649 8325 17291 15965 6963 14411 9937 19114 19946 18845 234 1614 11478 869
12891 7568 16019 1792 19983 1611 2901 1765 3501 10341 6160 19954 2992 16979 6044 8935 19482 16315 10244 10056 16089 11459 806 7301 9919 13120
16371 4420 18641 14139 11746 13335 17956 13193 18801 3284 16780 4577 750 18972 6681 9491 14707 11369 17849 1216 10857 9494 12005 10969 8725 3569
1669 1946 1044 6880 4516 2533 18376 11611 1670 9747 15526 9304 17254 5990 13522 8730 915 12359 5351 15883 7241 15162 2504 19215 7934 11214
19021 3132 164 7256 10823 3634 6669 4344 19623 19495 754 9015 12431 12026 4256 8468 4466 15115 12921 6759 15767 7200 15734 2778 6974 3654
13416 6982 9139 1406 17883 4478 6750 7979 15045 14007 7370 1188 16707 1430 11154 8492 8600 1028 7079 13976 19396 837 5287 464 1047 6932
1516 1955 9363 8639 19775 19 648 11125 2601 17106 2572 12635 9959 733 13836 16544 18883 16811 7941 3594 18960 3645 7614 10195 10248 12287
19521 13606 7756 12685 436 2568 14857 18764 14370 6933 9391 4158 6109 18484 14046 17147 14895 3938 12588 9972 15540 69 4756 962 14547 3189
4159 9051 8424 8463 18735 18261 14803 13703 7307 9702 21 9340 15703 17107 14743 17916 11294 11236 7699 10563 16944 12649 8604 16217 11848 11114
16344 11545 3211 14061 18214 18682 9298 19563 14743 15019 5101 19375 2808 16644 17505 7401 1255 18 9791 19444 2506 660 967 1387 1357 111
13359 263 17754 19364 5326 13306 17164 5385 19350 9138 6438 1426 11813 7529 1464 2028 11203 7473 4517 6074 17035 17660 697 6855 8771 19359
8842 15877 12381 11048 6277 17683 8466 9144 16849 13337 15537 6967 7978 14436 11220 521 15912 6805 8922 776 9545 11351 11313 17643 5383 356
7908 18995 6611 5270 9361 16013 16314 16354 12465 1087 11234 9360 12259 5503 12476 18544 2607 9623 10578 4577 14607 2319 12842 5306 17896 4418
1329 9208 12675 10493 7615 878 15141 11018 6768 199 8587 19827 17933 14606 18041 19264 16291 16085 1520 12988 9624 11010 19541 19261 564 2758
16958 14863 19668 6269 11392 17689 12692 6524 1567 9298 7626 15831 11587 9925 14171 5816 13091 14242 1281 12473 2847 19831 8390 3786 10463 18070
13696 3629 16694 15062 18678 10492 9067 12805 1394 9776 15449 905 4692 12092 10687 10466 8734 9944 13623 10440 5876 5138 11802 16149 7454 18065
3764 2280 11304 12639 15584 14086 15825 19843 16096 3379 18747 9145 16237 12178 2801 990 13986 4891 2545 14419 1833 8156 13527 285 8441 12637
977 4904 5986 18443 6812 7906 9295 16379 11117 2770 16824 3946 16352 17603 5310 9494 17581 12543 14836 19898 13588 11831 12338 12868 4060 16274
6949 19475 11031 5640 11205 4864 9475 17740 5591 11411 5144 8794 10614 16085 10518 9210 17014 13627 14877 19858 7395 6414 18720 9686 16605 19346
11675 3662 5531 18486 16152 5675 9647 15671 1037 5834 4988 652 11002 1649 18908 5516 3029 2320 2841 4616 19871 9456 4530 5141 14110 14037
8424 9294 1267 6417 11017 129 5715 4074 7312 8126 17201 2255 13755 13948 8902 10586 792 3417 15321 17111 10889 15764 17981 14559 19265 9090
450 11813 8232 4582 11135 3766 11665 3366 14847 15367 7675 6102 12687 16650 6741 12884 18261 4713 15109 16682 14323 4751 5380 16270 7870 2057
4351 16341 14484 4130 17763 4550 16622 5447 10947 15482 1133 8731 7239 6231 9977 1309 18120 13887 8848 11765 17291 10750 5222 152 6847 14032
18111 14153 2611 19172 11333 9239 13499 18086 14672 7365 11029 7398 9815 5821 17049 6403 5415 2717 19294 14997 3596 19569 16605 3849 12881 16940
8335 7129 16615 1677 13076 4712 13919 5183 2632 2481 13891 12358 5183 8363 11594 6107 8008 15462 4577 8859 15419 5295 9825 5448 19958 9134
7604 8347 14678 8784 9163 14712 9954 8311 8746 12267 18116 1092 5507 16772 1411 3549 6191 72 3129 19501 14447 13328 17428 15359 6468 11805
7853 1002 17430 9588 9721 6077 11441 2051 11744 14316 8521 1421 17937 18834 8949 241 210 5809 7072 17202 18985 7018 13793 5725 2583 1514
14329 3833 17856 10258 7227 14772 1814 6661 18723 16117 5250 3481 19794 2507 11355 13147 713 12962 8616 17152 17683 18436 7275 17494 11464 14518
11389 4724 4393 18506 11150 3850 14737 10130 1112 16290 2538 13082 5769 3403 14319 3332 4809 11912 1893 4982 16990 12469 18507 10893 19190 9476
15458 1271 11493 7217 19216 19729 19710 18683 12246 17318 7891 9897 5538 14038 16302 5216 8832 10502 8948 17428 2567 3940 13851 1225 14181 15771
17830 15702 729 3365 7639 4128 16665 6809 254 568 16042 17348 8913 13544 1564 9926 10975 2279 11584 4642 18715 2662 13556 251 5041 15638
17025 11610 14196 15254 6560 12305 16594 17022 18595 13371 5275 12881 115 3948 552 7290 18382 3842 11468 10900 14648 12756 13422 19152 18965 3273
11629 4421 5516 18028 1909 1428 16025 6650 5973 10560 12858 16289 3251 16438 18287 2775 8354 2473 13772 18816 12274 2745 2271 11397 18866 19409
6191 15164 7915 19400 7770 991 10196 8085 1414 4432 1240 8953 9376 4403 17911 12428 6091 3869 15816 2343 8636 19221 5126 955 19839 5845
1210 10138 11872 10712 5756 2906 14548 6145 1031 15522 8266 16831 9891 13336 8036 9256 15281 4310 10364 2887 15223 3077 16979 19531 10721 14065
18127 11272 16682 287 4276 13805 2117 1616 10721 17697 7350 7661 14790 18389 10153 18640 4724 13849 6691 10453 8859 14309 17591 10252 16630 3038
5785 6524 3416 7013 8541 8732 1153 17028 11994 7744 7956 4707 18183 4975 1686 2939 17325 2841 13782 16928 14395 14552 13480 4148 12690 14400
5397 16172 2209 319 11420 9511 10935 15749 12187 13265 18687 19771 4263 11390 6162 3350 18412 3579 12174 8923 9217 7040 13715 4984 10235 512
15244 4037 11991 19798 12539 12419 9517 8590 19314 9529 19812 10085 15167 14755 1309 3367 17291 1589 8606 8888 16344 16610 15222 12738 17008 15843
14214 1544 14231 14686 17146 19357 10480 4490 18821 3472 17775 14110 18230 19292 7713 13183 6442 19263 2842 12615 8499 11817 1280 13290 9602 19237
8868 12340 18420 14837 5552 1428 9072 9651 19893 10264 16234 6960 10270 17343 19684 12671 4468 4200 12547 6767 4674 16060 999 9858 16694 8474
12594 16779 6323 17625 18940 2783 2179 7591 5405 14222 11399 17848 14654 4382 1949 9925 185 13573 18502 3481 8300 5679 11621 9048 15995 686
7235 16902 16405 1555 63 3982 16703 4908 7239 19712 13017 14265 13215 8458 18408 18250 13739 10208 18114 13909 9876 18085 13146 2139 11955 2590
17571 16147 2691 12822 12071 5982 7938 11637 1 5575 16501 10999 14061 17348 4461 11738 3168 6684 399 18434 1862 17911 19382 9225 18020 9320
19498 16971 13726 5054 8642 11044 15495 17470 10056 12800 13426 13213 14475 13316 15718 15649 18141 17340 8181 15489 7903 7882 14422 8516 19937 501
12604 10166 4809 17306 13042 9059 15841 18190 3184 15355 3217 18117 12915 15271 18344 2261 5645 16965 5570 5467 7678 15570 9467 16917 2794 13920
980 3480 12438 2599 19232 7719 9289 17998 13539 4823 10386 9778 17715 2748 17737 6795 14673 3730 7171 6794 16621 18408 6700 7254 12291 13020
8043 18737 9288 13741 4653 18282 12203 12885 3837 16927 13328 7607 13673 13453 18453 5282 14758 7135 4561 13759 16102 14009 7322 7969 11257 468
15100 15930 3766 18496 19481 14204 6267 12930 14249 1295 447 7513 12572 3815 10578 10039 17388 7245 5889 8578 18628 3399 7342 16514 3529 8276
7244 1491 1435 17848 8747 10217 19151 5906 6948 6963 19733 15420 13475 17614 10516 13286 6458 9334 15071 17030 19707 12329 4895 14897 2726 10372
9015 17019 14680 4820 6580 19874 18930 7100 5430 6326 9063 18043 13044 10332 15372 14782 9841 4338 5443 7149 9764 10655 14031 15100 18890 17465
7193 5330 7936 3180 6659 6835 6580 7576 1825 12154 16270 19905 18510 9201 2466 10008 308 1951 2738 5302 10199 6267 324 14229 15244 1759
10834 19796 19922 4305 358 16575 4483 15694 13410 8997 8015 12786 981 13844 5103 12032 15215 19337 250 10918 12199 8289 16364 12623 16631 8416
6423 16571 9036 13774 14689 10691 10467 13719 10227 7389 2922 3214 8445 8702 18565 18446 5151 3494 5531 12851 3523 17757 5798 1309 14310 17421
9761 3539 18624 15242 16241 5662 3744 17749 18135 15553 6340 11894 12817 5534 12693 6797 5520 6304 12679 14531 12415 7912 14058 7254 1541 7609
19815 5884 14769 12942 13302 8711 16353 2063 3448 1983 774 14493 12199 17596 10933 11123 5060 15285 17958 10502 1113 4539 8785 6853 3577 10751
5385 4589 2261 7910 5284 17675 19384 19554 7329 18530 4601 14976 1210 16517 14614 8608 9573 15831 17438 11956 4318 18410 7417 7071 7339 19286
4221 16110 10553 14848 3131 18281 8539 2011 8550 17871 6094 11835 10098 8038 13627 16424 3677 2937 8051 8207 11678 15607 9331 7702 16080 17601
11429 4581 15900 10750 4313 7571 10074 14297 3044 7285 19955 8811 18724 7576 13479 6619 1732 7017 2058 2805 16700 3373 19130 6713 17702 19694
2358 534 371 15781 14521 3045 13134 13838 8878 11104 17155 17672 16486 4992 10626 12989 14590 4381 1849 7527 3003 7670 14001 8843 15287 1259
6805 6496 2851 15877 8305 2882 6672 10655 14047 14438 15115 4149 8496 15028 6490 3779 1750 7579 11756 16717 18300 14908 2375 18443 16086 2892
296 6706 14163 19644 606 1463 7564 19283 335 7407 18322 3414 12324 15994 3766 3702 14155 8327 17638 13068 17878 17785 6194 8469 6598 8365
13143 14839 15900 11877 11056 4764 3466 13461 9567 10798 2008 10778 8835 11486 19165 12997 5793 15029 1220 18256 6040 9831 4650 18925 3600 18436
16687 10057 43 19669 18955 9325 7782 3008 7553 3028 17897 15510 6543 19959 4175 505 19926 940 1738 3336 11412 2528 18810 9244 6923 19429
8271 4489 9670 3927 554 18662 18690 16164 19161 19033 17997 563 7577 10954 14449 7875 2779 16453 17383 8957 8592 13172 17817 2654 5536 5009
13519 6938 19500 6937 5750 19907 12295 1821 12681 740 16561 14771 7136 17029 15203 3122 17918 9716 19343 3641 1164 5865 2760 9784 2143 12860
10750 5039 5600 17186 2128 18513 13805 7699 17570 17804 3374 2882 10427 19204 11011 8284 8331 11665 12621 12031 19767 8790 6984 9252 10882 15089
4229 13859 19951 5560 10293 19901 6136 16700 13685 7782 15748 10245 4100 1119 7452 11929 14265 6663 14622 3630 13191 4075 19867 8279 17916 14932
19569 8526 11411 16528 5266 16389 18188 13003 16568 9333 16500 171 2447 3757 13239 17623 18853 18610 14618 3698 16267 18678 3674 5184 5623 16331
2642 5754 15473 17402 14549 13684 6480 13842 19223 6046 4958 13229 12560 5960 4171 19654 4168 15353 17280 5484 9936 18480 10194 6459 13070 8057
4712 2641 5195 5931 6514 2376 19167 16781 11754 9807 4535 7476 492 2974 6880 173 7200 4953 18945 10084 347 15988 6542 13334 1189 13184
13668 19637 14532 12997 9512 8522 13040 11087 5388 18977 13508 12520 6025 11191 3721 6878 15058 627 13668 18659 3791 2627 913 13014 15300 4715
18776 2352 19354 15444 5310 17412 9164 19159 3646 9215 11286 5973 8595 11365 1797 10201 2125 575 9093 2721 19259 5215 6082 7527 10656 9970
19435 9692 8295 8879 7180 18004 9508 7247 11842 18922 9322 3662 815 14128 6325 8692 5957 9998 12370 1493 3470 5546 8139 14873 10330 10665
9622 16777 14372 16888 3114 5444 7288 1298 9325 17080 3438 3791 17496 3213 2609 1182 17907 18773 1854 9438 10987 751 3132 13832 13298 18298
12793 11605 3323 2647 16999 10908 12702 19844 9277 18424 5270 10470 18985 16964 14384 2757 3146 8365 2502 19292 4437 4991 11702 12549 1253 16747
4350 770 10351 18080 9787 15210 1696 19417 17493 2960 2257 17928 14024 14621 12957 8283 6294 4740 15425 13310 4068 6436 15660 7652 7742 10426
328 19770 2667 11971 15266 10278 19347 12033 16252 4455 14162 11210 10084 12836 10055 611 17753 4766 6425 18520 11717 303 1231 5356 5418 4282
17981 714 4920 6129 5984 19722 462 19413 13834 7595 9532 17577 1548 9700 3245 1758 13585 13060 14471 10667 15282 3694 19955 442 6707 17584
11670 16118 14210 1997 10051 2260 17214 12632 9789 10860 8378 19089 14006 19507 1689 3355 11881 12133 6122 3163 18755 7012 12002 3799 3674 12705
9573 3630 7422 3155 19792 6885 7816 4172 16827 10386 3696 8848 18346 4254 4365 9096 5246 16464 18348 4300 13190 6315 17919 10623 7518 6713
335 17690 8436 5698 19661 13783 2821 11631 2063 14769 12342 14437 6454 14710 8602 2838 3847 15458 3750 11808 19146 13148 1692 15739 18715 17135
3018 14493 1840 9073 13879 16242 10426 14310 2291 1923 7358 16670 19338 10720 15873 12875 5445 11833 8315 5097 12381 6789 11246 12801 17548 11563
13576 15791 1003 11508 11128 10181 16798 2257 7894 13246 11765 6435 17696 3553 2889 4067 13577 4653 13496 19991 19189 16289 16557 4464 14181 16031
1125 19585 428 3935 6911 3793 5827 19795 199 11051 14396 7562 5313 11778 4630 10865 13815 18150 13903 16133 6646 9284 8843 3106 12996 13055
17877 15710 8935 6374 3849 7458 13071 7989 14418 7800 6321 16892 12460 8762 4292 17209 7562 18435 7287 944 11127 3656 497 19164 16093 11812
12525 16538 7491 18242 8818 3602 1750 16579 11855 5386 18082 12757 4144 8567 13150 13559 1911 1929 2251 8590 18789 8499 4912 9323 12828 19573
4836 7307 19556 19644 7281 10134 10424 4213 6007 18930 16965 3030 16963 15833 14001 15202 16579 5524 18779 9999 14326 2804 16961 10163 10602 18876
12974 14222 1745 14435 9327 4942 3748 15289 14614 1659 5213 8636 14280 1586 19212 13750 4901 6358 6683 11090 7263 14775 5776 3058 1459 4633
6668 15434 11819 5330 9736 2349 10934 4244 19206 18363 7109 6841 403 4050 12193 9102 12319 4729 15835 5683 4391 13083 19527 2396 12755 16350
343 3991 15082 19701 5818 12611 17835 19191 15756 19915 5000 11592 14173 5641 109 5815 6696 1295 10231 11129 2428 5450 19535 2423 5032 18313
17527 10806 338 1065 1707 13074 10546 18477 975 19623 6236 16067 9188 16477 18497 5527 157 15373 877 4688 8474 12795 18675 15420 13362 901
4696 288 495 17608 10854 11507 6473 18 7018 18427 1851 18365 7408 7925 1317 19284 12848 15545 10418 13840 7270 17038 7728 8263 14045 3979
5077 17944 10377 9442 931 11965 2538 7498 4895 13511 4935 15127 5915 9506 3207 7292 12930 728 7372 3466 16922 18074 10337 9943 14943 2562
16760 19191 4892 14624 2183 18059 5594 2049 763 2127 6821 5796 673 11681 2904 13600 10034 7211 836 7136 10523 1998 18258 11476 7373 19352
3851 13564 5929 12900 14988 1627 13731 17793 15025 7325 10619 8836 3140 5071 9751 6924 14161 8100 12637 2708 15728 11709 19374 12607 5700 14041
14060 9676 2556 14069 3208 11446 11538 6391 7196 16570 8094 6398 17611 18469 15298 5629 15316 6090 19735 13136 9084 15384 10114 18994 3287 8799
15447 6728 3764 15696 14322 4744 845 9732 15727 9642 6634 16715 16550 8034 1811 9551 3776 5515 645 8860 15886 5047 15020 17030 12681 18582
1524 10446 12671 1140 1212 4309 13675 17313 1732 17547 16983 18635 18184 8015 2080 15518 10283 11955 3229 12248 18865 19649 4536 7858 7140 7079
8442 8983 10596 18488 6448 12561 18278 792 3920 1535 16377 12880 10906 18065 10319 19146 7221 12704 4640 17052 14078 13900 11700 9109 59 9204
2611 16176 18338 13565 12151 2605 4606 2410 4570 8741 17363 8155 16231 16671 16753 16908 11598 10525 9148 8272 79 10546 16755 2300 3458 13101
17829 11508 5232 3712 6029 17682 755 19528 18589 309 12400 7994 18485 6517 270 14985 9177 783 18612 18324 15675 12102 13252 2710 10587 5870
19417 15014 17708 19647 9808 14523 15356 13466 10534 15435 1889 508 14923 2825 16642 7717 694 2364 756 895 8873 5214 5726 7504 8772 12450
8694 2947 12036 14072 5750 4718 17255 16185 19542 6562 10034 18503 2749 4782 18096 13053 17202 11405 11575 4486 6485 7408 11260 8400 8150 12273
16935 5298 11632 8560 18710 7454 6656 14128 14466 93 18261 11243 10430 15056 7720 15324 3319 2347 14193 17684 3579 1735 8073 9171 19304 4713
10469 1185 8617 10457 6115 8185 7752 19644 9889 13361 5461 3898 9957 3202 11377 2103 9662 18750 184 10769 7266 11896 9411 17966 14302 5946
7548 5932 14991 11546 15115 6146 1252 17437 7496 1163 8581 12232 14241 2348 4131 9085 4793 14539 10793 13115 19842 15725 14598 10421 5421 9518
9477 11219 8953 5834 15396 19012 9138 8077 1146 16994 9198 17575 276 13472 11682 13354 1785 8925 3507 5966 3410 8107 14450 15239 2885 10652
1535 6929 17172 8425 3954 12716 3845 16554 9219 802 1762 17187 7800 272 19127 17575 631 16516 6545 12015 5330 15778 12793 15776 9607 9155
6677 11400 13065 11644 9840 9883 16487 6806 4551 16582 10454 204 16236 13347 6138 16535 9662 537 7551 2164 12128 8499 5801 5508 15646 7561
12959 18323 12377 591 15018 10324 14549 7486 3615 18091 3635 10290 9974 10154 15024 16632 7697 1527 1227 12367 14244 240 16683 4833 2167 16600
