365
39 34 14 30 98 58 72 55 91 100 54 82 88 30 5 31 69 21 14 61 19 85 97 7 22 29
16168 7477 2428 9676 7222 2540 12109 8837 8951 12486 3719 11253 10072 16023 13945 17446 1466 4389 5646 4940 5424 11215 5734 19565 4890 14812
18918 12832 19151 17988 18306 308 18470 734 14472 2415 2688 18452 7050 18892 13535 11979 517 264 13890 19840 877 15732 6528 4191 7996 16970
15008 14122 15101 2551 201 6661 19423 16093 18257 13243 13120 92 3403 11967 5117 7565 8703 6609 12676 13262 11773 15962 16794 7016 11479 4624
13023 3587 11095 9884 10056 14301 3573 1600 16100 3450 1548 5281 3243 14832 11224 17729 6895 11048 6726 15628 14516 17458 18519 2071 3053 7905
14334 6587 6383 15268 9680 7177 6326 8180 17861 12092 6467 18417 18978 14160 940 10042 6903 10885 2296 19906 13555 4528 16221 6632 10609 16321
2250 5550 15414 9234 6539 5404 3599 4950 13671 6231 2807 3381 13220 589 6389 15571 682 5600 15323 7255 6707 4494 16482 6522 5609 2686
10151 5259 16135 19828 18358 19408 4200 11115 10478 16120 4013 13871 18279 11708 14576 15776 18040 12635 19261 14160 14098 6818 6536 7363 7611 17553
276 4986 9260 764 5940 6144 18924 9370 4615 16161 11068 10058 11345 5059 15038 6220 11844 15593 10062 12872 4031 7226 14918 11098 9963 5047
6852 4971 3156 17302 9858 11400 4750 593 19422 13907 325 17396 16715 16573 6593 15385 9910 9579 15462 12893 9798 3534 11583 13731 15415 10424
10755 2299 1187 14105 6370 3019 13305 10226 8646 15200 12068 19544 17963 2190 7868 819 15497 13070 7457 4934 16712 14440 17885 739 10219 5174
15486 19547 17822 11395 3031 16898 6733 7245 6930 15802 11261 4241 6246 10559 1614 486 16038 12850 14768 16271 1192 16478 478 12016 9242 11281
10557 18559 2107 17162 15213 15742 6148 16327 13535 17261 9849 6538 495 15896 6426 19765 16209 1361 19781 12401 6598 16235 16841 19264 4820 5716
17105 910 7712 4750 12951 1700 18784 12920 6453 7106 12751 19106 8905 7390 14923 16702 6239 19332 16846 13717 15225 11229 2523 14074 8869 13345
19299 10592 3809 2951 17972 19955 12434 9984 10248 17083 13306 12320 3158 6570 12406 11111 6763 7204 19958 9573 17345 5422 18130 13539 17908 8223
14148 5899 7729 13557 17950 18739 16586 16298 19385 2779 3187 12197 12887 5744 5601 16142 16390 11188 16648 7650 16193 12474 18277 655 2698 2347
1896 4232 5753 7030 6618 12663 14834 16158 9796 17210 14966 2557 11826 15551 1460 18750 12546 8474 18012 7824 16474 11596 12184 17862 4225 13982
13936 13121 14846 13765 6565 9812 3837 14940 17124 17075 5789 11031 12645 12084 17754 19004 19811 10626 16996 16739 16267 9102 7036 18263 7910 11282
14779 16364 9543 11054 10210 10748 8335 14874 13289 13679 11377 3869 11260 16738 15024 15464 2745 19924 13365 644 15935 17292 11828 12569 9513 3030
6494 15433 12935 17381 1239 10286 1110 2611 11476 13066 1091 1672 9605 16239 643 19597 4957 13783 4797 19876 4025 17030 2841 16805 6199 2636
4699 17088 13689 11756 6905 6220 697 15362 13710 19672 9746 5016 19192 16062 18881 15442 5235 16568 1853 5445 4269 1857 18227 16331 9331 8614
4734 15903 10436 11278 12924 15960 11963 19017 19222 17315 1867 11309 17380 18952 14601 293 10125 18208 1995 13314 7911 5309 4460 5907 2531 10828
16137 1374 11162 18956 8654 4469 13823 9781 1024 51 16365 5680 4927 12627 14161 19274 18462 15328 14693 12082 12619 19147 16411 18527 6263 18363
12087 13199 7738 9601 8133 16431 6011 14384 11240 14745 14196 1851 16502 2961 10159 7787 11003 5435 10091 19845 3244 5483 18565 5989 5131 9451
19517 6411 14658 13189 3682 11903 6517 12394 10764 3870 15528 6949 19150 14257 9875 7002 11595 17658 3387 18603 4181 11768 13990 6333 4515 19894
2772 14165 19114 6518 10877 13509 960 12544 830 18409 8396 11017 11428 15084 6925 12695 1684 12338 408 3369 8996 3263 10246 15597 1717 11127
7014 17418 18370 3884 6620 8048 9207 18748 8396 1536 2270 638 3468 4129 12264 14671 5434 11726 19444 15925 8040 3572 19582 4170 8831 2184
12847 12740 14033 12703 13316 2499 10622 6414 1440 8156 8411 7998 13765 19842 160 8088 6216 8185 16270 11432 9068 11067 19722 17980 15292 1439
19670 2719 10113 9506 7576 4888 13427 19481 12718 1360 721 3924 753 7666 14637 11305 11418 13334 18458 2927 6251 12579 11170 17531 15151 19364
14893 12713 10568 12509 13501 12198 2721 18806 8227 14373 5259 12537 14858 6631 3913 18899 6215 19288 2106 11937 19061 19775 5078 12259 14100 4997
16713 3207 5768 14358 17859 13691 2041 11279 13975 4709 16848 3718 2151 7467 3871 16649 8412 19790 8086 10048 16538 793 349 2499 17457 4636
10933 10080 14530 13716 13448 14559 14445 9715 15985 10606 17763 11585 15741 600 1316 12763 16404 3346 5891 16366 17346 10589 18919 5188 19458 4581
8685 6686 10041 8708 19900 18152 936 14908 994 5316 6758 17435 11098 18197 11376 2102 5250 8411 1113 7798 15127 11048 12743 8929 4661 10389
13753 15694 8022 10160 15242 11397 19155 15533 15058 4094 5296 2093 18834 10817 3955 2152 3648 2414 11480 1250 9770 3126 6290 5916 11725 9489
2637 17976 11022 1194 10077 4343 18493 8494 3310 17372 14945 15631 908 15379 16552 1252 403 13568 909 1785 2224 14062 6035 11705 14294 13493
17952 18225 2222 19641 9232 12945 17743 6025 2986 19240 1545 4686 12908 331 15483 6024 16093 11294 8945 5693 4934 6673 12197 8740 19574 19551
18514 1875 6194 9337 199 19121 3582 3379 13603 2089 14031 11815 15938 1770 15141 4640 15928 13381 16731 4799 3812 973 6584 3887 15903 9414
19853 6597 6165 16694 4316 7739 3695 15827 1496 9088 15165 18149 6856 286 3176 15754 13469 2810 10664 5698 2056 15415 8978 2192 12178 17452
4265 13025 7978 8931 9615 14897 15536 8625 4451 15483 6797 17988 336 18029 12877 18771 6965 4982 4938 14849 2077 18420 3976 15659 1351 1763
19614 69 4405 16682 6538 10391 7964 12910 12471 99 9080 1205 9041 18532 16255 17792 5409 4539 6435 14246 12080 12368 3594 11804 7425 6058
6529 2641 18471 5946 17288 3051 8853 5704 13739 10648 9342 14526 3734 16015 7786 3846 17743 11700 16175 5059 10217 14585 14256 8615 7887 14150
12864 16595 18475 4571 3214 2614 5917 15094 18009 8062 8239 7606 392 656 17665 10927 17938 5395 3937 16560 2621 18828 5855 3559 4069 14153
11641 19816 14862 3939 6212 16254 16959 8638 15897 13502 17674 10394 8901 1503 7336 4378 10368 5255 1132 7292 9050 7262 14620 15902 19226 567
170 19484 16585 4621 3182 14346 17967 19359 16600 3146 10982 13293 17917 4961 4109 9238 13278 7167 10370 6803 15882 7693 1698 4268 2451 15395
10557 6820 15660 5532 19357 15977 18088 6246 19357 1721 6802 6746 11618 11480 17286 7328 4729 11053 13486 19144 11032 4460 582 15456 17384 15197
6173 3183 7559 7673 13706 14488 11591 12102 2284 5669 8186 9722 3818 16621 17148 2173 16463 1793 10273 19021 14732 7880 12688 7408 19261 11936
10697 7472 13775 7281 1023 6563 2649 12221 17489 17443 19134 3152 12737 7544 8991 6604 6812 13646 6190 11174 18773 16669 15401 11967 13481 16807
19091 18442 2152 14962 16412 13200 12476 14894 16637 9944 14076 5753 2644 18315 7805 10473 4641 16324 1376 10022 19454 3906 11779 12413 7931 13307
3523 3447 19608 3182 12734 8478 7922 9560 5814 4595 4352 6617 10912 15036 7821 16161 19317 10439 13761 19099 14816 8121 9903 12531 3469 16104
16740 6444 8687 13988 13368 10210 5390 5270 16874 18867 16251 4675 15258 495 10813 16094 6274 14907 1214 15344 9983 3916 13318 15707 13430 16489
16938 11390 5551 17863 19033 15031 19517 5401 11895 18906 1674 3737 17837 17480 607 13456 1287 12839 19387 3216 15690 2863 13022 12352 17128 7600
8422 594 16005 15706 7999 16556 3083 17252 1564 10995 235 13556 10024 11097 944 1267 11140 11353 723 11184 5902 6966 10323 10098 13612 7049
10529 4612 9416 19351 10476 2139 15404 120 8519 5407 14269 521 6507 18111 16459 1475 5469 1764 14475 18421 7966 17134 5747 15391 7245 14548
5279 14329 4531 13573 279 15443 9 15733 5206 19473 13072 19789 11516 17660 10566 12614 11105 7882 9489 2088 17312 9949 10715 4657 6142 11978
8086 2892 2329 1289 15490 1618 14969 12950 3126 19241 15377 6289 6613 5571 8162 16092 6936 13166 12941 8250 3015 3043 6973 6920 1784 3796
4558 16852 12550 3082 3490 714 6236 3309 14597 15439 2332 15881 15729 16965 8657 9044 7638 14542 17162 19686 336 17103 1474 18289 19721 11668
6405 17342 4751 16104 645 4156 976 8227 2678 4056 10524 12484 17097 2263 10883 13149 2216 11463 15882 16676 10395 10422 774 18261 16420 14702
19998 9141 18115 18929 14507 4250 2248 18574 15492 17209 5175 9119 12669 17084 15393 13878 18337 7632 3840 8002 14121 7582 10956 19529 3228 15258
8135 1609 13253 11667 18316 1510 7631 9852 14065 4001 13129 8882 8581 18738 17753 12495 6020 368 429 4530 12597 18339 3308 2073 6820 8698
8886 1707 5588 17931 8046 8716 3973 3163 16354 15714 5718 6951 19723 6627 5784 3195 13578 204 19734 9474 5298 9847 8205 4525 11283 908
15419 15037 11925 4746 5378 1562 1141 13088 7399 7755 5086 18067 445 6977 15983 19197 3532 12990 5728 5137 6851 2714 5664 9960 12925 6047
7105 11072 10794 13111 4109 13222 14572 8735 12649 18721 13843 19645 10835 13533 10637 5936 15237 15889 4032 5773 1795 16536 8943 15319 3845 13777
13569 3292 4686 8699 14887 18543 16486 13171 5965 9841 6474 6820 1590 8742 18984 12311 3782 9130 3925 9895 2685 14993 5111 15464 5726 16949
15988 8802 13122 2386 19959 310 12960 19677 11408 2949 15954 11800 3463 15634 589 17651 7918 14347 16112 9992 18788 722 16596 10385 3104 15611
6690 9986 15457 1688 19907 3933 7519 14453 19732 18413 17279 6567 17274 1613 18142 8291 16160 18337 14146 6843 8221 8406 902 18508 1149 19194
11100 300 6993 19432 2883 17950 11851 470 18865 14188 13702 13029 4479 10003 13570 4262 19364 4954 8334 12631 5114 1901 9595 7955 13676 12366
13506 9772 9663 19661 13016 14954 14301 3648 18260 8877 8485 8794 5030 18932 8999 12922 3646 9111 17022 16573 7969 17235 1276 17142 8316 1568
5002 9553 13014 12953 10870 3975 14638 5377 6024 10851 6332 10359 15105 14115 6080 748 5270 6140 127 11155 3623 4040 11748 18915 16472 12615
12588 4813 10884 615 13856 7124 6551 3270 4092 3420 18362 10536 13522 7633 4044 16360 17604 5650 8734 19754 15632 13034 13223 10613 2018 9477
12539 10090 12450 13721 3749 9818 12110 2543 3274 15596 13117 10491 6074 4255 4860 11865 2722 16984 18001 10170 18008 1950 9195 18121 6792 9982
6350 631 3176 12338 11535 19467 5714 12996 7056 6959 18897 9254 16637 9897 13535 11606 5723 4634 15267 11505 14244 10620 6621 7033 7730 19963
15458 227 8131 6838 3003 13745 13448 16358 4864 5949 6447 10944 8574 15866 8329 2552 7974 3160 7214 3538 16253 11995 17591 18106 9533 16964
1408 9794 5653 3574 15221 14360 17110 10183 967 13658 12602 19663 9980 10056 19321 3789 4261 19403 12035 17046 9078 3540 2560 9098 7451 17139
12459 7027 12252 14266 12328 10887 15871 5820 15785 5134 15039 7680 3924 3336 3471 14300 4923 1169 14260 9329 3155 1509 7673 9048 872 3578
6240 1957 17886 6418 1105 4234 10624 2705 17652 9087 6791 15044 1345 13077 69 12091 682 14667 7601 13840 13538 10817 10575 19826 4181 3625
11636 3962 4945 4799 91 17256 1466 7791 4142 3677 7125 5125 9568 5653 13425 16177 18439 13929 7064 2056 6255 14672 4800 16985 10563 9438
17073 18492 6976 9370 1720 2725 12477 1695 2149 12641 7008 8309 18154 6596 11644 13556 3854 7443 18217 10185 7306 18882 11661 10010 2645 8694
6164 11428 11856 6796 9275 6416 5294 9658 3393 728 7152 2919 13605 17666 14645 11022 11130 1985 13147 12458 17511 2490 8187 11874 10769 5342
16547 10677 7773 15225 1224 18159 9840 19956 10975 18531 19064 19138 17084 14872 6346 16578 19847 5485 12768 6177 15889 10162 8542 14425 1209 5809
19185 9014 10375 2265 14859 11253 6722 8201 12666 10627 6493 17960 13810 3824 7066 2286 7372 17795 12138 17557 1782 8780 7540 3654 13554 14296
16485 13664 13558 6471 15409 13235 13819 19967 1762 7258 16711 4000 663 16264 11019 2142 14973 18853 15247 13773 7433 3963 18320 9964 5336 17668
8922 1137 14598 10301 18033 2354 12685 3353 15437 2095 6318 579 4114 7882 15617 12801 2795 11791 10787 12898 534 1488 829 13283 7329 6225
8193 6400 1458 12560 19582 15663 712 2654 7655 7816 6761 16127 13873 19536 19027 19313 9316 9741 17158 5371 344 10620 11873 9575 2434 1774
3168 10460 4906 16579 653 12936 3695 1892 18717 121 18138 2070 11986 16952 18682 18324 9079 13038 16167 1696 3705 5790 193 3180 18223 3874
5549 12887 5216 4399 8114 4108 4579 17084 11354 12112 6092 842 3428 6723 3892 13811 2590 11346 265 14286 8191 14970 19891 4829 8231 6890
9781 10316 19438 12050 6867 8401 19234 14573 13773 8719 10618 3992 6482 264 4587 537 14626 5079 16460 11544 12259 12043 11788 2101 17702 2110
14114 10823 6154 64 15384 14052 16392 7094 3127 16362 5370 867 12628 8797 14684 13326 1857 3628 8948 5697 10660 1285 10975 9131 7014 10214
7017 11289 12459 16150 18235 9188 4853 18189 9417 15436 5497 12657 18346 9101 6337 15348 248 19596 4268 4498 11449 1690 15334 6486 7166 7582
773 3533 13543 7104 10104 15916 18940 11897 9089 18299 9366 8199 903 8702 7213 4898 3575 7075 7850 940 1966 9447 2058 6732 19212 5582
11070 5146 875 10345 16673 13513 19165 10792 1649 12730 16295 10172 10520 3786 17989 18778 9090 132 7048 9365 2565 574 14430 1429 9444 16585
18561 15710 15869 13942 18960 17164 14159 16662 12646 12937 10813 15407 16984 9129 4860 16545 7997 17874 7315 3108 13602 14466 3261 15389 14988 11265
3289 18942 8516 4887 15098 19391 19742 7882 9404 16668 19941 14640 11127 19907 3664 3592 12960 19744 4960 3883 17335 6791 4087 11123 9140 18881
5678 16353 15312 14461 19522 8367 6445 15190 12271 7657 19869 14593 17310 9502 7099 6237 5201 9009 17287 7401 11978 2144 15050 5718 19434 17477
17070 3662 14716 8260 4071 8507 5948 12945 18574 11856 18599 15766 916 14070 6565 15764 19834 8133 17564 11097 2656 6385 9909 5616 10189 15621
4368 7216 18770 14808 1068 15396 6429 12037 17096 5788 14848 2062 16512 4704 3481 12913 12845 9352 1764 17980 14793 698 7265 1901 4337 14337
14571 16918 4898 12910 9016 7907 12756 11051 16362 3226 6739 12542 12846 15318 10563 3028 1274 6289 15507 16880 6173 9169 10779 15002 17235 3160
18188 3851 3754 18439 2404 11755 10672 19216 9771 16675 1329 12769 5254 9395 6004 16676 11446 19356 19573 9030 16011 524 6576 389 14679 15496
19787 4903 9405 12172 12656 6004 13995 18141 12249 9349 9288 14227 9030 12581 7892 6913 12782 5229 13901 7210 6891 6967 12675 19453 13389 2145
17298 5057 7711 12674 3569 17954 19891 19411 16670 19609 2221 3153 13567 10169 19406 17035 772 15124 12972 16669 8253 5425 6266 8393 5588 16510
2211 6148 14499 18312 8411 6478 19648 8542 6429 10849 3088 2632 8308 17061 19774 19071 10070 3648 198 2712 4745 8821 15777 19064 2816 674
2019 17083 7232 17666 5249 14295 730 15563 16783 6436 4558 14760 17438 1276 6748 12977 13504 10589 19929 5520 9549 15546 15687 7350 10834 12643
13750 707 1880 10528 11573 4873 18290 16164 5594 15757 1841 17857 8521 7369 5822 18695 16690 12923 2971 17660 15222 9898 7634 16477 13441 6385
12241 12246 15891 1272 4040 8291 1326 16015 3900 10755 14242 1166 10619 11581 12655 17024 15117 7437 10236 17271 19056 6988 159 6282 19279 6591
16751 15577 19701 280 9002 14728 10273 10151 750 10115 15717 7749 16128 19762 9694 84 4495 9328 13163 19744 696 16208 5796 6716 12310 18145
5505 19210 646 15377 5806 19614 14235 14259 7732 13298 7598 4929 2506 18926 6042 10809 6385 5986 14266 13168 11467 18383 7564 4861 18244 10605
16512 19143 13022 16452 11576 1413 19530 1804 14400 14321 18667 5866 6202 10458 4257 5987 4087 6509 5302 19089 4893 19227 2335 8482 19428 8462
7427 1288 16690 19870 7244 8526 5838 3983 12200 2354 7570 18614 12097 15690 1787 11015 6655 3908 13735 7091 7866 11068 9191 3851 13039 6227
8230 8861 1921 8838 14775 19506 1351 6084 7316 19123 19971 11430 2964 14965 12062 819 6864 8982 11407 14180 14680 15426 6932 4210 9731 11126
6549 2525 9514 531 16107 11264 4982 11681 13708 14134 5469 13009 12975 19850 538 5936 17172 15576 19335 13349 13752 1081 3915 9655 17587 15351
14735 10131 3541 5618 12396 19519 8367 4116 2294 1622 3005 6604 3708 2363 18271 16042 12019 14465 15612 5094 19571 5818 1359 12580 5654 12680
17880 4905 13156 2425 502 14992 4266 4263 3784 1642 17746 13827 6899 7952 5395 18627 9534 12435 348 14755 18183 6603 4609 7226 13368 6162
3623 10062 17984 17808 2342 3375 7399 6866 4978 1532 16795 7012 15496 4113 1860 5350 15464 19485 19451 10931 8420 7920 10275 1007 19770 15296
8911 882 8032 18118 16326 15366 18431 14445 15839 15120 4788 14732 18719 10116 6680 7755 652 1195 7371 8594 201 19067 16782 1913 8905 16370
5993 10405 2033 10858 16804 700 18588 6494 19915 16550 998 18287 15963 3982 19764 18740 11988 5947 4744 17125 16555 19811 19016 5957 6343 18181
1486 12076 15833 11256 10473 13959 19450 13700 17391 13481 1970 10951 16734 6723 10208 19181 4818 6577 15660 578 15412 13196 1598 6067 8027 1536
5641 8212 3539 8800 17440 14255 16218 11999 7292 3663 370 18629 15011 1591 1403 11908 19352 6961 2498 3430 11814 19553 3734 15325 11309 17826
3923 5000 10550 8805 6329 2175 11952 9424 16930 2355 13700 13496 9677 7999 16398 5417 9069 19845 2604 11267 16518 3858 460 10840 9895 13407
18927 6352 12919 3295 16471 18332 13175 9682 2586 3505 15022 7128 19597 10228 16649 1138 14099 855 11647 5930 7935 8869 15831 17970 2961 6692
19301 16928 10634 1540 153 7855 16443 5306 10389 19171 9361 16696 19779 9855 8905 18571 6082 19928 4379 12476 8836 697 12591 6172 7681 12015
12222 12756 13896 15990 2214 2245 8052 13332 9714 2779 12499 3866 11064 11832 7810 12595 16861 6350 8073 12990 19084 16696 236 4908 14220 2971
15026 3859 2927 2669 12810 19197 4361 11491 8764 18867 1535 2273 17778 6330 18346 14181 9469 10462 3887 13480 12918 5523 16563 1239 17490 18371
6392 3588 3900 8252 19311 19295 10809 6710 52 7230 11338 16310 14259 16163 18010 18930 13705 16369 15295 4967 594 13618 13786 16314 17834 1968
9855 16982 3373 17194 18032 13229 7637 16449 9781 13890 17478 8644 15128 6819 7254 10464 14224 6214 19948 3073 11258 4644 10721 17489 13612 820
12970 3754 3712 19151 13346 14559 6012 9661 7393 2496 973 15579 3377 712 17335 3357 1780 16218 17218 15263 19575 14015 14234 3107 1719 3854
7113 4380 9980 1946 13316 1126 13601 13977 4546 1268 9752 11175 15049 18780 759 1337 3834 19553 10644 6536 1347 8881 11986 5733 12326 11869
19825 134 18678 6934 5395 11138 5259 1763 2412 19846 15012 18013 12530 19083 19888 9240 247 13381 5111 1331 7192 2706 10932 485 15627 186
19755 1386 6649 2698 1869 19512 7355 13638 7153 16127 556 6771 1380 8582 5854 702 16416 11808 15677 14282 4499 16243 1806 10610 18118 11176
3777 9361 19460 11820 16561 66 1795 460 87 1511 1395 3200 9823 9486 14333 7897 2087 5826 1126 13433 4636 14890 15401 11652 6261 16628
7233 4376 15330 12231 15450 13095 5283 9442 7811 1937 9567 9353 2799 13955 10333 12287 7006 6967 14043 13675 13662 11039 17514 9617 12039 9133
7164 9534 10187 1007 9993 14544 1362 1244 12518 17087 18334 18319 4075 16644 7283 16970 5539 18009 18429 875 5786 7489 6543 7701 2988 10884
13195 5752 16868 3566 9295 16829 1393 276 6066 2860 15241 15678 17607 11145 6403 18987 4421 4918 627 12297 10618 6675 14142 7387 5781 12497
10200 19418 17142 8063 5712 17729 6592 8422 4571 444 14369 4728 2659 7661 10275 10164 18064 8880 13650 2477 9592 9140 7827 13647 14662 2629
10210 18338 17875 3308 15826 6743 8066 11279 2345 1294 9859 4726 5638 1590 4790 4588 2305 9502 2240 18885 4986 10802 17356 16131 18443 5269
13077 18098 4392 17619 2273 10768 12601 9603 460 755 9675 3932 19716 2300 19920 99 13158 7738 342 6034 16355 10973 3490 9385 5720 8405
8192 2335 15888 3295 739 15523 4356 465 10942 11050 17217 5899 4249 268 19163 13436 1765 7342 10240 7454 9827 395 10843 1159 5880 12176
2786 9022 17784 3256 710 12876 4246 6167 17845 4997 19887 12151 1792 8682 13699 3857 9711 5489 18933 1021 10418 7127 8527 12378 13885 18153
181 4764 14871 727 10796 13511 5066 12690 9749 17655 4506 19416 18624 234 7981 9146 2368 19021 1334 17454 1811 2526 5729 15615 2958 6445
1335 7389 18170 11964 19493 10624 11576 282 13629 11876 16183 15924 17156 13835 17068 1907 11296 6106 12489 18911 5473 19089 8434 11552 13116 11626
12005 18954 14431 14873 2655 7592 18155 16690 4587 696 10404 4233 15057 4477 16281 1042 7801 12256 10374 14946 5991 1052 9233 16526 12474 15549
3233 5675 13062 12247 16087 9750 4256 9717 5336 13480 5199 3680 6274 14117 13071 11340 18407 13874 7300 881 10174 7852 6278 8847 6585 2869
2544 16503 15300 11328 8430 14526 6278 5337 6352 14438 4482 14800 16353 14238 17330 2206 18151 13239 15046 7306 12625 15836 6285 15716 8978 9100
7867 19991 17004 15030 9416 11042 4502 18669 10513 1501 16013 2679 12231 7097 18636 19317 18848 12538 17870 8743 13416 18643 4504 19590 7866 1438
9765 1083 16294 6473 8287 630 6303 16936 6556 10158 6754 2050 2553 17009 15051 18201 5095 13514 739 19980 2996 8800 12743 4029 7868 14736
17876 9175 5764 6419 19601 12170 2388 8493 13157 11562 3260 4603 2064 3300 8037 407 4469 7372 3554 3506 6355 17990 17952 4824 9885 4101
15633 14899 14104 1666 9469 12936 6649 6006 11223 1788 1111 13388 14968 12816 16730 17249 15551 2360 12172 7383 8523 1707 5307 2065 6103 10628
4407 1785 2331 15066 9020 16951 4732 18774 12718 5517 11590 5722 17460 16459 9844 2125 19089 590 2105 3354 15946 14106 10508 160 19063 7479
8431 873 14486 1770 19090 16797 18167 13756 18949 15747 12730 4937 9772 14616 11824 16325 18725 11362 3256 13299 3313 15322 1753 6351 19240 19098
9028 4779 7405 772 6460 16562 18296 16600 1952 4339 6071 7849 201 12330 19639 3082 9964 7556 2891 7153 8202 10278 4012 10589 5525 16056
4096 12790 8702 10354 8980 3199 11637 8642 15521 3106 2649 2735 9602 1603 5738 1438 14331 840 3224 7142 13239 13999 14763 17661 1586 4576
2158 11304 18575 14830 11213 19679 11170 6550 17681 6018 18401 5532 726 10897 9828 6885 13708 7767 15700 9448 17119 6180 1097 11208 4180 180
15713 9492 2707 18449 7331 16995 17565 648 5476 2909 6656 11371 12132 7869 10571 18497 9633 3482 4410 10469 13668 1957 10832 8880 12167 5091
9631 18412 18333 15606 9875 4662 7931 13572 13378 15569 3233 6971 13035 1984 9117 19930 15094 14754 11101 8050 15761 293 8177 11826 4253 16476
13673 3987 9131 1543 3671 13244 16184 557 16719 7497 9449 19993 14448 7134 13697 2980 12975 15930 16906 14940 10357 4220 13837 3127 2811 18270
8300 4042 4769 15858 12566 5965 15738 8520 8363 1893 19717 477 18159 8467 2665 17883 409 13985 4866 3008 19554 19847 13978 19083 4757 8031
5969 16537 18468 12971 272 8125 5840 16525 6220 471 13752 9098 6945 8320 11319 13798 18781 15564 10061 5179 11107 10407 17108 8598 1767 1058
14847 4816 18523 1654 15581 8710 12182 15792 4826 14072 5869 10735 12592 11877 3450 14465 16915 518 4030 10522 11739 15478 2047 12858 9684 3395
18359 3672 4388 18265 14026 4960 16837 6940 10944 9784 15268 13612 10401 12523 5242 3080 485 18610 4578 13510 15235 9491 18317 11384 16429 18444
695 11735 1119 1989 19336 16969 2663 13617 981 12371 14685 15865 7733 16281 15232 10570 13500 14105 6406 12189 15288 8871 13518 18972 7271 16968
11022 10396 5565 19572 9097 7953 10272 14466 5652 18508 8527 3701 2105 376 11280 11118 13627 141 3162 19146 16557 5872 5545 17685 689 14900
5036 10199 10202 15746 3447 11004 10694 13385 2103 11143 1217 18012 13872 13343 13534 7752 13360 8860 18862 2573 19609 14995 8822 14954 1991 14575
10627 1750 16618 2789 14558 1842 2208 19330 9209 2400 16501 2162 2001 8248 9639 6901 15601 12656 5840 19789 6715 18262 15502 3490 11262 18581
7314 17104 3616 17181 14034 7600 336 8266 5101 7493 5153 6776 2454 13835 15235 17631 5698 16291 4499 12340 5496 13257 9985 19084 10389 9329
928 9510 17494 14947 1459 1750 8293 15544 4997 5054 3367 17231 19719 11248 11810 5060 9733 16479 11257 8599 5323 1347 17491 10170 13151 10306
11419 14860 8436 16978 16063 16306 11283 19470 944 919 17134 18064 16657 3525 10855 1497 5455 10423 11553 16977 9590 16347 1017 18488 3478 2476
16078 12895 10106 12083 7500 1456 6873 15698 14234 2427 7082 2801 17965 3018 3970 9556 16380 12991 16933 8159 14637 7305 4730 2299 4892 19141
10986 12348 15431 7018 8874 14749 10133 15732 3330 2584 9746 4412 10258 5822 16709 12804 1375 10413 9674 12249 12606 12761 17778 12065 1929 9193
16384 19829 19246 13859 6309 326 19261 12024 11071 10204 10468 19218 9778 8378 8916 8011 13167 19089 13156 19562 6465 17204 14694 3114 5717 12150
4645 5712 15956 7714 13307 11235 762 6758 2513 8922 12608 19562 16169 9644 9842 18614 8659 16185 4046 4635 18984 11820 8944 3930 1873 9268
14843 12516 3490 18995 19221 16548 18221 14858 6694 8583 9380 10260 11778 1024 4967 18422 12258 9745 5817 15725 11437 18095 15111 7181 11322 7818
9489 1997 1403 12951 10087 1504 16929 17092 9935 10042 9729 14363 18038 8312 1214 4958 941 12127 1123 14432 4963 9697 3628 9969 2204 18466
10116 1919 19713 13747 7072 7155 2025 14920 8712 17154 3580 18483 2879 8540 14298 17715 11872 19644 15001 4787 3015 10906 17167 10579 3040 12919
10962 2539 2026 12941 5337 6817 16775 7256 4022 6322 15161 12587 788 2958 4887 5311 14956 10029 1828 2629 8092 5048 5519 1575 5060 17430
17533 5704 9101 18676 12091 14110 17502 2197 10547 4155 8122 13498 4279 2995 16032 6740 2352 4163 15094 1830 5650 3003 5437 515 1450 3347
7060 18839 4222 15411 17396 11 13475 2882 3766 16988 14083 8082 1918 8927 1832 13779 6335 11692 664 18492 5849 11681 10598 19721 231 16653
11405 18049 10106 17384 3578 1927 10467 12387 5973 7157 81 4522 5930 13634 9232 1043 6994 3958 12500 7343 9171 2305 8042 12769 18138 12961
14436 2199 19734 3283 9059 8912 9438 8525 18862 18627 9142 9834 9258 9947 14998 9211 8280 18922 340 5057 12001 16503 28 13708 10740 1739
17313 19928 18914 7530 4165 15642 3217 8513 2574 9500 16747 9554 1282 16857 3286 12085 14100 17674 4067 8055 13692 17992 15508 3042 2365 223
8048 19093 5871 6002 10035 10242 12917 4716 4543 8825 1283 13859 2818 18991 3975 2339 14195 10284 7608 2819 789 18411 12361 5074 12828 11988
2359 18326 2734 16154 11374 18106 16295 4054 19921 5188 8016 7284 12095 10004 19450 1541 5885 15896 1884 11792 7283 148 3908 16479 15442 18026
16846 5092 13505 19503 3584 4100 14822 19409 8321 12273 14463 2436 470 8073 12719 6178 12296 10032 12386 1422 17270 2908 2004 19478 18670 19984
11047 4098 19099 7588 6500 12613 9347 7110 9252 5378 5865 4354 448 2285 14342 12854 16151 18658 5277 3057 19065 1185 7407 10161 2357 14868
8508 9850 3562 19231 9652 19611 9806 12230 8557 13691 19637 1120 3622 15128 14573 16101 3471 1210 4182 17540 17738 11284 12820 18120 12874 6419
19073 9268 7346 721 18821 8704 10151 10111 13189 5766 8358 9041 5798 1310 4404 11953 15768 4329 4395 484 4398 11339 8401 4282 17380 10812
4562 8825 12055 6933 15682 3404 2814 4533 11020 14332 10279 3038 1113 8578 15097 5824 12486 14641 5254 17575 10696 6841 1971 3205 4960 483
3273 6347 17312 4006 16703 13781 1504 1643 4264 15903 1494 2008 16718 14154 6604 9580 4266 4882 7599 18420 4697 19034 18493 1158 8180 7697
4165 4236 7443 11993 937 2893 9356 8095 10029 778 3301 859 3746 10295 14917 4894 10752 12872 6403 19969 15384 9061 1946 18231 2371 10413
6312 14552 12322 16311 16288 19787 16963 3183 11168 18608 17275 18644 11987 6194 14265 7811 19591 8380 15737 9508 16853 14577 19238 14707 13529 13785
11058 17351 2911 13001 1076 10794 5158 5563 10406 8229 79 4925 7992 10676 15821 10260 15186 17481 2852 15731 15824 1630 2543 2527 9741 18825
1187 14921 14729 16382 16273 12637 8343 18493 8282 12063 5329 8713 2269 2308 14502 940 13575 3276 19458 15337 5340 5073 14729 13963 10118 9136
15300 8625 6369 8574 3178 13237 18271 7397 19757 11705 4627 6768 14499 18325 16347 16358 1908 3315 12550 18704 15156 19252 11086 15404 3009 12778
9608 16484 4954 3721 5834 18629 15269 13385 13921 17509 9151 10032 3879 3145 11173 12586 17081 14806 5487 8814 12033 6731 12737 14661 19499 13521
19651 18916 18746 19676 2500 7292 18482 3450 6209 7907 12110 16936 17145 7268 12346 8908 3391 3869 13482 13834 11955 18721 15671 3817 7246 2546
10404 3395 13758 9639 15589 18773 15291 11550 13849 11256 8449 8069 13957 5711 8378 10829 3462 15431 4589 7466 18927 5880 8004 17220 16386 9572
19065 14472 6136 10441 17851 7740 2660 4329 825 1572 1520 6965 18516 9109 6971 3871 13900 6843 331 7501 10199 671 18283 11850 5143 2093
10602 19190 6005 18762 6521 11853 4372 10780 7773 3855 11281 1527 6943 99 1283 10253 16344 8758 11349 18447 15253 11595 12253 17510 17025 9556
6741 10028 16079 13684 16802 874 6008 18886 17947 6017 598 8673 15928 16786 12435 18338 11050 8881 5291 14762 18185 8490 10268 5969 4198 17427
14058 12088 3173 4719 9271 9237 5082 16310 425 3271 6423 845 14246 11650 11305 2651 561 2985 16142 19451 16158 17522 15539 1191 6638 2803
3495 14776 3659 14717 1121 18910 10038 3128 15097 4851 1752 5108 12464 7115 11693 890 8659 15712 1474 17463 11992 11197 19679 13118 3821 9891
8074 2565 4014 19571 10422 10565 2516 9099 3367 2097 7516 14731 5011 5249 18106 7557 2732 19868 16490 16318 19933 14447 19104 14452 12110 9692
16692 5057 2543 8959 3708 3291 8414 1532 8697 5600 33 2680 306 11782 5126 9518 18999 10535 5732 6722 13572 17736 4353 16003 19135 5054
2377 13170 4658 15347 16109 2337 17019 18851 13151 19740 19818 13396 8950 4559 12358 779 13309 4599 6326 3432 9341 14623 13145 10342 6711 12411
8477 11987 14193 6613 12957 3306 11928 7383 11138 3574 2636 6365 7928 10942 9769 6334 3537 8058 13193 12313 7208 10923 17622 6917 10884 4813
11115 19839 6396 2858 4864 10346 14012 827 1241 3799 14141 8676 1283 7956 15418 7337 4150 14413 1955 13183 16733 11471 10386 7805 7429 11984
5370 16054 12653 14152 19714 6811 15856 10720 583 12773 6925 8633 16383 8876 2611 3841 9953 17007 10742 19531 19282 11167 3261 14269 1452 9710
15549 12545 6352 11044 18800 19561 6144 2797 10174 1575 7831 6521 4482 7750 10061 18406 15682 17249 10927 15160 8539 5664 646 8168 10821 14017
9348 15539 13264 7341 15924 14028 18436 12853 14446 5791 8603 8440 3140 18624 16207 3433 18364 1065 10341 18664 18910 5174 13400 10180 2867 4852
14138 18102 15889 16853 15102 15606 16489 14716 9156 15715 13383 19132 3409 10137 12184 15290 15872 9813 4188 16454 15835 4797 9691 17462 11904 19822
16422 11194 4137 5 5887 13399 19189 16536 8819 11421 14202 9193 4725 5279 12051 4172 17253 3762 14247 6040 6094 17708 9459 5574 6691 12495
5759 16209 13841 11508 8939 16409 6492 393 2524 10640 14337 12117 19325 16997 15277 18652 19468 16052 12170 13232 16976 13746 9365 1224 19200 3538
12669 18088 15907 13693 12909 4295 6464 5528 19212 490 3450 5347 9317 8984 79 3213 12938 13045 9466 1560 9803 333 3130 15028 9028 10669
7988 7814 16779 10383 14427 18971 12483 546 4938 16815 16585 17168 15773 8853 10617 7101 542 4499 1188 19858 18335 16854 11209 4143 15858 9652
19543 14700 12339 10706 5534 867 10512 15803 19764 16116 729 8469 9048 15118 5989 15996 13380 4836 5644 14185 19938 9226 17835 4620 14673 15961
3530 960 16875 15419 15018 2253 10422 15847 13311 8202 7340 15663 4498 5953 13719 2975 14531 12593 1016 1896 10302 1581 19368 14206 224 13891
6210 19993 19061 1581 9121 479 2450 16608 5776 16287 11711 11572 10167 527 14865 8397 3196 6323 17840 7475 7881 10670 8020 3833 7162 19247
9020 9100 9266 7750 3774 6740 18835 6569 1829 4465 2854 10870 15863 6278 18112 8568 6531 1590 3662 19203 515 5721 6938 6587 17630 8016
18729 13162 1995 12463 4179 1819 10670 5753 7997 5971 5887 11223 18768 10832 136 15405 19989 1724 2053 16469 8869 15220 7362 16318 13069 11621
19 18659 14151 6069 16515 1791 3544 10098 19076 10467 4007 5780 9197 10764 601 3060 9317 11692 19551 18877 14552 2792 8949 8111 15795 16042
17845 6133 1355 3356 846 8560 5152 7917 17498 2461 15593 15070 5996 15028 14055 17678 15333 14057 16885 16964 11224 4094 8448 8229 19866 17080
10908 362 10001 7497 16718 1184 4462 8679 13871 14042 10045 4361 13202 18232 6043 5193 6899 5881 10325 4224 14571 5100 6385 6771 3910 7642
15998 15540 10305 2079 8674 6214 1633 11609 13245 18046 12899 10312 9744 8490 11787 13057 18732 4731 5433 7840 6950 17387 1869 14283 13457 9002
5923 15847 15286 17008 3278 4252 2507 7269 1631 4337 9419 3627 4288 14117 12283 544 14543 11912 11879 15474 3850 8080 2369 14516 8995 19913
12768 4336 8524 16200 19835 6210 7779 12244 8912 16874 12882 9253 2487 3728 16035 11437 12258 15840 3368 4724 15604 15530 4014 7696 10097 400
1923 17173 5701 9571 16410 2682 5765 12123 17831 13502 5862 15643 9818 3531 9226 9223 13407 9047 2699 13809 9709 2122 19510 16793 11913 14203
9320 9570 18035 365 13554 9537 3042 13850 13318 5902 835 14759 8337 722 9416 17205 17265 9313 3374 13024 7624 3024 13018 14042 1881 5732
7768 17007 14875 1139 16921 2109 11863 15771 17990 4066 436 14232 3555 14821 5457 12792 10095 16034 8086 4780 9250 15682 19035 9287 11079 9876
17197 19024 2074 16162 3533 16253 2958 7154 3324 3339 1620 4566 12912 15128 8480 11671 8146 17553 1353 8448 19304 19800 7606 1538 13864 18278
18143 11656 17703 7562 5503 8723 18232 18562 7228 19734 4241 8251 5337 19393 11373 9942 13476 10730 858 3339 9153 462 654 17794 7440 1977
19369 734 16625 14766 2264 2321 19012 4101 9992 15756 17907 10512 6646 17140 6502 17833 6003 18372 15782 1563 17926 4401 2014 15443 14283 11537
14738 14175 7194 8979 8675 7062 9124 6139 17853 13000 11428 12675 17994 18359 3241 10897 7218 820 19346 18535 6776 19623 5305 15951 11873 4728
19571 7282 499 14149 2642 9394 4414 17369 16878 3251 1210 4170 14491 906 3382 548 14174 18565 4824 9776 5560 7418 18964 309 15581 18980
7698 18984 6761 12604 16053 13306 14864 18259 463 6887 14305 8277 12395 2450 89 18489 5360 2676 7570 18440 3772 16052 2387 10273 16704 803
10406 9276 17644 10841 19419 2895 16063 11913 3425 9317 9028 12153 6138 9023 1881 4826 2554 8036 18309 11793 14312 1904 19619 17203 5158 3383
1157 17328 1095 163 1729 18647 6321 12793 8465 13009 13267 17100 15670 17681 4687 3581 12590 16937 19650 15427 15447 6672 3055 17450 10855 6910
17035 10039 2260 11779 1203 4804 7872 1658 15609 12169 2243 16781 3543 3535 4346 3433 9708 4481 19830 3872 9700 4349 18690 2305 16668 6166
19744 18000 3883 16659 14994 12795 15461 19449 17424 8651 3828 4809 1438 1237 15611 17622 8191 11270 7335 9500 955 4923 18741 9700 13012 16568
364 1182 4076 5058 5820 1417 4864 14183 13671 365 7269 2323 3688 12561 10622 15824 15286 10578 9177 18115 13567 3118 10019 14778 16494 6681
4579 13465 5147 10033 4142 12388 15102 11917 3019 991 12469 10732 10234 15668 17689 1599 18590 13248 6087 11117 282 9759 2706 18146 5416 668
13431 7524 16925 2827 18521 1812 14100 12225 5627 10643 1654 7838 17378 4779 8879 10574 18736 19011 6671 18636 4445 5529 8095 19363 14421 9158
7343 16591 15385 202 17783 11836 13236 9839 1059 9055 9704 2476 5598 14262 19267 10923 19603 12367 1300 18659 7792 6012 2343 9254 18417 11299
13217 669 10424 14939 5137 16458 14518 3688 18027 11472 14528 9799 11173 12963 17599 13005 934 2464 11152 2144 16577 10929 7776 5610 4975 16419
18723 13057 14797 8235 8034 7573 4669 6919 13031 17357 393 13237 18503 5142 17326 12767 8105 10449 6434 743 13668 9143 10513 4922 16078 4330
19633 17643 10754 8635 1720 11297 9574 4193 5103 16295 15748 13785 11615 5104 12711 12790 9443 2804 8763 530 10988 3116 10287 1779 17900 16782
9521 13725 392 8865 1959 875 12305 11427 1712 1083 10192 3559 14219 3160 5729 10162 16497 12422 2165 17518 8914 7096 7558 19739 785 13283
15948 16722 6451 8974 15071 19579 2584 1156 7575 14302 4102 6527 5165 17050 4996 5119 17075 14576 9813 4277 8530 4419 12322 6545 19383 9115
1260 5240 19456 19250 13979 719 10838 9625 18706 2090 12239 11522 14917 19735 18792 17780 10335 7223 12085 14496 2299 8147 12599 10008 10353 19002
19678 8156 15838 9909 6932 1703 4853 18883 10191 12121 16700 6469 10217 11898 13936 19497 11331 8325 11916 5403 5992 1281 10710 3687 14213 6203
2541 13081 17866 7000 18386 4768 3113 7550 11087 2448 3433 14681 3271 2072 16251 7398 14818 6007 18569 5704 3331 3773 3780 13473 7287 7391
8280 12668 10165 18620 11978 15012 13578 19518 16178 14114 1644 7237 10907 13013 3499 18214 18288 16947 19280 19054 1986 10418 2029 5061 16166 1553
4311 18741 4317 14535 11203 16732 16422 4195 8044 17318 14515 3724 12905 5844 16511 13 17536 2149 7224 9538 8716 996 7575 2310 17625 1957
17662 13194 11271 17934 11503 10443 4112 4911 5042 5446 12016 8305 5608 8076 1476 4535 18199 8554 8564 9109 9750 9496 19880 6866 12933 15306
7552 9147 9739 16870 16944 3800 19003 18500 9419 16065 13997 7906 8846 15096 11137 1618 17419 3725 19579 16649 4642 16758 8122 4901 15165 16810
19604 11464 11885 5360 6906 9769 3221 15612 17637 9573 16074 13406 8583 12821 10474 710 9669 12759 16710 5937 12611 1623 2055 11912 4089 10753
11859 6910 7331 9865 17418 10712 17274 19783 18574 15950 478 1854 7036 6776 1077 790 4913 14675 10788 8661 2285 4973 3649 3983 8316 9839
1099 13007 16144 5089 10027 16620 7139 7893 16474 18888 2316 19941 9687 3388 7037 1124 5191 13139 15730 13699 12033 9652 15121 17535 14698 1579
9895 13796 5175 8364 8484 4195 10991 16478 8595 17500 14790 5741 14052 12902 7791 12928 12649 713 1609 82 17357 10082 2725 8023 4309 13855
19598 10255 18691 11021 2559 3917 11855 1725 18762 8539 3506 5478 16165 15715 2670 12929 4600 13699 12637 6794 5340 12499 11305 1518 9160 15769
18937 339 19328 15332 2944 12434 664 16331 2430 14555 15763 10345 8003 17883 8560 16025 9218 337 5324 14456 321 18642 19374 14606 17106 5333
17865 13729 6416 12738 10664 7670 14408 13215 12985 12541 10874 8506 15295 2328 2409 2980 13824 3373 4365 19395 13657 13257 9626 19429 13241 18748
438 14729 13270 11285 18529 10522 13226 8977 9717 8269 3293 5100 10162 7215 10955 15836 1566 6718 16385 4332 10892 16797 7173 7896 8014 13358
7061 5244 5440 9185 17640 16031 971 12983 12189 1963 7759 8093 17762 5935 393 2225 14183 19066 6505 11232 5797 6889 15259 9897 3146 9673
18806 18652 4726 3540 15420 11590 13096 2398 1920 9006 15996 1655 11211 7652 9095 165 18765 6526 12776 18990 17204 11714 4546 6026 10952 11158
12902 327 9157 12237 9486 7985 4368 11753 5393 17485 13840 6498 7785 898 11610 6116 5686 15328 4971 15900 1038 8746 10872 15995 16994 13157
5314 174 9908 17518 8072 17999 10221 15638 6708 3969 9862 8700 3946 3805 4266 12664 8579 4602 7438 6669 16722 13749 15560 9728 8754 11798
17675 13879 1233 5607 1732 14512 13597 457 9169 2552 7223 6403 15447 2712 6315 18898 6126 16335 1433 5978 12584 16343 9814 14651 5581 2667
6281 7828 8637 11522 18388 18743 7802 695 6131 14585 14650 8140 15527 16632 14022 307 18229 8012 7381 15457 3961 4426 1813 15803 10690 14903
5995 5839 10047 4222 4306 14170 980 2128 7929 13762 9982 12423 16891 3772 3587 5967 11973 13627 12434 854 2154 12668 10103 739 18148 4980
9405 911 11312 11364 1410 17943 10738 4482 1055 19383 7702 7672 2459 3510 6721 6697 16724 14331 3961 8838 1487 16560 7746 14864 10232 13522
15247 17405 13712 334 1100 15221 19090 19178 13166 15908 18771 12077 5837 14779 18565 2972 12729 1938 12511 13636 16041 6952 12583 263 11901 27
3962 81 5614 6319 2982 18334 1092 19687 3208 3101 13350 6528 9882 7255 11294 726 5605 28 1819 4224 8112 10828 6033 11183 3233 19831
4507 18419 16210 13997 12638 15687 12587 14782 19990 497 17283 9647 15810 3834 16438 2145 16393 5950 17569 10711 8215 11548 8280 8 2662 906
15200 19515 19303 9700 14956 8360 8959 10491 3278 4181 8063 1004 3681 11542 15971 11959 10049 6711 15555 13352 17109 14751 14654 19554 19864 9738
16918 9982 10335 18706 14690 9482 702 15345 13886 19963 14632 9380 13793 18397 8414 13574 3760 16337 1946 7103 10599 7520 15474 13311 15552 13498
12881 1746 19313 14720 12504 19947 2618 3708 12391 12274 15770 15393 12232 2802 5271 3865 1150 10663 10150 12478 2108 10175 17762 974 9342 14041
10404 10300 10793 4885 19498 18844 10450 14749 7903 14743 2070 5863 5361 2386 3620 2896 19504 6218 6641 1705 3334 2075 18248 16778 2090 1453
19683 3521 112 10109 18324 2359 6358 7174 4633 7363 4051 11318 14219 3899 10439 18693 10885 11487 4036 13436 8698 2219 16784 8873 5735 11740
14213 6290 5839 6842 17165 12439 17450 4998 3845 18750 14281 19454 9452 4539 16917 7558 3440 14702 7863 4680 11921 10863 10655 4241 5892 15717
2931 17248 12882 18645 18266 497 1746 16895 718 18621 3457 10213 13120 16091 11610 15511 3333 6947 12480 9021 10276 5924 10696 19855 19008 9373
12444 7468 12978 8668 8110 7729 12716 15591 7921 17765 12263 12394 5633 18751 19130 7676 19310 10022 2056 4186 1157 1405 6804 8009 11935 6024
2088 6205 3024 9350 9626 8141 16017 2485 5068 8964 5940 12257 2074 19985 7262 3455 4553 16871 4021 9966 11026 13566 10212 7719 9914 3657
18439 16886 4328 4765 18177 9812 2397 12987 1723 19625 324 16148 18622 8565 17049 16905 16550 7848 11240 9023 9604 12763 8068 13160 9409 16624
12448 17674 15034 15773 3804 7937 16526 19320 17385 5375 1185 4738 8321 2711 15679 15153 19194 18547 7561 7106 7068 17719 3439 16943 8671 2239
8205 16519 13361 6050 14279 8559 6151 3949 19244 14020 9927 16009 12143 10920 10205 420 12678 7458 4946 14334 14097 10114 3771 3733 3122 18527
5167 15841 18218 16215 13412 9002 18341 4178 18462 15752 7062 14860 19163 4179 11298 1554 6914 8349 1759 297 5858 9436 15586 17317 15458 6155
3353 15288 19221 13985 12538 19792 19830 16022 10396 11355 15511 108 3128 5356 13597 15953 4623 19260 15149 17434 17264 10907 8742 17133 5882 2181
733 3603 9605 10919 7441 15895 11902 2680 2450 9021 12875 4929 18914 10192 18640 15797 7771 1304 4094 4432 531 2477 12136 7075 850 390
10804 19086 2827 5731 14717 12653 6019 12923 15535 14120 2582 15067 6194 6638 9226 10017 1522 12949 886 13862 7716 19337 3201 18565 11348 2802
9031 3846 869 18006 19676 2065 3990 11016 2524 3935 14395 11359 2320 6052 12814 8371 10377 6356 14741 15640 9909 520 4481 3487 5108 8175
5242 7110 19367 15532 6196 11567 17317 11896 11118 17610 10693 10042 8866 5255 3034 8609 7731 2353 15526 7619 175 5804 10310 3574 6263 16775
12120 19281 17832 1016 16785 16357 1590 233 947 5366 5517 475 9276 11395 16377 16703 17052 13662 5927 88 566 11020 7888 2654 5157 5563
4683 11865 19100 7869 7024 5496 18399 2254 7950 3616 6562 6331 12222 7522 9314 9575 2386 344 16259 10091 14894 18583 5906 10032 12831 2612
5568 4583 4391 1205 12553 9682 5449 18344 3187 18107 348 5391 12218 12628 12481 15316 4613 7206 3851 14618 12228 16728 18219 10086 232 13534
8950 336 5487 8538 2628 8900 9932 17798 794 19246 5212 8759 11893 887 45 1382 4934 18216 11215 11896 15035 17389 6556 14165 3015 13516
5895 18600 2081 4136 4909 1119 17701 19709 10674 9843 9559 5737 12885 11359 1459 7583 241 17159 17630 13110 12287 15330 10101 9998 8462 10265
15805 13286 2582 11931 6833 2355 13378 6057 18847 6514 7230 8543 2048 7503 18718 12506 2203 17413 2260 16866 10653 13896 16181 10683 7741 4294
733 379 4811 5203 2899 11592 18565 6054 18227 3071 17980 16269 18429 648 4406 17201 19588 1556 14660 16865 11696 3318 3453 10188 2607 4274
8784 14648 6882 2185 15329 963 10526 11605 5061 8259 5945 10343 1604 14659 507 17273 12709 18830 13603 4155 274 14330 6416 8112 16453 9479
9354 14645 791 15648 745 9770 9362 18038 13541 2009 10093 11021 19784 4185 5113 19005 8671 6241 6250 12435 1941 13509 6807 20 8460 19166
1989 15681 13849 16061 12196 2547 982 14589 15437 7194 10639 12664 10012 13728 12019 4829 8123 10523 17145 11066 7917 7183 5313 2505 2342 18725
10953 12529 19397 13199 4597 8092 10681 10676 12536 1564 11292 3432 17791 13045 11461 15388 4455 368 19618 3687 6929 11154 16274 18712 13415 16172
12358 12138 13012 17342 14102 16948 12382 845 19227 13387 10489 18066 6440 18247 5214 11086 18492 2467 11192 16122 6556 1117 14057 6950 18457 2347
16510 1607 2350 6596 2100 19513 10608 7356 8445 11459 11648 11816 9137 7734 8343 14733 11086 1069 8769 12909 18140 7566 8450 5311 6976 18650
5522 17065 347 19905 5896 5599 9637 7659 13722 2103 8452 10135 1170 3570 9501 15725 12704 16763 6619 17794 12976 2236 16728 4071 9878 17826
6165 11046 8983 5339 12387 17498 9117 9738 2546 10747 18979 1526 4238 11173 15051 10648 1414 19671 5155 6717 6437 12879 7979 16334 2669 6158
5165 16290 11472 320 12819 13131 3944 17357 3505 3855 18052 11242 14016 585 6000 6050 3419 14864 7981 1817 13871 18276 18135 16698 1366 9193
6826 11386 18517 2515 18716 7218 6832 2788 15274 16775 18499 13767 10516 13415 14824 13824 12466 13012 8184 16967 9442 13652 18142 7925 4069 10894
1786 13998 13113 9873 18857 16529 14405 5714 8225 19224 16809 148 7278 8104 9346 279 9846 16233 108 8367 11163 6053 7996 11078 9803 3883
10368 10057 15629 6827 11792 4209 9655 8671 5098 1023 1715 7822 18416 5648 15478 10939 10751 997 12554 6489 10378 13358 3228 4881 7776 1608
8284 17023 15971 17888 11861 186 1870 14464 18734 13148 7679 8421 111 3162 2867 10434 4551 13977 4831 1369 7513 5965 6103 18113 18272 12802
17738 13974 5555 16634 1141 264 2473 1677 9517 14628 17952 4623 18279 19860 3237 15140 8526 11406 203 1918 13496 5277 18803 7800 14562 3888
14925 5434 2103 9218 426 5801 5904 9502 16747 14267 28 6791 5613 6099 14461 1916 11299 8788 8522 14568 12734 3999 5926 6256 18581 9863
4333 2583 4422 7916 18237 590 8997 6255 14414 7003 9703 3961 17916 15585 19697 12586 12259 19771 10081 11574 16806 17054 4054 12322 2020 13244
5693 17620 14362 10117 14763 1175 15524 10995 14280 740 17852 15969 6236 12497 19660 8066 18517 19676 3433 7917 3484 8089 829 766 7482 2594
6750 11052 17928 16162 10346 3809 634 3509 6753 15034 8739 6880 9486 12938 7713 18787 13261 11724 17519 11880 17669 7267 15683 4899 2533 9248
1426 7764 8350 18887 17000 18408 10434 4464 11797 14765 15332 18008 19256 3158 11438 10650 12844 14201 19426 9602 10029 5914 16138 8054 18097 2009
19012 17691 14995 3954 2663 16295 16884 4198 1573 17316 7563 3586 15200 2741 11338 4812 6858 13918 11496 9934 674 943 16890 6076 5718 5971
5773 9809 7046 4541 6346 17689 13147 3079 5986 11177 17295 17419 8407 12308 760 3071 2888 6157 3604 19267 12058 6371 11249 19371 18982 9797
18791 2133 9816 3319 10756 4568 11128 2880 16651 17986 16050 1981 7095 17094 11415 1169 16080 10186 13606 100 5240 2857 10914 745 3925 13510
4968 18243 2445 11959 15030 17271 15511 11957 19754 3531 4570 3020 18496 16824 15124 11712 7199 8310 15397 10606 1515 11802 19620 18399 1142 14762
17672 14606 14807 15379 16721 492 603 2444 12593 18998 4949 19848 6868 5548 16066 1207 2448 4747 13038 11004 8200 9210 16746 3154 19804 10799
15827 12690 3501 8888 7715 18519 2535 6752 3534 18502 19241 11738 14578 8112 14235 4144 18651 17203 3089 19141 18106 12770 18544 3084 4114 9470
16452 8401 4608 10724 464 12895 5748 5917 12270 15193 1278 15 2059 17027 15272 3846 8757 6580 9843 12668 16289 16104 16233 5161 16913 18063
17271 7120 10261 17168 12497 1900 4485 19042 12433 3424 10675 6653 12886 1637 10801 12420 5818 6073 11002 18847 2484 2800 4306 887 16516 793
722 17277 8924 5839 12220 10015 5131 13858 14812 1804 16642 9030 1404 13492 11562 13391 17856 6680 1876 5062 391 15243 13063 15179 8925 723
15883 15759 9904 13201 2203 17495 8093 5243 10978 616 17988 16201 4613 770 6950 15957 16498 16512 4467 9564 12330 5314 2202 12245 13483 9883
8128 8521 17944 12501 4408 15613 12713 9154 9872 9179 14977 6910 7869 19829 11524 16669 19143 9963 8941 13082 18973 5117 9049 13858 13277 5530
7244 4574 19058 8539 7183 13724 6520 6014 12835 12731 2319 3158 13516 9110 15994 490 17941 16182 60 14392 12929 12193 2975 14357 8369 13173
7011 12586 7779 2268 8544 14764 15891 7612 9008 17842 3519 2793 10993 14478 3390 12969 17073 16068 14003 17484 3687 11955 2957 6172 1362 18656
14007 5791 10125 14925 1324 7095 11879 14397 6943 8407 13934 13645 3892 6482 18781 2784 13931 534 16792 17459 6513 17150 5019 9535 5277 14174
4112 9919 15145 10383 18915 3670 19889 15612 894 12779 3984 13241 9982 14113 7485 2053 18935 6 10716 16207 17817 5454 8848 13689 8771 9470
13790 9952 11654 10269 18416 17135 7359 11946 2121 7206 9070 853 11109 13276 13553 10099 13289 15860 11129 1809 16116 2933 5173 2565 4414 1291
2368 19167 18671 1283 9533 4337 7525 19583 2857 13781 6709 14993 14527 4618 9936 9493 19275 15526 7557 9598 14332 10798 11583 5876 10610 1232
198 6290 10273 16226 729 4986 13371 8588 1497 8491 11745 10837 4340 19592 8234 18558 9022 1213 10643 18313 1101 6749 3988 2396 1132 1540
3076 12461 18001 3672 19074 13208 4191 4175 1493 381 12575 12666 8390 13054 6507 14390 19032 18709 9968 6663 14558 9910 521 157 3089 7694
500 10934 12961 11776 19276 2821 11404 17434 4632 9177 16018 11990 9393 10067 12005 19076 13816 14585 12328 11630 11460 19604 11883 9385 1156 9780
7396 7930 10338 10250 9100 11830 16522 8983 19894 2027 12500 15905 1906 6420 11192 16216 3904 9995 6128 17684 13579 1431 18086 7384 9849 1966
19359 10620 2947 10287 2703 12339 16108 4333 5098 304 19127 3907 11756 1598 18973 19825 10294 7923 5168 15556 712 7260 14294 4892 11289 15659
14719 3662 12677 3686 18409 4864 13467 2203 17689 2616 14270 18055 4789 18296 19649 8677 9636 856 2243 223 18279 4915 9650 19214 2665 3817
17170 14650 4609 9087 18170 6799 3096 16365 15545 14143 13691 10877 9098 15043 15474 19452 17488 16310 3785 19216 12888 17778 7941 10401 7967 7884
2465 14009 19437 11705 6291 7635 8205 16296 15905 112 13120 700 10185 8308 5222 18907 18969 13129 2487 19234 9311 15030 19140 18722 8912 7836
14771 2615 13618 304 16937 17003 16097 18005 19043 16425 1592 19269 1858 6099 4252 15838 4902 19308 16248 18294 16238 5856 47 14286 13760 15389
19098 17234 16303 3723 14933 9384 14903 14250 914 6674 7381 8039 19856 12190 4592 15638 7954 10002 4018 2372 2579 11565 10248 13159 12250 8610
2683 12036 13562 14216 15014 7787 6233 14037 4569 16494 9597 9286 14574 14169 9863 7612 9933 16107 18314 2218 1443 18633 46 10780 4767 15190
8920 18444 18880 17306 1455 1851 19683 3501 6159 19100 6891 6621 4095 1917 61 4437 3213 9486 8927 2219 5416 9748 8680 19962 19347 9494
6810 10944 15820 12034 3476 3095 19126 7479 17115 9479 16272 6822 17047 4052 18454 17445 3367 4184 12219 3470 15570 14745 17197 19101 17416 18064
6678 14944 12070 8587 937 5132 15015 3967 3100 14792 11561 15165 18090 7176 13782 18326 12569 2554 11842 14287 6359 17405 13185 5830 10837 194
11173 2001 5920 1068 10343 16460 2866 4850 16297 16413 10174 6366 15166 14836 13257 13834 17926 5962 3300 15083 15708 8600 5487 4336 8774 2633
18417 1560 15378 19546 18535 6668 3164 2108 2703 8503 12404 17706 11428 348 7483 917 18492 17970 12859 1781 6257 1902 11416 5835 5950 2369
12529 10644 1676 16439 4276 4 14416 841 3934 19231 1930 18302 12567 13917 2832 5113 12051 10565 19768 15185 4146 13923 2148 16339 17986 13986
4928 7337 54 6816 14525 15917 1425 10446 5285 2 18561 17418 19655 18500 14736 14272 17436 16548 14940 13497 6719 10534 16433 9327 5818 1022
19750 3530 18096 12485 1903 4963 9555 14655 10465 10268 10344 1147 13037 5374 12210 13275 3926 19237 4151 9794 13002 8212 3730 14938 18471 11857
19321 15316 2722 16112 17305 11727 4379 955 16568 16873 19082 11377 5325 15152 10548 14940 15444 6722 17898 18326 15943 6421 3348 10637 18824 8460
3127 13672 16725 4357 6687 12779 1770 3045 3025 16554 19939 3658 19326 6671 3988 16080 8116 4969 11873 17014 10079 11992 4055 18061 8033 2520
15475 11972 16982 8307 12892 18596 6048 4173 9075 15743 13698 10196 15517 5407 16318 11709 1092 35 19295 18546 7734 9979 14257 9252 2245 8963
12450 10671 12226 10495 8362 1493 12808 14229 1583 14231 865 560 4750 3848 2371 2059 12746 18309 17276 12305 479 1412 6263 19709 1256 12999
18228 10001 16502 5830 17986 7959 17480 18321 8056 17577 17968 16708 18387 17279 7588 16613 18153 18954 14810 16558 14508 15660 6651 10232 13058 15933
8775 18357 12530 2357 4072 8938 11692 9680 19994 16452 19991 15282 11503 8319 17107 12138 16363 12355 17667 7972 14850 933 15069 2919 17689 10732
10472 17415 39 19294 15774 18657 10700 17704 3117 12603 9140 10535 10179 6759 19263 8947 19249 3697 10129 10700 18008 10130 19697 12363 11559 9109
9160 11796 18111 19122 12282 11722 7543 10583 12335 17384 10779 18755 7423 3465 10111 3678 1368 863 4811 16852 5341 19704 3835 7861 3742 13400
1400 476 7228 16205 15351 4613 16313 2911 16210 7673 9781 14423 3645 2857 12441 2083 12991 283 13372 6997 7108 4833 17896 1640 3790 7019
252 4686 15762 3321 8396 13018 807 14751 15961 14044 8739 12244 4373 6914 2812 836 14810 12383 16770 7929 16346 9190 4393 16344 18818 11446
11454 3110 1339 13008 5134 2546 1913 17471 3925 16067 8287 8177 10704 13554 2151 592 2575 11481 6205 7333 1024 16015 4557 18821 4548 6170
19620 4209 4904 4746 12273 10262 10952 13064 5498 1198 339 10423 16079 2579 675 1463 15400 7663 782 527 12530 14723 15644 17499 15787 14557
16860 920 10239 1810 4408 5913 6916 8753 14357 7341 2859 19469 4835 5596 9009 12347 10553 3948 14339 13189 11622 12832 18706 13132 2392 18994
2362 10137 8908 8597 881 2391 18784 16950 19857 8592 19916 11537 7095 16709 8451 17448 16779 13795 2952 10955 17738 2187 6776 5321 2100 7326
16985 1468 3429 2406 3813 11613 14468 8914 933 9405 4256 16233 12827 19227 7896 10677 5465 9658 18364 598 844 3506 1474 19811 13985 15954
5667 13817 8766 3028 13175 9923 5010 14711 14110 7233 5297 9343 1402 5800 4986 12563 11485 5893 19303 17010 18303 14835 7228 6325 14634 19658
