365
44 57 76 71 70 87 81 1 85 11 14 5 35 44 7 69 28 82 27 74 28 16 30 1 8 42
7340 14213 6565 12841 4569 5855 6330 1948 1433 6133 15447 8524 12893 18084 2929 19765 13338 12852 7986 9982 18220 4539 2513 9505 1485 16307
13413 17364 7017 14141 916 4181 10640 15299 12862 17674 8464 4985 463 4562 17256 6065 617 19646 15744 14673 14761 4495 6860 948 6126 12254
18452 4283 9356 14304 14014 10326 8082 13207 17107 18116 14074 14965 14067 16567 1355 19334 3373 340 19503 13334 12420 7404 3010 4817 15664 11834
2214 7358 1515 8673 6210 19687 14712 6941 19986 15850 1512 14800 7745 4034 19521 18012 13061 18678 19290 3324 906 2425 9171 8419 1679 8285
15166 4094 12306 14595 9755 16961 14917 12517 2712 7798 4088 2167 5574 10593 9193 14028 12410 8419 18494 12902 11131 14241 9975 6758 2380 2961
11611 15288 13056 4743 17055 1242 4404 14715 1635 3533 2287 332 18017 1497 8381 3388 2323 3421 9755 15541 12801 4518 992 19457 15754 12400
9420 18970 15391 5181 18153 2582 4211 15449 14295 6267 2633 16854 1462 2534 117 16538 17542 3006 8499 18984 9764 5840 17337 15108 19159 10221
7869 5556 9398 15018 18544 6251 16805 5765 6881 78 11814 720 14389 18303 1389 11935 14677 19937 8662 14298 16319 9607 7314 11468 1969 18209
19775 214 11899 18279 14484 15572 14046 18533 7610 11155 9020 14986 14841 3 6603 12653 19063 16979 5855 15730 4555 12262 17858 11281 11505 7672
15734 1613 10902 12294 9925 18952 6452 11742 1098 7024 4478 5256 1725 2135 14824 7702 9170 19409 13258 14308 14419 15257 12980 1157 15122 1744
14154 19213 9857 12220 3592 15312 6451 15015 17552 7801 5223 8162 598 8210 18511 4114 3258 1624 9825 15136 19080 13106 10597 18757 18883 19380
5305 8310 5275 5606 18041 6771 11479 10917 2378 6187 2350 395 9049 10069 2611 11146 17463 13192 19641 10348 12546 9337 2267 11680 8634 5669
9060 16086 14946 4334 4121 11822 1430 1 13976 3234 646 18641 15377 6364 7234 18759 439 6580 13262 15719 12833 16172 19092 2968 4141 14155
14245 10259 11232 2882 16430 18931 14390 7350 3766 7323 13419 3811 3038 15000 9252 13878 3332 13788 2108 1341 2644 17263 3066 17095 10188 18353
7118 17869 675 2344 2870 17065 11030 14862 6761 17075 18646 15397 3461 11743 492 18082 8214 10561 2011 17711 10426 3591 19345 19586 10777 1102
4523 1981 10042 6851 724 7313 18978 15082 3214 19871 5208 13582 17834 1931 14132 6870 2627 14061 13722 19516 329 12438 9296 356 13090 11493
6891 7083 19051 1971 19584 8327 17838 11158 15748 13869 15058 14828 10722 3805 1448 18169 2206 12505 19691 7864 16712 19402 12637 3805 16967 13209
5298 15394 11969 14024 7173 10259 18066 17945 16961 13754 15592 3960 6879 4470 8049 6728 7369 3219 2409 11887 3402 11989 17230 17974 10094 19997
332 16412 14778 14199 19015 569 17333 1695 12351 5846 17547 6527 15197 11560 5430 10634 15225 14074 9262 8600 1126 11744 14600 13336 3343 9224
13692 9441 5270 10207 17838 13919 11814 13264 7303 16931 2875 2730 6576 4763 5254 4437 17050 9310 560 4415 3904 17207 4836 1857 3733 15706
9275 5472 14049 8994 6040 9928 124 2316 17599 3420 17634 6941 9301 8950 9095 19428 4285 8093 11170 3229 6522 13790 15473 11268 18339 19115
838 14335 2523 18219 15471 16159 13732 2897 18065 7144 2147 10837 13144 10198 14418 2367 8975 17367 5215 18268 1947 13355 3892 10449 8928 1482
4599 18356 18898 15486 11261 7611 5988 17937 10067 7295 2350 16384 15420 16528 11445 3980 6824 8145 16647 18242 14936 18589 6979 12029 19807 18310
2660 15666 14316 5781 9134 16264 5918 4961 17327 11029 11212 11854 7537 11356 2660 1230 13132 7850 18581 11208 354 11239 10179 18003 13873 11840
6956 16706 2225 769 19766 3006 16281 6223 4554 1030 9376 10469 9076 12751 1426 8927 16011 4503 1587 3231 3742 689 4853 18524 14662 17449
2880 14346 13504 15006 5115 7798 17344 918 11493 10959 4005 4019 6761 14173 7823 1616 13739 5596 8129 12617 15594 9242 17788 15459 19836 7121
19614 4130 1196 8341 7950 4232 5256 8579 1562 7788 15105 17230 7680 17301 11692 19890 19726 3872 3638 11602 521 10569 4372 13946 11394 2534
12394 10697 13757 6525 4553 5647 6792 10023 11904 11312 15998 2404 10890 12418 5797 19746 3508 13553 14299 5887 13391 8632 13402 6 10608 6643
18467 18243 4557 13165 14759 6162 13863 15615 1781 1481 5778 18427 19669 2117 986 15487 5866 3431 11413 17528 16207 5851 15704 7900 10720 6420
425 5520 15888 19776 19510 11250 13729 8239 6237 1067 564 1756 15462 2476 9599 6627 7942 3426 7767 13443 12477 16170 10718 16600 13359 13346
10091 4953 16701 595 5385 16196 18740 3735 9844 6759 6593 13086 10652 8048 14820 14775 7234 1482 1963 11521 17629 3129 7987 5319 15797 11119
17553 18385 4760 15989 2445 19149 17594 100 14250 1262 10036 5655 1219 13772 10020 19138 14073 11324 5657 13548 19760 9109 2718 3782 4281 9501
6217 5596 12237 17794 1246 8929 7513 12117 764 511 16745 9020 5279 4811 15462 15165 18668 19889 16149 1814 6448 12441 7963 7344 5663 19871
15262 14612 16395 7600 1029 9511 18869 9121 17912 4223 7093 4288 4905 13665 11131 13535 4159 13286 1074 15370 13385 19657 4601 5771 837 1301
10159 10476 8059 9576 13724 16899 1648 10009 5706 12765 7700 1052 18343 4851 13161 13680 15468 3397 16276 1313 19741 7285 8014 19774 7802 18184
14733 12935 963 11437 19465 7589 6303 9458 6980 8235 8101 18425 3043 11808 12850 15971 3366 7892 723 7149 12855 8743 4448 14913 16245 2278
16685 10299 12185 105 15066 10671 6285 14726 12118 14675 5185 1226 11806 16698 8641 10431 8356 11797 155 1450 19351 3386 15881 9296 5321 14224
7148 5020 14279 5160 15312 1976 2721 10304 6206 13980 16457 16940 8815 243 5541 14968 15721 9240 4858 14559 17280 8856 9034 967 1796 8639
9285 7926 6657 17969 16085 7656 9890 15466 11947 12345 10600 15349 18231 4715 207 13746 18652 10961 8221 5470 11236 19379 18620 952 12311 8197
16724 5630 1851 15076 15958 10857 19815 3819 14012 17797 13553 7049 4940 15151 17758 6888 15128 7186 15829 8941 13958 16411 14613 6072 5896 8473
2758 3456 5484 14334 17433 3596 19908 7315 4007 15851 15682 14723 13966 12927 10560 7634 18941 8756 12040 11730 19244 8343 9118 17481 14213 4529
10140 15115 18456 18630 6576 3929 11074 18331 17109 15616 11244 12791 4239 12642 9783 17388 9261 11418 14417 12610 117 17740 12793 11756 12400 12519
11603 3465 6842 15405 5262 17199 7068 15953 5206 8291 18689 16556 19782 1822 17378 12353 18567 6663 19713 10296 17334 46 6775 6785 4942 13009
10123 13065 2141 3189 13719 2958 4477 12622 1423 3377 1641 13648 11312 6696 609 18594 12413 18644 3653 11834 18153 16209 16250 8574 13047 19455
17135 6275 4609 4139 9135 330 13995 3002 16051 4984 1042 2424 12608 9336 5739 14716 10272 1601 13130 666 3493 14485 1115 13971 8073 17604
8346 7775 42 9681 6390 2707 8305 7187 13100 9948 4480 1222 15480 5282 7218 15553 10721 16207 12532 10731 17793 9827 13906 13726 13446 137
5879 2106 14702 6609 14960 15640 4335 2300 16836 16266 6986 13503 661 12501 1216 5127 1333 5756 1725 4916 2673 11638 2810 8945 13610 16522
9341 7917 10096 13348 6894 8655 7671 2724 13389 16161 15525 6145 16803 1661 6131 12525 7146 18717 16216 7347 16909 4870 16297 7672 19732 689
9592 664 9223 16490 17975 2886 19931 7747 1747 19242 15641 18681 6581 9810 17335 8977 3802 7485 2482 8957 17468 2233 13259 19609 324 1259
7796 14236 5757 959 19119 13211 13529 17879 96 7184 6684 4168 19408 19769 15692 5806 19841 9212 15159 8138 769 11070 5330 16990 7496 14170
12163 7204 6561 3028 9387 6228 11574 11595 5494 9296 10973 1598 1219 19477 15791 3694 18748 12857 13311 16457 3531 5868 2686 2053 12021 396
967 12216 3872 1361 11144 16718 19497 448 11460 17607 18011 7706 10640 1637 13396 11739 13884 15835 1163 5276 2370 90 8942 9819 13938 15817
17920 3736 10549 18034 4428 7230 11419 1669 12375 11395 8415 12238 3292 3649 3812 14731 12773 8920 14244 2650 19684 6932 7354 7134 8817 493
4851 3303 17781 2665 18970 794 12138 6006 11265 4433 3374 8972 7319 11486 7415 8216 9072 4433 7136 13514 15128 11007 8185 7619 1758 1860
3783 7876 14521 3009 16933 8197 19101 11742 851 19918 9875 17651 18539 2900 6328 7621 14172 19442 6931 1520 10673 2003 2429 16538 8234 8879
12775 7662 12122 2993 17407 10568 17737 13207 1823 17003 2794 9955 10533 8493 16491 19988 17565 6413 19746 7971 898 2565 12349 3346 11921 12270
6506 6065 2061 11812 18066 15398 15582 9989 11720 5610 8562 18272 11539 20 16312 13136 14308 864 5637 13903 2830 7393 19365 17477 6147 1832
17712 12850 9112 6081 3990 5934 19190 5171 18274 3301 13750 12478 3601 2395 8749 944 13725 8056 13747 7371 6981 917 12151 15893 19864 16552
3697 5297 3126 2555 19882 5460 14028 455 9705 6822 11637 5211 1069 1548 15036 12400 16116 15902 19172 12080 2543 16747 10145 8279 14594 3859
1433 12955 121 11697 8159 11217 7498 10006 17759 14023 11767 15140 2821 15967 10893 11922 19344 10300 18459 15881 13684 18863 10545 10603 1237 3843
867 4292 19731 14117 4871 14508 6341 8664 5274 12427 18202 18624 19821 5952 5453 5580 17385 9085 2191 8640 9791 17148 1309 19891 10433 13252
10116 1096 10054 10814 9152 3098 8763 14155 2879 14790 7171 1691 17151 14530 15658 9657 10817 14857 15214 8031 11800 16794 3628 9502 4345 15910
15296 5616 10666 4848 1287 1538 18174 3481 15419 2347 2808 13990 13337 17496 9548 5831 5738 14008 16135 2459 6161 10500 7936 13390 4885 19443
8541 6072 8613 2371 15459 7023 7245 6589 16390 17327 5795 5640 10895 6658 6722 10033 4089 14810 15577 8709 13034 4945 4201 19205 5626 17772
4654 18084 5249 17873 7779 9218 5406 269 13478 11357 14549 10750 18547 8507 9221 6522 6673 12088 4619 10753 12170 13787 4295 16102 10687 1493
6786 8225 7129 12476 19955 12499 14959 17807 18639 6700 13127 4623 18750 19382 14521 10866 13670 18963 11295 18417 4249 5281 19316 10259 14400 7729
18408 13167 9997 152 10612 12918 14326 14601 9582 6633 14749 16164 5633 14353 5792 18353 15588 13741 1044 3551 2618 8630 18354 38 1507 3083
9480 16972 17385 19253 8941 17558 19865 11604 5827 10749 10983 10178 3278 13208 10932 15920 7598 1395 13547 15384 17878 4567 4861 13477 11689 17815
7566 8795 19492 18881 13868 2744 14189 9375 17508 8305 10139 10099 11952 8125 12010 14326 14688 12405 5751 12113 4951 17081 2072 12032 7807 7726
951 910 15613 2950 13241 4614 7443 11971 16026 375 17636 14695 6706 19387 2237 9946 13496 16419 10883 15218 8923 10448 19121 14973 14400 1690
18366 11462 12374 17369 1215 15452 4595 12237 16769 15403 10381 6713 3782 1242 15035 9695 8557 4583 19913 13045 15339 17849 14583 6527 7455 13425
19449 4305 3237 3939 7162 4038 5190 12386 9761 4799 14200 7061 15918 12114 15962 4601 13535 4395 19914 18724 12499 11805 2219 28 2047 9838
11315 5189 10313 16918 9937 18441 9587 6730 3620 8119 13726 7762 15057 12616 11969 4505 9249 2343 16162 1045 15013 5230 16361 7819 9235 6928
7661 8505 17438 19258 17703 805 14741 7005 8179 18123 18960 2404 291 4681 6412 573 5692 17575 18796 1214 9127 5392 11877 3389 3033 9432
5482 3510 2894 3156 10731 18340 3206 4390 12423 10556 541 12871 17828 646 15412 19632 2078 5662 11316 17717 10337 15558 144 15657 15249 18553
16589 13374 3866 5201 19196 10003 11995 1194 304 10010 16056 12982 12565 8496 4996 9850 8333 871 19039 3616 5804 5367 1514 737 10560 14550
7886 14958 18423 4361 4247 14545 19279 11926 11078 15347 9822 2600 15524 11830 15252 1888 13372 15320 1249 6716 10377 2150 9905 10812 18788 8483
8124 6253 18967 4545 16791 7928 11370 5305 2647 11636 16283 11512 11106 19130 16367 13812 7279 1466 12530 5826 18128 1284 14936 17820 5515 2853
8504 8625 5934 1024 2572 3907 16633 14217 14124 13944 5201 2356 10099 15626 2540 413 18052 5619 13528 9099 7336 11452 2320 14479 10819 15898
6804 17795 12063 4370 3510 2304 13188 18528 5645 8874 13872 6877 8197 6902 3206 12926 7881 11791 9116 19030 19750 18842 15417 13591 11279 17522
13011 2774 17547 6047 2421 4729 11045 1330 4127 14115 15144 4141 19224 11645 3612 11400 6341 6740 16676 1269 8781 6462 7132 18685 10790 18913
18929 15862 6168 18029 12836 10325 821 18347 18247 10367 11327 17510 12795 9486 10095 18249 9752 2550 16840 4507 4415 19151 9597 6856 9584 10314
11612 13578 19747 2416 19707 14479 18238 10404 8102 2093 13104 7230 14660 19553 5659 17156 8558 13400 11386 9517 12759 9679 17659 7248 10977 17072
11984 19887 8935 6277 3544 4298 18173 5630 6679 18333 4925 8994 3158 5981 1130 1834 7063 9186 18246 10916 13832 164 10693 7289 7752 19328
6526 4941 10383 12648 10022 12091 11725 14222 14377 12970 12434 8119 12148 7322 4957 5912 2926 15237 5101 6068 14632 2759 8963 675 2043 10911
28 19402 11697 1435 6278 19349 1749 2536 9863 5453 9995 15892 525 11319 12662 10856 2961 19087 13471 4631 4285 15682 10550 14898 2413 7799
9502 8356 5428 12636 1462 19198 16299 15316 16808 9551 1184 5934 58 12010 15784 16024 5774 19239 15242 11940 5792 380 9546 9582 19511 13504
14203 14742 9128 11508 16068 15622 1511 19851 1243 11675 14882 1735 4099 2462 2559 14211 18000 7271 6646 17652 13228 2982 5452 3989 5339 6398
11293 4490 14493 6754 11364 1490 2597 13657 11470 782 7661 12778 17045 2078 12167 19486 5968 18789 12255 1115 8222 17821 2384 2104 3932 12923
14612 7335 16579 17160 2867 5778 9698 11007 12141 10579 11798 4542 9309 8592 14887 19531 6 5282 10323 13746 14774 15420 1232 16418 15567 1940
8527 5684 10440 1777 1323 19443 9653 10325 10843 5430 7958 1684 10096 12878 16834 8172 3768 15217 3217 18936 15353 2450 6237 16542 15296 4746
17808 10933 2948 14625 10582 16037 19541 17781 2874 5435 4642 14553 17971 14661 5907 8917 14638 9406 10591 2924 11149 9123 11560 2858 6772 16909
7682 5595 16002 9266 9182 12744 10789 17171 15649 5674 3333 9693 2132 19576 19824 17928 6160 19566 828 14381 15921 8051 12171 19433 15346 15883
10794 10526 2205 431 18388 6673 2346 9281 3165 12152 1255 92 13750 14690 14518 17241 15613 15225 3782 10817 19864 2950 15647 19510 7132 3181
12029 653 8037 7799 1478 11434 5827 16992 19705 17261 4371 13027 8511 9261 18447 3821 1004 1310 18775 3588 4827 1249 10726 5873 18895 13171
15572 18814 856 15619 1678 2089 297 4225 9340 15878 18064 17667 13507 11698 19923 12995 13377 6065 11156 7013 9505 2535 7448 12610 2438 11285
9782 12074 18860 18048 16772 19853 6326 15825 4302 14513 1780 12567 1516 14454 18279 5594 14688 115 17720 8067 7878 11898 4073 4679 850 18065
13218 14285 18245 5573 13537 15568 6563 4726 11792 19684 16614 271 2713 17701 12106 15369 2436 17211 2833 13998 5275 3123 12035 277 8224 8584
1978 19698 1490 20000 4148 6298 5684 9776 13099 576 5195 19020 14236 7364 2195 9270 19018 10969 11178 4834 18613 17194 7926 3682 5848 1689
14538 8010 17818 16037 11002 11299 8277 13523 5070 9855 18407 9150 6835 1297 9862 863 5805 13777 2492 8392 7298 13603 1583 1804 5331 13516
5384 697 16117 18050 6683 19140 3132 12073 3763 9607 13167 19114 18241 5356 6520 8146 10470 9595 2978 11105 19226 11723 17760 4903 13898 15939
12737 14336 14793 6926 3812 13810 8074 5394 8029 11909 6928 10287 8001 19722 14155 19052 9725 9819 4169 10382 19457 9208 10413 14232 2328 17644
15426 16725 1579 1930 12932 11923 17621 2122 6871 2954 2899 8127 15375 19075 3583 17764 16455 13867 6958 6016 16921 13366 1456 19043 13425 4472
13832 2145 3716 9341 12489 15920 4690 2699 415 19036 8008 8155 13105 12872 13592 15783 370 2974 5515 10999 3426 8009 11983 8202 17348 4853
9641 10697 579 15789 4716 2758 12442 10627 16036 13630 4318 4509 8865 3361 18610 9705 10954 9806 15493 17014 3086 9512 6463 15541 14613 14743
629 19946 10334 14109 15856 10294 3859 1294 18994 18973 13425 18714 2617 143 15029 4397 12877 4690 2368 19225 9333 19277 14877 13434 2717 3857
3172 18281 15938 3832 15412 18152 16660 9195 1380 10031 2200 6477 1959 17118 13784 14940 11753 1225 17119 8774 17529 2360 15107 17168 10128 551
10049 4931 3398 19795 6170 18488 1764 824 7573 841 4552 4223 13720 16235 14982 338 2426 2358 100 7756 12771 9994 18692 5120 996 17839
17953 990 14740 9104 435 4600 19787 8383 6492 7663 18179 2284 4171 1619 18846 19578 15861 7123 4843 14951 13043 15744 16778 18989 7550 4261
18302 14887 13961 13032 12946 16188 3722 10120 18969 11528 1830 2690 4692 9456 8985 17320 4724 12949 6306 10810 15667 13413 15926 5314 17482 10114
6702 8206 10094 4224 14963 19755 16674 9586 14855 8861 15221 1576 19582 7951 7801 13908 7066 4901 16180 3577 16344 3540 16912 6956 215 1717
12046 820 4518 4421 9440 7712 2882 3546 10304 18538 2893 9197 9062 8568 4281 16859 6610 14414 14153 7079 9813 4725 9788 7671 12305 5654
6112 6924 16969 17771 1446 506 6570 15581 16596 11737 16015 19370 11063 8194 5119 13085 12299 12432 13815 12840 15965 1366 4158 18408 17303 15563
14251 13398 16687 11799 19677 10487 9452 9666 13218 1960 3670 18673 14882 2103 12826 12316 15355 16235 17647 6672 9858 4268 13221 15718 12065 14687
3670 18377 15203 16031 14913 17177 8143 7072 10207 14139 11627 2697 16384 3625 8485 2868 9814 554 14520 4266 12768 7977 9621 9276 17888 17494
18673 13286 8834 10324 3413 14428 5730 19427 1255 6116 14118 979 19056 13486 11068 1243 1981 2579 11889 11689 18347 13258 10544 5233 15486 15620
17997 1461 3774 4524 4303 10673 15768 18106 10079 3981 9460 14963 3536 19678 17490 13448 17815 10218 770 14633 12802 12056 952 13323 8908 8827
2491 10857 15437 9671 2988 840 16048 1513 13664 15429 17015 4485 13862 19668 14740 2948 4813 14174 8065 3050 5711 3837 4456 7648 7729 9897
5669 6598 7789 4749 10033 11101 12844 2121 5082 4976 15868 8412 2300 16256 12466 16724 2426 17806 11835 13856 1621 6420 19255 1419 14870 3245
4853 12217 13055 8338 5219 16196 5459 1244 1666 6240 3859 18711 3702 11822 4277 11082 9211 15723 3070 5331 6223 11872 13237 2516 3580 8862
19776 10767 17792 13666 11935 15982 17364 7779 2240 7488 5328 11328 7094 14500 8032 14932 17975 2844 14739 14946 9551 18057 10911 8675 10335 19865
2896 14239 6653 2055 15865 568 7166 3069 2040 1562 15235 10901 15123 11960 287 18674 13380 1130 6232 18032 5776 6556 5340 359 9153 2628
11344 19422 8846 9531 19 11887 19424 1978 15031 15529 981 4634 9517 558 1213 13924 4900 8143 18379 12572 11753 10443 16696 18450 17019 5022
13274 8063 7226 10110 16549 13439 10655 13575 10086 9141 18096 5234 7370 12427 1255 18153 8327 3037 3532 18296 2676 18124 19905 2474 12897 419
1162 18167 14464 4504 18991 7950 2331 10470 4841 18756 14589 13327 15964 9261 2307 947 19529 807 10025 3249 11047 17323 2063 3070 10286 881
11906 7063 5749 19427 14964 11104 16701 401 12236 5508 14838 2940 4751 6585 17768 17248 2275 15980 2264 2721 6050 9755 16204 16607 10289 7977
19675 14356 7047 8703 729 316 8766 13684 5823 3896 15157 11402 11101 13905 4797 9078 11618 16050 15367 4104 2648 3282 13520 7667 4849 16508
10595 15038 14380 7763 11434 12263 14610 5009 885 8387 15649 5645 5452 7756 2853 17894 8889 12774 3077 8801 14105 13661 11597 19408 10696 7412
17516 2867 2169 1773 11090 19566 4714 12822 3291 7552 7571 17187 17481 19003 4125 9754 15713 9358 8566 19206 6517 9678 10583 3680 18348 10447
17584 15898 6558 2775 6369 16406 19775 8661 18642 9071 16698 12139 19206 13856 14770 2913 13125 18257 6216 6726 3563 15281 2108 19220 3401 14487
9669 2784 2309 8854 19786 10284 1781 12235 12343 603 17227 15345 2747 4820 19020 2847 6039 5968 4858 19221 11716 9555 718 7388 10942 4193
13528 13021 894 436 19077 16752 3423 18725 8095 12326 18675 6193 32 3546 6112 5943 15776 17761 15567 10324 16506 1506 17944 3494 10401 15177
9365 17499 8548 10083 3992 1863 4579 18385 4804 5119 15240 6136 8459 12183 14602 16935 3928 18085 6505 17261 8270 5342 11752 17262 14801 556
8558 4276 17456 4894 9944 17229 2083 9387 15341 17560 1397 9208 1599 12104 3089 2287 16911 9586 5806 7728 11750 5864 9335 8800 13653 17178
14129 1610 2467 8525 4965 4623 7898 2343 8807 16807 17019 9710 3645 5905 7559 7528 7455 11843 6451 19681 4769 670 13893 11712 516 309
19205 9436 5772 13876 7949 10021 4393 4201 7862 7946 7340 6606 13806 694 8507 6873 5471 3589 14 984 19581 11677 19938 14696 12972 2183
10921 8833 8887 8301 10576 6263 985 4050 7584 19580 5049 11626 9989 6050 18915 13671 10728 18788 7301 2623 16687 10183 17584 11806 12623 13456
12021 4531 8207 16666 5135 10094 16328 87 8768 682 7201 8562 6735 15978 10535 12983 11811 15583 18161 10792 18114 5497 19849 16786 15462 12566
10945 18673 3455 4271 3298 866 9819 12515 14516 18909 17815 7493 1822 15285 15491 6979 15157 13154 4549 7981 6966 15894 12027 18718 8083 5159
15472 15165 7848 7091 11819 19877 9302 15766 16788 4405 13007 8199 7997 6263 17678 19442 5816 1969 12190 17005 10824 8100 17334 8817 10361 14863
3763 2517 19122 2037 11443 671 4891 1413 611 7162 2872 10781 431 1104 5044 14909 745 7420 18277 7103 18002 13669 12776 10668 17845 1334
12962 16798 2630 8396 11618 4726 8965 14785 12109 4639 5914 11859 8057 13882 5411 3456 10758 18958 169 15842 16875 19211 12864 11005 15938 16513
2888 2734 8203 3918 278 13699 1967 15489 2590 18248 3894 11632 2645 18904 14128 9192 6909 9595 5098 4804 11310 13009 6382 19678 19729 7075
59 16823 4903 15636 6316 5723 10834 7853 12890 13000 6919 7621 19651 9702 13595 12757 3527 6071 19406 14589 214 17313 19060 17606 4507 16481
6770 19325 2011 9816 18318 13800 18711 2331 19973 10371 19997 8683 1570 471 12336 1311 874 11830 10683 2347 18754 15300 19834 2877 3094 16327
12036 6601 17854 10548 9816 15593 8157 14551 445 1440 5968 11719 4668 4738 873 15558 648 8986 10248 1368 18956 12007 19512 14512 15214 10728
4496 2997 3829 13688 7568 16042 16722 15637 5502 13648 9258 4293 9426 17058 18989 9276 19761 19641 19528 2737 773 15094 6847 10418 11532 11795
8753 2198 6991 3542 9038 6429 10809 5927 6790 3014 12420 12752 12803 18515 2930 4767 19596 804 2230 10125 19210 11635 12444 18498 7590 18516
15151 16581 1021 12487 17462 19098 8641 15115 2701 10537 2490 5038 19677 4823 17799 17603 1128 6335 10526 5694 17575 13402 372 3122 704 17352
11249 1859 8072 15456 4039 18149 11401 19209 7229 780 5623 7906 17772 3675 2522 13388 2028 12724 11467 9782 5461 16412 18631 6325 17461 15598
4513 2464 4842 9666 12318 5380 16231 5497 3556 13330 6641 12026 16217 6174 1341 4057 8275 8711 8997 11696 16652 6412 6187 2038 13193 5161
10628 7027 4494 18079 18701 8743 7960 9963 1153 3792 2073 10343 14535 2090 8783 18237 16690 13405 15219 10317 15740 1502 12277 7339 10595 15454
756 15613 5577 17911 8511 11561 18329 19991 10583 19700 16960 19894 10067 3537 3322 1221 19062 12 980 8016 14484 6019 9326 18312 19318 16066
4509 4951 14564 17771 9767 4413 13015 19488 15822 5459 13054 1795 9093 11465 15718 5609 19719 13571 1565 17799 17903 13231 1844 1601 10022 16546
8856 18834 2560 8509 14725 18383 4665 10406 7166 81 17990 740 5258 19182 7698 7414 10495 19955 9714 17323 5392 7616 7845 7993 1235 12463
19893 609 13059 4675 9684 18832 10694 12101 13358 11172 14257 3424 18594 8432 16031 16119 4521 5007 19191 7901 5593 6169 7073 12224 5799 1253
930 6369 10064 2595 11069 16107 3181 16954 10099 19808 5 6965 19280 7779 10796 13369 19863 8633 8668 17849 6293 11994 19364 19411 18435 2993
5227 9995 15947 19466 9238 10813 11314 11937 9657 16861 6170 16916 14855 6781 19888 4358 5384 13831 12573 382 15616 19302 17187 2999 5534 13519
5952 10882 17181 4643 15687 19385 13922 10658 1540 6736 17659 17499 664 17667 15672 15258 7112 5747 12930 8797 5348 6515 10330 14142 17344 14182
11394 7299 16658 7902 4390 16215 19543 10170 955 915 1352 14928 4366 13416 3196 8179 16484 14661 18378 3303 5338 18849 11787 12735 18142 12760
18106 11049 12237 13308 11775 13202 10975 17174 8436 4133 9604 8647 18377 10597 12633 17214 17353 6303 6442 6427 14463 17231 1209 15931 2247 15381
17326 1925 5375 6745 6728 19352 1354 7306 2459 15635 6889 17233 15950 8060 7441 18546 16671 2981 13650 14998 8168 1860 18929 6889 5869 15481
14396 3493 18660 6342 643 3492 17504 19669 5205 18477 10411 11246 8954 759 14031 5844 16451 19548 14088 3603 8029 16982 16626 8978 10699 10439
28 5999 429 481 12152 6537 9152 19247 4184 9678 14443 2034 659 10130 14767 18100 3106 10127 10668 17167 15067 2298 17849 12632 13459 1695
12783 1536 3770 8387 7050 16434 482 12076 762 2188 19024 2824 2131 17210 399 3459 9905 9481 3286 18903 1452 14611 16957 5270 14958 11981
8486 9071 15015 8347 13878 17817 17852 9074 3964 3145 6544 17940 14149 1163 15160 11415 3322 11945 8578 7955 5976 5610 14188 16177 9556 18826
3673 8778 13081 15200 5719 13615 6480 8447 15885 12813 12897 18904 13579 15226 9349 19890 12166 2397 10621 9740 4286 18598 18662 19074 18126 18966
10555 16572 10451 11422 4329 6732 15748 15774 4959 256 17532 16771 3768 1482 15275 14763 1964 19143 8273 15399 14061 13938 156 10841 1040 14897
11212 9495 7136 19797 12458 5499 3063 7662 1147 10723 6550 18930 16499 10622 13666 18324 191 919 14484 634 2973 16564 2003 12492 1094 8553
15525 3579 7326 13107 2329 3633 8767 7799 9401 1919 10270 4522 6068 993 10732 18102 6611 13519 449 7863 5488 7961 7183 511 3173 5422
18690 15655 6392 14903 4961 1298 11871 7266 11533 9055 19281 16583 6278 17057 8003 10437 391 19126 1702 15658 11624 1856 4678 3108 18406 5293
10459 9374 14770 11751 5165 10832 4347 18390 8887 7222 10654 19868 8575 14782 16719 6231 18178 11714 13255 11237 17648 3635 11195 14624 11975 12629
12999 18288 19354 9856 19496 15619 12127 3255 19342 2579 12013 14908 7307 7141 6595 6752 2847 8301 5697 19240 7618 16367 8776 8060 216 1987
10780 10100 9936 8931 19281 19968 6288 2227 16758 11799 7268 12998 5935 7896 3475 8649 19838 13861 8167 11809 14946 14031 19369 10343 10126 17195
532 2559 15692 8951 6636 18444 18841 13662 14597 10622 7116 11149 10769 17601 8082 4770 2102 521 18811 9974 17975 18186 3771 12272 3859 7695
14595 2222 10980 9213 7487 7935 2939 10258 15314 4896 11708 7750 15822 3436 13581 12905 13844 6228 19476 3011 13201 17855 12232 10548 12224 444
2809 15285 12703 7783 10395 5519 8082 11888 15016 4042 3079 5335 7885 7709 8888 1155 3629 19310 14405 18840 3617 2088 17011 4678 4782 4803
4457 4632 7050 4081 6871 8157 11970 17702 3682 19659 15194 17006 5977 3048 13759 14477 3448 19955 18595 10445 17789 17286 14800 7462 13415 19161
7385 10519 4944 652 8462 13870 7588 2457 10807 17302 12486 9166 8934 584 18628 6492 18913 9975 312 17669 3381 12125 6062 1227 24 17323
10406 12242 18991 977 2703 18207 8132 6964 7414 15988 10304 14573 8142 8264 15701 19166 19082 11224 7320 13964 17292 439 5427 13699 6584 792
8356 12098 1042 12688 16522 16454 13125 8708 2148 4434 9328 11780 14234 11379 15470 6340 9003 3747 9803 17863 10161 6887 9847 707 3906 17451
10007 13287 12169 9868 3337 14064 18526 12394 5979 15182 12759 16545 7849 7495 1340 10477 18794 12174 9597 900 964 1773 7945 6914 11958 16789
9134 3653 166 17832 17449 249 19945 12637 11906 13610 1210 16045 5661 4705 17303 6228 11957 16656 18066 16738 17287 19857 11576 2469 7897 18784
14786 11141 2731 11116 18002 10958 3139 15047 7529 2822 11571 34 7883 10938 11201 10704 3077 2931 10164 11862 19003 7486 18194 7698 10762 4200
9529 9453 16975 12644 16113 4862 1489 4283 8119 15700 3702 15438 3157 17166 6770 1634 1556 3549 3656 378 3198 16224 19419 9968 7342 7299
9497 1977 376 4735 3611 17657 8453 8711 13954 10140 14188 16392 1343 19688 8274 13137 11621 7481 2833 10059 12869 13103 19257 13615 2434 11727
1390 8985 7033 6651 9513 18423 19446 18401 15270 15283 9212 16034 6518 15031 1938 3501 15141 12234 7329 15338 6743 12530 9460 1528 17569 11039
8089 13124 7201 8181 15973 8219 7697 7852 10074 8582 2018 13503 10607 9401 636 16222 15717 19973 19887 5959 6632 724 2419 5777 4267 1642
15256 1615 11921 18404 17793 14301 18667 8789 12631 3504 14998 1991 4019 5116 8897 9123 4504 5461 3555 10089 16399 162 19793 15923 10719 722
14737 3066 2504 16227 4582 13007 11296 14889 6408 1682 17485 2366 1301 11489 7283 3447 16388 10838 8407 13884 3430 6488 5908 15242 12090 10168
4388 8680 812 4387 17404 10781 17653 12913 5286 19997 2046 9239 16057 19188 19391 8808 18057 17134 19242 12181 4804 17601 14118 5131 19783 11855
16835 18776 11456 12680 945 1737 19064 13618 4201 4282 8470 11195 13666 17802 10809 9276 9424 13529 4954 18903 8779 18818 257 12660 9547 16676
12074 6516 16935 4961 3116 3718 18057 6310 3879 19729 9417 2890 10149 18738 10825 14462 15086 3185 4676 4544 11111 13922 11127 4321 5318 237
7054 10845 19143 3146 9873 8864 8143 4310 13525 16745 10884 12263 3456 3818 14450 11698 6236 15419 13177 10767 13563 71 5200 12130 16004 4406
7097 7202 13362 10678 2098 12474 15433 4360 14047 16325 2468 4574 18822 2941 2144 19393 3169 764 6465 17186 5891 10256 15538 16154 16535 19976
10815 13382 17104 19076 11904 7869 18343 14435 16134 4605 14356 5132 3603 8795 16764 15847 17764 12192 6994 6894 17364 3630 3942 12711 2051 13716
17735 15770 18830 19008 5770 16377 8827 4497 12893 8450 12290 2117 14370 10064 10980 17326 7846 7002 10876 8882 4878 7616 13227 18479 18839 5976
17813 19638 5251 13533 8718 15649 13530 9664 14361 1071 9978 6310 4577 17805 17699 9305 277 19273 807 3268 2846 7306 16706 2679 14417 6374
1859 4106 13166 2870 4834 12655 14314 7040 1940 1951 17019 18409 7600 6051 18392 594 11406 3970 11438 12590 9505 15144 742 18768 6726 244
8838 6525 8349 13125 16336 13338 17588 10519 15439 12617 19097 18562 16713 6672 9617 10646 3564 19530 11457 13839 10352 1500 11982 935 14043 18620
10603 4187 19082 3423 8230 13061 3163 7263 18616 18508 7287 9420 16134 16310 9669 19876 7596 8346 10770 25 13112 9105 8274 7549 4743 10151
15804 13677 8465 9754 746 4017 7088 2078 1095 2613 10419 13740 7821 10455 2302 5969 6106 16806 1699 13194 7836 10434 1008 17327 4543 6952
6457 18391 11065 5222 1580 14461 7703 293 6011 13586 4489 711 19721 5724 11769 16730 14411 1164 279 11211 6550 13071 6935 1372 2626 3681
7272 18711 16754 8406 15246 9182 7224 7704 18545 18096 15503 14569 3650 6374 6544 2949 1529 10646 17989 17760 7622 6538 19313 12029 17909 18631
13266 11658 4456 1996 17618 6094 6941 18829 4872 13817 11782 5036 9620 9794 13632 13513 13084 12495 5015 3777 5739 13348 9535 9842 17133 9881
18655 3277 12818 9732 7681 5172 17897 914 13256 2997 19969 2403 8626 6455 3366 17241 4398 4564 4042 3607 10840 344 19622 1082 6523 15098
17957 2145 7357 12306 17232 164 10598 11807 11632 9660 15707 14858 17632 5442 17449 11358 8939 5254 6792 2614 11426 1615 17154 5193 14552 7707
17964 12295 10503 15307 19246 4779 18188 12579 19232 720 5175 19074 2223 16773 6544 6136 82 2455 14203 12180 3845 15256 7142 10698 11521 14184
19327 7886 7130 6772 14999 10761 5942 18233 7098 18284 19539 3213 6547 19441 9526 14761 8651 15527 16055 9894 6452 3068 19554 13412 8455 12186
14572 3643 10029 12331 3972 11524 12148 16202 17927 13649 2068 2394 5214 8006 15432 3794 10677 10125 13185 14363 6743 19610 11292 16222 6320 11149
15469 4747 16159 15367 8374 3424 7544 19720 3693 14039 3722 8132 16241 19261 18694 6139 13201 7392 8865 17449 13412 4193 17880 979 1985 16293
14672 4674 17586 14377 12975 6195 2294 15133 10053 9964 8223 5498 13391 7800 6789 5069 14761 10092 3355 2410 4391 19770 17298 10535 9472 11746
11086 19695 501 3585 11718 8486 2273 7590 15231 6155 7128 708 3456 12184 7597 10373 16818 10223 10530 8212 16174 7657 19372 3540 11104 16669
6299 3784 15012 3104 15876 5595 14631 5915 4770 1595 15275 18779 7442 18727 5409 5544 4683 3196 8515 19440 3299 11050 11288 13558 11564 6675
4984 1424 8940 4397 12556 7930 15302 5046 110 17918 14144 2702 9621 6970 16944 7058 4952 4921 4864 6253 4852 8167 12820 99 10795 18293
11370 4882 18655 11657 3028 9559 7446 17227 1501 13241 1054 5879 11374 15278 769 13272 16804 2324 5441 16498 19555 10283 7878 7878 18750 19261
8736 17900 18728 4782 12922 13250 6354 1183 1572 5824 4919 12015 13395 8742 2588 3006 18929 4676 7924 9788 9403 16433 16332 9816 15136 1995
7290 10279 3143 14723 19516 3810 16340 1647 593 15678 16897 6486 9656 9131 10525 16536 9815 8943 6005 18866 4917 19954 18343 4890 7997 19535
6874 1138 13738 10677 4183 9366 10700 14426 4822 14621 7159 2429 17745 11693 5850 6245 11216 1946 1096 7030 10477 18561 2279 14637 7269 4176
10306 21 13969 3694 16165 7184 14601 14325 19891 8759 7616 10701 6765 15749 13181 10216 4442 12725 1220 2229 17110 19908 3131 11608 9080 3792
8050 19347 172 14347 14234 6430 14891 2351 13051 10885 15705 4927 19687 17877 3431 9955 7502 15050 852 6252 1494 11445 8399 14515 8317 3647
16350 15854 5704 9824 15040 3724 2003 5343 4218 11406 12226 15298 6009 1301 16681 11175 19522 3940 1995 10528 5869 4611 7276 3314 3801 4205
17840 19096 3785 14261 16568 11827 818 18881 6260 5358 924 2275 1014 3592 7587 11831 1714 5990 14034 10453 4454 1563 11273 8598 9343 8713
17832 10444 18555 4838 18622 11383 17423 9236 6615 15224 6929 17116 10575 11166 18900 1325 7502 2478 19645 17615 15563 8824 3377 10016 18973 6826
6227 5208 1622 10994 1412 14315 13100 1509 14414 1534 17028 3177 3584 5332 8855 18488 18495 18381 3484 10094 18533 1209 9069 17113 19722 17628
14271 16736 2135 9905 19772 17379 19587 18807 19586 4106 16601 17142 8754 19677 10355 12094 12784 7465 11311 3537 19247 16048 14752 18302 4950 19335
9230 4355 15830 14417 5598 8689 16483 15984 17188 478 2151 12564 11158 414 15683 15617 18469 16285 4179 16537 13314 16727 9234 19675 3533 2342
10267 3249 18731 4116 13050 5199 13016 2428 12116 12445 18276 10216 17924 11615 6254 13411 7370 13333 12272 18371 13444 15112 7491 13557 4226 15804
16192 14348 15460 5421 12999 7425 9182 7540 18191 11489 10141 18617 3836 9556 5578 11358 11610 19578 590 3731 12267 13688 19402 3727 7506 14329
3387 16550 13939 7627 135 701 16952 11686 8835 16902 15410 12966 10863 14458 629 6693 14017 19483 13546 4324 971 13853 6331 6282 7205 7846
14567 11579 4251 17974 9280 9000 18606 14973 6449 11136 14501 1632 18141 130 19820 10611 19386 1563 10963 4672 17918 6733 11500 7655 11283 8225
16297 17376 18397 19130 15585 13750 858 9696 12244 19537 7196 1121 8605 12995 8049 16922 4983 17246 14694 8003 3868 9825 16052 10680 13036 14557
10928 12123 2206 12194 14750 12341 534 2754 1959 8474 11736 15561 16939 3747 2267 16819 66 42 19886 2693 16230 11736 12185 9810 5265 19273
13657 13792 8268 10536 19109 4362 8693 8929 18539 9012 1395 586 5872 12504 74 1648 1916 3590 19221 5657 4115 11565 6656 9373 3730 14375
14361 11858 5163 16263 18963 2782 1338 14882 5653 104 16862 19627 13388 4177 9372 15164 7778 18906 14961 2947 5431 8483 99 1351 2199 14519
11768 13947 16635 7930 19087 5046 8796 14278 6923 14432 14121 17137 4151 2689 15252 9684 10590 1718 8574 10127 19239 17892 10368 16442 3439 830
2373 556 11757 8823 8797 8480 3545 12634 19487 4454 18983 1725 11014 8619 12404 14515 600 15066 7691 8588 3649 14424 9129 10112 8011 1402
2413 6855 10492 9505 5288 9534 12769 4732 4493 3908 2912 9240 14541 13791 2834 20 9005 12891 15050 9268 2483 7683 3975 14635 13204 4266
18375 8806 16664 8960 7199 3513 18923 5570 19643 3669 5834 6987 9400 8903 15135 13454 16273 1849 1081 15593 13706 705 11527 15300 1611 11184
15078 14696 10540 239 17418 12315 3938 4390 9113 6493 13788 9868 18146 17641 7501 12655 13246 6654 16904 15067 5565 4838 11230 2309 7568 2926
10896 19651 4091 8464 15548 1387 17461 16525 15886 13559 3851 531 14652 370 9155 14107 1124 14211 9784 2421 8830 11228 613 16097 10491 18871
7118 6608 14352 3048 2498 1333 2815 15922 19602 15678 9805 3844 9045 9468 5489 3418 13822 12010 19317 5691 13852 8662 10610 12363 18246 9158
1043 12408 969 15878 13418 3471 16893 17699 14153 11229 18077 3339 11499 18199 19849 2139 11513 14951 13498 15985 387 9420 12016 2417 545 8794
16067 5283 9084 12650 16599 8840 1620 14300 10281 19034 18024 3283 12089 18956 6917 12516 17462 11441 10917 6459 341 12143 13774 9897 17892 10139
5042 15009 14768 15140 14574 8380 2689 14361 2911 8591 12854 7148 9030 10956 17618 18796 16517 9288 14619 1248 11914 18577 3592 11442 7265 13326
3293 16438 9028 10575 4198 3263 4961 857 1347 8492 3938 5999 3626 2054 11575 19143 11772 5461 10540 11525 6323 13588 761 7123 10438 1622
13374 2760 16616 14486 9118 14153 18293 14920 16356 15634 10763 8830 5523 10353 13153 4023 15035 4243 410 8329 6971 8214 17024 11365 13777 6880
3850 4119 17646 2333 8292 3318 16638 7022 10627 16627 19032 17466 6441 6545 18307 1269 12718 8176 6541 9770 3129 19014 9828 416 19489 2534
955 7800 13412 19016 5640 367 3368 15057 14725 3087 15041 13080 18865 9449 4501 524 2170 18587 13027 16199 19162 1557 11888 1656 1845 15154
10600 9300 11638 13375 9298 8954 6296 7100 13904 8774 3351 13646 14813 6297 7445 7227 7536 405 1064 2208 14118 1852 4368 2936 1509 2115
16656 10019 151 9706 3801 14733 6304 13670 3197 2066 5879 6906 4156 6223 17400 5544 11360 5037 16064 12771 16853 17554 18776 4989 2275 6322
5149 15579 15635 7620 9779 19802 5944 6036 17977 11098 4168 6513 18060 18921 16925 17269 4735 19391 11367 14706 1275 4617 9910 2452 1257 19248
19944 6648 17481 10302 16200 573 10100 18580 5969 14993 18201 16331 3087 2351 5949 2517 3325 10766 13978 5841 2400 8410 12935 9700 2650 13355
1683 1849 8915 4822 14726 6479 8030 6629 18497 10768 13422 16657 6331 6592 18339 6571 13501 6067 5292 5114 2108 2769 12491 5803 9675 19553
18975 14838 4789 11524 16493 12642 14480 15171 2178 9982 1103 16881 15762 19952 16889 14606 3977 803 4081 15215 6195 1120 13400 3895 2309 9006
19471 16664 3041 6929 19145 1414 4403 4843 13369 2347 5462 18939 7539 4479 19919 19282 13402 6013 493 8558 12958 16605 14611 1692 19869 10074
7548 6589 3957 15578 2086 11756 5836 17787 11147 15383 19341 19275 860 11436 426 14989 5954 16927 8371 6254 14019 10294 10034 8937 16797 9643
10121 5492 6355 246 7488 3769 7044 17167 7479 17818 14795 11620 4915 5552 18518 5612 10923 14932 4791 2050 19008 13970 17402 12826 14220 2080
19664 990 5740 14385 6990 15171 13500 7928 2259 15528 3411 17465 12022 1632 10697 12635 18573 12440 13354 13147 15193 18428 9831 12081 7471 9108
3874 19217 13726 15041 14753 9261 14343 672 3626 2343 5137 18475 844 14834 9859 7144 10592 19779 7610 3642 14007 15601 8631 14716 765 2857
13240 14504 3956 15591 4016 4160 8404 13693 19897 1162 13766 5144 13486 10645 14350 9659 5611 19379 6475 19281 12446 12382 15904 6117 763 11666
11949 2182 11165 19291 1587 11929 15091 13799 6509 5181 11948 8908 19886 17941 4732 19288 4949 6420 6267 12311 17080 19296 6014 16398 4059 5172
7471 398 13814 6274 1483 3473 8063 15075 9901 11200 17049 9973 4015 3694 18439 11950 19659 10431 5468 1007 18728 5046 13117 4539 7821 12407
10493 991 17376 14664 17094 19196 12849 15737 7277 15344 7725 5828 212 15612 19849 7567 371 9787 6585 16757 10563 9049 6082 5712 17958 14080
4150 10690 16352 14600 8518 19236 19392 14221 5973 7732 17376 15396 15700 6197 3094 3488 14917 3882 8686 15537 17097 5716 10586 4012 609 8155
3341 13984 4245 9465 14463 1571 15514 16652 5919 13815 4021 16286 13690 11785 8432 2378 17526 9012 13070 6429 11248 3854 5368 1086 8715 9698
18504 9711 5674 11920 359 12471 5724 13954 6344 17321 14354 8244 10542 13793 12134 1355 10811 11173 16401 11405 11241 15495 8692 8990 12153 6402
14765 18758 10288 19174 14862 18076 14537 16035 8099 15214 270 11643 8133 9426 15402 6990 15321 14622 12283 2304 11028 18119 19368 16862 11844 10142
10944 4592 5811 16550 7872 538 6207 15196 11120 1292 5194 10240 3859 4212 12835 9700 1918 7869 2267 3682 4986 17170 9859 11036 614 19710
775 4112 19690 9103 9454 17704 16261 10632 7791 13405 14376 5010 6815 2882 2910 2789 6416 17917 4860 111 12833 10813 2562 6316 7249 15066
13643 8558 2110 16141 2866 4590 9396 19581 9048 11488 7704 15787 1833 18585 10955 195 17867 11078 3473 17160 3268 14040 16001 16374 18532 14614
18280 14995 2216 13801 14758 19268 1560 3978 19576 7503 19200 15537 1757 5308 3949 16149 3039 9831 7173 16091 3762 6810 17843 18436 5522 928
8591 7170 17421 3980 13675 14255 16318 13270 15141 5694 15665 2137 3215 3824 15517 18794 5377 13959 19897 16077 17890 15157 7543 8761 5568 7695
4846 584 13101 15172 2827 19001 19580 4396 9936 13416 477 12840 1030 1908 7976 18720 399 12548 7958 14680 7771 14891 12745 7124 1760 17982
1204 17918 19183 7915 5815 18462 7391 18734 1233 6411 18601 11326 11918 11970 2415 16704 4522 2465 12510 12260 13400 14232 18960 5209 9389 7194
17082 19431 8149 18100 13306 6535 19890 13028 245 18865 2618 2128 9168 4651 6737 7337 470 9092 11322 4284 17514 7852 15573 14486 14352 18257
9324 6507 11756 2988 4700 11976 11703 15465 6711 15611 3645 11588 6012 7121 13879 11166 10408 3452 7422 12698 15442 7767 12395 1648 18170 8099
4413 14941 17349 18955 17664 19624 17395 12156 13605 17043 13281 18767 949 788 11077 6692 11969 12130 1464 14291 4303 2175 17526 6149 3752 5823
4747 12253 11598 7420 18118 10125 2784 10961 11418 1809 12896 17652 4186 4290 12299 14984 6986 2317 6387 15717 4105 4327 1103 7378 3476 8168
7714 13861 26 13822 19167 1480 4797 6274 13478 4045 5088 7467 14420 19238 3293 2532 14157 10733 2925 13604 3036 11280 14630 3405 16153 3477
9513 13097 6156 601 12858 16762 18999 7491 1415 7171 2833 6351 13575 14423 7047 9228 19750 17107 14216 2644 17917 484 6642 12103 6628 7918
15204 10092 7315 7081 9361 6825 9249 14531 4747 7680 13218 2453 14344 5019 3099 10204 8928 7751 10943 7910 13930 4299 19878 2776 15104 11066
1294 12739 4133 13441 14826 7130 911 16018 4699 646 11033 2625 11989 1914 16969 10651 12899 4192 11506 7727 10777 18396 11852 19948 569 8967
18562 14556 10963 15007 16724 16124 1149 10012 14693 3733 15646 3693 13390 9460 19869 13236 8214 6476 10093 7725 17273 13541 18474 3717 19915 16040
3217 8297 1418 8033 18284 1108 9550 15893 10186 19399 14447 16032 13237 1265 4151 14030 4743 11866 16119 14424 5652 3857 5004 4843 5865 4437
7067 17540 18179 1531 11203 5035 8631 5832 7153 13653 10723 2776 4736 4041 4290 5541 29 15046 15763 18196 3519 17703 338 4016 3781 6574
8045 7318 11054 7016 968 2119 18188 18201 14774 3800 3012 8029 1805 6551 8215 3827 17330 431 14182 4221 15978 607 14120 382 6331 10686
5313 18993 6864 7516 5653 3624 19571 195 17117 12844 8310 18471 17614 3580 15910 16067 14190 14058 2277 12615 5978 4852 19625 16475 955 13830
5026 6417 4060 4151 539 6667 14718 13880 13047 1504 15468 18857 9347 11125 18854 18779 2191 9610 5548 10960 7226 8672 10475 18086 11620 5887
7345 3258 5511 7168 19500 13197 16701 17639 3382 11023 19052 12372 2239 13869 2841 5529 11701 3680 1309 9416 18916 13908 6275 1524 10067 2982
607 2123 6147 19423 16481 11014 2029 2774 18903 7132 7127 18371 14661 794 12327 484 12167 8476 13451 15762 9940 14966 10430 18169 12238 6218
19841 3299 3136 9231 14671 18471 12302 6005 4330 17998 15241 19948 14506 15697 6026 886 6938 3411 15790 13652 16157 6212 435 15709 622 17163
4774 15168 1362 17291 3560 18231 16884 12624 6843 5489 4813 18897 1205 4372 19152 1136 2857 3503 13708 14245 12716 12800 2192 12882 17724 7703
8530 2872 14259 12857 6997 13126 12325 19115 19570 940 12750 13461 683 2841 1734 10739 598 10519 9590 2819 3373 945 11459 3371 2643 4759
18694 15049 9099 3497 8778 9322 14736 14083 16932 11497 6263 2541 13888 240 17504 14656 13602 12065 3753 1332 14883 7203 17072 3728 6094 8805
4760 16588 19176 15599 3559 1689 18717 10175 11015 18918 14288 3454 5237 13519 18585 13607 8658 11224 5894 14728 10819 19009 13078 15678 5920 8116
15178 18578 17342 11256 9419 11859 13335 19201 15071 6162 7140 10950 13986 18977 11387 6831 11528 10920 19587 12554 3027 10053 7882 2854 1379 17594
12766 16298 9382 4430 17047 15350 18987 7500 9954 1076 61 19487 4421 6531 6434 18495 12255 1824 14622 344 3059 16846 10112 1287 13038 14257
3570 4293 18411 10317 11441 12008 13431 6054 11267 669 16341 18712 5704 9738 12513 18016 18345 11471 14493 16460 9448 3914 13224 10996 19802 19448
5793 2547 19568 19643 18428 427 821 12249 15214 9265 4222 9464 8687 4819 6811 14771 7414 9845 17783 12542 6931 14830 5913 14541 12627 17913
3645 6616 4406 5553 283 258 5356 5583 14276 2646 16264 5895 937 18111 3254 1072 5204 309 14884 11717 2622 11023 4905 17232 18238 13255
16697 4723 378 5348 5064 11859 13803 19905 8552 8820 6279 6501 12738 11414 16024 1032 1044 2761 14073 5802 12897 593 14316 4613 2868 18564
4230 4854 19810 15448 12093 13954 8609 656 18109 3414 16911 4739 9592 1747 9285 2639 12014 7774 2123 16870 19036 7368 9369 3705 14940 2381
19723 9063 3699 1318 1426 6495 17170 2289 14251 15297 7133 10628 14441 18372 15042 4026 1357 2532 19088 17915 7069 7008 19986 9651 8669 8291
13434 162 10891 18188 3311 14909 12030 6882 13881 12876 4294 13088 18290 19598 15664 11876 11327 5901 10464 4898 9067 7478 9953 19420 17767 17485
11291 1011 11948 1334 12126 5274 3467 7572 1264 14004 17131 10360 12874 6365 17048 1644 13422 19529 18069 10350 9246 14539 18690 12963 16676 14992
18639 545 19824 16570 3362 19835 18299 790 18806 4960 15591 17618 13121 1460 5250 130 1849 18567 221 1318 8441 14624 14475 1087 11106 17955
9601 14185 19940 17718 5242 11588 11937 8285 6947 16198 13451 964 17187 13780 5873 2292 6100 9115 8953 2201 11746 2183 13589 946 13627 13009
6587 11300 15880 6199 16645 16588 13859 4488 14047 19794 4201 16322 12620 16822 17999 2339 1264 4209 11749 5929 9644 8721 11250 9822 12995 12583
4469 19523 10866 8857 1097 6255 1407 3893 6724 9086 7990 9162 6405 12649 2311 13486 5879 16570 3166 4738 2204 10175 15744 6979 18077 8472
18024 5905 1381 6751 4436 1572 8690 4295 12973 15682 4470 6819 11887 12142 4372 5476 3693 7164 11919 15227 8576 10838 414 6894 10014 16295
2167 19219 12997 13757 15946 15667 1134 17908 10542 16388 3473 16132 8857 1231 8363 15960 15448 8891 972 6562 17297 1275 8072 6396 9711 6964
11814 13344 17929 9023 1522 19429 10453 6590 16423 15010 11852 4398 9195 8320 3143 11781 2348 18011 19610 4256 1211 16942 646 474 9379 296
4548 12012 10224 14953 4357 2609 9253 19755 3197 1062 1016 3384 18432 17720 6880 1065 8670 14146 16673 13475 12643 12065 2379 15526 11169 4173
15377 973 8628 6110 15116 13784 12904 14276 17102 19586 10872 3685 7430 199 13393 16596 13535 5103 3463 3274 6870 4143 1765 6177 7199 2214
14107 10556 11354 11333 15875 9366 5418 19344 19720 16610 13364 5485 2582 17766 10057 3156 10489 13382 16051 12121 2090 11099 17021 14270 15459 289
19710 14591 8745 15930 11225 4170 5123 5784 1562 5258 3254 8027 19519 16332 19667 4388 17295 12671 11783 11988 3335 3261 3745 19363 13241 13117
7000 800 1062 16050 409 19753 2092 13635 12115 5143 1078 15238 5316 2286 13393 3016 6379 5165 11297 19041 4987 19719 5376 3475 14251 9825
8158 3687 13634 1557 17517 3164 4771 19883 8808 14241 1507 2017 8395 15939 16085 6306 5594 16124 972 4698 1601 11042 12519 1252 2737 19946
13117 1865 14245 5253 15481 3647 2828 19299 2370 3708 6698 8984 7529 3685 31 14867 1236 11815 7333 632 6806 767 10435 8256 11911 2433
10461 9708 10518 7562 4792 16935 14230 8282 7 6410 13547 7593 12140 5720 6923 8061 3814 13258 3037 9157 6527 17523 10245 5448 8168 2974
4706 6881 14426 1364 3433 1862 15727 2287 15711 13756 6517 17005 2765 17732 2391 4954 6526 14155 3858 646 11647 7427 8891 17018 17064 5836
16806 12733 17118 15060 2162 264 16127 11580 11694 1781 12190 5363 4666 14713 1732 14797 14894 8935 4060 7756 11564 19672 4866 2881 5010 16179
16260 11804 5441 9280 10893 3710 16369 591 10211 7819 1831 7172 4024 14376 3999 9812 252 12370 15860 10688 4726 3787 12562 19924 7009 1007
323 2356 18936 10211 16964 3916 3058 18138 5181 3341 14956 5051 19323 17766 4964 370 15579 10155 6236 13276 11399 10104 11271 1089 2207 15066
5105 2388 14170 10829 18209 17841 18864 2614 11175 9001 15458 8135 13022 4776 2892 11316 4869 9451 19422 16091 11402 7031 10158 19029 9426 14414
16930 15366 14328 5352 12648 9442 15332 17422 8075 8251 18661 5657 15031 14182 9002 5228 18862 13804 5644 17421 6229 15788 18696 12901 11555 7146
11208 7031 3023 2041 16718 7808 5116 15374 7225 9426 11715 14976 16311 9093 18391 12245 3566 12179 16796 5448 3580 4764 7063 11696 16926 320
1548 7041 4079 11627 2501 19547 19649 13406 3357 8010 2916 16787 5873 19680 836 19447 13046 6019 16637 8892 11270 11393 5801 9117 6732 5691
4109 15658 18051 15461 2345 3945 2529 4180 4765 6548 11803 8723 9449 12835 12665 17766 1206 3403 9886 601 12028 6383 12387 17735 19442 3862
2985 5741 7127 4383 2452 3236 4384 6824 7547 18864 9972 16197 17897 10495 11953 303 2188 17966 1445 793 5307 7683 16579 18737 14683 2324
15836 3645 3632 6600 3194 11576 18170 17213 12742 4810 13293 19884 18142 12179 17123 8558 6530 1285 10678 14154 3578 5989 15765 9943 5875 16516
10921 9183 7813 18710 298 19869 11441 8427 15714 18229 18768 10761 16891 15601 19628 14548 4247 1262 5418 15138 19103 4595 7685 3571 1180 1527
7966 7322 16019 85 11688 2843 17953 19884 18890 930 17322 977 9413 2392 17554 10502 5608 14188 2007 15642 16742 7068 1208 15996 16704 12237
3271 17731 19279 8959 6087 111 19694 142 9574 9433 1105 7252 9998 6320 2416 10467 16441 689 7933 17404 12538 16695 18320 16079 13383 708
18464 8093 10706 16809 12654 3502 4947 14548 12160 14589 9033 15653 6283 17282 9744 7015 12884 18058 14079 5791 13979 7916 12521 10619 14301 6314
3243 4831 3375 4041 13891 11335 14176 7355 8375 11645 9097 14325 11182 3666 13747 10258 5632 18504 10348 19102 8598 5622 3822 12268 18478 5869
866 18533 10153 15546 4203 552 19467 12176 9793 8675 19381 10853 5739 16324 6213 14309 2599 12001 10118 12033 17936 12076 16291 15571 6257 8632
7242 4862 5508 10262 5714 15740 12093 4699 9797 2851 1902 19318 9086 15018 5243 1459 16343 2579 15185 17458 8607 10122 8338 12034 8944 13887
9811 17482 15472 12838 18873 5795 4900 2056 6168 16279 15471 6277 10899 2365 16766 7943 2984 15870 17124 8960 1629 2990 5436 9933 2099 1840
17355 7764 13411 9924 18612 19731 4702 15098 4097 3136 10295 3853 17135 14338 17276 8054 8478 17227 9493 9727 354 1746 16624 15982 5134 13699
6966 2444 13927 15055 13062 868 1896 10852 13776 19202 10472 18583 15403 17255 13461 15793 15269 19929 8014 13668 10846 12402 17625 615 5124 13055
12923 2467 11132 14124 3922 16094 15200 624 19022 1364 13175 7252 19946 7432 5042 16754 14491 16026 19886 11161 8331 2042 15940 496 10968 1629
10521 6913 1750 19434 11215 10593 10989 19028 6315 17216 7848 3495 1385 7341 10613 1775 7548 10806 16106 10727 11904 19955 16479 14 764 18092
8329 1132 3430 11348 17217 2636 804 14778 10716 16606 4359 5796 6941 18233 4347 7213 8534 6261 8461 5919 17273 7368 10686 2580 4274 12700
18620 7303 6281 11325 17698 16353 6580 12419 7588 8774 17564 13431 4265 13670 7293 12193 2568 17707 4337 17555 10501 3930 13659 19616 569 19023
13519 5387 17438 617 2883 5369 951 14405 13522 747 11300 14405 11005 15327 1608 6051 13184 3909 4732 8229 14403 6279 19282 11398 13953 17908
9492 14643 4951 530 2913 13533 17952 6856 4111 19232 17677 15647 8106 15808 14103 4407 17167 3122 9117 3458 15651 10033 6313 17215 11167 18140
17963 18154 11304 12870 7819 18364 6238 4425 10701 9575 9618 7646 6173 18747 11294 19468 9353 13835 1127 5282 7964 15690 17904 12451 6413 5106
16221 13333 340 16925 19723 3109 12055 2478 2937 12700 3333 1709 14285 17698 12260 3251 10238 1894 6949 18384 10837 11063 1140 3387 15167 17574
5124 496 4353 3960 6840 13760 4743 10047 1702 19456 3733 16943 9699 7592 18948 6020 16712 9463 14870 19009 6053 17892 7157 185 4996 17777
269 9327 6232 18422 2958 8809 9432 4077 15431 8820 9394 7776 16724 17408 9423 1670 5372 3664 16619 7816 14610 17327 12665 11239 5762 11027
4327 19906 14761 11076 6361 12312 8312 15598 19879 7889 4556 4813 5723 13486 14932 16041 7192 6365 3329 15063 8185 4376 16511 4708 3041 1700
16484 17930 17842 11952 11361 8608 15300 10297 11169 5409 12485 3290 11400 15867 19045 10378 9179 3011 14977 15656 7387 11700 4475 12869 10914 16995
17414 206 14173 9147 13486 6293 15356 18940 16678 13208 18846 17216 9714 37 13685 2286 9362 13225 8397 15583 574 16980 5941 17446 5969 11176
11704 11542 10732 17143 14082 6087 14559 15252 636 10516 9914 6055 13449 3325 921 10160 12493 12033 9030 9148 10161 10456 4529 6018 6854 5108
19915 11273 5887 16941 8635 5954 17910 4379 8976 8346 12912 16361 17255 13251 941 8229 13114 2317 17356 19241 18268 19661 1053 478 13150 4827
11745 5860 17292 14960 16894 18673 19122 9084 1381 15517 1047 15196 8851 15747 5140 2762 6394 697 345 13844 11604 12784 7755 9907 2001 2135
1467 1641 10924 8649 15759 11324 1742 17683 15171 2655 17494 5182 10419 973 13305 14856 16522 9340 8458 15814 12214 9632 6058 8081 14844 5473
1762 5433 12231 18751 4819 9920 7613 10532 3670 9791 10753 19037 6862 11818 4300 8394 6439 5046 7675 4302 915 11970 4662 3442 2114 10104
10835 12964 4560 12654 16089 18953 13107 13197 13827 15830 4128 6134 19424 15970 12890 17088 16697 15608 9129 16181 5925 17833 9690 14184 69 18268
733 15175 18726 13519 4785 10874 8538 6441 18943 15209 455 16650 1202 7914 1655 19440 16017 10822 9982 1918 13828 8016 945 274 18520 2552
1739 4109 17121 12457 17210 15082 8723 1228 15604 7767 14646 15763 8066 6692 1517 14118 4709 12754 17993 10864 1985 5217 7792 14043 12353 17184
11896 7928 12404 4025 8402 2489 11829 7400 15843 9342 10613 13278 13662 2146 12482 17189 4281 6434 6152 12937 12088 13534 12420 4399 18344 4938
14207 292 8606 16456 2854 1607 17982 2114 9503 18356 13552 5870 726 15638 11618 6530 6831 7847 15571 15809 5530 10929 9426 2079 17356 15136
