1 2 3 4 5 6 7 8 9
 2 3 4 5 6 7 8 9
  2 3 4 5 6 7 8
   3 4 5 6 7 8
    3 4 5 6 7
     4 5 6 7
      4 5 6
       5 6
	5

1 2 3 4
  2 3 4
  2 3
    3

1,2,3,4

-1,-1,-1,1
-1,-2,-3,-2

-1,-1,1,1
-1,-2,-1,0


1 4 2 3
  4 4 3
  2 3
    3

1,4,2,3
-1,1,-1,-1
-1,0,-1,-2


2 3 4 1
  3 4 4
  3 3
    3

3 4 1 2
  4 4 2
  3 2
    3

1 3 2 4
  3 3 4
  2 3
    3

3 2 4 1 5
 3 4 4 5
  3 2 4
   3 4
    3

1 4 5 8 7 6 3 2
 4 5 8 8 7 6 3
  4 5 7 7 6 3
   5 7 7 7 6       34567
    5 6 6 6        3456
     6 6 6          456
      5 5           45
       5             5

5 9 5 7 8 9 3 5 4 3
  9 9 7 8 9 9 5 5 4
  5 7 7 8 8 5 4 4
    7 8 8 8 8 5 4
    
