6656
2
4
6
8
12
16
18
24
30
32
36
48
54
60
64
72
90
96
108
120
128
144
150
162
180
192
210
216
240
256
270
288
300
324
360
384
420
432
450
480
486
512
540
576
600
630
648
720
750
768
810
840
864
900
960
972
1024
1050
1080
1152
1200
1260
1296
1350
1440
1458
1470
1500
1536
1620
1680
1728
1800
1890
1920
1944
2048
2100
2160
2250
2304
2310
2400
2430
2520
2592
2700
2880
2916
2940
3000
3072
3150
3240
3360
3456
3600
3750
3780
3840
3888
4050
4096
4200
4320
4374
4410
4500
4608
4620
4800
4860
5040
5184
5250
5400
5670
5760
5832
5880
6000
6144
6300
6480
6720
6750
6912
6930
7200
7290
7350
7500
7560
7680
7776
8100
8192
8400
8640
8748
8820
9000
9216
9240
9450
9600
9720
10080
10290
10368
10500
10800
11250
11340
11520
11550
11664
11760
12000
12150
12288
12600
12960
13122
13230
13440
13500
13824
13860
14400
14580
14700
15000
15120
15360
15552
15750
16170
16200
16384
16800
17010
17280
17496
17640
18000
18432
18480
18750
18900
19200
19440
20160
20250
20580
20736
20790
21000
21600
21870
22050
22500
22680
23040
23100
23328
23520
24000
24300
24576
25200
25410
25920
26244
26250
26460
26880
27000
27648
27720
28350
28800
29160
29400
30000
30030
30240
30720
30870
31104
31500
32340
32400
32768
33600
33750
34020
34560
34650
34992
35280
36000
36450
36750
36864
36960
37500
37800
38400
38880
39366
39690
40320
40500
41160
41472
41580
42000
43200
43740
44100
45000
45360
46080
46200
46656
47040
47250
48000
48510
48600
49152
50400
50820
51030
51450
51840
52488
52500
52920
53760
54000
55296
55440
56250
56700
57600
57750
58320
58800
60000
60060
60480
60750
61440
61740
62208
62370
63000
64680
64800
65536
65610
66150
67200
67500
68040
69120
69300
69984
70560
72000
72030
72900
73500
73728
73920
75000
75600
76230
76800
77760
78732
78750
79380
80640
80850
81000
82320
82944
83160
84000
85050
86400
87480
88200
90000
90090
90720
92160
92400
92610
93312
93750
94080
94500
96000
97020
97200
98304
100800
101250
101640
102060
102900
103680
103950
104976
105000
105840
107520
108000
109350
110250
110592
110880
112500
113190
113400
115200
115500
116640
117600
118098
119070
120000
120120
120960
121500
122880
123480
124416
124740
126000
127050
129360
129600
131072
131220
131250
132300
134400
135000
136080
138240
138600
139968
141120
141750
144000
144060
145530
145800
147000
147456
147840
150000
150150
151200
152460
153090
153600
154350
155520
157464
157500
158760
161280
161700
162000
164640
165888
166320
168000
168750
170100
172800
173250
174960
176400
177870
180000
180180
181440
182250
183750
184320
184800
185220
186624
187110
187500
188160
189000
192000
194040
194400
196608
196830
198450
201600
202500
203280
204120
205800
207360
207900
209952
210000
210210
211680
215040
216000
216090
218700
220500
221184
221760
225000
226380
226800
228690
230400
231000
233280
235200
236196
236250
238140
240000
240240
241920
242550
243000
245760
246960
248832
249480
252000
254100
255150
257250
258720
259200
262144
262440
262500
264600
268800
270000
270270
272160
276480
277200
277830
279510
279936
281250
282240
283500
288000
288120
288750
291060
291600
294000
294912
295680
300000
300300
302400
303750
304920
306180
307200
308700
311040
311850
314928
315000
317520
322560
323400
324000
328050
329280
330330
330750
331776
332640
336000
337500
339570
340200
345600
346500
349920
352800
354294
355740
357210
360000
360150
360360
362880
364500
367500
368640
369600
370440
373248
374220
375000
376320
378000
381150
384000
388080
388800
390390
393216
393660
393750
396900
403200
404250
405000
406560
408240
411600
414720
415800
419904
420000
420420
423360
425250
430080
432000
432180
436590
437400
441000
442368
443520
450000
450450
452760
453600
457380
459270
460800
462000
463050
466560
468750
470400
472392
472500
476280
480000
480480
483840
485100
486000
491520
493920
497664
498960
504000
504210
506250
508200
510300
510510
514500
517440
518400
519750
524288
524880
525000
529200
533610
537600
540000
540540
544320
546750
551250
552960
554400
555660
559020
559872
561330
562500
564480
565950
567000
576000
576240
577500
582120
583200
588000
589824
590490
591360
595350
600000
600600
604800
607500
609840
612360
614400
617400
622080
623700
629856
630000
630630
635040
635250
645120
646800
648000
648270
656100
656250
658560
660660
661500
663552
665280
672000
675000
679140
680400
686070
691200
693000
699840
705600
708588
708750
711480
714420
720000
720300
720720
725760
727650
729000
735000
737280
739200
740880
746496
748440
750000
750750
752640
756000
762300
765450
768000
771750
776160
777600
780780
786432
787320
787500
792330
793800
806400
808500
810000
810810
813120
816480
823200
829440
831600
833490
838530
839808
840000
840840
843750
846720
850500
860160
864000
864360
866250
873180
874800
882000
884736
887040
889350
900000
900900
905520
907200
911250
914760
918540
918750
921600
924000
926100
933120
935550
937500
940800
944784
945000
952560
960000
960960
967680
970200
972000
983040
984150
987840
990990
992250
995328
997920
1008000
1008420
1012500
1016400
1018710
1020600
1021020
1029000
1034880
1036800
1039500
1048576
1049760
1050000
1051050
1058400
1062882
1067220
1071630
1075200
1080000
1080450
1081080
1088640
1093500
1102500
1105920
1108800
1111320
1118040
1119744
1122660
1125000
1128960
1131900
1134000
1143450
1152000
1152480
1155000
1164240
1166400
1171170
1176000
1179648
1180980
1181250
1182720
1190700
1200000
1201200
1209600
1212750
1215000
1219680
1224720
1228800
1234800
1244160
1245090
1247400
1259712
1260000
1261260
1270080
1270500
1275750
1286250
1290240
1293600
1296000
1296540
1309770
1312200
1312500
1317120
1321320
1323000
1327104
1330560
1344000
1350000
1351350
1358280
1360800
1372140
1377810
1382400
1386000
1389150
1397550
1399680
1406250
1411200
1417176
1417500
1422960
1428840
1440000
1440600
1441440
1443750
1451520
1455300
1458000
1470000
1471470
1474560
1478400
1481760
1492992
1496880
1500000
1501500
1505280
1512000
1512630
1518750
1524600
1530900
1531530
1536000
1543500
1552320
1555200
1559250
1561560
1572864
1574640
1575000
1584660
1587600
1600830
1612800
1617000
1620000
1621620
1626240
1632960
1640250
1646400
1651650
1653750
1658880
1663200
1666980
1677060
1679616
1680000
1681680
1683990
1687500
1693440
1697850
1701000
1720320
1728000
1728720
1732500
1746360
1749600
1764000
1769472
1771470
1774080
1778700
1786050
1800000
1800750
1801800
1811040
1814400
1822500
1829520
1837080
1837500
1843200
1848000
1852200
1866240
1871100
1875000
1881600
1889568
1890000
1891890
1905120
1905750
1920000
1921920
1935360
1940400
1944000
1944810
1951950
1956570
1966080
1968300
1968750
1975680
1981980
1984500
1990656
1995840
2016000
2016840
2021250
2025000
2032800
2037420
2041200
2042040
2058000
2058210
2069760
2073600
2079000
2097152
2099520
2100000
2102100
2116800
2125764
2126250
2134440
2143260
2150400
2160000
2160900
2162160
2177280
2182950
2187000
2205000
2211840
2217600
2222640
2236080
2239488
2245320
2250000
2252250
2257920
2263800
2268000
2286900
2296350
2304000
2304960
2310000
2312310
2315250
2328480
2332800
2342340
2343750
2352000
2359296
2361960
2362500
2365440
2376990
2381400
2400000
2402400
2419200
2425500
2430000
2432430
2439360
2449440
2457600
2469600
2488320
2490180
2494800
2500470
2515590
2519424
2520000
2521050
2522520
2531250
2540160
2541000
2551500
2552550
2572500
2580480
2587200
2592000
2593080
2598750
2619540
2624400
2625000
2634240
2642640
2646000
2654208
2661120
2668050
2688000
2700000
2702700
2716560
2721600
2732730
2733750
2744280
2755620
2756250
2764800
2772000
2778300
2795100
2799360
2806650
2812500
2822400
2829750
2834352
2835000
2845920
2857680
2880000
2881200
2882880
2887500
2903040
2910600
2916000
2940000
2942940
2949120
2952450
2956800
2963520
2972970
2976750
2985984
2993760
3000000
3003000
3010560
3024000
3025260
3037500
3049200
3056130
3061800
3063060
3072000
3074610
3087000
3104640
3110400
3118500
3123120
3145728
3149280
3150000
3153150
3169320
3175200
3176250
3188646
3201660
3214890
3225600
3234000
3240000
3241350
3243240
3252480
3265920
3280500
3281250
3292800
3303300
3307500
3317760
3326400
3333960
3354120
3359232
3360000
3363360
3367980
3375000
3386880
3395700
3402000
3430350
3440640
3456000
3457440
3465000
3492720
3499200
3513510
3528000
3529470
3538944
3542940
3543750
3548160
3557400
3572100
3573570
3600000
3601500
3603600
3622080
3628800
3633630
3638250
3645000
3659040
3674160
3675000
3686400
3696000
3704400
3732480
3735270
3742200
3750000
3753750
3763200
3779136
3780000
3783780
3810240
3811500
3827250
3840000
3843840
3858750
3870720
3880800
3888000
3889620
3903900
3913140
3929310
3932160
3936600
3937500
3951360
3961650
3963960
3969000
3981312
3991680
4032000
4033680
4042500
4050000
4054050
4065600
4074840
4082400
4084080
4116000
4116420
4133430
4139520
4147200
4158000
4167450
4192650
4194304
4199040
4200000
4204200
4218750
4233600
4251528
4252500
4268880
4286520
4294290
4300800
4320000
4321800
4324320
4331250
4354560
4365900
4374000
4410000
4414410
4423680
4435200
4445280
4446750
4472160
4478976
4490640
4500000
4504500
4515840
4527600
4536000
4537890
4556250
4573800
4592700
4593750
4594590
4608000
4609920
4620000
4624620
4630500
4656960
4665600
4677750
4684680
4687500
4704000
4718592
4723920
4725000
4730880
4753980
4762800
4800000
4802490
4804800
4838400
4851000
4860000
4864860
4878720
4898880
4915200
4920750
4939200
4954950
4961250
4976640
4980360
4989600
5000940
5031180
5038848
5040000
5042100
5045040
5051970
5062500
5075070
5080320
5082000
5093550
5103000
5105100
5145000
5160960
5174400
5184000
5186160
5197500
5239080
5248800
5250000
5255250
5268480
5285280
5292000
5308416
5314410
5322240
5336100
5358150
5376000
5400000
5402250
5405400
5433120
5443200
5465460
5467500
5488560
5511240
5512500
5529600
5544000
5546310
5556600
5590200
5598720
5613300
5615610
5625000
5644800
5659500
5668704
5670000
5675670
5691840
5715360
5717250
5760000
5762400
5765760
5775000
5806080
5821200
5832000
5834430
5855850
5869710
5880000
5885880
5898240
5904900
5906250
5913600
5927040
5945940
5953500
5971968
5987520
6000000
6006000
6021120
6048000
6050520
6063750
6075000
6098400
6112260
6123600
6126120
6144000
6149220
6174000
6174630
6209280
6220800
6225450
6237000
6246240
6291456
6298560
6300000
6306300
6338640
6350400
6352500
6377292
6378750
6403320
6429780
6431250
6451200
6468000
6480000
6482700
6486480
6504960
6531840
6548850
6561000
6562500
6585600
6606600
6615000
6635520
6636630
6652800
6667920
6708240
6718464
6720000
6726720
6735960
6750000
6756750
6773760
6791400
6804000
6860700
6881280
6889050
6912000
6914880
6930000
6936930
6945750
6985440
6987750
6998400
7027020
7031250
7056000
7058940
7077888
7085880
7087500
7096320
7114800
7130970
7144200
7147140
7200000
7203000
7207200
7218750
7244160
7257600
7267260
7276500
7290000
7297290
7318080
7348320
7350000
7357350
7372800
7392000
7408800
7464960
7470540
7484400
7500000
7501410
7507500
7526400
7546770
7558272
7560000
7563150
7567560
7593750
7620480
7623000
7654500
7657650
7680000
7687680
7717500
7741440
7761600
7776000
7779240
7796250
7807800
7826280
7858620
7864320
7873200
7875000
7902720
7923300
7927920
7938000
7962624
7983360
8004150
8064000
8067360
8085000
8100000
8108100
8131200
8149680
8164800
8168160
8198190
8201250
8232000
8232840
8258250
8266860
8268750
8279040
8294400
8316000
8334900
8385300
8388608
8398080
8400000
8408400
8419950
8437500
8467200
8489250
8503056
8505000
8537760
8573040
8588580
8601600
8640000
8643600
8648640
8662500
8678670
8709120
8715630
8731800
8748000
8820000
8828820
8847360
8857350
8870400
8890560
8893500
8918910
8930250
8944320
8957952
8981280
9000000
9003750
9009000
9031680
9055200
9072000
9075780
9112500
9147600
9168390
9185400
9187500
9189180
9216000
9219840
9223830
9240000
9249240
9261000
9313920
9331200
9355500
9369360
9375000
9408000
9437184
9447840
9450000
9459450
9461760
9507960
9525600
9528750
9565938
9600000
9604980
9609600
9644670
9676800
9699690
9702000
9720000
9724050
9729720
9757440
9759750
9782850
9797760
9830400
9841500
9843750
9878400
9909900
9922500
9953280
9960720
9979200
10001880
10062360
10077696
10080000
10084200
10090080
10103940
10106250
10125000
10150140
10160640
10164000
10187100
10206000
10210200
10290000
10291050
10300290
10321920
10348800
10368000
10372320
10395000
10478160
10497600
10500000
10510500
10536960
10540530
10570560
10584000
10588410
10616832
10628820
10631250
10644480
10672200
10716300
10720710
10752000
10800000
10804500
10810800
10866240
10886400
10900890
10914750
10930920
10935000
10977120
11022480
11025000
11059200
11088000
11092620
11113200
11180400
11197440
11205810
11226600
11231220
11250000
11261250
11289600
11319000
11337408
11340000
11351340
11383680
11430720
11434500
11481750
11520000
11524800
11531520
11550000
11561550
11576250
11612160
11642400
11664000
11668860
11711700
11718750
11739420
11760000
11771760
11787930
11796480
11809800
11812500
11827200
11854080
11884950
11891880
11907000
11943936
11975040
12000000
12012000
12042240
12096000
12101040
12127500
12150000
12162150
12196800
12224520
12247200
12252240
12288000
12298440
12348000
12349260
12400290
12418560
12441600
12450900
12474000
12492480
12502350
12577950
12582912
12597120
12600000
12605250
12612600
12656250
12677280
12700800
12705000
12754584
12757500
12762750
12806640
12859560
12862500
12882870
12902400
12936000
12960000
12965400
12972960
12993750
13009920
13063680
13097700
13122000
13125000
13171200
13213200
13230000
13243230
13271040
13273260
13305600
13335840
13340250
13416480
13436928
13440000
13453440
13471920
13500000
13513500
13547520
13582800
13608000
13613670
13663650
13668750
13695990
13721400
13762560
13778100
13781250
13783770
13824000
13829760
13860000
13873860
13891500
13970880
13975500
13996800
14033250
14054040
14062500
14112000
14117880
14148750
14155776
14171760
14175000
14192640
14229600
14261940
14288400
14294280
14400000
14406000
14407470
14414400
14437500
14488320
14515200
14534520
14553000
14580000
14594580
14636160
14696640
14700000
14714700
14745600
14762250
14784000
14817600
14864850
14883750
14929920
14941080
14968800
15000000
15002820
15015000
15052800
15093540
15116544
15120000
15126300
15135120
15155910
15187500
15225210
15240960
15246000
15280650
15309000
15315300
15360000
15373050
15375360
15435000
15482880
15523200
15552000
15558480
15592500
15615600
15652560
15717240
15728640
15746400
15750000
15765750
15805440
15846600
15855840
15876000
15881250
15925248
15943230
15966720
16008300
16074450
16128000
16134720
16170000
16186170
16200000
16206750
16216200
16262400
16299360
16329600
16336320
16396380
16402500
16406250
16464000
16465680
16516500
16533720
16537500
16558080
16588800
16632000
16638930
16669800
16770600
16777216
16796160
16800000
16816800
16839900
16846830
16875000
16934400
16978500
17006112
17010000
17027010
17075520
17146080
17151750
17177160
17203200
17280000
17287200
17297280
17325000
17357340
17418240
17431260
17463600
17496000
17503290
17567550
17609130
17640000
17647350
17657640
17694720
17714700
17718750
17740800
17781120
17787000
17837820
17860500
17867850
17888640
17915904
17962560
18000000
18007500
18018000
18063360
18110400
18144000
18151560
18168150
18191250
18225000
18295200
18336780
18370800
18375000
18378360
18432000
18439680
18447660
18480000
18498480
18522000
18523890
18627840
18662400
18676350
18711000
18738720
18750000
18768750
18816000
18874368
18895680
18900000
18918900
18923520
19015920
19051200
19057500
19129110
19131876
19136250
19200000
19209960
19219200
19289340
19293750
19353600
19399380
19404000
19440000
19448100
19459440
19514880
19519500
19565700
19595520
19646550
19660800
19683000
19687500
19756800
19808250
19819800
19845000
19906560
19909890
19921440
19958400
20003760
20124720
20155392
20160000
20168400
20180160
20207880
20212500
20250000
20270250
20300280
20321280
20328000
20374200
20412000
20420400
20580000
20582100
20600580
20643840
20667150
20697600
20736000
20744640
20790000
20810790
20837250
20956320
20963250
20995200
21000000
21021000
21073920
21081060
21093750
21141120
21168000
21176820
21233664
21257640
21262500
21288960
21344400
21392910
21432600
21441420
21471450
21504000
21522270
21600000
21609000
21621600
21656250
21732480
21772800
21801780
21829500
21861840
21870000
21891870
21954240
22044960
22050000
22072050
22118400
22176000
22185240
22226400
22233750
22360800
22394880
22411620
22453200
22462440
22500000
22504230
22522500
22579200
22638000
22640310
22674816
22680000
22689450
22702680
22767360
22781250
22861440
22869000
22963500
22968750
22972950
23040000
23049600
23063040
23100000
23123100
23152500
23224320
23284800
23328000
23337720
23388750
23423400
23437500
23478840
23520000
23543520
23575860
23592960
23619600
23625000
23654400
23708160
23769900
23783760
23814000
23887872
23950080
24000000
24012450
24024000
24084480
24192000
24202080
24255000
24300000
24324300
24393600
24449040
24494400
24504480
24576000
24594570
24596880
24603750
24696000
24698520
24706290
24774750
24800580
24806250
24837120
24883200
24901800
24948000
24984960
25004700
25014990
25155900
25165824
25194240
25200000
25210500
25225200
25259850
25312500
25354560
25375350
25401600
25410000
25435410
25467750
25509168
25515000
25525500
25613280
25719120
25725000
25765740
25804800
25872000
25920000
25930800
25945920
25987500
26019840
26036010
26127360
26146890
26195400
26244000
26250000
26276250
26342400
26426400
26460000
26486460
26542080
26546520
26572050
26611200
26671680
26680500
26756730
26790750
26832960
26873856
26880000
26906880
26943840
27000000
27011250
27027000
27095040
27165600
27216000
27227340
27327300
27337500
27391980
27442800
27505170
27525120
27556200
27562500
27567540
27648000
27659520
27671490
27720000
27731550
27747720
27783000
27941760
27951000
27993600
28066500
28078050
28108080
28125000
28224000
28235760
28297500
28311552
28343520
28350000
28378350
28385280
28459200
28523880
28576800
28586250
28588560
28697814
28800000
28812000
28814940
28828800
28875000
28934010
28976640
29030400
29069040
29099070
29106000
29160000
29172150
29189160
29272320
29279250
29348550
29393280
29400000
29429400
29491200
29524500
29531250
29568000
29635200
29729700
29767500
29859840
29882160
29937600
30000000
30005640
30030000
30060030
30105600
30187080
30233088
30240000
30252600
30270240
30311820
30318750
30375000
30450420
30481920
30492000
30561300
30618000
30630600
30720000
30746100
30750720
30870000
30873150
30900870
30965760
31046400
31104000
31116960
31127250
31185000
31231200
31305120
31434480
31457280
31492800
31500000
31531500
31610880
31621590
31693200
31711680
31752000
31762500
31765230
31850496
31886460
31893750
31933440
32016600
32148900
32156250
32162130
32256000
32269440
32340000
32372340
32400000
32413500
32432400
32524800
32598720
32659200
32672640
32702670
32744250
32792760
32805000
32812500
32928000
32931360
33033000
33067440
33075000
33116160
33177600
33183150
33264000
33277860
33339600
33541200
33554432
33592320
33600000
33617430
33633600
33679800
33693660
33750000
33783750
33820710
33868800
33957000
34012224
34020000
34054020
34151040
34292160
34303500
34354320
34406400
34445250
34560000
34574400
34594560
34650000
34684650
34714680
34728750
34836480
34862520
34927200
34938750
34992000
35006580
35135100
35156250
35218260
35280000
35294700
35315280
35363790
35389440
35429400
35437500
35481600
35525490
35562240
35574000
35654850
35675640
35721000
35735700
35777280
35831808
35925120
36000000
36015000
36036000
36093750
36126720
36220800
36288000
36303120
36336300
36382500
36450000
36486450
36590400
36673560
36741600
36750000
36756720
36786750
36864000
36879360
36895320
36960000
36996960
37044000
37047780
37200870
37255680
37324800
37352700
37422000
37477440
37500000
37507050
37537500
37632000
37733850
37748736
37791360
37800000
37815750
37837800
37847040
37968750
38031840
38102400
38115000
38258220
38263752
38272500
38288250
38400000
38419920
38438400
38578680
38587500
38648610
38707200
38798760
38808000
38824170
38880000
38896200
38918880
38981250
39029760
39039000
39131400
39191040
39293100
39309270
39321600
39366000
39375000
39513600
39616500
39639600
39690000
39729690
39813120
39819780
39842880
39916800
39969930
40007520
40020750
40249440
40310784
40320000
40336800
40360320
40415760
40425000
40500000
40540500
40600560
40642560
40656000
40748400
40824000
40840800
40841010
40990950
41006250
41087970
41160000
41164200
41201160
41287680
41291250
41334300
41343750
41351310
41395200
41472000
41489280
41580000
41621580
41674500
41912640
41926500
41990400
42000000
42042000
42099750
42147840
42162120
42187500
42282240
42336000
42353640
42446250
42467328
42515280
42525000
42577920
42688800
42785820
42865200
42882840
42942900
43008000
43044540
43200000
43218000
43222410
43243200
43312500
43393350
43464960
43545600
43578150
43603560
43659000
43723680
43740000
43783740
43908480
44089920
44100000
44144100
44236800
44286750
44352000
44370480
44452800
44467500
44594550
44651250
44721600
44789760
44823240
44906400
44924880
45000000
45008460
45018750
45045000
45158400
45276000
45280620
45349632
45360000
45378900
45405360
45467730
45534720
45562500
45675630
45722880
45738000
45841950
45927000
45937500
45945900
46080000
46099200
46119150
46126080
46200000
46246200
46305000
46448640
46456410
46569600
46656000
46675440
46777500
46846800
46875000
46957680
47040000
47087040
47151720
47185920
47237190
47239200
47250000
47297250
47308800
47416320
47539800
47567520
47628000
47643750
47775744
47829690
47900160
48000000
48024900
48048000
48168960
48223350
48384000
48404160
48498450
48510000
48558510
48600000
48620250
48648600
48787200
48798750
48898080
48914250
48988800
49008960
49152000
49189140
49193760
49207500
49218750
49392000
49397040
49412580
49549500
49601160
49612500
49674240
49766400
49803600
49896000
49916790
49969920
50009400
50029980
50311800
50331648
50388480
50400000
50421000
50450400
50519700
50531250
50540490
50625000
50709120
50750700
50803200
50820000
50870820
50935500
51018336
51030000
51051000
51081030
51226560
51438240
51450000
51455250
51501450
51531480
51609600
51744000
51840000
51861600
51891840
51975000
52039680
52072020
52254720
52293780
52390800
52488000
52500000
52509870
52552500
52684800
52702650
52827390
52852800
52920000
52942050
52972920
53084160
53093040
53144100
53156250
53222400
53343360
53361000
53513460
53581500
53603550
53665920
53747712
53760000
53813760
53887680
54000000
54022500
54054000
54190080
54331200
54432000
54454680
54504450
54573750
54654600
54675000
54783960
54885600
55010340
55050240
55112400
55125000
55135080
55296000
55319040
55342980
55440000
55463100
55495440
55566000
55571670
55825770
55883520
55902000
55987200
56029050
56133000
56156100
56216160
56250000
56306250
56448000
56471520
56595000
56623104
56687040
56700000
56756700
56770560
56918400
57047760
57153600
57172500
57177120
57387330
57395628
57408750
57600000
57624000
57629880
57657600
57750000
57807750
57868020
57881250
57953280
58060800
58138080
58198140
58212000
58320000
58344300
58378320
58544640
58558500
58593750
58697100
58786560
58800000
58858800
58939650
58982400
59049000
59062500
59136000
59270400
59424750
59459400
59535000
59719680
59729670
59764320
59875200
60000000
60011280
60060000
60120060
60211200
60374160
60466176
60480000
60505200
60540480
60623640
60637500
60750000
60750690
60810750
60900840
60963840
60984000
61009410
61122600
61236000
61261200
61440000
61492200
61501440
61740000
61746300
61771710
61801740
61931520
62001450
62092800
62208000
62233920
62254500
62370000
62432370
62462400
62511750
62610240
62868960
62889750
62914560
62985600
63000000
63026250
63063000
63221760
63243180
63281250
63386400
63423360
63504000
63525000
63530460
63700992
63772920
63787500
63813750
63866880
64033200
64178730
64297800
64312500
64324260
64414350
64512000
64538880
64566810
64680000
64744680
64800000
64827000
64864800
64968750
65049600
65197440
65318400
65345280
65405340
65488500
65585520
65610000
65625000
65675610
65856000
65862720
65975910
66066000
66134880
66150000
66216150
66232320
66355200
66366300
66528000
66555720
66679200
66701250
67082400
67108864
67184640
67200000
67234860
67267200
67359600
67387320
67500000
67512690
67567500
67641420
67737600
67897830
67914000
67920930
68024448
68040000
68068350
68108040
68302080
68318250
68343750
68479950
68584320
68607000
68708640
68812800
68890500
68906250
68918850
69120000
69148800
69189120
69300000
69369300
69429360
69457500
69672960
69725040
69854400
69877500
69984000
70013160
70166250
70270200
70312500
70436520
70560000
70589400
70630560
70727580
70743750
70778880
70858800
70875000
70963200
71050980
71124480
71148000
71309700
71351280
71442000
71471400
71554560
71663616
71850240
72000000
72030000
72037350
72072000
72102030
72187500
72253440
72441600
72576000
72606240
72672600
72765000
72900000
72972900
73002930
73180800
73347120
73483200
73500000
73513440
73573500
73728000
73758720
73783710
73790640
73811250
73920000
73993920
74088000
74095560
74118870
74324250
74401740
74418750
74511360
74649600
74705400
74844000
74954880
75000000
75014100
75044970
75075000
75264000
75467700
75497472
75582720
75600000
75631500
75675600
75694080
75779550
75937500
76063680
76126050
76204800
76230000
76306230
76403250
76516440
76527504
76545000
76576500
76800000
76839840
76865250
76876800
77157360
77175000
77297220
77414400
77597520
77616000
77648340
77760000
77792400
77837760
77962500
78059520
78078000
78108030
78262800
78382080
78440670
78586200
78618540
78643200
78732000
78750000
78828750
79027200
79233000
79279200
79380000
79406250
79459380
79626240
79639560
79685760
79716150
79833600
79939860
80015040
80041500
80270190
80372250
80498880
80621568
80640000
80673600
80720640
80831520
80850000
80930850
81000000
81033750
81081000
81201120
81285120
81312000
81496800
81648000
81681600
81682020
81981900
82012500
82031250
82175940
82320000
82328400
82402320
82515510
82575360
82582500
82668600
82687500
82702620
82790400
82944000
82978560
83014470
83160000
83194650
83243160
83349000
83825280
83853000
83980800
84000000
84084000
84199500
84234150
84295680
84324240
84375000
84564480
84672000
84707280
84892500
84934656
85030560
85050000
85135050
85155840
85377600
85571640
85730400
85758750
85765680
85885800
86016000
86089080
86093442
86276190
86400000
86436000
86444820
86486400
86625000
86786700
86802030
86929920
87091200
87156300
87207120
87297210
87318000
87447360
87480000
87516450
87567480
87816960
87837750
88045650
88179840
88200000
88236750
88288200
88473600
88573500
88593750
88704000
88740960
88905600
88935000
89189100
89302500
89339250
89443200
89579520
89646480
89812800
89849760
90000000
90016920
90037500
90090000
90180090
90316800
90552000
90561240
90699264
90720000
90757800
90810720
90840750
90935460
90956250
91069440
91125000
91351260
91445760
91476000
91683900
91854000
91875000
91891800
92160000
92198400
92238300
92252160
92400000
92492400
92610000
92619450
92702610
92897280
92912820
93139200
93312000
93350880
93381750
93555000
93693600
93750000
93843750
93915360
94080000
94174080
94303440
94371840
94474380
94478400
94500000
94594500
94617600
94832640
94864770
95079600
95135040
95256000
95287500
95295690
95465370
95551488
95645550
95659380
95681250
95800320
95871930
96000000
96049800
96096000
96337920
96446700
96468750
96486390
96768000
96808320
96996900
97020000
97117020
97200000
97240500
97297200
97574400
97597500
97796160
97828500
97977600
98017920
98108010
98232750
98304000
98378280
98387520
98415000
98437500
98784000
98794080
98825160
99041250
99099000
99202320
99225000
99348480
99532800
99549450
99607200
99792000
99833580
99939840
100018800
100059960
100623600
100663296
100776960
100800000
100842000
100852290
100900800
101039400
101062500
101080980
101250000
101351250
101418240
101462130
101501400
101606400
101640000
101741640
101871000
102036672
102060000
102102000
102162060
102453120
102876480
102900000
102910500
103002900
103062960
103219200
103335750
103488000
103680000
103723200
103783680
103950000
104053950
104079360
104144040
104186250
104509440
104587560
104781600
104816250
104976000
105000000
105019740
105105000
105369600
105405300
105468750
105654780
105705600
105840000
105884100
105945840
106091370
106168320
106186080
106288200
106312500
106444800
106576470
106686720
106696590
106722000
106964550
107026920
107163000
107207100
107331840
107357250
107495424
107520000
107611350
107627520
107775360
108000000
108045000
108108000
108281250
108380160
108662400
108864000
108909360
109008900
109147500
109309200
109350000
109459350
109567920
109771200
110020680
110100480
110224800
110250000
110270160
110360250
110592000
110638080
110685960
110880000
110926200
110990880
111132000
111143340
111168750
111602610
111651540
111767040
111804000
111974400
112058100
112266000
112312200
112432320
112500000
112521150
112612500
112822710
112896000
112943040
113190000
113201550
113246208
113303190
113374080
113400000
113447250
113513400
113541120
113836800
113906250
114095520
114307200
114345000
114354240
114774660
114791256
114817500
114843750
114864750
115200000
115248000
115259760
115315200
115500000
115615500
115736040
115762500
115906560
115945830
116121600
116276160
116396280
116424000
116472510
116640000
116688600
116756640
116943750
117089280
117117000
117187500
117394200
117573120
117600000
117717600
117879300
117927810
117964800
118098000
118125000
118272000
118540800
118849500
118918800
119070000
119189070
119439360
119459340
119528640
119750400
119909790
120000000
120022560
120062250
120120000
120240120
120422400
120748320
120932352
120960000
121010400
121080960
121247280
121275000
121500000
121501380
121621500
121801680
121927680
121968000
122018820
122245200
122472000
122522400
122523030
122880000
122972850
122984400
123002880
123018750
123263910
123480000
123492600
123531450
123543420
123603480
123863040
123873750
124002900
124031250
124053930
124185600
124416000
124467840
124509000
124740000
124864740
124924800
125023500
125074950
125220480
125737920
125779500
125829120
125971200
126000000
126052500
126095970
126126000
126299250
126443520
126486360
126562500
126772800
126846720
126876750
127008000
127050000
127060920
127177050
127338750
127401984
127545840
127575000
127627500
127733760
128066400
128357460
128595600
128625000
128648520
128828700
129024000
129077760
129133620
129360000
129489360
129600000
129654000
129667230
129729600
129937500
130099200
130180050
130394880
130636800
130690560
130734450
130810680
130977000
131171040
131220000
131250000
131351220
131381250
131712000
131725440
131951820
132132000
132269760
132300000
132432300
132464640
132710400
132732600
132860250
133056000
133111440
133358400
133402500
133783650
133903770
133953750
134164800
134217728
134369280
134400000
134469720
134534400
134719200
134774640
135000000
135025380
135056250
135135000
135282840
135475200
135795660
135828000
135841860
136048896
136080000
136136700
136216080
136403190
136604160
136636500
136687500
136959900
137026890
137168640
137214000
137417280
137525850
137625600
137781000
137812500
137837700
138240000
138297600
138357450
138378240
138600000
138657750
138738600
138858720
138915000
139345920
139369230
139450080
139708800
139755000
139968000
140026320
140332500
140390250
140540400
140625000
140873040
141120000
141178800
141261120
141455160
141487500
141557760
141711570
141717600
141750000
141891750
141926400
142101960
142248960
142296000
142619400
142702560
142884000
142931250
142942800
143109120
143327232
143489070
143700480
144000000
144060000
144074700
144144000
144204060
144375000
144506880
144670050
144883200
145152000
145212480
145345200
145495350
145530000
145675530
145800000
145860750
145945800
146005860
146361600
146396250
146694240
146742750
146966400
147000000
147026880
147147000
147456000
147517440
147537390
147567420
147581280
147622500
147656250
147840000
147987840
148176000
148191120
148237740
148648500
148803480
148837500
149022720
149299200
149410800
149688000
149750370
149909760
150000000
150028200
150089940
150150000
150300150
150528000
150655890
150935400
150994944
151165440
151200000
151263000
151351200
151388160
151559100
151593750
151621470
151875000
152127360
152252100
152409600
152460000
152612460
152806500
153032880
153055008
153090000
153153000
153243090
153600000
153679680
153730500
153753600
154314720
154350000
154365750
154504350
154594440
154828800
155195040
155232000
155296680
155520000
155584800
155636250
155675520
155925000
156119040
156156000
156216060
156525600
156764160
156881340
157172400
157237080
157286400
157464000
157500000
157529610
157657500
158054400
158107950
158466000
158482170
158558400
158760000
158812500
158826150
158918760
159252480
159279120
159371520
159432300
159468750
159667200
159879720
160030080
160083000
160540380
160744500
160781250
160810650
160997760
161243136
161280000
161347200
161441280
161663040
161700000
161861700
162000000
162067500
162162000
162402240
162570240
162624000
162993600
163296000
163363200
163364040
163513350
163721250
163963800
164025000
164062500
164351880
164640000
164656800
164804640
164894730
165031020
165150720
165165000
165337200
165375000
165405240
165580800
165888000
165915750
165957120
166028940
166320000
166389300
166486320
166698000
166715010
167477310
167650560
167706000
167961600
168000000
168087150
168168000
168399000
168468300
168591360
168648480
168750000
168918750
169103550
169128960
169344000
169414560
169785000
169869312
170061120
170100000
170270100
170311680
170755200
171143280
171460800
171517500
171531360
171771600
172032000
172161990
172178160
172186884
172226250
172552380
172800000
172872000
172889640
172944030
172972800
173250000
173423250
173573400
173604060
173643750
173859840
174182400
174312600
174414240
174594420
174636000
174693750
174894720
174960000
175032900
175104930
175134960
175633920
175675500
175781250
176091300
176359680
176400000
176473500
176576400
176818950
176947200
177147000
177187500
177408000
177481920
177627450
177811200
177870000
178047870
178274250
178378200
178605000
178678500
178886400
179159040
179189010
179292960
179625600
179699520
180000000
180033840
180075000
180180000
180360180
180468750
180633600
181104000
181122480
181398528
181440000
181515600
181621440
181681500
181870920
181912500
182138880
182250000
182252070
182432250
182702520
182891520
182952000
183028230
183367800
183708000
183750000
183783600
183933750
184294110
184320000
184396800
184476600
184504320
184800000
184984800
185220000
185238900
185315130
185405220
185794560
185825640
186004350
186278400
186624000
186701760
186763500
187110000
187297110
187387200
187500000
187535250
187687500
187830720
188160000
188348160
188606880
188669250
188743680
188948760
188956800
189000000
189078750
189189000
189235200
189665280
189729540
189843750
190159200
190270080
190512000
190575000
190591380
190930740
191102976
191291100
191318760
191362500
191441250
191600640
191743860
192000000
192099600
192192000
192536190
192675840
192893400
192937500
192972780
193243050
193536000
193616640
193700430
193993800
194040000
194120850
194234040
194400000
194481000
194594400
194906250
195148800
195195000
195592320
195657000
195955200
196035840
196216020
196465500
196546350
196608000
196756560
196775040
196830000
196875000
197026830
197568000
197588160
197650320
197927730
198082500
198198000
198404640
198450000
198648450
198696960
199065600
199098900
199214400
199584000
199667160
199849650
199879680
200037600
200103750
200119920
201247200
201326592
201553920
201600000
201684000
201704580
201801600
202078800
202125000
202161960
202500000
202538070
202702500
202836480
202924260
203002800
203212800
203280000
203483280
203693490
203742000
203762790
204073344
204120000
204204000
204205050
204324120
204906240
204954750
205031250
205439850
205752960
205800000
205821000
206005800
206125920
206438400
206456250
206671500
206718750
206756550
206976000
207360000
207446400
207567360
207900000
208107900
208158720
208288080
208372500
209018880
209175120
209563200
209632500
209952000
210000000
210039480
210210000
210420210
210498750
210739200
210810600
210937500
211309560
211411200
211680000
211768200
211891680
212182740
212231250
212336640
212372160
212576400
212625000
212889600
213152940
213373440
213393180
213444000
213929100
214053840
214326000
214414200
214663680
214714500
214990848
215040000
215222700
215255040
215550720
216000000
216090000
216112050
216216000
216306090
216562500
216760320
216966750
217324800
217728000
217818720
217890750
218017800
218295000
218618400
218700000
218918700
219008790
219135840
219542400
220041360
220200960
220449600
220500000
220540320
220720500
221184000
221276160
221351130
221371920
221433750
221760000
221852400
221981760
222264000
222286680
222337500
222356610
222972750
223092870
223205220
223256250
223303080
223534080
223608000
223948800
224116200
224532000
224624400
224864640
225000000
225042300
225093750
225134910
225225000
225645420
225792000
225886080
226380000
226403100
226492416
226606380
226748160
226800000
226894500
227026800
227082240
227338650
227673600
227812500
228191040
228378150
228614400
228690000
228708480
228918690
229209750
229549320
229582512
229635000
229687500
229729500
230400000
230496000
230519520
230595750
230630400
231000000
231231000
231472080
231525000
231813120
231891660
232243200
232282050
232552320
232792560
232848000
232945020
233280000
233377200
233513280
233887500
234178560
234234000
234324090
234375000
234788400
235146240
235200000
235322010
235435200
235758600
235855620
235929600
236185950
236196000
236250000
236486250
236544000
236744970
237081600
237699000
237837600
238140000
238218750
238378140
238878720
238918680
239057280
239148450
239500800
239819580
240000000
240045120
240124500
240240000
240480240
240810570
240844800
241116750
241496640
241864704
241920000
242020800
242161920
242492250
242494560
242550000
242792550
243000000
243002760
243101250
243243000
243603360
243855360
243936000
243993750
244037640
244490400
244571250
244944000
245044800
245046060
245760000
245945700
245968800
246005760
246037500
246093750
246527820
246960000
246985200
247062900
247086840
247206960
247546530
247726080
247747500
248005800
248062500
248107860
248371200
248678430
248832000
248935680
249018000
249043410
249480000
249583950
249729480
249849600
250047000
250149900
250440960
251475840
251559000
251658240
251942400
252000000
252105000
252191940
252252000
252598500
252656250
252702450
252887040
252972720
253125000
253545600
253693440
253753500
254016000
254100000
254121840
254354100
254677500
254803968
255091680
255150000
255255000
255405150
255467520
256132800
256714920
257191200
257250000
257276250
257297040
257507250
257657400
258048000
258155520
258267240
258280326
258720000
258828570
258978720
259200000
259308000
259334460
259459200
259875000
260198400
260360100
260406090
260789760
261273600
261381120
261468900
261621360
261891630
261954000
262342080
262440000
262500000
262549350
262702440
262762500
263424000
263450880
263513250
263903640
264136950
264264000
264539520
264600000
264710250
264864600
264929280
265420800
265465200
265720500
265781250
266112000
266222880
266716800
266805000
267567300
267807540
267907500
268017750
268329600
268435456
268738560
268800000
268939440
269068800
269438400
269549280
270000000
270050760
270112500
270270000
270540270
270565680
270950400
271591320
271656000
271683720
271769190
272097792
272160000
272273400
272432160
272522250
272806380
272868750
273208320
273273000
273375000
273919800
274053780
274337280
274428000
274834560
275051700
275164890
275251200
275562000
275625000
275675400
276480000
276595200
276714900
276756480
277200000
277315500
277477200
277717440
277830000
277858350
278107830
278691840
278738460
278900160
279128850
279417600
279510000
279789510
279936000
280052640
280145250
280665000
280780500
281080800
281250000
281531250
281746080
282240000
282357600
282522240
282910320
282975000
283115520
283423140
283435200
283500000
283783500
283852800
284203920
284497920
284592000
284594310
285238800
285405120
285768000
285862500
285885600
285887070
286218240
286396110
286654464
286936650
286978140
287043750
287400960
287615790
288000000
288120000
288149400
288288000
288408120
288750000
289013760
289038750
289340100
289406250
289459170
289766400
290304000
290424960
290690400
290990700
291060000
291351060
291600000
291721500
291891600
292011720
292723200
292792500
292968750
293388480
293485500
293932800
294000000
294053760
294294000
294324030
294698250
294912000
295034880
295074780
295134840
295162560
295245000
295312500
295680000
295975680
296352000
296382240
296475480
297123750
297297000
297606960
297675000
298045440
298598400
298648350
298821600
299376000
299500740
299819520
300000000
300056400
300179880
300300000
300600300
301056000
301311780
301870800
301989888
302330880
302400000
302526000
302556870
302702400
302776320
303118200
303187500
303242940
303750000
303753450
304053750
304254720
304386390
304504200
304819200
304920000
305047050
305224920
305613000
306065760
306110016
306180000
306306000
306486180
307200000
307359360
307461000
307507200
308629440
308700000
308731500
308858550
309008700
309188880
309657600
310007250
310390080
310464000
310593360
311040000
311169600
311272500
311351040
311850000
312161850
312238080
312312000
312432120
312558750
313051200
313528320
313762680
314344800
314448750
314474160
314572800
314928000
315000000
315059220
315131250
315315000
316108800
316215900
316406250
316932000
316964340
317116800
317520000
317625000
317652300
317837520
318274110
318504960
318558240
318743040
318864600
318937500
319068750
319334400
319729410
319759440
320060160
320089770
320166000
320893650
321080760
321489000
321562500
321621300
321995520
322071750
322486272
322560000
322694400
322834050
322882560
323326080
323400000
323723400
324000000
324135000
324324000
324804480
324843750
325140480
325194870
325248000
325987200
326592000
326726400
326728080
327026700
327442500
327927600
328050000
328125000
328378050
328703760
329280000
329313600
329609280
329789460
329879550
330062040
330301440
330330000
330660330
330674400
330750000
330810480
331080750
331161600
331776000
331831500
331914240
332057880
332640000
332778600
332972640
333396000
333430020
333506250
334807830
334954620
335301120
335412000
335923200
336000000
336174300
336336000
336798000
336936600
337182720
337296960
337500000
337563450
337837500
338207100
338257920
338468130
338688000
338829120
339489150
339570000
339604650
339738624
339909570
340122240
340200000
340341750
340540200
340623360
341510400
341591250
341718750
342286560
342399750
342921600
343035000
343062720
343543200
344064000
344323980
344356320
344373768
344452500
344531250
344594250
345104760
345600000
345744000
345779280
345888060
345945600
346500000
346846500
347146800
347208120
347287500
347719680
347837490
348364800
348625200
348828480
349188840
349272000
349387500
349417530
349789440
349920000
350065800
350209860
350269920
350831250
351267840
351351000
351562500
352182600
352719360
352800000
352947000
353152800
353637900
353718750
353783430
353894400
354294000
354375000
354816000
354963840
355254900
355622400
355740000
356095740
356548500
356756400
357210000
357357000
357567210
357772800
358318080
358378020
358585920
359251200
359399040
359729370
360000000
360067680
360150000
360186750
360360000
360510150
360720360
360937500
361267200
362208000
362244960
362797056
362880000
363031200
363242880
363363000
363741840
363825000
364277760
364500000
364504140
364864500
365014650
365405040
365783040
365904000
366056460
366735600
367416000
367500000
367567200
367569090
367867500
368588220
368640000
368793600
368918550
368953200
369008640
369056250
369600000
369791730
369969600
370440000
370477800
370594350
370630260
370810440
371589120
371621250
371651280
372008700
372027810
372093750
372161790
372556800
373248000
373403520
373527000
374220000
374594220
374774400
375000000
375070500
375224850
375375000
375661440
376320000
376696320
377213760
377338500
377487360
377897520
377913600
378000000
378157500
378287910
378378000
378470400
378897750
379330560
379459080
379687500
380318400
380540160
380630250
381024000
381150000
381182760
381531150
381861480
382016250
382205952
382582200
382637520
382725000
382882500
383201280
383487720
384000000
384199200
384326250
384384000
385072380
385351680
385786800
385875000
385945560
386486100
387072000
387233280
387400860
387987600
388080000
388241700
388468080
388800000
388962000
389001690
389188800
389812500
390297600
390390000
390540150
390780390
391184640
391314000
391910400
392071680
392203350
392432040
392931000
393092700
393216000
393513120
393550080
393660000
393750000
394053660
394143750
395136000
395176320
395300640
395855460
396165000
396396000
396809280
396900000
397031250
397296900
397393920
398131200
398197800
398428800
398580750
399168000
399334320
399699300
399759360
400075200
400207500
400239840
401350950
401711310
401861250
402494400
402653184
403107840
403200000
403368000
403409160
403603200
404157600
404250000
404323920
404654250
405000000
405076140
405168750
405405000
405672960
405848520
406005600
406425600
406560000
406966560
407386980
407484000
407525580
408146688
408240000
408408000
408410100
408648240
409209570
409812480
409909500
410062500
410156250
410879700
411080670
411505920
411600000
411642000
412011600
412251840
412577550
412876800
412912500
413343000
413437500
413513100
413952000
414720000
414892800
415072350
415134720
415800000
415973250
416215800
416317440
416576160
416745000
418037760
418107690
418350240
419126400
419265000
419904000
420000000
420078960
420420000
420840420
420997500
421170750
421478400
421621200
421875000
422619120
422822400
423360000
423536400
423783360
424365480
424462500
424673280
424744320
425134710
425152800
425250000
425254830
425675250
425779200
426305880
426746880
426786360
426888000
427065870
427858200
428107680
428652000
428793750
428828400
429327360
429429000
429981696
430080000
430445400
430467210
430510080
431101440
431380950
432000000
432180000
432224100
432401970
432432000
432612180
433125000
433520640
433933500
434010150
434649600
435456000
435637440
435781500
436035600
436486050
436590000
437026590
437236800
437400000
437582250
437837400
438017580
438271680
439084800
439188750
439669230
440082720
440228250
440401920
440899200
441000000
441080640
441183750
441441000
442368000
442552320
442612170
442702260
442743840
442867500
442968750
443520000
443704800
443963520
444528000
444573360
444675000
444713220
445945500
446185740
446410440
446512500
446606160
446696250
447068160
447216000
447897600
448232400
449064000
449248800
449251110
449729280
450000000
450084600
450187500
450269820
450450000
450900450
451290840
451584000
451772160
451967670
452760000
452806200
452984832
453212760
453496320
453600000
453789000
454053600
454164480
454203750
454677300
454781250
454864410
455347200
455625000
456382080
456756300
457228800
457380000
457416960
457837380
458419500
459098640
459165024
459270000
459375000
459459000
459729270
460800000
460992000
461039040
461191500
461260800
461831370
462000000
462462000
462944160
463050000
463097250
463513050
463626240
463783320
464486400
464564100
465104640
465585120
465696000
465890040
466560000
466754400
466908750
467026560
467775000
468357120
468468000
468648180
468750000
469218750
469576800
470292480
470400000
470644020
470870400
471517200
471711240
471859200
472371900
472392000
472500000
472588830
472972500
473088000
473489940
474163200
474323850
475284810
475398000
475446510
475675200
476280000
476437500
476478450
476756280
477326850
477757440
477837360
478114560
478227750
478296900
478406250
479001600
479359650
479639160
480000000
480090240
480249000
480480000
480960480
481621140
481689600
482233500
482343750
482431950
482993280
483729408
483840000
484041600
484323840
484984500
484989120
485100000
485585100
486000000
486005520
486202500
486486000
487206720
487710720
487872000
487987500
488075280
488980800
489142500
489888000
490089600
490092120
490540050
491163750
491520000
491891400
491937600
492011520
492075000
492187500
493055640
493920000
493970400
494125800
494173680
494413920
494684190
495093060
495206250
495452160
495495000
496011600
496125000
496215720
496742400
497356860
497664000
497747250
497871360
498036000
498086820
498960000
499167900
499458960
499699200
500094000
500145030
500299800
500881920
502431930
502951680
503118000
503316480
503884800
504000000
504210000
504261450
504383880
504504000
504714210
505197000
505312500
505404900
505774080
505945440
506250000
506756250
507091200
507310650
507386880
507507000
508032000
508200000
508243680
508708200
509355000
509607936
510183360
510300000
510510000
510810300
510935040
511020510
512265600
513429840
514382400
514500000
514552500
514594080
515014500
515314800
516096000
516311040
516485970
516534480
516560652
516678750
517440000
517657140
517957440
518400000
518616000
518668920
518832090
518918400
519609090
519750000
520269750
520396800
520720200
520812180
520931250
521579520
522547200
522762240
522937800
523242720
523783260
523908000
524081250
524684160
524880000
525000000
525098700
525314790
525404880
525525000
526848000
526901760
527026500
527343750
527807280
528273900
528528000
529079040
529200000
529420500
529729200
529858560
530456850
530841600
530930400
531441000
531562500
532224000
532445760
532882350
533433600
533482950
533610000
534143610
534822750
535134600
535615080
535815000
536035500
536659200
536786250
536870912
537477120
537567030
537600000
537878880
538056750
538137600
538876800
539098560
540000000
540101520
540225000
540540000
541080540
541131360
541406250
541900800
543182640
543312000
543367440
543538380
544195584
544320000
544546800
544864320
545044500
545612760
545737500
546416640
546546000
546750000
546756210
547296750
547839600
548107560
548674560
548856000
549084690
549669120
550103400
550329780
550502400
551124000
551250000
551350800
551801250
552882330
552960000
553190400
553429800
553512960
554400000
554631000
554954400
555434880
555660000
555716700
555843750
555945390
556215660
557383680
557476920
557800320
558013050
558257700
558835200
559020000
559579020
559872000
560105280
560290500
561330000
561561000
561891330
562161600
562500000
562605750
563062500
563492160
564113550
564480000
564715200
565044480
565820640
565950000
566007750
566231040
566515950
566846280
566870400
567000000
567236250
567567000
567705600
568407840
568995840
569184000
569188620
569531250
570477600
570810240
571536000
571725000
571771200
571774140
572436480
572792220
573308928
573873300
573956280
574087500
574218750
574323750
574801920
575231580
576000000
576240000
576298800
576576000
576816240
577500000
577608570
578027520
578077500
578680200
578812500
578918340
579532800
579729150
580608000
580849920
581101290
581380800
581981400
582120000
582362550
582702120
583200000
583443000
583783200
584023440
584718750
585446400
585585000
585937500
586776960
586971000
587865600
588000000
588107520
588588000
588648060
589396500
589639050
589824000
590069760
590149560
590269680
590325120
590490000
590625000
591080490
591360000
591951360
592704000
592764480
592950960
593783190
594247500
594594000
595213920
595350000
595945350
596090880
597196800
597296700
597643200
598752000
599001480
599548950
599639040
600000000
600112800
600311250
600359760
600600000
601200600
602112000
602623560
603741600
603933330
603979776
604661760
604800000
605052000
605113740
605404800
605552640
606236400
606375000
606485880
607500000
607506900
607614210
608107500
608509440
608772780
609008400
609638400
609840000
610094100
610449840
611080470
611226000
611288370
612131520
612220032
612360000
612612000
612615150
612972360
614083470
614400000
614718720
614864250
614922000
615014400
615093750
616319550
617258880
617400000
617463000
617657250
617717100
618017400
618377760
619315200
619368750
620014500
620156250
620269650
620780160
620928000
621186720
622080000
622339200
622545000
622702080
623700000
624323700
624476160
624624000
624864240
625117500
625374750
626102400
627056640
627525360
628689600
628897500
628948320
629145600
629856000
630000000
630118440
630262500
630479850
630630000
631260630
631496250
632217600
632431800
632812500
633864000
633928680
634233600
634383750
635040000
635250000
635304600
635675040
635885250
636548220
636693750
637009920
637116480
637486080
637729200
637875000
638137500
638668800
639458820
639518880
640120320
640179540
640332000
641787300
642161520
642978000
643125000
643242600
643991040
644143500
644972544
645120000
645388800
645668100
645765120
646652160
646800000
647446800
648000000
648270000
648336150
648648000
648918270
649608960
649687500
650280960
650389740
650496000
650900250
651974400
653184000
653452800
653456160
653672250
654053400
654885000
655855200
656100000
656250000
656756100
656906250
657026370
657407520
658560000
658627200
659218560
659578920
659759100
660124080
660602880
660660000
661320660
661348800
661500000
661620960
662161500
662323200
663552000
663663000
663828480
664053390
664115760
664301250
665280000
665557200
665945280
666792000
666860040
667012500
667069830
668257590
668918250
669278610
669518850
669615660
669768750
669909240
670602240
670824000
671103510
671846400
672000000
672348600
672672000
673596000
673873200
674365440
674593920
675000000
675126900
675281250
675404730
675675000
676414200
676515840
676936260
677376000
677658240
678978300
679140000
679209300
679477248
679488810
679819140
680244480
680400000
680683500
681080400
681246720
682015950
683020800
683182500
683437500
684573120
684799500
685134450
685843200
686070000
686125440
686756070
687086400
687629250
688128000
688647960
688712640
688747536
688905000
689062500
689188500
690209520
691200000
691488000
691558560
691776120
691787250
691891200
693000000
693288750
693693000
694293600
694416240
694575000
695439360
695674980
696729600
696846150
697250400
697656960
698377680
698544000
698775000
698835060
699578880
699840000
700131600
700419720
700539840
701662500
701951250
702535680
702702000
702972270
703125000
704365200
705438720
705600000
705894000
705966030
706305600
707275800
707437500
707566860
707788800
708557850
708588000
708750000
709458750
709632000
709927680
710234910
710509800
711244800
711480000
712191480
713097000
713512800
714420000
714656250
714714000
715134420
715545600
716636160
716756040
717171840
717445350
718502400
718798080
719458740
720000000
720135360
720300000
720373500
720720000
721020300
721440720
721875000
722431710
722534400
723350250
724416000
724489920
725594112
725735010
725760000
726062400
726485760
726726000
727476750
727483680
727650000
728377650
728555520
729000000
729008280
729303750
729729000
730029300
730810080
731566080
731808000
731981250
732112920
733471200
733713750
734832000
735000000
735134400
735138180
735735000
737176440
737280000
737587200
737686950
737837100
737906400
738017280
738112500
738281250
739200000
739583460
739939200
740880000
740955600
741188700
741260520
741620880
742639590
743178240
743242500
743302560
744017400
744055620
744187500
744323580
745113600
746035290
746496000
746807040
746876130
747054000
747130230
748440000
748751850
749188440
749548800
750000000
750141000
750449700
750750000
751322880
751500750
752640000
753279450
753392640
754427520
754677000
754974720
755795040
755827200
756000000
756315000
756575820
756756000
756940800
757795500
757968750
758107350
758661120
758918160
759375000
760636800
761080320
761260500
762048000
762300000
762365520
763062300
763722960
764032500
764411904
765164400
765275040
765450000
765765000
766215450
766402560
766975440
768000000
768398400
768652500
768768000
770144760
770703360
771573600
771750000
771828750
771891120
772521750
772972200
774144000
774466560
774801720
774840978
775975200
776160000
776483400
776485710
776936160
777600000
777924000
778003380
778181250
778377600
779625000
780595200
780780000
781080300
781218270
781560780
782369280
782628000
783820800
784143360
784406700
784864080
785674890
785862000
786185400
786432000
787026240
787100160
787320000
787500000
787648050
788107320
788287500
789758970
790272000
790352640
790539750
790601280
791710920
792330000
792410850
792792000
793122330
793618560
793800000
794062500
794130750
794593800
794787840
796262400
796395600
796857600
797161500
797343750
798336000
798668640
799398600
799518720
800150400
800415000
800479680
802701900
803032230
803422620
803722500
803906250
804053250
804988800
805306368
806215680
806400000
806736000
806818320
807206400
808315200
808500000
808647840
809308500
810000000
810152280
810337500
810810000
811345920
811620810
811697040
812011200
812851200
813120000
813933120
814773960
814968000
815051160
815307570
816293376
816480000
816816000
816820200
817296480
817566750
818419140
818606250
819624960
819819000
820125000
820312500
821759400
822161340
823011840
823200000
823284000
824023200
824473650
824503680
825155100
825494670
825753600
825825000
826686000
826875000
827026200
827904000
829440000
829578750
829785600
830144700
830269440
831600000
831946500
832431600
832634880
833152320
833490000
833575050
834323490
836075520
836215380
836700480
837386550
838252800
838530000
839368530
839808000
840000000
840157920
840435750
840840000
841680840
841995000
842341500
842956800
843242400
843750000
844593750
845238240
845517750
845644800
846720000
847072800
847566720
848730960
848925000
849346560
849488640
850269420
850305600
850500000
850509660
851350500
851558400
852611760
853493760
853572720
853776000
853782930
854131740
855716400
856215360
857304000
857587500
857656800
857661210
857686830
858654720
858858000
859188330
859963392
860160000
860809950
860890800
860934420
861020160
861131250
862202880
862761900
862847370
864000000
864360000
864448200
864720150
864803940
864864000
865224360
866250000
867041280
867116250
867867000
868020300
868218750
868377510
869299200
870912000
871274880
871563000
872071200
872972100
873180000
873468750
874053180
874473600
874800000
875164500
875524650
875674800
876035160
876543360
878169600
878377500
878906250
879338460
880165440
880456500
880803840
881798400
882000000
882161280
882367500
882671790
882882000
882972090
884094750
884736000
885104640
885224340
885404520
885487680
885735000
885937500
887040000
887409600
887927040
888137250
889056000
889146720
889350000
889426440
890239350
891371250
891891000
892371480
892820880
893025000
893212320
893392500
894136320
894432000
895795200
895945050
896464800
898128000
898497600
898502220
899458560
900000000
900169200
900375000
900539640
900900000
901800900
902343750
902581680
903168000
903544320
903935340
905520000
905612400
905969664
906425520
906992640
907200000
907578000
907670610
908107200
908328960
908407500
909354600
909562500
909728820
910694400
911250000
911260350
912161250
912764160
913159170
913512600
914457600
914760000
914833920
915141150
915674760
916839000
918197280
918330048
918540000
918750000
918918000
919458540
919668750
921470550
921600000
921984000
922078080
922383000
922521600
923662740
924000000
924924000
925888320
926100000
926194500
926575650
927026100
927252480
927566640
928972800
929128200
930021750
930209280
931170240
931392000
931780080
933120000
933508800
933817500
934053120
935550000
936485550
936714240
936936000
937296360
937326390
937500000
937676250
938437500
939153600
940584960
940800000
941288040
941740800
943034400
943346250
943422480
943718400
944743800
944784000
945000000
945177660
945393750
945945000
946176000
946979880
948326400
948647700
949038090
949218750
950569620
950796000
950893020
951350400
952560000
952875000
952956900
953512560
954653700
954822330
955514880
955674720
956229120
956455500
956593800
956812500
957206250
958003200
958719300
959188230
959278320
960000000
960180480
960269310
960498000
960960000
961920960
962680950
963242280
963379200
964467000
964687500
964863900
965986560
966215250
967458816
967680000
968083200
968502150
968647680
969969000
969978240
970200000
970604250
971170200
972000000
972011040
972405000
972972000
974413440
974531250
975421440
975584610
975744000
975975000
976150560
977961600
978285000
979776000
980179200
980184240
981080100
982327500
982731750
983040000
983782800
983875200
984023040
984150000
984375000
985134150
986111280
987840000
987940800
988251600
988347360
988827840
989368380
989638650
990186120
990412500
990904320
990990000
991980990
992023200
992250000
992431440
993242250
993484800
994713720
995328000
995494500
995742720
996072000
996173640
997920000
998335800
998917920
999248250
999398400
