700 1000 100 80
1 2
2 3
2 4
4 5
4 6
6 7
7 8
7 9
4 10
6 11
11 12
11 13
7 14
13 15
9 16
8 17
8 18
5 19
10 20
2 21
8 22
16 23
11 24
23 25
21 26
19 27
12 28
20 29
25 30
27 31
1 32
20 33
1 34
30 35
17 36
1 37
27 38
30 39
6 40
14 41
32 42
1 43
2 44
25 45
30 46
20 47
31 48
13 49
37 50
5 51
13 52
37 53
8 54
23 55
28 56
56 57
30 58
55 59
2 60
23 61
25 62
23 63
45 64
55 65
31 66
41 67
66 68
64 69
3 70
69 71
4 72
61 73
35 74
7 75
43 76
33 77
26 78
32 79
1 80
14 81
59 82
28 83
83 84
3 85
24 86
46 87
68 88
33 89
28 90
4 91
52 92
32 93
76 94
36 95
67 96
10 97
64 98
7 99
46 100
17 101
50 102
54 103
82 104
86 105
89 106
32 107
39 108
35 109
34 110
4 111
40 112
52 113
103 114
72 115
19 116
93 117
35 118
31 119
21 120
57 121
91 122
6 123
52 124
1 125
57 126
76 127
113 128
106 129
112 130
126 131
81 132
62 133
76 134
18 135
108 136
1 137
59 138
32 139
29 140
85 141
139 142
93 143
104 144
88 145
124 146
63 147
32 148
56 149
119 150
75 151
17 152
95 153
81 154
102 155
30 156
1 157
157 158
94 159
155 160
61 161
104 162
151 163
50 164
54 165
129 166
158 167
4 168
7 169
142 170
54 171
46 172
45 173
41 174
57 175
102 176
95 177
45 178
178 179
89 180
71 181
117 182
53 183
3 184
123 185
20 186
104 187
113 188
45 189
65 190
7 191
84 192
148 193
152 194
117 195
171 196
36 197
77 198
79 199
96 200
19 201
39 202
159 203
27 204
33 205
195 206
73 207
122 208
159 209
49 210
143 211
136 212
115 213
57 214
202 215
187 216
89 217
159 218
19 219
71 220
13 221
129 222
168 223
215 224
195 225
223 226
90 227
187 228
113 229
119 230
101 231
5 232
162 233
149 234
192 235
78 236
157 237
90 238
177 239
233 240
199 241
220 242
190 243
51 244
57 245
74 246
179 247
109 248
54 249
238 250
105 251
167 252
49 253
239 254
146 255
159 256
57 257
197 258
206 259
147 260
197 261
182 262
152 263
104 264
87 265
226 266
132 267
233 268
252 269
182 270
226 271
177 272
104 273
56 274
111 275
155 276
178 277
187 278
122 279
202 280
108 281
89 282
93 283
110 284
189 285
249 286
107 287
202 288
14 289
105 290
3 291
89 292
14 293
133 294
286 295
240 296
52 297
14 298
190 299
1 300
27 301
214 302
267 303
100 304
231 305
166 306
231 307
294 308
20 309
197 310
283 311
243 312
102 313
187 314
161 315
113 316
20 317
279 318
36 319
214 320
88 321
310 322
163 323
78 324
314 325
189 326
220 327
107 328
260 329
264 330
103 331
320 332
105 333
145 334
331 335
131 336
241 337
143 338
255 339
53 340
132 341
239 342
15 343
2 344
46 345
193 346
157 347
252 348
217 349
319 350
208 351
186 352
128 353
128 354
334 355
326 356
280 357
324 358
138 359
36 360
258 361
238 362
117 363
36 364
356 365
240 366
277 367
124 368
6 369
215 370
94 371
336 372
324 373
278 374
271 375
119 376
282 377
260 378
193 379
206 380
244 381
200 382
73 383
76 384
236 385
309 386
116 387
187 388
190 389
369 390
158 391
388 392
180 393
141 394
381 395
312 396
283 397
37 398
86 399
36 400
352 401
164 402
292 403
382 404
399 405
15 406
43 407
245 408
133 409
120 410
133 411
181 412
411 413
39 414
120 415
237 416
122 417
366 418
21 419
386 420
14 421
35 422
212 423
383 424
369 425
153 426
422 427
257 428
262 429
111 430
203 431
383 432
85 433
28 434
244 435
358 436
387 437
106 438
205 439
262 440
38 441
425 442
55 443
430 444
185 445
124 446
177 447
241 448
362 449
266 450
413 451
367 452
372 453
241 454
119 455
16 456
101 457
206 458
228 459
393 460
73 461
108 462
395 463
83 464
454 465
202 466
199 467
14 468
450 469
461 470
261 471
309 472
66 473
278 474
413 475
426 476
296 477
252 478
283 479
167 480
404 481
416 482
244 483
228 484
74 485
183 486
370 487
126 488
486 489
375 490
223 491
7 492
224 493
8 494
255 495
311 496
262 497
383 498
488 499
70 500
451 501
281 502
158 503
136 504
100 505
51 506
416 507
358 508
422 509
79 510
136 511
267 512
417 513
18 514
448 515
390 516
141 517
304 518
233 519
443 520
141 521
110 522
317 523
210 524
188 525
161 526
137 527
304 528
244 529
297 530
398 531
301 532
342 533
347 534
455 535
466 536
167 537
115 538
194 539
500 540
476 541
368 542
362 543
342 544
171 545
213 546
248 547
21 548
22 549
415 550
216 551
126 552
544 553
442 554
456 555
278 556
480 557
382 558
519 559
290 560
212 561
49 562
266 563
323 564
189 565
267 566
450 567
520 568
78 569
495 570
515 571
313 572
101 573
33 574
438 575
383 576
517 577
458 578
220 579
346 580
16 581
110 582
305 583
450 584
516 585
177 586
14 587
367 588
545 589
208 590
409 591
588 592
512 593
206 594
139 595
140 596
562 597
362 598
460 599
232 600
135 601
436 602
389 603
11 604
530 605
67 606
99 607
512 608
306 609
122 610
419 611
501 612
225 613
463 614
575 615
126 616
558 617
252 618
263 619
196 620
12 621
528 622
66 623
115 624
527 625
290 626
432 627
375 628
512 629
197 630
45 631
159 632
548 633
571 634
456 635
547 636
522 637
440 638
562 639
419 640
337 641
388 642
419 643
589 644
608 645
7 646
132 647
607 648
427 649
102 650
482 651
444 652
540 653
295 654
60 655
328 656
285 657
432 658
300 659
107 660
154 661
640 662
371 663
429 664
400 665
137 666
572 667
292 668
374 669
457 670
84 671
561 672
427 673
126 674
407 675
484 676
468 677
89 678
428 679
133 680
550 681
305 682
660 683
212 684
170 685
325 686
439 687
188 688
616 689
184 690
230 691
313 692
652 693
662 694
541 695
517 696
154 697
340 698
498 699
462 700
49 338
244 476
371 670
230 296
510 516
139 512
16 558
127 483
386 613
39 450
243 344
47 463
486 650
110 358
21 37
351 577
202 551
79 653
228 601
46 646
300 690
154 251
211 272
376 426
105 514
185 254
202 350
49 693
469 642
155 501
372 576
161 443
297 696
488 542
136 625
180 599
388 569
2 416
193 573
218 356
143 347
128 425
447 567
77 497
282 425
163 374
266 277
314 536
220 687
88 432
303 666
269 694
481 699
519 598
568 672
250 256
87 180
83 625
420 518
303 339
386 427
391 503
129 434
137 553
474 645
128 543
89 589
323 426
321 489
8 534
556 597
205 575
615 669
434 661
233 359
449 680
98 259
61 463
73 568
553 648
50 623
344 471
171 574
53 202
297 653
285 322
7 343
107 687
54 372
415 689
225 244
343 623
38 524
40 358
8 72
403 528
106 142
447 521
106 482
144 295
518 631
24 143
105 319
210 542
129 692
416 506
614 637
23 217
48 106
351 436
512 601
48 102
154 352
503 587
93 486
256 406
215 642
31 422
269 345
60 608
336 581
371 413
41 450
69 484
356 379
15 556
61 305
101 265
125 432
331 582
118 543
281 606
56 236
168 217
84 659
130 207
193 651
201 549
108 410
250 592
483 601
297 314
493 544
180 220
360 585
197 241
202 597
326 695
229 470
330 513
208 416
30 208
57 210
198 328
639 689
66 218
326 476
121 357
473 478
144 443
439 474
460 603
341 440
230 431
131 223
116 153
30 484
283 462
310 353
422 672
162 401
349 616
134 257
38 647
283 480
105 334
117 124
129 558
43 185
178 482
211 487
297 413
418 442
102 350
401 695
568 616
14 76
69 601
72 648
3 583
254 415
93 322
360 362
107 459
129 662
28 540
68 686
302 654
15 239
45 150
194 697
61 197
369 490
72 562
390 522
25 464
267 644
144 335
87 571
223 468
323 381
454 640
321 508
497 559
222 508
165 169
37 542
37 404
101 287
88 234
452 519
424 684
249 281
29 591
306 426
531 635
376 639
200 503
173 439
5 417
136 231
5 96
296 298
577 668
40 615
10 439
311 456
255 511
62 158
510 589
293 662
488 682
339 460
214 321
237 678
334 401
238 402
156 449
81 648
522 612
485 563
113 449
190 296
55 630
70 84
86 646
604 647
332 511
55 460
424 597
486 692
219 231
129 143
8 69
114 326
36 138
103 347
481 592
428 453
54 591
114 504
497 547
262 495
160 537
470 628
475 509
102 159
437 608
340 421
487 575
252 361
167 531
319 591
169 580
119 598
55 222
34 221
86 379
45 584
233 430
87 243
478 556
149 326
14 687
83 530
434 463
306 547
191 325
422 443
50 495
180 253
