7000 10000 100 80
1 2
1 3
3 4
2 5
1 6
4 7
1 8
3 9
4 10
7 11
4 12
8 13
1 14
10 15
7 16
13 17
10 18
1 19
3 20
11 21
9 22
19 23
10 24
10 25
17 26
7 27
23 28
6 29
8 30
13 31
24 32
12 33
19 34
1 35
12 36
28 37
25 38
9 39
25 40
14 41
2 42
37 43
18 44
24 45
25 46
31 47
10 48
37 49
21 50
31 51
25 52
47 53
7 54
17 55
54 56
1 57
10 58
23 59
13 60
59 61
3 62
7 63
59 64
63 65
8 66
41 67
48 68
64 69
27 70
57 71
31 72
55 73
14 74
47 75
32 76
29 77
17 78
47 79
65 80
41 81
70 82
19 83
74 84
66 85
77 86
84 87
48 88
57 89
56 90
22 91
44 92
81 93
1 94
1 95
69 96
50 97
96 98
16 99
36 100
20 101
58 102
4 103
23 104
31 105
69 106
90 107
42 108
80 109
100 110
2 111
92 112
101 113
87 114
71 115
106 116
86 117
79 118
113 119
72 120
106 121
67 122
30 123
87 124
24 125
47 126
125 127
94 128
64 129
50 130
48 131
51 132
75 133
86 134
45 135
118 136
133 137
56 138
42 139
111 140
104 141
14 142
137 143
36 144
136 145
102 146
146 147
55 148
94 149
117 150
61 151
19 152
50 153
133 154
138 155
115 156
104 157
42 158
96 159
31 160
67 161
60 162
9 163
108 164
57 165
148 166
154 167
117 168
110 169
28 170
81 171
47 172
72 173
80 174
122 175
35 176
28 177
148 178
97 179
17 180
148 181
176 182
70 183
90 184
26 185
126 186
10 187
88 188
91 189
9 190
182 191
152 192
96 193
48 194
127 195
139 196
138 197
67 198
97 199
123 200
165 201
161 202
99 203
108 204
48 205
70 206
147 207
67 208
92 209
145 210
170 211
96 212
57 213
119 214
144 215
41 216
35 217
97 218
196 219
160 220
218 221
164 222
129 223
13 224
130 225
144 226
152 227
131 228
211 229
176 230
188 231
37 232
30 233
124 234
199 235
134 236
222 237
126 238
170 239
221 240
17 241
33 242
55 243
241 244
59 245
75 246
74 247
65 248
67 249
130 250
197 251
225 252
70 253
68 254
118 255
76 256
213 257
67 258
31 259
156 260
17 261
145 262
205 263
74 264
242 265
6 266
216 267
78 268
237 269
136 270
262 271
251 272
235 273
193 274
218 275
110 276
5 277
159 278
253 279
112 280
99 281
26 282
270 283
267 284
163 285
174 286
276 287
1 288
200 289
13 290
6 291
102 292
199 293
74 294
29 295
150 296
148 297
114 298
43 299
78 300
267 301
149 302
175 303
295 304
54 305
107 306
178 307
213 308
62 309
264 310
296 311
32 312
152 313
223 314
128 315
9 316
245 317
76 318
190 319
179 320
135 321
28 322
285 323
208 324
239 325
135 326
203 327
33 328
176 329
30 330
215 331
251 332
56 333
261 334
263 335
288 336
333 337
91 338
4 339
209 340
17 341
32 342
128 343
142 344
273 345
285 346
33 347
28 348
68 349
38 350
82 351
5 352
310 353
2 354
236 355
28 356
271 357
199 358
40 359
326 360
119 361
34 362
348 363
295 364
3 365
256 366
243 367
23 368
225 369
355 370
179 371
141 372
208 373
339 374
176 375
107 376
20 377
81 378
225 379
312 380
228 381
264 382
274 383
116 384
168 385
24 386
35 387
222 388
257 389
67 390
329 391
131 392
293 393
269 394
303 395
309 396
125 397
43 398
164 399
383 400
296 401
27 402
397 403
92 404
319 405
187 406
348 407
245 408
18 409
290 410
343 411
285 412
19 413
92 414
163 415
257 416
122 417
177 418
54 419
243 420
102 421
389 422
322 423
399 424
331 425
95 426
101 427
351 428
133 429
230 430
76 431
96 432
98 433
133 434
186 435
169 436
7 437
186 438
212 439
358 440
89 441
381 442
125 443
439 444
304 445
205 446
401 447
122 448
258 449
292 450
82 451
181 452
364 453
293 454
263 455
45 456
137 457
241 458
369 459
45 460
267 461
66 462
456 463
447 464
413 465
19 466
78 467
145 468
303 469
355 470
435 471
325 472
192 473
133 474
204 475
261 476
324 477
65 478
265 479
156 480
203 481
118 482
139 483
413 484
179 485
82 486
444 487
317 488
159 489
75 490
257 491
302 492
40 493
162 494
45 495
64 496
458 497
370 498
361 499
372 500
309 501
484 502
414 503
236 504
329 505
120 506
319 507
89 508
198 509
335 510
341 511
344 512
352 513
172 514
286 515
487 516
475 517
252 518
491 519
136 520
154 521
318 522
307 523
47 524
45 525
508 526
176 527
116 528
179 529
116 530
228 531
51 532
509 533
152 534
447 535
231 536
38 537
100 538
362 539
392 540
521 541
390 542
341 543
501 544
300 545
258 546
35 547
177 548
174 549
450 550
380 551
108 552
201 553
27 554
26 555
61 556
294 557
228 558
540 559
60 560
362 561
257 562
335 563
139 564
500 565
50 566
169 567
459 568
385 569
123 570
423 571
510 572
131 573
44 574
265 575
343 576
57 577
347 578
520 579
110 580
148 581
143 582
199 583
181 584
28 585
360 586
263 587
339 588
533 589
385 590
55 591
450 592
67 593
587 594
378 595
169 596
89 597
119 598
377 599
150 600
501 601
179 602
171 603
167 604
411 605
384 606
147 607
242 608
54 609
592 610
502 611
227 612
348 613
540 614
514 615
215 616
23 617
283 618
359 619
473 620
426 621
204 622
20 623
136 624
149 625
282 626
65 627
173 628
579 629
331 630
515 631
436 632
18 633
372 634
600 635
539 636
456 637
486 638
519 639
583 640
311 641
324 642
435 643
31 644
469 645
479 646
66 647
422 648
48 649
623 650
535 651
176 652
506 653
103 654
53 655
498 656
399 657
61 658
378 659
200 660
85 661
348 662
37 663
77 664
45 665
361 666
445 667
11 668
442 669
442 670
411 671
290 672
611 673
409 674
213 675
675 676
150 677
671 678
622 679
13 680
392 681
611 682
69 683
56 684
523 685
518 686
438 687
82 688
402 689
51 690
474 691
686 692
30 693
43 694
381 695
265 696
427 697
291 698
38 699
232 700
73 701
625 702
405 703
202 704
467 705
649 706
524 707
362 708
155 709
488 710
53 711
246 712
487 713
531 714
95 715
354 716
256 717
656 718
220 719
415 720
447 721
333 722
463 723
402 724
661 725
120 726
72 727
477 728
528 729
205 730
628 731
498 732
470 733
611 734
591 735
711 736
172 737
647 738
166 739
222 740
729 741
47 742
38 743
12 744
592 745
405 746
530 747
449 748
401 749
98 750
542 751
439 752
714 753
122 754
533 755
637 756
570 757
462 758
316 759
169 760
490 761
569 762
325 763
431 764
135 765
573 766
311 767
556 768
746 769
490 770
690 771
210 772
198 773
172 774
223 775
720 776
553 777
104 778
560 779
128 780
51 781
638 782
555 783
136 784
699 785
191 786
702 787
376 788
65 789
779 790
782 791
80 792
583 793
785 794
333 795
79 796
98 797
678 798
205 799
490 800
115 801
131 802
286 803
348 804
602 805
761 806
532 807
217 808
112 809
64 810
759 811
205 812
121 813
421 814
497 815
158 816
498 817
234 818
564 819
37 820
756 821
42 822
664 823
749 824
323 825
533 826
610 827
144 828
801 829
134 830
631 831
495 832
507 833
133 834
753 835
695 836
667 837
498 838
252 839
724 840
523 841
118 842
662 843
709 844
162 845
731 846
625 847
484 848
740 849
721 850
62 851
783 852
431 853
87 854
388 855
317 856
149 857
382 858
579 859
716 860
465 861
850 862
491 863
349 864
519 865
8 866
423 867
830 868
249 869
572 870
228 871
188 872
435 873
301 874
19 875
62 876
449 877
325 878
287 879
30 880
398 881
303 882
291 883
135 884
301 885
729 886
157 887
466 888
701 889
398 890
431 891
815 892
79 893
53 894
439 895
241 896
240 897
828 898
481 899
857 900
220 901
880 902
217 903
433 904
566 905
463 906
240 907
267 908
835 909
300 910
226 911
672 912
680 913
183 914
424 915
532 916
139 917
790 918
736 919
466 920
568 921
860 922
264 923
52 924
437 925
706 926
618 927
865 928
647 929
24 930
692 931
484 932
698 933
337 934
659 935
746 936
202 937
663 938
397 939
913 940
584 941
670 942
403 943
312 944
457 945
661 946
814 947
697 948
258 949
70 950
338 951
148 952
319 953
234 954
872 955
224 956
875 957
393 958
9 959
141 960
178 961
670 962
310 963
169 964
296 965
738 966
458 967
887 968
281 969
647 970
741 971
516 972
278 973
291 974
455 975
555 976
483 977
577 978
11 979
258 980
323 981
391 982
398 983
247 984
448 985
934 986
844 987
117 988
424 989
341 990
772 991
944 992
461 993
331 994
163 995
826 996
429 997
69 998
53 999
687 1000
378 1001
361 1002
444 1003
579 1004
249 1005
466 1006
926 1007
205 1008
219 1009
772 1010
914 1011
420 1012
862 1013
195 1014
530 1015
645 1016
254 1017
665 1018
301 1019
851 1020
185 1021
792 1022
129 1023
489 1024
471 1025
14 1026
759 1027
714 1028
741 1029
61 1030
393 1031
761 1032
993 1033
151 1034
579 1035
746 1036
142 1037
142 1038
963 1039
1035 1040
294 1041
788 1042
845 1043
626 1044
447 1045
471 1046
998 1047
782 1048
762 1049
31 1050
520 1051
255 1052
198 1053
848 1054
90 1055
1047 1056
253 1057
201 1058
79 1059
353 1060
925 1061
320 1062
54 1063
986 1064
414 1065
639 1066
443 1067
285 1068
916 1069
36 1070
767 1071
403 1072
452 1073
291 1074
955 1075
822 1076
457 1077
145 1078
1011 1079
872 1080
1078 1081
842 1082
267 1083
189 1084
996 1085
647 1086
831 1087
801 1088
980 1089
877 1090
535 1091
556 1092
704 1093
942 1094
903 1095
548 1096
933 1097
442 1098
82 1099
560 1100
998 1101
109 1102
597 1103
359 1104
1018 1105
88 1106
838 1107
590 1108
352 1109
291 1110
359 1111
833 1112
222 1113
942 1114
420 1115
135 1116
1022 1117
1035 1118
1108 1119
615 1120
208 1121
4 1122
941 1123
914 1124
1096 1125
73 1126
824 1127
567 1128
184 1129
965 1130
793 1131
186 1132
668 1133
567 1134
281 1135
892 1136
813 1137
663 1138
962 1139
638 1140
141 1141
235 1142
1025 1143
1114 1144
341 1145
1108 1146
176 1147
72 1148
211 1149
797 1150
300 1151
946 1152
188 1153
729 1154
874 1155
581 1156
750 1157
621 1158
482 1159
404 1160
1106 1161
839 1162
706 1163
242 1164
671 1165
544 1166
358 1167
1033 1168
593 1169
518 1170
957 1171
1056 1172
362 1173
1003 1174
1155 1175
374 1176
169 1177
449 1178
735 1179
938 1180
1141 1181
46 1182
389 1183
903 1184
1156 1185
727 1186
113 1187
221 1188
722 1189
214 1190
10 1191
337 1192
390 1193
845 1194
354 1195
1003 1196
722 1197
137 1198
298 1199
540 1200
558 1201
973 1202
894 1203
720 1204
657 1205
1091 1206
993 1207
543 1208
984 1209
407 1210
504 1211
932 1212
779 1213
645 1214
341 1215
290 1216
476 1217
835 1218
963 1219
518 1220
186 1221
312 1222
465 1223
15 1224
147 1225
69 1226
596 1227
709 1228
62 1229
976 1230
376 1231
900 1232
164 1233
846 1234
654 1235
74 1236
1038 1237
153 1238
236 1239
1052 1240
1163 1241
650 1242
399 1243
403 1244
87 1245
247 1246
1161 1247
611 1248
552 1249
1076 1250
747 1251
1201 1252
16 1253
294 1254
306 1255
578 1256
1219 1257
452 1258
267 1259
757 1260
1185 1261
900 1262
462 1263
378 1264
844 1265
978 1266
1090 1267
1010 1268
67 1269
196 1270
386 1271
388 1272
1248 1273
758 1274
1031 1275
55 1276
901 1277
267 1278
860 1279
935 1280
192 1281
131 1282
989 1283
819 1284
554 1285
242 1286
800 1287
333 1288
770 1289
915 1290
401 1291
1077 1292
1236 1293
641 1294
659 1295
1032 1296
567 1297
293 1298
357 1299
644 1300
1028 1301
1223 1302
358 1303
1251 1304
735 1305
45 1306
481 1307
465 1308
353 1309
295 1310
794 1311
908 1312
24 1313
195 1314
1153 1315
269 1316
1111 1317
709 1318
945 1319
1081 1320
1025 1321
968 1322
1311 1323
299 1324
1182 1325
473 1326
29 1327
558 1328
21 1329
1111 1330
1024 1331
307 1332
830 1333
1130 1334
433 1335
689 1336
1156 1337
1068 1338
1326 1339
44 1340
1210 1341
803 1342
1059 1343
1250 1344
256 1345
1112 1346
410 1347
737 1348
312 1349
391 1350
1251 1351
85 1352
1188 1353
935 1354
29 1355
199 1356
88 1357
725 1358
1252 1359
308 1360
280 1361
1061 1362
774 1363
84 1364
449 1365
6 1366
462 1367
989 1368
589 1369
1001 1370
882 1371
761 1372
774 1373
747 1374
1280 1375
340 1376
612 1377
558 1378
153 1379
190 1380
636 1381
1199 1382
975 1383
115 1384
202 1385
928 1386
525 1387
661 1388
175 1389
34 1390
253 1391
181 1392
1020 1393
1233 1394
242 1395
436 1396
97 1397
208 1398
694 1399
1032 1400
1237 1401
729 1402
241 1403
1186 1404
786 1405
1270 1406
1037 1407
207 1408
1327 1409
1337 1410
144 1411
1295 1412
843 1413
1302 1414
1407 1415
1344 1416
170 1417
922 1418
617 1419
17 1420
223 1421
715 1422
15 1423
624 1424
1312 1425
1084 1426
1203 1427
958 1428
290 1429
689 1430
1220 1431
449 1432
659 1433
1101 1434
423 1435
254 1436
682 1437
951 1438
1375 1439
1438 1440
133 1441
452 1442
553 1443
975 1444
1203 1445
934 1446
1059 1447
996 1448
636 1449
124 1450
1081 1451
767 1452
132 1453
1060 1454
1216 1455
891 1456
670 1457
890 1458
29 1459
53 1460
1055 1461
337 1462
797 1463
25 1464
222 1465
963 1466
759 1467
1019 1468
993 1469
677 1470
1239 1471
1194 1472
1469 1473
1129 1474
621 1475
1415 1476
282 1477
703 1478
1281 1479
1272 1480
1191 1481
1375 1482
156 1483
1028 1484
831 1485
1426 1486
429 1487
322 1488
1195 1489
1453 1490
486 1491
935 1492
763 1493
730 1494
143 1495
1397 1496
66 1497
1491 1498
435 1499
1495 1500
530 1501
1183 1502
357 1503
1144 1504
520 1505
1424 1506
1123 1507
1073 1508
87 1509
1223 1510
30 1511
995 1512
802 1513
335 1514
1044 1515
1294 1516
782 1517
1037 1518
42 1519
355 1520
487 1521
657 1522
1431 1523
592 1524
845 1525
140 1526
337 1527
1344 1528
355 1529
806 1530
319 1531
76 1532
573 1533
765 1534
1108 1535
628 1536
1333 1537
737 1538
365 1539
1005 1540
1426 1541
251 1542
1083 1543
69 1544
848 1545
726 1546
50 1547
792 1548
1176 1549
750 1550
213 1551
1201 1552
446 1553
993 1554
40 1555
489 1556
223 1557
1506 1558
1160 1559
552 1560
637 1561
649 1562
1353 1563
888 1564
1330 1565
126 1566
192 1567
798 1568
594 1569
680 1570
1030 1571
340 1572
394 1573
828 1574
728 1575
796 1576
1539 1577
1208 1578
1436 1579
654 1580
1120 1581
1101 1582
925 1583
1042 1584
318 1585
968 1586
1174 1587
821 1588
866 1589
760 1590
1477 1591
58 1592
730 1593
158 1594
426 1595
1145 1596
1302 1597
268 1598
1393 1599
241 1600
399 1601
573 1602
874 1603
48 1604
978 1605
944 1606
1029 1607
548 1608
298 1609
1070 1610
1364 1611
566 1612
290 1613
808 1614
787 1615
348 1616
1197 1617
384 1618
53 1619
365 1620
1307 1621
1348 1622
1599 1623
528 1624
971 1625
36 1626
996 1627
1561 1628
1293 1629
1444 1630
640 1631
1570 1632
1032 1633
835 1634
1316 1635
656 1636
775 1637
1350 1638
1335 1639
50 1640
485 1641
331 1642
860 1643
278 1644
1154 1645
1398 1646
806 1647
1337 1648
84 1649
1409 1650
1309 1651
1081 1652
949 1653
761 1654
967 1655
874 1656
861 1657
383 1658
278 1659
1448 1660
700 1661
188 1662
185 1663
1083 1664
1197 1665
1594 1666
984 1667
29 1668
761 1669
1305 1670
828 1671
1523 1672
632 1673
1427 1674
534 1675
1363 1676
86 1677
694 1678
407 1679
90 1680
1576 1681
664 1682
309 1683
1512 1684
945 1685
1682 1686
671 1687
632 1688
1118 1689
466 1690
279 1691
361 1692
273 1693
1249 1694
805 1695
20 1696
154 1697
1495 1698
1540 1699
1391 1700
1650 1701
599 1702
982 1703
1339 1704
615 1705
448 1706
1607 1707
503 1708
591 1709
1000 1710
47 1711
1375 1712
367 1713
700 1714
1618 1715
453 1716
1522 1717
496 1718
399 1719
1258 1720
1250 1721
1085 1722
807 1723
1407 1724
932 1725
718 1726
1305 1727
1698 1728
1113 1729
1643 1730
73 1731
1535 1732
896 1733
810 1734
173 1735
997 1736
497 1737
377 1738
1051 1739
1375 1740
952 1741
120 1742
486 1743
693 1744
960 1745
1077 1746
878 1747
1651 1748
908 1749
1058 1750
634 1751
1550 1752
159 1753
309 1754
865 1755
11 1756
1091 1757
1223 1758
672 1759
1060 1760
1353 1761
1462 1762
1737 1763
647 1764
808 1765
88 1766
533 1767
178 1768
1438 1769
649 1770
1160 1771
927 1772
785 1773
1431 1774
44 1775
709 1776
1588 1777
99 1778
1355 1779
150 1780
740 1781
535 1782
1664 1783
1628 1784
466 1785
1466 1786
489 1787
855 1788
264 1789
631 1790
1434 1791
661 1792
1271 1793
258 1794
543 1795
1576 1796
619 1797
1274 1798
1219 1799
330 1800
1096 1801
1050 1802
464 1803
755 1804
1395 1805
117 1806
1597 1807
385 1808
981 1809
1225 1810
948 1811
988 1812
1282 1813
695 1814
59 1815
1588 1816
992 1817
1464 1818
417 1819
1239 1820
213 1821
1445 1822
732 1823
258 1824
1338 1825
1679 1826
1617 1827
780 1828
1395 1829
149 1830
967 1831
522 1832
1648 1833
1329 1834
1717 1835
12 1836
414 1837
310 1838
935 1839
128 1840
1368 1841
1281 1842
1794 1843
965 1844
237 1845
1616 1846
920 1847
1451 1848
550 1849
392 1850
1007 1851
909 1852
1142 1853
173 1854
1601 1855
484 1856
1610 1857
708 1858
748 1859
687 1860
1616 1861
1239 1862
633 1863
1412 1864
1440 1865
509 1866
677 1867
1762 1868
1264 1869
1643 1870
407 1871
4 1872
537 1873
1581 1874
906 1875
167 1876
1062 1877
990 1878
1748 1879
1044 1880
775 1881
173 1882
1327 1883
17 1884
1531 1885
1517 1886
356 1887
1748 1888
779 1889
129 1890
277 1891
508 1892
1101 1893
1123 1894
86 1895
1357 1896
1679 1897
602 1898
454 1899
369 1900
130 1901
800 1902
670 1903
607 1904
1879 1905
1348 1906
1544 1907
1450 1908
1235 1909
85 1910
1617 1911
1017 1912
660 1913
983 1914
639 1915
1599 1916
1401 1917
481 1918
1469 1919
1827 1920
931 1921
623 1922
4 1923
1130 1924
1031 1925
1046 1926
708 1927
728 1928
1420 1929
1773 1930
620 1931
1337 1932
772 1933
457 1934
1100 1935
106 1936
1141 1937
152 1938
1340 1939
282 1940
1520 1941
102 1942
668 1943
138 1944
1522 1945
1755 1946
1399 1947
1941 1948
1646 1949
1137 1950
174 1951
1510 1952
181 1953
726 1954
341 1955
469 1956
367 1957
1048 1958
1666 1959
238 1960
1837 1961
1777 1962
560 1963
936 1964
821 1965
327 1966
680 1967
1150 1968
1086 1969
1137 1970
234 1971
1831 1972
434 1973
550 1974
300 1975
341 1976
33 1977
1045 1978
1022 1979
45 1980
1867 1981
1138 1982
569 1983
1734 1984
1612 1985
1255 1986
11 1987
78 1988
1671 1989
1410 1990
111 1991
135 1992
57 1993
1133 1994
1634 1995
1549 1996
239 1997
1372 1998
181 1999
1760 2000
382 2001
1001 2002
603 2003
277 2004
1285 2005
1239 2006
1665 2007
1885 2008
372 2009
1577 2010
682 2011
1010 2012
1065 2013
1235 2014
643 2015
1140 2016
604 2017
512 2018
455 2019
530 2020
1617 2021
600 2022
1998 2023
304 2024
1533 2025
1686 2026
1991 2027
1131 2028
2025 2029
589 2030
995 2031
411 2032
337 2033
769 2034
34 2035
2005 2036
1852 2037
1591 2038
1400 2039
1441 2040
1109 2041
719 2042
6 2043
885 2044
1227 2045
238 2046
1171 2047
1756 2048
1799 2049
1043 2050
1293 2051
611 2052
346 2053
1612 2054
1184 2055
1141 2056
1028 2057
1826 2058
1955 2059
185 2060
1682 2061
1796 2062
1581 2063
1695 2064
1873 2065
182 2066
2001 2067
448 2068
1680 2069
316 2070
484 2071
444 2072
1154 2073
2010 2074
1052 2075
1826 2076
297 2077
1948 2078
1088 2079
1927 2080
677 2081
1929 2082
694 2083
1365 2084
1997 2085
445 2086
297 2087
1559 2088
1171 2089
332 2090
1099 2091
327 2092
1695 2093
518 2094
166 2095
183 2096
1219 2097
67 2098
474 2099
842 2100
272 2101
1415 2102
485 2103
831 2104
175 2105
1029 2106
1438 2107
1404 2108
1642 2109
325 2110
1876 2111
1507 2112
1246 2113
1870 2114
333 2115
394 2116
1644 2117
1621 2118
373 2119
627 2120
2076 2121
736 2122
51 2123
95 2124
1357 2125
611 2126
232 2127
321 2128
1369 2129
1542 2130
548 2131
586 2132
1322 2133
322 2134
1157 2135
859 2136
239 2137
1710 2138
438 2139
245 2140
2010 2141
1903 2142
1436 2143
430 2144
146 2145
589 2146
1734 2147
792 2148
1484 2149
571 2150
104 2151
367 2152
1637 2153
1682 2154
1735 2155
1991 2156
1559 2157
514 2158
1310 2159
85 2160
948 2161
1072 2162
2022 2163
285 2164
903 2165
237 2166
1461 2167
924 2168
1205 2169
893 2170
842 2171
619 2172
399 2173
487 2174
345 2175
2077 2176
749 2177
1456 2178
1465 2179
1309 2180
1517 2181
1594 2182
516 2183
1325 2184
1949 2185
1514 2186
1551 2187
706 2188
1228 2189
644 2190
699 2191
1934 2192
756 2193
685 2194
1565 2195
84 2196
559 2197
497 2198
559 2199
20 2200
612 2201
1899 2202
825 2203
1314 2204
36 2205
381 2206
2050 2207
385 2208
463 2209
2200 2210
1267 2211
587 2212
317 2213
1857 2214
678 2215
1512 2216
871 2217
978 2218
658 2219
1943 2220
1034 2221
393 2222
1175 2223
456 2224
1783 2225
117 2226
583 2227
1596 2228
1374 2229
962 2230
1945 2231
1438 2232
125 2233
521 2234
559 2235
1669 2236
1222 2237
1746 2238
972 2239
2094 2240
1228 2241
2098 2242
1179 2243
2048 2244
471 2245
556 2246
545 2247
480 2248
193 2249
2137 2250
748 2251
1077 2252
320 2253
1706 2254
1754 2255
839 2256
566 2257
2159 2258
375 2259
635 2260
2061 2261
2245 2262
1610 2263
225 2264
2086 2265
99 2266
659 2267
286 2268
1277 2269
188 2270
542 2271
1073 2272
723 2273
328 2274
812 2275
1899 2276
1168 2277
1162 2278
808 2279
2245 2280
63 2281
186 2282
1778 2283
1445 2284
1199 2285
419 2286
2112 2287
1369 2288
228 2289
382 2290
114 2291
1858 2292
2164 2293
1983 2294
847 2295
299 2296
1392 2297
1535 2298
260 2299
1963 2300
1102 2301
2106 2302
697 2303
474 2304
658 2305
1148 2306
2156 2307
605 2308
2231 2309
675 2310
1489 2311
1895 2312
1069 2313
884 2314
121 2315
838 2316
2089 2317
1684 2318
490 2319
721 2320
1931 2321
1414 2322
2131 2323
2235 2324
1632 2325
1402 2326
942 2327
124 2328
3 2329
1839 2330
910 2331
868 2332
466 2333
1721 2334
2267 2335
865 2336
1095 2337
1304 2338
1772 2339
820 2340
1358 2341
200 2342
259 2343
729 2344
2021 2345
1983 2346
370 2347
359 2348
410 2349
177 2350
552 2351
1581 2352
92 2353
918 2354
1690 2355
1423 2356
1406 2357
542 2358
696 2359
4 2360
1265 2361
760 2362
402 2363
1049 2364
267 2365
387 2366
726 2367
1321 2368
2147 2369
1249 2370
1655 2371
1295 2372
899 2373
2055 2374
120 2375
1367 2376
627 2377
109 2378
1336 2379
1473 2380
1293 2381
872 2382
976 2383
1167 2384
106 2385
308 2386
1411 2387
740 2388
159 2389
119 2390
1638 2391
1229 2392
1235 2393
367 2394
357 2395
148 2396
597 2397
988 2398
1647 2399
1597 2400
1612 2401
2292 2402
127 2403
2103 2404
1212 2405
1986 2406
1922 2407
1580 2408
71 2409
541 2410
1346 2411
1074 2412
1635 2413
2006 2414
2225 2415
1005 2416
296 2417
789 2418
998 2419
4 2420
338 2421
169 2422
2338 2423
1714 2424
292 2425
157 2426
352 2427
1728 2428
1420 2429
676 2430
2050 2431
987 2432
1796 2433
2230 2434
218 2435
770 2436
1956 2437
1203 2438
4 2439
1194 2440
1377 2441
1471 2442
351 2443
2195 2444
2258 2445
2073 2446
803 2447
507 2448
2259 2449
1044 2450
291 2451
1683 2452
1578 2453
773 2454
1154 2455
1147 2456
2055 2457
1223 2458
2226 2459
2147 2460
159 2461
2140 2462
721 2463
706 2464
775 2465
2322 2466
1798 2467
1228 2468
570 2469
248 2470
480 2471
1790 2472
1582 2473
1094 2474
1642 2475
2023 2476
902 2477
1820 2478
1493 2479
524 2480
2008 2481
300 2482
950 2483
2187 2484
603 2485
2431 2486
896 2487
2482 2488
2476 2489
1277 2490
988 2491
2341 2492
540 2493
639 2494
394 2495
2392 2496
446 2497
532 2498
917 2499
2301 2500
89 2501
1547 2502
1939 2503
1387 2504
222 2505
1373 2506
2260 2507
2438 2508
2455 2509
1209 2510
138 2511
1723 2512
798 2513
548 2514
335 2515
553 2516
341 2517
612 2518
1917 2519
106 2520
1267 2521
578 2522
548 2523
349 2524
1730 2525
1154 2526
1869 2527
523 2528
1193 2529
477 2530
2111 2531
1809 2532
1276 2533
173 2534
1437 2535
885 2536
2216 2537
603 2538
953 2539
1508 2540
356 2541
535 2542
1739 2543
598 2544
432 2545
1927 2546
1595 2547
1731 2548
18 2549
2148 2550
2019 2551
305 2552
1647 2553
918 2554
1711 2555
679 2556
302 2557
502 2558
1351 2559
610 2560
379 2561
70 2562
2477 2563
232 2564
286 2565
2438 2566
131 2567
2253 2568
2219 2569
1168 2570
326 2571
123 2572
2182 2573
2086 2574
1823 2575
237 2576
1797 2577
1348 2578
1955 2579
601 2580
193 2581
2325 2582
733 2583
2043 2584
1581 2585
1954 2586
2262 2587
2523 2588
701 2589
116 2590
364 2591
1387 2592
852 2593
1772 2594
2180 2595
655 2596
906 2597
1628 2598
643 2599
510 2600
228 2601
491 2602
376 2603
2299 2604
652 2605
759 2606
909 2607
876 2608
549 2609
1088 2610
973 2611
462 2612
204 2613
772 2614
1728 2615
2118 2616
864 2617
1622 2618
152 2619
248 2620
669 2621
2532 2622
904 2623
2090 2624
843 2625
2001 2626
1753 2627
575 2628
679 2629
2163 2630
1639 2631
236 2632
1103 2633
1110 2634
2587 2635
824 2636
1143 2637
2469 2638
27 2639
910 2640
2381 2641
1081 2642
356 2643
1426 2644
1404 2645
273 2646
1473 2647
1447 2648
297 2649
81 2650
161 2651
301 2652
569 2653
2 2654
1751 2655
121 2656
765 2657
2504 2658
1914 2659
1327 2660
1974 2661
980 2662
1093 2663
268 2664
2038 2665
961 2666
1113 2667
614 2668
2408 2669
1647 2670
2660 2671
1228 2672
2428 2673
2198 2674
1400 2675
686 2676
2059 2677
1615 2678
411 2679
1863 2680
2529 2681
620 2682
2410 2683
1143 2684
1340 2685
1262 2686
1770 2687
1617 2688
270 2689
2244 2690
2353 2691
2387 2692
2131 2693
245 2694
152 2695
1108 2696
2283 2697
1663 2698
991 2699
2516 2700
2459 2701
362 2702
651 2703
2224 2704
598 2705
1471 2706
1425 2707
1824 2708
1329 2709
1562 2710
383 2711
2269 2712
1738 2713
1001 2714
515 2715
676 2716
172 2717
2360 2718
81 2719
1323 2720
1263 2721
2530 2722
226 2723
1620 2724
1417 2725
264 2726
2273 2727
2514 2728
1766 2729
2143 2730
1913 2731
2486 2732
2404 2733
2115 2734
1884 2735
2163 2736
1598 2737
1081 2738
2025 2739
954 2740
792 2741
2211 2742
2345 2743
453 2744
454 2745
824 2746
1802 2747
1334 2748
1363 2749
1610 2750
1212 2751
1091 2752
2132 2753
2297 2754
1124 2755
1628 2756
365 2757
2523 2758
907 2759
1135 2760
50 2761
505 2762
2044 2763
2374 2764
1570 2765
1651 2766
2308 2767
1316 2768
415 2769
2481 2770
1564 2771
1961 2772
1914 2773
2308 2774
369 2775
2403 2776
143 2777
1333 2778
1269 2779
133 2780
7 2781
1448 2782
2165 2783
1192 2784
209 2785
52 2786
598 2787
2525 2788
459 2789
2474 2790
1952 2791
2220 2792
2550 2793
1837 2794
477 2795
386 2796
1473 2797
961 2798
2747 2799
136 2800
1938 2801
296 2802
1139 2803
2215 2804
832 2805
1200 2806
2714 2807
2330 2808
1605 2809
994 2810
1836 2811
2290 2812
1604 2813
476 2814
1733 2815
2035 2816
206 2817
2370 2818
1785 2819
1212 2820
1483 2821
290 2822
557 2823
1774 2824
2678 2825
1661 2826
2430 2827
114 2828
1966 2829
1239 2830
101 2831
1349 2832
1955 2833
50 2834
1239 2835
2385 2836
1464 2837
353 2838
1055 2839
417 2840
955 2841
843 2842
190 2843
2157 2844
1783 2845
1668 2846
1291 2847
271 2848
124 2849
2728 2850
243 2851
1135 2852
1341 2853
72 2854
1079 2855
1675 2856
2660 2857
959 2858
2021 2859
418 2860
2434 2861
777 2862
2434 2863
1569 2864
124 2865
424 2866
1178 2867
1751 2868
1167 2869
10 2870
1055 2871
116 2872
1036 2873
1643 2874
1591 2875
231 2876
348 2877
177 2878
1015 2879
1969 2880
1797 2881
774 2882
2776 2883
2478 2884
1924 2885
2862 2886
1893 2887
1358 2888
2178 2889
1290 2890
1743 2891
2131 2892
896 2893
2808 2894
2158 2895
848 2896
2593 2897
2265 2898
2288 2899
2565 2900
1395 2901
410 2902
128 2903
1343 2904
360 2905
1632 2906
332 2907
529 2908
1051 2909
856 2910
2331 2911
2821 2912
305 2913
1526 2914
1613 2915
2904 2916
405 2917
772 2918
1949 2919
1070 2920
630 2921
605 2922
340 2923
203 2924
943 2925
974 2926
497 2927
1225 2928
880 2929
990 2930
2472 2931
2082 2932
573 2933
2607 2934
385 2935
597 2936
2325 2937
691 2938
528 2939
1169 2940
2635 2941
2675 2942
464 2943
848 2944
1602 2945
235 2946
2196 2947
319 2948
246 2949
2580 2950
2826 2951
38 2952
2898 2953
1089 2954
40 2955
562 2956
159 2957
2245 2958
797 2959
1742 2960
2366 2961
2621 2962
988 2963
230 2964
2805 2965
140 2966
2640 2967
2678 2968
177 2969
1319 2970
1840 2971
1553 2972
193 2973
2011 2974
281 2975
2749 2976
371 2977
2787 2978
484 2979
916 2980
364 2981
1001 2982
1945 2983
717 2984
733 2985
2906 2986
1590 2987
1068 2988
795 2989
1624 2990
2191 2991
612 2992
363 2993
1980 2994
1306 2995
1865 2996
965 2997
1927 2998
591 2999
240 3000
2673 3001
964 3002
141 3003
888 3004
847 3005
208 3006
1453 3007
272 3008
566 3009
3 3010
475 3011
230 3012
1807 3013
802 3014
100 3015
855 3016
2181 3017
948 3018
303 3019
1300 3020
929 3021
1134 3022
794 3023
1242 3024
1114 3025
1169 3026
143 3027
16 3028
784 3029
614 3030
455 3031
449 3032
2173 3033
1852 3034
319 3035
2431 3036
2534 3037
890 3038
1773 3039
1636 3040
3012 3041
2307 3042
2610 3043
824 3044
2602 3045
1794 3046
139 3047
2979 3048
229 3049
1734 3050
2631 3051
1411 3052
413 3053
178 3054
1138 3055
278 3056
2999 3057
2358 3058
1885 3059
1835 3060
2034 3061
926 3062
2600 3063
2851 3064
1082 3065
1152 3066
479 3067
271 3068
1788 3069
84 3070
72 3071
257 3072
1154 3073
2152 3074
2058 3075
884 3076
162 3077
1702 3078
2615 3079
2010 3080
177 3081
1560 3082
2840 3083
1685 3084
658 3085
2112 3086
1118 3087
2814 3088
29 3089
1267 3090
2313 3091
619 3092
1397 3093
252 3094
3070 3095
2252 3096
2321 3097
268 3098
1766 3099
820 3100
1148 3101
1949 3102
1331 3103
730 3104
874 3105
2293 3106
2857 3107
162 3108
1656 3109
187 3110
2724 3111
1260 3112
2944 3113
131 3114
2091 3115
669 3116
2402 3117
679 3118
892 3119
2328 3120
2935 3121
249 3122
1974 3123
500 3124
791 3125
1788 3126
1801 3127
6 3128
3038 3129
1617 3130
1510 3131
691 3132
2332 3133
2134 3134
1957 3135
1900 3136
98 3137
2386 3138
1848 3139
1836 3140
1163 3141
463 3142
2054 3143
2438 3144
3088 3145
2174 3146
3020 3147
2196 3148
157 3149
214 3150
701 3151
2806 3152
350 3153
997 3154
908 3155
415 3156
1794 3157
2664 3158
319 3159
10 3160
1959 3161
2769 3162
519 3163
837 3164
1588 3165
1205 3166
2904 3167
872 3168
585 3169
63 3170
1438 3171
1248 3172
687 3173
621 3174
2661 3175
1187 3176
317 3177
2394 3178
1032 3179
1140 3180
290 3181
1400 3182
189 3183
2390 3184
918 3185
1317 3186
1564 3187
2805 3188
2461 3189
32 3190
373 3191
1167 3192
2769 3193
1963 3194
2012 3195
201 3196
999 3197
469 3198
1013 3199
1444 3200
1689 3201
1231 3202
2049 3203
2306 3204
895 3205
650 3206
719 3207
2537 3208
2857 3209
2174 3210
3011 3211
2771 3212
1538 3213
834 3214
64 3215
3078 3216
1144 3217
2333 3218
3160 3219
1001 3220
1737 3221
2557 3222
1508 3223
1562 3224
2858 3225
1783 3226
310 3227
2681 3228
2283 3229
2570 3230
2478 3231
1696 3232
2606 3233
2668 3234
628 3235
834 3236
2936 3237
1580 3238
1180 3239
1726 3240
1656 3241
1732 3242
141 3243
3183 3244
900 3245
1702 3246
2152 3247
877 3248
2535 3249
1762 3250
974 3251
2027 3252
1199 3253
2839 3254
644 3255
2365 3256
896 3257
1904 3258
2447 3259
1134 3260
2383 3261
1519 3262
2347 3263
664 3264
1319 3265
2810 3266
2280 3267
1249 3268
2559 3269
1538 3270
3269 3271
949 3272
2961 3273
2577 3274
397 3275
2311 3276
1096 3277
1208 3278
2073 3279
1020 3280
842 3281
1243 3282
165 3283
123 3284
2640 3285
2711 3286
2674 3287
1676 3288
2325 3289
1963 3290
3002 3291
829 3292
3219 3293
988 3294
2812 3295
2303 3296
2347 3297
2738 3298
550 3299
1651 3300
2224 3301
2067 3302
1748 3303
1045 3304
2647 3305
2040 3306
310 3307
1482 3308
506 3309
2447 3310
1187 3311
1427 3312
2950 3313
2125 3314
2132 3315
867 3316
2957 3317
1108 3318
2869 3319
307 3320
326 3321
2454 3322
1296 3323
1623 3324
647 3325
2226 3326
633 3327
3290 3328
1220 3329
1765 3330
537 3331
580 3332
699 3333
700 3334
216 3335
348 3336
3015 3337
1248 3338
2318 3339
2173 3340
2509 3341
2994 3342
3125 3343
2557 3344
2811 3345
600 3346
3185 3347
181 3348
3299 3349
1929 3350
191 3351
3201 3352
101 3353
2764 3354
493 3355
2862 3356
1091 3357
1473 3358
2633 3359
1969 3360
3274 3361
3079 3362
1447 3363
1628 3364
2472 3365
233 3366
1172 3367
303 3368
1328 3369
2337 3370
3189 3371
626 3372
1803 3373
2023 3374
343 3375
310 3376
2610 3377
1907 3378
464 3379
2609 3380
2054 3381
341 3382
2895 3383
786 3384
2659 3385
3164 3386
2328 3387
2073 3388
3008 3389
800 3390
2676 3391
2675 3392
1669 3393
1044 3394
2384 3395
3139 3396
2292 3397
650 3398
922 3399
2358 3400
1872 3401
364 3402
71 3403
103 3404
2524 3405
992 3406
2240 3407
2075 3408
2332 3409
3198 3410
2461 3411
421 3412
2321 3413
2880 3414
882 3415
3023 3416
906 3417
548 3418
3066 3419
2685 3420
1902 3421
2388 3422
3184 3423
233 3424
477 3425
2658 3426
816 3427
1136 3428
2580 3429
2616 3430
594 3431
505 3432
1331 3433
861 3434
1699 3435
722 3436
2776 3437
2064 3438
195 3439
400 3440
3238 3441
1345 3442
327 3443
2848 3444
638 3445
2557 3446
3246 3447
2863 3448
607 3449
1327 3450
329 3451
2009 3452
3352 3453
2418 3454
84 3455
331 3456
2515 3457
1225 3458
1484 3459
3206 3460
2524 3461
674 3462
2111 3463
2915 3464
1340 3465
2839 3466
1773 3467
1046 3468
3003 3469
671 3470
3368 3471
2691 3472
3417 3473
1624 3474
2239 3475
1007 3476
1313 3477
1925 3478
1236 3479
3117 3480
1694 3481
274 3482
3464 3483
184 3484
745 3485
1778 3486
1685 3487
1533 3488
780 3489
2376 3490
2770 3491
2866 3492
547 3493
404 3494
1014 3495
954 3496
3205 3497
2134 3498
3093 3499
2658 3500
1096 3501
2326 3502
1203 3503
1660 3504
2141 3505
2224 3506
1462 3507
387 3508
3046 3509
2510 3510
2029 3511
3486 3512
3377 3513
2863 3514
3363 3515
532 3516
2565 3517
2419 3518
2545 3519
2081 3520
901 3521
1707 3522
2935 3523
3263 3524
691 3525
1175 3526
2884 3527
1695 3528
2369 3529
2851 3530
201 3531
1628 3532
2849 3533
1573 3534
1602 3535
1393 3536
653 3537
1870 3538
956 3539
2007 3540
1295 3541
1755 3542
783 3543
3212 3544
2686 3545
2670 3546
1616 3547
1704 3548
2731 3549
3405 3550
211 3551
2673 3552
2608 3553
2342 3554
1002 3555
2469 3556
3045 3557
2886 3558
2493 3559
2465 3560
3402 3561
1762 3562
591 3563
1878 3564
3551 3565
1670 3566
1328 3567
1616 3568
3566 3569
1684 3570
937 3571
274 3572
3435 3573
2975 3574
1327 3575
109 3576
3220 3577
861 3578
3002 3579
2964 3580
3314 3581
3559 3582
2918 3583
1441 3584
894 3585
1680 3586
3234 3587
2096 3588
995 3589
2730 3590
984 3591
1690 3592
1499 3593
2605 3594
1335 3595
2986 3596
3477 3597
1776 3598
3338 3599
749 3600
1455 3601
43 3602
1517 3603
1503 3604
2287 3605
206 3606
2008 3607
844 3608
3227 3609
914 3610
300 3611
693 3612
2106 3613
3278 3614
2778 3615
716 3616
2150 3617
2448 3618
3081 3619
1780 3620
981 3621
2312 3622
1646 3623
2874 3624
2870 3625
2503 3626
3567 3627
2152 3628
2228 3629
1962 3630
3275 3631
1974 3632
1762 3633
2395 3634
3117 3635
3126 3636
562 3637
3332 3638
635 3639
3202 3640
2140 3641
1401 3642
2743 3643
1041 3644
2877 3645
3097 3646
2553 3647
1151 3648
1543 3649
2325 3650
3631 3651
1797 3652
2374 3653
758 3654
3297 3655
2210 3656
1250 3657
1917 3658
3406 3659
855 3660
989 3661
1069 3662
1146 3663
3272 3664
2870 3665
974 3666
1201 3667
590 3668
1871 3669
31 3670
3595 3671
2827 3672
2432 3673
332 3674
1040 3675
515 3676
2369 3677
563 3678
613 3679
1125 3680
2822 3681
2347 3682
3366 3683
211 3684
2487 3685
2788 3686
3223 3687
1666 3688
2364 3689
1662 3690
135 3691
2124 3692
3265 3693
294 3694
295 3695
2288 3696
262 3697
1970 3698
2215 3699
842 3700
1104 3701
2772 3702
1263 3703
1088 3704
2985 3705
1598 3706
2211 3707
1116 3708
617 3709
14 3710
1305 3711
1073 3712
937 3713
3427 3714
820 3715
2876 3716
714 3717
2537 3718
3029 3719
2354 3720
2183 3721
3029 3722
2081 3723
3673 3724
923 3725
1627 3726
3323 3727
2144 3728
2506 3729
2012 3730
1617 3731
767 3732
2895 3733
2142 3734
1137 3735
2732 3736
636 3737
2170 3738
2285 3739
429 3740
1112 3741
20 3742
214 3743
2293 3744
1048 3745
3064 3746
2091 3747
1889 3748
2071 3749
1358 3750
1982 3751
2569 3752
803 3753
457 3754
2473 3755
3754 3756
3333 3757
3044 3758
3322 3759
2912 3760
2722 3761
2057 3762
3359 3763
3250 3764
1101 3765
1142 3766
1699 3767
2274 3768
1371 3769
2624 3770
2236 3771
3576 3772
587 3773
3600 3774
2446 3775
2913 3776
207 3777
3679 3778
3726 3779
145 3780
1910 3781
3409 3782
1341 3783
3001 3784
1415 3785
2796 3786
702 3787
3525 3788
1217 3789
2662 3790
2911 3791
3467 3792
679 3793
1615 3794
3707 3795
3315 3796
3693 3797
2310 3798
3168 3799
2958 3800
1695 3801
1212 3802
3741 3803
3512 3804
972 3805
1083 3806
2487 3807
3187 3808
1305 3809
3499 3810
1162 3811
3173 3812
3717 3813
1533 3814
2581 3815
2634 3816
3769 3817
2695 3818
2109 3819
3497 3820
1521 3821
3413 3822
293 3823
1688 3824
103 3825
1120 3826
3113 3827
628 3828
1664 3829
3455 3830
172 3831
1639 3832
41 3833
1665 3834
3662 3835
1454 3836
3002 3837
3023 3838
745 3839
2413 3840
2040 3841
328 3842
1334 3843
2420 3844
3832 3845
2273 3846
3225 3847
1589 3848
2138 3849
2360 3850
2457 3851
3428 3852
870 3853
3744 3854
3485 3855
588 3856
2221 3857
1580 3858
1588 3859
2537 3860
432 3861
3550 3862
3168 3863
301 3864
3591 3865
1223 3866
2122 3867
1212 3868
3131 3869
2640 3870
3849 3871
1357 3872
3779 3873
2743 3874
3600 3875
1070 3876
1807 3877
2570 3878
2422 3879
2106 3880
77 3881
781 3882
722 3883
253 3884
3383 3885
2374 3886
3863 3887
169 3888
1588 3889
3851 3890
611 3891
3069 3892
1828 3893
2125 3894
3808 3895
1594 3896
298 3897
2978 3898
1889 3899
1706 3900
3753 3901
3328 3902
1889 3903
3289 3904
1318 3905
3603 3906
1866 3907
3534 3908
1934 3909
2926 3910
2969 3911
1938 3912
292 3913
3850 3914
774 3915
1895 3916
21 3917
272 3918
2559 3919
1955 3920
479 3921
2772 3922
953 3923
573 3924
2994 3925
2758 3926
2788 3927
1064 3928
3523 3929
2318 3930
753 3931
2037 3932
899 3933
506 3934
1644 3935
2690 3936
703 3937
3038 3938
163 3939
1547 3940
3822 3941
3564 3942
1903 3943
1391 3944
1348 3945
2605 3946
2710 3947
839 3948
1606 3949
3785 3950
3918 3951
2305 3952
1356 3953
998 3954
1485 3955
3267 3956
2273 3957
3047 3958
192 3959
1034 3960
2698 3961
2478 3962
434 3963
2265 3964
3431 3965
3394 3966
2981 3967
2198 3968
1480 3969
1636 3970
3413 3971
2056 3972
3355 3973
2790 3974
2048 3975
2470 3976
1119 3977
781 3978
206 3979
436 3980
901 3981
1661 3982
194 3983
198 3984
541 3985
3849 3986
2765 3987
2566 3988
40 3989
1444 3990
751 3991
1444 3992
195 3993
412 3994
2979 3995
2073 3996
1909 3997
1263 3998
2442 3999
1611 4000
398 4001
2316 4002
517 4003
525 4004
3290 4005
3458 4006
820 4007
721 4008
3237 4009
628 4010
3753 4011
1197 4012
3158 4013
3912 4014
1196 4015
87 4016
1248 4017
513 4018
2396 4019
2755 4020
1941 4021
2838 4022
348 4023
1311 4024
1919 4025
2435 4026
3777 4027
2279 4028
1948 4029
1489 4030
3513 4031
2861 4032
827 4033
362 4034
2006 4035
2829 4036
1506 4037
1215 4038
1678 4039
1214 4040
1980 4041
3102 4042
1233 4043
2205 4044
935 4045
3709 4046
88 4047
922 4048
1290 4049
2527 4050
2329 4051
92 4052
767 4053
243 4054
1403 4055
3763 4056
2560 4057
330 4058
772 4059
918 4060
3912 4061
2023 4062
2794 4063
2039 4064
149 4065
2546 4066
52 4067
3067 4068
116 4069
1015 4070
2713 4071
4069 4072
3345 4073
1804 4074
500 4075
949 4076
571 4077
3429 4078
2861 4079
1051 4080
2439 4081
1940 4082
1186 4083
2609 4084
2405 4085
2039 4086
1530 4087
2685 4088
3222 4089
929 4090
679 4091
177 4092
3715 4093
2062 4094
708 4095
1098 4096
12 4097
86 4098
1358 4099
1640 4100
2638 4101
2622 4102
1460 4103
320 4104
3989 4105
876 4106
380 4107
1693 4108
1362 4109
720 4110
2504 4111
3527 4112
1780 4113
1415 4114
787 4115
3764 4116
2648 4117
290 4118
1509 4119
522 4120
1732 4121
1294 4122
20 4123
2217 4124
941 4125
2845 4126
105 4127
863 4128
152 4129
1014 4130
1111 4131
1929 4132
3935 4133
1132 4134
636 4135
3381 4136
454 4137
2218 4138
422 4139
312 4140
1966 4141
4015 4142
1554 4143
3217 4144
2904 4145
1324 4146
3642 4147
3534 4148
568 4149
648 4150
809 4151
2742 4152
1445 4153
20 4154
2389 4155
3855 4156
3018 4157
1980 4158
22 4159
1642 4160
4157 4161
3560 4162
1170 4163
2065 4164
2000 4165
2341 4166
1071 4167
2116 4168
1981 4169
3550 4170
246 4171
1005 4172
1939 4173
3878 4174
1758 4175
2442 4176
90 4177
3164 4178
1629 4179
3267 4180
3648 4181
1158 4182
436 4183
2218 4184
1162 4185
2191 4186
3155 4187
2318 4188
3956 4189
2130 4190
2018 4191
2357 4192
2879 4193
1557 4194
943 4195
3893 4196
3550 4197
541 4198
143 4199
1683 4200
35 4201
3573 4202
2615 4203
1820 4204
377 4205
344 4206
3561 4207
763 4208
1070 4209
2845 4210
1790 4211
1591 4212
3445 4213
1358 4214
2767 4215
3653 4216
3765 4217
4130 4218
1650 4219
3429 4220
682 4221
831 4222
103 4223
1576 4224
3296 4225
1675 4226
2543 4227
2407 4228
2110 4229
4160 4230
2199 4231
1717 4232
1668 4233
3034 4234
2521 4235
1114 4236
3949 4237
4053 4238
2148 4239
3900 4240
3487 4241
1406 4242
2518 4243
191 4244
1840 4245
3544 4246
2560 4247
419 4248
2233 4249
1992 4250
3019 4251
1075 4252
48 4253
213 4254
3080 4255
596 4256
984 4257
2781 4258
250 4259
2601 4260
3946 4261
980 4262
1314 4263
3248 4264
2946 4265
128 4266
151 4267
3038 4268
2799 4269
473 4270
2760 4271
3109 4272
2048 4273
4069 4274
1696 4275
2241 4276
2093 4277
3986 4278
3755 4279
3670 4280
2415 4281
1054 4282
122 4283
2467 4284
2647 4285
2088 4286
689 4287
302 4288
2730 4289
1304 4290
3235 4291
2826 4292
1821 4293
1877 4294
3611 4295
2618 4296
547 4297
2485 4298
2792 4299
3338 4300
1620 4301
1493 4302
541 4303
604 4304
3244 4305
2874 4306
1236 4307
766 4308
1254 4309
1899 4310
3305 4311
2436 4312
1058 4313
1846 4314
1115 4315
3973 4316
3266 4317
3915 4318
163 4319
1447 4320
3557 4321
3431 4322
130 4323
1134 4324
1651 4325
399 4326
2018 4327
1478 4328
4219 4329
1460 4330
2017 4331
2209 4332
1773 4333
347 4334
2518 4335
3556 4336
2195 4337
29 4338
313 4339
45 4340
3422 4341
2381 4342
477 4343
3215 4344
1008 4345
3575 4346
1084 4347
3339 4348
2852 4349
2454 4350
991 4351
2828 4352
865 4353
3172 4354
3690 4355
2478 4356
1231 4357
2253 4358
435 4359
3636 4360
1007 4361
1344 4362
344 4363
2579 4364
557 4365
2465 4366
1528 4367
2350 4368
3697 4369
3823 4370
1914 4371
1353 4372
3572 4373
1980 4374
1653 4375
1678 4376
3914 4377
2161 4378
1468 4379
221 4380
4368 4381
3479 4382
743 4383
928 4384
3621 4385
2544 4386
1693 4387
1085 4388
1191 4389
1048 4390
3642 4391
2818 4392
132 4393
4007 4394
1203 4395
2467 4396
2129 4397
2143 4398
4310 4399
2421 4400
893 4401
3980 4402
322 4403
4394 4404
48 4405
3980 4406
3809 4407
647 4408
3001 4409
3216 4410
3313 4411
2655 4412
4133 4413
493 4414
941 4415
3227 4416
951 4417
4002 4418
3646 4419
1430 4420
3173 4421
1774 4422
3425 4423
1734 4424
4072 4425
50 4426
3216 4427
2263 4428
1117 4429
834 4430
1962 4431
4380 4432
4127 4433
1495 4434
4325 4435
662 4436
1162 4437
3948 4438
4094 4439
2483 4440
2952 4441
3657 4442
283 4443
2067 4444
3864 4445
198 4446
3063 4447
3091 4448
1331 4449
2761 4450
2289 4451
2573 4452
3427 4453
1650 4454
3293 4455
2856 4456
484 4457
2696 4458
299 4459
814 4460
118 4461
1255 4462
1941 4463
4227 4464
3806 4465
4042 4466
412 4467
234 4468
3803 4469
815 4470
214 4471
3728 4472
994 4473
1325 4474
3782 4475
1312 4476
343 4477
2079 4478
1424 4479
3881 4480
3233 4481
3503 4482
4125 4483
3028 4484
2691 4485
3023 4486
3145 4487
2540 4488
574 4489
1513 4490
1447 4491
486 4492
1140 4493
3615 4494
2502 4495
150 4496
1433 4497
1223 4498
3046 4499
328 4500
3700 4501
4302 4502
590 4503
3771 4504
3822 4505
3937 4506
4458 4507
3019 4508
2826 4509
1554 4510
4155 4511
511 4512
2911 4513
3758 4514
3440 4515
1308 4516
901 4517
4266 4518
753 4519
3092 4520
4378 4521
4271 4522
453 4523
1634 4524
1064 4525
2445 4526
9 4527
3219 4528
3051 4529
1838 4530
3803 4531
692 4532
612 4533
3040 4534
2020 4535
739 4536
260 4537
4473 4538
2486 4539
4396 4540
2401 4541
2737 4542
1622 4543
804 4544
1524 4545
137 4546
2993 4547
671 4548
3401 4549
2130 4550
3757 4551
785 4552
4361 4553
1837 4554
2231 4555
4028 4556
1217 4557
2352 4558
1911 4559
2906 4560
1469 4561
2385 4562
95 4563
2218 4564
408 4565
4295 4566
1352 4567
302 4568
3191 4569
3413 4570
1636 4571
1934 4572
2988 4573
2642 4574
2850 4575
1251 4576
1967 4577
707 4578
1973 4579
626 4580
779 4581
831 4582
4254 4583
1772 4584
3917 4585
3026 4586
1415 4587
3474 4588
4450 4589
504 4590
4315 4591
1245 4592
483 4593
1583 4594
3239 4595
3815 4596
669 4597
2472 4598
1042 4599
376 4600
110 4601
1752 4602
1205 4603
3997 4604
2783 4605
1119 4606
2581 4607
2629 4608
449 4609
3474 4610
1372 4611
1500 4612
1484 4613
2404 4614
1956 4615
2869 4616
276 4617
3607 4618
4547 4619
2041 4620
3315 4621
1981 4622
4440 4623
595 4624
3829 4625
4273 4626
853 4627
1693 4628
78 4629
4373 4630
4540 4631
131 4632
857 4633
3447 4634
175 4635
996 4636
167 4637
278 4638
791 4639
1734 4640
711 4641
3307 4642
1747 4643
2620 4644
1118 4645
311 4646
4435 4647
672 4648
67 4649
2787 4650
3709 4651
4351 4652
4184 4653
2307 4654
1644 4655
3824 4656
286 4657
4107 4658
3589 4659
2313 4660
37 4661
1470 4662
2117 4663
1283 4664
2865 4665
2785 4666
2169 4667
3632 4668
122 4669
970 4670
584 4671
1957 4672
1332 4673
4316 4674
2510 4675
1591 4676
2804 4677
2897 4678
2280 4679
123 4680
4323 4681
4657 4682
4611 4683
2611 4684
4474 4685
1078 4686
3375 4687
1615 4688
1515 4689
1827 4690
3041 4691
286 4692
4511 4693
1775 4694
1350 4695
2934 4696
2382 4697
4469 4698
2219 4699
208 4700
2190 4701
4253 4702
863 4703
2770 4704
2443 4705
1170 4706
1865 4707
3020 4708
3216 4709
362 4710
602 4711
2074 4712
3253 4713
1212 4714
1888 4715
4170 4716
1995 4717
1012 4718
1986 4719
3316 4720
1589 4721
1161 4722
4182 4723
4458 4724
1857 4725
1360 4726
3411 4727
3236 4728
252 4729
631 4730
4613 4731
462 4732
3677 4733
1746 4734
3506 4735
3145 4736
434 4737
2209 4738
685 4739
1886 4740
3116 4741
3884 4742
3104 4743
234 4744
1292 4745
3606 4746
1727 4747
1472 4748
92 4749
48 4750
1089 4751
2243 4752
2803 4753
2597 4754
509 4755
2553 4756
2025 4757
3220 4758
3361 4759
4618 4760
3536 4761
1770 4762
3059 4763
2128 4764
2119 4765
4623 4766
1198 4767
1841 4768
192 4769
2725 4770
4510 4771
1811 4772
2338 4773
3503 4774
1785 4775
1268 4776
4535 4777
3152 4778
2991 4779
3497 4780
862 4781
1088 4782
939 4783
2555 4784
1661 4785
1498 4786
169 4787
636 4788
2551 4789
4040 4790
2694 4791
2542 4792
168 4793
7 4794
1957 4795
163 4796
1382 4797
2578 4798
985 4799
2927 4800
1383 4801
577 4802
1132 4803
3472 4804
1347 4805
4272 4806
159 4807
4485 4808
630 4809
2300 4810
2928 4811
902 4812
1695 4813
3502 4814
874 4815
1461 4816
2754 4817
1292 4818
1212 4819
2006 4820
3622 4821
1488 4822
2232 4823
4685 4824
3786 4825
1226 4826
769 4827
2515 4828
3452 4829
4236 4830
4564 4831
625 4832
114 4833
4360 4834
3197 4835
4508 4836
2125 4837
278 4838
1523 4839
1685 4840
3724 4841
2200 4842
4169 4843
3415 4844
3422 4845
4139 4846
4418 4847
4007 4848
2209 4849
3373 4850
2059 4851
2725 4852
4493 4853
3340 4854
923 4855
1033 4856
1557 4857
3380 4858
4351 4859
2863 4860
2333 4861
997 4862
307 4863
1220 4864
154 4865
492 4866
2874 4867
4208 4868
3555 4869
4834 4870
4500 4871
1571 4872
2327 4873
4723 4874
4303 4875
1888 4876
4065 4877
817 4878
3148 4879
4408 4880
3196 4881
2534 4882
2553 4883
1557 4884
4448 4885
3802 4886
2130 4887
4077 4888
1487 4889
3692 4890
1189 4891
2281 4892
2743 4893
3325 4894
3650 4895
4304 4896
4429 4897
3962 4898
1350 4899
3184 4900
3436 4901
2801 4902
1339 4903
4518 4904
4133 4905
3716 4906
983 4907
1438 4908
2202 4909
3568 4910
2847 4911
2605 4912
3866 4913
1628 4914
1868 4915
3093 4916
908 4917
4046 4918
1126 4919
1152 4920
3249 4921
944 4922
1224 4923
1859 4924
2275 4925
2105 4926
2939 4927
4014 4928
1011 4929
1887 4930
4253 4931
3951 4932
4321 4933
3040 4934
2624 4935
3457 4936
418 4937
4336 4938
4536 4939
1494 4940
2826 4941
3274 4942
2464 4943
2107 4944
1148 4945
840 4946
3631 4947
1659 4948
527 4949
4899 4950
2475 4951
2643 4952
1095 4953
3690 4954
639 4955
2934 4956
2577 4957
3053 4958
4699 4959
2926 4960
3901 4961
191 4962
4807 4963
502 4964
1352 4965
84 4966
1591 4967
911 4968
2770 4969
1362 4970
4171 4971
3146 4972
4038 4973
4170 4974
2435 4975
3180 4976
1499 4977
1693 4978
2028 4979
1697 4980
1938 4981
3694 4982
77 4983
662 4984
4468 4985
1918 4986
3849 4987
1446 4988
2634 4989
21 4990
2825 4991
1710 4992
1577 4993
2293 4994
1842 4995
2228 4996
2686 4997
3333 4998
980 4999
1461 5000
410 5001
4664 5002
233 5003
380 5004
1466 5005
3822 5006
1867 5007
1808 5008
577 5009
4815 5010
16 5011
3510 5012
2821 5013
4209 5014
1110 5015
2852 5016
537 5017
1012 5018
4005 5019
4278 5020
1657 5021
4620 5022
3585 5023
4473 5024
3382 5025
1195 5026
2968 5027
4012 5028
3573 5029
3161 5030
4844 5031
1582 5032
4566 5033
4632 5034
2701 5035
4199 5036
1992 5037
1686 5038
423 5039
619 5040
17 5041
879 5042
1839 5043
4341 5044
3334 5045
4147 5046
2078 5047
181 5048
1401 5049
4446 5050
4074 5051
4809 5052
1963 5053
1278 5054
2855 5055
2369 5056
1278 5057
4447 5058
1013 5059
3766 5060
3432 5061
4956 5062
679 5063
3894 5064
2543 5065
1295 5066
3393 5067
61 5068
1564 5069
2093 5070
165 5071
2650 5072
3647 5073
1471 5074
521 5075
4318 5076
1049 5077
3997 5078
1788 5079
2165 5080
725 5081
3521 5082
4294 5083
3203 5084
432 5085
2052 5086
2604 5087
813 5088
1098 5089
4414 5090
2936 5091
209 5092
1084 5093
327 5094
1224 5095
4352 5096
647 5097
856 5098
2238 5099
705 5100
1580 5101
4001 5102
454 5103
1525 5104
3702 5105
4575 5106
2025 5107
704 5108
4065 5109
2731 5110
4662 5111
4677 5112
4229 5113
4528 5114
2690 5115
25 5116
770 5117
4911 5118
1022 5119
2918 5120
2825 5121
4393 5122
136 5123
4195 5124
1199 5125
1734 5126
458 5127
3345 5128
2624 5129
1043 5130
3990 5131
2455 5132
1090 5133
4185 5134
3399 5135
1975 5136
4414 5137
4111 5138
1148 5139
3263 5140
441 5141
2948 5142
3413 5143
5062 5144
4804 5145
4449 5146
4040 5147
3625 5148
917 5149
266 5150
2877 5151
1938 5152
4387 5153
3698 5154
3636 5155
839 5156
190 5157
4096 5158
1305 5159
3149 5160
2590 5161
2081 5162
2740 5163
619 5164
1758 5165
3004 5166
4640 5167
1651 5168
3847 5169
1016 5170
3699 5171
4535 5172
1800 5173
4007 5174
804 5175
3360 5176
1927 5177
4257 5178
3687 5179
4113 5180
943 5181
2900 5182
3148 5183
65 5184
5113 5185
2066 5186
3538 5187
2466 5188
4995 5189
3004 5190
1027 5191
4775 5192
3538 5193
1835 5194
4857 5195
2231 5196
2175 5197
1576 5198
3085 5199
3597 5200
1209 5201
116 5202
1503 5203
2454 5204
4103 5205
1062 5206
3987 5207
463 5208
486 5209
3689 5210
804 5211
303 5212
2102 5213
1056 5214
1274 5215
2573 5216
2696 5217
1807 5218
828 5219
4697 5220
2912 5221
3167 5222
903 5223
698 5224
2794 5225
925 5226
3864 5227
4183 5228
3911 5229
4348 5230
4582 5231
2313 5232
3971 5233
1092 5234
2544 5235
4714 5236
3431 5237
717 5238
511 5239
4963 5240
2166 5241
2291 5242
3665 5243
3606 5244
1603 5245
5078 5246
4911 5247
4112 5248
1448 5249
2380 5250
4703 5251
165 5252
2456 5253
4676 5254
5109 5255
1440 5256
1915 5257
1794 5258
2761 5259
3091 5260
863 5261
1245 5262
4105 5263
5228 5264
270 5265
3245 5266
696 5267
1891 5268
5226 5269
3775 5270
1403 5271
3467 5272
2853 5273
3223 5274
174 5275
2503 5276
2963 5277
2684 5278
4429 5279
3347 5280
4188 5281
3095 5282
2805 5283
3655 5284
1706 5285
473 5286
762 5287
1344 5288
2670 5289
5276 5290
745 5291
1823 5292
5152 5293
5146 5294
2534 5295
3242 5296
1896 5297
990 5298
591 5299
34 5300
4193 5301
5085 5302
4746 5303
3246 5304
508 5305
3182 5306
2206 5307
483 5308
2434 5309
3031 5310
3867 5311
2560 5312
110 5313
4724 5314
2255 5315
3464 5316
3095 5317
2498 5318
3995 5319
4544 5320
4603 5321
4973 5322
1445 5323
343 5324
3159 5325
237 5326
3952 5327
145 5328
875 5329
802 5330
1322 5331
622 5332
2966 5333
3865 5334
4349 5335
1075 5336
2764 5337
1460 5338
2004 5339
2625 5340
3251 5341
3957 5342
2054 5343
2973 5344
3259 5345
1776 5346
3729 5347
2967 5348
3487 5349
4864 5350
3563 5351
1624 5352
2573 5353
3837 5354
1988 5355
243 5356
2129 5357
3433 5358
4276 5359
614 5360
5099 5361
2873 5362
2688 5363
3566 5364
5239 5365
3085 5366
493 5367
572 5368
683 5369
502 5370
610 5371
3969 5372
481 5373
54 5374
3975 5375
4519 5376
3882 5377
2317 5378
2193 5379
3604 5380
3817 5381
4009 5382
4015 5383
2702 5384
3214 5385
1452 5386
4879 5387
2629 5388
5139 5389
2080 5390
2778 5391
4085 5392
3780 5393
1430 5394
424 5395
2945 5396
4011 5397
1354 5398
879 5399
738 5400
2030 5401
849 5402
3391 5403
3582 5404
2469 5405
4671 5406
1187 5407
2874 5408
2529 5409
4765 5410
5320 5411
1446 5412
3430 5413
2685 5414
1197 5415
4554 5416
5396 5417
1310 5418
3024 5419
3384 5420
1351 5421
643 5422
3251 5423
5190 5424
316 5425
5420 5426
3711 5427
3559 5428
2861 5429
1087 5430
3296 5431
5419 5432
4055 5433
950 5434
5230 5435
4538 5436
3978 5437
3187 5438
3154 5439
238 5440
3024 5441
3929 5442
3320 5443
145 5444
2174 5445
1784 5446
342 5447
2899 5448
2506 5449
1869 5450
3001 5451
5050 5452
719 5453
123 5454
4726 5455
1123 5456
4253 5457
4712 5458
2492 5459
3549 5460
3559 5461
2922 5462
1310 5463
1268 5464
2883 5465
3608 5466
2070 5467
3829 5468
4240 5469
3932 5470
1109 5471
4529 5472
2213 5473
1013 5474
551 5475
1562 5476
2326 5477
4074 5478
3116 5479
4251 5480
582 5481
708 5482
847 5483
1657 5484
5302 5485
1707 5486
3333 5487
691 5488
1536 5489
1695 5490
3897 5491
491 5492
3881 5493
257 5494
4998 5495
1837 5496
3522 5497
5346 5498
2475 5499
2268 5500
5162 5501
4774 5502
5041 5503
30 5504
900 5505
1195 5506
1303 5507
2386 5508
3727 5509
92 5510
1215 5511
1601 5512
2372 5513
334 5514
2758 5515
2214 5516
1463 5517
3095 5518
1758 5519
1025 5520
3513 5521
473 5522
5418 5523
485 5524
2059 5525
5259 5526
2002 5527
4601 5528
4447 5529
4932 5530
1974 5531
4825 5532
332 5533
3135 5534
2192 5535
903 5536
5444 5537
535 5538
2430 5539
2550 5540
4184 5541
4596 5542
239 5543
3472 5544
4380 5545
5424 5546
1884 5547
4973 5548
3410 5549
4131 5550
4294 5551
3001 5552
3092 5553
4666 5554
2331 5555
2608 5556
2313 5557
5139 5558
5318 5559
3583 5560
952 5561
379 5562
4719 5563
148 5564
318 5565
459 5566
93 5567
4570 5568
1888 5569
3513 5570
1819 5571
4077 5572
1774 5573
5103 5574
2926 5575
2159 5576
1183 5577
514 5578
4618 5579
3765 5580
69 5581
3226 5582
673 5583
714 5584
4800 5585
1782 5586
3280 5587
2311 5588
2156 5589
3738 5590
4444 5591
1139 5592
4755 5593
552 5594
5301 5595
4441 5596
4557 5597
1876 5598
5005 5599
3809 5600
2522 5601
4021 5602
1426 5603
4321 5604
1111 5605
5191 5606
324 5607
4946 5608
3930 5609
2947 5610
4662 5611
5263 5612
592 5613
4845 5614
573 5615
5263 5616
736 5617
3506 5618
4614 5619
5071 5620
4344 5621
1620 5622
4000 5623
149 5624
2405 5625
4042 5626
743 5627
4151 5628
2012 5629
1461 5630
1351 5631
806 5632
3174 5633
1898 5634
260 5635
4290 5636
1724 5637
3524 5638
1912 5639
1098 5640
5079 5641
1394 5642
5142 5643
3105 5644
3517 5645
3536 5646
4267 5647
1979 5648
3219 5649
5274 5650
268 5651
1505 5652
3432 5653
3589 5654
4684 5655
2587 5656
2012 5657
1247 5658
5134 5659
2243 5660
3936 5661
3344 5662
4489 5663
4625 5664
4518 5665
4909 5666
419 5667
3675 5668
3698 5669
4238 5670
58 5671
3484 5672
116 5673
681 5674
1250 5675
1392 5676
2103 5677
1033 5678
1448 5679
2647 5680
4139 5681
4291 5682
2361 5683
3264 5684
36 5685
4981 5686
3510 5687
3984 5688
3360 5689
3771 5690
1497 5691
1946 5692
909 5693
3751 5694
413 5695
851 5696
4372 5697
491 5698
947 5699
2682 5700
5353 5701
2522 5702
3244 5703
4914 5704
5435 5705
5693 5706
4163 5707
712 5708
3186 5709
597 5710
4579 5711
5003 5712
535 5713
5562 5714
3553 5715
4964 5716
3820 5717
3368 5718
5445 5719
3932 5720
914 5721
3282 5722
3504 5723
1280 5724
3874 5725
212 5726
3509 5727
2469 5728
497 5729
1048 5730
4834 5731
823 5732
277 5733
5323 5734
1870 5735
4572 5736
5629 5737
4261 5738
1020 5739
519 5740
3597 5741
3661 5742
2980 5743
424 5744
5208 5745
4841 5746
2834 5747
5659 5748
4078 5749
4210 5750
5194 5751
5410 5752
5052 5753
1914 5754
541 5755
3003 5756
2062 5757
5640 5758
4466 5759
1674 5760
3604 5761
649 5762
5252 5763
4703 5764
3362 5765
5196 5766
2822 5767
5087 5768
2618 5769
4379 5770
405 5771
4306 5772
2802 5773
2356 5774
2444 5775
5602 5776
5112 5777
3645 5778
3975 5779
665 5780
3417 5781
921 5782
3511 5783
4106 5784
5097 5785
129 5786
1384 5787
509 5788
3962 5789
2725 5790
1046 5791
2859 5792
4363 5793
2509 5794
538 5795
5213 5796
661 5797
1477 5798
2569 5799
351 5800
1004 5801
2428 5802
4332 5803
5350 5804
610 5805
5416 5806
1965 5807
1125 5808
300 5809
292 5810
4697 5811
2665 5812
4183 5813
1777 5814
3392 5815
642 5816
1069 5817
4840 5818
4860 5819
942 5820
4131 5821
603 5822
1197 5823
5775 5824
4375 5825
4798 5826
2240 5827
2647 5828
2669 5829
1480 5830
1210 5831
1037 5832
3164 5833
1766 5834
1281 5835
2124 5836
4330 5837
2513 5838
1443 5839
5187 5840
2056 5841
3836 5842
3768 5843
1977 5844
3438 5845
5396 5846
5475 5847
1453 5848
4522 5849
486 5850
1195 5851
1882 5852
3424 5853
1931 5854
3436 5855
5295 5856
211 5857
5786 5858
3642 5859
1877 5860
3964 5861
5284 5862
4346 5863
4683 5864
1190 5865
2964 5866
5159 5867
3229 5868
4806 5869
3006 5870
4383 5871
1499 5872
5304 5873
2286 5874
3989 5875
2857 5876
771 5877
842 5878
2323 5879
1417 5880
2417 5881
1425 5882
789 5883
4731 5884
4066 5885
385 5886
783 5887
698 5888
4372 5889
2377 5890
1539 5891
729 5892
3720 5893
5837 5894
5391 5895
4165 5896
40 5897
1675 5898
5538 5899
5677 5900
4500 5901
5257 5902
617 5903
1574 5904
4574 5905
2416 5906
317 5907
4867 5908
749 5909
4623 5910
1488 5911
2230 5912
33 5913
5147 5914
322 5915
3535 5916
83 5917
3077 5918
3875 5919
2193 5920
5487 5921
1572 5922
5519 5923
5389 5924
4980 5925
5406 5926
2235 5927
5813 5928
832 5929
3100 5930
2760 5931
4172 5932
3294 5933
4313 5934
2893 5935
4645 5936
5007 5937
262 5938
1992 5939
440 5940
5915 5941
5218 5942
761 5943
2469 5944
5529 5945
3324 5946
3528 5947
4904 5948
859 5949
864 5950
221 5951
4877 5952
2898 5953
4071 5954
3115 5955
4084 5956
679 5957
4808 5958
1535 5959
2969 5960
4546 5961
2116 5962
1657 5963
2263 5964
31 5965
5267 5966
2461 5967
896 5968
5295 5969
3272 5970
1085 5971
555 5972
866 5973
4029 5974
624 5975
4334 5976
4929 5977
5499 5978
398 5979
2673 5980
1809 5981
3413 5982
3964 5983
1992 5984
756 5985
3142 5986
1890 5987
4975 5988
5483 5989
5446 5990
2102 5991
2042 5992
4992 5993
2843 5994
549 5995
4651 5996
1884 5997
3456 5998
5203 5999
1179 6000
2697 6001
1110 6002
2643 6003
4791 6004
3339 6005
4692 6006
4942 6007
383 6008
1913 6009
3174 6010
92 6011
2972 6012
4761 6013
4667 6014
4636 6015
5649 6016
4004 6017
2376 6018
5492 6019
119 6020
5985 6021
850 6022
3800 6023
2150 6024
1040 6025
107 6026
2598 6027
2625 6028
3079 6029
689 6030
5568 6031
106 6032
5939 6033
5019 6034
3794 6035
5725 6036
1355 6037
5026 6038
4682 6039
1670 6040
2012 6041
2156 6042
2323 6043
5416 6044
2998 6045
4521 6046
963 6047
1308 6048
2187 6049
3761 6050
971 6051
28 6052
4450 6053
3097 6054
2109 6055
2257 6056
8 6057
2634 6058
1701 6059
630 6060
2955 6061
1207 6062
1081 6063
1711 6064
2588 6065
3219 6066
5399 6067
3891 6068
2502 6069
1318 6070
2146 6071
2236 6072
2753 6073
567 6074
3183 6075
3590 6076
3887 6077
759 6078
866 6079
2778 6080
3674 6081
5618 6082
2732 6083
3639 6084
5517 6085
27 6086
5472 6087
1184 6088
2249 6089
2255 6090
114 6091
1358 6092
419 6093
1326 6094
1835 6095
285 6096
3580 6097
4012 6098
2969 6099
2138 6100
4818 6101
898 6102
5347 6103
2293 6104
4826 6105
5349 6106
2543 6107
4258 6108
1513 6109
212 6110
2710 6111
5712 6112
2620 6113
6113 6114
2552 6115
2843 6116
4255 6117
4769 6118
5121 6119
5721 6120
5806 6121
4111 6122
3989 6123
3253 6124
526 6125
3348 6126
5586 6127
2607 6128
3551 6129
1875 6130
3922 6131
556 6132
182 6133
942 6134
1282 6135
2042 6136
2261 6137
3927 6138
3428 6139
286 6140
3585 6141
5728 6142
639 6143
2439 6144
2262 6145
4114 6146
1492 6147
6124 6148
1067 6149
5103 6150
2578 6151
306 6152
2120 6153
978 6154
5057 6155
2384 6156
6111 6157
3301 6158
1280 6159
5874 6160
5696 6161
3382 6162
1056 6163
2926 6164
4494 6165
3078 6166
5659 6167
2383 6168
2811 6169
2576 6170
4557 6171
3006 6172
4239 6173
75 6174
637 6175
6042 6176
1979 6177
607 6178
5264 6179
6079 6180
4179 6181
6133 6182
2193 6183
5411 6184
4440 6185
5658 6186
1481 6187
24 6188
2365 6189
2927 6190
1240 6191
4244 6192
2070 6193
2016 6194
5792 6195
2342 6196
5497 6197
4198 6198
2662 6199
2325 6200
2057 6201
6053 6202
1677 6203
3188 6204
4403 6205
4920 6206
1210 6207
3731 6208
2376 6209
3520 6210
14 6211
5359 6212
3246 6213
4234 6214
4159 6215
1815 6216
16 6217
5279 6218
1045 6219
4846 6220
5067 6221
2090 6222
2371 6223
6053 6224
404 6225
4115 6226
7 6227
1031 6228
925 6229
4960 6230
1109 6231
3020 6232
3084 6233
3615 6234
2936 6235
4365 6236
1836 6237
1806 6238
1236 6239
2044 6240
2913 6241
3943 6242
783 6243
5522 6244
4358 6245
2184 6246
4982 6247
1261 6248
5571 6249
1538 6250
5122 6251
2822 6252
2188 6253
4139 6254
4197 6255
4542 6256
2728 6257
2021 6258
1495 6259
3004 6260
2330 6261
5256 6262
732 6263
5483 6264
2448 6265
93 6266
3476 6267
4592 6268
5906 6269
5807 6270
6223 6271
4759 6272
60 6273
2666 6274
3403 6275
2809 6276
4000 6277
2337 6278
1735 6279
633 6280
2059 6281
2673 6282
3436 6283
845 6284
1875 6285
2491 6286
4677 6287
1578 6288
3976 6289
861 6290
2179 6291
3170 6292
1628 6293
4680 6294
624 6295
2344 6296
2719 6297
129 6298
1175 6299
1704 6300
2339 6301
605 6302
3449 6303
3645 6304
3956 6305
5111 6306
2057 6307
4018 6308
3728 6309
2967 6310
1900 6311
1224 6312
5959 6313
4481 6314
4982 6315
5737 6316
611 6317
4473 6318
4499 6319
691 6320
3186 6321
462 6322
6143 6323
105 6324
3336 6325
4234 6326
3486 6327
1735 6328
2464 6329
5462 6330
5217 6331
2062 6332
1174 6333
4880 6334
1071 6335
1800 6336
6054 6337
1655 6338
4952 6339
6185 6340
3958 6341
5275 6342
5471 6343
5977 6344
5370 6345
2108 6346
3698 6347
2078 6348
5582 6349
1564 6350
2785 6351
917 6352
6015 6353
3632 6354
5764 6355
2575 6356
4852 6357
5565 6358
3097 6359
4631 6360
5498 6361
4926 6362
32 6363
3208 6364
4215 6365
1073 6366
4775 6367
87 6368
6222 6369
3950 6370
870 6371
1705 6372
877 6373
4456 6374
2151 6375
3595 6376
4396 6377
4757 6378
6220 6379
1537 6380
2480 6381
3610 6382
4319 6383
3564 6384
2873 6385
5280 6386
272 6387
6266 6388
2475 6389
4273 6390
300 6391
1480 6392
5995 6393
4206 6394
4798 6395
2497 6396
5565 6397
6383 6398
3223 6399
6279 6400
3466 6401
1725 6402
3294 6403
3257 6404
5933 6405
4426 6406
2538 6407
2957 6408
613 6409
3410 6410
5782 6411
5207 6412
3265 6413
6265 6414
73 6415
4896 6416
178 6417
904 6418
2825 6419
235 6420
1315 6421
902 6422
4211 6423
5656 6424
4823 6425
3353 6426
4406 6427
1124 6428
522 6429
4737 6430
5568 6431
3335 6432
4184 6433
673 6434
2131 6435
1110 6436
1477 6437
5344 6438
3816 6439
4706 6440
1142 6441
844 6442
1823 6443
5773 6444
3481 6445
4766 6446
5303 6447
2876 6448
1631 6449
4457 6450
5381 6451
4108 6452
3893 6453
2361 6454
445 6455
2496 6456
426 6457
5564 6458
2789 6459
6422 6460
1654 6461
907 6462
5185 6463
2724 6464
813 6465
4457 6466
5231 6467
3546 6468
1599 6469
874 6470
3908 6471
3230 6472
2075 6473
1328 6474
2120 6475
5786 6476
4380 6477
2110 6478
3674 6479
3465 6480
4333 6481
3482 6482
3865 6483
4659 6484
5786 6485
6092 6486
3135 6487
3656 6488
650 6489
4971 6490
1171 6491
3001 6492
323 6493
683 6494
379 6495
4670 6496
1750 6497
135 6498
5626 6499
6342 6500
4245 6501
6445 6502
2298 6503
1291 6504
814 6505
5533 6506
4896 6507
5998 6508
4522 6509
3460 6510
5718 6511
1941 6512
3343 6513
1182 6514
4321 6515
4372 6516
4528 6517
6497 6518
2842 6519
4675 6520
4034 6521
1227 6522
2887 6523
3728 6524
5631 6525
5268 6526
6247 6527
1181 6528
1991 6529
5364 6530
5499 6531
2336 6532
4648 6533
6415 6534
4300 6535
1701 6536
2101 6537
3938 6538
1075 6539
5039 6540
2338 6541
2179 6542
336 6543
3431 6544
2218 6545
1188 6546
5200 6547
4704 6548
740 6549
3512 6550
3118 6551
3143 6552
734 6553
5728 6554
2622 6555
6507 6556
5441 6557
5052 6558
5653 6559
4562 6560
6487 6561
5488 6562
3348 6563
2725 6564
2312 6565
3074 6566
1588 6567
2758 6568
1924 6569
1348 6570
3773 6571
3147 6572
1790 6573
3906 6574
2743 6575
4795 6576
2581 6577
1740 6578
3117 6579
157 6580
5245 6581
3056 6582
2599 6583
5918 6584
769 6585
3839 6586
6213 6587
921 6588
4240 6589
4274 6590
901 6591
6244 6592
5321 6593
2675 6594
2057 6595
4183 6596
1965 6597
5169 6598
6320 6599
6049 6600
4983 6601
2280 6602
3325 6603
6543 6604
1916 6605
1669 6606
1461 6607
1785 6608
2801 6609
1480 6610
4690 6611
3840 6612
2428 6613
4440 6614
1346 6615
6502 6616
950 6617
2912 6618
95 6619
4216 6620
3601 6621
2221 6622
4292 6623
2491 6624
3914 6625
5020 6626
2561 6627
5796 6628
4164 6629
1615 6630
1696 6631
6540 6632
4519 6633
539 6634
3068 6635
2634 6636
6517 6637
1099 6638
1722 6639
5464 6640
6371 6641
1043 6642
3984 6643
5838 6644
6340 6645
1345 6646
1172 6647
3737 6648
1778 6649
1213 6650
496 6651
4458 6652
1594 6653
5269 6654
397 6655
1113 6656
3886 6657
2264 6658
3528 6659
1047 6660
4694 6661
2408 6662
4429 6663
520 6664
3419 6665
2571 6666
6225 6667
4411 6668
60 6669
5167 6670
5993 6671
1580 6672
5472 6673
1712 6674
1269 6675
6389 6676
2516 6677
4293 6678
4089 6679
5521 6680
4358 6681
7 6682
4453 6683
4928 6684
3814 6685
2969 6686
4706 6687
4783 6688
2740 6689
1509 6690
4890 6691
1063 6692
2757 6693
456 6694
4619 6695
3904 6696
780 6697
4065 6698
2043 6699
5410 6700
3209 6701
1903 6702
734 6703
3383 6704
6575 6705
5873 6706
3194 6707
4652 6708
5175 6709
2608 6710
2796 6711
67 6712
6530 6713
2679 6714
4755 6715
480 6716
4076 6717
4383 6718
2966 6719
3969 6720
2435 6721
3753 6722
600 6723
1992 6724
188 6725
4033 6726
6553 6727
4674 6728
3691 6729
5526 6730
3645 6731
5912 6732
2141 6733
169 6734
5554 6735
5757 6736
6243 6737
3256 6738
951 6739
4143 6740
4018 6741
4729 6742
5596 6743
5867 6744
6126 6745
3266 6746
2770 6747
6119 6748
3475 6749
3677 6750
6485 6751
844 6752
5481 6753
2042 6754
4815 6755
2715 6756
1528 6757
5409 6758
2082 6759
2668 6760
6740 6761
5648 6762
3220 6763
2625 6764
4054 6765
3614 6766
905 6767
5991 6768
944 6769
4179 6770
5870 6771
5085 6772
2806 6773
4488 6774
2485 6775
830 6776
5447 6777
6106 6778
2088 6779
1376 6780
6656 6781
54 6782
5065 6783
6546 6784
2294 6785
5001 6786
932 6787
3812 6788
2055 6789
6423 6790
6665 6791
156 6792
3587 6793
2917 6794
1173 6795
110 6796
4998 6797
2520 6798
5013 6799
5748 6800
2932 6801
1607 6802
3079 6803
4540 6804
5570 6805
1518 6806
6588 6807
6188 6808
4443 6809
6618 6810
6410 6811
6062 6812
854 6813
4774 6814
2197 6815
2102 6816
5524 6817
5105 6818
2391 6819
1311 6820
4359 6821
1729 6822
3288 6823
3711 6824
3451 6825
3555 6826
3741 6827
690 6828
5227 6829
1345 6830
4545 6831
1892 6832
2291 6833
2304 6834
2613 6835
6413 6836
730 6837
2450 6838
2913 6839
6347 6840
3155 6841
1501 6842
4353 6843
6418 6844
3480 6845
3722 6846
4607 6847
5364 6848
2420 6849
284 6850
1948 6851
1830 6852
5146 6853
6769 6854
1450 6855
6500 6856
1334 6857
3084 6858
6081 6859
2963 6860
853 6861
2654 6862
596 6863
2674 6864
3179 6865
3811 6866
3776 6867
4197 6868
3872 6869
3800 6870
4345 6871
4436 6872
4115 6873
587 6874
6827 6875
216 6876
1440 6877
5185 6878
5037 6879
2391 6880
3558 6881
3252 6882
5017 6883
1002 6884
6714 6885
2764 6886
1599 6887
884 6888
5357 6889
1733 6890
3065 6891
1027 6892
5082 6893
831 6894
6054 6895
3723 6896
3770 6897
992 6898
2975 6899
5932 6900
6736 6901
131 6902
3727 6903
835 6904
5405 6905
5089 6906
2799 6907
6387 6908
2413 6909
6356 6910
1455 6911
2214 6912
243 6913
6824 6914
1000 6915
656 6916
6532 6917
6227 6918
3174 6919
3503 6920
5128 6921
3702 6922
1233 6923
1432 6924
3124 6925
3020 6926
6417 6927
6290 6928
3251 6929
20 6930
6438 6931
587 6932
3318 6933
5395 6934
1954 6935
3152 6936
2595 6937
2529 6938
4493 6939
897 6940
1433 6941
6341 6942
2083 6943
4458 6944
6052 6945
843 6946
784 6947
6095 6948
3889 6949
69 6950
5671 6951
1806 6952
1465 6953
2302 6954
5217 6955
6785 6956
1199 6957
313 6958
2417 6959
2085 6960
5853 6961
4451 6962
1318 6963
6920 6964
3115 6965
1327 6966
5568 6967
3655 6968
6240 6969
6223 6970
2530 6971
6775 6972
5533 6973
3207 6974
107 6975
3630 6976
2220 6977
3786 6978
1859 6979
5640 6980
782 6981
2116 6982
6279 6983
5001 6984
1231 6985
1474 6986
3213 6987
1345 6988
1834 6989
3955 6990
2892 6991
3845 6992
5334 6993
6542 6994
3124 6995
3365 6996
328 6997
6792 6998
94 6999
1521 7000
1323 3276
730 4680
261 4564
2037 6959
398 3116
416 6714
1965 1987
839 5795
2778 4322
1029 4266
1666 4251
4443 5850
894 2467
1959 5133
629 4475
933 6312
351 1870
1083 1598
3333 4568
3087 5596
1440 5556
4967 5246
4452 6781
2455 2956
2872 4995
160 5718
514 712
3506 3691
2776 3647
5185 5935
3814 6090
3918 4300
740 3090
1419 6777
4228 4236
1726 3554
2638 2744
5704 6009
5565 6672
535 5439
1566 4518
664 1969
5917 6674
862 2376
475 1066
3379 6130
5084 5471
4093 4722
404 4073
1075 3784
1655 5750
3438 4272
830 5449
297 1834
2121 2608
1492 3542
1892 3029
3267 3580
4287 6395
103 2835
972 3881
1424 4533
1197 4924
878 922
644 1992
1741 6416
1800 6215
1036 3099
1359 2335
5282 5615
3092 4027
2621 5038
463 4987
1130 2549
2243 5397
976 1304
942 6865
6259 6991
802 1357
2050 6874
331 1583
1197 1759
3311 6508
721 6257
3349 4682
1037 4756
3533 3948
412 5571
3435 4924
2520 5114
163 5371
4626 5328
1657 6545
131 5426
1509 4760
1079 4864
4369 5121
2096 6298
363 1739
6532 6761
6441 6529
1905 6397
3712 5917
444 5589
4390 6992
3252 4454
3608 3856
710 4561
1031 3509
1430 2043
2223 5275
651 989
6642 6851
553 1137
1815 6470
1302 2675
1095 4224
1428 5513
5420 5899
4748 6404
3079 5480
5665 6404
252 3614
1488 1866
5192 5254
5113 5442
2019 4906
2106 4769
4404 6126
84 6232
6648 6814
1809 2623
1004 5204
2338 6647
2828 5797
3777 5506
563 2909
3128 6887
15 2699
196 5917
3029 4591
181 317
3040 3958
2548 3232
3136 4743
356 6987
3257 4244
2587 4534
1601 6779
2155 6530
2358 2366
4851 6579
3907 5229
2820 6041
1603 3011
71 221
1037 1673
1854 5471
1511 1546
917 2133
4602 5598
208 2761
6428 6450
288 3739
2246 3710
3254 3960
2967 3859
437 1538
1078 4005
2072 2712
634 6971
2136 3525
5764 6480
852 5680
2203 5923
3013 4407
5763 6225
4996 6288
879 5936
183 5184
2000 3622
2970 6149
3961 6072
1642 2444
6207 6492
5514 6444
4824 5734
2635 6950
1766 5212
1375 6634
3758 6890
3423 3893
1087 4724
1440 5806
3845 6315
4376 5567
1712 6713
3051 6187
1230 5372
1261 4568
1552 1629
771 2200
2897 6256
5906 5917
2687 3997
3288 3386
5307 5817
292 5972
2580 3966
269 820
424 4379
2792 3380
2351 6709
173 5433
1934 2092
1136 4738
3343 5351
1195 1521
3628 6603
972 3669
1429 5190
5443 5659
1535 1805
869 3981
3156 4873
2597 6304
1810 2003
3164 4533
311 981
409 2678
2724 5099
350 3033
5631 6191
445 1386
4160 6036
3342 4553
2973 4617
1484 5118
4882 5066
1174 2171
3780 6653
1324 1850
2569 6838
2745 4873
205 6045
2347 2756
150 1386
4697 6379
4592 6876
5623 6807
3677 5183
2553 4425
3364 3697
4408 5517
3632 4347
1105 4842
2462 5833
1711 6196
2688 3311
1084 6592
24 5124
865 3651
4060 5173
6173 6718
496 6457
3495 6290
824 2428
1386 2870
4087 4375
3990 6171
1337 5998
2058 6765
476 4989
3740 4346
2175 6922
786 4724
3894 4212
3165 6967
2524 5020
4586 6344
3724 5434
1462 5438
4161 5900
2863 4385
6170 6446
3067 6875
5202 5967
2469 5205
4911 5397
4154 5462
950 6433
4354 5840
1510 3351
4863 5535
3745 4236
2496 5893
17 721
3706 6406
733 3425
1304 3207
281 918
6 6407
599 5384
232 5221
105 1561
341 2266
117 6531
3733 5772
1476 4416
1357 1479
5658 6245
1460 5509
3436 4872
4880 6222
4673 6972
3379 6645
4922 4996
4380 4763
3102 4339
2914 6780
1776 2854
3953 5599
2500 5239
3232 6188
3797 4491
706 6706
1591 3052
1111 6444
857 4121
3828 5026
2211 6825
2575 6095
2266 4767
2309 6178
1074 2386
1635 2742
5857 6101
2314 6725
1211 5693
1549 3369
2201 2323
1133 1566
258 6064
2787 3965
3545 6141
4580 5812
2276 2924
481 959
905 5511
3 4245
228 1622
1849 6369
5035 5787
3161 3831
2806 6980
1870 6235
5591 5889
3972 4842
4040 5910
810 2768
2403 3200
4967 6607
1294 3091
4538 5423
6434 6577
1268 5635
791 6869
2469 4698
2266 2349
3477 6013
2460 5268
2912 4703
4496 5553
2662 5463
3308 3999
888 5354
100 6136
3378 6542
4022 4551
4072 6515
2100 4627
4526 6865
3256 5200
465 6336
2787 4377
234 4437
2495 3812
1825 6157
5787 6575
4867 4945
2091 4382
424 6426
1270 2649
1198 5274
1711 6651
1601 2273
2610 4916
4494 6723
687 3398
1461 5934
1291 2381
677 1972
3937 5344
3296 5710
477 792
6170 6898
3408 5032
1659 6604
3181 3255
1031 6475
152 377
3622 4140
7 3779
3748 5837
2671 6625
583 1317
4691 5999
1894 2808
374 3360
2760 5046
1211 3250
541 6189
574 4503
2864 3640
3006 5428
3329 3763
1090 6307
2369 4140
3880 6456
2974 5970
1415 5890
613 1928
5090 5854
258 6776
1690 3768
1309 1817
1469 6508
6697 6739
1612 5103
2246 6460
5331 6376
2072 3859
1859 4275
2744 6934
1454 3283
5285 6935
2944 5705
1232 2400
3709 5857
1313 1469
576 1890
4019 5688
2830 5108
1183 3991
1427 3125
3617 6822
1906 2789
2770 6993
288 1815
1759 4450
29 1887
4161 6700
2213 4307
857 2012
2089 4903
665 6594
1024 2930
2579 6936
4943 6960
4613 5023
1855 3033
3289 5884
3351 5138
330 4276
2857 3119
4434 6866
4796 6000
1155 2657
844 1674
3628 5796
2389 6193
5636 5692
663 4237
767 783
4899 6255
305 1717
725 1642
3419 5621
1881 5953
3115 5084
268 907
273 5618
4284 4607
3098 6158
1294 1634
3491 3679
1822 6420
2863 3940
5411 5510
1999 5088
2466 3061
4574 6310
570 2507
514 3962
1832 3765
3921 4761
4905 6290
805 6372
4286 4792
3324 4211
2711 5378
3338 5470
2893 4029
929 999
2795 3884
2514 6982
3217 6574
2255 4075
3005 6146
103 1705
359 3060
238 4568
3509 5798
1068 5034
2649 4271
326 1938
5038 5235
2140 3657
1152 2574
5784 6365
992 2211
4070 6765
1998 5399
3049 3252
2741 3411
1952 3703
679 746
410 2211
1351 4104
1303 4616
987 2337
2430 3221
695 5850
5010 5828
4262 5060
3189 4660
2253 4271
3455 6225
2039 4624
68 2533
345 6515
2725 4634
2375 4068
1025 2077
1153 3513
6092 6316
1557 2947
4796 6601
3298 4887
935 2207
3012 3938
1285 2445
850 5088
2517 3970
823 6527
452 4581
5304 5694
3253 4217
1323 4209
3353 5936
3626 5470
685 6492
1515 4450
1303 4967
5625 6039
710 5528
1507 5744
510 5054
3813 4528
2117 5393
1227 3897
5146 6514
5484 6261
1547 3654
2485 5883
1369 3050
6039 6600
1298 6084
74 877
2894 3107
1847 5186
1028 2944
1310 2734
911 6713
533 1145
2162 6666
114 5443
473 2422
1347 4463
1444 3744
632 703
1612 5894
2036 4796
1643 2497
4291 4364
2016 4757
1685 5812
177 2055
2108 3085
1468 2790
2881 4470
336 5878
3085 6783
2530 3550
738 2353
5511 6122
2921 3768
6333 6500
2378 6562
2480 2513
5183 6236
101 5846
886 4508
814 6291
1764 1803
1756 4318
1364 1532
220 6870
4420 5653
3095 3621
2557 5177
376 2814
1722 6140
5109 6516
4265 5726
382 5855
637 1589
3494 4912
4454 5706
462 1585
2571 4133
2658 5559
184 3698
3156 6294
201 5744
8 869
270 6004
1262 4351
2452 4944
1970 2269
2879 6736
1782 2446
210 2850
2976 5993
463 531
2399 5683
995 6696
2895 4949
481 6950
2918 4108
252 6110
2869 6959
2601 4542
348 4411
1138 2559
3199 6946
3164 6724
2345 4218
597 5864
1497 6308
4774 6965
295 6557
1546 5995
75 2620
1384 5795
69 2049
1777 3401
1594 2060
1862 5223
130 5823
602 4085
3686 5049
3869 4080
3775 4238
1058 2887
19 5374
994 3346
3752 5802
2898 6735
5411 6920
528 6958
6163 6364
53 6778
297 3200
1505 3189
1014 5413
812 6455
4240 6963
1378 1462
4564 5250
757 3746
1734 5375
1611 2831
6302 6455
6047 6530
1199 4768
389 3918
249 3019
780 6391
160 4235
2217 6138
1397 3062
2211 5581
1515 6274
5186 5730
1736 5389
3002 6371
1421 4910
4242 4556
2246 5651
1064 3677
2027 5062
1192 1381
56 4983
3398 4137
4893 6950
4702 5242
2241 4981
610 943
1937 2105
3428 6052
3017 3646
2396 2992
4022 5675
618 2482
4237 4580
6284 6866
1649 4909
1662 5325
5272 5397
1600 6224
1630 3718
5846 6783
5954 5967
1818 3413
1986 3574
545 879
4106 4862
1116 1341
4024 5561
3189 4827
3186 4261
564 6666
4528 5830
438 5187
775 818
2078 6587
2140 2707
1803 6187
1304 6505
3126 4290
1785 2858
1445 4781
2149 4636
3167 3399
973 4512
2275 4155
440 3888
1226 2940
3652 4601
4265 5600
89 2043
1369 2460
2958 4139
439 1831
1737 6769
2816 4911
2179 5945
540 2747
694 3483
1245 4200
1956 5573
3491 5827
5754 6428
84 6859
1053 5803
2928 2966
4736 5117
685 6518
1124 5873
3758 6323
3421 5204
11 6992
4318 6895
6444 6844
77 4530
2418 3806
2565 5370
1318 5634
380 5946
36 4430
229 2250
2474 2639
488 5583
3158 5323
1579 5002
2068 4935
1652 2700
601 938
2345 3270
3711 6564
920 2152
3750 5044
4163 4316
1175 4589
4854 6370
1544 2084
981 3809
4663 6876
4556 5743
2393 4351
964 2812
1077 4605
3646 6763
1559 5727
2117 3621
1354 2167
2145 4775
787 984
2175 6882
1682 4888
3850 3944
2661 3694
49 4569
1938 5174
2266 5952
1714 2911
2434 6898
685 1081
3255 5440
1328 6938
3154 5705
2093 5666
833 2326
881 2410
1408 5150
60 4007
270 3441
5200 5313
2914 5891
1551 2014
2523 3943
3490 5607
1206 5518
3984 4167
518 1300
2356 6773
5539 6736
2255 4863
2044 4120
344 4314
1569 1709
2257 5564
4308 4990
1897 6560
630 5952
289 3890
737 6800
489 4120
431 6389
1064 4475
268 2777
1487 3991
470 760
3795 6989
524 2202
1558 2033
2448 5224
53 2405
4872 6000
3910 4065
1936 4982
854 6095
372 5367
1826 6044
4673 6028
4319 5138
5334 5803
818 3700
507 1215
1232 2676
589 3250
1491 3545
981 2820
4468 4564
2699 6325
2865 6769
10 930
492 1442
781 6239
5060 6245
2323 2890
3702 4462
1133 2451
4361 4746
390 4833
2223 3621
209 5786
1788 5284
3705 4504
4790 5568
871 3818
3154 4590
2936 5281
905 5234
519 6869
3641 5971
2934 4344
2659 3874
76 6370
5266 6757
3344 3960
2635 5445
298 4521
469 2504
2475 4613
4288 6582
1142 3091
427 4295
933 2431
197 816
3009 6104
376 1422
2903 6789
4518 5713
592 4928
2858 3818
3892 3998
256 2257
4861 5501
80 1630
1321 2751
2429 4546
4054 4580
1722 3610
2136 2156
48 4237
768 3565
2958 5630
5145 6286
1384 5660
3121 5079
1109 6886
4463 4782
5197 6543
4224 5030
1621 2523
439 4460
2561 6283
3501 5491
4742 6293
2478 5768
1935 3401
5766 6488
503 5679
3046 4822
6166 6296
1680 2556
1319 2411
1649 3818
451 2436
418 6333
208 5105
1886 6737
1339 3669
917 3837
4572 4798
2662 6512
2700 5060
1635 1708
3438 3800
5041 5328
2333 5404
1715 5140
1067 5004
601 5263
1199 5085
844 2671
6162 6421
4882 4956
781 2010
2049 6827
1488 4013
2754 5910
3302 4678
5753 6193
3964 5539
480 2239
6076 6843
1436 5877
851 2503
2373 6344
15 6787
1705 5310
1300 1743
4427 6255
5799 6430
1437 4054
3809 4928
1304 1486
5369 6101
5290 5349
1373 4410
953 3180
1330 4246
3177 5674
264 5847
2664 5773
4170 6020
3775 5605
1462 5512
3525 5475
1820 5670
2117 3855
1716 2677
1615 6741
2249 6336
2106 3678
491 3921
1928 4586
1021 6374
3898 5159
5009 6113
4056 6397
3266 6245
3370 4819
1549 3625
4144 6464
1158 5918
3385 5490
1978 4043
2009 4006
2974 6664
2442 5613
2611 2813
5971 5988
528 5124
2747 2932
4669 6566
4095 5990
3750 4858
3727 5366
683 6974
2209 4580
5426 5820
1733 3059
4491 5031
1780 2318
3259 4225
762 2058
3998 4435
2139 3199
610 4134
156 3473
590 4558
3393 3435
3200 4035
1352 3041
1593 6581
832 2156
225 5473
6260 6810
4029 6774
2024 2961
777 2166
2246 5710
4392 6153
1279 2949
2478 6416
1483 5971
999 3292
3501 5173
1358 4026
2179 3515
2444 3350
4147 6597
2002 5118
1948 6053
4568 4955
1087 6881
1448 6792
1676 4052
1636 3858
1239 1680
185 626
6544 6729
818 1663
313 2158
816 3959
3155 6681
608 2135
3071 3197
2098 5153
3724 6470
3740 5684
1522 5049
1238 3991
3326 6896
5481 6189
704 4527
279 4386
5858 6383
79 4887
5708 6396
1609 4422
6187 6385
922 4812
1830 6805
2144 5558
3168 5066
316 2155
443 5826
3613 5514
178 184
2209 4860
2726 4935
2862 3316
229 5677
1366 1511
1072 3531
1344 4241
3545 3854
1283 4764
622 728
4280 5299
1677 3734
2524 4347
3349 6710
2992 4016
3467 4257
2268 2381
2338 6028
1259 5093
1718 6199
6762 6879
2788 4743
430 4477
953 6584
4056 6321
76 3734
1508 2395
2539 2695
3070 5633
5576 6560
5343 5670
6273 6734
835 2590
3432 3648
428 6749
3517 4754
1693 2824
3388 4734
2052 5958
450 5438
167 923
1351 5290
5589 6589
3764 6920
2828 2895
876 6902
82 6545
2015 6387
625 5988
4845 6991
4685 4894
3350 4097
949 2351
1909 2635
301 1592
1608 4767
4983 5913
568 1509
4404 4486
1282 4046
403 5399
89 4048
566 4542
2273 4432
723 2263
1173 3348
1834 5343
614 5764
237 2330
339 3216
3394 4402
4121 5570
544 5287
3476 6389
3440 5986
1895 4261
3057 4485
5297 5792
1104 5749
191 6291
144 4561
2086 6164
2804 5051
3522 4198
3408 4689
4970 6883
533 5168
1338 3570
2454 6686
4472 4751
3537 4939
646 1269
2670 6475
104 4322
2525 2631
1275 3568
670 2207
3918 6600
961 3018
2413 5319
3209 6714
1929 4709
3622 6420
3150 6583
2199 6336
1041 1139
168 1238
1004 4319
4063 5411
5279 6661
5031 5764
5439 5651
2229 6228
583 1478
3951 3966
1465 5297
526 1420
90 5610
474 1506
774 2114
1807 5692
1724 6990
644 4319
17 1022
381 2064
1880 6812
2382 2884
511 3075
4099 5494
1524 1550
2823 6328
4069 5337
762 5805
1768 3184
264 6793
892 2446
365 3725
3539 4085
1073 5565
113 3922
2207 6403
909 2751
3750 6749
2475 6039
1834 4227
17 2271
5345 5625
1370 1945
177 2224
2688 3023
2581 6254
2070 4403
1404 6783
701 6553
4494 5066
1771 5547
3952 3965
156 1545
210 1715
806 6049
3770 5010
1316 2927
2534 5973
1503 6263
1052 3829
729 1202
1354 4450
581 6168
1514 1791
2800 5770
1246 3193
430 5960
3225 4997
2122 4043
1801 6973
374 5484
1882 6101
649 5485
6135 6259
2661 4463
2795 6656
2783 6055
4200 5868
598 1155
139 4269
701 4952
126 1861
3420 6439
71 590
3682 4841
1303 5417
3299 4591
2898 6299
328 3158
5030 6033
2621 4248
5427 5717
4729 5446
5568 6633
1509 5551
373 5381
778 6858
2225 5315
132 2053
4197 5709
2365 2438
1803 6724
1288 4194
1219 2973
71 3858
337 3729
4400 4906
575 3651
853 2441
2054 3586
5120 5134
4127 4328
576 4236
3201 5681
3021 4938
567 5412
48 888
3821 4139
1407 3367
1039 2676
1297 5444
839 3731
1941 4406
1151 4628
186 4349
1577 4111
981 1953
825 3743
1194 5219
5789 6485
5826 6865
651 6426
1305 1799
1549 5517
3017 4112
899 3101
1266 1945
58 6594
3589 5636
1622 5900
6242 6947
124 3728
342 3077
4451 6345
1560 6309
5963 6010
2297 4987
1890 3107
3523 4764
3857 6008
2941 5758
3455 5839
1474 6196
1959 6065
726 5026
371 1988
3389 4801
1723 3682
2473 2647
767 3329
4347 4932
5128 5403
982 1451
5767 5969
4912 5001
577 1309
6515 6628
6047 6414
2396 4758
2406 2646
663 6587
2820 5608
2889 5069
55 5291
1706 6550
6024 6218
1956 5948
3845 6481
945 3661
419 2796
3810 5670
1074 1962
29 6561
5750 6732
881 6426
279 5612
1648 5673
1163 1165
2348 2349
614 5490
1457 4070
363 5029
474 501
542 4416
2107 6059
4015 5186
286 5182
409 5323
2270 6972
2667 4791
3224 5797
6501 6726
6618 6903
707 3053
1059 6749
3318 6506
2037 2462
1011 5601
248 4915
292 3739
1372 2728
1872 6631
1312 6317
3731 4772
4512 5313
1264 1920
3573 5576
3373 6782
1572 6822
2890 4749
4925 6221
3653 5131
1965 5389
3062 5229
2065 3680
3065 3490
752 4793
304 5257
3420 6840
780 5254
713 2673
2113 5895
597 4326
2426 4180
3232 3928
5 4298
2607 3686
2229 6780
2166 6898
1254 3973
383 4304
4190 6003
1626 1799
626 3064
4470 5361
1301 3768
1990 3176
6261 6653
5346 6278
4613 6090
1115 4169
12 208
770 5441
503 1348
2738 6434
48 6589
460 3188
4298 6461
3388 3576
675 6016
433 5803
699 2303
1085 5555
5021 5650
720 2031
2368 2893
948 2821
4127 5154
3052 5471
3755 4264
1008 1444
889 1680
2398 5479
3827 6152
3806 6360
3740 6591
5099 6243
269 3270
2322 2616
4599 4635
2866 4269
4100 6856
2544 5571
3139 5161
3153 6224
2495 3236
1751 5572
1948 6285
4444 5467
603 5923
4485 6150
3112 5305
2092 3342
1290 6394
4366 5460
910 4898
2177 4727
1608 4120
5365 6132
873 2153
4591 6377
4110 6025
1286 4549
468 3995
4907 5370
2176 4013
5437 6529
534 4998
2111 6490
2293 4609
749 840
3245 6733
3661 5252
4325 4424
2856 3636
2957 3396
1633 4966
4394 5310
2822 5665
171 6205
847 6190
1949 5292
395 1511
1867 3400
1617 6783
2551 2628
1008 3597
981 4409
1143 6800
1181 2088
5699 6881
1763 1972
2520 6411
4521 6182
2088 5525
1521 3521
3394 5711
1414 3699
2442 3119
3744 5142
2055 4267
2657 4658
3143 4475
3514 5567
1491 4176
364 6046
13 1392
4216 4320
5480 6056
168 1838
2747 4591
2072 2317
2212 5094
3398 5230
4868 6638
3268 6168
5712 5921
3189 5301
1413 2062
1232 2640
2407 6012
745 2116
4872 5214
682 2110
321 4897
2769 3045
3057 3909
3155 5250
712 5668
3486 6202
4502 4614
917 2428
2623 6736
1235 3019
4594 5644
1863 2490
3358 6018
1831 3296
3100 6369
1366 2185
512 648
2399 5326
5810 6679
1000 3128
1634 3674
3623 5437
286 4618
2107 5791
2355 3273
855 4266
467 3843
2013 3839
2705 3044
1409 3365
2573 3572
4843 6547
2333 5011
4350 6140
3296 6906
3795 4081
185 5815
3655 3890
4790 5793
1720 2466
1558 2686
275 4834
596 4567
926 3650
59 6281
2201 3567
4683 5910
3303 5398
2706 4114
881 6398
2174 4574
3626 5285
791 1785
983 6122
1650 4962
6127 6841
2646 6892
241 5894
5401 6772
1510 2748
2303 3119
1844 5381
2683 6827
1978 5098
4624 5653
3290 5195
2766 5389
120 5192
2176 6176
5108 6060
2199 3297
6048 6425
558 3155
1808 3492
3532 6965
3414 4700
2254 5741
2833 4891
4083 4202
1621 4162
859 5483
650 3805
2991 4009
1353 3674
4379 5436
3896 4405
1396 2922
2437 6772
843 5698
1923 5997
2935 6750
1668 5709
3148 3866
3302 6807
261 5443
7 1235
2130 4357
3596 5583
5980 6748
3083 4661
3074 5461
4324 5182
570 2381
2116 4475
5004 6755
4476 5711
1698 5899
3426 4760
4314 6150
1018 2856
3071 5992
1542 6072
2302 6044
3877 5666
777 1409
1175 5740
2243 4111
3009 6743
1631 2520
3988 5127
109 2083
406 2607
286 4154
2221 2334
2974 6767
2210 6557
1062 1345
5100 5527
3012 3785
2600 3609
2122 6954
5943 6740
861 1901
3880 6498
2931 3360
1443 3671
5876 5985
398 5200
3899 5586
3664 5550
1510 6939
168 744
3840 4110
661 4924
3467 6945
4360 4484
1188 1709
1334 6623
2069 4569
4337 6851
2825 3613
658 2471
2459 3934
268 3255
3169 6823
1425 3184
1129 3097
3930 6157
2082 5586
3719 6409
2184 3686
2077 2726
87 6438
2579 5287
799 4355
1051 6378
3271 6938
2318 6689
4421 5678
328 848
465 1031
4099 5792
2454 2991
911 6168
494 2142
2486 6804
5152 6976
2807 3488
2920 6299
82 5852
202 5910
5871 5975
222 1846
3396 5463
2001 2513
259 303
3586 5638
2420 3412
4060 5811
1213 6856
1573 2913
320 2895
1309 5011
1980 5899
1955 2433
1451 2019
1966 5558
4976 6376
845 4124
210 2693
3252 6426
1962 5933
1049 1530
5022 6639
4695 6804
1433 1983
3542 6784
1666 4064
1904 4333
1438 2767
173 4150
137 5215
829 3621
332 2028
2881 5919
986 2881
179 5275
411 6924
5005 6185
1477 4493
4988 5544
2860 5477
3839 6134
5386 5710
623 4189
2856 6065
2615 4300
3189 6516
490 5448
322 5268
867 1993
2281 6978
1232 5280
233 4399
2317 5850
1595 2627
3086 6392
3717 6904
524 4282
2100 3788
3638 6195
2373 5192
2371 6493
2798 6770
670 2814
974 2105
777 4601
420 6587
278 3388
3957 4458
141 565
3855 4071
3832 6948
603 6448
2581 6559
5789 6408
1430 3958
2683 5627
6314 6532
2011 4907
510 969
1939 6346
79 4826
1447 4119
1146 6607
3047 4489
5 3625
2506 2830
3507 4952
2779 5104
54 3351
3268 3884
4348 4489
847 3611
3039 4860
1690 5895
177 3167
149 1768
4843 6238
1300 1798
5378 5791
5228 6151
5222 6086
412 824
5287 6262
6273 6894
816 2656
4809 6690
3272 3432
1285 2090
3316 6717
3318 3980
2907 6166
70 3653
2581 3074
2179 6175
2753 4160
2224 6082
4870 5664
216 5601
476 1246
1582 1934
1563 2066
2063 6481
324 6996
1880 2557
848 2204
2446 3836
2408 5629
3860 4415
4735 5765
2126 3136
6068 6427
1106 3067
595 2081
4399 5063
1528 6499
1630 4667
4202 5084
2298 6509
1627 3170
327 6392
2494 3237
196 3294
3057 6906
452 649
5191 6352
4288 6556
5028 6181
3658 3895
2286 5407
1137 1576
2292 2921
2635 4895
1537 3143
5180 5246
1542 4808
1857 2916
626 6875
1063 6316
3637 3785
261 3817
1871 4305
1145 5794
3059 5240
3177 4900
3006 6228
3878 3905
5319 5635
2377 2790
809 4283
1037 2021
185 4442
2523 6873
407 1622
178 1891
1969 5192
5599 6800
905 6706
904 3679
1713 5175
4233 4272
2409 4910
5033 6841
4101 4266
4898 4918
4836 5985
416 5684
691 2712
5134 5227
2931 3796
2653 3760
1081 6749
2074 3372
2235 2312
414 2842
1601 6203
4010 4356
5829 6734
2769 6397
5815 6038
105 5787
720 902
4693 5991
4097 5163
833 2112
6512 6535
2840 6753
618 6941
1729 6464
2993 4502
2943 3659
3805 5234
487 3973
5165 5519
786 3478
3693 3893
3559 4472
1565 4165
2845 4777
755 2206
4364 6343
698 2110
3706 4186
1060 4818
708 2745
1656 5588
3045 5079
145 6973
1292 6398
1584 2369
1295 6132
207 6368
3432 4087
2263 2857
693 4747
5992 6252
250 3881
86 3114
4952 6187
637 3421
1020 4226
2766 4353
2509 2822
4745 5135
2395 2406
3385 5012
79 2028
4398 4992
2267 6237
1365 3672
2230 3420
1859 5301
3204 4905
3720 6114
2598 4018
300 1282
1461 2968
2101 5116
3495 3508
1300 2162
2315 6858
491 6400
3279 4233
675 5191
1171 4296
4920 6728
27 1344
1236 5535
3409 4101
3695 5164
1787 4650
1016 3667
5498 6612
6243 6739
1378 1991
5678 5912
324 5732
2761 4019
4165 5638
231 5985
5195 5669
5075 5838
721 964
5304 6770
3785 6185
2089 6589
4271 5651
3964 4681
555 777
1583 1753
1705 5812
1291 2235
2567 5476
169 398
573 2035
1247 3813
10 6005
2251 5787
3804 6437
1994 4019
1614 5489
2345 6793
3725 6977
4819 6304
3707 5703
3214 4525
4322 4771
3508 5030
6359 6883
5314 5676
5744 6973
1456 4076
4202 6393
1671 2776
984 6630
888 4878
746 3775
3027 3414
1468 1529
5407 5696
6858 6890
5318 6003
706 3878
2760 3910
236 1727
4802 6738
2894 4360
4469 5530
1442 4073
1814 5285
2802 4113
1507 6480
1508 4155
2134 6259
2775 6407
4940 6050
666 2640
1180 3869
3245 6972
1264 1365
1468 2454
1277 4389
6466 6874
904 3666
2184 3855
899 5420
390 5506
4790 5405
4023 4159
2164 3731
260 1202
3206 4820
847 5174
6417 6458
1565 5911
4345 4556
5491 6862
1304 6198
662 3498
3442 4492
2070 5358
380 6007
3448 5244
1291 1706
3656 4658
203 3752
893 3504
5383 6534
462 3329
14 391
5928 6707
1563 2220
4453 6109
1518 6143
2430 6885
1887 6741
4420 5014
3752 6396
2733 3299
1023 1807
329 1033
5542 6446
1578 3410
3170 4772
4800 6789
279 4852
4426 5151
141 5958
5634 6688
4118 4466
1004 4108
6 6425
5783 5859
2391 5724
1007 1902
564 3948
2357 4642
3445 6745
681 2025
312 2931
310 6366
724 1882
474 2524
2551 3348
2262 5366
3413 3538
6400 6493
2668 4801
95 2783
5662 5808
5899 6613
5220 5701
3253 6851
1547 6494
524 4213
1146 4851
3837 5009
4372 5400
1925 2711
965 3118
1630 4685
573 3474
3079 3767
1031 3588
2670 6085
3117 6984
361 5493
3234 4758
134 6361
27 6853
2424 3353
1964 5795
1304 4756
3159 4792
555 5699
3493 5690
6073 6419
3478 4934
2202 5086
1370 6190
3283 6261
3089 6062
3654 4326
1994 5040
1363 1387
4337 5049
502 6256
4463 6174
3314 4488
1608 2838
780 1740
3979 4197
2361 3841
5012 6693
2068 5022
1968 5777
5115 6157
6341 6777
2534 4697
6162 6691
1272 2179
5093 5641
3423 6346
1142 5184
1925 5425
1790 4591
2353 6304
5524 6751
2240 6035
1870 4672
139 5718
1314 6350
5109 6035
3781 5704
3804 5316
553 4996
3920 5383
914 1693
250 5176
2951 6214
2131 4552
1717 4458
4743 5148
2501 6339
1313 1361
5298 6512
2972 5892
559 4167
171 6907
4236 6411
147 2551
5176 6810
5037 6387
3315 5298
195 476
274 1527
1811 2841
3155 5074
4477 5952
433 3869
4799 4870
1323 6269
4931 5935
249 6757
4278 5203
4624 6486
1624 2082
2356 3736
8 2556
665 3553
3979 6596
2321 4179
3282 6985
37 5138
1059 1103
111 4268
1614 6041
1462 3684
2242 4754
4565 5145
2773 4751
781 1281
3248 3877
3096 4194
5584 5714
3639 4052
1637 4888
549 982
544 3583
2207 2813
1466 6760
465 6648
2880 4922
2101 5111
4409 5247
1362 2088
3003 3795
2847 4814
396 5097
1754 2997
3059 5522
3000 4158
965 6892
1670 2536
1290 5207
2645 6755
1802 3862
3030 6305
345 4376
5659 6278
11 4937
1123 1887
210 1171
866 3370
3123 6272
1642 1794
5204 5949
1267 4359
732 4234
3342 5974
1659 6585
469 1115
1787 2886
1131 5961
1344 5834
541 4791
4821 5346
2364 2546
107 6352
379 6792
2138 2228
3218 4483
4669 5982
6806 6908
4025 5478
1349 6680
3889 5100
52 1054
226 5585
2025 6918
876 4585
2683 5282
3062 5584
4178 5672
4231 5887
1477 3250
1303 3013
2931 3315
5684 6949
559 3166
1357 3988
3132 4761
1607 4018
3231 6648
926 1984
18 4219
2561 5900
1021 6490
2408 3240
3 5883
5070 6148
2575 5883
2021 3105
1389 2192
4124 4340
2650 4826
471 5347
4541 6333
3603 5231
2378 4330
112 3299
4420 6899
3115 4622
5556 5937
1451 6065
3828 6386
6519 6573
3725 4540
4471 6297
175 5045
3854 6682
1654 5242
1332 2008
541 5999
1981 4093
4933 6392
3911 6131
295 2238
1314 5738
88 4696
429 881
4824 5314
2728 6412
2279 5500
3523 4515
1677 3422
18 6902
41 4168
2331 2532
4349 4495
334 1493
4419 4675
862 1639
55 1255
2518 6237
4825 5096
2805 6673
1541 5532
4921 5733
428 3682
1947 4108
4931 6916
666 4601
3762 6303
6458 6716
501 6371
2261 6218
718 4400
6031 6602
2685 5053
565 733
2459 5528
1877 4735
2203 5203
1349 3673
5972 6715
2478 3160
2393 4073
5020 6199
1570 4665
616 2308
455 2325
4634 5689
2158 6652
1143 3242
2461 3403
1126 1334
2905 3109
5743 6043
4051 6446
776 4271
4112 6667
3463 5346
1479 4132
1897 3533
270 6926
188 1281
4125 5077
716 3012
2619 4037
4476 5405
701 6994
1478 1739
4733 4955
111 3854
290 519
1694 3310
656 5520
1769 4791
236 6393
5017 6954
25 1612
2399 3643
436 5666
3634 4581
4857 6752
3303 4247
1965 3409
2799 4419
604 3914
3674 4613
2689 5391
3625 6413
3753 6458
2921 3199
1421 5044
4619 5125
4878 5418
2398 5497
296 4446
3499 5952
2632 5388
171 5633
565 1521
1336 4674
3841 4962
4382 4429
2730 6082
757 4036
1186 1828
1951 5839
2183 2963
2960 4278
4879 6335
1023 3729
2795 3012
1518 6957
5836 6878
3803 6111
3762 4982
738 3847
713 5207
3467 5225
1264 4913
2149 4786
3542 6500
4123 5557
4682 6290
3187 4687
2621 6826
234 804
1238 2782
3614 6085
1560 2387
2238 6760
3602 5563
4150 4194
2201 3631
3043 3455
2701 3066
4406 4858
1464 4542
2711 6349
2430 5830
784 5554
2134 5577
5063 5619
4356 6709
2133 4919
2626 6167
5085 5737
1410 2918
2477 6292
784 1502
6861 6879
966 2983
50 781
1527 6753
351 4800
3604 4857
3607 5856
4178 6932
873 5750
2350 6518
947 4661
4276 4337
2872 6084
358 1249
3749 6808
6361 6915
1824 2737
2848 6157
1465 6404
1148 3087
2023 4080
189 1940
5333 6969
34 6817
1202 3861
151 4555
1268 3336
808 5730
1202 6807
2881 6220
3097 3642
872 2257
5768 6560
2846 5428
4218 4772
4647 5100
4696 5580
1764 5509
3862 5185
2013 5388
3315 4490
5549 6550
21 6574
4256 6700
1264 4396
1043 4367
2317 2740
489 5083
600 4979
846 6663
1471 2604
5564 6221
3240 6583
2809 4331
1100 4621
4908 5546
4857 4893
398 4507
596 5976
4318 6538
1394 5767
712 5592
659 2721
580 6542
5225 6694
2331 3481
326 4643
1483 3296
2014 5394
2212 4816
4475 4595
6463 6751
1098 6248
436 6475
1217 4918
3010 4501
751 859
5828 6589
2705 4812
232 3588
1045 2409
5565 5693
571 3605
3670 4274
271 299
220 6840
3031 3421
2151 5510
283 1831
498 1571
3513 5149
5180 6192
1310 3085
3772 6728
1425 4149
3033 4576
2030 4271
2442 6041
4962 5378
2290 3073
5947 6832
2473 4046
2122 3670
2049 3956
290 447
2075 4242
166 4077
3723 4388
6660 6860
1268 6457
4161 4384
1327 3920
2158 3257
3837 5499
584 3769
2844 6114
3245 5834
2819 6715
920 6518
2620 5990
344 5333
1491 5545
736 5965
188 3307
813 2095
2402 4211
901 2070
1165 1884
1000 4204
1382 4085
3008 4970
4877 5854
1580 5950
5681 6808
4523 5594
2079 4857
2756 6168
1110 2426
2461 5166
4854 5254
1136 5261
190 2234
4545 4723
4633 5782
2967 6885
4029 4488
1024 6632
2053 4320
2407 6443
5493 5783
4609 6035
2987 3645
2001 3948
604 1550
2295 6047
784 2507
6171 6328
564 5458
1729 5172
686 4130
3277 4510
96 6688
4621 5098
464 4623
2294 6173
1159 4411
14 1247
1529 3493
548 5922
142 3058
571 4878
1812 5015
2480 4671
2926 3735
2780 4126
3515 6369
1789 6509
2296 2676
4018 4685
781 2699
6247 6491
5556 6363
619 1909
2838 3157
1462 3553
802 1860
4265 4675
1062 6770
4683 5124
1968 4297
2147 2662
411 3759
3636 3972
808 1545
1176 4726
1822 2778
229 617
5637 6940
2236 2533
5760 6391
2463 6076
469 5350
377 1945
4661 6286
1745 5874
4660 5383
3836 4797
2279 3392
2160 4995
1910 5791
2549 4831
1568 2936
2177 5492
1000 3249
534 2519
82 4939
479 1798
3001 3816
379 568
1629 5683
3442 6305
3541 4869
23 2173
4700 5110
426 913
1900 4228
3072 3686
777 6891
2579 4588
1404 3002
4321 4724
1792 2882
3781 6029
3230 6474
5144 6999
5095 5111
412 5672
925 1412
2148 2817
3092 4049
1450 2653
241 6285
5317 6039
2181 5298
4704 5944
115 4903
4255 6400
4341 6644
2259 6000
2675 4355
405 6201
1239 3071
546 5597
959 5538
902 960
1727 5661
3729 4189
1151 2145
2668 3325
1454 5648
686 836
75 1209
4343 6181
2221 3629
796 4190
568 2209
3068 5645
1110 1877
5750 6916
920 6856
3293 5583
347 6877
20 1609
1158 3370
3877 4229
3926 4879
1093 3528
249 2498
5396 6601
626 1235
3025 6527
1266 3164
1797 4045
2214 4941
631 5252
2847 4815
670 6847
4706 5285
1330 6180
3147 4534
543 1118
5535 6219
4657 5643
6187 6193
974 3883
479 5972
44 3961
1767 4848
187 4283
4725 6746
1649 5890
746 6740
2223 5571
586 6036
842 1214
1357 1422
2603 3537
4114 4948
2527 4996
943 1975
3345 5851
1919 4914
1913 3688
4656 5292
2418 4776
2716 3344
998 2091
5970 6741
1204 2387
5987 6607
2828 6129
4210 5695
5062 6318
4384 5468
2796 4785
5719 6105
1079 4852
1110 3227
1508 6696
2514 6602
1058 1950
1090 4654
742 4803
3312 3334
2126 3857
598 1946
102 1196
331 3149
3073 6299
2377 4688
3859 4988
2004 6537
1227 1327
3505 4856
3724 4075
3904 6920
861 1336
850 5192
1099 4221
1024 3369
1107 3766
3603 6487
4281 4552
6308 6733
1327 2994
512 2818
1362 2467
138 1978
2978 6906
207 2592
1720 6750
1400 5206
567 6697
1856 6337
6337 6421
2772 4474
2351 3582
2927 5674
5025 5500
1670 2781
2803 4830
3198 3935
781 6076
1197 1945
2962 3396
3336 4457
910 4849
446 5451
5763 6969
905 4389
4423 6097
4310 6637
1585 6827
2361 5943
1152 1598
1423 5637
174 882
233 3475
5867 5940
2290 4820
3160 3717
4847 6252
569 1596
1546 5369
1939 2987
5791 6943
874 5000
4420 5701
608 3432
1805 6560
1933 5104
903 1128
1669 3359
238 5750
858 2327
2653 2751
1199 1772
105 829
1285 4348
2383 6231
279 5397
1618 6291
2241 2567
2454 2673
1714 3971
2377 4225
152 3495
2196 6884
4003 4096
143 1240
1812 3717
5293 6431
136 5891
2397 4518
1473 6098
380 4253
2223 4048
3577 4320
1179 3411
463 989
631 5729
1521 6610
489 2798
1029 3732
3304 4679
5905 5953
3962 5660
4511 5857
4281 4359
5758 5926
3333 3940
2489 3472
128 3490
3293 4159
457 1111
1480 5639
364 4012
2220 4640
2145 4053
1666 4017
2245 3665
1007 2346
315 6671
