100 200 100 80
1 2
1 3
1 4
1 5
4 6
5 7
6 8
4 9
7 10
8 11
9 12
5 13
4 14
12 15
11 16
3 17
8 18
14 19
15 20
16 21
8 22
15 23
14 24
14 25
21 26
25 27
8 28
3 29
19 30
17 31
6 32
22 33
17 34
10 35
19 36
2 37
12 38
2 39
15 40
13 41
29 42
1 43
30 44
42 45
8 46
20 47
2 48
25 49
32 50
36 51
42 52
10 53
16 54
21 55
38 56
37 57
34 58
14 59
37 60
2 61
44 62
29 63
41 64
51 65
7 66
11 67
7 68
39 69
55 70
50 71
35 72
60 73
59 74
21 75
55 76
60 77
10 78
27 79
15 80
62 81
31 82
34 83
47 84
14 85
71 86
45 87
16 88
39 89
37 90
51 91
84 92
66 93
83 94
22 95
49 96
56 97
41 98
30 99
7 100
92 98
15 65
28 30
11 92
32 74
64 86
54 70
1 31
1 17
83 89
11 73
18 33
1 33
11 89
2 44
13 33
38 41
57 85
58 70
17 90
49 70
19 25
29 44
37 94
39 61
76 95
1 28
6 56
9 63
34 64
25 88
14 53
24 59
6 67
37 82
6 24
13 82
89 98
7 69
25 55
28 33
6 75
4 62
22 28
8 97
16 95
37 44
45 72
55 88
64 92
16 87
1 13
19 20
23 43
19 85
24 74
21 80
41 47
88 99
60 68
66 75
26 43
11 22
71 76
56 83
31 36
69 92
23 57
6 31
59 94
25 99
16 57
23 35
29 99
44 66
69 88
39 85
54 91
9 70
28 81
6 29
77 99
32 77
74 99
4 88
3 73
20 82
11 34
59 84
6 98
80 91
63 65
15 51
24 46
21 71
30 65
10 100
25 79
6 9
3 57
62 72
