50 1000000000 29
60375297
123172739 1
261298386 2
233025749 2
228857804 1
134571593 4
285208457 5
144026562 3
221852867 5
280960087 2
186927838 10
210197547 9
116706048 11
137419481 1
255417771 2
79520700 11
178740840 2
207421910 8
46010340 15
100753578 1
139676304 17
241293044 12
232125959 18
228038199 19
208343934 19
108290320 11
209277716 24
236047059 13
282006691 27
260953379 13
91388458 15
195483790 19
31580996 25
243253157 17
184260223 17
114324624 32
109828241 20
86867886 18
234560274 30
173815190 24
264792707 35
49145330 29
262029866 23
22046582 30
202929797 41
267053806 34
61089288 36
76666592 32
210219862 30
125630494 46
