50 1000000000 7
324728548
213187770 1
102125540 1
168961099 1
114812924 2
281886108 3
286794272 6
332500798 6
247839766 6
222139415 5
214552081 8
83326047 7
65928547 9
244882749 11
221525667 12
266803353 14
332820297 16
322372306 15
170722614 18
7723669 18
273472665 16
277430368 21
25010216 20
265269953 20
57341382 20
179527981 22
271481361 23
242466802 23
43162326 28
226232479 29
122843885 27
203691070 28
188182048 31
94486775 32
54894080 31
159187075 31
83015375 32
42271987 37
125658160 37
257236097 38
129973519 37
115546516 39
229754482 38
298319203 39
182787199 44
167114524 43
121036472 46
56022683 45
154362310 44
260772701 48
