44 47
45
25 33 31 44
8 22 34 31
34 19 40 36
20 9 31 47
19 12 31 30
5 45 21 46
3 7 4 11
2 45 13 46
16 46 24 47
10 42 17 43
1 26 38 29
9 32 12 46
0 31 35 35
40 16 41 25
23 2 39 31
38 9 41 30
35 25 40 32
39 7 44 10
4 41 7 45
36 30 41 41
10 18 43 44
27 34 38 47
22 40 37 47
25 4 44 10
18 16 25 21
3 7 44 36
7 39 12 45
15 36 27 46
11 9 38 40
10 12 38 29
29 41 39 43
30 31 38 38
10 5 32 37
27 36 40 42
28 5 42 42
2 9 29 13
5 22 16 46
31 28 37 41
34 0 40 23
29 26 44 47
31 30 39 45
0 25 38 38
2 42 8 46
9 22 11 42
39 2 42 29
