40
17359 72957
23617 59340
53440 63392
77996 15329
65906 65496
12701 39244
97461 95495
61199 14629
48940 93642
35727 66478
97677 40266
72003 2081
37412 38807
7901 18202
41596 99860
21784 12132
40474 48064
46689 62836
79801 9970
72292 31480
38516 83367
34458 12024
47236 33232
43276 79911
9446 436
92324 78251
52825 11528
26166 39354
21792 1265
64645 29915
26306 88924
98975 25594
87211 50301
22271 34435
43674 47435
90838 85986
51867 80885
93374 81273
92253 45116
66780 88621
40
1 2788
2 64107
3 76122
4 57444
5 4666
6 49822
7 53431
8 46118
9 71569
10 52122
11 71253
12 87452
13 41262
14 26918
15 99582
16 54431
17 22124
18 97510
19 61238
20 39119
21 40326
22 44631
23 98802
24 76327
25 65120
26 13846
27 22683
28 99702
29 62141
30 85483
31 78644
32 33793
33 51791
34 67790
35 87199
36 58762
37 58886
38 11608
39 59588
