211672271
211672271
599138919
599138919
953913497
953913497
944264109
944264109
857919675
857919675
700462427
700462427
603348817
603348817
347219504
347219504
406494840
406494840
547406926
547406926
797088738
797088738
661321701
661321701
944900157
944900157
299855766
299855766
749241767
749241767
398623943
398623943
839875040
839875040
16248813
16248813
67036620
67036620
207468095
207468095
849665197
849665197
772001592
772001592
968132403
968132403
78029683
78029683
264320052
264320052
961256073
961256073
141724706
141724706
831924988
831924988
368089267
368089267
507115689
507115689
487710406
487710406
809345847
809345847
128523626
128523626
79338049
79338049
526324261
526324261
715813029
715813029
356612781
356612781
355297735
355297735
110601855
110601855
311874390
311874390
880409433
880409433
599287499
599287499
523695862
523695862
914912808
914912808
950245087
950245087
738539009
738539009
830300278
830300278
257217755
257217755
256443826
256443826
939255777
939255777
973132100
973132100
970807657
970807657
425010491
425010491
459146103
459146103
67990876
67990876
756713329
756713329
201009689
201009689
838901956
838901956
792262227
792262227
273371693
273371693
331371657
331371657
770564513
770564513
635913992
635913992
486346459
486346459
867393632
867393632
739172281
739172281
462425849
462425849
426850660
426850660
292909865
292909865
146605028
146605028
466801250
466801250
676026522
676026522
416706271
416706271
876569551
876569551
515072646
515072646
594920961
594920961
937223912
937223912
337973890
337973890
844010351
844010351
145664973
145664973
395207004
395207004
737606399
737606399
485432620
485432620
580069729
580069729
750818595
750818595
774870440
774870440
405968446
405968446
955331142
955331142
421114094
421114094
104103413
104103413
248993565
248993565
529969094
529969094
738731224
738731224
864159441
864159441
122427067
122427067
5591100
5591100
409966779
409966779
312461196
312461196
813915293
813915293
470917207
470917207
391111136
391111136
118853031
118853031
822679143
822679143
358944468
358944468
872258014
872258014
621851290
621851290
415686052
415686052
544186024
544186024
246332556
246332556
217426252
217426252
809843407
809843407
365015778
365015778
810893557
810893557
18804304
18804304
851745025
851745025
834479954
834479954
115182548
115182548
647493713
647493713
685360160
685360160
482338723
482338723
300626707
300626707
776315611
776315611
26921182
26921182
397641079
397641079
711769419
711769419
546621222
546621222
740310080
740310080
240946047
240946047
34247679
34247679
34102557
34102557
709592216
709592216
214762375
214762375
893962189
893962189
345588407
345588407
531735657
531735657
564186766
564186766
850269868
850269868
718427240
718427240
881524295
881524295
798993638
798993638
46674537
46674537
742565873
742565873
499981419
499981419
2160481
2160481
535927367
535927367
43842799
43842799
592549838
592549838
604651596
604651596
519150175
519150175
405845133
405845133
851272798
851272798
645552496
645552496
742677775
742677775
769053968
769053968
716846495
716846495
941484362
941484362
895426664
895426664
747850118
747850118
451670755
451670755
260141592
260141592
480553756
480553756
443832481
443832481
785130976
785130976
195618992
195618992
205477882
205477882
587912051
587912051
823215332
823215332
577640388
577640388
15383324
15383324
158989623
158989623
358681989
358681989
127763342
127763342
646152606
646152606
265027644
265027644
512293270
512293270
251848010
251848010
923408980
923408980
25240277
25240277
57832441
57832441
970685453
970685453
287899312
287899312
697037344
697037344
491940608
491940608
615994873
615994873
269567390
269567390
416273177
416273177
49170107
49170107
120235274
120235274
92408482
92408482
353695743
353695743
593754884
593754884
56819577
56819577
122565794
122565794
94533485
94533485
543913298
543913298
801266800
801266800
305478680
305478680
996528877
996528877
292131604
292131604
635857735
635857735
557215874
557215874
851896352
851896352
345747861
345747861
6800244
6800244
571667775
571667775
738066936
738066936
372602637
372602637
453457857
453457857
94579789
94579789
135672444
135672444
280762509
280762509
950897025
950897025
24576806
24576806
306402484
306402484
263464764
263464764
220735859
220735859
404183775
404183775
842188592
842188592
89325771
89325771
108375777
108375777
494875636
494875636
904288030
904288030
45157188
45157188
229646533
229646533
184644543
184644543
588374909
588374909
390679002
390679002
735091495
735091495
528263867
528263867
448961381
448961381
916778602
916778602
76901381
76901381
962547640
962547640
876477826
876477826
234032545
234032545
615127181
615127181
915339022
915339022
614512669
614512669
713316308
713316308
631028976
631028976
440924727
440924727
361696663
361696663
705685625
705685625
593363901
593363901
701986980
701986980
294728915
294728915
496899194
496899194
92753548
92753548
612902693
612902693
736178112
736178112
556260746
556260746
341605315
341605315
535320289
535320289
202027609
202027609
968921441
968921441
429308871
429308871
872070703
872070703
465040039
465040039
584050802
584050802
461084388
461084388
144743877
144743877
467961186
467961186
587693749
587693749
873360174
873360174
104250433
104250433
743738873
743738873
319099149
319099149
862472473
862472473
834662200
834662200
156833502
156833502
1339061
1339061
888973084
888973084
371856106
371856106
89759408
89759408
646007081
646007081
120522682
120522682
217877721
217877721
707786029
707786029
703096120
703096120
720943643
720943643
946546393
946546393
373243490
373243490
514897025
514897025
958305957
958305957
222577544
222577544
462325313
462325313
904389841
904389841
50006572
50006572
947711772
947711772
410168227
410168227
9626482
9626482
610555464
610555464
124318385
124318385
663126149
663126149
167406356
167406356
730844170
730844170
718429243
718429243
248154175
248154175
479040313
479040313
643521306
643521306
817021361
817021361
898529817
898529817
636677399
636677399
806023611
806023611
220241200
220241200
471055791
471055791
866120649
866120649
288725405
288725405
921429825
921429825
387725566
387725566
170716090
170716090
226356372
226356372
125913675
125913675
271832529
271832529
842351349
842351349
632465951
632465951
871673201
871673201
659126082
659126082
473311018
473311018
168834593
168834593
717832231
717832231
563882424
563882424
614739868
614739868
279157079
279157079
522978731
522978731
255681389
255681389
592967070
592967070
134561266
134561266
305694080
305694080
614832537
614832537
160548317
160548317
173894109
173894109
256629204
256629204
942074966
942074966
835955856
835955856
946024841
946024841
751601039
751601039
526063664
526063664
571144034
571144034
767715741
767715741
159113484
159113484
857298486
857298486
960283091
960283091
959718921
959718921
935312844
935312844
46128187
46128187
807374543
807374543
443561787
443561787
782037003
782037003
322345986
322345986
641853852
641853852
856770413
856770413
17679780
17679780
522417697
522417697
369387185
369387185
374647044
374647044
861094870
861094870
911388871
911388871
849463296
849463296
659288065
659288065
820458605
820458605
739065713
739065713
684823371
684823371
63539435
63539435
160738071
160738071
494865888
494865888
951925042
951925042
543773267
543773267
904924276
904924276
413560142
413560142
746885162
746885162
971180466
971180466
961330771
961330771
541628562
541628562
232935692
232935692
314406704
314406704
773208149
773208149
527251320
527251320
242074310
242074310
445346381
445346381
19701002
19701002
906992334
906992334
575072548
575072548
358835082
358835082
766882528
766882528
529694583
529694583
213891859
213891859
924981500
924981500
346904299
346904299
574080515
574080515
222932811
222932811
432467913
432467913
868881720
868881720
301442179
301442179
584342511
584342511
377355378
377355378
655470621
655470621
487298962
487298962
124575465
124575465
331308002
331308002
794206550
794206550
525087456
525087456
26014343
26014343
653437169
653437169
756098837
756098837
114351285
114351285
784656468
784656468
122992748
122992748
915283400
915283400
111793986
111793986
882650468
882650468
947372018
947372018
608598205
608598205
560432026
560432026
641263340
641263340
800089147
800089147
293590422
293590422
743985403
743985403
611322234
611322234
511660347
511660347
584996789
584996789
975306815
975306815
585637359
585637359
76600233
76600233
257245777
257245777
688543227
688543227
627226570
627226570
103409468
103409468
585384843
585384843
600376977
600376977
54156818
54156818
567159988
567159988
493941612
493941612
221603562
221603562
95721726
95721726
413231394
413231394
534538604
534538604
924104612
924104612
291575947
291575947
334002190
334002190
693240335
693240335
669238758
669238758
492023726
492023726
127590846
127590846
225340329
225340329
935615772
935615772
524673317
524673317
640211269
640211269
699943103
699943103
443039080
443039080
238713546
238713546
61954188
61954188
76773561
76773561
823809112
823809112
66449548
66449548
322004631
322004631
46983996
46983996
707498129
707498129
808007763
808007763
765366181
765366181
190693576
190693576
745786347
745786347
922190055
922190055
330571557
330571557
856410861
856410861
371240959
371240959
846581329
846581329
95128579
95128579
406805498
406805498
22857008
22857008
139899531
139899531
321933171
321933171
573344083
573344083
690778558
690778558
631733819
631733819
181595970
181595970
75783574
75783574
413944099
413944099
87007573
87007573
39036614
39036614
573429922
573429922
335845710
335845710
187058872
187058872
183934035
183934035
562652597
562652597
690731465
690731465
852888243
852888243
909744245
909744245
532584864
532584864
499264528
499264528
848902532
848902532
19345845
19345845
132878001
132878001
532049941
532049941
682756893
682756893
326044011
326044011
575239709
575239709
224371318
224371318
932328260
932328260
282041698
282041698
245400206
245400206
458705244
458705244
900158714
900158714
163140357
163140357
951281476
951281476
398703155
398703155
982119388
982119388
911690337
911690337
635685654
635685654
44801220
44801220
281885220
281885220
583071316
583071316
941332357
941332357
924008026
924008026
320923287
320923287
146942841
146942841
503633343
503633343
958799151
958799151
890808577
890808577
680494087
680494087
950919189
950919189
889433938
889433938
430403292
430403292
475064883
475064883
16085401
16085401
623227220
623227220
747218606
747218606
89872500
89872500
11996006
11996006
154280827
154280827
72498813
72498813
345712914
345712914
493023040
493023040
660687914
660687914
769049438
769049438
596002866
596002866
278523427
278523427
757054921
757054921
568536834
568536834
629705958
629705958
776626283
776626283
105329684
105329684
855178701
855178701
319401101
319401101
717231771
717231771
152778951
152778951
388392868
388392868
684730634
684730634
393865862
393865862
79888142
79888142
589609429
589609429
145863148
145863148
797092408
797092408
116053270
116053270
670247809
670247809
828423494
828423494
68245368
68245368
914676538
914676538
213243686
213243686
333506976
333506976
445964199
445964199
87486832
87486832
640003600
640003600
562461627
562461627
401925829
401925829
98103900
98103900
471296538
471296538
135687144
135687144
320093475
320093475
273998695
273998695
253499294
253499294
269283564
269283564
356414804
356414804
922941358
922941358
13367302
13367302
163985663
163985663
765320255
765320255
428113058
428113058
676751735
676751735
655307486
655307486
91653825
91653825
354410629
354410629
673161547
673161547
354979238
354979238
388937863
388937863
121425832
121425832
239166589
239166589
17936674
17936674
326775197
326775197
537883743
537883743
897849267
897849267
328381770
328381770
399903658
399903658
39453949
39453949
621127026
621127026
329894502
329894502
746926768
746926768
334361393
334361393
405742812
405742812
296797504
296797504
102165487
102165487
518474366
518474366
89140381
89140381
168892673
168892673
930085197
930085197
174242117
174242117
778282892
778282892
963803198
963803198
113108702
113108702
89496871
89496871
635233833
635233833
90861119
90861119
985644485
985644485
571212616
571212616
129859532
129859532
56830685
56830685
184027863
184027863
816145235
816145235
885533011
885533011
56317460
56317460
413539904
413539904
74652387
74652387
161085655
161085655
317494150
317494150
571089561
571089561
13485879
13485879
815972339
815972339
133268010
133268010
60457333
60457333
53572280
53572280
25050634
25050634
855470197
855470197
473017593
473017593
452962692
452962692
411845205
411845205
297836352
297836352
251819254
251819254
285246962
285246962
768227112
768227112
931396558
931396558
124216895
124216895
318392785
318392785
171629026
171629026
343490389
343490389
636952066
636952066
466855529
466855529
963399829
963399829
699010928
699010928
914964895
914964895
342488096
342488096
619153003
619153003
643972143
643972143
131965377
131965377
843687644
843687644
950385267
950385267
699492288
699492288
270249436
270249436
519157737
519157737
519130650
519130650
993797481
993797481
32838226
32838226
559112559
559112559
167169291
167169291
772871483
772871483
534352852
534352852
892316174
892316174
417316205
417316205
667891815
667891815
58539717
58539717
609005305
609005305
420777353
420777353
143240241
143240241
214279458
214279458
989691580
989691580
15271747
15271747
577433210
577433210
953325590
953325590
984638605
984638605
398702293
398702293
348720417
348720417
300473318
300473318
781527701
781527701
173289875
173289875
635428045
635428045
768118538
768118538
815609856
815609856
310491600
310491600
56953481
56953481
22794516
22794516
274874774
274874774
342627665
342627665
504218950
504218950
86181002
86181002
439637022
439637022
836461085
836461085
698201423
698201423
829363724
829363724
758897972
758897972
351404798
351404798
500485645
500485645
500636530
500636530
528299185
528299185
499599964
499599964
536428398
536428398
3078935
3078935
541503654
541503654
103766912
103766912
82784607
82784607
655604064
655604064
28780055
28780055
130640122
130640122
665528623
665528623
25086704
25086704
994225347
994225347
498216766
498216766
874547611
874547611
112364760
112364760
743897628
743897628
219753501
219753501
664814242
664814242
786514069
786514069
690745081
690745081
217048723
217048723
27424102
27424102
913928111
913928111
374727971
374727971
952797113
952797113
710763950
710763950
415118645
415118645
74979775
74979775
570456281
570456281
448727789
448727789
379380617
379380617
774032840
774032840
108030070
108030070
662054309
662054309
298620093
298620093
285518028
285518028
797290413
797290413
820799192
820799192
99005205
99005205
37122151
37122151
872489455
872489455
30188317
30188317
752067768
752067768
381082664
381082664
658900187
658900187
736595086
736595086
922492286
922492286
708366208
708366208
377270624
377270624
685166137
685166137
909694948
909694948
112734987
112734987
827352121
827352121
908015682
908015682
485668997
485668997
990586553
990586553
807823434
807823434
262329288
262329288
155640823
155640823
368240578
368240578
32645176
32645176
891579562
891579562
792613491
792613491
607702798
607702798
765233329
765233329
730666971
730666971
594437320
594437320
100111135
100111135
527425063
527425063
611308028
611308028
47126847
47126847
324620147
324620147
269928778
269928778
99838665
99838665
643384153
643384153
847476415
847476415
541014167
541014167
537895631
537895631
459752278
459752278
801765467
801765467
110201504
110201504
465691758
465691758
276371478
276371478
858325905
858325905
338380847
338380847
396429989
396429989
629817476
629817476
455091077
455091077
815881650
815881650
32244633
32244633
978505394
978505394
506981322
506981322
449645577
449645577
376964106
376964106
780407237
780407237
667302393
667302393
12020861
12020861
449001479
449001479
460867032
460867032
314687291
314687291
934783146
934783146
532840758
532840758
187727370
187727370
979983308
979983308
829640085
829640085
37042665
37042665
839136549
839136549
24788405
24788405
292710011
292710011
694529669
694529669
424221229
424221229
449736505
449736505
174522743
174522743
873695356
873695356
805725390
805725390
360607876
360607876
571222210
571222210
600172649
600172649
739685981
739685981
515266759
515266759
675583845
675583845
20140107
20140107
246924483
246924483
794947161
794947161
15383681
15383681
12971123
12971123
268257007
268257007
800485355
800485355
621411057
621411057
502739314
502739314
509978095
509978095
12734519
12734519
411659458
411659458
73855616
73855616
929339521
929339521
107700419
107700419
659994491
659994491
936890257
936890257
295322073
295322073
160352434
160352434
628802500
628802500
420479131
420479131
909655008
909655008
125906336
125906336
939881251
939881251
176252955
176252955
684015975
684015975
13955432
13955432
152711279
152711279
381117098
381117098
520975773
520975773
189800203
189800203
556660894
556660894
646117937
646117937
978552693
978552693
838053912
838053912
876741110
876741110
143039404
143039404
767897273
767897273
663417909
663417909
483957965
483957965
997803821
997803821
428494364
428494364
851007184
851007184
114897875
114897875
116513293
116513293
61804510
61804510
936511854
936511854
340892015
340892015
269906670
269906670
764828054
764828054
699167182
699167182
564508471
564508471
151866025
151866025
498932949
498932949
591501589
591501589
320451144
320451144
192753324
192753324
425237214
425237214
524776522
524776522
856601716
856601716
317301345
317301345
287909228
287909228
395756053
395756053
183294337
183294337
747140439
747140439
402583028
402583028
360571513
360571513
206550771
206550771
46411302
46411302
536881119
536881119
611548970
611548970
53093501
53093501
626289873
626289873
340107884
340107884
711817872
711817872
160501725
160501725
540855695
540855695
27884049
27884049
823519795
823519795
568488796
568488796
220399294
220399294
661300413
661300413
887844698
887844698
58043498
58043498
866099646
866099646
568523354
568523354
234966167
234966167
499631485
499631485
755790306
755790306
778097817
778097817
191963443
191963443
553233661
553233661
591548123
591548123
683784023
683784023
251571519
251571519
353179005
353179005
18853785
18853785
388657115
388657115
112337362
112337362
975309128
975309128
697810487
697810487
901005653
901005653
160083532
160083532
620341249
620341249
317345705
317345705
923454981
923454981
80094963
80094963
714866946
714866946
569005185
569005185
368286427
368286427
684204521
684204521
100134663
100134663
592192297
592192297
349606921
349606921
73123052
73123052
292131081
292131081
177072407
177072407
521624034
521624034
758585968
758585968
222666472
222666472
567600433
567600433
775681417
775681417
317027256
317027256
798647865
798647865
83674856
83674856
442981059
442981059
806484729
806484729
423279586
423279586
319508057
319508057
63513866
63513866
213556314
213556314
49831511
49831511
225039923
225039923
753282937
753282937
791919311
791919311
653803270
653803270
270119318
270119318
711470211
711470211
566059749
566059749
229451153
229451153
851596375
851596375
699634204
699634204
521200599
521200599
209539393
209539393
465095696
465095696
892824151
892824151
332007470
332007470
37256988
37256988
356296125
356296125
982139032
982139032
306945567
306945567
441429344
441429344
843999514
843999514
58899221
58899221
889882605
889882605
953712524
953712524
70090018
70090018
419063930
419063930
909764636
909764636
176520225
176520225
585565736
585565736
450172830
450172830
68918181
68918181
507493499
507493499
625065223
625065223
557763562
557763562
733466541
733466541
307783620
307783620
358676709
358676709
867844319
867844319
837255298
837255298
629158647
629158647
305452527
305452527
118918162
118918162
724413705
724413705
829081898
829081898
269588203
269588203
269588203
829081898
829081898
724413705
724413705
118918162
118918162
305452527
305452527
629158647
629158647
837255298
837255298
867844319
867844319
358676709
358676709
307783620
307783620
733466541
733466541
557763562
557763562
625065223
625065223
507493499
507493499
68918181
68918181
450172830
450172830
585565736
585565736
176520225
176520225
909764636
909764636
419063930
419063930
70090018
70090018
953712524
953712524
889882605
889882605
58899221
58899221
843999514
843999514
441429344
441429344
306945567
306945567
982139032
982139032
356296125
356296125
37256988
37256988
332007470
332007470
892824151
892824151
465095696
465095696
209539393
209539393
521200599
521200599
699634204
699634204
851596375
851596375
229451153
229451153
566059749
566059749
711470211
711470211
270119318
270119318
653803270
653803270
791919311
791919311
753282937
753282937
225039923
225039923
49831511
49831511
213556314
213556314
63513866
63513866
319508057
319508057
423279586
423279586
806484729
806484729
442981059
442981059
83674856
83674856
798647865
798647865
317027256
317027256
775681417
775681417
567600433
567600433
222666472
222666472
758585968
758585968
521624034
521624034
177072407
177072407
292131081
292131081
73123052
73123052
349606921
349606921
592192297
592192297
100134663
100134663
684204521
684204521
368286427
368286427
569005185
569005185
714866946
714866946
80094963
80094963
923454981
923454981
317345705
317345705
620341249
620341249
160083532
160083532
901005653
901005653
697810487
697810487
975309128
975309128
112337362
112337362
388657115
388657115
18853785
18853785
353179005
353179005
251571519
251571519
683784023
683784023
591548123
591548123
553233661
553233661
191963443
191963443
778097817
778097817
755790306
755790306
499631485
499631485
234966167
234966167
568523354
568523354
866099646
866099646
58043498
58043498
887844698
887844698
661300413
661300413
220399294
220399294
568488796
568488796
823519795
823519795
27884049
27884049
540855695
540855695
160501725
160501725
711817872
711817872
340107884
340107884
626289873
626289873
53093501
53093501
611548970
611548970
536881119
536881119
46411302
46411302
206550771
206550771
360571513
360571513
402583028
402583028
747140439
747140439
183294337
183294337
395756053
395756053
287909228
287909228
317301345
317301345
856601716
856601716
524776522
524776522
425237214
425237214
192753324
192753324
320451144
320451144
591501589
591501589
498932949
498932949
151866025
151866025
564508471
564508471
699167182
699167182
764828054
764828054
269906670
269906670
340892015
340892015
936511854
936511854
61804510
61804510
116513293
116513293
114897875
114897875
851007184
851007184
428494364
428494364
997803821
997803821
483957965
483957965
663417909
663417909
767897273
767897273
143039404
143039404
876741110
876741110
838053912
838053912
978552693
978552693
646117937
646117937
556660894
556660894
189800203
189800203
520975773
520975773
381117098
381117098
152711279
152711279
13955432
13955432
684015975
684015975
176252955
176252955
939881251
939881251
125906336
125906336
909655008
909655008
420479131
420479131
628802500
628802500
160352434
160352434
295322073
295322073
936890257
936890257
659994491
659994491
107700419
107700419
929339521
929339521
73855616
73855616
411659458
411659458
12734519
12734519
509978095
509978095
502739314
502739314
621411057
621411057
800485355
800485355
268257007
268257007
12971123
12971123
15383681
15383681
794947161
794947161
246924483
246924483
20140107
20140107
675583845
675583845
515266759
515266759
739685981
739685981
600172649
600172649
571222210
571222210
360607876
360607876
805725390
805725390
873695356
873695356
174522743
174522743
449736505
449736505
424221229
424221229
694529669
694529669
292710011
292710011
24788405
24788405
839136549
839136549
37042665
37042665
829640085
829640085
979983308
979983308
187727370
187727370
532840758
532840758
934783146
934783146
314687291
314687291
460867032
460867032
449001479
449001479
12020861
12020861
667302393
667302393
780407237
780407237
376964106
376964106
449645577
449645577
506981322
506981322
978505394
978505394
32244633
32244633
815881650
815881650
455091077
455091077
629817476
629817476
396429989
396429989
338380847
338380847
858325905
858325905
276371478
276371478
465691758
465691758
110201504
110201504
801765467
801765467
459752278
459752278
537895631
537895631
541014167
541014167
847476415
847476415
643384153
643384153
99838665
99838665
269928778
269928778
324620147
324620147
47126847
47126847
611308028
611308028
527425063
527425063
100111135
100111135
594437320
594437320
730666971
730666971
765233329
765233329
607702798
607702798
792613491
792613491
891579562
891579562
32645176
32645176
368240578
368240578
155640823
155640823
262329288
262329288
807823434
807823434
990586553
990586553
485668997
485668997
908015682
908015682
827352121
827352121
112734987
112734987
909694948
909694948
685166137
685166137
377270624
377270624
708366208
708366208
922492286
922492286
736595086
736595086
658900187
658900187
381082664
381082664
752067768
752067768
30188317
30188317
872489455
872489455
37122151
37122151
99005205
99005205
820799192
820799192
797290413
797290413
285518028
285518028
298620093
298620093
662054309
662054309
108030070
108030070
774032840
774032840
379380617
379380617
448727789
448727789
570456281
570456281
74979775
74979775
415118645
415118645
710763950
710763950
952797113
952797113
374727971
374727971
913928111
913928111
27424102
27424102
217048723
217048723
690745081
690745081
786514069
786514069
664814242
664814242
219753501
219753501
743897628
743897628
112364760
112364760
874547611
874547611
498216766
498216766
994225347
994225347
25086704
25086704
665528623
665528623
130640122
130640122
28780055
28780055
655604064
655604064
82784607
82784607
103766912
103766912
541503654
541503654
3078935
3078935
536428398
536428398
499599964
499599964
528299185
528299185
500636530
500636530
500485645
500485645
351404798
351404798
758897972
758897972
829363724
829363724
698201423
698201423
836461085
836461085
439637022
439637022
86181002
86181002
504218950
504218950
342627665
342627665
274874774
274874774
22794516
22794516
56953481
56953481
310491600
310491600
815609856
815609856
768118538
768118538
635428045
635428045
173289875
173289875
781527701
781527701
300473318
300473318
348720417
348720417
398702293
398702293
984638605
984638605
953325590
953325590
577433210
577433210
15271747
15271747
989691580
989691580
214279458
214279458
143240241
143240241
420777353
420777353
609005305
609005305
58539717
58539717
667891815
667891815
417316205
417316205
892316174
892316174
534352852
534352852
772871483
772871483
167169291
167169291
559112559
559112559
32838226
32838226
993797481
993797481
519130650
519130650
519157737
519157737
270249436
270249436
699492288
699492288
950385267
950385267
843687644
843687644
131965377
131965377
643972143
643972143
619153003
619153003
342488096
342488096
914964895
914964895
699010928
699010928
963399829
963399829
466855529
466855529
636952066
636952066
343490389
343490389
171629026
171629026
318392785
318392785
124216895
124216895
931396558
931396558
768227112
768227112
285246962
285246962
251819254
251819254
297836352
297836352
411845205
411845205
452962692
452962692
473017593
473017593
855470197
855470197
25050634
25050634
53572280
53572280
60457333
60457333
133268010
133268010
815972339
815972339
13485879
13485879
571089561
571089561
317494150
317494150
161085655
161085655
74652387
74652387
413539904
413539904
56317460
56317460
885533011
885533011
816145235
816145235
184027863
184027863
56830685
56830685
129859532
129859532
571212616
571212616
985644485
985644485
90861119
90861119
635233833
635233833
89496871
89496871
113108702
113108702
963803198
963803198
778282892
778282892
174242117
174242117
930085197
930085197
168892673
168892673
89140381
89140381
518474366
518474366
102165487
102165487
296797504
296797504
405742812
405742812
334361393
334361393
746926768
746926768
329894502
329894502
621127026
621127026
39453949
39453949
399903658
399903658
328381770
328381770
897849267
897849267
537883743
537883743
326775197
326775197
17936674
17936674
239166589
239166589
121425832
121425832
388937863
388937863
354979238
354979238
673161547
673161547
354410629
354410629
91653825
91653825
655307486
655307486
676751735
676751735
428113058
428113058
765320255
765320255
163985663
163985663
13367302
13367302
922941358
922941358
356414804
356414804
269283564
269283564
253499294
253499294
273998695
273998695
320093475
320093475
135687144
135687144
471296538
471296538
98103900
98103900
401925829
401925829
562461627
562461627
640003600
640003600
87486832
87486832
445964199
445964199
333506976
333506976
213243686
213243686
914676538
914676538
68245368
68245368
828423494
828423494
670247809
670247809
116053270
116053270
797092408
797092408
145863148
145863148
589609429
589609429
79888142
79888142
393865862
393865862
684730634
684730634
388392868
388392868
152778951
152778951
717231771
717231771
319401101
319401101
855178701
855178701
105329684
105329684
776626283
776626283
629705958
629705958
568536834
568536834
757054921
757054921
278523427
278523427
596002866
596002866
769049438
769049438
660687914
660687914
493023040
493023040
345712914
345712914
72498813
72498813
154280827
154280827
11996006
11996006
89872500
89872500
747218606
747218606
623227220
623227220
16085401
16085401
475064883
475064883
430403292
430403292
889433938
889433938
950919189
950919189
680494087
680494087
890808577
890808577
958799151
958799151
503633343
503633343
146942841
146942841
320923287
320923287
924008026
924008026
941332357
941332357
583071316
583071316
281885220
281885220
44801220
44801220
635685654
635685654
911690337
911690337
982119388
982119388
398703155
398703155
951281476
951281476
163140357
163140357
900158714
900158714
458705244
458705244
245400206
245400206
282041698
282041698
932328260
932328260
224371318
224371318
575239709
575239709
326044011
326044011
682756893
682756893
532049941
532049941
132878001
132878001
19345845
19345845
848902532
848902532
499264528
499264528
532584864
532584864
909744245
909744245
852888243
852888243
690731465
690731465
562652597
562652597
183934035
183934035
187058872
187058872
335845710
335845710
573429922
573429922
39036614
39036614
87007573
87007573
413944099
413944099
75783574
75783574
181595970
181595970
631733819
631733819
690778558
690778558
573344083
573344083
321933171
321933171
139899531
139899531
22857008
22857008
406805498
406805498
95128579
95128579
846581329
846581329
371240959
371240959
856410861
856410861
330571557
330571557
922190055
922190055
745786347
745786347
190693576
190693576
765366181
765366181
808007763
808007763
707498129
707498129
46983996
46983996
322004631
322004631
66449548
66449548
823809112
823809112
76773561
76773561
61954188
61954188
238713546
238713546
443039080
443039080
699943103
699943103
640211269
640211269
524673317
524673317
935615772
935615772
225340329
225340329
127590846
127590846
492023726
492023726
669238758
669238758
693240335
693240335
334002190
334002190
291575947
291575947
924104612
924104612
534538604
534538604
413231394
413231394
95721726
95721726
221603562
221603562
493941612
493941612
567159988
567159988
54156818
54156818
600376977
600376977
585384843
585384843
103409468
103409468
627226570
627226570
688543227
688543227
257245777
257245777
76600233
76600233
585637359
585637359
975306815
975306815
584996789
584996789
511660347
511660347
611322234
611322234
743985403
743985403
293590422
293590422
800089147
800089147
641263340
641263340
560432026
560432026
608598205
608598205
947372018
947372018
882650468
882650468
111793986
111793986
915283400
915283400
122992748
122992748
784656468
784656468
114351285
114351285
756098837
756098837
653437169
653437169
26014343
26014343
525087456
525087456
794206550
794206550
331308002
331308002
124575465
124575465
487298962
487298962
655470621
655470621
377355378
377355378
584342511
584342511
301442179
301442179
868881720
868881720
432467913
432467913
222932811
222932811
574080515
574080515
346904299
346904299
924981500
924981500
213891859
213891859
529694583
529694583
766882528
766882528
358835082
358835082
575072548
575072548
906992334
906992334
19701002
19701002
445346381
445346381
242074310
242074310
527251320
527251320
773208149
773208149
314406704
314406704
232935692
232935692
541628562
541628562
961330771
961330771
971180466
971180466
746885162
746885162
413560142
413560142
904924276
904924276
543773267
543773267
951925042
951925042
494865888
494865888
160738071
160738071
63539435
63539435
684823371
684823371
739065713
739065713
820458605
820458605
659288065
659288065
849463296
849463296
911388871
911388871
861094870
861094870
374647044
374647044
369387185
369387185
522417697
522417697
17679780
17679780
856770413
856770413
641853852
641853852
322345986
322345986
782037003
782037003
443561787
443561787
807374543
807374543
46128187
46128187
935312844
935312844
959718921
959718921
960283091
960283091
857298486
857298486
159113484
159113484
767715741
767715741
571144034
571144034
526063664
526063664
751601039
751601039
946024841
946024841
835955856
835955856
942074966
942074966
256629204
256629204
173894109
173894109
160548317
160548317
614832537
614832537
305694080
305694080
134561266
134561266
592967070
592967070
255681389
255681389
522978731
522978731
279157079
279157079
614739868
614739868
563882424
563882424
717832231
717832231
168834593
168834593
473311018
473311018
659126082
659126082
871673201
871673201
632465951
632465951
842351349
842351349
271832529
271832529
125913675
125913675
226356372
226356372
170716090
170716090
387725566
387725566
921429825
921429825
288725405
288725405
866120649
866120649
471055791
471055791
220241200
220241200
806023611
806023611
636677399
636677399
898529817
898529817
817021361
817021361
643521306
643521306
479040313
479040313
248154175
248154175
718429243
718429243
730844170
730844170
167406356
167406356
663126149
663126149
124318385
124318385
610555464
610555464
9626482
9626482
410168227
410168227
947711772
947711772
50006572
50006572
904389841
904389841
462325313
462325313
222577544
222577544
958305957
958305957
514897025
514897025
373243490
373243490
946546393
946546393
720943643
720943643
703096120
703096120
707786029
707786029
217877721
217877721
120522682
120522682
646007081
646007081
89759408
89759408
371856106
371856106
888973084
888973084
1339061
1339061
156833502
156833502
834662200
834662200
862472473
862472473
319099149
319099149
743738873
743738873
104250433
104250433
873360174
873360174
587693749
587693749
467961186
467961186
144743877
144743877
461084388
461084388
584050802
584050802
465040039
465040039
872070703
872070703
429308871
429308871
968921441
968921441
202027609
202027609
535320289
535320289
341605315
341605315
556260746
556260746
736178112
736178112
612902693
612902693
92753548
92753548
496899194
496899194
294728915
294728915
701986980
701986980
593363901
593363901
705685625
705685625
361696663
361696663
440924727
440924727
631028976
631028976
713316308
713316308
614512669
614512669
915339022
915339022
615127181
615127181
234032545
234032545
876477826
876477826
962547640
962547640
76901381
76901381
916778602
916778602
448961381
448961381
528263867
528263867
735091495
735091495
390679002
390679002
588374909
588374909
184644543
184644543
229646533
229646533
45157188
45157188
904288030
904288030
494875636
494875636
108375777
108375777
89325771
89325771
842188592
842188592
404183775
404183775
220735859
220735859
263464764
263464764
306402484
306402484
24576806
24576806
950897025
950897025
280762509
280762509
135672444
135672444
94579789
94579789
453457857
453457857
372602637
372602637
738066936
738066936
571667775
571667775
6800244
6800244
345747861
345747861
851896352
851896352
557215874
557215874
635857735
635857735
292131604
292131604
996528877
996528877
305478680
305478680
801266800
801266800
543913298
543913298
94533485
94533485
122565794
122565794
56819577
56819577
593754884
593754884
353695743
353695743
92408482
92408482
120235274
120235274
49170107
49170107
416273177
416273177
269567390
269567390
615994873
615994873
491940608
491940608
697037344
697037344
287899312
287899312
970685453
970685453
57832441
57832441
25240277
25240277
923408980
923408980
251848010
251848010
512293270
512293270
265027644
265027644
646152606
646152606
127763342
127763342
358681989
358681989
158989623
158989623
15383324
15383324
577640388
577640388
823215332
823215332
587912051
587912051
205477882
205477882
195618992
195618992
785130976
785130976
443832481
443832481
480553756
480553756
260141592
260141592
451670755
451670755
747850118
747850118
895426664
895426664
941484362
941484362
716846495
716846495
769053968
769053968
742677775
742677775
645552496
645552496
851272798
851272798
405845133
405845133
519150175
519150175
604651596
604651596
592549838
592549838
43842799
43842799
535927367
535927367
2160481
2160481
499981419
499981419
742565873
742565873
46674537
46674537
798993638
798993638
881524295
881524295
718427240
718427240
850269868
850269868
564186766
564186766
531735657
531735657
345588407
345588407
893962189
893962189
214762375
214762375
709592216
709592216
34102557
34102557
34247679
34247679
240946047
240946047
740310080
740310080
546621222
546621222
711769419
711769419
397641079
397641079
26921182
26921182
776315611
776315611
300626707
300626707
482338723
482338723
685360160
685360160
647493713
647493713
115182548
115182548
834479954
834479954
851745025
851745025
18804304
18804304
810893557
810893557
365015778
365015778
809843407
809843407
217426252
217426252
246332556
246332556
544186024
544186024
415686052
415686052
621851290
621851290
872258014
872258014
358944468
358944468
822679143
822679143
118853031
118853031
391111136
391111136
470917207
470917207
813915293
813915293
312461196
312461196
409966779
409966779
5591100
5591100
122427067
122427067
864159441
864159441
738731224
738731224
529969094
529969094
248993565
248993565
104103413
104103413
421114094
421114094
955331142
955331142
405968446
405968446
774870440
774870440
750818595
750818595
580069729
580069729
485432620
485432620
737606399
737606399
395207004
395207004
145664973
145664973
844010351
844010351
337973890
337973890
937223912
937223912
594920961
594920961
515072646
515072646
876569551
876569551
416706271
416706271
676026522
676026522
466801250
466801250
146605028
146605028
292909865
292909865
426850660
426850660
462425849
462425849
739172281
739172281
867393632
867393632
486346459
486346459
635913992
635913992
770564513
770564513
331371657
331371657
273371693
273371693
792262227
792262227
838901956
838901956
201009689
201009689
756713329
756713329
67990876
67990876
459146103
459146103
425010491
425010491
970807657
970807657
973132100
973132100
939255777
939255777
256443826
256443826
257217755
257217755
830300278
830300278
738539009
738539009
950245087
950245087
914912808
914912808
523695862
523695862
599287499
599287499
880409433
880409433
311874390
311874390
110601855
110601855
355297735
355297735
356612781
356612781
715813029
715813029
526324261
526324261
79338049
79338049
128523626
128523626
809345847
809345847
487710406
487710406
507115689
507115689
368089267
368089267
831924988
831924988
141724706
141724706
961256073
961256073
264320052
264320052
78029683
78029683
968132403
968132403
772001592
772001592
849665197
849665197
207468095
207468095
67036620
67036620
16248813
16248813
839875040
839875040
398623943
398623943
749241767
749241767
299855766
299855766
944900157
944900157
661321701
661321701
797088738
797088738
547406926
547406926
406494840
406494840
347219504
347219504
603348817
603348817
700462427
700462427
857919675
857919675
944264109
944264109
953913497
953913497
599138919
599138919
211672271
211672271
