6
3
600000 300000 100000
0 400000 600000
700000 400000 100000
3
700000 700000 200000
0 0 900000
500000 600000 900000
5
1000000 658525 1000000
867635 1000000 259903
727305 342912 1000000
995128 432824 1000000
69492 105991 1000000
6
900000 700000 300000
600000 300000 500000
900000 100000 900000
900000 1000000 0
800000 200000 900000
700000 800000 900000
7
300000 900000 800000
600000 1000000 700000
700000 200000 1000000
1000000 200000 200000
200000 400000 1000000
500000 800000 900000
900000 500000 800000
5
500000 500000 41274
270488 520436 605863
247128 522516 149943
502751 491747 516407
503752 488744 31814
