92816 621
58624 86675 142979215
9703 77323 626699040
91253 88207 593363841
65249 72303 7134145
31555 91846 644098701
89255 73558 112862491
36790 86148 14774701
57934 75241 222857121
54408 79027 37572766
78990 84528 442171327
80276 64041 9229135
88464 80293 305432254
70572 84179 11271261
84310 34111 42695351
86311 56264 478219057
74726 62216 238253137
70630 91975 214007317
8308 52161 134605477
41864 89580 308527429
41401 68053 24531761
36277 90542 16543296
79857 31555 294864291
78677 87587 992501977
70696 78742 70965673
45975 84950 109231309
55519 41864 269107159
86750 35823 485420347
82391 57697 236330737
91564 87242 1329725
86496 90772 20076145
71281 19873 472730253
88093 83626 456803881
85943 90492 528922801
91846 65828 309237347
14014 87293 131647033
55204 73704 289690281
82988 47384 294725054
45541 92158 328254299
83516 86688 99826701
83693 60712 500453682
45650 62131 743721666
5823 85686 69164536
76288 85193 821935111
66171 79836 192724581
67817 86347 304582048
53198 34307 50635625
87757 33274 43866791
59678 66570 230702221
36742 75024 1467137
89281 62286 186306751
72343 7991 35288989
56191 51536 257911569
68433 68711 314104001
24452 55204 140147701
58851 67827 523525933
26812 33292 174296551
88178 71608 654642172
66450 83529 157999517
88005 17058 561696556
65175 29202 413931531
87771 88740 134448161
88226 90965 182255833
32116 79267 47719376
77323 83693 767761429
88087 49442 160834005
88141 91634 21783907
25465 26599 162285641
67683 62342 334061807
83655 82601 380087905
65413 92804 260650881
87102 40682 24693505
84826 29873 360818173
76556 88370 286084401
27673 61612 393048744
24226 53490 21292556
68146 78677 167358213
35066 77538 125683273
62750 73105 272927866
37578 83116 106665801
82152 92018 394425097
88589 83259 433603422
11902 84472 51411809
53108 21421 8598759
29202 21670 663584736
64041 8308 116501457
69983 77189 136752778
69916 69033 122360437
79428 67794 85866661
90240 14014 379775969
85445 77747 99990219
52768 49177 224103673
67734 65175 82006131
26224 51546 472636555
62205 82524 437820791
29873 37578 26056192
51944 46404 91108816
56786 80525 523533601
35823 86311 221538453
550 85287 64378861
80445 79857 727409981
76465 80790 41718385
48357 83866 25374903
80525 62279 32874895
26706 84399 111462075
86602 450 86798515
74891 69018 134288596
73202 87931 651217781
85044 75516 132766447
13457 55519 129677095
14270 79428 153651990
15826 91545 213889501
70579 14270 90134785
54405 49718 22123521
90304 630 1831148
58091 87107 33469905
53474 30716 138828288
58392 41145 161842825
29268 64502 556867821
45120 23517 8753123
44402 85307 47141741
80454 24226 479083429
90935 18198 510333064
49101 57911 47049796
4798 15849 331471873
91409 87394 318699223
58751 56993 175332077
69651 79904 230606758
32033 70579 377834563
82796 92782 466598175
89640 90657 305661279
76425 70769 272737921
21670 21961 392136569
25322 39640 582778561
49763 86631 812543761
65853 64797 705565
86226 17363 185516696
55940 69651 12740546
64322 81649 252708940
83426 63000 557612521
42413 46135 214434145
33637 65853 264097588
65770 33637 673695634
74205 84458 257896673
72470 83644 261870841
65906 82290 193100545
58863 88589 295836151
2939 89177 626284291
26986 73219 524792833
78826 90304 407895269
17363 32116 411772846
42489 45120 80279785
91545 70630 9102598
78596 74726 320998679
85941 5823 416971138
84472 27020 119124148
85287 31980 358534
72301 54405 202045698
73356 59267 610886248
87760 33449 422676475
62279 44402 84526525
91634 52597 129660076
92639 62750 533028129
89162 9512 135022361
90965 90001 87963600
75241 85445 84485917
59958 91409 54586175
30336 73202 3043777
85307 87872 151576977
60478 73124 510330849
80293 83294 570558321
48406 80287 548399223
82899 85941 35326071
76752 57471 20581251
53964 9703 19747335
82361 62124 82053973
86347 68977 325314613
75439 77131 677966032
6678 51900 566145737
59334 62644 808165381
14875 92789 82876641
81442 89333 539307361
30897 92639 23391461
52597 9142 131236855
69018 56333 631965619
44006 51362 20181981
78592 85595 88150321
19162 55781 355375132
60127 83041 664108129
57945 81120 195914300
91180 92418 358325465
46404 77943 59346487
26499 90783 189091516
90542 64322 961800086
73251 78826 132697534
84458 53629 805135228
86518 35066 10801881
81534 64842 146935473
75024 25322 111907676
59162 81442 37029481
64797 90387 23325566
33467 55884 187049201
33027 82796 857478001
65237 69916 255003401
36553 58624 87544244
88370 12672 420834685
80952 83655 8179867
77747 68146 67255527
88844 83516 397613080
9242 87401 536043137
86148 87760 140489775
84399 84382 307791908
85610 32737 396554669
92158 62485 29379316
87872 81420 100538985
49177 14875 699149263
34111 24810 270733541
38057 68442 43561541
67794 81601 92310609
19873 50789 33535837
48281 77413 53813561
90940 22806 12138937
69680 83426 32593239
68495 70815 2036481
89447 49763 73402345
88658 78481 748641751
23517 67683 344249695
62216 2939 54328514
84351 61830 123777201
90591 39952 681431239
80359 82152 6246397
80878 59927 402882014
84607 80878 125914697
84382 84404 80971025
64842 88464 202071949
92224 92734 788473843
75480 69983 200742376
91658 15474 12702031
62842 77160 72594050
87931 48281 363129152
9142 45650 103608061
77538 59181 192881089
65540 79681 11489527
88852 57934 545735103
16205 27218 129236161
82290 28642 50882288
38489 69387 288429339
81649 89162 213120568
67310 66753 677159551
88207 64184 285924891
87758 83628 188478354
41372 46838 46768321
41552 58604 635186905
12049 90025 179612545
33274 58851 454094719
51900 54304 71345863
86980 88413 24827339
41145 88087 310422191
68310 65906 257859977
2637 45975 953245676
90387 67872 444842305
76391 49408 321347905
86315 3327 256136530
49372 48357 109184703
87293 87834 821762821
81120 15826 478883343
79793 84897 111048251
48924 82391 619127401
85876 25465 40755469
40682 30336 126512641
88740 36277 425679457
88529 41401 353992153
86796 42163 15840321
19603 70005 136428865
91039 8747 3309899
85542 44006 113992131
42863 16205 110641441
53490 34381 808165847
55884 12049 63874199
73219 62842 1456237
47754 78592 253897183
80980 72370 59337806
91645 49101 169334159
48455 29268 166738780
92789 41552 419502949
79904 42414 814673553
83529 92224 17504131
65828 67965 364803196
450 73952 388938033
87242 73356 184405762
21873 57770 167336033
86895 77849 44145865
67872 69197 408759681
91975 82523 412455825
90971 8796 4408349
90001 88141 594957889
74627 16833 711532366
86688 87522 403040251
87107 27673 313857790
7982 2261 508118781
66753 83182 301963771
34381 75110 95859765
88164 44921 126760561
7991 78461 343926437
6022 86388 336121301
75352 91042 39144331
53629 78990 518495595
90305 19603 653680540
74998 66171 323956743
81777 5729 466657385
67151 80980 60230960
30255 9787 491155483
77943 30746 869357361
90378 56506 394950205
82488 60820 689897281
83174 80887 39308097
85193 67310 496539513
46838 81777 34739393
53978 31346 450193933
58656 13878 272254477
50789 12018 75828691
24773 49756 465867751
30716 84429 33957313
5822 60478 681568366
59376 54408 168157527
56184 21616 261728729
57697 72343 74053574
30481 59824 198941403
19321 26224 191517761
88413 64516 440262593
88862 82899 348055426
61612 60465 55970501
84950 90935 501355513
41060 70986 276435272
69354 85261 177735108
49442 65413 57134277
85595 59162 70614441
33098 45001 738859135
18198 9833 94854985
52161 92207 28612582
30343 92702 31428197
90657 86226 622374483
21616 75480 76348036
86675 64351 69415543
62485 89288 45862165
62286 86895 55119857
45390 72301 299730017
88834 3170 92921470
73105 74205 832586041
22873 11902 4466701
56371 41060 200872625
92734 46733 997434541
74913 68310 95114321
91167 36790 180366096
61216 16027 262261300
63691 65237 772164109
69387 76465 830983401
57770 88226 211639345
91042 91253 18124177
91860 88917 41371987
81601 33027 125608588
72303 73251 83587546
69554 19321 573176590
56333 88862 8970760
16047 65770 275899009
80887 70950 51789117
79686 62817 386383096
77686 84351 117796773
87138 70696 248225163
69197 84826 32759703
62644 75884 574333441
34710 16047 132851287
17058 88529 440836670
81420 86518 160362060
71224 74675 530865001
55339 80445 406406404
59267 67817 372061639
92207 88834 739544609
70950 38489 336578815
19469 59376 4713274
78461 81534 18653065
16027 86980 106069409
84709 83174 665908397
5729 72635 31102253
56506 79873 535628119
42163 54424 33106402
33208 91167 394580641
83644 80359 402467386
66570 85876 81829083
33292 90240 160792397
45001 80729 50819665
56710 53964 135861717
27020 24773 6761596
9512 57719 484854683
24810 61216 251164763
91907 56173 37906771
77160 86796 51490561
21099 36553 35624689
79267 59334 549200086
92018 83569 111981793
68442 65249 525714886
67476 69554 461982641
90772 60127 383737516
79873 56710 84012265
27246 30343 85245617
64516 65540 144235925
63828 59678 526454823
65560 58863 310088577
70552 91180 36374713
15474 88683 2384310
87394 90305 30829730
77189 74627 75070177
84528 71224 197920622
87834 74998 71644564
49718 42863 452540451
64184 86602 73999507
83094 58392 297927876
75110 56371 77515975
72765 30261 896896806
62342 6022 152703181
91095 50379 75159059
83041 36742 180470053
32737 19162 260890518
8747 26706 324909781
84429 90971 620014445
16833 58751 99057185
31346 49372 60879691
70005 72765 155951225
83866 87757 301293659
84179 55339 258077985
77662 89255 162152328
31708 65560 14613330
78481 51944 859663871
91213 68433 24539109
69622 77662 437807938
69033 90395 62403351
68977 33098 348568939
73943 86496 153607159
39640 75738 808557715
86388 67208 126177381
25443 42489 191638255
79027 67734 243241073
36713 89463 14526343
59181 57945 203921633
79681 85610 124411653
49756 21099 892870686
67208 86506 164401656
9833 30255 724460271
59790 33208 88454521
630 31708 328201365
75884 89281 336304283
89382 15714 194399420
39952 80952 572564266
87262 85044 301025281
51536 4124 60773723
83182 21873 211753777
3170 2796 104150191
86561 76425 17764757
15036 70552 215709961
82237 88852 819967765
59824 78596 561029691
61280 38057 312129619
82524 53474 136216741
83259 59958 5653708
70331 45541 476724727
21961 91095 72749689
91216 62205 146845707
75516 84607 550219249
54304 88093 133921777
58604 4798 40539115
47384 89052 138251537
22806 22873 114377838
26599 50836 307637665
85147 87262 458072519
64244 41372 613471
73124 48406 14315481
92418 91658 1804006
55781 71256 312757993
89580 5822 7013903
89463 58831 59343873
80729 82237 183603853
57719 74538 160119205
46733 80683 89338440
59927 88504 293631064
89052 58656 53138971
25861 32033 331567903
86631 75244 462882505
50379 30481 383837474
63000 37698 254335761
19566 80220 135088631
88683 69680 12678290
33449 88658 38744629
45753 76391 81113909
88724 89448 227624833
92750 74913 212265047
57472 63691 9663941
75244 6678 17473423
64502 33467 10703
74538 70572 912821589
54424 73333 809391829
70815 88724 352066381
64449 92791 10579528
73558 75439 810945266
67827 42413 18299735
73952 82488 40666321
56264 92750 5613789
82539 90940 599783397
8796 55940 172471237
58831 91564 482859256
80790 91860 256260256
75738 90591 136230301
88171 87102 125238943
92804 89382 109852049
87587 87758 944857361
74675 69354 281329871
72370 24143 82643107
80169 57171 188987169
35914 45753 318361002
90783 70331 273502521
77131 48924 25362493
92737 44845 415735697
90395 15036 81192397
71608 90378 411973591
2796 91039 5384679
90025 2637 397821839
67965 8892 39880485
64938 26499 452407006
83626 69622 73714081
70986 88164 238693276
27218 64244 346869733
88504 80169 22202608
64351 52768 236007188
92461 72470 579569417
77413 80454 440695081
89333 80276 783780431
57171 88171 73048899
82142 85943 516378022
84897 76718 213467080
82601 56786 50689761
57911 76556 102632251
68053 25443 79015201
84404 91645 183187649
86506 56184 340594443
21421 59790 616379071
77849 68819 163824286
57264 89447 576555767
60465 76752 770344912
51546 82878 32719393
72817 48455 509244601
85686 86750 416401969
83569 53978 756869689
72635 26812 42311599
80220 87771 322067998
78742 84310 687809321
72200 45390 172396411
83294 19566 326355220
34307 91213 2602549
87138 73333 279186777
68711 82988 10366401
60712 82361 317596087
49408 79793 167763313
2261 79686 112014343
76718 86561 42018406
57471 77686 178260025
53742 6679 462328721
83628 57264 54187123
6679 72200 37584556
51362 19469 246997572
62131 68495 83608097
60215 57472 162850001
57538 60215 295947305
44921 24452 102804868
56315 92737 94451221
12018 67151 76458432
12672 74891 355829365
13878 61280 89737587
37698 60625 63241871
8892 92461 133476377
90492 7982 697023377
82878 89640 214141300
56993 50768 710090821
92702 26986 300334937
44845 63828 35958493
4124 82539 424321378
73704 83094 24275581
87401 86315 149165161
50768 76288 490796241
62124 75352 912991701
30261 56191 463232933
50836 64938 43188090
71256 35914 626088841
80683 64449 239519956
85261 27246 144315745
31980 25861 271482749
28642 88178 142388011
15849 73943 87151561
3327 88005 579033969
56173 56315 503407516
83116 82142 284441170
79836 66450 689804155
92791 85542 770164465
60820 9242 2802801
70769 34710 5980361
60625 85147 41668852
9787 57828 131255782
89448 53108 476880811
89288 550 146128687
80287 88844 323811021
92782 67476 401428549
24143 72817 287893771
57828 58091 726705201
42414 13457 391378816
68819 57538 41832666
89177 91216 151751201
87522 36713 245663699
46135 47754 39334376
61830 84709 223615753
88917 30897 178156831
15714 71281 240266076
62817 53198 280732477
30746 91907 30750769
82523 53742 822711059
