1 5 1
2 2 2
3 62 3
4 140 4
5 54 5
6 248 6
7 421 7
8 41 8
9 359 9
10 164 10
11 231 11
12 622 12
13 1192 13
149 1170 14
111 1372 15
121 1484 16
17 17 17
18 1347 18
19 1160 19
20 972 20
21 782 21
22 589 22
23 395 23
24 198 24
507 494 25
596 1199 26
504 1096 27
214 1286 28
825 290 29
483 1311 30
514 291 31
820 32 32
819 734 33
381 1188 34
817 634 35
815 439 36
816 224 37
815 1053 38
810 1372 39
502 40 40
812 1164 41
804 558 42
802 810 43
799 360 44
794 972 45
789 1248 46
790 144 47
769 1450 48
751 688 49
744 488 50
353 1449 51
745 888 52
739 1104 53
247 54 54
741 279 55
735 56 56
724 1329 57
708 590 58
703 785 59
698 388 60
686 176 61
62 1432 62
689 999 63
686 1209 64
657 1435 65
627 885 66
626 685 67
626 494 68
617 287 69
609 70 70
603 1102 71
596 1312 72
522 591 73
523 396 74
522 980 75
524 787 76
514 183 77
492 1203 78
490 1421 79
399 1075 80
399 884 81
400 689 82
399 495 83
399 298 84
385 85 85
367 1311 86
258 201 87
258 398 88
257 595 89
257 788 90
256 981 91
256 1171 92
215 1407 93
94 1264 94
95 1075 95
96 884 96
97 691 97
98 496 98
99 299 99
100 100 100
