30 100000000 -100000000 500000000
100000000 -100000000 100
600000000 -100000000 200
-400000000 -100000000 300
100000000 400000000 400
100000000 -600000000 500
450000000 250000000 600
500000000 200000000 700
700000000 -100000000 800
100000000 500000000 900
-100000000 -300000000 1000
300000000 -500000000 1100
-200000000 200000000 1200
400000000 -400000000 1300
-300000000 100000000 1400
200000000 100000000 1500
-350000000 -250000000 1600
550000000 -250000000 1700
250000000 -550000000 1800
-100000000 -550000000 1900
-450000000 -100000000 2000
1000000000 1000000000 2100
-1000000000 -1000000000 2200
999999999 -999999999 2300
-999999999 999999999 2400
123456789 -123456789 2500
-123456789 123456789 2600
400000000 300000000 2700
-250000000 -450000000 2800
550000000 150000000 2900
-300000000 -400000000 3000
