226
1
0 0 0 10
1
0 9 0 5
1
1 0 0 1
1
1 1 0 4
1
1 0 0 1
1
0 1 0 2
1
1 0 0 1
1
0 6 0 10
1
1 0 0 1
1
0 7 1 4
1
1 0 1 1
1
1 1 0 3
1
1 2 0 5
1
1 3 0 4
1
1 0 0 1
1
0 1 0 13
1
1 0 0 1
1
0 8 1 8
1
1 0 1 1
1
0 2 2 12
1
1 0 2 1
1
0 3 3 12
1
1 0 3 1
1
0 1 0 2
1
1 0 1 5
1
1 2 1 1
1
1 1 1 1
1
1 2 0 11
1
1 1 0 1
1
0 8 0 1
1
1 1 0 1
1
1 3 3 5
1
1 1 3 1
1
1 1 2 1
1
0 2 1 15
1
1 1 1 1
1
1 2 1 6
1
1 1 1 1
1
0 9 0 2
1
1 1 0 1
1
1 2 0 7
1
1 1 0 1
1
1 2 2 2
1
1 3 2 2
1
1 1 2 1
1
0 2 0 14
1
0 9 0 3
1
1 2 0 1
1
0 0 0 1
1
1 2 0 1
1
1 0 2 1
1
1 1 2 2
1
1 2 2 1
1
0 7 0 2
1
1 2 0 1
1
0 5 1 5
1
1 2 1 1
1
0 7 1 4
1
1 2 1 1
1
1 1 0 3
1
1 3 0 6
1
1 2 0 1
1
0 8 0 1
1
1 2 0 1
1
0 4 0 3
1
1 2 0 1
1
0 3 0 10
1
0 3 1 3
1
0 3 2 2
1
0 0 2 1
1
1 3 2 1
1
0 1 2 3
1
1 3 2 1
1
1 0 1 1
1
1 1 1 3
1
1 2 1 3
1
1 3 1 1
1
1 2 2 2
1
1 3 2 1
1
1 4 0 4
1
1 3 0 1
1
0 4 2 11
1
1 3 2 1
1
0 1 0 5
1
1 3 0 1
1
0 0 0 1
1
1 3 0 1
1
1 0 2 1
1
1 1 2 5
1
1 4 2 4
1
1 3 2 1
1
0 5 1 3
1
1 3 1 1
1
0 4 0 1
1
0 4 1 3
1
0 1 2 5
1
1 4 2 1
1
1 1 0 5
1
1 3 0 1
1
1 4 0 1
1
1 3 1 4
1
1 5 1 9
1
1 4 1 1
1
0 0 0 2
1
1 4 0 1
1
1 0 0 2
1
1 4 0 1
1
1 5 1 2
1
1 4 1 1
1
1 5 3 2
1
1 6 3 1
1
1 4 3 1
1
0 3 0 5
1
1 4 0 1
1
0 2 0 2
1
1 4 0 1
1
1 2 0 2
1
1 3 0 5
1
1 6 0 7
1
1 4 0 1
1
0 5 0 15
1
0 6 1 8
1
1 5 1 1
1
1 4 1 4
1
1 5 1 1
1
0 2 0 3
1
1 5 0 1
1
0 1 1 5
1
1 5 1 1
1
1 1 0 5
1
1 2 0 3
1
1 4 0 1
1
1 5 0 1
1
1 6 2 3
1
1 5 2 1
1
0 0 0 3
1
1 5 0 1
1
0 1 0 1
1
1 5 0 1
1
1 0 0 1
1
1 5 0 1
1
1 5 3 1
1
0 6 0 3
1
1 0 1 2
1
1 1 1 1
1
1 6 1 1
1
0 0 0 2
1
1 6 0 1
1
0 1 0 4
1
1 6 0 1
1
0 4 0 4
1
1 6 0 1
1
1 0 0 2
1
1 1 0 4
1
1 4 0 4
1
1 6 0 1
1
0 0 0 4
1
1 6 0 1
1
0 1 0 2
1
1 6 0 1
1
0 3 0 1
1
1 6 0 1
1
0 4 0 4
1
1 6 0 1
1
1 6 2 1
1
0 1 0 2
1
1 7 0 1
1
1 0 0 4
1
1 1 0 3
1
1 7 0 1
1
0 3 0 2
1
1 7 0 1
1
0 2 0 2
1
1 7 0 1
1
1 1 0 1
1
1 2 0 1
1
1 7 0 1
1
0 1 0 2
1
1 7 0 1
1
1 1 0 2
1
1 2 0 1
1
1 3 0 3
1
1 7 0 1
1
0 0 0 1
1
1 7 0 1
1
0 2 0 2
1
1 7 0 1
1
0 1 0 2
1
1 7 0 1
1
0 0 0 2
1
1 8 0 1
1
0 0 0 1
1
1 8 0 1
1
0 2 0 3
1
1 8 0 1
1
0 1 0 3
1
1 8 0 1
1
0 3 0 3
1
1 8 0 1
1
0 0 0 1
1
1 8 0 1
1
1 8 0 1
1
1 0 0 5
1
1 1 0 2
1
1 8 0 1
1
0 0 0 3
1
1 8 0 1
1
1 8 1 1
1
0 3 0 1
1
1 9 0 1
1
0 3 0 1
1
1 9 0 1
1
0 0 0 2
1
1 9 0 1
1
1 0 0 1
1
1 9 0 1
1
1 9 1 1
1
0 1 0 1
1
1 9 0 1
1
0 1 0 1
1
1 9 0 1
1
0 4 0 1
1
1 9 0 1
1
0 0 0 1
1
1 9 0 1
1
1 9 0 1
