100 2473
63 32 48 44 58 59 87 52 83 45 73 90 3 48 60 57 84 94 8 62 32 81 39 55 67 10 70 90 1 28 83 67 33 67 6 60 84 49 74 21 89 48 9 3 96 25 41 35 93 8 79 83 81 90 34 55 41 90 16 17 79 80 95 16 95 26 80 9 61 48 51 43 99 59 24 25 16 60 58 9 28 97 71 99 14 86 33 65 85 29 56 41 76 82 79 1 69 69 96 9 
1 5
1 10
1 13
1 14
1 15
1 16
1 17
1 18
1 20
1 21
1 23
1 24
1 28
1 29
1 33
1 34
1 35
1 36
1 39
1 40
1 41
1 46
1 48
1 51
1 52
1 54
1 56
1 58
1 60
1 61
1 62
1 63
1 67
1 68
1 71
1 72
1 74
1 79
1 86
1 88
1 93
1 95
1 97
1 98
1 100
2 3
2 4
2 8
2 9
2 10
2 12
2 13
2 16
2 17
2 18
2 19
2 20
2 21
2 22
2 25
2 28
2 29
2 31
2 33
2 37
2 38
2 40
2 42
2 43
2 44
2 45
2 46
2 47
2 49
2 50
2 51
2 53
2 55
2 57
2 59
2 60
2 62
2 63
2 64
2 65
2 72
2 73
2 75
2 76
2 80
2 84
2 85
2 88
2 90
2 91
2 95
2 96
2 97
3 5
3 6
3 7
3 8
3 10
3 14
3 18
3 19
3 21
3 22
3 23
3 25
3 28
3 29
3 31
3 32
3 33
3 34
3 36
3 37
3 39
3 41
3 43
3 44
3 46
3 51
3 60
3 62
3 63
3 65
3 66
3 76
3 77
3 78
3 79
3 81
3 82
3 83
3 85
3 88
3 89
3 90
3 91
3 95
3 96
3 98
4 5
4 6
4 7
4 8
4 10
4 11
4 13
4 14
4 17
4 19
4 20
4 21
4 22
4 23
4 24
4 26
4 27
4 28
4 30
4 31
4 33
4 35
4 36
4 37
4 43
4 44
4 45
4 46
4 49
4 50
4 51
4 52
4 53
4 54
4 57
4 59
4 60
4 66
4 67
4 69
4 71
4 75
4 76
4 78
4 81
4 82
4 84
4 86
4 87
4 89
4 90
4 99
5 6
5 8
5 9
5 11
5 15
5 18
5 19
5 20
5 24
5 25
5 26
5 28
5 29
5 37
5 38
5 39
5 43
5 44
5 45
5 48
5 49
5 50
5 52
5 54
5 55
5 56
5 57
5 60
5 61
5 62
5 64
5 65
5 66
5 69
5 70
5 71
5 74
5 76
5 78
5 80
5 81
5 82
5 87
5 89
5 94
5 95
5 97
6 7
6 8
6 10
6 11
6 13
6 19
6 20
6 21
6 23
6 26
6 28
6 31
6 32
6 36
6 38
6 40
6 42
6 43
6 46
6 47
6 49
6 50
6 52
6 54
6 55
6 56
6 57
6 58
6 62
6 66
6 67
6 68
6 69
6 70
6 74
6 76
6 79
6 80
6 81
6 85
6 86
6 88
6 91
6 92
6 95
6 96
6 97
6 98
7 9
7 10
7 14
7 15
7 16
7 21
7 25
7 26
7 27
7 28
7 30
7 31
7 32
7 33
7 36
7 37
7 41
7 43
7 44
7 46
7 48
7 50
7 51
7 53
7 54
7 55
7 58
7 66
7 68
7 70
7 72
7 78
7 79
7 81
7 82
7 83
7 84
7 87
7 88
7 90
7 91
7 100
8 9
8 10
8 13
8 14
8 16
8 17
8 19
8 22
8 29
8 30
8 32
8 34
8 36
8 38
8 39
8 41
8 42
8 45
8 46
8 47
8 49
8 50
8 51
8 55
8 56
8 60
8 61
8 63
8 65
8 66
8 67
8 69
8 71
8 73
8 75
8 78
8 82
8 87
8 89
8 91
8 92
8 93
8 96
8 97
9 11
9 12
9 14
9 16
9 20
9 22
9 23
9 24
9 28
9 29
9 32
9 35
9 36
9 38
9 39
9 40
9 41
9 42
9 45
9 47
9 48
9 49
9 53
9 54
9 58
9 59
9 60
9 62
9 64
9 66
9 68
9 69
9 70
9 73
9 74
9 76
9 77
9 78
9 79
9 80
9 81
9 83
9 84
9 88
9 89
9 90
9 91
9 92
9 95
9 97
9 99
10 11
10 14
10 15
10 17
10 18
10 23
10 28
10 29
10 30
10 32
10 33
10 35
10 36
10 42
10 43
10 46
10 48
10 51
10 52
10 55
10 56
10 60
10 61
10 63
10 66
10 67
10 68
10 69
10 70
10 74
10 75
10 76
10 78
10 81
10 84
10 85
10 87
10 88
10 92
10 94
10 96
10 97
10 98
11 13
11 16
11 18
11 21
11 24
11 25
11 27
11 28
11 29
11 30
11 32
11 35
11 37
11 38
11 41
11 44
11 45
11 49
11 52
11 53
11 54
11 58
11 60
11 61
11 62
11 66
11 67
11 68
11 71
11 72
11 75
11 83
11 85
11 86
11 90
11 91
11 93
11 99
11 100
12 14
12 15
12 17
12 20
12 21
12 23
12 24
12 25
12 26
12 29
12 33
12 40
12 47
12 50
12 51
12 54
12 56
12 58
12 61
12 62
12 66
12 67
12 68
12 69
12 73
12 74
12 75
12 78
12 81
12 86
12 88
12 89
12 92
12 93
12 94
12 95
12 97
12 99
13 14
13 17
13 19
13 21
13 26
13 27
13 34
13 35
13 37
13 38
13 40
13 43
13 44
13 45
13 47
13 48
13 50
13 51
13 52
13 56
13 57
13 60
13 61
13 66
13 67
13 68
13 69
13 71
13 72
13 74
13 78
13 79
13 81
13 82
13 86
13 87
13 89
13 91
13 92
13 94
13 95
13 99
13 100
14 15
14 17
14 20
14 22
14 24
14 26
14 27
14 28
14 31
14 32
14 35
14 36
14 37
14 39
14 43
14 45
14 46
14 47
14 48
14 49
14 50
14 54
14 56
14 57
14 60
14 61
14 64
14 66
14 69
14 71
14 72
14 73
14 78
14 83
14 85
14 87
14 90
14 92
14 93
14 97
14 98
14 100
15 16
15 17
15 19
15 21
15 23
15 25
15 26
15 28
15 29
15 30
15 34
15 38
15 39
15 40
15 42
15 45
15 47
15 48
15 50
15 52
15 53
15 54
15 55
15 56
15 57
15 58
15 60
15 62
15 65
15 67
15 70
15 71
15 72
15 75
15 77
15 78
15 80
15 83
15 84
15 86
15 87
15 88
15 91
15 94
15 98
15 99
15 100
16 17
16 19
16 24
16 26
16 27
16 30
16 36
16 39
16 46
16 47
16 48
16 49
16 51
16 52
16 55
16 56
16 62
16 63
16 64
16 66
16 67
16 69
16 70
16 72
16 74
16 75
16 76
16 77
16 79
16 81
16 86
16 89
16 92
16 93
16 94
16 96
16 97
16 98
17 19
17 23
17 24
17 27
17 28
17 29
17 30
17 32
17 39
17 42
17 44
17 46
17 48
17 49
17 53
17 54
17 55
17 57
17 58
17 59
17 60
17 61
17 62
17 63
17 65
17 66
17 67
17 68
17 70
17 73
17 74
17 78
17 79
17 81
17 82
17 84
17 85
17 86
17 87
17 88
17 92
17 93
17 95
17 97
17 98
17 99
17 100
18 19
18 20
18 21
18 22
18 23
18 24
18 26
18 28
18 29
18 33
18 34
18 36
18 37
18 38
18 39
18 40
18 44
18 45
18 46
18 49
18 52
18 53
18 54
18 55
18 56
18 58
18 60
18 61
18 67
18 68
18 69
18 70
18 72
18 74
18 75
18 78
18 80
18 81
18 82
18 85
18 86
18 88
18 89
18 92
18 93
18 95
19 21
19 24
19 30
19 32
19 36
19 37
19 41
19 42
19 44
19 48
19 50
19 51
19 54
19 55
19 59
19 61
19 63
19 64
19 65
19 66
19 67
19 69
19 70
19 71
19 72
19 73
19 75
19 82
19 83
19 87
19 89
19 90
19 91
19 93
19 94
19 95
19 98
19 100
20 21
20 24
20 26
20 28
20 32
20 33
20 36
20 39
20 41
20 42
20 43
20 44
20 46
20 47
20 48
20 49
20 50
20 52
20 53
20 54
20 55
20 58
20 60
20 62
20 65
20 68
20 69
20 72
20 73
20 76
20 79
20 80
20 81
20 84
20 85
20 87
20 88
20 90
20 91
20 93
20 95
20 96
20 99
21 22
21 23
21 24
21 27
21 29
21 30
21 31
21 33
21 34
21 38
21 40
21 41
21 43
21 44
21 47
21 50
21 53
21 54
21 56
21 57
21 58
21 60
21 63
21 69
21 77
21 78
21 86
21 88
21 89
21 91
21 94
21 95
21 98
22 24
22 25
22 29
22 32
22 38
22 40
22 44
22 46
22 49
22 51
22 53
22 54
22 55
22 57
22 58
22 61
22 62
22 63
22 64
22 66
22 68
22 70
22 72
22 75
22 77
22 79
22 80
22 82
22 84
22 87
22 90
22 91
22 92
22 93
22 95
22 96
23 24
23 26
23 27
23 29
23 30
23 31
23 33
23 34
23 37
23 38
23 39
23 40
23 43
23 44
23 46
23 48
23 49
23 50
23 51
23 52
23 54
23 56
23 57
23 61
23 62
23 63
23 65
23 66
23 67
23 68
23 70
23 75
23 80
23 84
23 85
23 86
23 87
23 88
23 90
23 91
23 92
23 94
23 97
23 99
24 27
24 28
24 30
24 31
24 33
24 35
24 36
24 37
24 41
24 43
24 45
24 49
24 51
24 54
24 55
24 57
24 58
24 59
24 62
24 63
24 64
24 68
24 70
24 74
24 75
24 77
24 79
24 80
24 81
24 85
24 86
24 90
24 93
24 94
24 95
24 96
24 98
24 100
25 26
25 27
25 29
25 30
25 32
25 33
25 34
25 36
25 40
25 41
25 43
25 46
25 47
25 48
25 51
25 53
25 57
25 59
25 61
25 62
25 63
25 65
25 67
25 69
25 72
25 73
25 74
25 76
25 78
25 81
25 86
25 88
25 89
25 92
25 93
25 95
25 96
26 28
26 29
26 30
26 32
26 33
26 35
26 38
26 39
26 40
26 42
26 45
26 47
26 48
26 49
26 50
26 52
26 53
26 54
26 55
26 57
26 58
26 59
26 61
26 62
26 63
26 64
26 66
26 67
26 70
26 71
26 73
26 75
26 76
26 77
26 78
26 80
26 84
26 85
26 86
26 88
26 90
26 92
26 95
26 98
26 100
27 29
27 30
27 34
27 35
27 37
27 46
27 50
27 52
27 54
27 56
27 57
27 58
27 62
27 63
27 66
27 70
27 74
27 75
27 77
27 78
27 79
27 80
27 85
27 87
27 88
27 91
27 93
27 95
27 96
28 31
28 33
28 38
28 44
28 45
28 46
28 48
28 50
28 53
28 55
28 56
28 57
28 59
28 62
28 63
28 65
28 67
28 71
28 72
28 73
28 74
28 75
28 77
28 79
28 80
28 81
28 83
28 84
28 85
28 86
28 87
28 88
28 92
28 100
29 31
29 33
29 34
29 36
29 41
29 42
29 44
29 45
29 47
29 50
29 51
29 55
29 56
29 59
29 60
29 61
29 63
29 66
29 69
29 70
29 72
29 73
29 74
29 80
29 82
29 84
29 85
29 87
29 88
29 89
29 90
29 92
29 93
29 94
29 95
29 98
29 99
29 100
30 35
30 37
30 38
30 39
30 45
30 47
30 48
30 50
30 51
30 52
30 53
30 57
30 58
30 60
30 61
30 64
30 66
30 68
30 71
30 73
30 74
30 77
30 78
30 81
30 84
30 85
30 88
30 89
30 91
30 92
30 96
30 98
30 100
31 33
31 35
31 37
31 41
31 43
31 45
31 46
31 49
31 52
31 53
31 57
31 58
31 59
31 60
31 68
31 69
31 73
31 76
31 77
31 79
31 80
31 83
31 85
31 87
31 89
31 90
31 93
31 96
31 99
32 34
32 35
32 37
32 41
32 42
32 43
32 44
32 46
32 49
32 54
32 57
32 60
32 61
32 64
32 65
32 68
32 70
32 74
32 76
32 77
32 78
32 79
32 80
32 81
32 82
32 83
32 85
32 87
32 89
32 90
32 91
32 92
32 95
32 96
32 97
32 98
32 100
33 36
33 38
33 41
33 42
33 44
33 45
33 46
33 47
33 50
33 51
33 52
33 53
33 55
33 56
33 57
33 64
33 66
33 67
33 69
33 72
33 73
33 74
33 75
33 79
33 83
33 84
33 85
33 86
33 88
33 90
33 91
33 94
33 95
33 96
33 97
33 98
34 35
34 36
34 38
34 40
34 41
34 44
34 46
34 47
34 48
34 49
34 53
34 54
34 55
34 56
34 58
34 60
34 63
34 64
34 65
34 66
34 71
34 72
34 75
34 76
34 78
34 79
34 82
34 84
34 85
34 87
34 89
34 92
34 95
34 96
34 98
34 99
34 100
35 38
35 40
35 41
35 44
35 45
35 46
35 47
35 49
35 50
35 53
35 54
35 58
35 59
35 61
35 62
35 67
35 69
35 70
35 72
35 75
35 76
35 82
35 83
35 86
35 88
35 89
35 90
35 91
35 92
35 96
35 98
35 99
35 100
36 37
36 39
36 40
36 42
36 45
36 46
36 48
36 49
36 50
36 51
36 52
36 53
36 55
36 56
36 58
36 59
36 60
36 61
36 62
36 66
36 67
36 68
36 69
36 72
36 73
36 74
36 76
36 80
36 82
36 83
36 85
36 86
36 87
36 88
36 89
36 92
36 93
36 94
36 96
36 97
36 98
36 100
37 38
37 39
37 40
37 41
37 43
37 44
37 47
37 50
37 54
37 56
37 57
37 60
37 62
37 64
37 65
37 68
37 73
37 74
37 75
37 80
37 81
37 82
37 89
37 91
37 92
37 93
37 96
37 97
37 98
38 41
38 45
38 46
38 48
38 50
38 52
38 54
38 56
38 58
38 60
38 62
38 63
38 64
38 66
38 68
38 69
38 70
38 74
38 75
38 79
38 81
38 83
38 84
38 87
38 90
38 91
38 94
38 96
38 98
39 41
39 43
39 46
39 47
39 49
39 50
39 51
39 52
39 58
39 63
39 64
39 65
39 66
39 68
39 71
39 73
39 74
39 78
39 82
39 83
39 85
39 88
39 89
39 90
39 91
39 94
39 95
39 97
39 99
40 42
40 43
40 47
40 50
40 55
40 56
40 57
40 59
40 60
40 61
40 62
40 66
40 77
40 78
40 81
40 83
40 85
40 86
40 88
40 89
40 90
40 91
40 92
40 96
40 97
40 98
40 99
41 44
41 45
41 46
41 48
41 49
41 50
41 54
41 57
41 58
41 60
41 61
41 62
41 63
41 66
41 68
41 69
41 70
41 71
41 72
41 73
41 74
41 75
41 77
41 78
41 80
41 84
41 85
41 87
41 91
41 94
42 50
42 51
42 54
42 55
42 61
42 63
42 66
42 67
42 68
42 69
42 71
42 72
42 78
42 81
42 84
42 85
42 88
42 89
42 91
42 92
42 93
42 94
42 96
42 98
43 44
43 45
43 46
43 47
43 49
43 50
43 52
43 53
43 54
43 57
43 60
43 61
43 62
43 64
43 67
43 69
43 70
43 71
43 72
43 73
43 79
43 82
43 85
43 87
43 88
43 89
43 90
43 91
43 92
43 93
43 94
43 96
43 97
43 98
43 99
43 100
44 45
44 49
44 52
44 54
44 56
44 58
44 60
44 67
44 68
44 69
44 71
44 76
44 81
44 82
44 83
44 85
44 86
44 87
44 89
44 90
44 91
44 94
44 97
44 99
45 46
45 47
45 48
45 49
45 50
45 51
45 52
45 53
45 54
45 55
45 56
45 60
45 66
45 67
45 69
45 70
45 73
45 76
45 77
45 81
45 83
45 84
45 86
45 87
45 88
45 89
45 94
45 95
45 96
45 98
45 99
45 100
46 47
46 49
46 50
46 53
46 54
46 56
46 59
46 61
46 62
46 63
46 67
46 71
46 75
46 77
46 80
46 81
46 82
46 83
46 84
46 85
46 86
46 87
46 88
46 93
46 94
46 95
46 96
46 98
46 100
47 48
47 49
47 50
47 51
47 53
47 54
47 57
47 58
47 60
47 61
47 64
47 65
47 66
47 67
47 69
47 72
47 73
47 78
47 82
47 86
47 88
47 89
47 90
47 91
47 92
47 96
47 98
47 100
48 49
48 50
48 55
48 59
48 61
48 62
48 65
48 71
48 72
48 73
48 74
48 78
48 80
48 85
48 86
48 88
48 89
48 90
48 92
48 93
48 94
48 97
48 98
48 100
49 50
49 52
49 54
49 55
49 56
49 59
49 60
49 62
49 63
49 64
49 66
49 67
49 68
49 70
49 72
49 78
49 79
49 80
49 84
49 87
49 88
49 92
49 99
50 51
50 52
50 54
50 55
50 56
50 58
50 60
50 65
50 73
50 75
50 77
50 78
50 80
50 83
50 93
50 94
50 95
50 97
50 99
50 100
51 52
51 53
51 56
51 57
51 58
51 60
51 61
51 63
51 65
51 67
51 71
51 72
51 73
51 75
51 77
51 79
51 82
51 83
51 84
51 85
51 86
51 87
51 88
51 93
51 94
52 53
52 54
52 55
52 57
52 59
52 60
52 63
52 64
52 67
52 68
52 70
52 71
52 73
52 74
52 75
52 76
52 79
52 81
52 87
52 88
52 89
52 95
52 97
52 98
52 99
53 56
53 57
53 58
53 59
53 61
53 64
53 65
53 66
53 68
53 69
53 70
53 71
53 72
53 77
53 78
53 79
53 81
53 82
53 83
53 84
53 86
53 87
53 88
53 89
53 90
53 93
53 95
53 97
53 99
54 56
54 57
54 58
54 59
54 63
54 64
54 65
54 66
54 68
54 71
54 73
54 74
54 78
54 84
54 85
54 89
54 93
54 94
54 95
54 99
54 100
55 57
55 59
55 60
55 61
55 63
55 64
55 67
55 69
55 70
55 72
55 73
55 77
55 80
55 82
55 84
55 86
55 88
55 90
55 92
55 93
55 96
55 97
55 98
56 57
56 58
56 59
56 60
56 64
56 65
56 66
56 68
56 69
56 70
56 72
56 74
56 76
56 81
56 82
56 83
56 84
56 85
56 87
56 88
56 90
56 91
56 96
56 97
57 63
57 67
57 68
57 69
57 71
57 72
57 74
57 76
57 78
57 79
57 80
57 82
57 83
57 84
57 85
57 86
57 89
57 90
57 91
57 92
57 99
58 60
58 61
58 62
58 63
58 64
58 65
58 66
58 74
58 75
58 78
58 83
58 86
58 88
58 90
58 91
58 92
58 94
58 95
58 96
58 97
58 98
59 60
59 67
59 70
59 72
59 78
59 79
59 81
59 83
59 85
59 86
59 87
59 89
59 94
59 98
59 99
60 62
60 63
60 64
60 65
60 66
60 72
60 74
60 76
60 77
60 80
60 81
60 82
60 85
60 86
60 87
60 91
60 92
60 94
60 95
60 97
60 98
60 99
60 100
61 64
61 65
61 66
61 69
61 71
61 72
61 73
61 74
61 77
61 79
61 82
61 87
61 91
61 93
61 94
61 95
61 96
61 97
61 99
61 100
62 63
62 64
62 66
62 67
62 68
62 69
62 71
62 72
62 73
62 75
62 77
62 81
62 82
62 83
62 84
62 85
62 89
62 90
62 93
62 100
63 64
63 65
63 66
63 68
63 72
63 74
63 75
63 77
63 78
63 79
63 83
63 84
63 86
63 87
63 90
63 94
63 95
63 97
63 100
64 65
64 67
64 68
64 70
64 71
64 73
64 77
64 81
64 83
64 84
64 85
64 88
64 93
64 96
64 97
64 98
64 99
64 100
65 66
65 70
65 71
65 72
65 75
65 76
65 79
65 82
65 83
65 84
65 86
65 89
65 90
65 91
65 93
65 95
65 96
66 69
66 70
66 71
66 72
66 73
66 77
66 79
66 83
66 86
66 88
66 90
66 93
66 98
66 99
66 100
67 68
67 75
67 76
67 79
67 80
67 81
67 82
67 83
67 84
67 85
67 87
67 90
67 94
67 98
68 69
68 75
68 77
68 80
68 81
68 82
68 85
68 86
68 88
68 89
68 90
68 91
68 92
68 94
68 95
68 96
68 100
69 70
69 72
69 73
69 76
69 77
69 82
69 83
69 84
69 86
69 87
69 90
69 95
70 71
70 73
70 74
70 75
70 76
70 77
70 80
70 81
70 84
70 86
70 89
70 90
70 91
70 93
70 94
70 96
70 97
70 98
70 99
70 100
71 72
71 73
71 74
71 76
71 78
71 79
71 81
71 82
71 85
71 86
71 89
71 91
71 92
71 96
72 74
72 75
72 76
72 80
72 81
72 82
72 83
72 89
72 93
72 94
72 97
72 98
72 100
73 74
73 75
73 77
73 78
73 79
73 81
73 82
73 84
73 87
73 91
73 92
73 96
73 99
74 75
74 80
74 81
74 82
74 83
74 85
74 87
74 90
74 93
74 94
74 99
75 76
75 78
75 80
75 81
75 82
75 83
75 85
75 87
75 88
75 90
75 91
75 92
75 93
76 77
76 78
76 83
76 85
76 87
76 88
76 89
76 91
76 93
76 94
76 97
76 98
76 100
77 79
77 80
77 81
77 82
77 83
77 86
77 90
77 92
77 93
77 94
77 96
77 97
77 98
77 100
78 81
78 87
78 88
78 92
78 93
78 94
78 96
78 97
78 98
79 82
79 83
79 85
79 86
79 87
79 97
79 98
79 99
79 100
80 81
80 82
80 84
80 85
80 89
80 91
80 92
80 93
80 95
81 82
81 83
81 84
81 86
81 90
81 93
81 94
81 96
82 84
82 86
82 87
82 90
82 92
82 93
82 94
82 95
82 96
82 99
83 84
83 85
83 87
83 88
83 89
83 90
83 91
83 92
83 93
83 94
83 97
83 98
84 88
84 90
84 92
84 93
84 95
84 96
84 99
84 100
85 86
85 88
85 92
85 96
85 97
86 87
86 90
86 95
86 99
87 89
87 93
87 94
87 95
87 98
87 99
87 100
88 89
88 90
88 92
88 93
88 95
88 99
88 100
89 91
89 96
89 98
89 100
90 91
90 92
90 93
90 94
90 95
90 96
90 97
90 98
90 99
91 94
91 96
91 97
91 98
91 99
91 100
92 95
92 97
92 98
92 99
92 100
93 94
93 95
93 96
93 97
93 98
94 96
94 97
94 98
95 96
96 98
96 99
97 99
97 100
98 99
