300 1
293
273
295
22
183
173
263
242
277
66
84
109
189
97
176
91
115
52
87
199
224
253
13
238
237
163
142
37
38
159
63
18
235
291
290
205
233
267
283
68
141
228
39
3
223
227
125
127
182
104
174
54
98
150
139
96
207
275
241
195
126
14
42
11
208
48
288
28
70
229
214
58
248
279
113
146
23
180
145
122
8
266
152
89
230
260
138
194
101
270
24
175
4
49
153
299
257
296
166
140
41
17
251
100
246
5
147
221
249
196
158
2
72
112
59
167
15
31
74
209
213
245
34
280
239
268
247
181
212
75
292
289
178
78
240
25
83
162
29
27
105
35
130
128
222
30
264
118
144
60
204
55
143
254
256
157
225
231
161
106
287
117
77
135
51
86
56
107
244
192
43
259
46
255
124
262
88
85
190
215
9
19
191
12
120
274
164
26
119
217
286
169
170
62
200
123
90
73
252
137
50
103
71
155
211
32
148
184
236
136
64
114
21
210
44
201
294
7
110
154
271
188
198
243
1
171
193
40
226
218
108
93
57
61
129
234
99
102
258
53
202
165
269
285
111
298
185
186
133
95
76
206
276
232
67
151
82
6
69
121
250
92
45
172
10
33
216
187
297
160
116
220
0
265
168
80
284
177
282
79
149
36
16
278
65
132
197
203
156
131
47
134
179
81
272
219
261
20
94
281
