299 1
74
124
41
210
26
60
131
241
77
44
107
69
63
22
16
58
196
113
75
170
48
5
10
231
249
188
275
270
142
98
14
61
255
38
276
160
225
81
157
2
59
130
242
20
257
256
298
91
11
15
295
230
120
204
192
238
293
296
251
285
78
29
12
279
181
272
121
179
27
222
208
273
237
239
40
200
149
25
253
90
86
218
211
174
70
53
269
114
43
277
175
248
193
227
180
125
57
50
171
152
197
105
135
278
186
284
45
158
233
166
140
282
145
290
9
66
1
244
103
47
264
147
172
35
250
54
169
274
289
262
146
62
34
162
118
76
182
167
133
161
220
288
13
205
96
46
221
234
99
4
283
214
240
207
51
30
281
243
165
224
128
194
235
260
49
116
122
85
32
123
129
8
21
115
271
93
83
286
102
159
254
101
266
291
173
189
267
148
23
3
202
17
82
18
228
67
258
150
198
268
68
297
164
108
95
280
136
132
216
89
110
52
184
36
245
201
203
106
247
223
236
287
88
187
232
229
163
177
209
183
7
79
6
119
87
104
92
292
112
219
0
261
178
265
37
42
111
176
141
263
84
109
94
73
139
155
246
33
185
39
80
143
72
168
144
206
117
252
191
55
65
151
153
259
226
127
215
138
19
31
294
137
56
71
97
156
212
24
154
64
100
126
190
199
217
213
28
134
195
