350 2
233
339
113
57
114
187
344
14
83
140
208
299
135
292
277
181
137
49
226
96
311
307
270
7
201
203
63
108
241
195
75
61
213
111
165
347
102
172
33
186
168
27
178
192
280
4
256
53
86
136
267
295
133
329
35
349
320
257
296
101
177
93
180
328
189
306
287
325
99
157
182
16
260
36
126
254
107
162
258
123
300
68
242
89
276
216
132
222
290
40
281
76
227
109
275
24
230
18
239
160
119
174
255
31
214
84
117
51
342
228
283
21
66
266
13
253
3
90
341
322
125
39
315
209
98
219
122
316
185
95
313
251
115
159
273
289
147
301
15
166
158
80
145
8
64
340
193
105
112
308
153
331
20
314
291
326
336
240
232
82
38
246
72
118
128
55
221
131
337
42
215
272
139
294
155
127
235
198
262
179
345
197
297
298
138
69
156
169
303
17
318
65
34
22
244
323
130
211
37
60
265
28
88
317
309
224
271
32
263
236
210
268
225
6
191
167
19
1
58
77
259
142
284
2
0
176
154
116
269
173
302
305
74
45
223
278
250
149
87
164
62
252
247
47
124
25
106
152
43
48
243
11
319
79
327
70
324
12
184
188
261
238
110
183
170
293
52
44
279
141
9
78
343
59
346
94
348
218
249
121
234
231
151
202
205
245
100
338
217
129
26
332
237
248
334
274
91
220
161
104
200
321
103
30
196
212
144
120
206
330
286
50
288
163
304
10
97
46
54
264
335
146
312
207
143
285
194
56
150
73
190
5
29
171
199
148
41
85
92
81
333
229
282
71
310
175
23
204
134
67
