400 1
171
314
280
22
205
111
37
84
82
309
160
307
304
133
286
25
352
213
75
65
329
55
221
43
247
376
274
359
158
60
197
144
0
88
146
277
38
254
1
345
287
223
135
338
284
382
349
98
191
260
54
66
322
53
103
201
141
149
242
79
143
155
123
154
115
110
288
312
32
175
113
50
230
76
148
182
17
258
80
200
204
301
31
270
165
21
106
91
317
229
71
178
332
8
59
67
326
147
353
370
255
196
69
299
390
246
119
157
117
48
39
6
46
11
132
167
327
250
99
61
384
305
162
261
248
108
363
235
183
118
72
387
124
232
364
47
174
341
237
346
234
130
170
179
372
188
233
316
350
208
347
252
181
4
5
96
343
142
173
125
323
23
256
16
184
300
348
330
90
52
397
282
285
20
355
129
109
371
222
214
34
63
383
81
26
325
393
240
328
136
73
2
324
331
131
114
70
257
121
340
107
295
269
104
27
283
302
105
9
7
187
293
351
172
303
281
186
251
308
381
100
77
120
45
267
279
391
226
102
259
220
36
18
357
399
35
297
195
275
12
266
228
245
15
296
78
215
85
368
169
64
198
386
95
392
276
358
206
57
163
243
394
344
367
62
337
360
318
97
190
212
217
176
209
335
3
264
294
319
24
290
263
122
365
89
241
44
161
128
86
10
164
379
219
236
273
101
362
156
216
19
168
194
292
373
311
83
33
375
231
289
356
40
398
13
74
339
137
112
29
211
225
139
42
271
378
396
199
374
298
354
334
227
310
185
385
389
320
138
333
361
315
56
380
92
126
395
203
268
210
177
253
145
166
93
58
152
189
218
239
306
28
336
30
68
272
49
262
192
207
369
127
180
291
150
313
342
366
140
244
153
14
377
41
265
151
159
116
51
278
134
224
94
321
388
193
238
249
202
87
