400 2
120
267
94
88
314
279
216
93
87
50
332
192
296
146
353
73
22
241
113
280
54
335
127
157
257
218
67
175
382
377
389
313
60
66
386
21
364
325
291
321
334
343
82
299
29
63
355
173
253
265
132
18
226
180
399
79
142
187
99
40
159
387
161
228
220
254
134
183
96
227
7
27
11
2
363
33
51
347
174
160
372
222
92
125
61
210
165
316
20
217
359
10
341
100
37
35
97
178
330
235
158
308
36
171
329
78
23
211
246
365
259
17
272
255
140
177
328
200
323
28
244
223
240
199
81
117
6
44
190
205
90
293
263
91
346
207
306
126
212
106
250
101
16
115
128
394
251
247
371
164
292
145
201
137
373
76
122
202
72
168
338
80
260
398
46
232
290
167
368
8
64
121
19
282
104
124
271
266
239
354
189
327
143
138
278
1
70
56
374
144
59
258
233
110
312
85
294
285
154
348
385
264
32
176
302
150
191
34
152
13
319
41
219
362
107
224
242
136
317
336
68
58
57
182
209
186
172
108
48
378
213
204
193
26
49
297
307
188
163
262
149
270
4
225
198
300
376
30
340
345
273
268
195
261
69
43
75
42
166
337
288
397
393
55
214
196
248
269
24
231
147
25
169
184
304
311
5
119
14
339
236
252
181
256
237
133
131
284
392
86
276
384
129
47
289
305
116
98
83
281
315
358
77
0
135
215
309
396
151
326
234
208
380
322
331
170
249
391
89
148
318
139
111
12
320
203
38
303
324
206
349
375
357
74
45
105
287
103
369
245
162
221
356
238
109
194
95
141
230
123
130
351
344
156
360
361
379
395
333
53
366
286
185
114
370
112
277
342
31
352
39
65
153
383
179
84
15
298
390
367
197
52
102
301
118
62
243
9
388
283
274
229
350
155
295
310
3
71
381
275
