375 2
3
42
133
260
263
100
324
85
349
255
124
333
138
297
247
24
5
205
313
139
179
129
87
6
233
357
96
328
188
83
116
289
290
351
181
37
226
163
256
97
362
29
4
369
137
161
135
345
34
89
193
153
88
281
236
209
28
140
82
228
104
330
276
143
156
273
79
224
41
50
303
72
238
230
365
274
54
62
294
275
225
235
210
284
38
322
170
358
36
2
217
174
278
128
348
19
164
350
123
353
250
69
264
10
63
187
206
374
267
93
91
244
282
94
45
252
346
106
67
338
320
254
189
134
95
35
265
302
23
280
11
298
323
112
286
15
239
180
73
232
321
261
141
314
215
165
269
300
136
48
237
168
196
74
306
229
64
212
360
279
119
316
216
194
49
283
173
58
151
155
47
27
86
370
110
337
75
16
352
1
344
33
13
243
150
201
18
214
220
103
68
319
99
121
147
372
285
17
53
9
145
373
305
30
341
61
144
371
270
310
81
21
326
57
59
167
211
70
66
127
249
218
207
325
20
234
107
160
259
311
268
262
55
26
122
52
227
56
241
334
109
166
184
332
301
98
131
169
198
77
125
115
200
288
39
291
0
293
308
335
60
186
354
171
202
340
101
105
149
327
90
185
130
355
299
245
312
295
175
118
7
146
368
78
14
221
111
80
192
177
223
195
304
309
307
240
120
251
315
176
258
182
65
132
329
359
76
204
117
317
356
266
367
246
148
361
272
152
113
271
114
208
126
32
12
159
277
364
172
190
154
162
343
44
8
318
231
31
336
191
257
43
108
40
51
183
22
84
331
342
25
178
363
203
347
339
157
102
213
142
292
92
366
199
253
242
296
248
158
46
222
197
71
219
287
