20 15
1000000000 400000000 300000000
200000000 500000000 100000000
0 600000000 500000000
750000000 250000000 250000000
123456789 123456789 0
900000000 100000000 100000000
10000000 20000000 30000000
500000000 600000000 100000000
1000000000 0 0
0 0 0
300000000 100000000 250000000
800000000 900000000 50000000
450000000 200000000 100000000
100000000 300000000 400000000
600000000 100000000 100000000
700000000 350000000 350000000
1 1000000000 0
999999999 1 1
250000000 250000000 250000000
400000000 100000000 200000000
1 0
1 1000000000000
3 500000000
5 123456789
7 10000000
9 0
10 100
12 800000000
14 1500000000
16 0
18 999999999999
20 300000000
4 700000000
11 250000000
15 50
