20 100000 15
1000 0 1
99991 12345 67890
2 1 1
3 2 0
97 96 13
1000000000 999999999 0
50000 25000 24999
65536 32768 12345
12345 6789 1111
88888 77777 66666
100 0 99
999 998 997
100000 54321 1234
271828 1828 271
314159 26535 89793
42 17 23
73 0 72
1000000000 0 999999999
1234567 765432 123456
987654321 123456789 98765432
0 0 0
1 99999 10
2 50000 1000
1000 12345 50000
999999999 54321 100000000000000
314159265 999 123456789
271828182 88888 9876543210
42 4242 42
73 7300 7300
1000000000 1 1
555555555 77777 333333
123456789 23456 1000000
987654321 65432 999999999999
80808080 90909 12345678901234
60606060 10101 0
