5000
1 2
1 3
2 4
4 5
2 6
4 7
5 8
5 9
4 10
4 11
7 12
5 13
12 14
8 15
5 16
9 17
8 18
14 19
12 20
7 21
13 22
12 23
14 24
11 25
24 26
22 27
8 28
16 29
13 30
22 31
24 32
27 33
13 34
11 35
30 36
6 37
8 38
24 39
33 40
36 41
4 42
42 43
18 44
41 45
43 46
29 47
37 48
43 49
16 50
34 51
51 52
19 53
35 54
45 55
48 56
40 57
41 58
51 59
3 60
4 61
31 62
4 63
48 64
12 65
31 66
49 67
31 68
65 69
61 70
14 71
19 72
15 73
53 74
68 75
54 76
9 77
13 78
75 79
44 80
60 81
47 82
61 83
6 84
70 85
17 86
71 87
50 88
21 89
32 90
52 91
65 92
8 93
28 94
60 95
36 96
41 97
33 98
70 99
50 100
35 101
68 102
26 103
75 104
5 105
5 106
41 107
48 108
105 109
75 110
104 111
79 112
69 113
7 114
82 115
67 116
82 117
34 118
87 119
100 120
6 121
115 122
108 123
60 124
54 125
124 126
2 127
14 128
70 129
29 130
44 131
67 132
23 133
24 134
106 135
10 136
93 137
104 138
116 139
21 140
74 141
75 142
133 143
74 144
88 145
88 146
129 147
78 148
128 149
36 150
79 151
126 152
67 153
31 154
66 155
62 156
67 157
140 158
145 159
104 160
46 161
107 162
98 163
88 164
40 165
59 166
13 167
152 168
41 169
89 170
7 171
53 172
48 173
137 174
51 175
160 176
50 177
128 178
56 179
1 180
11 181
5 182
171 183
134 184
49 185
178 186
81 187
171 188
56 189
80 190
137 191
34 192
90 193
94 194
28 195
94 196
17 197
49 198
142 199
193 200
143 201
44 202
160 203
25 204
37 205
16 206
164 207
63 208
139 209
125 210
79 211
145 212
108 213
97 214
173 215
181 216
97 217
194 218
121 219
17 220
41 221
118 222
34 223
211 224
188 225
5 226
83 227
30 228
83 229
23 230
24 231
197 232
144 233
35 234
50 235
195 236
40 237
132 238
208 239
27 240
145 241
10 242
211 243
126 244
64 245
171 246
192 247
217 248
194 249
239 250
85 251
58 252
110 253
139 254
195 255
69 256
185 257
174 258
226 259
132 260
153 261
116 262
172 263
74 264
243 265
26 266
19 267
218 268
163 269
192 270
81 271
86 272
130 273
161 274
266 275
162 276
58 277
124 278
87 279
219 280
68 281
140 282
26 283
102 284
156 285
88 286
247 287
152 288
157 289
125 290
204 291
138 292
80 293
73 294
125 295
145 296
235 297
256 298
12 299
186 300
248 301
119 302
287 303
137 304
296 305
48 306
215 307
276 308
262 309
9 310
73 311
184 312
195 313
180 314
191 315
63 316
185 317
115 318
48 319
73 320
70 321
129 322
75 323
219 324
244 325
211 326
291 327
139 328
285 329
270 330
300 331
126 332
109 333
105 334
71 335
313 336
194 337
166 338
100 339
309 340
292 341
232 342
50 343
261 344
251 345
283 346
87 347
131 348
18 349
263 350
195 351
308 352
18 353
280 354
182 355
2 356
66 357
137 358
77 359
254 360
265 361
282 362
70 363
72 364
101 365
173 366
102 367
366 368
283 369
27 370
179 371
308 372
135 373
97 374
222 375
180 376
99 377
67 378
192 379
73 380
339 381
369 382
299 383
248 384
47 385
49 386
46 387
210 388
223 389
247 390
146 391
179 392
90 393
343 394
386 395
392 396
183 397
15 398
197 399
197 400
87 401
41 402
236 403
108 404
361 405
289 406
319 407
400 408
145 409
21 410
381 411
168 412
14 413
247 414
146 415
90 416
13 417
15 418
221 419
92 420
265 421
122 422
123 423
100 424
418 425
237 426
154 427
338 428
129 429
151 430
118 431
34 432
92 433
371 434
202 435
340 436
397 437
87 438
332 439
144 440
365 441
60 442
177 443
215 444
86 445
200 446
8 447
359 448
311 449
444 450
205 451
182 452
290 453
52 454
22 455
421 456
81 457
243 458
356 459
47 460
404 461
256 462
433 463
340 464
305 465
386 466
339 467
250 468
124 469
228 470
203 471
164 472
83 473
423 474
38 475
319 476
133 477
27 478
293 479
191 480
371 481
210 482
320 483
36 484
13 485
223 486
428 487
283 488
369 489
343 490
218 491
135 492
320 493
292 494
456 495
393 496
366 497
218 498
358 499
247 500
406 501
32 502
39 503
296 504
178 505
272 506
6 507
288 508
287 509
296 510
34 511
449 512
424 513
316 514
332 515
18 516
293 517
405 518
301 519
116 520
345 521
4 522
484 523
510 524
171 525
251 526
150 527
431 528
438 529
236 530
503 531
120 532
186 533
477 534
346 535
397 536
465 537
501 538
113 539
90 540
262 541
320 542
84 543
267 544
170 545
191 546
253 547
105 548
312 549
411 550
28 551
180 552
101 553
417 554
5 555
35 556
43 557
259 558
357 559
25 560
521 561
204 562
410 563
438 564
299 565
172 566
355 567
71 568
464 569
26 570
82 571
11 572
40 573
434 574
485 575
140 576
511 577
279 578
227 579
142 580
48 581
448 582
223 583
192 584
450 585
228 586
581 587
14 588
143 589
60 590
378 591
530 592
529 593
174 594
539 595
199 596
408 597
297 598
370 599
41 600
414 601
531 602
278 603
346 604
38 605
506 606
530 607
323 608
146 609
348 610
444 611
458 612
485 613
90 614
14 615
154 616
4 617
263 618
592 619
54 620
274 621
478 622
450 623
165 624
531 625
182 626
73 627
610 628
588 629
537 630
343 631
341 632
450 633
344 634
443 635
133 636
157 637
419 638
216 639
348 640
195 641
373 642
602 643
617 644
288 645
476 646
211 647
243 648
300 649
455 650
272 651
344 652
482 653
557 654
536 655
480 656
102 657
190 658
203 659
528 660
643 661
525 662
422 663
96 664
237 665
496 666
620 667
177 668
43 669
577 670
42 671
122 672
543 673
530 674
60 675
360 676
563 677
219 678
435 679
334 680
101 681
206 682
84 683
466 684
443 685
587 686
612 687
19 688
617 689
390 690
538 691
527 692
233 693
220 694
137 695
652 696
538 697
202 698
414 699
337 700
675 701
122 702
434 703
25 704
452 705
593 706
536 707
327 708
600 709
341 710
626 711
371 712
161 713
557 714
690 715
416 716
657 717
405 718
228 719
383 720
27 721
159 722
516 723
65 724
619 725
116 726
158 727
315 728
445 729
87 730
586 731
637 732
242 733
446 734
123 735
177 736
189 737
552 738
400 739
107 740
161 741
374 742
641 743
440 744
130 745
178 746
206 747
251 748
250 749
454 750
106 751
103 752
632 753
163 754
18 755
498 756
690 757
165 758
75 759
505 760
610 761
620 762
344 763
584 764
280 765
535 766
275 767
271 768
563 769
503 770
462 771
434 772
630 773
251 774
484 775
695 776
343 777
579 778
451 779
689 780
352 781
206 782
367 783
128 784
216 785
720 786
240 787
608 788
188 789
201 790
577 791
474 792
488 793
93 794
441 795
660 796
647 797
779 798
775 799
101 800
335 801
582 802
639 803
624 804
782 805
487 806
332 807
447 808
789 809
16 810
535 811
223 812
151 813
708 814
291 815
461 816
641 817
76 818
787 819
264 820
481 821
347 822
707 823
636 824
265 825
180 826
23 827
415 828
583 829
616 830
382 831
783 832
57 833
78 834
422 835
111 836
472 837
162 838
711 839
170 840
461 841
87 842
262 843
811 844
628 845
403 846
647 847
757 848
241 849
30 850
820 851
202 852
632 853
415 854
384 855
203 856
223 857
562 858
145 859
714 860
640 861
20 862
263 863
419 864
688 865
647 866
633 867
134 868
755 869
428 870
419 871
871 872
572 873
832 874
421 875
189 876
75 877
605 878
805 879
309 880
247 881
165 882
877 883
653 884
168 885
388 886
344 887
598 888
577 889
691 890
725 891
358 892
794 893
530 894
843 895
8 896
601 897
786 898
53 899
101 900
855 901
403 902
273 903
149 904
437 905
658 906
411 907
143 908
189 909
448 910
111 911
602 912
737 913
184 914
753 915
173 916
722 917
489 918
408 919
195 920
387 921
873 922
102 923
184 924
492 925
342 926
840 927
204 928
421 929
635 930
672 931
904 932
493 933
252 934
195 935
725 936
260 937
481 938
749 939
440 940
128 941
628 942
670 943
312 944
714 945
324 946
319 947
907 948
758 949
626 950
79 951
823 952
395 953
732 954
254 955
453 956
871 957
279 958
295 959
598 960
188 961
612 962
406 963
5 964
894 965
808 966
78 967
718 968
251 969
677 970
142 971
924 972
630 973
620 974
333 975
519 976
107 977
804 978
826 979
459 980
774 981
890 982
273 983
695 984
26 985
8 986
769 987
895 988
949 989
890 990
305 991
371 992
761 993
415 994
560 995
167 996
82 997
446 998
53 999
208 1000
769 1001
477 1002
75 1003
199 1004
689 1005
109 1006
110 1007
75 1008
330 1009
715 1010
767 1011
528 1012
471 1013
262 1014
223 1015
777 1016
83 1017
322 1018
677 1019
755 1020
800 1021
887 1022
936 1023
752 1024
121 1025
203 1026
1010 1027
303 1028
1005 1029
435 1030
288 1031
330 1032
113 1033
825 1034
618 1035
305 1036
758 1037
1022 1038
208 1039
779 1040
648 1041
1029 1042
183 1043
465 1044
762 1045
154 1046
907 1047
169 1048
771 1049
965 1050
906 1051
502 1052
613 1053
241 1054
48 1055
1016 1056
418 1057
76 1058
302 1059
46 1060
199 1061
896 1062
452 1063
288 1064
780 1065
588 1066
577 1067
182 1068
144 1069
923 1070
646 1071
137 1072
207 1073
166 1074
210 1075
713 1076
927 1077
445 1078
1053 1079
989 1080
378 1081
152 1082
764 1083
69 1084
1022 1085
983 1086
136 1087
695 1088
169 1089
349 1090
99 1091
10 1092
14 1093
682 1094
492 1095
603 1096
814 1097
975 1098
787 1099
442 1100
268 1101
371 1102
934 1103
1013 1104
162 1105
616 1106
676 1107
145 1108
616 1109
1048 1110
91 1111
132 1112
497 1113
1101 1114
975 1115
27 1116
371 1117
937 1118
505 1119
947 1120
291 1121
734 1122
1119 1123
113 1124
597 1125
300 1126
575 1127
490 1128
415 1129
780 1130
794 1131
347 1132
311 1133
334 1134
397 1135
153 1136
512 1137
821 1138
892 1139
479 1140
100 1141
110 1142
838 1143
362 1144
560 1145
11 1146
724 1147
737 1148
25 1149
142 1150
971 1151
775 1152
260 1153
232 1154
1096 1155
109 1156
280 1157
148 1158
919 1159
996 1160
417 1161
1057 1162
1137 1163
338 1164
612 1165
608 1166
1091 1167
331 1168
752 1169
96 1170
373 1171
965 1172
961 1173
978 1174
17 1175
670 1176
100 1177
175 1178
928 1179
23 1180
1138 1181
171 1182
1154 1183
1090 1184
272 1185
706 1186
493 1187
827 1188
891 1189
1165 1190
986 1191
494 1192
203 1193
1104 1194
300 1195
1051 1196
653 1197
986 1198
557 1199
954 1200
1059 1201
888 1202
981 1203
170 1204
1147 1205
132 1206
698 1207
355 1208
1176 1209
715 1210
405 1211
926 1212
142 1213
1073 1214
950 1215
446 1216
1032 1217
578 1218
38 1219
583 1220
639 1221
349 1222
460 1223
494 1224
670 1225
338 1226
543 1227
795 1228
321 1229
73 1230
233 1231
872 1232
446 1233
991 1234
675 1235
532 1236
439 1237
1044 1238
1227 1239
806 1240
1156 1241
168 1242
356 1243
141 1244
248 1245
1225 1246
62 1247
972 1248
1056 1249
1088 1250
905 1251
31 1252
15 1253
688 1254
552 1255
593 1256
801 1257
922 1258
759 1259
589 1260
881 1261
992 1262
407 1263
1134 1264
515 1265
975 1266
558 1267
1065 1268
223 1269
499 1270
271 1271
947 1272
69 1273
708 1274
11 1275
932 1276
440 1277
854 1278
834 1279
401 1280
321 1281
794 1282
813 1283
370 1284
108 1285
1217 1286
1029 1287
463 1288
1244 1289
871 1290
1103 1291
1137 1292
8 1293
979 1294
705 1295
52 1296
192 1297
717 1298
1164 1299
1069 1300
821 1301
495 1302
700 1303
428 1304
60 1305
1009 1306
341 1307
656 1308
974 1309
612 1310
143 1311
706 1312
925 1313
132 1314
64 1315
1187 1316
828 1317
437 1318
902 1319
988 1320
314 1321
637 1322
219 1323
1090 1324
669 1325
1306 1326
876 1327
253 1328
634 1329
321 1330
676 1331
880 1332
1162 1333
1198 1334
713 1335
937 1336
1179 1337
378 1338
1103 1339
690 1340
426 1341
242 1342
524 1343
470 1344
1225 1345
430 1346
532 1347
413 1348
1018 1349
793 1350
162 1351
1254 1352
117 1353
366 1354
514 1355
1103 1356
213 1357
1290 1358
96 1359
923 1360
701 1361
144 1362
1109 1363
253 1364
746 1365
493 1366
1078 1367
464 1368
1282 1369
1173 1370
1040 1371
1189 1372
768 1373
205 1374
409 1375
1139 1376
936 1377
364 1378
975 1379
773 1380
1127 1381
346 1382
62 1383
937 1384
875 1385
1136 1386
264 1387
40 1388
987 1389
368 1390
257 1391
309 1392
130 1393
298 1394
726 1395
768 1396
1336 1397
367 1398
786 1399
513 1400
997 1401
461 1402
519 1403
881 1404
795 1405
527 1406
723 1407
97 1408
875 1409
696 1410
318 1411
326 1412
594 1413
1064 1414
903 1415
1029 1416
1063 1417
866 1418
275 1419
1388 1420
890 1421
533 1422
292 1423
37 1424
199 1425
205 1426
200 1427
1194 1428
90 1429
809 1430
1287 1431
682 1432
1028 1433
936 1434
1283 1435
963 1436
104 1437
486 1438
1267 1439
390 1440
236 1441
751 1442
651 1443
360 1444
548 1445
453 1446
342 1447
184 1448
121 1449
216 1450
12 1451
569 1452
975 1453
186 1454
220 1455
1112 1456
721 1457
866 1458
1186 1459
245 1460
233 1461
490 1462
344 1463
460 1464
628 1465
1030 1466
711 1467
1415 1468
245 1469
1004 1470
129 1471
218 1472
1438 1473
1427 1474
898 1475
1032 1476
372 1477
1195 1478
95 1479
649 1480
628 1481
717 1482
387 1483
1300 1484
1034 1485
276 1486
1047 1487
609 1488
1467 1489
120 1490
1219 1491
1459 1492
1328 1493
1489 1494
1415 1495
97 1496
576 1497
1030 1498
35 1499
139 1500
834 1501
953 1502
1440 1503
405 1504
555 1505
1358 1506
984 1507
206 1508
1317 1509
781 1510
295 1511
308 1512
1362 1513
1172 1514
1094 1515
77 1516
252 1517
738 1518
1348 1519
20 1520
1107 1521
121 1522
572 1523
65 1524
186 1525
829 1526
777 1527
642 1528
1345 1529
83 1530
744 1531
374 1532
946 1533
1191 1534
56 1535
386 1536
1098 1537
322 1538
103 1539
649 1540
972 1541
615 1542
151 1543
1215 1544
727 1545
1360 1546
296 1547
699 1548
299 1549
34 1550
1546 1551
951 1552
1062 1553
441 1554
869 1555
1441 1556
1012 1557
1263 1558
919 1559
1064 1560
1092 1561
284 1562
1331 1563
1268 1564
197 1565
621 1566
462 1567
1262 1568
511 1569
1423 1570
377 1571
169 1572
806 1573
432 1574
50 1575
253 1576
656 1577
1551 1578
183 1579
773 1580
1171 1581
115 1582
590 1583
170 1584
553 1585
87 1586
890 1587
32 1588
514 1589
239 1590
1005 1591
1570 1592
510 1593
559 1594
624 1595
302 1596
222 1597
604 1598
369 1599
874 1600
447 1601
947 1602
96 1603
1202 1604
857 1605
773 1606
1598 1607
1534 1608
1221 1609
1101 1610
274 1611
750 1612
921 1613
272 1614
288 1615
640 1616
500 1617
1112 1618
1583 1619
1325 1620
368 1621
1220 1622
237 1623
20 1624
1106 1625
467 1626
1139 1627
204 1628
470 1629
1593 1630
572 1631
1054 1632
518 1633
601 1634
1035 1635
1020 1636
272 1637
642 1638
1528 1639
308 1640
1245 1641
893 1642
1511 1643
1083 1644
1010 1645
65 1646
664 1647
189 1648
1396 1649
1410 1650
1007 1651
928 1652
270 1653
467 1654
547 1655
394 1656
335 1657
1519 1658
1592 1659
33 1660
149 1661
296 1662
1124 1663
261 1664
6 1665
473 1666
858 1667
1249 1668
280 1669
1032 1670
321 1671
1472 1672
1245 1673
545 1674
634 1675
1263 1676
347 1677
1176 1678
85 1679
1053 1680
1587 1681
580 1682
323 1683
621 1684
1328 1685
59 1686
587 1687
877 1688
1194 1689
54 1690
1504 1691
1350 1692
1243 1693
30 1694
125 1695
395 1696
603 1697
1037 1698
1523 1699
932 1700
450 1701
872 1702
1701 1703
831 1704
535 1705
1522 1706
1354 1707
18 1708
695 1709
701 1710
1438 1711
357 1712
603 1713
1528 1714
838 1715
197 1716
92 1717
1104 1718
1401 1719
462 1720
1125 1721
792 1722
216 1723
1199 1724
1248 1725
14 1726
840 1727
1299 1728
336 1729
1189 1730
1690 1731
412 1732
1399 1733
842 1734
637 1735
1722 1736
999 1737
320 1738
1636 1739
1619 1740
1431 1741
596 1742
103 1743
1052 1744
815 1745
1514 1746
394 1747
699 1748
746 1749
1008 1750
1168 1751
83 1752
823 1753
786 1754
585 1755
694 1756
593 1757
1618 1758
1758 1759
867 1760
1315 1761
361 1762
1198 1763
1159 1764
1682 1765
659 1766
979 1767
1458 1768
1529 1769
1218 1770
999 1771
667 1772
152 1773
938 1774
1176 1775
189 1776
41 1777
369 1778
218 1779
744 1780
162 1781
659 1782
1562 1783
199 1784
1329 1785
593 1786
495 1787
620 1788
564 1789
118 1790
1415 1791
823 1792
628 1793
1351 1794
318 1795
936 1796
97 1797
867 1798
939 1799
670 1800
1560 1801
598 1802
1555 1803
1043 1804
1731 1805
1568 1806
118 1807
621 1808
732 1809
1380 1810
1138 1811
1147 1812
272 1813
1034 1814
732 1815
73 1816
1212 1817
254 1818
1310 1819
1586 1820
621 1821
1752 1822
729 1823
1804 1824
517 1825
966 1826
1596 1827
10 1828
930 1829
1466 1830
783 1831
352 1832
53 1833
1132 1834
438 1835
1121 1836
1660 1837
243 1838
584 1839
1211 1840
1336 1841
1520 1842
7 1843
1466 1844
592 1845
43 1846
901 1847
532 1848
715 1849
255 1850
43 1851
457 1852
1681 1853
1668 1854
226 1855
1397 1856
901 1857
315 1858
1564 1859
105 1860
442 1861
210 1862
890 1863
110 1864
1836 1865
1589 1866
1757 1867
1329 1868
188 1869
1062 1870
1320 1871
130 1872
148 1873
1738 1874
642 1875
189 1876
646 1877
1310 1878
894 1879
686 1880
1113 1881
281 1882
1190 1883
1527 1884
1656 1885
934 1886
1378 1887
816 1888
1328 1889
852 1890
1862 1891
1842 1892
311 1893
1682 1894
382 1895
49 1896
762 1897
809 1898
9 1899
282 1900
1759 1901
1105 1902
1404 1903
539 1904
1301 1905
390 1906
1385 1907
1531 1908
194 1909
1757 1910
893 1911
1792 1912
195 1913
1782 1914
1898 1915
1318 1916
1675 1917
1695 1918
1212 1919
305 1920
1219 1921
670 1922
886 1923
1888 1924
864 1925
1896 1926
777 1927
301 1928
1221 1929
1632 1930
869 1931
1911 1932
1210 1933
559 1934
1634 1935
693 1936
1742 1937
271 1938
1079 1939
61 1940
947 1941
1558 1942
1336 1943
1046 1944
1411 1945
310 1946
1033 1947
93 1948
1616 1949
40 1950
1223 1951
1160 1952
427 1953
86 1954
1366 1955
1285 1956
1611 1957
501 1958
887 1959
963 1960
1092 1961
305 1962
1055 1963
274 1964
1649 1965
1187 1966
1595 1967
1497 1968
989 1969
479 1970
1592 1971
1779 1972
1006 1973
1181 1974
225 1975
40 1976
116 1977
1549 1978
127 1979
314 1980
1376 1981
741 1982
421 1983
1499 1984
616 1985
61 1986
1527 1987
1274 1988
1211 1989
484 1990
1249 1991
1741 1992
1649 1993
1636 1994
486 1995
1158 1996
621 1997
1188 1998
816 1999
938 2000
1362 2001
1454 2002
268 2003
1730 2004
1461 2005
79 2006
183 2007
1174 2008
410 2009
1963 2010
1961 2011
1983 2012
1646 2013
1552 2014
1752 2015
1670 2016
642 2017
1328 2018
1873 2019
962 2020
993 2021
1783 2022
264 2023
606 2024
279 2025
750 2026
257 2027
365 2028
1301 2029
796 2030
1889 2031
1973 2032
998 2033
854 2034
1758 2035
528 2036
182 2037
1943 2038
1994 2039
970 2040
1678 2041
1262 2042
1377 2043
776 2044
1833 2045
856 2046
1968 2047
1399 2048
1547 2049
731 2050
1332 2051
736 2052
1971 2053
1323 2054
891 2055
1568 2056
1805 2057
1890 2058
62 2059
1856 2060
2026 2061
391 2062
1634 2063
149 2064
2035 2065
973 2066
2009 2067
928 2068
1185 2069
291 2070
169 2071
1379 2072
1467 2073
146 2074
16 2075
15 2076
85 2077
1746 2078
1517 2079
820 2080
1925 2081
199 2082
282 2083
1446 2084
1261 2085
1591 2086
700 2087
1291 2088
1699 2089
721 2090
230 2091
544 2092
906 2093
1605 2094
1555 2095
1647 2096
1377 2097
1286 2098
1265 2099
645 2100
1126 2101
108 2102
1358 2103
378 2104
69 2105
1548 2106
776 2107
340 2108
1445 2109
1178 2110
1719 2111
1794 2112
875 2113
2035 2114
1718 2115
481 2116
836 2117
2065 2118
1979 2119
437 2120
1490 2121
783 2122
628 2123
265 2124
30 2125
1924 2126
2075 2127
251 2128
1970 2129
1565 2130
230 2131
1372 2132
2000 2133
1565 2134
691 2135
1165 2136
1695 2137
2096 2138
1905 2139
1348 2140
629 2141
1477 2142
1000 2143
2143 2144
880 2145
1999 2146
224 2147
1496 2148
939 2149
1035 2150
830 2151
984 2152
648 2153
291 2154
899 2155
2019 2156
2035 2157
1951 2158
428 2159
1848 2160
1348 2161
1658 2162
1631 2163
443 2164
1752 2165
363 2166
1087 2167
1109 2168
1985 2169
657 2170
303 2171
1888 2172
2099 2173
1482 2174
358 2175
396 2176
1313 2177
987 2178
1780 2179
780 2180
118 2181
1955 2182
1749 2183
575 2184
1067 2185
696 2186
1871 2187
654 2188
1563 2189
1539 2190
1686 2191
1618 2192
1823 2193
1266 2194
1794 2195
60 2196
2050 2197
1385 2198
945 2199
869 2200
1051 2201
773 2202
219 2203
809 2204
151 2205
1399 2206
1699 2207
989 2208
2099 2209
451 2210
1009 2211
1498 2212
278 2213
1306 2214
235 2215
119 2216
834 2217
803 2218
544 2219
153 2220
918 2221
1648 2222
1986 2223
1418 2224
436 2225
2158 2226
498 2227
464 2228
1647 2229
992 2230
359 2231
1810 2232
368 2233
1543 2234
465 2235
1608 2236
1475 2237
2214 2238
865 2239
1768 2240
164 2241
321 2242
1790 2243
1778 2244
301 2245
1902 2246
856 2247
1291 2248
116 2249
1366 2250
772 2251
460 2252
736 2253
2032 2254
591 2255
1767 2256
316 2257
162 2258
51 2259
1379 2260
58 2261
250 2262
276 2263
1313 2264
1610 2265
951 2266
220 2267
2037 2268
9 2269
1705 2270
936 2271
491 2272
1038 2273
1051 2274
1969 2275
457 2276
190 2277
731 2278
897 2279
2017 2280
189 2281
1012 2282
753 2283
649 2284
1443 2285
1741 2286
1641 2287
2275 2288
571 2289
276 2290
1550 2291
1171 2292
1553 2293
2035 2294
1256 2295
1372 2296
1008 2297
364 2298
322 2299
22 2300
1841 2301
2081 2302
1453 2303
797 2304
451 2305
1552 2306
693 2307
361 2308
980 2309
498 2310
1089 2311
2220 2312
1519 2313
404 2314
241 2315
365 2316
1979 2317
846 2318
1330 2319
847 2320
1249 2321
2202 2322
230 2323
1816 2324
1160 2325
1087 2326
1630 2327
2047 2328
493 2329
391 2330
1367 2331
1434 2332
1198 2333
406 2334
2081 2335
147 2336
1622 2337
101 2338
1911 2339
91 2340
87 2341
1409 2342
529 2343
1864 2344
1745 2345
2031 2346
1927 2347
1062 2348
1007 2349
2108 2350
691 2351
2244 2352
1041 2353
191 2354
1123 2355
1103 2356
1135 2357
2107 2358
1942 2359
550 2360
2279 2361
1147 2362
1230 2363
2254 2364
1040 2365
1968 2366
901 2367
975 2368
1927 2369
399 2370
1761 2371
1650 2372
1057 2373
735 2374
2075 2375
1518 2376
872 2377
34 2378
2212 2379
1883 2380
263 2381
1984 2382
1567 2383
1766 2384
1776 2385
707 2386
945 2387
1654 2388
1008 2389
871 2390
1704 2391
2193 2392
2036 2393
1859 2394
394 2395
630 2396
1357 2397
1780 2398
416 2399
1256 2400
1559 2401
959 2402
687 2403
751 2404
2300 2405
461 2406
1818 2407
193 2408
629 2409
113 2410
1293 2411
915 2412
147 2413
1083 2414
1000 2415
1622 2416
922 2417
101 2418
118 2419
127 2420
963 2421
2070 2422
769 2423
1409 2424
378 2425
1817 2426
2358 2427
68 2428
622 2429
1611 2430
1910 2431
1139 2432
2083 2433
32 2434
163 2435
2090 2436
483 2437
1438 2438
1593 2439
901 2440
1006 2441
187 2442
580 2443
674 2444
2005 2445
207 2446
697 2447
1545 2448
73 2449
755 2450
2431 2451
1698 2452
1136 2453
1765 2454
1217 2455
306 2456
1127 2457
1632 2458
180 2459
1345 2460
2228 2461
661 2462
444 2463
486 2464
169 2465
1450 2466
285 2467
293 2468
1688 2469
488 2470
394 2471
1977 2472
2418 2473
416 2474
685 2475
956 2476
975 2477
1313 2478
1036 2479
2455 2480
1951 2481
2292 2482
1122 2483
1981 2484
1802 2485
757 2486
1679 2487
444 2488
138 2489
1431 2490
862 2491
1629 2492
1666 2493
919 2494
1485 2495
853 2496
1351 2497
73 2498
1855 2499
585 2500
468 2501
1089 2502
1673 2503
1306 2504
875 2505
1443 2506
1504 2507
2194 2508
908 2509
1298 2510
2046 2511
2090 2512
370 2513
1090 2514
994 2515
1891 2516
626 2517
1321 2518
105 2519
373 2520
162 2521
469 2522
1016 2523
2496 2524
2374 2525
1402 2526
159 2527
1978 2528
269 2529
559 2530
299 2531
2195 2532
578 2533
1851 2534
2058 2535
482 2536
2484 2537
2423 2538
2151 2539
2506 2540
952 2541
2157 2542
1607 2543
1229 2544
1915 2545
987 2546
1492 2547
2111 2548
107 2549
1035 2550
2211 2551
697 2552
2539 2553
194 2554
1271 2555
501 2556
2486 2557
330 2558
1072 2559
2138 2560
2235 2561
2070 2562
1840 2563
866 2564
1234 2565
336 2566
2164 2567
2247 2568
1476 2569
1872 2570
1056 2571
2343 2572
216 2573
1050 2574
85 2575
2539 2576
206 2577
2122 2578
234 2579
1129 2580
1436 2581
1256 2582
1536 2583
2000 2584
419 2585
635 2586
1314 2587
394 2588
2440 2589
814 2590
1621 2591
1009 2592
2311 2593
515 2594
485 2595
676 2596
1635 2597
2117 2598
1862 2599
1182 2600
244 2601
571 2602
545 2603
464 2604
332 2605
1291 2606
611 2607
935 2608
774 2609
285 2610
428 2611
1772 2612
2071 2613
58 2614
719 2615
949 2616
1217 2617
33 2618
718 2619
2442 2620
1893 2621
1223 2622
58 2623
1594 2624
2258 2625
1811 2626
197 2627
1547 2628
2150 2629
1028 2630
834 2631
2178 2632
1585 2633
664 2634
2178 2635
861 2636
2382 2637
234 2638
2073 2639
1231 2640
2306 2641
2561 2642
129 2643
1604 2644
572 2645
1092 2646
1261 2647
2101 2648
823 2649
1413 2650
180 2651
1861 2652
2310 2653
196 2654
1943 2655
883 2656
2518 2657
1897 2658
2226 2659
2220 2660
2251 2661
365 2662
77 2663
1240 2664
2006 2665
605 2666
440 2667
91 2668
545 2669
1747 2670
1356 2671
1849 2672
1036 2673
1611 2674
1115 2675
474 2676
598 2677
2041 2678
664 2679
51 2680
1052 2681
1002 2682
1273 2683
1343 2684
701 2685
477 2686
470 2687
455 2688
1993 2689
2602 2690
1270 2691
1481 2692
635 2693
545 2694
179 2695
299 2696
2455 2697
2480 2698
2603 2699
1593 2700
1481 2701
1972 2702
603 2703
1890 2704
924 2705
805 2706
974 2707
2250 2708
2446 2709
2201 2710
2596 2711
1871 2712
235 2713
151 2714
1634 2715
2656 2716
2368 2717
2578 2718
1665 2719
484 2720
537 2721
1505 2722
1002 2723
2454 2724
1819 2725
1979 2726
1181 2727
2478 2728
2589 2729
2023 2730
2481 2731
261 2732
669 2733
1042 2734
2354 2735
2258 2736
1820 2737
2378 2738
2043 2739
1935 2740
1218 2741
242 2742
112 2743
2655 2744
1119 2745
2480 2746
173 2747
2256 2748
1334 2749
1949 2750
723 2751
2527 2752
1621 2753
1495 2754
785 2755
1078 2756
2689 2757
974 2758
248 2759
1265 2760
2378 2761
896 2762
1676 2763
404 2764
351 2765
177 2766
610 2767
1677 2768
571 2769
1097 2770
2516 2771
2383 2772
301 2773
2604 2774
137 2775
355 2776
1612 2777
829 2778
1440 2779
2503 2780
493 2781
30 2782
1246 2783
2748 2784
2449 2785
1669 2786
1349 2787
990 2788
3 2789
165 2790
506 2791
1889 2792
2199 2793
2577 2794
1241 2795
2556 2796
2537 2797
2102 2798
2662 2799
2118 2800
1425 2801
343 2802
1617 2803
1647 2804
2126 2805
2723 2806
1972 2807
1446 2808
1660 2809
1638 2810
1738 2811
2710 2812
2095 2813
1308 2814
2809 2815
1271 2816
2698 2817
544 2818
487 2819
1390 2820
973 2821
607 2822
2636 2823
2065 2824
221 2825
91 2826
1382 2827
588 2828
780 2829
2723 2830
1799 2831
67 2832
702 2833
1612 2834
1596 2835
493 2836
687 2837
644 2838
2434 2839
1087 2840
499 2841
1324 2842
2122 2843
1969 2844
2722 2845
417 2846
1047 2847
1299 2848
2411 2849
1836 2850
2004 2851
572 2852
1409 2853
1364 2854
2113 2855
373 2856
1991 2857
1199 2858
2584 2859
107 2860
2348 2861
2717 2862
2273 2863
2812 2864
576 2865
1273 2866
1927 2867
2485 2868
2209 2869
1091 2870
1765 2871
2710 2872
171 2873
915 2874
2596 2875
1100 2876
846 2877
27 2878
1545 2879
232 2880
1838 2881
1368 2882
82 2883
713 2884
1819 2885
1844 2886
1629 2887
2007 2888
2298 2889
1605 2890
2111 2891
2788 2892
1133 2893
1101 2894
1609 2895
520 2896
1831 2897
1350 2898
1133 2899
2348 2900
2715 2901
150 2902
1009 2903
1093 2904
960 2905
1039 2906
2708 2907
1017 2908
1751 2909
2349 2910
1832 2911
347 2912
2661 2913
1185 2914
2428 2915
2082 2916
1820 2917
636 2918
2813 2919
2718 2920
336 2921
788 2922
2677 2923
1454 2924
1308 2925
259 2926
1396 2927
2332 2928
1868 2929
1301 2930
1241 2931
2857 2932
2903 2933
696 2934
655 2935
2241 2936
828 2937
2382 2938
2793 2939
1530 2940
421 2941
1149 2942
2300 2943
1506 2944
155 2945
2683 2946
95 2947
1859 2948
815 2949
2722 2950
1111 2951
1878 2952
994 2953
1753 2954
521 2955
2494 2956
1194 2957
1456 2958
1713 2959
2801 2960
1606 2961
2209 2962
1154 2963
2072 2964
2933 2965
2930 2966
1730 2967
1984 2968
1074 2969
397 2970
2244 2971
263 2972
1273 2973
2821 2974
1692 2975
674 2976
168 2977
2092 2978
2045 2979
1693 2980
835 2981
1342 2982
1825 2983
261 2984
1113 2985
2002 2986
1684 2987
1494 2988
225 2989
1885 2990
962 2991
453 2992
2384 2993
1190 2994
307 2995
550 2996
510 2997
1432 2998
2557 2999
216 3000
2633 3001
1747 3002
1849 3003
1270 3004
548 3005
652 3006
1296 3007
2587 3008
2303 3009
1914 3010
1632 3011
377 3012
2772 3013
1487 3014
1584 3015
1736 3016
2033 3017
1366 3018
1550 3019
679 3020
888 3021
1416 3022
1226 3023
1944 3024
2619 3025
260 3026
1953 3027
1433 3028
1680 3029
1727 3030
781 3031
134 3032
1512 3033
2557 3034
2573 3035
2327 3036
2521 3037
2759 3038
2610 3039
1777 3040
996 3041
2559 3042
766 3043
2634 3044
1727 3045
1158 3046
2121 3047
1198 3048
2843 3049
54 3050
1933 3051
835 3052
1117 3053
276 3054
2454 3055
1932 3056
823 3057
2694 3058
2611 3059
11 3060
2658 3061
3022 3062
2899 3063
2906 3064
368 3065
2428 3066
827 3067
645 3068
2175 3069
235 3070
120 3071
1154 3072
1195 3073
260 3074
455 3075
1625 3076
3051 3077
15 3078
2421 3079
1505 3080
441 3081
1176 3082
1660 3083
2112 3084
1494 3085
82 3086
911 3087
2026 3088
918 3089
952 3090
610 3091
2618 3092
34 3093
551 3094
1678 3095
176 3096
1116 3097
1821 3098
1561 3099
498 3100
1310 3101
550 3102
2072 3103
2526 3104
152 3105
2742 3106
734 3107
2104 3108
1643 3109
778 3110
1235 3111
3008 3112
317 3113
875 3114
3025 3115
1083 3116
922 3117
2741 3118
646 3119
1291 3120
844 3121
2490 3122
1017 3123
2397 3124
579 3125
1218 3126
2142 3127
1071 3128
1757 3129
328 3130
2459 3131
482 3132
1089 3133
3082 3134
594 3135
3119 3136
1681 3137
1420 3138
2653 3139
756 3140
1610 3141
2032 3142
1213 3143
2436 3144
84 3145
254 3146
96 3147
559 3148
2952 3149
1557 3150
895 3151
3007 3152
3125 3153
1102 3154
2433 3155
992 3156
775 3157
381 3158
2918 3159
1445 3160
2403 3161
1209 3162
576 3163
2069 3164
2906 3165
2322 3166
2521 3167
11 3168
1876 3169
389 3170
798 3171
295 3172
1041 3173
2860 3174
2567 3175
595 3176
2632 3177
1338 3178
1808 3179
2834 3180
2809 3181
1532 3182
2972 3183
1535 3184
1515 3185
185 3186
1660 3187
2062 3188
2420 3189
1736 3190
1789 3191
1283 3192
647 3193
2929 3194
612 3195
2043 3196
1441 3197
1529 3198
210 3199
547 3200
1039 3201
2455 3202
640 3203
1896 3204
282 3205
1616 3206
1524 3207
1207 3208
235 3209
1091 3210
1061 3211
1948 3212
2895 3213
419 3214
2088 3215
2576 3216
2076 3217
2370 3218
2553 3219
1482 3220
2482 3221
386 3222
802 3223
2739 3224
217 3225
599 3226
1393 3227
730 3228
946 3229
2958 3230
651 3231
612 3232
1018 3233
2753 3234
1905 3235
607 3236
1798 3237
810 3238
2613 3239
1880 3240
754 3241
2556 3242
2346 3243
2097 3244
1968 3245
2415 3246
1108 3247
219 3248
26 3249
1554 3250
3245 3251
245 3252
2895 3253
1773 3254
2135 3255
1620 3256
161 3257
1824 3258
1291 3259
847 3260
843 3261
1520 3262
86 3263
1380 3264
268 3265
2728 3266
26 3267
3237 3268
2538 3269
339 3270
464 3271
1755 3272
625 3273
2933 3274
2551 3275
717 3276
201 3277
1355 3278
636 3279
2785 3280
2472 3281
2746 3282
2613 3283
408 3284
916 3285
1363 3286
1335 3287
1786 3288
2433 3289
810 3290
1257 3291
2016 3292
1201 3293
226 3294
2880 3295
1563 3296
977 3297
2791 3298
2631 3299
2641 3300
386 3301
276 3302
1942 3303
1132 3304
1719 3305
1248 3306
2257 3307
23 3308
395 3309
189 3310
2711 3311
756 3312
378 3313
924 3314
713 3315
3111 3316
8 3317
1775 3318
1255 3319
115 3320
335 3321
286 3322
186 3323
1640 3324
2610 3325
1638 3326
165 3327
353 3328
1100 3329
1187 3330
2798 3331
2556 3332
2401 3333
2774 3334
550 3335
392 3336
2550 3337
2562 3338
1641 3339
2136 3340
2236 3341
224 3342
1869 3343
1213 3344
2832 3345
242 3346
2696 3347
683 3348
140 3349
2112 3350
2252 3351
1034 3352
2482 3353
2921 3354
1194 3355
219 3356
3018 3357
3018 3358
2847 3359
1428 3360
929 3361
1884 3362
1863 3363
2384 3364
1848 3365
2728 3366
157 3367
99 3368
911 3369
380 3370
3259 3371
3138 3372
3151 3373
328 3374
2246 3375
473 3376
934 3377
2653 3378
3170 3379
2156 3380
261 3381
2483 3382
1421 3383
460 3384
2194 3385
2297 3386
2318 3387
2409 3388
49 3389
1402 3390
3303 3391
3327 3392
1860 3393
1671 3394
2734 3395
2539 3396
1831 3397
1671 3398
1623 3399
1877 3400
628 3401
773 3402
983 3403
3177 3404
252 3405
2255 3406
2167 3407
627 3408
956 3409
789 3410
585 3411
3096 3412
435 3413
1594 3414
7 3415
1651 3416
1273 3417
650 3418
32 3419
2219 3420
1212 3421
2755 3422
3234 3423
948 3424
2366 3425
1509 3426
2092 3427
2559 3428
2495 3429
1875 3430
497 3431
1140 3432
2273 3433
1419 3434
2695 3435
1586 3436
583 3437
1299 3438
2823 3439
493 3440
1967 3441
1011 3442
363 3443
789 3444
1454 3445
2573 3446
1610 3447
1965 3448
2096 3449
1134 3450
1109 3451
1500 3452
2344 3453
1225 3454
3252 3455
486 3456
58 3457
2298 3458
1842 3459
1095 3460
2937 3461
1063 3462
2122 3463
2112 3464
1678 3465
590 3466
1420 3467
2949 3468
716 3469
1331 3470
3429 3471
2721 3472
1051 3473
2391 3474
423 3475
1206 3476
3453 3477
2676 3478
1642 3479
695 3480
227 3481
3191 3482
2207 3483
1886 3484
2692 3485
1768 3486
3204 3487
261 3488
3233 3489
271 3490
3418 3491
1535 3492
656 3493
3184 3494
1291 3495
2690 3496
1922 3497
2603 3498
2334 3499
310 3500
2728 3501
182 3502
1740 3503
2143 3504
1966 3505
1325 3506
1031 3507
2447 3508
2158 3509
2378 3510
3273 3511
2520 3512
1371 3513
3216 3514
490 3515
1126 3516
2708 3517
262 3518
1278 3519
1862 3520
1671 3521
3445 3522
3492 3523
3083 3524
2807 3525
203 3526
2953 3527
100 3528
1551 3529
493 3530
2059 3531
859 3532
2277 3533
1120 3534
1657 3535
701 3536
1183 3537
2681 3538
283 3539
318 3540
1722 3541
234 3542
2357 3543
2285 3544
201 3545
1559 3546
2301 3547
1829 3548
3293 3549
3510 3550
1263 3551
808 3552
439 3553
2340 3554
2936 3555
1973 3556
2696 3557
2149 3558
231 3559
1748 3560
176 3561
3481 3562
1173 3563
1475 3564
1529 3565
2945 3566
10 3567
2036 3568
77 3569
1465 3570
2684 3571
1246 3572
2051 3573
1766 3574
3138 3575
2079 3576
2555 3577
1362 3578
2885 3579
1371 3580
180 3581
330 3582
1421 3583
1856 3584
144 3585
2306 3586
407 3587
56 3588
989 3589
1698 3590
1879 3591
185 3592
348 3593
2905 3594
1732 3595
2739 3596
3081 3597
43 3598
1231 3599
3413 3600
602 3601
2245 3602
228 3603
1018 3604
2374 3605
3489 3606
1231 3607
2424 3608
946 3609
3430 3610
3569 3611
1495 3612
1239 3613
379 3614
278 3615
2653 3616
512 3617
2962 3618
961 3619
585 3620
361 3621
2829 3622
187 3623
2026 3624
563 3625
633 3626
778 3627
3292 3628
2363 3629
2737 3630
1293 3631
3627 3632
753 3633
2361 3634
1730 3635
285 3636
3217 3637
1798 3638
1039 3639
617 3640
3342 3641
1651 3642
773 3643
2253 3644
1818 3645
3583 3646
3104 3647
3287 3648
697 3649
2545 3650
3425 3651
1034 3652
1859 3653
2107 3654
2023 3655
2344 3656
3581 3657
2706 3658
2697 3659
3143 3660
3017 3661
3125 3662
716 3663
1243 3664
2905 3665
1587 3666
3019 3667
1563 3668
2948 3669
708 3670
2651 3671
1728 3672
1493 3673
339 3674
849 3675
1387 3676
2588 3677
2095 3678
833 3679
3469 3680
3528 3681
1750 3682
528 3683
853 3684
122 3685
2866 3686
1563 3687
1731 3688
3111 3689
1819 3690
1091 3691
3362 3692
1014 3693
1740 3694
2558 3695
3106 3696
1898 3697
2487 3698
1493 3699
1319 3700
2791 3701
2167 3702
2893 3703
600 3704
241 3705
3050 3706
2405 3707
1094 3708
1279 3709
3487 3710
3516 3711
1361 3712
2979 3713
2583 3714
2049 3715
547 3716
1297 3717
2734 3718
1426 3719
1710 3720
3134 3721
2162 3722
40 3723
1989 3724
1927 3725
2675 3726
2627 3727
1300 3728
741 3729
1169 3730
2554 3731
3576 3732
778 3733
2740 3734
2982 3735
690 3736
91 3737
1847 3738
1522 3739
1107 3740
756 3741
3100 3742
1660 3743
2019 3744
3545 3745
3074 3746
1038 3747
2897 3748
410 3749
969 3750
716 3751
3468 3752
3418 3753
942 3754
3172 3755
3470 3756
2453 3757
34 3758
2488 3759
2490 3760
1212 3761
2317 3762
1704 3763
10 3764
3138 3765
3444 3766
3308 3767
2690 3768
789 3769
3051 3770
1560 3771
2242 3772
523 3773
2034 3774
2950 3775
105 3776
2717 3777
218 3778
535 3779
2291 3780
1883 3781
734 3782
532 3783
71 3784
1894 3785
2224 3786
3556 3787
3092 3788
3037 3789
3217 3790
2281 3791
771 3792
640 3793
3631 3794
2678 3795
1381 3796
743 3797
2427 3798
439 3799
759 3800
687 3801
2028 3802
3476 3803
3660 3804
1725 3805
2735 3806
2187 3807
2166 3808
1657 3809
3615 3810
1300 3811
2423 3812
1151 3813
472 3814
477 3815
346 3816
2495 3817
1194 3818
3510 3819
1377 3820
1177 3821
490 3822
2330 3823
3693 3824
731 3825
549 3826
1860 3827
96 3828
1789 3829
332 3830
585 3831
3482 3832
2649 3833
2071 3834
3558 3835
3651 3836
2208 3837
1692 3838
145 3839
869 3840
2951 3841
1853 3842
1083 3843
3241 3844
2463 3845
2283 3846
3707 3847
794 3848
3196 3849
3452 3850
2903 3851
601 3852
2962 3853
1345 3854
2395 3855
197 3856
2267 3857
3254 3858
510 3859
3440 3860
3751 3861
922 3862
2550 3863
2527 3864
1027 3865
3763 3866
923 3867
1810 3868
3185 3869
270 3870
3754 3871
771 3872
3395 3873
2921 3874
3424 3875
2219 3876
1172 3877
353 3878
1066 3879
1918 3880
3748 3881
644 3882
3108 3883
2773 3884
492 3885
1261 3886
3273 3887
847 3888
3225 3889
357 3890
2895 3891
3605 3892
1690 3893
765 3894
1374 3895
3732 3896
625 3897
1263 3898
757 3899
2941 3900
444 3901
2190 3902
2807 3903
1118 3904
3224 3905
2271 3906
2063 3907
1893 3908
822 3909
3046 3910
3645 3911
1216 3912
3195 3913
266 3914
1334 3915
2465 3916
3674 3917
3525 3918
3638 3919
1866 3920
2516 3921
2819 3922
1042 3923
2968 3924
68 3925
2050 3926
1220 3927
2856 3928
1591 3929
2835 3930
2229 3931
577 3932
93 3933
1444 3934
1298 3935
361 3936
408 3937
905 3938
1062 3939
3293 3940
1934 3941
1856 3942
3034 3943
1603 3944
3464 3945
3043 3946
2453 3947
1651 3948
1482 3949
334 3950
1163 3951
2940 3952
91 3953
1681 3954
2746 3955
1742 3956
1050 3957
3499 3958
1078 3959
270 3960
2512 3961
1566 3962
3337 3963
2730 3964
3471 3965
1261 3966
736 3967
2216 3968
3445 3969
3582 3970
2177 3971
2286 3972
315 3973
1493 3974
2696 3975
1419 3976
580 3977
3939 3978
1859 3979
688 3980
255 3981
3734 3982
2143 3983
931 3984
1028 3985
752 3986
1429 3987
2685 3988
3898 3989
1823 3990
2292 3991
3569 3992
586 3993
3332 3994
2750 3995
2145 3996
2435 3997
1945 3998
1737 3999
599 4000
2103 4001
3240 4002
184 4003
840 4004
2631 4005
1756 4006
3981 4007
3815 4008
2870 4009
1449 4010
2537 4011
3657 4012
1626 4013
1462 4014
1276 4015
3349 4016
1719 4017
1229 4018
2888 4019
1510 4020
169 4021
3209 4022
2033 4023
34 4024
543 4025
2810 4026
2035 4027
2232 4028
3335 4029
369 4030
943 4031
3049 4032
3651 4033
3793 4034
253 4035
3020 4036
3996 4037
3876 4038
3881 4039
3977 4040
1372 4041
1274 4042
2082 4043
185 4044
3868 4045
2698 4046
165 4047
3654 4048
1086 4049
2411 4050
3060 4051
2949 4052
3105 4053
1779 4054
1889 4055
3648 4056
2350 4057
1197 4058
434 4059
4007 4060
1747 4061
1008 4062
2205 4063
944 4064
2617 4065
2228 4066
3675 4067
2637 4068
3701 4069
4029 4070
1015 4071
1718 4072
1451 4073
293 4074
2411 4075
3057 4076
1077 4077
2653 4078
3320 4079
692 4080
555 4081
135 4082
1287 4083
3601 4084
1049 4085
736 4086
1317 4087
1136 4088
1266 4089
314 4090
2867 4091
3064 4092
2968 4093
3247 4094
3625 4095
909 4096
1845 4097
2111 4098
2375 4099
2865 4100
3994 4101
1720 4102
654 4103
1736 4104
1440 4105
202 4106
1877 4107
2555 4108
3135 4109
2296 4110
1211 4111
788 4112
2798 4113
3175 4114
2672 4115
1046 4116
3925 4117
3633 4118
1553 4119
144 4120
3533 4121
34 4122
2297 4123
1203 4124
3622 4125
1697 4126
553 4127
293 4128
268 4129
3564 4130
3923 4131
111 4132
972 4133
1832 4134
473 4135
3425 4136
2776 4137
2872 4138
1283 4139
3148 4140
3587 4141
1672 4142
643 4143
1730 4144
2798 4145
2568 4146
3617 4147
596 4148
3217 4149
804 4150
2344 4151
3769 4152
708 4153
3017 4154
1009 4155
839 4156
2679 4157
3584 4158
2860 4159
2132 4160
3341 4161
3622 4162
2752 4163
851 4164
3680 4165
3239 4166
1717 4167
2522 4168
3045 4169
726 4170
11 4171
2283 4172
3464 4173
33 4174
2802 4175
2676 4176
2062 4177
1231 4178
4017 4179
1324 4180
3645 4181
481 4182
3251 4183
449 4184
534 4185
274 4186
4150 4187
1874 4188
352 4189
3344 4190
1753 4191
593 4192
1159 4193
965 4194
785 4195
2668 4196
83 4197
3105 4198
3900 4199
2981 4200
788 4201
2988 4202
259 4203
2368 4204
2789 4205
582 4206
475 4207
1723 4208
595 4209
4026 4210
2027 4211
3120 4212
2263 4213
3567 4214
3715 4215
2960 4216
1723 4217
1024 4218
2537 4219
3048 4220
543 4221
1882 4222
3114 4223
813 4224
2702 4225
2363 4226
827 4227
2829 4228
1755 4229
1696 4230
1003 4231
2988 4232
937 4233
1825 4234
590 4235
1625 4236
3488 4237
3688 4238
1728 4239
3750 4240
1922 4241
401 4242
3346 4243
3370 4244
1960 4245
4225 4246
2444 4247
3144 4248
2461 4249
2251 4250
3228 4251
2526 4252
964 4253
845 4254
1462 4255
2263 4256
2553 4257
2755 4258
1762 4259
2496 4260
2762 4261
789 4262
399 4263
309 4264
1859 4265
1013 4266
2765 4267
3352 4268
816 4269
354 4270
3675 4271
3335 4272
4234 4273
1729 4274
2037 4275
1879 4276
3763 4277
685 4278
1368 4279
590 4280
2851 4281
3350 4282
3012 4283
1030 4284
2353 4285
4081 4286
461 4287
1675 4288
2821 4289
2758 4290
2551 4291
1044 4292
2306 4293
384 4294
2857 4295
3402 4296
915 4297
490 4298
1360 4299
619 4300
215 4301
743 4302
2429 4303
235 4304
747 4305
1261 4306
3798 4307
3608 4308
1767 4309
2653 4310
1665 4311
1178 4312
2567 4313
1529 4314
645 4315
345 4316
2149 4317
3574 4318
3197 4319
637 4320
4006 4321
1628 4322
349 4323
2606 4324
1272 4325
1028 4326
2569 4327
153 4328
4070 4329
2595 4330
4070 4331
527 4332
939 4333
3932 4334
736 4335
1079 4336
184 4337
2106 4338
486 4339
2615 4340
2759 4341
1685 4342
1100 4343
3270 4344
4016 4345
3372 4346
482 4347
1889 4348
213 4349
3101 4350
2336 4351
218 4352
3343 4353
2975 4354
488 4355
1968 4356
1198 4357
1342 4358
1113 4359
3673 4360
2129 4361
3042 4362
943 4363
1541 4364
4067 4365
1768 4366
1303 4367
3052 4368
1266 4369
1573 4370
4232 4371
2180 4372
4365 4373
2453 4374
4274 4375
2029 4376
3864 4377
429 4378
3201 4379
2093 4380
2832 4381
3202 4382
3165 4383
1284 4384
1755 4385
292 4386
3527 4387
706 4388
3063 4389
3483 4390
558 4391
4332 4392
1047 4393
657 4394
2836 4395
1678 4396
3348 4397
721 4398
463 4399
992 4400
2363 4401
3401 4402
2695 4403
1206 4404
1164 4405
2730 4406
1759 4407
4071 4408
918 4409
2935 4410
4047 4411
1604 4412
1380 4413
1667 4414
4051 4415
1870 4416
849 4417
3041 4418
1536 4419
3010 4420
3298 4421
3180 4422
772 4423
2302 4424
3203 4425
3845 4426
4136 4427
1652 4428
2631 4429
878 4430
1328 4431
1331 4432
2682 4433
1895 4434
778 4435
1881 4436
4363 4437
112 4438
2158 4439
3003 4440
3743 4441
4376 4442
1194 4443
987 4444
2977 4445
3814 4446
1365 4447
675 4448
3344 4449
4053 4450
3756 4451
939 4452
2377 4453
4397 4454
4016 4455
1126 4456
3409 4457
860 4458
229 4459
2158 4460
717 4461
4276 4462
3239 4463
3277 4464
1227 4465
4224 4466
2846 4467
807 4468
1243 4469
2542 4470
3988 4471
3020 4472
1896 4473
3809 4474
2079 4475
1833 4476
2955 4477
979 4478
4168 4479
791 4480
964 4481
1803 4482
1169 4483
1937 4484
1489 4485
891 4486
1137 4487
526 4488
994 4489
4380 4490
2998 4491
3817 4492
2663 4493
253 4494
3558 4495
1025 4496
3487 4497
3271 4498
2580 4499
1034 4500
688 4501
816 4502
1397 4503
2683 4504
721 4505
1412 4506
1357 4507
3388 4508
1826 4509
4353 4510
300 4511
4164 4512
4327 4513
3925 4514
3082 4515
1202 4516
1620 4517
177 4518
1610 4519
735 4520
2188 4521
4452 4522
4041 4523
3881 4524
579 4525
1001 4526
3151 4527
3356 4528
3985 4529
760 4530
3439 4531
1923 4532
876 4533
1466 4534
4514 4535
784 4536
4339 4537
747 4538
2913 4539
253 4540
2297 4541
2533 4542
264 4543
2179 4544
584 4545
2626 4546
1217 4547
3455 4548
859 4549
3926 4550
189 4551
963 4552
935 4553
3151 4554
3062 4555
760 4556
751 4557
230 4558
2370 4559
3121 4560
1299 4561
106 4562
832 4563
2949 4564
3135 4565
4452 4566
2910 4567
2396 4568
1176 4569
1188 4570
2176 4571
300 4572
3577 4573
2286 4574
266 4575
398 4576
325 4577
3702 4578
2506 4579
2694 4580
3939 4581
192 4582
3706 4583
1605 4584
4269 4585
3196 4586
4246 4587
893 4588
391 4589
1174 4590
4276 4591
2066 4592
118 4593
3833 4594
160 4595
2276 4596
2396 4597
2313 4598
131 4599
1066 4600
2491 4601
3902 4602
1211 4603
721 4604
291 4605
2021 4606
4020 4607
1351 4608
1638 4609
3921 4610
2105 4611
1304 4612
4400 4613
1923 4614
4595 4615
1332 4616
529 4617
3631 4618
263 4619
798 4620
945 4621
1984 4622
953 4623
3012 4624
4434 4625
2169 4626
3506 4627
3150 4628
763 4629
3640 4630
1480 4631
4275 4632
4444 4633
1246 4634
2018 4635
2194 4636
3574 4637
3308 4638
711 4639
4264 4640
3078 4641
450 4642
3411 4643
1777 4644
3373 4645
913 4646
3672 4647
689 4648
13 4649
2014 4650
344 4651
2165 4652
4315 4653
3866 4654
2858 4655
2991 4656
4080 4657
4055 4658
2519 4659
2958 4660
972 4661
827 4662
801 4663
3347 4664
3648 4665
1273 4666
1407 4667
495 4668
4381 4669
4117 4670
3157 4671
166 4672
3709 4673
551 4674
4175 4675
3707 4676
3591 4677
3791 4678
2664 4679
317 4680
615 4681
4068 4682
4091 4683
2503 4684
2425 4685
3042 4686
275 4687
1985 4688
2053 4689
1551 4690
4021 4691
196 4692
437 4693
2480 4694
2899 4695
3214 4696
1402 4697
1969 4698
736 4699
1741 4700
2413 4701
3880 4702
1903 4703
3857 4704
3430 4705
1564 4706
215 4707
4156 4708
1352 4709
3356 4710
3865 4711
4541 4712
1602 4713
569 4714
515 4715
4353 4716
2250 4717
3347 4718
3098 4719
3452 4720
354 4721
1723 4722
838 4723
2266 4724
4709 4725
633 4726
2645 4727
1934 4728
2376 4729
3261 4730
828 4731
739 4732
4048 4733
1830 4734
1223 4735
1791 4736
3329 4737
3215 4738
1541 4739
3520 4740
815 4741
3551 4742
3829 4743
3028 4744
794 4745
3160 4746
1958 4747
2718 4748
4594 4749
4094 4750
908 4751
4722 4752
2665 4753
4105 4754
2401 4755
2942 4756
3910 4757
930 4758
1117 4759
4655 4760
2131 4761
1704 4762
3618 4763
2722 4764
35 4765
4325 4766
388 4767
4212 4768
3423 4769
4151 4770
1921 4771
2960 4772
3712 4773
752 4774
2929 4775
2397 4776
2168 4777
550 4778
2016 4779
1194 4780
3339 4781
353 4782
4706 4783
501 4784
415 4785
970 4786
3396 4787
3081 4788
1952 4789
2289 4790
1153 4791
148 4792
615 4793
3481 4794
2409 4795
2495 4796
1652 4797
782 4798
2521 4799
4158 4800
4131 4801
742 4802
2999 4803
4604 4804
3762 4805
76 4806
2952 4807
3344 4808
2411 4809
3618 4810
3056 4811
28 4812
3597 4813
2888 4814
403 4815
1310 4816
3277 4817
2033 4818
770 4819
1091 4820
2151 4821
2879 4822
1746 4823
2929 4824
2753 4825
1590 4826
2638 4827
4568 4828
3163 4829
4806 4830
198 4831
529 4832
4127 4833
1610 4834
4175 4835
193 4836
3965 4837
2202 4838
2045 4839
851 4840
2899 4841
2684 4842
158 4843
418 4844
1188 4845
271 4846
404 4847
4755 4848
3324 4849
462 4850
1677 4851
3748 4852
3347 4853
362 4854
4618 4855
521 4856
3198 4857
2264 4858
2974 4859
3612 4860
4784 4861
3830 4862
780 4863
4477 4864
1108 4865
3276 4866
4608 4867
3934 4868
71 4869
3905 4870
3336 4871
4156 4872
4011 4873
4556 4874
1789 4875
2697 4876
334 4877
1693 4878
4635 4879
4215 4880
1930 4881
449 4882
283 4883
2157 4884
1755 4885
4265 4886
1536 4887
72 4888
3465 4889
388 4890
3878 4891
624 4892
2802 4893
2487 4894
2185 4895
1956 4896
3876 4897
4665 4898
2088 4899
4551 4900
1692 4901
1514 4902
4325 4903
1578 4904
3136 4905
2874 4906
3050 4907
2257 4908
1045 4909
699 4910
1410 4911
4843 4912
4772 4913
2840 4914
1184 4915
1123 4916
1713 4917
355 4918
2409 4919
2909 4920
4905 4921
4035 4922
4085 4923
1301 4924
4709 4925
1883 4926
961 4927
4639 4928
1949 4929
1781 4930
346 4931
3851 4932
4893 4933
3442 4934
2764 4935
1417 4936
845 4937
853 4938
3289 4939
3481 4940
4783 4941
4221 4942
4183 4943
1190 4944
1797 4945
2355 4946
3231 4947
1336 4948
3567 4949
4726 4950
2269 4951
3667 4952
4275 4953
4788 4954
3450 4955
4231 4956
2932 4957
4891 4958
1527 4959
3180 4960
1907 4961
3934 4962
3693 4963
3777 4964
2827 4965
1198 4966
3807 4967
2683 4968
2858 4969
1420 4970
2335 4971
1256 4972
1438 4973
3444 4974
973 4975
1568 4976
2586 4977
3749 4978
4789 4979
51 4980
717 4981
808 4982
802 4983
3111 4984
3009 4985
2461 4986
3620 4987
796 4988
202 4989
3177 4990
4648 4991
647 4992
1241 4993
704 4994
3966 4995
2838 4996
2719 4997
3585 4998
3606 4999
4822 5000
