20
63 311 248 74 399 72 18 171 181 317 158 331 377 20 376 40 213 245 179 201
224 69 133 116 277 254 50 288 212 250 246 94 273 79 127 159 114 307 76 193
378 302 141 88 220 124 207 44 313 383 140 49 242 221 225 348 39 280 48 203
336 13 142 275 216 375 295 262 211 172 8 235 270 4 148 251 345 175 154 321
86 62 291 362 368 298 335 75 390 5 359 332 192 349 257 61 167 47 356 312
143 98 146 306 104 54 389 286 186 10 84 184 305 185 334 156 152 337 318 223
52 303 309 25 176 177 239 90 80 139 382 258 274 388 6 387 15 344 264 384
381 229 57 65 42 188 371 352 166 155 209 267 41 1 266 323 374 204 281 282
341 17 150 12 366 173 187 157 97 271 394 367 319 316 115 56 113 278 145 118
160 2 365 240 249 102 265 151 109 7 85 117 32 322 205 256 22 222 227 259
218 77 343 261 55 276 373 285 197 108 81 37 92 24 66 153 386 395 91 232
147 234 244 342 208 296 135 89 162 45 83 137 110 325 165 111 144 163 347 364
128 107 73 328 379 226 210 34 380 297 182 21 121 93 68 82 29 99 215 67
125 194 299 217 71 138 241 370 43 190 170 219 236 260 31 16 228 237 19 174
35 231 398 340 396 169 178 199 361 87 164 195 168 372 290 354 196 214 191 330
230 392 279 363 3 358 95 131 233 200 284 353 350 60 30 132 301 255 268 27
189 272 308 346 96 58 385 134 304 53 123 369 202 338 206 100 130 78 393 122
300 106 289 315 120 293 198 238 333 103 320 119 294 161 243 9 351 326 149 247
329 33 324 183 397 263 14 180 357 252 112 23 126 101 70 51 253 136 310 327
355 26 38 360 269 292 287 46 64 0 59 11 339 105 36 314 283 129 391 28
