20
316 69 244 196 179 233 98 299 36 136 324 185 13 392 287 268 282 301 132 269
9 322 271 384 230 263 187 56 313 203 92 27 141 14 373 191 143 237 49 4
113 305 44 93 349 43 378 284 251 334 152 351 12 174 109 53 151 169 111 95
125 83 216 72 266 356 214 3 376 1 165 103 213 29 25 128 297 363 372 82
195 362 21 88 239 279 200 61 399 346 391 2 277 70 278 166 211 63 86 327
364 366 18 390 387 396 58 193 74 250 60 121 80 188 274 352 310 365 247 314
101 223 319 184 249 194 285 357 206 144 107 225 137 149 393 242 395 131 397 65
294 50 224 258 321 38 210 380 68 336 333 102 87 386 100 163 160 156 94 374
202 32 198 318 89 24 147 39 15 8 259 260 286 48 181 332 171 339 37 369
383 57 76 154 78 192 186 290 227 243 218 120 139 350 325 345 201 167 79 235
385 162 262 256 67 379 212 19 108 73 135 361 46 246 127 161 41 105 104 358
375 253 232 176 146 117 168 229 368 265 64 217 130 35 388 360 10 90 300 255
275 5 99 42 367 208 138 272 226 234 264 124 303 97 240 159 114 96 75 91
292 228 330 342 199 219 273 45 7 312 115 323 231 26 328 377 170 389 257 343
252 355 329 133 33 71 34 183 157 23 22 153 382 119 207 222 347 291 241 110
54 118 148 106 295 308 172 81 197 353 320 280 304 267 126 354 30 17 123 337
62 85 190 335 129 331 359 344 134 31 66 142 348 276 11 140 221 0 341 112
309 40 307 326 122 315 116 209 236 204 317 51 84 261 311 338 248 55 59 281
173 398 158 180 306 47 177 394 283 6 238 178 28 52 150 371 220 215 164 175
302 205 298 77 189 288 16 293 182 289 155 370 296 381 270 254 20 145 340 245
