20
312 317 336 144 262 157 198 99 252 269 318 224 297 149 392 119 100 196 98 203
195 243 291 279 256 101 141 58 260 374 153 145 349 28 187 89 357 353 94 158
129 326 112 303 95 334 161 329 40 277 371 383 115 257 304 234 142 363 337 259
225 110 298 178 302 339 104 79 376 59 273 60 373 197 328 276 359 88 244 352
172 308 206 165 306 331 230 146 296 105 57 102 26 81 396 143 215 31 368 125
255 167 137 272 382 176 208 249 387 235 301 132 181 19 85 117 281 282 166 84
227 135 263 61 381 307 333 21 164 163 32 292 56 83 232 314 268 118 319 106
25 15 223 340 91 51 34 131 211 204 5 39 242 93 6 395 75 325 274 205
315 24 320 76 170 322 122 391 237 201 1 266 174 377 267 108 251 130 313 77
87 332 29 18 245 264 213 210 173 365 185 362 390 186 13 123 156 388 207 113
372 162 47 78 190 37 171 305 342 50 321 348 193 241 107 323 386 63 41 160
233 385 74 14 361 261 370 199 154 254 369 68 214 120 248 350 52 168 72 335
344 294 358 38 189 82 155 238 139 239 121 347 346 45 258 194 7 179 92 48
378 300 286 65 191 293 183 355 285 62 280 275 311 360 295 209 384 327 216 16
397 109 30 219 46 111 73 147 22 159 133 66 12 375 97 53 200 271 236 221
128 175 136 343 218 114 310 212 345 229 184 17 231 138 36 240 367 380 180 284
192 96 80 140 324 151 71 3 364 341 356 288 389 49 20 330 42 226 217 134
283 44 90 69 354 126 103 290 9 150 124 0 169 398 247 177 86 299 366 394
67 8 35 55 316 70 270 287 116 2 188 202 33 4 148 393 127 278 351 10
27 43 182 309 379 246 253 338 64 11 54 289 23 250 152 399 228 265 222 220
