20
344 4 192 85 142 229 187 5 322 380 181 212 177 100 122 287 384 231 44 204
169 20 120 313 328 172 134 12 265 118 221 10 225 343 292 72 282 269 324 300
95 315 171 66 124 365 272 167 325 333 94 183 19 220 275 162 369 293 339 392
160 372 87 261 234 23 71 21 51 109 376 224 214 248 258 111 49 216 356 390
102 342 43 30 152 138 257 353 141 155 323 331 55 156 165 206 284 164 195 39
262 358 3 222 211 215 335 33 139 320 74 42 236 259 114 53 226 383 295 67
154 2 60 260 198 354 182 242 267 345 209 375 107 366 303 310 98 330 277 140
193 121 210 1 137 189 347 271 7 40 373 132 46 219 115 319 163 135 363 255
386 228 70 197 230 286 357 256 29 131 75 0 128 54 65 266 79 9 241 389
6 106 235 279 68 264 62 263 297 104 78 119 317 32 280 385 202 194 91 157
13 173 289 276 146 254 145 81 34 31 207 332 41 63 246 278 101 16 86 113
304 268 285 334 213 239 394 205 52 350 227 15 143 397 199 80 56 393 370 398
88 190 382 90 291 245 308 130 108 149 17 116 283 61 309 203 355 240 99 352
36 348 249 340 305 367 270 92 395 374 59 299 133 64 341 329 37 105 50 153
346 387 232 179 298 170 151 238 178 69 321 388 144 112 176 307 311 123 377 22
368 175 361 327 127 110 318 48 399 274 360 349 191 316 247 208 38 359 18 217
129 77 25 45 252 184 96 27 76 11 294 147 103 306 281 125 148 326 8 159
35 57 391 379 185 336 26 186 158 273 89 47 371 218 174 381 161 14 150 337
82 378 84 180 28 93 362 253 24 97 314 168 126 136 58 83 302 188 166 288
223 338 233 296 201 251 117 312 244 301 73 364 237 290 200 351 396 196 243 250
