20
349 76 113 239 371 18 173 321 276 69 64 16 226 299 191 359 302 188 275 353
195 46 142 4 267 218 27 269 307 183 47 143 50 38 360 253 23 68 288 104
182 221 390 31 313 361 135 177 228 223 185 333 49 79 326 171 292 261 187 44
328 224 115 246 254 396 263 337 237 85 117 131 8 266 260 153 278 258 19 315
53 308 136 207 271 286 101 398 193 78 262 96 51 126 134 383 204 327 291 2
157 132 75 192 281 335 236 158 397 370 22 146 273 133 235 279 184 341 156 295
392 40 42 138 252 301 376 125 77 129 9 106 347 99 215 378 358 343 45 386
100 110 264 209 180 375 243 277 111 217 168 155 294 382 344 259 362 35 118 342
319 60 323 92 250 112 293 34 87 225 350 280 340 63 384 165 219 364 257 80
15 287 140 56 189 206 128 89 30 213 245 311 74 48 144 54 94 149 314 107
73 374 227 167 270 61 139 303 55 316 33 381 331 306 70 393 161 210 7 102
297 176 120 52 172 17 249 230 24 186 169 329 86 41 20 296 103 123 29 320
380 265 289 164 0 84 290 148 147 43 159 58 25 379 214 62 124 363 194 21
141 201 274 28 354 255 11 388 72 5 88 160 212 367 105 36 385 127 312 348
366 394 71 248 399 170 150 95 6 67 336 179 238 317 338 357 208 283 339 332
387 39 351 369 391 234 197 309 216 310 232 247 373 244 130 240 175 137 10 91
98 81 241 220 1 83 151 346 304 285 199 163 242 365 334 116 108 300 97 14
203 166 305 26 12 90 345 324 272 174 13 200 352 202 109 121 318 322 82 154
229 372 59 298 284 395 330 57 178 65 198 231 325 162 37 152 356 114 368 389
66 377 145 233 268 222 93 119 122 181 32 256 211 251 355 190 282 205 196 3
