20
266 309 290 261 223 198 57 94 20 7 19 13 232 186 273 74 42 180 247 164
369 63 35 50 10 145 93 201 67 206 292 234 95 211 169 382 388 281 294 113
399 230 372 357 99 386 116 29 355 120 26 152 102 348 47 364 378 153 72 389
54 31 69 8 16 385 244 387 371 181 160 337 110 300 366 171 14 204 259 237
311 192 127 349 379 362 196 238 288 213 245 0 347 4 229 264 118 41 149 136
320 205 346 307 37 105 276 214 73 241 397 272 5 278 23 277 295 27 89 246
128 151 58 227 354 318 183 297 342 174 148 119 289 352 370 55 129 1 62 330
224 173 308 188 167 40 191 219 156 76 350 260 328 30 66 71 265 351 64 199
75 293 209 301 391 375 36 257 296 59 83 298 359 254 228 374 329 25 353 6
263 3 46 24 363 2 313 286 256 202 373 235 367 217 34 78 170 103 111 138
15 107 356 185 159 32 172 108 220 322 126 317 218 146 182 368 310 323 287 144
333 221 147 302 268 303 109 365 48 282 68 200 162 53 101 177 45 305 165 358
179 262 178 376 98 189 280 79 28 84 239 361 190 324 87 285 168 134 207 393
304 343 132 175 396 122 306 334 121 341 381 60 141 250 243 360 17 143 114 384
325 236 208 125 331 39 154 195 137 22 65 326 49 380 38 327 270 394 131 335
316 130 312 231 157 225 133 92 155 187 140 176 139 86 395 90 222 80 117 91
291 104 251 249 255 398 51 88 44 345 135 344 336 314 216 215 283 70 226 11
340 339 97 163 319 82 123 299 184 242 315 193 12 274 166 21 96 18 197 267
142 377 390 210 253 115 85 233 56 112 77 158 194 81 100 252 279 124 203 43
248 33 338 106 392 240 383 271 269 321 258 275 161 150 52 284 212 332 9 61
