20
250 62 196 59 83 291 130 324 102 377 307 171 10 281 86 335 128 361 368 397
235 356 44 303 133 338 80 236 33 117 29 193 159 319 56 191 214 231 256 168
57 23 357 328 105 261 238 350 174 270 265 385 190 344 2 388 123 387 77 65
108 42 41 200 228 240 87 109 353 260 384 120 34 394 154 329 340 355 237 81
393 180 100 101 93 203 27 341 371 367 40 358 91 360 127 396 189 374 375 399
325 380 118 192 267 204 131 112 288 4 301 25 144 390 392 297 6 30 46 285
271 225 221 252 5 222 305 386 13 24 147 362 166 343 251 143 145 150 286 275
283 322 339 186 47 183 391 0 1 139 173 217 337 49 274 310 88 332 79 234
295 61 124 296 95 98 75 110 369 116 351 247 206 60 347 284 176 359 90 373
345 194 249 43 7 155 68 9 28 300 227 223 389 382 333 121 313 89 218 96
15 254 278 72 224 215 31 67 318 262 70 20 379 78 85 378 289 229 210 220
64 104 69 269 32 148 167 156 51 323 201 22 17 202 58 76 161 309 21 149
264 348 71 157 114 259 172 119 115 233 73 163 26 55 370 364 243 92 366 365
239 257 169 266 253 263 302 363 179 287 152 306 312 107 292 74 36 142 151 106
376 136 381 242 84 35 320 129 294 346 395 219 52 113 342 158 349 138 255 272
314 290 188 372 268 326 330 37 16 199 230 316 198 103 54 277 18 134 8 195
315 50 122 177 63 336 383 38 246 279 311 258 165 232 146 398 45 212 141 53
244 273 331 205 178 293 280 140 162 48 164 299 352 207 187 184 126 211 170 248
99 12 66 14 137 216 321 213 197 181 308 19 226 304 282 354 111 125 135 132
208 334 241 185 209 182 276 82 317 94 153 39 245 298 175 97 11 327 3 160
