20
320 369 64 105 304 256 346 151 5 115 11 361 36 159 162 166 6 328 199 169
109 302 122 27 144 196 228 31 136 371 336 311 396 397 147 132 164 170 211 134
332 221 65 118 2 254 297 68 193 21 119 322 175 86 181 179 274 293 143 291
389 176 225 374 72 79 278 334 241 34 271 308 60 10 158 173 154 238 310 124
321 246 260 51 376 301 213 57 386 14 165 70 232 191 391 50 156 338 210 284
324 267 286 333 364 393 303 48 315 138 133 149 264 47 227 128 307 283 92 257
53 342 305 145 347 392 343 102 121 206 358 107 130 313 220 366 178 235 24 340
141 90 112 258 331 353 172 282 281 198 41 319 231 280 73 20 348 337 363 194
354 0 42 58 95 88 349 77 56 25 215 117 377 26 188 208 224 207 214 212
399 244 28 395 44 185 268 81 263 345 209 318 276 251 398 314 123 177 323 75
4 330 155 370 114 129 219 223 266 388 367 294 269 351 171 39 279 290 127 108
18 146 352 37 382 299 104 101 153 62 135 359 339 250 110 54 344 226 372 326
275 296 100 33 76 350 17 272 252 1 113 298 49 261 161 63 357 71 289 103
93 9 295 218 394 30 174 316 125 157 329 242 197 66 111 205 98 23 222 383
89 16 216 78 7 163 379 381 259 306 387 237 116 45 152 384 148 12 368 32
189 300 356 239 287 167 248 273 341 270 375 69 204 255 245 13 355 187 365 74
120 390 168 229 87 236 19 195 43 335 186 234 378 61 85 192 325 249 183 38
84 201 217 385 67 184 40 265 99 59 126 317 83 80 292 327 15 139 150 3
29 200 240 82 182 285 180 91 312 160 309 140 262 373 380 131 52 106 243 288
360 22 253 203 8 247 137 97 277 55 142 35 362 190 230 233 46 96 94 202
