20
94 165 311 27 361 367 281 388 195 99 210 228 303 177 289 380 50 174 314 337
267 251 201 81 327 69 175 48 264 145 344 335 338 241 52 131 203 393 247 9
22 112 216 291 326 138 382 208 45 313 300 170 309 292 34 399 245 74 181 142
328 315 78 83 187 163 202 84 372 218 301 167 93 72 318 155 89 295 105 3
2 176 16 296 263 56 271 352 137 98 274 213 86 246 189 158 73 5 333 389
244 346 353 366 18 254 111 53 297 396 239 20 61 183 332 294 286 8 194 124
67 30 348 293 341 260 96 14 127 221 25 371 334 319 298 383 32 60 140 29
31 125 369 101 68 310 205 59 269 252 190 28 268 279 272 65 128 398 172 90
255 164 122 159 331 342 63 12 325 58 206 107 91 362 299 82 186 290 144 390
178 88 147 10 173 345 378 121 330 354 374 235 148 262 284 258 265 304 250 118
280 179 108 156 227 305 102 149 219 130 160 26 199 377 275 41 169 119 384 323
329 209 11 392 375 66 43 44 116 306 115 249 350 80 257 321 312 132 39 358
355 185 343 13 193 242 386 180 57 385 336 123 62 171 133 141 285 225 196 51
198 379 95 200 1 236 162 232 363 92 220 23 395 38 357 33 308 146 24 7
168 278 152 376 110 349 79 126 87 120 182 302 256 360 40 317 215 287 157 226
77 161 117 387 153 184 0 364 36 230 238 47 6 359 114 166 129 197 370 320
136 217 394 113 381 233 307 4 212 35 391 261 368 259 97 224 71 282 134 277
316 211 207 397 231 104 192 15 223 270 191 100 340 55 276 322 150 283 106 222
54 37 135 139 373 19 266 234 70 42 339 188 75 365 237 17 154 248 46 288
240 243 21 351 214 64 85 151 109 356 347 273 143 49 229 253 324 103 204 76
