20
178 215 210 197 165 225 239 128 23 395 352 19 164 98 387 21 127 108 126 200
27 131 278 371 145 173 390 304 320 311 204 269 313 182 216 374 360 358 285 249
279 120 171 376 190 155 153 12 156 25 140 70 268 270 134 339 181 133 73 8
49 199 143 398 16 35 5 129 235 147 324 262 28 389 196 349 343 130 368 388
185 247 177 322 6 357 328 61 312 162 38 111 206 208 378 232 30 329 331 309
226 67 203 148 116 11 205 26 253 160 242 342 365 264 332 146 351 287 383 36
272 187 117 124 333 51 282 233 132 202 191 64 244 52 115 1 47 323 96 217
192 361 380 89 46 123 348 31 149 266 43 314 112 207 211 301 125 252 220 384
92 283 71 84 281 188 316 212 63 335 137 15 260 29 201 166 161 121 305 78
107 391 248 55 259 306 106 14 355 276 150 289 396 286 330 318 65 17 265 119
275 370 337 34 317 273 75 168 280 100 82 45 363 347 93 229 230 44 367 397
293 250 234 213 57 356 308 99 340 169 186 141 184 142 218 294 32 297 344 151
41 359 80 69 105 154 251 288 135 267 139 50 372 221 48 277 159 56 373 4
257 241 76 170 90 382 338 172 334 136 88 24 53 290 307 214 157 298 110 94
66 101 158 325 10 350 300 9 87 227 180 60 237 91 240 219 37 379 261 113
174 263 167 243 18 58 362 299 13 40 118 20 369 254 209 223 104 42 85 97
95 179 198 292 189 256 319 345 195 353 327 228 385 62 68 79 274 194 245 326
86 258 2 183 122 7 346 366 291 377 33 271 393 103 74 81 302 315 193 222
310 236 114 59 341 375 102 72 39 3 296 381 83 54 22 238 152 224 392 176
303 364 336 386 246 255 144 295 284 138 394 163 321 0 399 354 175 77 231 109
