20
41 193 326 210 90 44 114 359 265 254 315 84 85 166 92 26 311 134 282 187
351 241 96 123 231 10 30 381 396 212 121 130 346 304 288 139 369 364 321 148
184 111 227 386 149 31 28 13 98 51 208 64 15 138 112 345 290 260 398 285
188 365 239 347 177 58 99 128 59 390 230 314 379 79 253 275 201 194 358 349
65 0 271 20 78 272 301 266 162 291 258 19 37 251 395 303 141 236 186 43
249 57 206 179 310 313 348 50 297 21 330 317 97 245 73 320 38 262 198 237
214 286 211 331 118 225 375 67 136 215 277 116 165 108 204 70 54 109 22 68
175 126 388 133 319 106 263 160 11 75 222 374 299 268 91 294 293 356 306 33
274 226 224 337 295 170 173 238 200 340 318 207 143 189 256 24 287 87 302 338
83 172 377 180 154 2 158 308 221 202 327 399 332 144 312 247 113 229 102 152
159 219 164 36 125 259 244 368 156 240 378 140 385 279 14 77 270 213 52 100
199 242 292 129 107 150 82 195 132 147 146 394 324 329 305 383 335 257 1 384
354 352 135 376 307 342 333 174 350 264 63 289 60 276 6 284 161 131 261 216
103 167 76 7 48 5 278 101 273 25 3 357 169 53 209 17 163 18 248 72
124 46 142 93 191 234 392 391 81 69 300 105 8 397 371 4 74 344 80 181
153 339 62 16 232 334 155 223 373 137 122 66 382 220 12 269 151 29 157 35
39 95 94 360 246 47 228 196 250 243 233 389 185 171 86 252 190 366 362 322
309 387 89 280 115 178 328 61 283 42 45 49 9 255 323 372 168 27 235 393
55 197 192 380 316 56 32 325 145 203 34 218 217 117 40 183 119 267 205 355
298 336 182 296 353 71 104 176 361 363 23 127 281 343 341 110 367 370 88 120
