20
187 308 110 381 87 285 256 317 183 18 303 24 344 241 90 162 68 109 73 250
312 283 45 319 140 359 61 214 57 51 356 334 280 27 149 281 363 26 371 9
352 163 253 364 210 331 309 269 1 41 134 38 284 255 63 377 172 207 288 182
252 48 44 266 32 112 314 35 227 75 43 369 350 0 7 191 399 147 262 348
380 74 157 248 301 72 127 37 361 395 171 304 107 88 313 247 126 188 329 176
279 287 372 229 105 233 58 98 382 219 392 65 55 116 273 6 328 77 145 139
25 200 16 263 118 129 197 225 231 148 351 202 251 323 121 389 240 156 170 2
66 379 146 249 353 393 203 79 306 67 226 271 133 50 114 322 218 264 300 276
122 205 100 337 232 345 99 341 366 143 138 97 123 166 195 338 316 339 135 343
307 196 23 5 40 244 177 4 224 234 59 152 204 103 374 237 179 141 96 220
53 355 362 168 12 254 137 230 29 42 297 292 340 267 173 158 397 91 349 193
13 56 164 175 211 78 321 354 136 228 325 357 268 36 330 295 113 19 190 265
376 367 294 21 327 142 62 28 336 184 83 332 298 160 270 391 186 310 333 64
201 15 390 165 174 180 194 119 14 93 159 206 335 236 30 291 167 378 49 347
198 47 117 34 394 368 396 215 8 76 385 52 221 80 272 296 128 70 360 17
95 108 85 246 33 235 388 243 150 111 185 151 274 192 257 245 181 10 154 398
89 132 144 106 130 161 101 346 299 242 115 370 208 223 305 199 124 216 326 189
217 94 84 386 69 293 3 31 260 39 71 238 290 259 60 178 104 311 239 278
383 92 81 275 155 131 365 261 102 209 82 289 373 120 46 324 342 387 212 384
20 320 54 213 153 375 22 222 315 169 302 125 258 282 358 286 86 277 318 11
