20
290 187 41 287 216 38 175 306 125 237 78 90 150 68 221 393 58 143 100 170
369 168 62 211 385 0 29 241 275 262 294 245 321 305 31 185 23 214 298 120
372 115 364 9 79 92 42 140 296 328 363 251 225 84 194 39 383 386 234 164
142 67 183 119 151 228 309 163 352 354 107 6 295 259 15 381 73 123 297 232
236 339 258 110 320 374 355 377 267 303 212 376 351 126 333 356 327 210 35 263
389 282 181 129 347 242 106 34 387 378 95 131 146 97 300 63 329 49 348 379
371 176 238 173 353 218 302 81 205 208 14 113 192 108 32 384 284 160 291 71
98 191 286 370 26 182 197 174 375 133 280 36 17 231 358 43 350 118 260 195
167 199 285 114 399 240 336 96 102 204 48 30 74 315 397 226 324 152 304 272
283 2 46 21 337 330 200 255 158 85 64 273 69 105 288 308 307 392 162 141
3 368 82 196 193 319 366 75 20 279 382 365 93 217 222 11 265 70 334 161
61 318 223 50 266 172 340 380 56 396 246 202 139 99 18 4 341 121 299 83
190 180 268 128 360 359 134 136 72 86 104 391 270 188 94 116 293 47 362 149
277 331 169 91 33 254 388 243 130 233 357 189 373 276 252 274 390 209 137 88
322 332 323 184 316 109 394 326 344 57 361 10 313 215 398 55 213 203 5 269
13 349 244 37 224 235 66 289 132 76 314 256 44 138 201 367 165 8 144 27
65 281 135 53 52 40 80 186 154 178 227 171 54 25 253 220 127 230 155 317
311 345 338 51 278 148 219 198 122 157 312 101 124 229 343 179 22 325 301 12
1 147 89 342 153 248 77 7 271 206 112 60 166 103 346 395 159 264 145 59
87 28 117 239 207 257 247 177 249 292 310 24 19 261 111 250 335 45 156 16
