20
168 370 29 130 309 265 132 243 305 354 86 341 333 24 380 95 64 4 367 90
190 228 104 364 97 17 171 53 81 262 229 308 279 225 15 73 69 220 2 143
387 56 372 60 230 131 267 33 172 248 180 23 236 306 70 136 325 77 49 365
119 106 320 398 145 160 189 47 18 35 280 67 240 302 110 177 296 30 301 194
156 315 188 72 84 336 48 178 57 253 247 14 157 197 349 167 21 352 213 37
214 58 252 175 369 368 282 263 241 52 82 338 342 283 270 210 42 150 9 158
321 129 6 361 107 337 313 71 242 245 19 363 20 294 45 277 198 94 85 16
295 103 182 355 386 304 332 299 271 238 65 235 87 385 51 113 89 8 207 366
345 382 174 117 221 185 128 121 162 169 7 59 38 202 288 140 300 251 139 133
112 344 138 259 206 231 260 359 324 211 36 312 22 114 334 289 329 76 43 0
388 256 68 376 383 187 318 219 316 278 88 108 98 120 281 390 209 109 201 335
394 142 184 285 115 159 63 31 195 200 287 147 223 274 347 291 13 92 377 340
203 323 164 286 293 249 124 327 257 234 374 392 44 358 378 154 395 303 218 122
61 166 100 298 348 310 275 227 357 99 41 264 165 1 40 343 186 269 50 75
322 276 10 123 78 34 39 244 12 292 127 297 5 314 196 273 379 134 328 339
216 170 317 389 284 26 118 116 11 144 371 101 148 192 181 268 27 105 163 191
350 193 246 176 93 54 356 226 353 46 224 212 161 326 399 208 205 151 239 215
126 3 173 346 146 255 91 272 319 397 183 153 149 137 28 222 83 384 55 111
258 135 330 307 141 233 32 373 290 62 74 362 360 391 261 311 266 237 179 331
254 96 204 375 102 80 351 396 381 152 250 232 66 199 393 79 125 25 155 217
