20
362 159 107 26 200 172 109 287 355 103 111 239 324 391 258 195 389 304 193 50
52 194 201 96 89 151 330 359 178 370 335 360 347 40 190 99 90 122 30 19
292 312 357 120 215 204 373 171 36 156 363 147 397 68 380 177 104 163 311 85
297 307 343 203 372 47 51 228 207 399 291 229 12 392 112 214 211 43 123 82
153 250 318 390 88 277 126 166 284 319 110 352 191 381 385 98 101 342 339 279
188 220 55 42 321 83 4 253 263 338 57 95 278 245 351 143 219 6 298 29
21 185 41 139 354 366 86 144 142 27 268 276 369 87 114 244 315 7 79 148
331 350 38 154 269 205 162 241 106 345 164 317 289 197 234 46 157 62 212 37
386 11 196 176 70 184 323 224 167 78 198 222 5 33 226 127 233 170 382 121
134 267 69 388 135 384 225 346 15 396 183 75 303 320 259 137 28 76 136 56
272 181 168 124 257 328 329 230 275 58 252 13 235 149 199 300 327 34 116 49
314 216 246 325 2 174 105 209 326 236 66 322 302 158 232 20 213 31 288 379
16 270 117 294 361 77 22 169 73 84 210 309 8 280 371 145 23 189 32 358
262 316 308 274 378 394 237 310 44 340 80 182 265 264 150 192 217 133 72 35
249 296 125 128 266 108 186 254 10 223 364 271 365 61 231 119 376 97 140 256
286 247 334 260 344 165 138 387 64 1 25 187 115 313 24 74 152 261 60 63
141 131 113 251 395 202 65 14 293 39 353 48 368 375 71 93 18 285 377 59
337 146 398 273 179 91 305 221 0 218 155 282 180 240 290 100 333 238 92 301
94 17 306 160 283 383 53 295 336 67 130 248 81 9 227 281 349 348 242 332
243 341 102 132 255 206 299 356 393 45 367 173 118 175 161 374 208 54 3 129
