20
380 281 77 105 192 347 123 370 70 81 6 305 360 126 306 51 326 244 363 301
346 53 304 2 50 15 258 398 153 199 120 219 221 191 150 13 1 324 97 375
80 158 125 119 83 52 303 76 356 262 279 169 391 214 267 114 290 229 151 312
289 112 247 168 237 172 115 57 236 23 266 94 140 203 17 41 223 110 99 371
389 202 34 87 259 59 379 255 127 292 20 268 208 138 365 65 272 318 231 19
359 118 315 270 61 155 257 386 254 89 92 286 261 332 67 109 164 220 121 8
46 216 313 7 62 161 260 337 116 291 102 107 159 14 128 361 309 210 230 175
378 297 331 60 79 49 397 106 170 4 178 249 395 225 316 277 129 45 238 179
374 253 31 195 93 207 103 145 198 334 35 204 141 82 205 143 24 200 273 328
280 317 66 367 0 340 26 72 3 96 352 171 242 243 180 101 338 233 135 399
91 36 144 132 74 364 88 311 182 287 392 63 284 73 152 209 250 173 183 224
21 366 30 387 206 16 213 11 38 44 248 43 357 163 302 344 307 240 285 330
160 25 122 372 227 293 217 246 147 134 58 131 383 47 55 98 271 321 288 54
188 333 78 310 176 349 71 381 241 194 5 382 27 85 184 351 358 32 282 384
130 133 12 350 104 393 139 228 189 197 113 278 226 390 165 9 329 22 187 149
177 215 39 323 157 239 341 196 274 300 211 84 353 335 190 322 251 245 28 275
234 314 298 69 325 201 154 355 156 377 75 283 368 369 136 56 308 108 396 90
42 269 186 348 124 167 218 10 193 142 294 222 354 100 174 339 276 162 64 320
345 336 264 95 388 265 232 111 385 33 327 48 263 146 376 252 166 185 394 181
256 235 373 296 319 342 212 148 343 86 117 29 299 362 68 137 37 18 295 40
