20
0 252 271 339 58 173 399 327 70 387 128 195 82 349 104 107 352 150 6 257
317 311 392 338 167 211 124 244 21 209 250 265 233 278 47 153 5 288 281 27
165 129 101 212 225 365 164 267 39 127 139 360 116 340 102 2 14 396 41 334
4 205 140 293 397 305 54 287 379 145 84 398 247 378 266 183 296 337 361 69
391 135 121 49 372 382 90 34 190 168 194 53 260 390 198 115 229 137 96 235
226 138 377 380 318 88 223 315 120 63 59 259 148 255 37 52 261 16 7 35
359 158 345 83 202 343 217 292 277 283 362 319 201 176 206 188 395 181 279 232
270 50 381 24 197 215 31 246 253 98 22 144 383 180 218 179 170 42 61 109
36 1 62 159 65 155 163 227 28 386 175 228 161 100 199 241 141 186 275 110
330 280 13 68 210 371 341 313 32 80 306 269 213 89 268 60 178 154 51 130
239 149 132 357 136 249 73 219 81 384 332 356 157 208 238 106 189 364 112 236
17 64 300 105 45 307 91 285 366 103 282 93 97 146 350 23 172 276 177 335
290 304 310 214 126 369 394 19 374 326 57 38 113 122 388 363 200 12 393 308
234 284 71 358 46 171 272 187 262 375 204 321 344 95 15 147 133 347 231 342
48 346 134 264 329 389 320 314 152 289 303 367 256 66 294 142 216 9 33 207
26 203 299 251 298 185 248 354 184 67 370 174 348 76 263 8 237 166 29 40
325 254 385 351 316 322 331 302 291 44 242 43 221 10 99 18 240 151 353 373
301 182 295 87 78 160 191 368 222 117 324 20 123 376 328 118 230 114 55 125
243 3 286 333 108 79 156 72 220 309 336 312 162 355 274 111 75 92 86 56
224 196 323 169 297 11 131 258 25 192 119 77 143 74 245 273 193 94 30 85
