20
341 380 144 359 331 246 228 351 247 312 166 361 396 63 347 157 381 248 370 170
310 165 109 273 201 189 131 29 148 103 293 219 90 102 84 175 98 319 93 291
74 195 21 391 278 152 68 371 139 35 354 72 323 79 338 357 181 363 4 141
327 281 30 399 277 85 394 241 215 24 137 352 110 369 3 386 264 91 142 313
198 315 11 290 295 118 308 296 269 378 146 353 147 356 120 87 377 184 19 390
89 274 245 9 202 234 211 15 191 40 86 204 133 301 162 125 155 51 292 238
206 123 384 272 193 330 275 220 83 168 39 10 317 190 7 365 235 187 38 325
69 61 305 59 223 283 280 94 60 100 221 282 261 328 350 212 300 121 163 129
188 48 237 367 128 143 379 22 45 44 75 397 345 362 375 259 114 205 57 210
194 358 52 249 252 251 329 31 96 172 16 306 395 229 95 255 268 299 138 67
78 185 376 226 88 294 53 71 8 342 20 56 398 66 183 366 106 388 156 336
258 348 101 208 14 32 382 23 303 18 33 113 333 34 239 254 0 233 216 203
112 309 316 372 58 385 182 179 230 289 171 116 387 107 140 307 117 262 135 70
364 1 115 36 154 92 26 243 224 134 199 111 42 81 178 242 263 217 164 76
145 99 231 130 225 326 260 340 368 270 46 6 267 127 344 392 250 276 28 41
332 161 383 49 180 196 279 160 186 77 151 126 256 236 314 318 311 54 176 240
197 339 5 334 105 12 27 173 104 253 122 192 159 320 285 2 304 374 257 321
265 97 218 47 167 25 149 393 271 124 50 355 64 324 37 214 55 322 349 337
136 297 298 82 244 13 153 346 80 73 200 213 132 302 169 335 222 227 286 43
360 389 119 287 373 288 65 17 174 343 177 108 232 209 62 266 207 158 150 284
