20
74 3 97 244 128 189 1 11 166 162 105 42 57 343 29 241 345 201 383 208
265 6 54 210 138 353 381 344 181 370 246 193 119 151 46 196 127 152 36 359
179 213 82 385 108 328 253 198 194 326 245 380 304 221 250 116 69 18 291 15
185 367 202 16 302 22 27 115 283 275 266 129 251 144 131 172 270 59 346 231
337 141 352 110 133 347 132 364 51 247 200 125 112 278 55 382 299 267 390 147
180 255 188 388 333 222 227 50 294 184 329 28 73 295 305 37 238 117 204 312
44 75 394 300 262 355 357 259 325 136 237 392 203 76 261 62 173 61 130 2
334 118 0 39 395 377 378 102 21 150 167 176 146 160 80 389 386 373 340 197
379 124 228 47 49 9 20 157 217 192 224 71 32 13 177 63 366 322 220 211
369 235 85 48 25 65 361 285 257 96 280 45 360 276 101 284 79 273 313 93
243 183 338 77 274 78 315 186 164 139 297 195 279 86 272 263 83 216 31 156
207 308 287 330 145 40 24 219 67 190 175 223 143 349 58 269 33 168 14 104
111 252 365 327 120 5 298 107 290 399 301 229 205 19 218 226 135 242 191 30
307 182 293 391 341 356 331 397 372 103 368 260 126 371 134 170 320 271 314 230
376 68 277 358 212 387 7 89 374 60 114 306 169 64 335 240 178 165 354 233
38 52 148 375 351 249 289 98 10 43 348 12 100 292 254 239 171 323 99 4
121 95 311 396 142 34 155 215 56 303 163 332 88 363 158 339 153 159 316 187
109 225 264 140 321 122 17 161 154 90 336 209 214 123 41 248 256 319 268 70
106 81 53 281 206 282 72 310 318 288 350 35 91 84 23 232 137 362 174 234
324 286 66 384 296 258 149 236 113 92 87 8 393 309 398 94 342 199 26 317
