20
54 329 30 354 109 81 385 194 159 56 15 57 358 388 198 339 183 78 132 351
380 238 184 373 93 101 257 281 88 392 51 240 364 203 74 112 191 177 298 389
3 137 230 309 121 149 215 209 395 319 104 35 322 261 4 62 7 270 311 133
165 334 381 105 85 64 145 12 325 135 376 369 70 338 201 169 176 79 152 220
155 390 320 370 397 99 100 119 244 16 166 120 58 283 233 260 227 9 234 127
278 164 396 245 212 221 47 60 254 258 275 208 243 341 118 138 83 55 134 136
362 154 52 19 368 273 87 77 374 295 103 274 290 91 231 94 167 398 218 107
131 114 73 342 158 251 384 153 377 129 48 98 303 365 235 394 289 269 113 200
146 111 181 312 148 34 328 28 68 268 307 259 296 31 226 361 141 5 223 143
144 172 139 347 340 160 301 224 86 38 247 324 71 267 222 288 299 239 29 236
157 228 195 95 116 80 285 332 69 18 17 44 232 24 353 386 266 21 130 92
125 213 272 321 102 2 211 170 168 383 241 355 352 271 371 163 252 124 335 263
366 49 262 42 327 360 297 333 207 330 306 237 336 345 185 180 150 142 33 13
123 67 10 37 229 286 337 256 26 293 39 331 314 375 126 199 182 280 343 90
46 179 242 264 108 40 32 284 66 45 162 63 25 72 292 357 96 59 367 53
305 359 206 248 372 279 250 326 317 122 393 6 36 27 0 379 20 204 219 210
192 61 171 255 8 316 189 43 97 382 378 344 318 216 308 356 115 348 147 287
291 193 265 82 23 304 202 190 282 196 323 140 294 246 350 1 346 89 315 313
276 178 214 302 110 14 300 128 391 50 41 175 349 225 205 75 22 187 106 84
399 363 65 151 188 173 253 387 197 310 156 76 174 249 161 277 217 11 186 117
