20
244 204 40 153 304 337 192 207 16 242 211 256 137 385 348 278 284 394 299 309
200 140 363 218 112 160 214 239 76 100 336 365 210 198 393 375 358 220 115 301
64 107 95 339 128 390 205 104 132 52 109 316 114 162 217 178 188 123 8 206
147 39 250 197 152 347 324 282 87 4 276 319 96 389 223 108 356 274 146 328
6 145 155 177 80 191 93 236 111 231 312 48 219 245 179 368 315 49 149 45
325 25 185 85 302 371 181 377 310 252 343 360 264 387 13 5 280 77 91 388
59 361 352 154 110 391 326 54 225 268 298 327 73 142 230 208 174 273 376 344
86 353 272 354 370 53 290 68 167 136 1 163 215 332 138 233 42 92 383 287
67 331 55 267 33 121 99 19 240 82 297 285 9 161 57 97 212 355 139 84
175 199 194 216 226 340 318 308 24 248 238 71 314 366 295 79 346 118 31 158
120 141 294 78 44 228 362 227 350 329 70 338 98 156 143 397 22 151 62 124
28 12 369 2 116 11 251 253 171 209 168 213 173 129 30 378 237 21 270 113
32 234 170 392 322 364 90 176 126 235 133 105 283 47 279 398 81 330 288 203
72 382 293 182 306 164 157 321 169 291 106 74 75 259 333 317 83 35 379 261
89 334 300 166 186 56 373 349 372 275 243 189 292 249 303 63 320 221 262 345
341 18 159 260 94 307 196 342 20 305 289 384 281 395 263 396 127 15 386 184
232 46 34 265 65 119 29 36 135 286 150 122 335 323 254 190 26 144 37 88
222 7 399 266 247 257 202 3 103 277 357 193 125 17 27 195 130 255 380 131
351 269 60 23 165 359 296 229 374 101 66 241 201 69 187 224 102 58 117 172
183 148 367 271 51 311 41 10 50 134 14 43 180 381 0 313 258 61 246 38
