20
85 161 213 147 280 297 143 215 345 41 0 238 68 36 142 93 348 390 83 320
2 254 121 91 247 316 266 273 34 26 255 176 151 140 382 325 163 99 88 194
198 318 392 15 87 268 365 122 106 62 131 240 334 290 187 359 265 229 259 164
190 189 234 317 264 123 144 241 47 314 156 107 157 270 52 301 275 10 285 81
158 376 33 237 134 46 23 262 218 216 6 292 199 369 86 313 162 340 281 150
294 263 120 342 3 287 221 171 396 208 310 104 102 394 57 387 373 323 8 129
381 278 295 245 108 24 69 146 12 361 80 279 145 96 354 399 138 56 170 344
39 298 272 185 63 67 75 188 115 378 286 395 393 242 374 372 168 385 339 303
117 61 89 173 17 375 367 363 76 202 25 358 98 352 214 336 196 95 335 346
326 384 16 116 78 224 11 333 137 267 366 118 304 357 330 109 377 155 200 71
186 193 243 371 239 233 7 260 246 349 386 79 130 282 222 223 201 253 100 44
43 380 305 329 217 111 126 274 18 204 66 30 383 114 207 159 271 232 48 251
311 74 51 50 73 276 153 97 364 368 14 211 306 32 257 65 391 231 212 261
149 250 206 77 219 49 307 355 351 289 84 128 230 5 284 148 110 165 341 103
29 160 360 343 321 252 397 105 139 169 356 192 94 182 205 4 379 113 338 324
226 244 328 332 92 21 64 269 58 124 362 19 312 127 42 296 70 277 177 319
347 20 152 195 181 209 174 136 35 353 82 175 300 183 180 28 53 203 154 184
370 191 133 302 308 291 283 1 389 315 167 112 132 9 60 235 337 172 22 293
38 327 299 225 309 220 197 59 228 40 350 322 135 31 398 331 45 101 72 125
55 13 288 249 119 141 227 166 178 90 179 388 37 248 54 258 256 236 210 27
