20
74 103 1 181 351 35 307 28 390 52 192 75 187 209 55 168 335 381 270 172
6 90 37 198 104 66 159 338 227 58 237 184 148 41 225 60 99 244 18 157
84 179 15 293 312 79 372 161 370 285 267 272 255 30 297 62 325 117 223 164
11 14 368 112 81 287 206 398 385 217 160 199 140 24 2 22 71 256 259 311
97 333 253 278 153 72 321 162 251 216 274 239 300 29 215 344 304 4 269 85
43 68 226 375 313 180 301 294 138 129 125 94 393 23 50 264 232 194 141 143
387 210 136 369 383 175 266 173 364 218 263 245 133 115 54 365 260 341 51 193
32 386 330 271 96 380 190 347 280 242 31 45 80 105 377 134 163 392 243 336
360 276 77 98 327 131 101 207 132 384 186 20 309 399 128 65 34 254 63 59
27 178 78 42 82 229 158 282 320 137 363 107 273 100 73 308 188 238 191 302
70 146 378 388 89 170 44 281 231 116 212 296 108 358 174 340 361 95 220 298
328 48 3 126 233 154 185 83 49 315 204 277 200 0 329 182 290 166 262 317
109 396 350 265 139 346 13 202 305 303 324 332 201 362 167 189 349 323 391 314
87 53 354 149 268 221 122 205 275 316 33 334 19 40 7 76 111 67 295 367
248 91 171 247 235 234 17 284 64 176 374 93 219 292 156 397 261 376 92 395
214 357 249 331 25 208 61 150 123 130 288 147 124 110 279 46 318 16 169 121
145 306 38 257 371 359 353 203 382 152 250 348 289 69 224 379 366 258 8 322
252 291 339 142 127 337 299 155 47 283 394 326 21 36 342 228 56 183 373 9
119 230 241 343 177 211 12 195 88 355 240 120 389 113 345 26 356 135 57 151
236 319 352 144 86 286 39 197 165 222 106 102 196 246 213 310 114 5 118 10
