20
291 287 395 198 206 90 238 94 300 60 167 284 260 208 139 216 119 323 177 230
209 314 107 318 251 134 89 71 324 80 268 49 327 153 123 363 18 48 116 364
322 29 102 266 84 256 246 243 210 207 164 140 136 146 218 244 203 317 88 340
195 257 11 141 359 37 170 97 70 249 335 23 250 44 303 348 36 399 13 334
163 389 337 189 320 274 76 126 145 2 158 101 73 349 124 345 144 186 262 378
193 26 368 376 196 16 248 217 17 352 65 339 391 83 108 7 105 281 387 224
276 178 306 242 380 67 332 50 63 30 155 398 6 272 154 233 200 130 347 131
54 358 375 229 86 338 393 46 232 75 369 397 39 51 273 280 213 295 227 142
279 351 225 147 56 175 92 125 157 148 24 151 62 331 350 40 205 290 180 319
12 235 365 9 1 166 390 109 221 396 377 252 282 302 370 299 333 96 269 310
270 315 239 312 99 373 388 118 21 149 52 372 194 187 308 253 14 307 247 114
43 112 19 172 22 127 57 283 110 392 3 4 362 384 72 64 10 329 328 341
150 104 188 343 87 275 5 162 219 326 38 382 93 199 366 297 176 288 294 192
173 197 357 168 25 374 202 381 313 360 169 106 346 292 143 278 344 212 0 190
226 53 223 156 298 304 68 181 15 214 211 47 271 245 182 111 254 28 386 185
191 179 171 231 32 98 69 379 35 128 77 353 59 236 91 138 296 355 265 74
8 255 215 85 261 137 311 165 354 228 293 152 184 20 394 342 34 129 61 234
325 79 241 33 135 183 220 81 133 201 161 122 264 100 66 286 160 132 277 258
120 305 95 237 222 41 263 58 356 55 385 259 289 27 159 309 78 316 336 82
204 113 240 383 42 367 330 103 174 285 267 321 115 117 45 361 301 31 371 121
