20
137 321 34 25 351 362 372 11 354 274 291 286 125 123 264 79 75 281 117 314
339 333 352 290 24 31 284 361 301 260 128 358 116 235 155 165 224 392 207 158
337 299 383 136 273 106 174 198 68 185 322 232 294 39 396 377 12 327 101 364
196 218 16 262 103 135 336 84 254 256 267 191 253 259 14 375 276 229 35 22
368 356 304 355 33 387 58 95 139 330 205 374 148 250 73 297 367 342 210 248
221 393 141 107 28 233 239 242 182 63 298 225 345 209 382 257 17 288 214 149
167 279 87 163 109 140 247 45 348 324 179 234 102 1 169 88 381 350 359 10
9 20 77 326 112 164 67 82 315 157 296 43 172 219 153 343 111 55 249 252
320 54 278 283 223 72 122 171 385 42 386 121 98 110 105 40 300 272 193 176
363 344 186 145 282 289 26 152 325 2 100 195 161 319 197 160 90 48 30 170
280 241 62 134 70 230 76 270 226 332 231 97 93 0 36 263 302 201 340 228
5 56 243 261 328 395 83 380 240 391 162 74 277 227 369 154 38 181 370 92
168 323 188 285 317 365 113 18 389 397 69 147 51 183 132 150 353 271 199 208
258 246 119 29 399 81 331 194 126 37 245 156 295 15 52 373 85 266 64 357
50 104 338 53 13 347 4 7 108 238 334 390 118 180 189 217 376 398 57 316
360 303 32 173 236 379 142 99 265 27 222 131 60 129 143 204 311 159 6 47
44 91 335 312 89 133 80 394 310 313 46 192 65 346 23 306 138 115 268 203
120 175 216 96 341 329 114 388 287 213 177 78 19 71 309 41 86 187 166 318
151 308 220 293 255 307 200 61 49 66 59 202 3 349 237 244 269 184 124 292
21 190 178 305 144 378 366 251 127 215 130 94 211 146 212 275 371 8 206 384
