20
222 300 309 255 241 125 82 256 81 340 97 223 274 391 102 294 161 387 51 39
371 234 76 266 117 343 85 335 282 115 14 362 247 313 68 342 178 43 7 232
18 25 236 334 239 284 108 396 133 350 377 155 298 54 378 303 283 272 74 369
114 116 393 201 140 373 73 229 277 53 276 326 296 261 168 47 189 352 99 346
319 59 188 355 267 6 21 251 196 329 228 214 243 71 341 94 55 288 328 148
156 278 202 394 332 364 92 75 192 113 145 281 66 308 162 191 61 257 268 112
304 331 315 208 290 244 351 46 171 366 1 175 344 183 357 361 2 33 31 220
238 216 198 367 325 90 13 316 263 58 197 339 37 227 118 79 9 280 123 136
190 124 77 104 206 270 211 392 221 338 347 86 134 231 157 165 389 372 152 121
259 159 44 106 242 353 258 210 295 323 322 260 4 345 126 305 42 193 179 8
158 105 245 215 293 184 381 12 363 336 286 170 26 287 299 249 289 40 128 397
110 32 20 327 131 264 200 22 383 333 302 349 107 317 120 98 376 384 83 78
160 380 187 35 139 314 398 10 395 141 365 142 262 356 65 219 285 146 320 292
36 60 382 109 225 269 307 386 50 30 306 279 311 122 23 388 164 203 237 88
163 3 195 275 103 57 101 62 151 233 72 194 301 348 67 130 150 132 80 209
182 154 212 48 252 390 368 56 226 169 248 49 95 330 217 16 15 100 385 19
230 207 138 354 17 312 246 149 91 89 204 180 254 167 119 181 177 166 318 11
297 235 96 93 143 375 63 84 28 199 87 172 213 29 291 45 69 360 127 218
265 271 224 52 379 137 250 111 176 5 34 399 147 186 70 321 240 27 129 273
153 358 370 374 41 144 173 24 185 174 359 324 135 64 310 38 0 253 205 337
