20
375 380 22 228 79 44 387 223 132 64 270 176 332 86 305 284 222 280 4 356
102 48 289 264 205 93 268 143 240 282 313 149 62 269 363 273 247 129 107 111
318 259 99 250 128 301 46 77 17 101 239 314 345 212 266 18 198 112 279 253
334 307 196 262 322 155 179 348 29 73 327 258 245 366 317 394 122 243 3 256
319 152 252 255 178 283 164 342 361 185 396 156 385 173 115 272 329 384 84 292
12 95 362 96 59 331 271 97 53 25 378 376 275 2 82 103 168 120 341 139
31 166 133 360 50 333 108 189 69 187 364 324 242 310 208 121 287 368 312 358
346 352 127 42 123 304 372 369 51 218 26 72 188 193 54 113 15 321 184 389
199 257 153 5 286 299 14 328 265 174 177 200 194 246 60 197 399 78 316 395
285 206 281 40 158 126 65 98 217 393 165 167 278 326 163 350 1 338 381 288
306 344 295 276 138 277 325 241 215 38 300 351 175 383 340 68 92 231 30 210
157 75 359 397 298 315 85 117 161 355 260 219 379 0 27 74 170 172 190 81
159 8 349 137 181 354 58 335 353 91 370 16 202 237 131 140 261 94 323 19
293 235 104 303 130 160 192 211 320 371 88 154 7 388 308 134 367 204 391 24
238 390 119 248 392 195 35 83 118 309 28 141 249 13 87 23 290 49 20 148
337 162 76 142 209 254 37 386 144 373 186 297 339 124 36 216 100 6 330 220
90 296 116 224 151 207 311 32 61 34 232 263 251 21 146 267 52 135 357 382
230 234 377 191 183 55 294 63 80 41 244 336 89 11 374 182 233 365 106 347
213 236 9 110 125 136 57 221 105 398 201 214 45 229 33 291 109 67 227 302
225 343 66 171 10 39 70 147 56 150 47 43 169 71 203 180 114 274 226 145
