20
131 10 270 299 56 238 66 341 141 306 123 230 14 272 18 321 385 293 328 283
77 159 345 136 154 211 381 155 301 234 63 121 200 152 111 169 184 110 273 338
5 168 343 9 47 28 30 134 79 55 146 271 208 64 125 203 195 350 178 291
194 215 348 149 164 371 60 357 196 135 115 179 298 161 86 308 45 227 57 7
144 332 186 282 13 137 277 62 153 50 275 54 58 43 38 312 0 21 229 354
265 257 222 61 16 355 185 80 361 139 78 72 329 37 383 254 246 352 181 25
132 292 42 93 281 75 382 23 67 326 392 206 394 314 316 143 124 369 109 335
207 142 41 317 94 284 174 89 266 363 193 333 35 231 81 204 65 36 74 217
278 237 167 69 34 53 391 90 199 384 214 256 219 3 209 232 11 107 216 187
147 165 24 289 398 336 386 303 297 374 88 323 92 252 331 318 315 40 126 2
228 245 399 192 249 163 324 349 236 218 269 99 295 240 366 157 224 44 166 48
85 201 100 373 103 288 311 286 223 172 337 190 360 259 49 358 276 397 395 127
344 105 320 330 112 122 307 197 8 262 19 261 156 52 84 171 322 117 15 367
274 351 248 235 362 31 87 128 268 226 244 300 340 151 267 387 389 176 372 296
20 319 294 182 119 83 102 27 253 91 353 378 334 309 202 95 339 17 106 4
175 305 118 39 264 177 71 29 285 70 396 263 388 213 189 101 32 148 108 251
191 98 1 380 313 393 225 212 233 46 290 104 242 376 250 379 364 247 347 239
96 241 370 160 279 243 310 302 97 140 76 327 133 113 138 22 145 359 162 82
221 390 258 205 129 150 26 356 59 73 183 375 280 260 342 325 377 116 287 180
130 120 51 6 210 198 255 114 158 220 346 365 33 368 12 188 68 173 304 170
