20
206 225 49 53 21 284 215 129 137 209 96 332 250 6 303 95 235 162 363 287
10 35 32 126 269 127 151 241 359 281 71 297 374 56 93 111 317 331 147 257
240 306 52 197 212 341 386 316 391 23 66 77 357 83 360 254 222 275 98 183
336 106 350 338 157 226 223 134 290 371 60 320 17 40 247 221 203 217 128 107
176 114 246 230 122 150 219 356 55 213 207 242 392 322 234 260 69 57 20 315
277 192 218 187 220 158 90 214 216 345 89 361 342 141 37 85 26 36 63 138
282 393 91 166 228 384 224 181 31 396 390 253 309 344 47 18 347 84 369 38
139 274 305 8 99 61 211 190 117 159 339 76 124 44 189 238 146 16 202 377
182 334 314 7 372 78 288 125 335 205 286 327 304 358 119 130 381 236 88 268
365 132 64 81 387 300 319 103 167 340 263 43 54 153 276 80 231 133 2 210
5 398 272 326 313 388 152 312 285 248 258 4 113 280 302 196 118 373 102 208
108 163 143 370 266 112 186 170 175 34 259 62 355 115 364 42 399 79 244 233
301 267 19 136 0 324 184 97 367 201 199 67 378 58 273 144 194 75 87 15
348 295 346 376 140 385 22 145 239 353 180 299 394 172 251 160 104 395 164 291
383 397 256 148 165 293 3 265 105 110 298 245 94 82 279 12 142 171 325 25
39 237 70 173 307 74 9 154 262 161 30 379 100 337 330 283 156 380 33 354
278 50 362 255 227 46 296 188 323 368 131 321 249 65 389 86 45 149 29 109
14 59 169 200 308 121 264 116 68 72 232 271 123 48 352 168 92 375 328 229
73 41 11 310 329 198 101 191 155 252 177 294 24 270 195 51 27 178 382 333
1 204 351 174 28 292 243 193 135 179 349 366 343 311 289 318 261 120 13 185
