20
380 130 93 249 134 184 74 55 144 41 62 236 220 168 255 318 96 82 198 337
113 352 234 354 390 86 121 106 13 270 307 217 295 185 15 46 17 124 79 18
22 186 33 328 296 183 371 123 292 290 199 320 283 85 222 142 323 237 48 70
246 67 80 172 36 196 14 68 139 11 272 245 302 73 346 366 264 280 244 21
75 111 359 175 47 146 6 207 148 216 228 298 357 205 72 311 326 263 181 5
50 395 88 170 372 117 25 89 271 224 66 122 145 188 125 102 370 253 288 57
300 192 281 92 26 151 277 94 40 84 392 171 373 368 379 174 276 258 294 314
1 282 101 49 189 317 386 399 136 239 149 147 103 227 191 206 301 376 118 173
231 387 261 187 64 167 143 60 211 213 28 156 355 164 347 159 204 330 71 303
240 131 335 218 54 155 274 262 287 29 297 99 35 100 313 266 10 225 398 334
24 83 248 97 367 257 0 108 104 120 391 200 316 53 350 30 349 327 16 324
389 344 388 319 193 133 356 126 254 37 169 360 140 339 58 114 166 358 289 112
345 331 194 43 137 341 153 132 182 135 90 61 212 163 208 127 279 23 34 259
278 59 251 2 76 154 95 397 232 203 115 81 52 197 384 273 201 338 45 51
44 374 165 91 152 160 365 128 214 325 27 105 238 116 12 157 210 333 32 195
286 284 315 3 304 340 179 38 178 202 19 215 110 209 63 385 305 107 177 308
342 256 247 394 260 119 77 291 361 138 158 369 329 312 250 348 109 381 241 332
98 229 129 219 56 336 396 223 39 162 275 306 230 267 393 42 343 299 7 31
363 243 226 382 309 242 378 190 351 8 268 383 87 353 377 176 269 364 375 9
221 265 78 161 20 180 285 65 252 150 293 233 141 321 322 235 310 362 4 69
