20
299 295 60 186 151 332 94 366 97 351 280 143 310 231 21 350 194 30 230 26
136 205 352 386 147 13 346 257 327 122 356 301 253 362 265 383 270 254 121 156
313 180 154 84 267 24 51 28 343 155 158 171 75 47 5 281 182 333 197 262
393 3 169 201 282 223 110 389 232 81 98 149 42 9 255 116 105 39 216 337
322 317 80 54 395 37 300 153 251 172 83 329 392 305 367 344 198 141 363 203
324 123 190 284 92 273 114 124 16 212 38 369 246 0 77 49 46 2 146 368
269 320 338 65 256 318 380 152 289 15 148 210 12 34 95 19 170 399 119 18
89 285 101 163 358 336 364 264 228 398 79 298 243 48 349 365 150 278 138 130
247 44 361 53 312 288 314 221 109 213 106 134 245 139 237 297 55 142 279 354
233 168 8 36 58 71 162 271 263 355 135 93 193 202 321 10 323 225 1 100
208 85 302 222 33 234 309 104 315 359 125 357 27 176 166 82 129 291 385 258
69 88 378 388 91 292 70 177 242 160 248 272 261 144 140 45 304 250 66 330
331 229 382 187 371 325 107 335 183 235 306 227 397 164 167 56 73 117 86 347
236 108 294 391 238 353 217 96 259 159 126 303 165 286 252 189 103 296 67 184
133 379 90 200 239 374 113 78 173 287 102 59 224 17 370 120 209 43 376 204
219 390 195 268 7 277 40 99 293 137 132 68 191 384 266 145 249 276 74 11
319 307 290 207 175 218 57 283 339 4 334 345 6 214 192 76 29 394 274 360
25 72 316 32 23 128 14 220 311 41 35 396 131 50 240 326 226 340 127 244
52 375 64 112 118 328 373 174 372 179 342 387 215 381 188 181 157 260 62 377
115 161 87 275 206 341 199 20 308 196 31 61 178 111 211 63 22 348 185 241
