20
336 221 295 205 308 276 192 189 38 107 98 352 299 210 341 289 199 322 378 297
101 265 64 67 241 27 315 237 23 129 71 93 392 32 220 78 55 317 332 158
119 6 36 226 90 95 246 24 16 255 150 183 379 213 10 39 111 275 162 118
252 141 262 372 193 264 168 144 244 2 160 291 368 176 15 43 110 91 49 46
155 4 381 130 353 263 306 319 339 355 66 328 247 296 216 104 215 261 86 335
159 153 236 374 161 386 390 248 117 51 312 140 204 229 191 286 258 279 260 288
177 9 343 178 56 65 268 327 61 383 371 399 138 274 112 245 398 282 84 69
59 142 133 79 179 203 330 170 128 364 208 148 196 257 181 42 187 309 169 269
172 367 293 41 395 185 0 358 63 184 137 219 105 303 20 19 96 384 202 7
89 363 365 103 77 206 188 200 25 259 325 387 100 139 393 375 369 388 40 382
389 209 166 239 234 13 277 243 87 180 300 68 83 356 345 30 21 361 305 57
45 391 346 109 320 238 225 240 376 201 88 18 251 347 334 370 380 157 149 254
256 235 253 122 123 135 273 126 198 34 115 131 230 50 342 333 14 22 33 290
351 195 194 97 217 29 156 80 272 182 124 165 394 76 212 304 48 190 396 223
54 8 5 281 338 167 164 1 197 132 344 106 116 72 354 321 359 362 28 242
175 302 145 134 218 267 337 17 292 313 357 92 285 314 301 373 366 271 173 143
233 228 298 280 47 44 121 99 35 385 294 186 323 307 350 108 127 26 232 163
136 329 102 60 318 146 62 207 311 224 222 331 74 324 287 94 231 82 310 227
283 349 73 11 278 340 147 174 360 3 114 58 37 154 171 151 70 397 377 120
266 152 270 284 31 52 211 214 326 75 316 249 12 81 85 125 250 348 53 113
