20
67 255 342 187 141 175 102 395 221 30 98 239 258 383 93 205 84 14 250 176
268 288 256 125 56 163 128 346 80 312 261 162 45 234 216 265 120 17 363 76
155 19 180 240 61 218 193 103 286 188 195 361 63 35 79 64 148 330 124 202
186 313 48 289 11 106 37 6 99 285 22 52 391 332 158 81 200 335 4 53
336 357 263 116 368 189 132 271 220 122 49 190 315 185 291 26 133 248 270 60
177 267 209 384 353 222 23 160 251 354 157 151 231 51 43 334 232 183 358 171
394 229 134 277 305 95 321 83 172 296 27 214 143 275 58 350 152 225 259 54
307 104 173 204 292 50 327 131 252 345 227 245 242 129 243 352 359 145 213 208
126 47 39 211 273 364 2 16 62 246 309 226 107 85 206 147 217 212 372 101
235 8 386 374 351 59 87 331 38 31 333 339 167 34 343 347 55 139 379 69
280 388 266 337 228 223 367 230 338 184 165 36 399 219 146 297 373 320 284 109
66 57 381 28 33 233 72 318 385 299 360 75 287 393 96 117 362 264 178 308
207 144 293 10 136 281 164 40 197 282 114 191 329 355 166 156 73 269 349 241
382 5 356 150 21 262 319 199 247 253 201 154 323 194 119 306 70 370 149 112
203 302 196 137 179 278 3 71 42 44 274 86 94 326 68 170 369 91 15 1
396 153 20 378 140 12 348 82 340 46 304 398 210 314 365 303 283 135 77 97
29 90 41 317 13 294 25 397 24 32 392 272 65 130 301 298 325 341 88 377
254 371 279 174 192 300 324 380 142 310 159 89 311 108 9 115 168 376 215 169
18 375 387 257 110 238 78 224 100 182 389 344 249 390 118 111 123 244 276 328
127 260 7 0 322 290 237 92 121 295 198 181 366 316 161 236 105 138 74 113
