20
267 68 66 111 125 329 108 376 155 250 117 271 365 302 137 101 17 63 198 25
242 195 223 138 197 2 222 334 352 245 349 212 244 114 312 4 153 94 332 67
21 379 82 269 298 327 185 142 88 183 186 72 396 368 48 336 203 217 303 11
43 372 47 210 78 311 249 394 399 218 240 159 280 58 263 251 293 139 275 384
370 105 231 204 284 278 375 361 64 369 229 351 386 65 38 173 15 190 264 207
321 37 36 175 253 133 289 135 341 1 99 256 0 192 187 16 378 85 22 350
299 323 360 69 51 188 246 194 211 357 77 387 115 282 13 129 76 126 196 339
182 30 385 167 54 371 273 315 176 337 287 236 93 107 73 276 359 158 81 333
56 344 189 50 146 294 213 191 91 152 70 162 141 199 342 295 23 19 140 24
149 324 296 74 320 134 254 86 103 147 288 331 300 346 313 206 252 325 367 121
119 314 160 374 261 297 316 6 283 44 179 390 110 292 49 306 266 128 265 260
154 127 362 377 330 34 248 305 233 14 391 112 46 318 382 270 291 279 301 335
102 12 20 3 178 272 328 180 215 104 307 193 290 221 310 35 40 230 202 172
157 209 200 163 53 165 120 90 132 62 123 84 118 225 201 338 184 238 79 124
348 388 366 241 9 145 18 28 106 326 97 33 224 277 92 309 148 27 181 131
381 354 232 247 398 322 281 61 259 219 41 8 150 177 308 397 57 171 383 356
26 364 317 122 59 151 226 237 257 353 116 239 71 29 100 319 87 52 220 168
109 235 7 80 345 166 358 174 39 42 373 304 169 161 143 144 83 75 136 228
45 130 98 55 258 32 393 380 60 89 234 156 268 347 214 286 392 343 243 216
205 262 395 5 285 355 208 227 96 389 10 255 363 31 340 164 113 274 95 170
