20
383 358 316 375 210 374 98 109 177 163 286 12 378 265 261 296 148 324 85 173
267 368 48 231 208 274 152 84 354 392 206 0 196 330 310 22 266 269 172 221
179 299 101 70 151 94 156 347 350 251 270 176 207 186 122 213 301 315 24 325
33 19 239 128 45 209 61 252 63 56 147 180 250 164 339 360 271 36 380 300
169 320 103 232 66 41 223 142 212 341 121 393 387 318 359 185 146 281 311 280
199 283 255 181 144 139 81 289 102 369 249 370 352 361 60 130 219 398 303 168
75 218 99 225 2 328 362 21 80 382 83 394 294 322 275 256 39 145 187 68
342 305 135 226 287 133 157 111 200 127 313 16 371 34 335 379 304 11 112 108
203 373 1 229 355 182 69 47 100 395 113 241 131 165 268 58 273 389 178 215
110 214 119 124 391 264 155 138 292 174 20 27 234 171 306 319 150 95 244 76
65 18 327 42 197 236 114 233 290 191 384 248 242 195 93 272 235 243 217 136
222 295 277 192 321 160 23 211 254 189 44 35 38 158 356 175 40 317 308 25
92 284 97 143 309 88 399 15 137 188 333 376 390 329 302 348 220 349 10 104
337 314 46 37 74 4 388 28 340 82 240 183 106 118 26 87 8 89 140 153
291 336 59 346 228 238 107 344 17 161 30 307 13 381 297 62 227 323 298 353
205 49 312 386 365 334 279 132 120 154 78 260 79 184 57 282 293 193 91 276
202 7 204 6 345 338 67 257 149 224 117 72 129 105 29 86 51 258 331 31
366 64 364 126 5 159 372 367 237 198 278 166 55 170 73 71 14 190 125 253
377 246 332 262 230 263 43 351 3 9 194 54 50 115 167 52 343 162 201 141
363 247 397 396 385 116 357 90 134 285 53 77 123 259 245 326 96 32 288 216
