20
315 338 364 310 373 376 59 143 165 63 358 84 317 205 285 370 195 113 354 300
172 341 342 352 366 382 136 333 360 375 299 169 144 230 284 27 83 56 225 157
392 108 45 53 86 191 75 211 289 368 57 242 265 365 166 304 236 142 156 238
362 3 280 71 95 200 271 303 35 88 78 111 81 121 132 272 377 99 213 179
82 197 130 104 176 336 18 302 394 241 159 210 340 295 254 50 101 287 89 44
339 325 85 281 297 356 331 307 390 119 117 39 139 397 278 128 296 125 380 69
151 96 347 193 105 158 23 372 203 22 65 292 185 239 256 64 16 320 389 337
329 217 70 26 263 374 276 221 92 327 240 9 100 8 66 32 395 17 224 351
250 34 396 77 135 343 311 79 103 126 5 369 199 107 378 398 38 112 293 334
227 255 235 234 14 384 76 62 399 244 309 249 123 253 55 308 174 19 189 72
207 171 313 273 102 385 7 122 266 127 381 267 269 167 192 379 12 260 10 247
232 54 259 322 361 350 177 326 222 145 42 359 90 152 80 215 114 345 25 175
204 383 109 41 184 173 138 49 388 330 312 146 363 335 188 133 20 371 120 29
21 73 283 252 246 154 170 233 186 110 212 201 245 43 87 198 393 243 61 160
30 74 346 168 229 321 270 67 118 98 277 161 46 391 153 298 301 305 367 13
181 248 386 275 182 68 226 164 209 116 140 137 344 162 163 150 52 318 187 31
290 228 24 155 323 319 286 208 51 314 349 37 194 206 387 306 97 141 257 262
11 231 106 348 94 124 147 134 115 91 353 264 220 2 6 282 355 190 60 149
131 357 40 291 47 58 237 36 219 251 288 258 33 324 196 261 0 4 223 332
216 202 1 178 328 48 15 183 279 180 268 316 129 148 294 214 218 28 93 274
