20
96 310 285 180 62 306 95 41 117 264 281 82 205 47 352 295 57 24 382 153
392 81 203 386 391 338 369 322 374 50 105 355 88 344 174 165 131 125 152 325
89 243 87 279 34 198 90 251 361 301 12 14 327 252 266 162 5 177 76 19
271 27 72 297 311 346 253 304 286 66 97 35 190 224 308 383 104 241 305 84
261 78 188 356 185 223 376 168 277 71 342 349 179 362 85 8 222 55 189 331
350 48 358 384 199 171 155 275 353 312 1 160 367 126 246 46 119 217 173 225
333 263 40 44 330 276 232 161 231 255 167 6 135 364 332 265 233 108 54 120
348 221 100 136 211 397 197 83 296 328 395 321 102 132 336 145 291 45 169 230
287 319 267 33 77 290 204 69 207 79 339 80 394 43 137 133 214 245 113 299
365 122 320 17 387 257 343 351 248 30 270 317 13 359 29 175 140 219 260 101
39 326 249 210 147 278 154 59 294 208 209 94 130 378 354 150 357 53 324 242
216 360 67 315 218 143 106 74 10 262 49 236 178 280 22 92 75 272 9 226
123 141 116 28 363 194 292 115 68 220 202 20 347 282 172 247 58 107 184 237
86 398 128 195 25 215 23 396 258 289 2 182 399 73 288 26 15 11 192 142
318 227 51 42 191 329 201 298 388 64 7 212 118 181 274 31 186 239 65 335
4 151 32 139 144 170 127 380 393 37 98 273 229 176 193 200 316 134 379 70
163 138 256 370 99 390 93 341 340 121 187 112 183 235 38 259 389 366 213 148
302 164 309 3 111 313 307 156 206 234 166 371 114 52 254 110 283 334 18 284
60 375 238 268 0 157 244 61 323 124 381 373 303 250 36 109 300 293 240 314
149 159 368 63 146 16 228 129 377 103 269 196 372 337 91 56 21 158 385 345
