20
95 76 146 263 4 361 105 202 10 177 74 235 139 284 321 86 374 359 150 166
100 194 41 83 78 346 9 7 294 140 379 141 389 245 351 96 160 270 179 75
338 110 55 57 174 355 353 70 240 180 215 279 126 385 349 151 322 123 388 122
329 54 296 303 319 236 32 187 367 227 225 44 40 43 102 317 262 196 308 181
195 147 39 247 277 288 377 384 289 310 125 148 285 34 80 250 156 5 159 13
29 197 46 292 58 302 378 383 136 231 304 1 220 301 382 90 330 161 396 107
299 138 56 337 164 264 376 318 222 398 341 229 315 52 395 295 326 297 65 325
316 183 276 211 381 233 354 67 66 387 91 28 165 37 314 191 77 175 208 261
128 342 11 6 144 380 243 154 373 328 170 256 216 205 343 259 226 45 269 286
348 47 254 290 207 375 291 124 64 169 33 190 19 241 331 145 25 273 81 311
88 184 203 129 332 14 121 24 352 22 50 371 370 131 30 209 223 158 104 135
242 327 132 350 137 142 114 258 266 71 221 153 275 217 173 42 390 300 163 293
72 118 358 392 397 260 17 185 18 117 213 210 61 73 333 130 167 127 92 212
193 51 101 59 21 393 394 20 251 12 265 268 31 344 176 282 201 232 68 399
26 224 248 152 313 272 108 334 119 182 252 336 214 335 239 3 27 171 0 79
298 357 87 162 280 49 99 15 347 249 340 363 53 115 228 309 84 60 366 267
391 238 109 113 186 93 324 116 305 372 368 155 189 306 172 320 218 120 281 112
307 386 362 48 35 188 38 204 134 271 36 106 98 283 237 257 94 364 23 168
287 89 2 85 103 69 278 149 192 244 200 143 365 62 133 198 230 246 16 312
199 157 219 345 234 323 206 360 356 274 255 369 97 339 178 253 82 8 63 111
