20
342 390 130 277 294 25 36 278 73 259 218 26 56 116 35 107 1 151 150 190
110 312 121 134 333 171 7 320 122 83 91 144 11 160 214 76 179 148 138 194
28 280 245 283 351 212 366 331 57 226 265 103 378 102 395 94 267 13 72 55
233 17 332 207 396 65 123 313 197 38 345 279 289 260 31 87 153 221 19 295
232 100 143 322 62 29 222 297 199 33 45 80 137 347 193 142 111 48 136 339
69 124 90 166 370 23 198 282 113 385 235 206 348 99 349 360 185 346 223 393
129 215 216 252 397 147 172 61 290 152 210 32 292 155 125 181 249 241 239 182
270 375 296 203 202 299 240 173 301 388 291 363 225 268 285 269 335 145 204 58
187 379 234 247 20 309 340 95 96 262 159 70 304 75 131 353 101 248 180 343
164 372 59 284 184 266 288 308 224 286 365 132 306 359 310 89 0 243 3 398
391 39 162 219 302 63 146 324 177 64 168 315 358 376 68 21 189 92 352 157
330 139 371 18 106 329 389 298 229 14 2 319 24 176 128 337 253 327 71 272
74 34 188 264 325 273 317 380 43 381 186 52 174 53 82 305 49 328 97 303
30 167 178 66 9 118 316 158 12 133 114 354 209 88 10 377 220 175 300 287
16 364 200 254 79 236 263 237 374 230 311 321 281 40 51 15 399 318 191 60
115 112 357 211 307 213 336 201 84 54 169 258 256 275 384 344 42 242 369 170
382 165 109 368 355 255 154 387 108 238 183 104 386 156 276 361 217 149 326 271
140 362 334 383 251 141 293 231 126 5 323 41 135 392 117 394 44 77 81 341
161 98 46 257 250 93 367 196 274 105 127 314 47 163 86 356 119 205 50 6
228 8 78 37 246 261 85 195 27 22 208 373 338 120 67 244 350 227 4 192
