20
354 80 157 193 196 300 150 189 49 197 23 349 236 208 229 265 14 280 358 306
106 311 246 222 393 60 173 204 323 387 263 384 64 12 314 186 33 127 382 383
175 154 11 139 305 83 337 142 27 394 47 318 273 78 100 260 159 85 363 275
334 242 388 202 309 54 17 261 184 147 71 316 84 295 319 110 282 279 361 207
370 262 125 223 310 89 259 3 270 338 107 176 286 285 224 133 321 375 307 245
326 274 397 70 113 109 386 296 330 206 38 250 93 360 301 228 344 364 77 181
82 177 247 92 153 230 36 123 61 172 339 312 99 73 42 288 116 40 378 51
98 248 391 55 118 271 26 226 357 214 44 90 131 198 30 18 58 97 336 87
1 69 170 29 210 371 253 62 199 227 155 81 238 179 291 195 381 52 32 101
31 141 348 297 143 41 335 168 25 385 320 278 57 102 233 267 121 94 332 317
269 329 96 266 308 108 201 377 218 171 251 76 324 234 369 289 10 140 124 6
115 21 237 174 79 86 15 359 134 56 298 231 158 299 200 8 392 156 255 212
9 95 258 346 46 331 164 220 239 347 225 211 4 169 205 66 137 192 165 144
28 117 19 217 304 112 149 128 187 216 146 35 325 209 327 88 283 160 20 120
194 252 178 53 395 368 345 243 284 219 399 2 241 398 13 203 315 180 213 59
190 39 43 182 351 145 74 104 293 167 235 313 256 343 130 366 322 376 380 340
272 162 254 183 37 163 277 232 294 7 114 135 75 67 355 119 185 161 34 292
372 152 188 221 362 341 367 396 63 132 379 302 281 268 91 16 72 148 249 0
5 328 287 50 356 303 257 215 350 103 22 290 126 48 136 65 353 24 390 342
105 373 276 244 129 68 389 138 333 374 151 240 45 365 122 264 111 191 352 166
