20
258 129 357 326 83 285 170 253 9 204 229 391 354 295 352 245 23 58 336 7
15 256 215 47 10 240 65 143 263 75 239 265 255 373 25 209 333 41 289 77
2 260 105 33 370 182 325 17 87 286 334 128 208 116 329 394 367 27 361 362
24 378 294 161 124 6 68 156 71 242 266 220 20 363 139 335 320 376 322 299
303 64 12 360 140 102 369 96 50 365 227 283 80 180 169 214 13 196 163 382
137 302 18 244 228 259 155 301 45 307 343 48 16 117 372 269 384 34 340 42
14 60 252 146 297 100 142 63 85 19 0 149 281 133 248 225 368 120 35 125
37 99 206 200 205 374 175 232 11 278 235 395 168 67 344 375 249 380 298 86
131 300 353 346 387 78 93 55 345 306 351 94 165 72 309 385 267 381 275 159
341 179 145 194 393 184 279 310 312 355 254 284 118 38 119 76 26 199 88 251
264 185 350 271 171 308 166 246 328 127 389 73 69 31 92 91 173 290 364 186
28 178 237 187 103 30 126 32 203 233 148 197 192 317 62 338 359 221 101 134
189 383 5 277 114 1 213 315 113 152 268 276 43 84 135 273 327 3 108 150
22 53 390 202 74 21 98 347 49 191 342 218 29 207 397 181 324 337 195 339
56 79 153 305 109 115 319 398 234 371 243 366 358 296 59 52 257 282 40 210
274 162 160 231 272 224 107 291 288 70 36 167 158 61 151 193 349 323 121 177
250 106 261 331 198 122 138 51 111 321 174 270 236 104 356 318 314 97 89 293
172 164 201 241 136 112 176 396 212 292 147 66 399 348 157 8 219 311 154 54
123 81 379 183 110 82 39 330 46 313 217 44 95 287 377 223 226 388 316 190
188 141 392 304 238 211 4 230 130 280 57 90 247 262 132 222 332 144 386 216
