20
198 185 133 328 124 256 306 92 368 59 130 234 139 114 399 178 235 41 149 273
109 283 82 102 341 214 122 129 215 63 202 23 80 267 194 120 91 391 379 302
210 88 298 291 333 48 325 83 170 330 370 101 65 94 216 334 281 388 47 54
157 67 287 193 146 10 241 280 296 284 246 265 324 18 294 352 135 243 155 56
7 219 52 268 142 172 69 285 166 171 240 180 153 218 230 62 271 6 254 158
39 46 338 375 329 261 116 251 364 372 108 209 236 175 115 311 396 19 28 376
380 110 305 237 103 44 8 278 168 4 98 143 393 350 169 159 77 250 15 359
201 332 390 203 365 342 228 262 366 197 337 131 252 3 315 132 20 212 385 371
383 87 277 188 125 232 307 279 224 323 176 36 377 50 60 317 165 242 61 84
374 335 247 43 257 24 123 186 223 89 113 152 347 147 199 220 318 128 331 381
387 111 183 274 106 397 51 104 167 310 248 344 127 184 49 233 32 17 27 154
382 121 86 126 386 320 239 196 117 85 345 64 227 138 34 95 308 326 362 192
339 35 355 206 53 258 90 207 369 14 351 5 360 398 378 29 357 222 151 148
2 361 299 293 31 72 297 181 118 68 321 309 336 349 30 96 136 79 81 259
275 319 21 358 22 340 182 253 160 272 304 58 107 161 55 225 174 134 163 9
179 363 164 346 66 300 208 78 26 226 100 42 322 373 97 384 162 156 75 191
367 99 112 150 269 76 217 11 45 301 244 316 292 303 0 137 173 353 13 57
327 190 144 266 195 1 211 286 204 238 105 392 73 289 276 93 264 313 314 189
356 71 260 141 290 263 177 119 12 288 38 37 16 200 205 343 395 348 255 245
70 74 213 354 221 270 40 295 229 25 187 282 394 231 312 389 145 140 33 249
