20
219 250 203 361 320 205 284 21 231 291 245 257 12 93 281 78 287 97 264 80
38 170 182 238 314 227 197 225 127 308 154 211 120 25 71 242 268 152 48 31
122 334 368 381 270 313 374 343 173 125 2 345 148 138 253 111 273 206 115 165
4 87 34 22 185 0 33 99 187 10 144 216 358 340 101 333 196 303 256 143
247 276 73 9 392 296 194 390 332 365 386 223 298 66 377 161 307 199 177 388
70 119 339 155 396 61 363 362 356 191 159 272 167 6 147 26 215 184 82 210
302 103 51 149 385 7 85 226 355 11 32 75 20 367 293 188 153 267 128 29
228 112 310 274 42 59 176 292 240 337 121 193 18 55 102 40 384 397 72 24
178 162 232 168 36 114 370 107 265 180 327 236 96 88 383 331 262 68 146 366
378 393 380 217 222 299 202 317 230 142 347 67 133 329 252 237 89 305 266 158
136 263 131 326 321 289 27 224 46 285 28 172 35 279 297 218 169 207 391 175
318 351 309 41 241 398 394 315 106 190 248 145 221 352 311 140 269 45 229 65
354 105 286 104 3 319 295 98 371 109 117 275 62 328 364 376 16 163 84 52
15 200 249 57 86 278 60 100 141 204 83 171 359 312 346 95 214 137 108 63
220 373 150 132 341 234 1 294 198 336 37 90 349 56 47 129 195 134 74 92
301 164 379 357 116 350 387 246 325 360 322 244 201 208 124 192 91 54 5 130
209 324 323 369 255 399 372 258 335 181 235 14 239 316 118 64 17 330 243 77
157 94 8 213 233 375 69 280 271 389 382 151 254 344 259 53 139 44 13 283
23 166 43 212 183 81 288 123 251 156 290 338 174 39 76 58 19 135 342 304
126 50 189 160 79 395 110 277 306 186 348 179 300 353 30 260 49 261 113 282
