20
248 121 241 124 190 62 138 230 234 30 28 115 188 291 9 378 109 26 129 153
68 160 334 127 31 331 210 84 325 51 209 65 315 157 352 54 313 72 212 141
389 316 45 39 32 276 250 119 359 337 208 396 67 34 293 375 78 126 175 25
29 344 309 184 6 77 91 328 368 204 86 143 379 376 57 314 18 233 377 287
329 131 348 351 71 256 270 355 24 199 154 195 166 159 150 116 36 346 302 235
243 145 70 75 254 80 397 258 326 206 273 271 74 198 255 266 203 318 323 268
100 13 295 117 300 149 43 15 179 374 360 2 218 392 341 224 304 336 88 222
187 240 399 277 176 182 123 369 90 148 147 185 343 93 95 21 37 364 133 125
178 294 391 338 321 161 169 107 358 366 89 101 194 181 79 200 370 105 223 55
380 174 372 165 128 373 390 259 283 385 207 96 162 85 56 83 305 232 103 363
171 59 229 46 155 12 275 387 367 239 66 122 298 322 303 345 244 152 262 17
249 269 35 332 97 144 282 44 290 301 242 353 99 257 163 61 215 280 395 76
279 371 173 319 263 0 267 342 158 320 339 264 20 19 297 170 50 278 381 33
238 142 253 180 251 281 23 356 156 307 4 98 11 330 252 333 219 164 48 5
201 177 217 225 245 289 193 191 261 110 386 274 136 237 27 365 106 221 284 265
288 52 388 310 394 247 211 104 1 335 94 73 40 81 226 132 308 118 49 382
87 140 236 214 354 383 69 228 22 146 113 312 196 272 42 317 137 231 398 324
38 64 114 183 82 58 172 227 134 350 151 306 60 285 192 120 53 347 63 47
296 362 41 197 220 260 357 384 111 10 340 202 16 292 102 213 108 14 299 349
3 205 186 167 7 92 311 112 8 246 286 135 139 216 168 327 361 130 393 189
