20
248 209 375 55 105 324 97 390 22 149 136 15 187 273 62 180 84 214 169 220
61 281 294 51 49 39 287 292 137 54 317 24 268 334 347 134 52 45 337 196
376 251 348 85 129 142 67 340 14 270 148 133 172 223 30 226 395 76 53 41
212 70 233 370 7 157 12 95 258 213 118 343 154 141 286 197 250 8 96 284
283 200 111 322 13 323 199 9 325 277 366 140 381 89 159 170 106 147 388 353
228 185 252 285 238 164 80 181 392 18 364 193 331 104 391 21 11 4 87 351
312 59 367 3 146 309 47 83 16 316 398 352 17 290 397 28 155 2 289 176
204 102 114 308 319 276 48 350 218 138 377 279 303 374 205 394 207 255 36 73
179 269 44 236 274 119 72 32 121 259 272 43 125 211 88 81 94 245 297 314
120 1 63 168 10 174 295 330 171 321 363 100 371 33 183 127 194 203 93 40
242 280 253 117 69 132 328 275 354 202 60 126 327 160 123 263 359 373 360 124
112 266 190 103 82 216 333 99 135 234 74 175 329 153 163 241 356 386 243 78
399 122 113 365 306 355 198 300 79 307 235 254 387 344 318 361 131 91 116 143
29 229 110 362 210 345 27 186 384 298 42 151 215 342 208 237 230 90 25 31
165 206 177 227 291 288 219 372 239 256 130 357 156 115 224 369 247 341 338 92
262 315 64 68 320 162 240 396 20 46 282 339 75 217 201 358 192 37 380 158
0 161 260 101 77 23 346 385 144 304 71 379 128 173 6 108 225 86 38 19
332 232 34 189 98 301 326 261 184 336 271 195 65 50 221 393 296 305 191 244
26 383 302 57 166 5 335 35 231 249 152 107 167 267 178 246 182 257 382 265
310 139 299 188 278 389 56 311 349 264 368 109 378 145 66 313 222 293 58 150
