20
38 93 50 355 276 72 326 240 197 394 224 269 389 306 82 151 177 299 189 166
47 137 387 28 171 144 138 168 336 257 382 181 39 56 373 176 372 172 31 111
49 287 325 34 16 358 252 135 345 200 280 12 4 225 239 344 120 44 315 126
170 21 263 2 121 59 149 164 216 100 213 285 374 393 154 68 14 385 278 295
318 122 243 330 55 292 25 376 42 105 107 95 51 364 88 255 74 81 347 281
256 361 143 152 377 97 341 63 178 267 214 261 290 379 132 205 221 288 365 366
390 145 167 89 289 333 249 253 392 354 311 128 248 161 351 357 185 66 381 323
391 296 217 348 11 146 219 332 232 84 77 124 22 328 319 238 141 282 244 119
383 247 80 157 104 15 75 62 204 237 139 236 279 24 165 320 70 30 360 90
395 65 183 386 102 250 23 380 7 186 76 85 6 259 159 48 155 195 233 196
305 258 397 37 108 78 307 207 91 116 40 363 3 153 10 312 367 125 83 106
274 353 230 8 218 29 286 277 190 52 69 262 220 57 251 331 211 156 271 53
327 123 142 334 226 180 173 175 266 46 131 17 246 94 294 79 158 368 64 67
342 160 86 222 109 350 264 227 32 388 114 242 202 73 370 324 260 215 133 310
117 291 229 339 223 5 140 148 136 18 99 103 1 188 268 187 92 113 179 228
208 203 371 346 98 398 27 112 231 58 396 129 182 338 210 199 298 273 275 198
272 115 33 162 150 362 265 309 20 343 322 302 329 235 96 54 194 130 43 378
9 110 352 254 101 184 0 13 270 300 41 340 206 201 303 399 19 169 356 26
45 36 35 87 301 174 293 284 313 384 234 317 304 359 241 297 321 337 316 193
61 245 127 308 283 191 192 118 375 71 335 147 212 60 349 314 369 134 209 163
