20
35 210 121 152 73 296 156 337 363 81 31 336 160 69 97 255 226 280 113 112
92 83 241 344 145 328 7 25 94 275 118 169 188 311 352 266 129 382 228 339
334 109 279 252 170 12 39 179 158 324 36 28 312 246 43 365 335 371 108 56
355 325 182 229 367 9 189 85 126 338 171 88 123 274 71 281 214 218 30 52
63 238 303 398 306 277 194 1 70 222 40 143 221 318 305 177 299 102 326 227
393 190 342 41 68 350 260 174 89 77 166 391 79 19 53 394 302 301 362 207
167 100 327 243 141 2 261 32 10 314 341 198 37 142 154 105 155 98 378 90
127 286 376 250 149 269 61 196 225 215 257 180 76 67 212 329 249 14 351 247
369 310 11 395 347 383 44 295 34 377 164 3 135 133 5 290 33 114 159 282
16 359 223 178 131 175 24 360 151 54 172 320 46 313 99 111 390 285 384 51
176 96 373 163 230 217 284 356 343 15 270 297 116 278 136 62 234 300 27 239
168 48 258 209 72 183 29 157 74 150 388 21 216 95 23 240 316 128 308 86
60 361 50 397 237 148 140 323 187 224 233 220 120 276 153 271 130 38 375 22
331 283 291 42 165 55 370 8 315 321 245 259 87 248 132 147 263 144 204 84
354 374 294 162 254 379 181 13 184 200 137 20 26 387 385 265 292 49 110 57
125 202 199 293 264 106 185 364 65 256 18 124 235 368 107 322 319 117 138 372
75 191 195 231 103 273 262 366 288 93 251 122 17 349 298 6 345 340 333 4
197 332 232 146 358 91 348 287 64 78 289 134 317 242 268 161 213 205 206 211
396 357 101 203 59 45 392 386 346 173 80 309 139 193 353 115 253 267 219 0
119 330 82 58 186 307 66 236 201 104 304 399 381 192 47 380 389 272 208 244
