20
346 369 136 279 3 59 92 75 315 381 361 208 305 286 348 316 303 214 44 237
48 231 142 148 84 98 219 387 206 225 88 81 165 69 0 103 152 125 117 220
255 33 216 312 357 353 384 320 281 356 339 354 253 246 205 273 202 158 367 55
37 329 271 129 65 145 213 18 263 203 163 294 251 259 256 56 224 50 9 183
394 26 77 94 99 200 298 121 147 376 194 199 139 123 331 262 61 71 185 188
297 283 336 261 300 83 211 335 29 238 176 124 217 304 296 372 241 156 159 311
227 341 379 96 319 328 82 289 234 166 295 14 171 332 373 215 109 179 63 362
87 150 218 306 240 288 197 1 10 39 30 228 250 70 226 291 80 182 49 137
62 343 342 392 27 107 396 160 254 73 318 19 321 397 269 209 355 193 6 308
366 122 360 111 395 399 85 242 114 41 119 275 13 25 60 155 340 43 140 106
210 345 258 293 90 34 221 349 5 299 189 161 164 359 277 239 284 66 385 393
126 79 344 247 389 374 100 198 86 252 57 285 307 162 174 101 334 149 76 91
46 118 153 17 172 132 7 302 377 386 169 323 337 267 40 236 266 184 89 38
264 170 173 108 47 358 115 42 375 52 151 168 195 325 31 23 390 120 11 280
326 131 243 187 35 72 196 146 68 67 54 327 128 154 383 134 317 143 167 314
244 333 28 157 78 365 330 110 20 274 104 8 398 186 45 112 230 368 24 130
207 190 282 363 391 301 16 270 127 22 310 249 313 278 222 268 324 309 177 388
113 212 276 248 232 229 191 105 364 95 102 181 116 201 233 322 58 370 378 178
204 97 141 351 338 257 36 287 93 15 347 382 4 74 272 135 260 138 352 380
292 223 144 371 53 235 175 192 21 64 350 12 32 265 51 245 2 290 133 180
