20
381 132 260 183 151 25 335 164 370 363 71 145 336 290 239 211 177 86 213 337
69 34 158 182 27 96 331 386 218 4 348 249 216 206 347 91 149 396 2 194
40 209 350 159 53 271 343 181 119 170 359 12 250 246 236 58 56 339 133 6
332 21 73 231 94 197 111 361 325 54 364 357 276 285 7 324 100 378 307 84
79 137 142 296 92 23 11 234 273 223 219 329 29 284 265 397 208 306 201 178
78 76 16 283 115 30 299 297 237 3 66 37 387 20 68 394 87 255 5 391
245 129 135 72 385 375 36 147 289 106 90 97 146 139 26 113 99 210 305 124
301 327 103 346 226 388 240 261 127 42 105 292 109 340 24 217 95 278 383 312
354 85 207 191 141 356 126 244 382 82 338 310 33 18 280 35 214 193 83 395
150 9 322 275 128 74 162 380 311 89 160 253 49 199 81 268 195 266 362 221
233 57 167 60 259 286 230 215 313 303 227 157 152 1 189 367 379 320 48 389
366 75 98 330 39 281 248 291 51 373 104 390 384 131 108 203 166 345 235 192
371 28 144 229 187 156 148 88 393 254 169 272 43 70 377 315 176 257 114 153
8 309 188 13 212 19 120 334 168 118 112 326 399 392 228 130 50 61 342 225
52 304 287 344 55 372 117 121 174 314 161 374 318 270 258 376 321 38 316 323
252 45 15 138 190 241 365 243 116 196 107 125 171 277 59 184 308 317 101 46
205 175 44 22 247 263 134 155 80 224 136 186 65 62 242 222 202 32 398 251
349 123 110 31 333 172 264 93 198 143 41 360 302 288 140 328 352 185 298 165
179 77 256 358 102 295 163 64 220 238 204 63 67 14 154 269 279 262 0 267
180 122 47 294 351 353 17 232 369 368 355 200 274 341 319 282 300 173 293 10
