20
199 92 10 47 354 140 339 340 393 204 169 22 361 110 143 36 234 310 274 84
87 58 113 9 295 122 125 120 398 358 301 264 209 45 62 369 299 101 386 77
259 67 55 291 267 94 311 277 164 142 238 324 34 135 306 7 147 323 104 24
178 266 253 170 2 268 368 214 270 190 86 225 41 89 297 139 260 6 331 93
312 166 284 377 325 25 162 373 315 206 127 212 56 27 72 218 216 384 118 251
230 131 290 332 116 276 308 130 154 69 383 202 144 262 350 35 355 196 366 63
292 133 121 109 201 17 241 342 305 13 257 197 61 85 168 333 360 300 374 378
151 233 388 90 279 231 19 165 126 247 103 48 372 149 138 392 346 5 285 179
242 219 167 141 185 296 4 367 203 173 132 117 11 107 236 249 390 293 64 227
391 14 88 394 359 80 114 314 220 294 137 68 32 288 78 334 29 250 184 175
263 112 303 8 157 51 215 252 336 54 183 381 172 189 159 337 370 321 351 237
379 28 224 15 256 0 66 273 158 380 30 195 98 221 174 265 235 208 343 187
245 217 389 352 188 176 244 146 198 328 156 229 43 272 348 243 207 79 57 20
181 44 100 37 26 83 287 160 387 320 65 223 318 341 193 91 357 163 129 42
119 82 148 226 200 371 102 108 211 271 134 302 136 327 40 395 60 362 12 281
347 76 50 210 111 155 124 70 153 105 180 74 182 376 363 53 228 365 309 38
329 283 75 258 338 33 95 73 385 59 205 313 307 99 396 397 21 275 344 128
246 52 194 304 356 364 322 375 326 232 152 254 349 261 239 278 31 16 96 222
255 71 213 123 317 97 81 3 171 298 1 106 269 330 286 289 240 145 23 49
46 280 382 150 353 399 39 282 345 319 191 177 192 18 186 161 248 316 335 115
