20
351 157 299 261 34 58 258 373 232 118 3 207 310 38 224 325 194 298 398 318
371 97 91 115 145 41 337 272 353 123 151 362 288 336 42 106 254 131 140 169
278 88 221 94 381 342 127 124 304 319 262 286 230 167 130 66 99 32 263 235
217 186 248 383 148 347 93 358 311 98 215 386 346 170 24 90 52 294 300 245
162 267 276 379 250 67 2 305 177 363 216 211 200 62 173 303 192 382 242 356
144 244 178 31 222 348 57 83 307 26 266 77 329 70 361 189 179 121 81 203
205 312 133 390 50 397 282 79 274 341 369 306 331 119 365 102 35 345 0 296
126 150 86 25 117 208 195 395 176 201 152 204 180 112 317 251 84 270 28 193
220 10 168 85 291 372 60 187 63 56 23 107 370 113 132 314 214 394 367 334
375 125 212 54 219 37 116 339 172 333 326 7 246 171 191 17 292 19 68 322
158 14 149 349 323 40 389 181 160 76 225 359 238 92 139 135 218 183 45 376
109 239 271 43 290 196 234 340 202 240 368 129 156 223 332 313 174 308 12 155
392 344 281 75 335 385 96 396 350 295 249 11 137 237 33 380 82 122 87 105
143 16 283 5 197 327 20 188 190 352 120 44 4 164 64 284 364 321 243 55
73 46 330 252 393 378 228 213 71 360 141 159 316 101 355 233 199 184 374 236
198 185 253 388 8 104 255 103 384 275 22 27 293 13 280 108 269 324 89 175
264 315 338 166 53 354 287 29 6 206 136 320 153 273 74 30 147 309 51 302
231 72 69 377 289 259 80 110 114 111 59 399 227 387 9 297 226 100 247 366
277 15 229 49 61 1 78 48 241 357 36 256 210 18 209 65 134 95 138 279
265 328 146 163 260 154 285 301 39 47 142 165 182 391 21 268 128 161 343 257
