20
284 92 61 161 109 50 269 99 251 277 55 384 354 292 125 62 142 331 381 84
383 74 106 238 364 101 264 0 332 46 325 41 361 351 210 256 223 57 197 18
63 176 370 396 334 377 93 349 70 24 373 283 241 214 79 338 314 192 152 333
189 342 73 140 27 218 115 367 343 263 206 362 374 29 12 230 235 26 127 319
100 195 9 356 321 147 328 294 220 105 394 376 133 190 88 345 47 33 355 72
300 34 389 259 113 85 157 239 201 324 215 69 216 327 340 66 71 357 320 245
363 270 20 114 242 35 222 272 298 232 94 169 148 49 25 211 51 137 39 322
191 227 297 168 226 165 45 296 344 1 108 95 172 80 182 305 312 307 97 204
358 348 194 397 143 139 386 110 58 5 30 155 83 350 135 180 213 286 310 240
56 107 278 162 311 104 67 4 217 391 186 261 202 111 15 175 258 75 22 122
219 252 395 359 134 6 102 13 346 52 136 68 131 203 32 282 54 103 289 178
207 126 208 76 379 42 288 302 78 237 316 347 281 335 196 209 38 303 44 247
19 37 8 144 276 234 98 323 170 337 290 154 119 86 87 199 279 236 330 28
368 200 225 285 271 268 229 185 360 21 96 231 81 257 329 353 164 339 304 128
313 146 301 16 160 390 273 380 181 156 193 129 253 59 243 378 31 266 150 82
138 398 280 60 228 120 64 17 77 244 262 167 118 309 254 315 130 174 274 48
116 291 177 267 11 275 184 187 224 318 295 123 91 365 299 388 188 3 40 2
336 382 198 121 23 183 260 173 10 112 7 366 124 179 248 341 372 392 158 317
205 246 385 255 53 65 352 369 149 233 371 306 43 212 141 89 308 375 171 145
221 90 151 326 393 14 159 287 387 117 163 166 153 36 249 132 293 399 250 265
