20
251 60 384 339 167 25 214 326 358 312 345 16 324 244 2 59 363 237 224 396
22 41 61 84 55 222 96 270 383 134 275 58 311 388 287 133 235 93 120 263
231 49 218 157 329 283 92 228 353 361 185 219 169 347 39 35 111 398 253 0
282 271 83 348 322 86 122 121 265 194 17 269 205 179 340 21 29 351 198 81
240 142 267 130 99 102 76 215 202 344 323 116 71 325 239 154 335 113 297 7
68 349 399 327 242 280 94 382 375 238 274 13 67 31 289 144 220 397 118 262
150 164 197 206 281 46 320 390 393 172 272 174 385 333 373 119 368 138 78 106
341 298 277 268 336 372 88 160 53 162 145 229 91 304 152 27 18 128 209 187
319 367 381 199 302 177 117 296 261 109 195 100 155 379 264 204 236 254 257 316
173 266 140 75 166 250 343 158 104 52 186 337 73 181 114 310 392 391 70 136
307 328 286 306 125 233 313 63 139 182 8 79 225 303 3 394 28 366 342 213
149 146 285 4 276 69 110 193 248 330 20 216 241 66 129 226 243 1 56 360
19 299 171 292 175 201 365 32 338 295 24 127 260 147 123 34 293 95 212 317
101 97 230 223 85 279 156 72 370 98 278 112 184 210 291 387 346 290 362 132
259 252 371 246 288 14 10 308 256 74 284 309 196 43 249 321 90 54 273 45
332 245 314 108 89 170 165 183 11 178 355 207 115 350 9 36 234 354 23 294
356 15 331 386 227 135 364 148 258 190 359 143 26 380 334 221 107 30 48 159
103 12 77 376 40 232 211 315 378 180 38 188 105 42 357 37 301 57 161 5
352 176 80 189 203 50 47 151 33 374 255 141 126 369 64 377 395 305 247 200
82 163 6 191 217 131 137 65 44 208 192 62 168 51 87 153 300 318 389 124
