20
351 132 6 368 286 82 131 253 165 244 365 339 398 191 57 140 247 297 114 196
219 29 195 278 207 325 221 100 208 184 267 304 127 381 81 11 336 396 107 152
206 85 349 371 251 40 62 198 97 180 393 360 103 359 348 164 279 8 84 171
205 294 77 89 46 312 36 68 71 21 23 15 170 76 113 156 168 26 185 162
56 220 308 32 270 161 338 135 214 49 129 242 122 266 43 167 301 361 117 112
104 34 280 137 121 54 310 238 394 88 236 350 83 166 111 19 215 218 334 128
115 52 241 317 333 194 125 226 287 385 134 50 51 59 330 155 212 55 9 65
22 288 202 225 323 320 395 58 126 307 153 392 324 229 389 159 193 255 7 239
231 355 376 108 157 91 358 169 315 250 124 86 141 378 284 18 139 314 271 364
347 17 346 120 30 260 72 245 290 176 151 306 373 331 39 14 313 362 356 174
35 258 316 232 374 388 353 343 390 190 209 177 187 217 321 116 146 148 173 341
305 78 42 299 224 213 384 292 182 74 369 272 295 257 28 60 25 118 138 335
265 249 254 1 397 256 298 283 370 326 95 98 246 87 53 269 16 289 163 5
363 172 281 375 0 179 45 154 149 227 274 322 273 282 64 144 237 300 291 391
92 311 318 211 123 372 142 99 110 101 3 192 329 377 302 13 259 44 275 102
379 262 67 109 296 327 285 366 328 387 252 197 357 216 145 181 69 119 332 37
337 183 61 33 382 345 48 263 147 63 268 240 20 344 2 200 276 31 261 24
105 106 96 342 90 12 383 380 150 277 80 201 188 79 4 175 189 352 248 94
73 203 158 75 133 160 293 178 386 234 223 136 143 228 186 340 399 264 354 93
233 27 41 130 319 47 66 38 10 70 243 309 303 210 235 204 367 230 222 199
