20
395 54 13 262 260 346 343 122 183 224 172 104 289 71 164 185 351 4 229 174
26 153 154 95 296 286 325 298 193 201 311 205 105 344 3 393 245 192 22 81
167 35 314 6 203 318 127 247 396 227 370 83 380 345 16 73 378 116 39 379
334 299 222 166 265 38 243 138 131 214 46 67 332 283 220 295 21 28 162 79
221 112 377 151 274 363 369 300 2 301 130 251 36 135 136 70 236 385 11 302
305 5 23 103 237 129 210 69 124 12 75 316 357 231 349 368 63 387 180 235
195 61 72 297 31 335 199 17 85 121 157 341 391 352 336 319 187 322 371 313
303 140 188 106 15 47 244 263 29 184 390 77 8 117 34 161 40 197 271 381
113 146 261 226 310 331 285 209 144 241 268 239 68 58 87 158 264 175 272 42
275 32 266 202 258 143 159 382 25 293 111 306 53 86 89 397 269 126 134 60
93 80 64 362 200 178 356 109 114 254 373 110 98 337 59 312 18 14 177 270
179 76 249 353 327 49 160 206 50 189 333 52 287 323 191 252 176 120 196 27
364 139 389 399 10 156 119 215 37 280 365 24 82 225 115 204 374 292 232 173
216 181 66 118 56 57 342 253 84 246 315 102 148 248 43 238 45 182 294 321
101 219 281 208 350 347 91 217 360 19 168 62 242 367 329 9 386 33 240 355
256 194 376 394 7 340 348 383 211 278 55 304 141 137 282 123 171 250 145 308
213 234 198 170 277 284 100 317 41 165 290 125 279 230 99 169 92 147 339 142
133 108 276 48 354 74 90 0 186 97 257 326 207 384 233 44 107 273 375 267
30 259 132 330 1 228 328 212 324 361 96 128 51 288 155 78 372 88 388 366
223 392 190 307 149 65 152 255 218 358 309 359 150 291 338 163 94 398 20 320
