20
110 39 58 112 214 228 2 175 341 132 314 329 392 119 67 1 127 88 106 292
371 173 236 128 379 398 162 146 6 244 261 15 309 81 92 25 271 304 232 158
174 222 46 188 334 86 298 111 191 14 10 213 55 8 65 66 310 118 234 251
327 285 177 140 152 85 179 390 57 391 97 240 24 102 198 283 194 365 35 337
9 301 367 383 374 76 18 258 161 215 79 333 17 249 26 313 122 71 202 386
120 50 394 153 21 186 315 108 300 208 130 30 324 378 100 143 201 59 295 28
209 12 182 353 217 145 37 157 229 274 312 373 101 45 96 163 129 395 242 277
281 160 372 282 360 288 299 287 4 94 82 95 279 33 113 73 241 269 62 284
125 200 105 167 389 91 0 164 328 359 270 169 250 187 303 123 253 156 291 235
183 346 180 117 259 41 36 165 83 218 239 47 124 278 237 330 74 142 226 80
216 254 144 89 343 64 69 384 381 224 7 332 141 319 176 99 248 296 335 340
245 32 48 356 247 326 393 289 31 68 286 43 54 380 307 223 206 20 151 72
93 320 29 205 275 11 238 38 149 265 396 366 44 267 212 134 78 377 23 53
321 60 221 231 51 316 185 364 339 272 40 370 220 338 168 331 382 290 56 170
75 276 196 266 178 369 399 387 211 199 3 388 154 34 207 294 348 184 385 63
375 138 262 361 159 139 192 302 344 256 166 243 197 189 70 308 252 19 354 104
114 22 264 322 171 349 181 350 195 323 210 363 190 376 84 255 230 193 87 263
397 155 297 147 358 219 135 115 306 342 27 103 317 13 98 351 345 368 352 293
137 150 318 273 225 260 148 42 357 347 257 109 305 204 133 16 311 227 362 246
77 355 116 203 126 61 268 280 90 172 121 233 107 131 49 336 136 52 325 5
