20
80 98 83 377 62 133 53 375 244 383 30 233 315 290 340 330 145 157 105 196
268 88 399 160 195 343 120 14 86 324 202 349 358 106 312 178 396 295 259 175
201 227 191 255 158 166 236 373 266 376 165 335 100 235 328 252 27 102 357 218
352 123 87 111 181 197 108 221 271 48 75 367 347 19 135 238 200 216 57 326
296 11 121 199 398 225 38 275 203 333 44 173 63 276 306 190 17 152 262 109
0 287 67 397 278 147 37 56 318 81 263 297 334 208 34 215 85 210 217 339
159 45 344 2 317 95 107 395 298 70 364 116 311 366 245 101 118 246 387 7
224 97 253 49 304 384 284 148 281 29 126 279 10 370 26 130 214 15 186 307
382 240 289 321 301 58 207 237 77 385 293 50 390 230 313 78 136 314 174 13
322 188 247 31 146 229 114 42 305 393 104 389 327 103 351 270 176 99 46 65
150 18 12 316 168 138 1 329 144 325 129 257 205 219 269 336 338 92 182 9
291 285 137 24 277 286 372 23 117 125 73 36 149 365 274 354 251 239 391 362
288 355 267 96 64 320 89 154 226 264 162 25 359 4 151 127 248 256 337 172
59 76 112 292 232 132 345 183 41 164 142 220 161 82 273 155 40 356 283 20
153 363 69 368 35 346 28 47 52 331 194 348 234 171 94 380 323 163 79 299
184 294 177 342 61 361 60 167 143 91 386 350 223 54 55 209 353 3 213 394
16 39 51 128 22 241 131 169 134 156 260 140 258 332 231 360 309 303 6 228
170 68 371 319 254 265 374 5 119 43 212 280 302 115 66 206 242 261 379 249
392 204 243 187 198 250 185 193 211 192 180 122 93 139 282 84 113 21 8 72
179 310 272 90 222 388 124 308 33 300 381 110 189 378 369 71 74 341 32 141
