20
190 311 107 333 18 318 380 291 228 28 183 232 147 381 157 198 192 373 10 347
321 33 254 113 2 149 21 141 142 155 115 43 296 396 356 214 193 284 383 99
5 156 357 398 167 56 194 268 138 374 171 143 274 281 109 91 218 272 191 0
335 309 384 72 270 22 337 184 242 102 361 306 298 54 84 368 200 148 20 360
52 240 117 230 260 225 322 213 38 287 302 245 390 248 79 352 128 152 90 393
387 331 144 76 78 19 82 209 119 372 61 314 105 289 394 14 367 385 307 334
201 13 96 154 397 399 73 301 243 312 231 159 58 250 330 55 94 308 130 46
163 340 391 87 386 66 169 224 211 9 258 362 299 315 389 80 244 343 251 39
23 265 136 294 49 89 378 35 137 103 132 177 196 345 57 382 355 210 297 324
292 300 30 51 328 267 125 290 168 388 262 208 349 238 316 189 363 6 271 280
203 392 319 278 120 139 377 187 116 221 93 217 350 165 220 233 114 131 264 212
180 81 60 41 100 101 67 37 293 395 219 197 85 178 204 15 247 176 358 34
375 304 263 98 44 259 17 229 326 237 31 336 111 50 25 123 151 77 121 215
276 365 332 110 227 59 341 216 252 122 26 68 75 170 133 104 88 275 241 48
286 249 106 29 313 182 261 153 158 16 323 71 344 325 40 166 164 186 235 207
174 327 376 364 370 64 146 27 129 24 92 236 205 379 295 47 283 253 161 195
369 338 112 206 279 359 42 172 1 173 371 226 188 202 3 366 36 348 303 346
53 181 69 175 86 185 7 4 255 257 83 162 160 145 179 246 63 32 351 269
273 320 234 12 285 317 339 310 126 353 329 118 282 266 65 74 256 108 222 150
11 134 342 124 223 97 127 277 95 305 288 354 62 45 239 135 140 70 8 199
