20
225 131 78 201 334 170 183 250 3 389 98 372 294 285 396 271 119 113 36 197
281 381 235 155 22 347 229 198 6 55 237 284 217 352 86 221 321 226 210 288
137 322 214 123 80 373 141 236 303 249 318 366 234 342 194 97 110 220 159 227
76 151 69 73 313 216 118 64 316 255 302 240 108 96 312 263 89 266 364 145
357 200 75 106 388 298 326 378 304 390 297 129 185 34 273 355 68 323 232 104
18 92 346 317 189 62 188 192 191 247 211 38 117 207 371 206 49 280 203 54
380 397 120 268 7 374 63 276 329 148 181 168 174 57 208 23 79 43 348 350
327 40 187 85 243 71 311 99 66 230 395 262 35 204 77 195 172 344 154 349
301 314 175 152 134 248 65 368 157 369 333 176 50 385 67 81 267 290 59 394
209 179 15 165 24 392 186 53 341 363 193 308 362 60 360 365 387 391 90 1
356 199 13 286 245 254 223 121 306 244 353 277 102 222 44 133 328 270 376 30
146 16 292 112 82 21 331 41 12 4 261 163 272 19 33 171 291 275 289 136
399 27 246 52 224 231 238 158 143 307 233 93 101 91 14 45 384 127 149 299
324 386 184 56 332 219 126 28 95 398 29 264 393 144 212 336 8 375 241 39
70 251 94 87 9 58 330 182 274 10 167 295 105 72 310 278 215 150 11 161
116 114 115 173 140 178 343 74 42 180 20 228 354 156 160 32 315 253 351 48
139 335 124 128 370 258 25 265 379 305 37 130 345 260 296 17 177 279 239 51
166 111 269 0 61 109 142 358 5 257 382 259 103 213 252 383 147 337 377 320
135 283 256 325 88 122 169 196 287 138 340 47 282 319 107 46 300 132 293 359
218 205 202 153 339 26 361 164 338 2 309 83 162 31 100 242 125 190 367 84
