20
213 139 175 75 102 107 204 360 96 129 15 355 0 178 140 302 46 300 70 227
373 297 228 2 39 226 239 16 351 378 273 185 314 375 265 80 274 335 284 362
82 94 8 91 350 214 323 289 324 292 232 276 277 103 382 161 117 397 218 295
68 74 186 194 181 260 73 83 164 269 188 134 148 132 252 291 95 34 245 329
202 191 370 77 37 9 342 233 38 325 100 352 93 41 377 138 317 268 184 121
62 337 326 390 210 357 267 13 59 48 212 110 171 236 72 259 115 371 242 255
158 216 98 79 386 78 42 301 303 395 12 173 43 247 340 21 219 243 31 67
90 86 26 146 388 315 122 328 298 306 99 396 33 111 45 197 222 87 359 249
308 296 399 170 118 85 126 89 278 206 6 338 131 183 147 282 168 166 336 32
229 215 153 18 392 56 294 305 368 5 71 160 353 35 293 281 30 130 207 237
283 223 156 248 304 320 172 387 345 312 119 376 61 157 203 270 241 319 179 22
266 36 205 163 200 253 104 374 330 1 334 275 151 346 372 55 174 123 69 244
347 4 116 254 318 246 3 58 14 258 17 356 364 47 50 137 288 25 224 52
125 51 49 180 23 65 333 225 20 27 88 10 154 112 187 220 379 57 221 393
192 327 97 63 208 155 150 380 261 251 133 262 280 310 44 343 142 40 92 128
109 272 136 84 124 135 279 394 29 169 127 230 287 238 195 101 209 349 162 120
389 177 398 189 19 257 167 81 105 193 199 348 365 149 381 250 322 366 114 290
271 159 28 256 144 344 240 391 264 311 385 66 106 313 152 145 234 235 7 201
176 108 307 383 113 190 64 316 141 358 143 369 384 211 231 309 24 321 60 367
332 165 217 76 11 286 53 341 198 182 361 196 331 299 354 263 339 285 54 363
