20
386 275 75 264 79 68 203 348 290 70 381 247 362 25 130 0 122 229 223 121
296 100 295 86 116 224 135 205 395 2 174 320 143 141 181 325 1 326 204 48
31 87 232 343 293 171 249 125 173 327 356 150 324 266 29 226 300 373 16 138
390 56 354 53 338 207 131 74 195 39 126 115 339 210 393 289 250 102 394 281
24 61 235 81 178 83 51 146 199 225 314 340 380 379 336 215 65 189 168 375
71 57 184 38 351 323 42 50 157 376 308 161 151 35 368 334 40 4 398 170
77 291 222 355 84 260 274 47 148 239 49 240 128 317 192 185 155 136 237 231
98 312 103 193 37 80 176 69 172 119 252 63 182 283 280 76 384 337 164 175
367 97 272 315 6 285 36 256 321 297 374 153 101 238 211 313 96 202 298 183
347 158 132 72 3 12 90 28 389 372 219 27 385 258 244 177 391 388 382 345
32 187 206 216 383 267 124 147 248 228 64 109 359 22 59 190 288 196 319 73
140 352 94 33 392 165 365 30 180 23 349 113 360 34 218 106 118 8 58 268
197 82 370 217 208 358 160 213 142 399 99 364 227 270 52 169 214 363 120 10
307 276 108 344 299 357 46 265 163 259 188 105 242 104 162 342 55 328 369 179
253 335 261 346 145 5 134 233 366 60 301 263 9 254 17 269 107 43 44 194
152 284 66 310 378 387 67 330 341 45 306 41 111 133 396 15 246 322 371 19
303 154 286 397 333 220 332 200 245 318 271 287 88 129 11 311 110 230 278 257
212 198 123 78 21 167 294 166 302 191 201 13 234 117 149 251 279 209 112 377
127 92 139 186 329 361 54 137 159 156 62 114 255 305 262 14 20 93 350 241
353 26 7 144 221 95 277 331 89 85 309 236 316 304 273 243 292 91 18 282
