20
161 82 129 69 4 122 366 207 85 231 201 233 27 35 212 357 310 5 128 398
335 365 79 175 99 132 25 333 195 302 396 367 37 399 259 115 134 94 21 186
92 379 391 285 296 328 318 340 199 245 240 304 75 348 54 393 369 306 64 164
200 167 178 208 159 40 141 265 298 110 248 244 155 324 68 33 282 20 47 66
188 353 143 86 376 238 347 43 87 114 224 360 359 368 137 180 45 145 14 49
213 344 290 30 177 303 299 338 156 275 263 148 267 39 185 358 247 246 380 149
23 315 197 116 120 170 325 172 211 229 22 157 280 91 78 109 260 342 17 97
392 151 356 131 203 0 274 271 48 147 162 384 218 243 323 254 334 266 242 77
205 60 371 217 221 313 106 198 294 337 142 80 277 196 355 29 222 372 1 130
278 61 165 252 228 123 220 230 102 216 144 373 250 311 24 146 8 88 184 395
226 104 322 150 237 262 374 73 111 223 121 191 345 15 343 194 65 41 56 317
13 19 127 72 26 272 332 90 70 46 209 93 32 314 364 270 219 108 89 261
352 330 96 283 370 119 234 126 210 301 160 251 346 10 124 341 307 383 63 179
225 257 227 305 42 288 117 59 320 83 273 297 153 190 362 100 158 236 256 269
189 36 284 394 258 101 34 84 81 351 287 28 140 139 118 308 202 62 187 52
293 389 279 136 171 204 295 11 241 176 292 51 331 152 38 289 112 309 173 281
181 3 375 276 390 168 319 154 135 214 67 268 71 174 312 138 76 18 255 182
239 12 98 50 316 166 286 264 133 6 57 291 300 326 31 385 327 192 95 354
387 113 382 381 55 253 107 206 361 215 339 9 2 336 363 58 232 329 16 388
193 125 249 105 378 169 321 53 7 183 44 350 74 163 349 386 103 377 397 235
