20
78 351 23 218 18 301 250 75 0 146 288 83 158 107 25 141 97 290 306 398
376 286 362 263 307 152 197 34 88 224 101 206 14 51 377 165 278 345 89 172
184 3 372 317 131 119 80 122 361 241 38 173 61 284 257 334 214 399 112 374
219 384 87 235 189 302 171 74 186 326 162 316 310 84 367 339 32 333 55 287
95 151 392 198 277 294 116 161 169 215 381 228 142 261 360 179 13 368 53 16
295 331 120 254 213 322 285 66 375 22 96 332 305 370 92 253 349 91 320 156
50 138 56 391 15 73 265 181 164 185 160 236 124 328 397 110 123 5 28 393
293 104 227 68 274 231 338 335 4 90 347 44 216 182 270 86 222 321 364 264
126 9 395 379 386 43 309 62 121 194 223 292 271 299 262 170 192 30 177 163
168 239 343 129 240 247 346 205 155 291 40 233 389 175 203 324 48 183 176 132
45 81 159 105 82 133 130 145 77 150 329 63 352 221 252 59 237 114 258 136
27 340 157 353 127 282 380 210 260 297 383 308 246 318 200 348 232 323 58 350
54 369 60 245 390 354 373 166 234 196 268 202 100 249 365 207 93 204 378 8
79 226 193 149 2 137 327 108 385 67 358 115 283 144 243 341 178 211 366 148
187 11 109 111 191 125 201 242 296 21 330 269 139 41 37 85 371 10 94 244
65 31 135 314 140 303 396 313 315 342 199 72 154 209 118 387 46 76 143 289
248 17 208 388 167 35 7 39 394 153 336 256 230 195 70 103 24 64 229 99
47 69 220 19 113 190 12 300 311 128 212 147 304 29 180 356 359 281 57 106
102 255 280 98 298 1 279 71 267 26 188 355 134 20 363 238 49 52 382 42
36 117 344 325 33 6 319 312 357 337 276 272 251 259 273 266 225 217 275 174
