20
380 230 30 70 379 11 42 216 253 333 94 278 247 18 140 38 183 263 88 82
258 371 134 19 65 303 109 7 198 221 350 346 167 212 115 377 277 301 27 49
64 260 120 55 10 95 193 187 368 2 353 35 173 273 169 36 261 251 145 209
254 271 235 393 80 207 359 202 58 6 215 375 361 21 186 114 171 208 33 315
312 40 172 170 234 349 390 292 189 176 255 224 319 205 325 168 365 391 309 354
63 378 4 337 388 262 265 43 197 322 293 146 67 238 60 318 3 113 288 372
165 204 29 128 307 23 154 52 392 78 342 289 76 127 383 75 34 133 313 269
376 182 339 373 232 347 149 79 270 369 210 47 308 185 108 92 66 163 286 355
98 56 158 162 1 84 174 386 282 86 153 332 48 72 218 257 9 206 389 144
41 96 74 348 338 223 104 190 317 245 357 179 343 89 281 279 159 123 274 77
37 336 259 188 111 323 345 17 366 161 175 385 395 203 45 266 302 131 91 287
217 381 129 344 101 24 31 243 39 291 143 364 44 178 362 57 151 102 384 93
28 370 276 297 195 272 106 192 321 13 244 285 256 136 200 320 199 326 399 246
267 5 341 137 396 117 107 141 225 211 340 194 15 157 316 242 294 351 71 83
112 324 132 310 367 177 122 121 213 118 126 329 237 181 16 268 248 53 311 138
85 226 300 105 328 164 280 331 152 334 50 150 314 398 135 290 382 283 335 298
116 330 284 219 222 142 356 119 191 214 295 26 139 100 90 196 299 236 99 241
54 228 264 239 397 363 8 87 352 148 103 68 25 160 155 59 240 387 327 180
275 12 124 360 62 20 14 184 233 32 305 97 304 231 374 252 81 73 358 229
46 306 250 166 22 249 394 227 125 156 61 0 296 147 69 110 51 130 201 220
